0.000000 
0.000000 
0.500000 
0.500000 
0.500000 
0.500000 
0.500000 
0.500000 
0.500000 
0.500000 
1.000000 
1.000000 
0.000000 
0.000000 
1.000000 
1.000000 
1.118034 
1.118034 
1.000000 
1.000000 
0.500000 
0.500000 
0.500000 
0.500000 
1.118034 
1.118034 
0.000000 
0.000000 
1.802776 
1.802776 
0.707107 
0.707107 
9.513149 
9.513149 
1.000000 
1.000000 
8.514693 
8.514693 
1.000000 
1.000000 
10.012492 
10.012492 
1.000000 
1.000000 
10.511898 
10.511898 
0.000000 
0.000000 
1.000000 
1.000000 
1.802776 
1.802776 
1.118034 
1.118034 
1.000000 
1.000000 
2.061553 
2.061553 
1.802776 
1.802776 
1.000000 
1.000000 
1.000000 
1.000000 
1.118034 
1.118034 
1.000000 
1.000000 
0.500000 
0.500000 
2.061553 
2.061553 
1.000000 
1.000000 
1.118034 
1.118034 
2.000000 
2.000000 
1.000000 
1.000000 
2.000000 
2.000000 
2.000000 
2.000000 
1.000000 
1.000000 
9.513149 
9.513149 
9.340771 
9.340771 
1.000000 
1.000000 
1.118034 
1.118034 
0.707107 
0.707107 
1.000000 
1.000000 
1.581139 
1.581139 
1.000000 
1.000000 
1.000000 
1.000000 
2.000000 
2.000000 
1.500000 
1.500000 
1.000000 
1.000000 
1.000000 
1.000000 
2.061553 
2.061553 
1.000000 
1.000000 
0.500000 
0.500000 
1.118034 
1.118034 
0.500000 
0.500000 
1.000000 
1.000000 
0.707107 
0.707107 
1.118034 
1.118034 
6.020797 
6.020797 
1.118034 
1.118034 
0.500000 
0.500000 
8.246211 
8.246211 
1.581139 
1.581139 
1.000000 
1.000000 
1.118034 
1.118034 
0.500000 
0.500000 
1.581139 
1.581139 
1.000000 
1.000000 
1.118034 
1.118034 
0.500000 
0.500000 
0.707107 
0.707107 
2.000000 
2.000000 
0.707107 
0.707107 
0.707107 
0.707107 
0.000000 
0.000000 
1.581139 
1.581139 
0.000000 
0.000000 
1.802776 
1.802776 
0.000000 
0.000000 
1.118034 
1.118034 
0.000000 
0.000000 
0.707107 
0.707107 
0.000000 
0.000000 
0.500000 
0.500000 
0.000000 
0.000000 
1.000000 
1.000000 
0.000000 
0.000000 
1.500000 
1.500000 
0.000000 
0.000000 
1.802776 
1.802776 
0.000000 
0.000000 
