0.000000 
0.000000 
0.000000 
0.000000 
0.000000 
0.000000 
0.000000 
0.000000 
0.500000 
0.500000 
0.000000 
0.000000 
2.061553 
2.061553 
0.000000 
0.000000 
0.707107 
0.707107 
0.000000 
0.000000 
1.000000 
1.000000 
0.500000 
0.500000 
0.500000 
0.500000 
0.707107 
0.707107 
2.236068 
2.236068 
0.500000 
0.500000 
0.707107 
0.707107 
0.500000 
0.500000 
3.041381 
3.041381 
0.500000 
0.500000 
0.000000 
0.000000 
0.500000 
0.500000 
6.000000 
6.000000 
0.500000 
0.500000 
0.000000 
0.000000 
1.118034 
1.118034 
7.158911 
7.158911 
0.500000 
0.500000 
0.500000 
0.500000 
0.500000 
0.500000 
2.500000 
2.500000 
1.000000 
1.000000 
0.707107 
0.707107 
1.118034 
1.118034 
2.500000 
2.500000 
0.500000 
0.500000 
0.707107 
0.707107 
0.000000 
0.000000 
2.549510 
2.549510 
0.707107 
0.707107 
0.500000 
0.500000 
1.500000 
1.500000 
2.549510 
2.549510 
0.500000 
0.500000 
0.500000 
0.500000 
0.707107 
0.707107 
3.354102 
3.354102 
1.500000 
1.500000 
0.500000 
0.500000 
1.000000 
1.000000 
1.802776 
1.802776 
0.500000 
0.500000 
0.500000 
0.500000 
5.000000 
5.000000 
6.082763 
6.082763 
0.500000 
0.500000 
1.000000 
1.000000 
1.000000 
1.000000 
9.552487 
9.552487 
1.000000 
1.000000 
0.500000 
0.500000 
0.000000 
0.000000 
2.000000 
2.000000 
0.500000 
0.500000 
0.500000 
0.500000 
0.000000 
0.000000 
2.000000 
2.000000 
0.500000 
0.500000 
0.000000 
0.000000 
1.118034 
1.118034 
1.802776 
1.802776 
0.500000 
0.500000 
0.707107 
0.707107 
1.581139 
1.581139 
1.802776 
1.802776 
1.000000 
1.000000 
0.707107 
0.707107 
1.500000 
1.500000 
11.401754 
11.401754 
0.707107 
0.707107 
0.500000 
0.500000 
0.500000 
0.500000 
3.162278 
3.162278 
0.500000 
0.500000 
1.118034 
1.118034 
1.414214 
1.414214 
3.905125 
3.905125 
1.500000 
1.500000 
0.500000 
0.500000 
0.500000 
0.500000 
2.061553 
2.061553 
0.707107 
0.707107 
0.707107 
0.707107 
4.272002 
4.272002 
6.670832 
6.670832 
1.000000 
1.000000 
2.061553 
2.061553 
1.414214 
1.414214 
2.236068 
2.236068 
0.500000 
0.500000 
2.236068 
2.236068 
1.118034 
1.118034 
1.581139 
1.581139 
0.500000 
0.500000 
1.414214 
1.414214 
1.118034 
1.118034 
1.581139 
1.581139 
0.500000 
0.500000 
1.414214 
1.414214 
0.500000 
0.500000 
1.118034 
1.118034 
0.000000 
0.000000 
1.581139 
1.581139 
0.500000 
0.500000 
1.118034 
1.118034 
0.000000 
0.000000 
1.118034 
1.118034 
0.707107 
0.707107 
7.017834 
7.017834 
1.000000 
1.000000 
2.549510 
2.549510 
0.500000 
0.500000 
1.118034 
1.118034 
0.707107 
0.707107 
16.007811 
16.007811 
0.500000 
0.500000 
1.118034 
1.118034 
1.000000 
1.000000 
16.007811 
16.007811 
0.500000 
0.500000 
0.000000 
0.000000 
1.000000 
1.000000 
16.007811 
16.007811 
0.707107 
0.707107 
0.500000 
0.500000 
0.000000 
0.000000 
16.007811 
16.007811 
0.500000 
0.500000 
1.118034 
1.118034 
0.707107 
0.707107 
16.007811 
16.007811 
0.500000 
0.500000 
1.414214 
1.414214 
2.061553 
2.061553 
16.007811 
16.007811 
1.118034 
1.118034 
1.118034 
1.118034 
17.613915 
17.613915 
16.007811 
16.007811 
1.118034 
1.118034 
1.118034 
1.118034 
0.000000 
0.000000 
16.007811 
16.007811 
0.500000 
0.500000 
1.118034 
1.118034 
0.000000 
0.000000 
16.007811 
16.007811 
1.000000 
1.000000 
5.385165 
5.385165 
0.500000 
0.500000 
16.007811 
16.007811 
1.118034 
1.118034 
0.500000 
0.500000 
0.500000 
0.500000 
16.007811 
16.007811 
0.500000 
0.500000 
7.500000 
7.500000 
0.000000 
0.000000 
16.007811 
16.007811 
0.500000 
0.500000 
1.118034 
1.118034 
1.000000 
1.000000 
16.007811 
16.007811 
0.000000 
0.000000 
8.062258 
8.062258 
1.118034 
1.118034 
15.008331 
15.008331 
0.707107 
0.707107 
2.061553 
2.061553 
0.707107 
0.707107 
0.500000 
0.500000 
0.500000 
0.500000 
2.061553 
2.061553 
0.500000 
0.500000 
0.000000 
0.000000 
0.000000 
0.000000 
1.802776 
1.802776 
2.061553 
2.061553 
0.500000 
0.500000 
0.500000 
0.500000 
0.707107 
0.707107 
0.000000 
0.000000 
2.061553 
2.061553 
0.500000 
0.500000 
0.000000 
0.000000 
1.118034 
1.118034 
0.500000 
0.500000 
16.007811 
16.007811 
0.500000 
0.500000 
