0.000000 
0.000000 
3.535534 
3.535534 
2.061553 
2.061553 
0.707107 
0.707107 
0.707107 
0.707107 
1.118034 
1.118034 
0.707107 
0.707107 
1.118034 
1.118034 
1.500000 
1.500000 
2.549510 
2.549510 
0.707107 
0.707107 
2.000000 
2.000000 
1.118034 
1.118034 
10.547512 
10.547512 
2.061553 
2.061553 
2.692582 
2.692582 
3.640055 
3.640055 
4.000000 
4.000000 
3.535534 
3.535534 
2.500000 
2.500000 
7.000000 
7.000000 
2.236068 
2.236068 
3.041381 
3.041381 
4.743416 
4.743416 
3.535534 
3.535534 
4.527693 
4.527693 
2.549510 
2.549510 
1.802776 
1.802776 
0.707107 
0.707107 
6.576473 
6.576473 
1.118034 
1.118034 
1.581139 
1.581139 
2.500000 
2.500000 
2.000000 
2.000000 
2.000000 
2.000000 
3.000000 
3.000000 
3.041381 
3.041381 
3.640055 
3.640055 
9.013878 
9.013878 
2.000000 
2.000000 
2.236068 
2.236068 
3.535534 
3.535534 
2.500000 
2.500000 
4.609772 
4.609772 
3.041381 
3.041381 
2.500000 
2.500000 
1.000000 
1.000000 
