0.000000 
0.000000 
2.236068 
2.236068 
0.500000 
0.500000 
2.236068 
2.236068 
2.000000 
2.000000 
6.500000 
6.500000 
1.581139 
1.581139 
1.500000 
1.500000 
1.118034 
1.118034 
1.581139 
1.581139 
2.061553 
2.061553 
0.707107 
0.707107 
1.500000 
1.500000 
1.000000 
1.000000 
1.414214 
1.414214 
0.500000 
0.500000 
1.414214 
1.414214 
5.220153 
5.220153 
1.802776 
1.802776 
2.692582 
2.692582 
2.500000 
2.500000 
1.802776 
1.802776 
1.118034 
1.118034 
0.707107 
0.707107 
2.692582 
2.692582 
1.118034 
1.118034 
1.581139 
1.581139 
4.500000 
4.500000 
0.707107 
0.707107 
0.500000 
0.500000 
0.500000 
0.500000 
0.500000 
0.500000 
0.500000 
0.500000 
0.707107 
0.707107 
1.802776 
1.802776 
2.500000 
2.500000 
2.061553 
2.061553 
1.000000 
1.000000 
2.061553 
2.061553 
2.236068 
2.236068 
1.414214 
1.414214 
0.500000 
0.500000 
0.707107 
0.707107 
4.031129 
4.031129 
1.500000 
1.500000 
1.581139 
1.581139 
0.707107 
0.707107 
0.500000 
0.500000 
0.500000 
0.500000 
