0.000000 
0.000000 
0.000000 
0.000000 
4.123106 
4.123106 
1.802776 
1.802776 
4.472136 
4.472136 
10.594810 
10.594810 
1.500000 
1.500000 
10.594810 
10.594810 
0.707107 
0.707107 
10.594810 
10.594810 
1.000000 
1.000000 
10.594810 
10.594810 
0.000000 
0.000000 
6.500000 
6.500000 
9.433981 
9.433981 
0.000000 
0.000000 
0.000000 
0.000000 
1.581139 
1.581139 
1.118034 
1.118034 
0.000000 
0.000000 
0.000000 
0.000000 
1.414214 
1.414214 
0.707107 
0.707107 
0.000000 
0.000000 
0.000000 
0.000000 
0.000000 
0.000000 
9.513149 
9.513149 
0.000000 
0.000000 
4.716991 
4.716991 
0.500000 
0.500000 
0.000000 
0.000000 
2.000000 
2.000000 
4.527693 
4.527693 
4.123106 
4.123106 
0.000000 
0.000000 
0.000000 
0.000000 
6.020797 
6.020797 
1.118034 
1.118034 
4.123106 
4.123106 
1.000000 
1.000000 
0.000000 
0.000000 
1.802776 
1.802776 
0.500000 
0.500000 
0.000000 
0.000000 
4.123106 
4.123106 
0.000000 
0.000000 
0.000000 
0.000000 
1.414214 
1.414214 
0.707107 
0.707107 
2.000000 
2.000000 
4.123106 
4.123106 
0.500000 
0.500000 
0.000000 
0.000000 
1.118034 
1.118034 
1.118034 
1.118034 
1.000000 
1.000000 
4.123106 
4.123106 
0.000000 
0.000000 
0.000000 
0.000000 
0.707107 
0.707107 
1.118034 
1.118034 
0.707107 
0.707107 
4.123106 
4.123106 
0.500000 
0.500000 
0.000000 
0.000000 
1.000000 
1.000000 
1.000000 
1.000000 
0.707107 
0.707107 
4.123106 
4.123106 
0.000000 
0.000000 
0.000000 
0.000000 
1.000000 
1.000000 
2.915476 
2.915476 
0.707107 
0.707107 
4.123106 
4.123106 
0.500000 
0.500000 
0.000000 
0.000000 
1.000000 
1.000000 
3.500000 
3.500000 
0.707107 
0.707107 
4.123106 
4.123106 
2.000000 
2.000000 
0.000000 
0.000000 
1.000000 
1.000000 
3.500000 
3.500000 
0.707107 
0.707107 
4.123106 
4.123106 
0.000000 
0.000000 
0.000000 
0.000000 
1.000000 
1.000000 
3.500000 
3.500000 
0.707107 
0.707107 
4.123106 
4.123106 
0.000000 
0.000000 
1.000000 
1.000000 
3.500000 
3.500000 
0.707107 
0.707107 
4.123106 
4.123106 
0.000000 
0.000000 
1.000000 
1.000000 
12.165525 
12.165525 
0.707107 
0.707107 
4.123106 
4.123106 
0.500000 
0.500000 
17.557050 
17.557050 
0.707107 
0.707107 
0.707107 
0.707107 
4.123106 
4.123106 
0.500000 
0.500000 
1.000000 
1.000000 
0.500000 
0.500000 
0.707107 
0.707107 
4.123106 
4.123106 
0.000000 
0.000000 
1.118034 
1.118034 
4.000000 
4.000000 
0.707107 
0.707107 
0.500000 
0.500000 
1.000000 
1.000000 
0.500000 
0.500000 
0.707107 
0.707107 
0.500000 
0.500000 
0.707107 
0.707107 
1.414214 
1.414214 
0.707107 
0.707107 
0.500000 
0.500000 
1.581139 
1.581139 
1.118034 
1.118034 
0.707107 
0.707107 
0.500000 
0.500000 
13.009612 
13.009612 
1.118034 
1.118034 
0.707107 
0.707107 
0.500000 
0.500000 
1.414214 
1.414214 
6.082763 
6.082763 
0.000000 
0.000000 
1.414214 
1.414214 
0.707107 
0.707107 
0.500000 
0.500000 
0.500000 
0.500000 
1.000000 
1.000000 
0.000000 
0.000000 
6.020797 
6.020797 
2.000000 
2.000000 
0.500000 
0.500000 
6.082763 
6.082763 
1.500000 
1.500000 
0.000000 
0.000000 
0.500000 
0.500000 
1.118034 
1.118034 
0.500000 
0.500000 
8.514693 
8.514693 
0.000000 
0.000000 
0.000000 
0.000000 
1.581139 
1.581139 
1.000000 
1.000000 
0.000000 
0.000000 
0.500000 
0.500000 
1.581139 
1.581139 
1.414214 
1.414214 
2.915476 
2.915476 
0.000000 
0.000000 
3.162278 
3.162278 
1.118034 
1.118034 
2.915476 
2.915476 
0.707107 
0.707107 
1.500000 
1.500000 
3.354102 
3.354102 
0.500000 
0.500000 
0.000000 
0.000000 
0.000000 
0.000000 
2.828427 
2.828427 
1.000000 
1.000000 
0.000000 
0.000000 
0.707107 
0.707107 
2.121320 
2.121320 
0.500000 
0.500000 
0.500000 
0.500000 
1.000000 
1.000000 
1.118034 
1.118034 
1.118034 
1.118034 
0.500000 
0.500000 
0.500000 
0.500000 
7.500000 
7.500000 
0.000000 
0.000000 
1.118034 
1.118034 
0.500000 
0.500000 
1.581139 
1.581139 
2.549510 
2.549510 
0.000000 
0.000000 
1.118034 
1.118034 
0.500000 
0.500000 
0.707107 
0.707107 
2.236068 
2.236068 
0.000000 
0.000000 
1.118034 
1.118034 
0.000000 
0.000000 
1.000000 
1.000000 
2.000000 
2.000000 
0.000000 
0.000000 
1.118034 
1.118034 
0.000000 
0.000000 
1.802776 
1.802776 
10.198039 
10.198039 
