0.000000 
0.000000 
0.000000 
0.000000 
0.000000 
0.000000 
0.000000 
0.000000 
0.500000 
0.500000 
0.500000 
0.500000 
0.000000 
0.000000 
0.500000 
0.500000 
0.000000 
0.000000 
0.000000 
0.000000 
1.500000 
1.500000 
0.707107 
0.707107 
0.000000 
0.000000 
0.500000 
0.500000 
0.707107 
0.707107 
0.000000 
0.000000 
1.500000 
1.500000 
0.500000 
0.500000 
0.000000 
0.000000 
6.500000 
6.500000 
0.707107 
0.707107 
0.000000 
0.000000 
0.500000 
0.500000 
1.581139 
1.581139 
0.000000 
0.000000 
0.500000 
0.500000 
1.118034 
1.118034 
0.000000 
0.000000 
1.000000 
1.000000 
2.000000 
2.000000 
0.000000 
0.000000 
1.000000 
1.000000 
6.041523 
6.041523 
0.000000 
0.000000 
0.500000 
0.500000 
3.535534 
3.535534 
0.000000 
0.000000 
0.707107 
0.707107 
3.041381 
3.041381 
0.000000 
0.000000 
0.000000 
0.000000 
1.118034 
1.118034 
0.000000 
0.000000 
0.500000 
0.500000 
14.317821 
14.317821 
0.000000 
0.000000 
1.500000 
1.500000 
0.500000 
0.500000 
1.581139 
1.581139 
0.000000 
0.000000 
0.500000 
0.500000 
1.500000 
1.500000 
0.000000 
0.000000 
0.500000 
0.500000 
0.707107 
0.707107 
0.000000 
0.000000 
0.500000 
0.500000 
1.118034 
1.118034 
0.000000 
0.000000 
0.500000 
0.500000 
1.000000 
1.000000 
0.000000 
0.000000 
1.118034 
1.118034 
1.581139 
1.581139 
0.000000 
0.000000 
0.707107 
0.707107 
0.500000 
0.500000 
0.000000 
0.000000 
1.000000 
1.000000 
0.707107 
0.707107 
0.000000 
0.000000 
0.500000 
0.500000 
1.118034 
1.118034 
0.000000 
0.000000 
1.000000 
1.000000 
1.118034 
1.118034 
0.000000 
0.000000 
0.500000 
0.500000 
1.118034 
1.118034 
0.000000 
0.000000 
0.500000 
0.500000 
0.500000 
0.500000 
0.000000 
0.000000 
0.500000 
0.500000 
0.707107 
0.707107 
0.000000 
0.000000 
0.500000 
0.500000 
0.707107 
0.707107 
0.000000 
0.000000 
0.500000 
0.500000 
0.707107 
0.707107 
0.000000 
0.000000 
0.500000 
0.500000 
0.707107 
0.707107 
0.500000 
0.500000 
0.707107 
0.707107 
0.000000 
0.000000 
0.500000 
0.500000 
0.707107 
0.707107 
0.000000 
0.000000 
0.500000 
0.500000 
0.707107 
0.707107 
1.000000 
1.000000 
0.500000 
0.500000 
0.707107 
0.707107 
0.500000 
0.500000 
0.500000 
0.500000 
0.707107 
0.707107 
1.118034 
1.118034 
0.500000 
0.500000 
0.707107 
0.707107 
1.118034 
1.118034 
0.500000 
0.500000 
0.707107 
0.707107 
0.000000 
0.000000 
0.500000 
0.500000 
18.973666 
18.973666 
1.118034 
1.118034 
0.500000 
0.500000 
1.414214 
1.414214 
0.000000 
0.000000 
2.000000 
2.000000 
0.707107 
0.707107 
1.500000 
1.500000 
1.118034 
1.118034 
1.802776 
1.802776 
0.500000 
0.500000 
1.414214 
1.414214 
0.000000 
0.000000 
1.414214 
1.414214 
0.000000 
0.000000 
1.414214 
1.414214 
0.707107 
0.707107 
1.414214 
1.414214 
8.514693 
8.514693 
6.500000 
6.500000 
