0.000000 
0.000000 
0.000000 
0.000000 
0.000000 
0.000000 
7.566373 
7.566373 
1.500000 
1.500000 
1.500000 
1.500000 
10.511898 
10.511898 
1.118034 
1.118034 
1.000000 
1.000000 
1.118034 
1.118034 
1.000000 
1.000000 
0.707107 
0.707107 
2.692582 
2.692582 
0.707107 
0.707107 
0.500000 
0.500000 
3.000000 
3.000000 
0.707107 
0.707107 
0.707107 
0.707107 
12.500000 
12.500000 
8.139410 
8.139410 
5.099020 
5.099020 
2.549510 
2.549510 
0.000000 
0.000000 
0.500000 
0.500000 
1.500000 
1.500000 
0.500000 
0.500000 
1.118034 
1.118034 
2.500000 
2.500000 
1.000000 
1.000000 
0.500000 
0.500000 
2.500000 
2.500000 
0.500000 
0.500000 
1.118034 
1.118034 
2.692582 
2.692582 
0.707107 
0.707107 
0.500000 
0.500000 
2.236068 
2.236068 
0.500000 
0.500000 
1.000000 
1.000000 
2.121320 
2.121320 
0.000000 
0.000000 
0.500000 
0.500000 
2.121320 
2.121320 
0.500000 
0.500000 
1.118034 
1.118034 
2.121320 
2.121320 
0.500000 
0.500000 
1.581139 
1.581139 
2.121320 
2.121320 
0.000000 
0.000000 
1.000000 
1.000000 
2.121320 
2.121320 
0.000000 
0.000000 
1.000000 
1.000000 
2.121320 
2.121320 
0.500000 
0.500000 
3.354102 
3.354102 
2.121320 
2.121320 
0.500000 
0.500000 
3.041381 
3.041381 
2.121320 
2.121320 
0.000000 
0.000000 
1.000000 
1.000000 
2.121320 
2.121320 
0.000000 
0.000000 
5.000000 
5.000000 
2.121320 
2.121320 
0.000000 
0.000000 
1.414214 
1.414214 
2.121320 
2.121320 
0.000000 
0.000000 
1.118034 
1.118034 
2.121320 
2.121320 
0.500000 
0.500000 
0.000000 
0.000000 
2.121320 
2.121320 
0.000000 
0.000000 
0.707107 
0.707107 
2.121320 
2.121320 
0.000000 
0.000000 
1.118034 
1.118034 
2.121320 
2.121320 
0.000000 
0.000000 
0.000000 
0.000000 
0.000000 
0.000000 
0.500000 
0.500000 
0.000000 
0.000000 
0.500000 
0.500000 
0.000000 
0.000000 
0.707107 
0.707107 
0.500000 
0.500000 
0.707107 
0.707107 
0.500000 
0.500000 
0.500000 
0.500000 
7.017834 
7.017834 
1.414214 
1.414214 
0.000000 
0.000000 
1.581139 
1.581139 
0.000000 
0.000000 
2.549510 
2.549510 
0.707107 
0.707107 
2.061553 
2.061553 
0.000000 
0.000000 
1.500000 
1.500000 
0.500000 
0.500000 
6.519202 
6.519202 
0.500000 
0.500000 
1.500000 
1.500000 
7.071068 
7.071068 
1.118034 
1.118034 
0.500000 
0.500000 
1.581139 
1.581139 
0.000000 
0.000000 
1.581139 
1.581139 
0.000000 
0.000000 
1.000000 
1.000000 
0.500000 
0.500000 
0.000000 
0.000000 
0.000000 
0.000000 
1.118034 
1.118034 
0.500000 
0.500000 
0.707107 
0.707107 
0.000000 
0.000000 
0.500000 
0.500000 
0.000000 
0.000000 
0.500000 
0.500000 
