0.000000 
0.000000 
12.419742 
12.419742 
4.123106 
4.123106 
3.640055 
3.640055 
1.581139 
1.581139 
0.000000 
0.000000 
0.500000 
0.500000 
1.000000 
1.000000 
0.500000 
0.500000 
1.414214 
1.414214 
0.500000 
0.500000 
0.000000 
0.000000 
1.414214 
1.414214 
0.500000 
0.500000 
11.011358 
11.011358 
1.414214 
1.414214 
0.500000 
0.500000 
1.118034 
1.118034 
1.414214 
1.414214 
0.500000 
0.500000 
1.500000 
1.500000 
1.414214 
1.414214 
0.500000 
0.500000 
20.524376 
20.524376 
1.414214 
1.414214 
0.500000 
0.500000 
2.500000 
2.500000 
1.414214 
1.414214 
0.500000 
0.500000 
0.000000 
0.000000 
2.500000 
2.500000 
1.414214 
1.414214 
19.506409 
19.506409 
6.576473 
6.576473 
2.500000 
2.500000 
1.414214 
1.414214 
1.581139 
1.581139 
0.500000 
0.500000 
2.500000 
2.500000 
1.414214 
1.414214 
1.581139 
1.581139 
6.000000 
6.000000 
2.500000 
2.500000 
1.414214 
1.414214 
2.061553 
2.061553 
1.118034 
1.118034 
2.500000 
2.500000 
1.414214 
1.414214 
1.500000 
1.500000 
1.118034 
1.118034 
2.500000 
2.500000 
1.414214 
1.414214 
1.500000 
1.500000 
9.513149 
9.513149 
2.500000 
2.500000 
1.414214 
1.414214 
2.236068 
2.236068 
0.707107 
0.707107 
2.500000 
2.500000 
1.414214 
1.414214 
1.118034 
1.118034 
1.118034 
1.118034 
2.500000 
2.500000 
0.500000 
0.500000 
1.118034 
1.118034 
2.500000 
2.500000 
0.000000 
0.000000 
0.500000 
0.500000 
2.500000 
2.500000 
0.707107 
0.707107 
0.707107 
0.707107 
2.500000 
2.500000 
1.118034 
1.118034 
1.118034 
1.118034 
2.500000 
2.500000 
0.500000 
0.500000 
7.158911 
7.158911 
2.500000 
2.500000 
1.118034 
1.118034 
7.648529 
7.648529 
1.581139 
1.581139 
1.581139 
1.581139 
1.802776 
1.802776 
0.707107 
0.707107 
1.581139 
1.581139 
0.707107 
0.707107 
0.707107 
0.707107 
0.707107 
0.707107 
1.000000 
1.000000 
0.707107 
0.707107 
1.118034 
1.118034 
1.000000 
1.000000 
1.414214 
1.414214 
1.118034 
1.118034 
5.522681 
5.522681 
2.000000 
2.000000 
0.500000 
0.500000 
1.802776 
1.802776 
1.000000 
1.000000 
9.055385 
9.055385 
0.707107 
0.707107 
11.313708 
11.313708 
1.118034 
1.118034 
3.000000 
3.000000 
1.118034 
1.118034 
2.000000 
2.000000 
0.707107 
0.707107 
3.605551 
3.605551 
0.707107 
0.707107 
3.041381 
3.041381 
11.543396 
11.543396 
3.041381 
3.041381 
3.640055 
3.640055 
3.041381 
3.041381 
2.500000 
2.500000 
0.000000 
0.000000 
3.041381 
3.041381 
8.500000 
8.500000 
2.500000 
2.500000 
3.041381 
3.041381 
0.707107 
0.707107 
1.118034 
1.118034 
3.041381 
3.041381 
1.000000 
1.000000 
