0.000000 
0.000000 
0.000000 
0.000000 
0.000000 
0.000000 
0.000000 
0.000000 
0.000000 
0.000000 
0.000000 
0.000000 
0.000000 
0.000000 
0.707107 
0.707107 
4.272002 
4.272002 
13.200379 
13.200379 
0.707107 
0.707107 
1.118034 
1.118034 
0.707107 
0.707107 
1.500000 
1.500000 
0.707107 
0.707107 
4.031129 
4.031129 
1.118034 
1.118034 
11.011358 
11.011358 
1.118034 
1.118034 
1.000000 
1.000000 
9.055385 
9.055385 
0.000000 
0.000000 
4.272002 
4.272002 
0.707107 
0.707107 
1.000000 
1.000000 
2.061553 
2.061553 
1.500000 
1.500000 
0.000000 
0.000000 
0.000000 
0.000000 
1.000000 
1.000000 
0.707107 
0.707107 
4.272002 
4.272002 
0.500000 
0.500000 
11.543396 
11.543396 
0.500000 
0.500000 
1.000000 
1.000000 
8.246211 
8.246211 
2.549510 
2.549510 
1.500000 
1.500000 
0.000000 
0.000000 
4.272002 
4.272002 
1.000000 
1.000000 
1.118034 
1.118034 
1.118034 
1.118034 
3.807887 
3.807887 
12.747549 
12.747549 
5.024938 
5.024938 
0.000000 
0.000000 
0.000000 
0.000000 
4.272002 
4.272002 
1.000000 
1.000000 
0.000000 
0.000000 
0.500000 
0.500000 
0.000000 
0.000000 
0.000000 
0.000000 
12.747549 
12.747549 
5.024938 
5.024938 
0.500000 
0.500000 
0.707107 
0.707107 
7.615773 
7.615773 
2.500000 
2.500000 
0.707107 
0.707107 
1.000000 
1.000000 
1.118034 
1.118034 
0.000000 
0.000000 
12.747549 
12.747549 
5.024938 
5.024938 
0.500000 
0.500000 
0.000000 
0.000000 
5.315073 
5.315073 
2.061553 
2.061553 
1.802776 
1.802776 
1.000000 
1.000000 
0.707107 
0.707107 
0.000000 
0.000000 
0.000000 
0.000000 
12.747549 
12.747549 
5.024938 
5.024938 
0.500000 
0.500000 
0.000000 
0.000000 
5.315073 
5.315073 
2.692582 
2.692582 
1.000000 
1.000000 
0.500000 
0.500000 
0.500000 
0.500000 
2.500000 
2.500000 
0.000000 
0.000000 
12.747549 
12.747549 
5.024938 
5.024938 
0.500000 
0.500000 
0.500000 
0.500000 
5.315073 
5.315073 
1.414214 
1.414214 
0.707107 
0.707107 
0.500000 
0.500000 
0.000000 
0.000000 
2.500000 
2.500000 
0.000000 
0.000000 
8.321658 
8.321658 
0.500000 
0.500000 
1.118034 
1.118034 
0.707107 
0.707107 
5.315073 
5.315073 
1.414214 
1.414214 
0.707107 
0.707107 
0.500000 
0.500000 
0.000000 
0.000000 
2.500000 
2.500000 
0.000000 
0.000000 
0.500000 
0.500000 
1.500000 
1.500000 
0.500000 
0.500000 
0.000000 
0.000000 
5.315073 
5.315073 
0.500000 
0.500000 
0.500000 
0.500000 
0.500000 
0.500000 
0.000000 
0.000000 
2.500000 
2.500000 
0.000000 
0.000000 
2.121320 
2.121320 
9.552487 
9.552487 
0.500000 
0.500000 
0.500000 
0.500000 
5.315073 
5.315073 
4.609772 
4.609772 
1.414214 
1.414214 
2.000000 
2.000000 
1.000000 
1.000000 
2.500000 
2.500000 
0.000000 
0.000000 
8.062258 
8.062258 
1.500000 
1.500000 
8.514693 
8.514693 
0.500000 
0.500000 
5.315073 
5.315073 
1.118034 
1.118034 
1.414214 
1.414214 
2.500000 
2.500000 
0.000000 
0.000000 
2.500000 
2.500000 
0.000000 
0.000000 
9.013878 
9.013878 
1.118034 
1.118034 
12.419742 
12.419742 
0.500000 
0.500000 
5.315073 
5.315073 
1.118034 
1.118034 
0.707107 
0.707107 
3.000000 
3.000000 
0.707107 
0.707107 
2.500000 
2.500000 
0.000000 
0.000000 
16.507574 
16.507574 
3.354102 
3.354102 
0.707107 
0.707107 
0.500000 
0.500000 
5.315073 
5.315073 
0.000000 
0.000000 
1.118034 
1.118034 
10.606602 
10.606602 
1.581139 
1.581139 
2.500000 
2.500000 
0.000000 
0.000000 
5.315073 
5.315073 
1.500000 
1.500000 
0.707107 
0.707107 
0.500000 
0.500000 
5.315073 
5.315073 
0.000000 
0.000000 
0.707107 
0.707107 
1.118034 
1.118034 
0.707107 
0.707107 
0.000000 
0.000000 
2.500000 
2.500000 
0.000000 
0.000000 
0.000000 
0.000000 
11.045361 
11.045361 
0.707107 
0.707107 
0.500000 
0.500000 
5.315073 
5.315073 
0.000000 
0.000000 
0.500000 
0.500000 
6.264982 
6.264982 
5.590170 
5.590170 
16.401219 
16.401219 
2.500000 
2.500000 
0.000000 
0.000000 
0.000000 
0.000000 
3.041381 
3.041381 
0.707107 
0.707107 
7.017834 
7.017834 
5.315073 
5.315073 
0.000000 
0.000000 
0.707107 
0.707107 
0.500000 
0.500000 
1.118034 
1.118034 
1.000000 
1.000000 
2.500000 
2.500000 
0.000000 
0.000000 
0.000000 
0.000000 
3.041381 
3.041381 
0.707107 
0.707107 
7.017834 
7.017834 
5.315073 
5.315073 
0.500000 
0.500000 
0.500000 
0.500000 
0.707107 
0.707107 
0.500000 
0.500000 
1.581139 
1.581139 
2.500000 
2.500000 
0.000000 
0.000000 
0.000000 
0.000000 
2.236068 
2.236068 
0.707107 
0.707107 
7.017834 
7.017834 
5.315073 
5.315073 
0.000000 
0.000000 
0.500000 
0.500000 
1.414214 
1.414214 
3.041381 
3.041381 
1.581139 
1.581139 
2.500000 
2.500000 
0.000000 
0.000000 
10.307764 
10.307764 
0.707107 
0.707107 
7.017834 
7.017834 
5.315073 
5.315073 
0.000000 
0.000000 
0.707107 
0.707107 
1.118034 
1.118034 
1.000000 
1.000000 
1.581139 
1.581139 
2.500000 
2.500000 
0.000000 
0.000000 
4.716991 
4.716991 
0.707107 
0.707107 
7.017834 
7.017834 
0.000000 
0.000000 
1.414214 
1.414214 
2.915476 
2.915476 
2.500000 
2.500000 
1.581139 
1.581139 
2.500000 
2.500000 
0.000000 
0.000000 
2.236068 
2.236068 
0.707107 
0.707107 
7.017834 
7.017834 
0.000000 
0.000000 
0.707107 
0.707107 
0.707107 
0.707107 
2.549510 
2.549510 
1.581139 
1.581139 
0.000000 
0.000000 
6.324555 
6.324555 
0.707107 
0.707107 
7.017834 
7.017834 
0.000000 
0.000000 
1.802776 
1.802776 
3.201562 
3.201562 
5.315073 
5.315073 
0.000000 
0.000000 
0.000000 
0.000000 
16.568042 
16.568042 
0.000000 
0.000000 
9.219544 
9.219544 
0.707107 
0.707107 
7.017834 
7.017834 
0.500000 
0.500000 
1.414214 
1.414214 
1.802776 
1.802776 
5.315073 
5.315073 
3.354102 
3.354102 
10.688779 
10.688779 
16.070159 
16.070159 
0.000000 
0.000000 
3.905125 
3.905125 
0.707107 
0.707107 
7.017834 
7.017834 
0.500000 
0.500000 
1.414214 
1.414214 
2.236068 
2.236068 
5.315073 
5.315073 
3.000000 
3.000000 
3.640055 
3.640055 
16.070159 
16.070159 
0.000000 
0.000000 
2.915476 
2.915476 
0.707107 
0.707107 
7.017834 
7.017834 
0.500000 
0.500000 
3.000000 
3.000000 
0.707107 
0.707107 
5.315073 
5.315073 
3.000000 
3.000000 
3.640055 
3.640055 
19.525624 
19.525624 
0.000000 
0.000000 
14.080128 
14.080128 
0.707107 
0.707107 
7.017834 
7.017834 
0.000000 
0.000000 
3.041381 
3.041381 
7.566373 
7.566373 
5.315073 
5.315073 
0.000000 
0.000000 
3.000000 
3.000000 
3.640055 
3.640055 
19.525624 
19.525624 
0.000000 
0.000000 
1.118034 
1.118034 
0.707107 
0.707107 
7.017834 
7.017834 
0.000000 
0.000000 
1.000000 
1.000000 
0.000000 
0.000000 
5.315073 
5.315073 
2.236068 
2.236068 
3.000000 
3.000000 
3.640055 
3.640055 
19.525624 
19.525624 
0.000000 
0.000000 
2.915476 
2.915476 
7.017834 
7.017834 
0.000000 
0.000000 
4.272002 
4.272002 
0.500000 
0.500000 
5.315073 
5.315073 
4.031129 
4.031129 
3.000000 
3.000000 
3.640055 
3.640055 
19.525624 
19.525624 
0.000000 
0.000000 
2.915476 
2.915476 
7.017834 
7.017834 
1.118034 
1.118034 
1.000000 
1.000000 
1.000000 
1.000000 
5.315073 
5.315073 
3.354102 
3.354102 
3.000000 
3.000000 
3.640055 
3.640055 
19.525624 
19.525624 
15.000000 
15.000000 
7.017834 
7.017834 
0.707107 
0.707107 
1.000000 
1.000000 
1.000000 
1.000000 
5.315073 
5.315073 
2.061553 
2.061553 
3.000000 
3.000000 
3.640055 
3.640055 
19.525624 
19.525624 
1.581139 
1.581139 
1.581139 
1.581139 
1.000000 
1.000000 
1.000000 
1.000000 
5.315073 
5.315073 
3.640055 
3.640055 
3.000000 
3.000000 
3.640055 
3.640055 
19.525624 
19.525624 
1.118034 
1.118034 
0.707107 
0.707107 
1.000000 
1.000000 
1.118034 
1.118034 
5.315073 
5.315073 
0.000000 
0.000000 
3.640055 
3.640055 
3.000000 
3.000000 
3.640055 
3.640055 
19.525624 
19.525624 
0.707107 
0.707107 
0.000000 
0.000000 
1.000000 
1.000000 
0.500000 
0.500000 
5.315073 
5.315073 
8.062258 
8.062258 
3.640055 
3.640055 
3.000000 
3.000000 
3.640055 
3.640055 
19.525624 
19.525624 
13.583078 
13.583078 
17.528548 
17.528548 
1.000000 
1.000000 
1.000000 
1.000000 
5.315073 
5.315073 
1.581139 
1.581139 
3.640055 
3.640055 
3.000000 
3.000000 
3.640055 
3.640055 
19.525624 
19.525624 
0.500000 
0.500000 
1.118034 
1.118034 
1.000000 
1.000000 
5.522681 
5.522681 
5.315073 
5.315073 
1.802776 
1.802776 
3.640055 
3.640055 
3.000000 
3.000000 
3.640055 
3.640055 
19.525624 
19.525624 
8.246211 
8.246211 
0.000000 
0.000000 
1.000000 
1.000000 
1.000000 
1.000000 
5.315073 
5.315073 
2.000000 
2.000000 
3.640055 
3.640055 
3.000000 
3.000000 
3.640055 
3.640055 
19.525624 
19.525624 
2.236068 
2.236068 
0.500000 
0.500000 
1.000000 
1.000000 
1.581139 
1.581139 
8.246211 
8.246211 
3.640055 
3.640055 
3.000000 
3.000000 
3.640055 
3.640055 
19.525624 
19.525624 
2.000000 
2.000000 
1.118034 
1.118034 
1.000000 
1.000000 
1.581139 
1.581139 
0.000000 
0.000000 
0.000000 
0.000000 
2.500000 
2.500000 
3.640055 
3.640055 
3.000000 
3.000000 
3.640055 
3.640055 
19.525624 
19.525624 
1.118034 
1.118034 
0.500000 
0.500000 
1.000000 
1.000000 
2.061553 
2.061553 
1.118034 
1.118034 
0.000000 
0.000000 
3.640055 
3.640055 
3.640055 
3.640055 
19.525624 
19.525624 
0.707107 
0.707107 
1.414214 
1.414214 
1.000000 
1.000000 
3.640055 
3.640055 
0.000000 
0.000000 
1.000000 
1.000000 
0.000000 
0.000000 
1.000000 
1.000000 
8.732125 
8.732125 
8.062258 
8.062258 
1.118034 
1.118034 
1.000000 
1.000000 
1.500000 
1.500000 
3.605551 
3.605551 
1.000000 
1.000000 
0.000000 
0.000000 
12.854960 
12.854960 
2.236068 
2.236068 
1.414214 
1.414214 
1.000000 
1.000000 
1.000000 
1.000000 
2.692582 
2.692582 
4.301163 
4.301163 
1.118034 
1.118034 
0.000000 
0.000000 
0.707107 
0.707107 
1.414214 
1.414214 
2.500000 
2.500000 
8.015610 
8.015610 
1.000000 
1.000000 
0.707107 
0.707107 
0.000000 
0.000000 
6.103278 
6.103278 
1.581139 
1.581139 
0.000000 
0.000000 
0.707107 
0.707107 
0.500000 
0.500000 
2.236068 
2.236068 
0.500000 
0.500000 
12.971122 
12.971122 
1.118034 
1.118034 
3.000000 
3.000000 
1.000000 
1.000000 
0.000000 
0.000000 
1.802776 
1.802776 
0.707107 
0.707107 
11.543396 
11.543396 
0.500000 
0.500000 
0.707107 
0.707107 
1.118034 
1.118034 
1.581139 
1.581139 
0.500000 
0.500000 
0.000000 
0.000000 
1.414214 
1.414214 
0.000000 
0.000000 
1.118034 
1.118034 
0.500000 
0.500000 
1.500000 
1.500000 
