0.000000 
0.000000 
1.500000 
1.500000 
1.118034 
1.118034 
0.707107 
0.707107 
0.707107 
0.707107 
0.707107 
0.707107 
0.707107 
0.707107 
0.707107 
0.707107 
0.707107 
0.707107 
0.707107 
0.707107 
9.178780 
9.178780 
2.121320 
2.121320 
11.510864 
11.510864 
0.500000 
0.500000 
0.500000 
0.500000 
0.500000 
0.500000 
0.500000 
0.500000 
0.000000 
0.000000 
1.000000 
1.000000 
6.324555 
6.324555 
1.000000 
1.000000 
1.581139 
1.581139 
1.500000 
1.500000 
1.000000 
1.000000 
1.000000 
1.000000 
1.118034 
1.118034 
0.500000 
0.500000 
1.500000 
1.500000 
10.012492 
10.012492 
0.500000 
0.500000 
0.500000 
0.500000 
0.000000 
0.000000 
0.500000 
0.500000 
0.500000 
0.500000 
0.707107 
0.707107 
10.606602 
10.606602 
2.692582 
2.692582 
7.211103 
7.211103 
5.147815 
5.147815 
1.414214 
1.414214 
0.707107 
0.707107 
1.802776 
1.802776 
1.802776 
1.802776 
