0.000000 
0.000000 
4.272002 
4.272002 
2.061553 
2.061553 
3.162278 
3.162278 
2.549510 
2.549510 
3.041381 
3.041381 
6.020797 
6.020797 
1.500000 
1.500000 
0.707107 
0.707107 
1.118034 
1.118034 
1.118034 
1.118034 
1.802776 
1.802776 
1.118034 
1.118034 
1.000000 
1.000000 
1.500000 
1.500000 
0.707107 
0.707107 
0.500000 
0.500000 
0.707107 
0.707107 
0.707107 
0.707107 
11.500000 
11.500000 
2.000000 
2.000000 
3.535534 
3.535534 
1.581139 
1.581139 
1.581139 
1.581139 
1.581139 
1.581139 
2.915476 
2.915476 
2.500000 
2.500000 
2.061553 
2.061553 
1.118034 
1.118034 
1.000000 
1.000000 
1.581139 
1.581139 
1.500000 
1.500000 
1.414214 
1.414214 
10.124228 
10.124228 
0.707107 
0.707107 
2.000000 
2.000000 
0.707107 
0.707107 
1.000000 
1.000000 
1.000000 
1.000000 
1.118034 
1.118034 
9.013878 
9.013878 
2.000000 
2.000000 
2.061553 
2.061553 
1.118034 
1.118034 
3.000000 
3.000000 
3.807887 
3.807887 
2.236068 
2.236068 
