0.000000 
0.000000 
1.000000 
1.000000 
0.500000 
0.500000 
1.118034 
1.118034 
0.500000 
0.500000 
1.118034 
1.118034 
1.581139 
1.581139 
1.581139 
1.581139 
1.581139 
1.581139 
1.581139 
1.581139 
7.762087 
7.762087 
0.500000 
0.500000 
1.581139 
1.581139 
0.000000 
0.000000 
1.581139 
1.581139 
0.000000 
0.000000 
5.099020 
5.099020 
0.000000 
0.000000 
0.707107 
0.707107 
0.000000 
0.000000 
1.118034 
1.118034 
0.000000 
0.000000 
0.500000 
0.500000 
0.000000 
0.000000 
4.123106 
4.123106 
1.000000 
1.000000 
2.236068 
2.236068 
0.500000 
0.500000 
4.301163 
4.301163 
0.000000 
0.000000 
1.414214 
1.414214 
0.500000 
0.500000 
4.031129 
4.031129 
0.500000 
0.500000 
5.000000 
5.000000 
0.500000 
0.500000 
2.692582 
2.692582 
0.500000 
0.500000 
0.707107 
0.707107 
0.500000 
0.500000 
1.414214 
1.414214 
0.500000 
0.500000 
1.802776 
1.802776 
0.707107 
0.707107 
1.000000 
1.000000 
0.707107 
0.707107 
4.272002 
4.272002 
0.000000 
0.000000 
4.272002 
4.272002 
0.000000 
0.000000 
4.272002 
4.272002 
0.000000 
0.000000 
4.272002 
4.272002 
0.000000 
0.000000 
4.272002 
4.272002 
0.000000 
0.000000 
4.272002 
4.272002 
