0.000000 
0.000000 
0.000000 
0.000000 
0.000000 
0.000000 
2.121320 
2.121320 
0.000000 
0.000000 
2.915476 
2.915476 
0.500000 
0.500000 
3.535534 
3.535534 
4.500000 
4.500000 
1.500000 
1.500000 
0.707107 
0.707107 
2.000000 
2.000000 
0.707107 
0.707107 
1.581139 
1.581139 
0.707107 
0.707107 
3.500000 
3.500000 
0.707107 
0.707107 
1.118034 
1.118034 
0.707107 
0.707107 
4.500000 
4.500000 
0.707107 
0.707107 
1.414214 
1.414214 
4.123106 
4.123106 
1.802776 
1.802776 
0.707107 
0.707107 
1.000000 
1.000000 
0.707107 
0.707107 
1.414214 
1.414214 
0.500000 
0.500000 
2.000000 
2.000000 
1.118034 
1.118034 
2.061553 
2.061553 
1.118034 
1.118034 
1.118034 
1.118034 
1.118034 
1.118034 
0.000000 
0.000000 
1.118034 
1.118034 
1.581139 
1.581139 
1.118034 
1.118034 
1.118034 
1.118034 
1.118034 
1.118034 
0.500000 
0.500000 
1.118034 
1.118034 
0.500000 
0.500000 
1.118034 
1.118034 
0.500000 
0.500000 
1.118034 
1.118034 
1.118034 
1.118034 
1.118034 
1.118034 
1.118034 
1.118034 
1.118034 
1.118034 
1.118034 
1.118034 
1.118034 
1.118034 
1.118034 
1.118034 
1.118034 
1.118034 
6.519202 
6.519202 
1.118034 
1.118034 
0.500000 
0.500000 
1.118034 
1.118034 
1.000000 
1.000000 
0.500000 
0.500000 
0.000000 
0.000000 
0.500000 
0.500000 
0.000000 
0.000000 
0.000000 
0.000000 
0.500000 
0.500000 
0.707107 
0.707107 
0.000000 
0.000000 
0.000000 
0.000000 
0.000000 
0.000000 
0.500000 
0.500000 
0.500000 
0.500000 
0.500000 
0.500000 
0.500000 
0.500000 
0.000000 
0.000000 
0.500000 
0.500000 
0.707107 
0.707107 
0.500000 
0.500000 
