0.000000 
0.000000 
0.000000 
0.000000 
1.414214 
1.414214 
2.692582 
2.692582 
2.236068 
2.236068 
2.692582 
2.692582 
5.220153 
5.220153 
1.000000 
1.000000 
1.414214 
1.414214 
1.500000 
1.500000 
2.500000 
2.500000 
2.692582 
2.692582 
3.041381 
3.041381 
1.581139 
1.581139 
0.000000 
0.000000 
1.118034 
1.118034 
1.000000 
1.000000 
1.500000 
1.500000 
2.549510 
2.549510 
2.500000 
2.500000 
2.236068 
2.236068 
2.000000 
2.000000 
4.500000 
4.500000 
1.118034 
1.118034 
2.000000 
2.000000 
2.500000 
2.500000 
2.692582 
2.692582 
2.000000 
2.000000 
1.000000 
1.000000 
0.707107 
0.707107 
1.118034 
1.118034 
2.061553 
2.061553 
1.581139 
1.581139 
2.549510 
2.549510 
1.000000 
1.000000 
2.549510 
2.549510 
4.743416 
4.743416 
2.549510 
2.549510 
2.000000 
2.000000 
2.500000 
2.500000 
2.000000 
2.000000 
2.500000 
2.500000 
1.118034 
1.118034 
1.000000 
1.000000 
0.707107 
0.707107 
2.061553 
2.061553 
1.500000 
1.500000 
