0.000000 
0.000000 
0.707107 
0.707107 
1.118034 
1.118034 
1.118034 
1.118034 
1.118034 
1.118034 
1.118034 
1.118034 
1.118034 
1.118034 
1.118034 
1.118034 
1.118034 
1.118034 
1.118034 
1.118034 
1.118034 
1.118034 
1.118034 
1.118034 
1.118034 
1.118034 
1.118034 
1.118034 
1.118034 
1.118034 
1.118034 
1.118034 
1.118034 
1.118034 
0.000000 
0.000000 
0.707107 
0.707107 
2.500000 
2.500000 
0.500000 
0.500000 
0.707107 
0.707107 
1.000000 
1.000000 
0.500000 
0.500000 
0.500000 
0.500000 
0.500000 
0.500000 
0.500000 
0.500000 
0.500000 
0.500000 
0.500000 
0.500000 
0.500000 
0.500000 
0.500000 
0.500000 
0.500000 
0.500000 
0.500000 
0.500000 
0.500000 
0.500000 
0.500000 
0.500000 
0.500000 
0.500000 
0.500000 
0.500000 
0.500000 
0.500000 
