0.000000 
0.000000 
4.609772 
4.609772 
1.802776 
1.802776 
10.511898 
10.511898 
2.000000 
2.000000 
2.500000 
2.500000 
2.000000 
2.000000 
2.061553 
2.061553 
2.000000 
2.000000 
2.236068 
2.236068 
0.707107 
0.707107 
1.000000 
1.000000 
1.000000 
1.000000 
1.500000 
1.500000 
1.118034 
1.118034 
7.071068 
7.071068 
1.000000 
1.000000 
2.549510 
2.549510 
2.000000 
2.000000 
2.061553 
2.061553 
1.118034 
1.118034 
1.581139 
1.581139 
0.707107 
0.707107 
0.707107 
0.707107 
2.236068 
2.236068 
15.508062 
15.508062 
2.549510 
2.549510 
3.535534 
3.535534 
3.535534 
3.535534 
2.236068 
2.236068 
2.061553 
2.061553 
1.581139 
1.581139 
3.535534 
3.535534 
2.061553 
2.061553 
8.015610 
8.015610 
2.000000 
2.000000 
2.500000 
2.500000 
3.535534 
3.535534 
2.236068 
2.236068 
2.549510 
2.549510 
2.000000 
2.000000 
2.061553 
2.061553 
1.581139 
1.581139 
1.000000 
1.000000 
8.000000 
8.000000 
1.118034 
1.118034 
1.802776 
1.802776 
