0.000000 
0.000000 
2.000000 
2.000000 
0.500000 
0.500000 
1.000000 
1.000000 
1.581139 
1.581139 
0.707107 
0.707107 
1.118034 
1.118034 
10.198039 
10.198039 
1.118034 
1.118034 
2.000000 
2.000000 
1.118034 
1.118034 
2.500000 
2.500000 
1.118034 
1.118034 
0.500000 
0.500000 
0.500000 
0.500000 
2.549510 
2.549510 
1.414214 
1.414214 
3.000000 
3.000000 
2.061553 
2.061553 
11.672618 
11.672618 
2.061553 
2.061553 
2.121320 
2.121320 
2.236068 
2.236068 
4.000000 
4.000000 
2.549510 
2.549510 
3.041381 
3.041381 
2.061553 
2.061553 
2.061553 
2.061553 
1.118034 
1.118034 
0.500000 
0.500000 
0.707107 
0.707107 
0.500000 
0.500000 
1.000000 
1.000000 
2.061553 
2.061553 
1.802776 
1.802776 
2.915476 
2.915476 
3.201562 
3.201562 
4.031129 
4.031129 
2.121320 
2.121320 
3.535534 
3.535534 
2.000000 
2.000000 
1.500000 
1.500000 
1.802776 
1.802776 
9.219544 
9.219544 
0.500000 
0.500000 
0.000000 
0.000000 
0.000000 
0.000000 
