0.000000 
0.000000 
6.500000 
6.500000 
1.581139 
1.581139 
4.031129 
4.031129 
1.802776 
1.802776 
21.592823 
21.592823 
4.527693 
4.527693 
22.005681 
22.005681 
9.617692 
9.617692 
6.184658 
6.184658 
15.206906 
15.206906 
4.000000 
4.000000 
3.640055 
3.640055 
4.472136 
4.472136 
12.041595 
12.041595 
7.762087 
7.762087 
6.670832 
6.670832 
5.522681 
5.522681 
12.349089 
12.349089 
5.522681 
5.522681 
6.500000 
6.500000 
21.005952 
21.005952 
4.031129 
4.031129 
22.203603 
22.203603 
1.000000 
1.000000 
9.708244 
9.708244 
4.527693 
4.527693 
21.500000 
21.500000 
6.000000 
6.000000 
17.029386 
17.029386 
10.198039 
10.198039 
4.924429 
4.924429 
3.041381 
3.041381 
13.583078 
13.583078 
8.139410 
8.139410 
7.433034 
7.433034 
12.509996 
12.509996 
4.924429 
4.924429 
6.670832 
6.670832 
7.158911 
7.158911 
6.184658 
6.184658 
15.000000 
15.000000 
4.123106 
4.123106 
23.584953 
23.584953 
4.743416 
4.743416 
17.677670 
17.677670 
2.500000 
2.500000 
