0.000000 
0.000000 
0.000000 
0.000000 
0.000000 
0.000000 
0.000000 
0.000000 
0.000000 
0.000000 
0.000000 
0.000000 
0.500000 
0.500000 
0.707107 
0.707107 
0.707107 
0.707107 
1.118034 
1.118034 
0.707107 
0.707107 
0.500000 
0.500000 
0.500000 
0.500000 
1.118034 
1.118034 
1.414214 
1.414214 
6.964194 
6.964194 
0.000000 
0.000000 
0.500000 
0.500000 
1.118034 
1.118034 
1.118034 
1.118034 
0.707107 
0.707107 
1.581139 
1.581139 
0.000000 
0.000000 
0.000000 
0.000000 
0.500000 
0.500000 
1.118034 
1.118034 
0.500000 
0.500000 
0.707107 
0.707107 
0.000000 
0.000000 
0.500000 
0.500000 
0.500000 
0.500000 
0.000000 
0.000000 
1.118034 
1.118034 
1.118034 
1.118034 
0.000000 
0.000000 
1.118034 
1.118034 
0.000000 
0.000000 
0.500000 
0.500000 
0.500000 
0.500000 
0.000000 
0.000000 
1.581139 
1.581139 
1.118034 
1.118034 
0.707107 
0.707107 
1.500000 
1.500000 
0.500000 
0.500000 
0.500000 
0.500000 
0.500000 
0.500000 
0.000000 
0.000000 
0.500000 
0.500000 
1.000000 
1.000000 
0.500000 
0.500000 
1.118034 
1.118034 
0.000000 
0.000000 
0.000000 
0.000000 
0.500000 
0.500000 
1.000000 
1.000000 
0.000000 
0.000000 
0.707107 
0.707107 
0.500000 
0.500000 
0.500000 
0.500000 
1.581139 
1.581139 
0.500000 
0.500000 
1.000000 
1.000000 
0.500000 
0.500000 
0.500000 
0.500000 
0.000000 
0.000000 
0.000000 
0.000000 
0.500000 
0.500000 
1.414214 
1.414214 
0.707107 
0.707107 
0.500000 
0.500000 
1.000000 
1.000000 
0.500000 
0.500000 
1.118034 
1.118034 
0.000000 
0.000000 
0.000000 
0.000000 
0.707107 
0.707107 
1.000000 
1.000000 
0.500000 
0.500000 
0.707107 
0.707107 
1.000000 
1.000000 
0.500000 
0.500000 
0.707107 
0.707107 
0.000000 
0.000000 
0.000000 
0.000000 
0.500000 
0.500000 
1.118034 
1.118034 
1.000000 
1.000000 
1.000000 
1.000000 
1.000000 
1.000000 
0.500000 
0.500000 
0.707107 
0.707107 
0.000000 
0.000000 
0.000000 
0.000000 
0.000000 
0.000000 
0.707107 
0.707107 
0.707107 
0.707107 
1.000000 
1.000000 
1.000000 
1.000000 
0.500000 
0.500000 
0.500000 
0.500000 
0.000000 
0.000000 
0.000000 
0.000000 
0.500000 
0.500000 
0.500000 
0.500000 
2.500000 
2.500000 
1.000000 
1.000000 
1.000000 
1.000000 
0.500000 
0.500000 
0.500000 
0.500000 
0.000000 
0.000000 
0.000000 
0.000000 
0.707107 
0.707107 
0.500000 
0.500000 
9.552487 
9.552487 
1.000000 
1.000000 
1.000000 
1.000000 
0.500000 
0.500000 
0.500000 
0.500000 
0.000000 
0.000000 
0.000000 
0.000000 
0.000000 
0.000000 
23.264780 
23.264780 
0.500000 
0.500000 
1.000000 
1.000000 
1.000000 
1.000000 
0.500000 
0.500000 
0.500000 
0.500000 
0.000000 
0.000000 
0.000000 
0.000000 
0.500000 
0.500000 
1.000000 
1.000000 
1.000000 
1.000000 
0.000000 
0.000000 
1.000000 
1.000000 
1.000000 
1.000000 
0.500000 
0.500000 
0.500000 
0.500000 
0.000000 
0.000000 
0.000000 
0.000000 
1.802776 
1.802776 
1.000000 
1.000000 
3.905125 
3.905125 
3.162278 
3.162278 
1.000000 
1.000000 
1.000000 
1.000000 
0.500000 
0.500000 
0.500000 
0.500000 
0.000000 
0.000000 
0.000000 
0.000000 
1.118034 
1.118034 
1.000000 
1.000000 
5.147815 
5.147815 
2.549510 
2.549510 
1.000000 
1.000000 
1.000000 
1.000000 
0.500000 
0.500000 
0.500000 
0.500000 
0.000000 
0.000000 
0.000000 
0.000000 
1.414214 
1.414214 
1.000000 
1.000000 
4.472136 
4.472136 
0.500000 
0.500000 
1.000000 
1.000000 
1.000000 
1.000000 
0.500000 
0.500000 
0.000000 
0.000000 
1.500000 
1.500000 
1.000000 
1.000000 
2.692582 
2.692582 
1.500000 
1.500000 
1.000000 
1.000000 
1.000000 
1.000000 
0.500000 
0.500000 
0.000000 
0.000000 
1.500000 
1.500000 
1.000000 
1.000000 
1.000000 
1.000000 
0.000000 
0.000000 
0.500000 
0.500000 
1.000000 
1.000000 
1.000000 
1.000000 
0.500000 
0.500000 
0.000000 
0.000000 
2.000000 
2.000000 
1.000000 
1.000000 
2.236068 
2.236068 
0.000000 
0.000000 
0.500000 
0.500000 
0.707107 
0.707107 
1.000000 
1.000000 
1.000000 
1.000000 
0.500000 
0.500000 
0.000000 
0.000000 
0.707107 
0.707107 
1.000000 
1.000000 
1.118034 
1.118034 
0.500000 
0.500000 
0.500000 
0.500000 
0.707107 
0.707107 
1.000000 
1.000000 
0.500000 
0.500000 
8.139410 
8.139410 
1.000000 
1.000000 
1.414214 
1.414214 
0.500000 
0.500000 
0.500000 
0.500000 
0.707107 
0.707107 
1.000000 
1.000000 
0.500000 
0.500000 
1.500000 
1.500000 
1.000000 
1.000000 
1.802776 
1.802776 
0.500000 
0.500000 
0.500000 
0.500000 
1.581139 
1.581139 
1.000000 
1.000000 
0.500000 
0.500000 
3.807887 
3.807887 
1.000000 
1.000000 
7.433034 
7.433034 
0.500000 
0.500000 
0.500000 
0.500000 
2.500000 
2.500000 
0.500000 
0.500000 
3.162278 
3.162278 
1.000000 
1.000000 
2.061553 
2.061553 
0.500000 
0.500000 
0.500000 
0.500000 
1.000000 
1.000000 
1.118034 
1.118034 
1.000000 
1.000000 
0.500000 
0.500000 
0.500000 
0.500000 
0.500000 
0.500000 
0.500000 
0.500000 
0.500000 
0.500000 
1.000000 
1.000000 
0.707107 
0.707107 
0.500000 
0.500000 
0.500000 
0.500000 
1.118034 
1.118034 
0.500000 
0.500000 
1.000000 
1.000000 
1.118034 
1.118034 
0.500000 
0.500000 
0.500000 
0.500000 
1.118034 
1.118034 
0.500000 
0.500000 
0.500000 
0.500000 
0.500000 
0.500000 
0.500000 
0.500000 
0.707107 
0.707107 
0.500000 
0.500000 
10.511898 
10.511898 
0.500000 
0.500000 
0.500000 
0.500000 
1.000000 
1.000000 
0.707107 
0.707107 
1.000000 
1.000000 
0.500000 
0.500000 
0.500000 
0.500000 
1.414214 
1.414214 
9.013878 
9.013878 
1.802776 
1.802776 
0.500000 
0.500000 
0.500000 
0.500000 
1.414214 
1.414214 
0.707107 
0.707107 
1.500000 
1.500000 
0.000000 
0.000000 
0.500000 
0.500000 
0.500000 
0.500000 
0.500000 
0.500000 
0.500000 
0.500000 
2.549510 
2.549510 
0.000000 
0.000000 
0.500000 
0.500000 
0.500000 
0.500000 
1.581139 
1.581139 
1.581139 
1.581139 
2.915476 
2.915476 
0.000000 
0.000000 
0.500000 
0.500000 
2.061553 
2.061553 
2.061553 
2.061553 
4.242641 
4.242641 
0.000000 
0.000000 
2.061553 
2.061553 
1.802776 
1.802776 
2.828427 
2.828427 
0.000000 
0.000000 
0.000000 
0.000000 
2.061553 
2.061553 
0.707107 
0.707107 
0.500000 
0.500000 
0.000000 
0.000000 
0.000000 
0.000000 
3.041381 
3.041381 
0.000000 
0.000000 
1.500000 
1.500000 
1.581139 
1.581139 
0.000000 
0.000000 
1.581139 
1.581139 
1.500000 
1.500000 
1.414214 
1.414214 
0.500000 
0.500000 
0.000000 
0.000000 
0.707107 
0.707107 
0.500000 
0.500000 
10.404326 
10.404326 
0.000000 
0.000000 
1.118034 
1.118034 
0.000000 
0.000000 
1.118034 
1.118034 
1.118034 
1.118034 
0.500000 
0.500000 
0.000000 
0.000000 
0.500000 
0.500000 
0.500000 
0.500000 
0.000000 
0.000000 
0.707107 
0.707107 
0.707107 
0.707107 
2.061553 
2.061553 
0.000000 
0.000000 
0.500000 
0.500000 
0.500000 
0.500000 
0.000000 
0.000000 
1.581139 
1.581139 
0.500000 
0.500000 
1.118034 
1.118034 
