0.000000 
0.000000 
0.000000 
0.000000 
0.000000 
0.000000 
1.000000 
1.000000 
0.500000 
0.500000 
0.707107 
0.707107 
0.707107 
0.707107 
0.000000 
0.000000 
0.500000 
0.500000 
0.707107 
0.707107 
0.500000 
0.500000 
1.118034 
1.118034 
0.500000 
0.500000 
0.500000 
0.500000 
0.707107 
0.707107 
1.581139 
1.581139 
1.118034 
1.118034 
1.118034 
1.118034 
0.500000 
0.500000 
0.707107 
0.707107 
0.707107 
0.707107 
0.707107 
0.707107 
1.000000 
1.000000 
1.118034 
1.118034 
1.118034 
1.118034 
0.500000 
0.500000 
1.118034 
1.118034 
1.000000 
1.000000 
0.500000 
0.500000 
11.543396 
11.543396 
0.000000 
0.000000 
1.000000 
1.000000 
0.000000 
0.000000 
1.581139 
1.581139 
0.000000 
0.000000 
1.000000 
1.000000 
0.707107 
0.707107 
2.692582 
2.692582 
0.000000 
0.000000 
1.000000 
1.000000 
0.500000 
0.500000 
2.000000 
2.000000 
0.000000 
0.000000 
1.000000 
1.000000 
0.500000 
0.500000 
0.500000 
0.500000 
0.500000 
0.500000 
1.000000 
1.000000 
0.000000 
0.000000 
0.500000 
0.500000 
0.707107 
0.707107 
1.000000 
1.000000 
0.707107 
0.707107 
0.707107 
0.707107 
0.000000 
0.000000 
1.000000 
1.000000 
0.000000 
0.000000 
12.041595 
12.041595 
0.500000 
0.500000 
1.000000 
1.000000 
1.118034 
1.118034 
0.707107 
0.707107 
0.500000 
0.500000 
1.000000 
1.000000 
0.500000 
0.500000 
2.000000 
2.000000 
0.000000 
0.000000 
1.000000 
1.000000 
0.500000 
0.500000 
1.414214 
1.414214 
0.500000 
0.500000 
1.000000 
1.000000 
0.707107 
0.707107 
0.707107 
0.707107 
0.500000 
0.500000 
1.000000 
1.000000 
0.707107 
0.707107 
0.500000 
0.500000 
0.000000 
0.000000 
0.500000 
0.500000 
1.000000 
1.000000 
0.707107 
0.707107 
2.549510 
2.549510 
1.414214 
1.414214 
0.500000 
0.500000 
1.000000 
1.000000 
0.000000 
0.000000 
0.500000 
0.500000 
0.500000 
0.500000 
0.500000 
0.500000 
1.000000 
1.000000 
22.638463 
22.638463 
1.118034 
1.118034 
0.500000 
0.500000 
0.500000 
0.500000 
2.549510 
2.549510 
0.500000 
0.500000 
0.500000 
0.500000 
0.000000 
0.000000 
3.535534 
3.535534 
2.061553 
2.061553 
0.500000 
0.500000 
0.000000 
0.000000 
3.162278 
3.162278 
0.000000 
0.000000 
0.500000 
0.500000 
0.500000 
0.500000 
1.118034 
1.118034 
0.500000 
0.500000 
0.500000 
0.500000 
0.500000 
0.500000 
18.006943 
18.006943 
1.414214 
1.414214 
0.500000 
0.500000 
0.500000 
0.500000 
3.041381 
3.041381 
0.500000 
0.500000 
0.500000 
0.500000 
0.707107 
0.707107 
2.692582 
2.692582 
1.500000 
1.500000 
0.500000 
0.500000 
0.707107 
0.707107 
1.500000 
1.500000 
1.118034 
1.118034 
0.500000 
0.500000 
0.707107 
0.707107 
0.500000 
0.500000 
1.118034 
1.118034 
6.020797 
6.020797 
0.500000 
0.500000 
1.000000 
1.000000 
1.118034 
1.118034 
0.000000 
0.000000 
1.000000 
1.000000 
0.500000 
0.500000 
1.581139 
1.581139 
0.500000 
0.500000 
0.500000 
0.500000 
0.500000 
0.500000 
1.000000 
1.000000 
0.707107 
0.707107 
0.500000 
0.500000 
1.500000 
1.500000 
2.000000 
2.000000 
0.500000 
0.500000 
0.500000 
0.500000 
1.414214 
1.414214 
0.000000 
0.000000 
0.500000 
0.500000 
0.000000 
0.000000 
1.000000 
1.000000 
0.000000 
0.000000 
0.000000 
0.000000 
0.707107 
0.707107 
0.000000 
0.000000 
0.000000 
0.000000 
1.000000 
1.000000 
0.500000 
0.500000 
1.581139 
1.581139 
0.707107 
0.707107 
0.707107 
0.707107 
1.118034 
1.118034 
1.000000 
1.000000 
0.500000 
0.500000 
0.707107 
0.707107 
0.500000 
0.500000 
0.500000 
0.500000 
0.500000 
0.500000 
1.000000 
1.000000 
0.500000 
0.500000 
10.012492 
10.012492 
1.000000 
1.000000 
0.707107 
0.707107 
0.500000 
0.500000 
1.000000 
1.000000 
0.500000 
0.500000 
0.707107 
0.707107 
1.500000 
1.500000 
0.707107 
0.707107 
1.500000 
1.500000 
1.000000 
1.000000 
0.500000 
0.500000 
1.581139 
1.581139 
15.132746 
15.132746 
0.707107 
0.707107 
1.118034 
1.118034 
1.000000 
1.000000 
0.500000 
0.500000 
1.581139 
1.581139 
1.118034 
1.118034 
1.000000 
1.000000 
0.707107 
0.707107 
1.000000 
1.000000 
