0.000000 
0.000000 
0.000000 
0.000000 
0.000000 
0.000000 
0.500000 
0.500000 
0.707107 
0.707107 
1.118034 
1.118034 
0.000000 
0.000000 
0.500000 
0.500000 
0.500000 
0.500000 
1.581139 
1.581139 
0.707107 
0.707107 
1.118034 
1.118034 
2.500000 
2.500000 
6.519202 
6.519202 
0.707107 
0.707107 
1.118034 
1.118034 
2.549510 
2.549510 
0.000000 
0.000000 
1.118034 
1.118034 
4.000000 
4.000000 
1.000000 
1.000000 
12.539936 
12.539936 
4.031129 
4.031129 
0.707107 
0.707107 
2.549510 
2.549510 
2.500000 
2.500000 
0.000000 
0.000000 
4.609772 
4.609772 
3.535534 
3.535534 
0.707107 
0.707107 
4.743416 
4.743416 
0.500000 
0.500000 
0.500000 
0.500000 
3.354102 
3.354102 
0.500000 
0.500000 
10.511898 
10.511898 
1.118034 
1.118034 
0.500000 
0.500000 
1.118034 
1.118034 
1.500000 
1.500000 
0.000000 
0.000000 
1.000000 
1.000000 
3.000000 
3.000000 
0.500000 
0.500000 
0.707107 
0.707107 
2.549510 
2.549510 
0.000000 
0.000000 
1.000000 
1.000000 
1.581139 
1.581139 
0.000000 
0.000000 
1.581139 
1.581139 
1.802776 
1.802776 
0.000000 
0.000000 
1.000000 
1.000000 
1.414214 
1.414214 
0.000000 
0.000000 
0.500000 
0.500000 
1.118034 
1.118034 
0.500000 
0.500000 
0.500000 
0.500000 
1.118034 
1.118034 
0.000000 
0.000000 
1.000000 
1.000000 
3.905125 
3.905125 
0.500000 
0.500000 
0.500000 
0.500000 
1.000000 
1.000000 
0.000000 
0.000000 
0.707107 
0.707107 
6.800735 
6.800735 
0.707107 
0.707107 
0.500000 
0.500000 
7.516648 
7.516648 
0.000000 
0.000000 
0.500000 
0.500000 
0.500000 
0.500000 
0.000000 
0.000000 
0.000000 
0.000000 
0.500000 
0.500000 
0.000000 
0.000000 
0.500000 
0.500000 
1.118034 
1.118034 
1.000000 
1.000000 
0.500000 
0.500000 
1.118034 
1.118034 
0.000000 
0.000000 
0.000000 
0.000000 
1.581139 
1.581139 
0.500000 
0.500000 
0.000000 
0.000000 
2.500000 
2.500000 
0.500000 
0.500000 
0.500000 
0.500000 
1.500000 
1.500000 
0.000000 
0.000000 
0.500000 
0.500000 
1.500000 
1.500000 
0.500000 
0.500000 
0.500000 
0.500000 
6.519202 
6.519202 
0.500000 
0.500000 
0.000000 
0.000000 
0.707107 
0.707107 
0.000000 
0.000000 
0.500000 
0.500000 
7.648529 
7.648529 
0.000000 
0.000000 
0.500000 
0.500000 
1.000000 
1.000000 
0.000000 
0.000000 
0.000000 
0.000000 
0.707107 
0.707107 
0.000000 
0.000000 
0.500000 
0.500000 
0.707107 
0.707107 
0.000000 
0.000000 
1.000000 
1.000000 
1.000000 
1.000000 
0.000000 
0.000000 
0.500000 
0.500000 
0.707107 
0.707107 
0.500000 
0.500000 
0.000000 
0.000000 
0.500000 
0.500000 
0.500000 
0.500000 
0.000000 
0.000000 
0.000000 
0.000000 
0.000000 
0.000000 
0.000000 
0.000000 
0.000000 
0.000000 
0.000000 
0.000000 
1.118034 
1.118034 
1.118034 
1.118034 
0.000000 
0.000000 
0.000000 
0.000000 
0.000000 
0.000000 
0.707107 
0.707107 
0.500000 
0.500000 
1.000000 
1.000000 
0.000000 
0.000000 
1.000000 
1.000000 
0.000000 
0.000000 
0.000000 
0.000000 
1.000000 
1.000000 
