0.000000 
0.000000 
0.707107 
0.707107 
0.500000 
0.500000 
0.500000 
0.500000 
0.707107 
0.707107 
0.500000 
0.500000 
0.707107 
0.707107 
0.000000 
0.000000 
0.707107 
0.707107 
1.802776 
1.802776 
1.581139 
1.581139 
1.118034 
1.118034 
0.707107 
0.707107 
1.000000 
1.000000 
0.500000 
0.500000 
0.500000 
0.500000 
1.118034 
1.118034 
4.123106 
4.123106 
1.118034 
1.118034 
2.549510 
2.549510 
1.500000 
1.500000 
2.549510 
2.549510 
1.802776 
1.802776 
1.802776 
1.802776 
1.118034 
1.118034 
1.000000 
1.000000 
0.707107 
0.707107 
0.000000 
0.000000 
1.000000 
1.000000 
0.500000 
0.500000 
0.500000 
0.500000 
0.500000 
0.500000 
0.000000 
0.000000 
0.707107 
0.707107 
0.500000 
0.500000 
0.500000 
0.500000 
0.500000 
0.500000 
1.000000 
1.000000 
0.500000 
0.500000 
2.236068 
2.236068 
2.061553 
2.061553 
1.000000 
1.000000 
4.000000 
4.000000 
1.118034 
1.118034 
1.118034 
1.118034 
0.707107 
0.707107 
0.707107 
0.707107 
