0.000000 
0.000000 
4.031129 
4.031129 
2.500000 
2.500000 
7.211103 
7.211103 
11.011358 
11.011358 
4.000000 
4.000000 
5.590170 
5.590170 
3.535534 
3.535534 
7.017834 
7.017834 
0.707107 
0.707107 
0.500000 
0.500000 
0.000000 
0.000000 
0.707107 
0.707107 
1.118034 
1.118034 
0.707107 
0.707107 
2.692582 
2.692582 
0.500000 
0.500000 
13.009612 
13.009612 
0.707107 
0.707107 
3.041381 
3.041381 
0.500000 
0.500000 
5.099020 
5.099020 
3.640055 
3.640055 
5.522681 
5.522681 
2.500000 
2.500000 
8.015610 
8.015610 
3.500000 
3.500000 
4.527693 
4.527693 
3.535534 
3.535534 
4.031129 
4.031129 
1.802776 
1.802776 
9.124144 
9.124144 
1.000000 
1.000000 
3.535534 
3.535534 
3.000000 
3.000000 
3.162278 
3.162278 
1.581139 
1.581139 
1.118034 
1.118034 
0.707107 
0.707107 
0.500000 
0.500000 
1.000000 
1.000000 
1.118034 
1.118034 
1.581139 
1.581139 
2.061553 
2.061553 
9.513149 
9.513149 
3.000000 
3.000000 
3.807887 
3.807887 
