0.000000 
0.000000 
4.272002 
4.272002 
2.061553 
2.061553 
10.793517 
10.793517 
2.236068 
2.236068 
2.000000 
2.000000 
4.716991 
4.716991 
3.201562 
3.201562 
3.535534 
3.535534 
3.605551 
3.605551 
3.905125 
3.905125 
12.257651 
12.257651 
2.121320 
2.121320 
4.527693 
4.527693 
7.158911 
7.158911 
18.506756 
18.506756 
1.500000 
1.500000 
7.433034 
7.433034 
4.000000 
4.000000 
5.700877 
5.700877 
14.221463 
14.221463 
3.201562 
3.201562 
2.500000 
2.500000 
5.656854 
5.656854 
4.609772 
4.609772 
4.609772 
4.609772 
1.581139 
1.581139 
10.606602 
10.606602 
4.123106 
4.123106 
6.000000 
6.000000 
5.099020 
5.099020 
13.647344 
13.647344 
3.605551 
3.605551 
4.716991 
4.716991 
5.656854 
5.656854 
4.609772 
4.609772 
3.354102 
3.354102 
10.049876 
10.049876 
3.041381 
3.041381 
4.000000 
4.000000 
5.000000 
5.000000 
17.500000 
17.500000 
3.000000 
3.000000 
6.670832 
6.670832 
4.924429 
4.924429 
15.182226 
15.182226 
3.354102 
3.354102 
