0.000000 
0.000000 
0.000000 
0.000000 
0.000000 
0.000000 
0.707107 
0.707107 
0.000000 
0.000000 
0.500000 
0.500000 
0.707107 
0.707107 
0.500000 
0.500000 
0.000000 
0.000000 
0.707107 
0.707107 
0.000000 
0.000000 
0.500000 
0.500000 
0.500000 
0.500000 
0.500000 
0.500000 
0.500000 
0.500000 
0.000000 
0.000000 
0.500000 
0.500000 
0.500000 
0.500000 
0.500000 
0.500000 
0.500000 
0.500000 
0.707107 
0.707107 
0.000000 
0.000000 
0.500000 
0.500000 
0.000000 
0.000000 
0.500000 
0.500000 
0.500000 
0.500000 
0.000000 
0.000000 
0.707107 
0.707107 
0.500000 
0.500000 
0.707107 
0.707107 
0.500000 
0.500000 
0.500000 
0.500000 
0.500000 
0.500000 
0.500000 
0.500000 
0.000000 
0.000000 
0.000000 
0.000000 
0.000000 
0.000000 
0.000000 
0.000000 
0.500000 
0.500000 
0.000000 
0.000000 
0.000000 
0.000000 
0.000000 
0.000000 
0.000000 
0.000000 
1.414214 
1.414214 
0.000000 
0.000000 
0.000000 
0.000000 
0.500000 
0.500000 
0.500000 
0.500000 
0.000000 
0.000000 
1.118034 
1.118034 
0.500000 
0.500000 
0.000000 
0.000000 
0.500000 
0.500000 
0.000000 
0.000000 
1.118034 
1.118034 
1.000000 
1.000000 
0.000000 
0.000000 
0.500000 
0.500000 
0.000000 
0.000000 
0.000000 
0.000000 
0.500000 
0.500000 
0.500000 
0.500000 
0.500000 
0.500000 
0.500000 
0.500000 
0.000000 
0.000000 
0.000000 
0.000000 
0.000000 
0.000000 
0.000000 
0.000000 
0.000000 
0.000000 
0.500000 
0.500000 
0.500000 
0.500000 
0.000000 
0.000000 
0.500000 
0.500000 
0.000000 
0.000000 
1.000000 
1.000000 
0.500000 
0.500000 
0.000000 
0.000000 
0.500000 
0.500000 
0.500000 
0.500000 
0.000000 
0.000000 
0.707107 
0.707107 
0.500000 
0.500000 
0.500000 
0.500000 
0.000000 
0.000000 
0.707107 
0.707107 
0.707107 
0.707107 
0.500000 
0.500000 
1.118034 
1.118034 
0.500000 
0.500000 
0.500000 
0.500000 
0.500000 
0.500000 
0.000000 
0.000000 
0.000000 
0.000000 
0.500000 
0.500000 
0.707107 
0.707107 
0.707107 
0.707107 
0.000000 
0.000000 
0.000000 
0.000000 
0.000000 
0.000000 
0.000000 
0.000000 
0.000000 
0.000000 
0.500000 
0.500000 
0.707107 
0.707107 
0.000000 
0.000000 
0.000000 
0.000000 
0.500000 
0.500000 
1.581139 
1.581139 
0.500000 
0.500000 
0.000000 
0.000000 
0.000000 
0.000000 
0.500000 
0.500000 
0.707107 
0.707107 
0.000000 
0.000000 
0.000000 
0.000000 
0.000000 
0.000000 
0.000000 
0.000000 
1.581139 
1.581139 
0.707107 
0.707107 
0.000000 
0.000000 
2.500000 
2.500000 
0.000000 
0.000000 
0.500000 
0.500000 
5.522681 
5.522681 
0.000000 
0.000000 
0.707107 
0.707107 
0.500000 
0.500000 
0.000000 
0.000000 
0.000000 
0.000000 
0.000000 
0.000000 
0.707107 
0.707107 
0.000000 
0.000000 
0.000000 
0.000000 
0.000000 
0.000000 
0.000000 
0.000000 
0.707107 
0.707107 
0.500000 
0.500000 
0.000000 
0.000000 
0.000000 
0.000000 
0.000000 
0.000000 
0.707107 
0.707107 
0.000000 
0.000000 
0.000000 
0.000000 
0.000000 
0.000000 
0.000000 
0.000000 
0.707107 
0.707107 
0.707107 
0.707107 
0.500000 
0.500000 
0.500000 
0.500000 
0.000000 
0.000000 
0.707107 
0.707107 
0.500000 
0.500000 
0.500000 
0.500000 
0.000000 
0.000000 
0.000000 
0.000000 
0.707107 
0.707107 
0.707107 
0.707107 
0.000000 
0.000000 
0.000000 
0.000000 
0.000000 
0.000000 
0.000000 
0.000000 
0.707107 
0.707107 
0.000000 
0.000000 
0.500000 
0.500000 
0.500000 
0.500000 
0.000000 
0.000000 
0.000000 
0.000000 
3.535534 
3.535534 
0.500000 
0.500000 
0.707107 
0.707107 
0.500000 
0.500000 
0.000000 
0.000000 
0.000000 
0.000000 
0.000000 
0.000000 
0.500000 
0.500000 
0.000000 
0.000000 
0.707107 
0.707107 
0.000000 
0.000000 
0.000000 
0.000000 
0.707107 
0.707107 
0.000000 
0.000000 
1.000000 
1.000000 
0.000000 
0.000000 
