0.000000 
0.000000 
3.041381 
3.041381 
4.123106 
4.123106 
3.605551 
3.605551 
3.041381 
3.041381 
10.547512 
10.547512 
1.802776 
1.802776 
0.707107 
0.707107 
1.581139 
1.581139 
2.000000 
2.000000 
3.605551 
3.605551 
4.743416 
4.743416 
2.000000 
2.000000 
13.536986 
13.536986 
1.581139 
1.581139 
2.692582 
2.692582 
5.000000 
5.000000 
2.549510 
2.549510 
3.535534 
3.535534 
3.535534 
3.535534 
2.549510 
2.549510 
1.500000 
1.500000 
8.544004 
8.544004 
2.500000 
2.500000 
3.162278 
3.162278 
4.527693 
4.527693 
4.716991 
4.716991 
3.535534 
3.535534 
12.165525 
12.165525 
0.500000 
0.500000 
1.414214 
1.414214 
3.535534 
3.535534 
2.915476 
2.915476 
4.716991 
4.716991 
1.581139 
1.581139 
2.061553 
2.061553 
3.354102 
3.354102 
15.628500 
15.628500 
1.581139 
1.581139 
3.354102 
3.354102 
0.707107 
0.707107 
5.099020 
5.099020 
3.201562 
3.201562 
4.500000 
4.500000 
8.015610 
8.015610 
3.041381 
3.041381 
2.828427 
2.828427 
