0.000000 
0.000000 
2.549510 
2.549510 
2.549510 
2.549510 
1.118034 
1.118034 
2.549510 
2.549510 
10.920165 
10.920165 
2.236068 
2.236068 
10.049876 
10.049876 
12.658989 
12.658989 
4.609772 
4.609772 
2.061553 
2.061553 
4.123106 
4.123106 
1.000000 
1.000000 
5.099020 
5.099020 
10.049876 
10.049876 
4.031129 
4.031129 
4.272002 
4.272002 
3.535534 
3.535534 
1.581139 
1.581139 
12.509996 
12.509996 
13.462912 
13.462912 
14.035669 
14.035669 
12.539936 
12.539936 
15.692355 
15.692355 
5.024938 
5.024938 
3.807887 
3.807887 
11.597414 
11.597414 
1.581139 
1.581139 
1.118034 
1.118034 
0.707107 
0.707107 
3.162278 
3.162278 
1.500000 
1.500000 
2.236068 
2.236068 
2.061553 
2.061553 
2.061553 
2.061553 
2.500000 
2.500000 
1.118034 
1.118034 
13.647344 
13.647344 
2.236068 
2.236068 
5.700877 
5.700877 
4.301163 
4.301163 
13.124405 
13.124405 
1.581139 
1.581139 
16.710775 
16.710775 
4.609772 
4.609772 
5.099020 
5.099020 
4.609772 
4.609772 
