0.000000 
0.000000 
0.000000 
0.000000 
0.000000 
0.000000 
0.000000 
0.000000 
2.061553 
2.061553 
0.500000 
0.500000 
0.000000 
0.000000 
3.905125 
3.905125 
1.802776 
1.802776 
1.802776 
1.802776 
0.707107 
0.707107 
4.716991 
4.716991 
0.707107 
0.707107 
0.707107 
0.707107 
1.118034 
1.118034 
11.180340 
11.180340 
1.500000 
1.500000 
0.500000 
0.500000 
1.118034 
1.118034 
2.500000 
2.500000 
1.500000 
1.500000 
0.707107 
0.707107 
6.020797 
6.020797 
6.324555 
6.324555 
0.500000 
0.500000 
1.000000 
1.000000 
0.707107 
0.707107 
3.000000 
3.000000 
1.000000 
1.000000 
0.500000 
0.500000 
0.500000 
0.500000 
6.500000 
6.500000 
1.000000 
1.000000 
0.707107 
0.707107 
1.118034 
1.118034 
6.670832 
6.670832 
0.500000 
0.500000 
1.000000 
1.000000 
0.500000 
0.500000 
6.082763 
6.082763 
1.118034 
1.118034 
1.581139 
1.581139 
3.354102 
3.354102 
1.118034 
1.118034 
0.500000 
0.500000 
0.500000 
0.500000 
0.500000 
0.500000 
1.118034 
1.118034 
0.500000 
0.500000 
0.707107 
0.707107 
1.118034 
1.118034 
2.549510 
2.549510 
1.118034 
1.118034 
0.500000 
0.500000 
1.000000 
1.000000 
3.000000 
3.000000 
1.000000 
1.000000 
0.500000 
0.500000 
1.581139 
1.581139 
3.640055 
3.640055 
0.500000 
0.500000 
0.707107 
0.707107 
16.031220 
16.031220 
8.139410 
8.139410 
0.500000 
0.500000 
1.000000 
1.000000 
0.707107 
0.707107 
1.581139 
1.581139 
0.500000 
0.500000 
0.500000 
0.500000 
4.609772 
4.609772 
2.692582 
2.692582 
0.707107 
0.707107 
0.500000 
0.500000 
0.707107 
0.707107 
2.236068 
2.236068 
12.093387 
12.093387 
1.118034 
1.118034 
0.000000 
0.000000 
2.828427 
2.828427 
1.118034 
1.118034 
0.500000 
0.500000 
0.500000 
0.500000 
7.648529 
7.648529 
0.500000 
0.500000 
0.500000 
0.500000 
4.123106 
4.123106 
2.121320 
2.121320 
1.000000 
1.000000 
0.500000 
0.500000 
1.802776 
1.802776 
3.201562 
3.201562 
0.500000 
0.500000 
1.000000 
1.000000 
10.012492 
10.012492 
2.828427 
2.828427 
0.500000 
0.500000 
0.500000 
0.500000 
1.581139 
1.581139 
1.581139 
1.581139 
0.500000 
0.500000 
1.581139 
1.581139 
3.041381 
3.041381 
5.099020 
5.099020 
0.000000 
0.000000 
1.118034 
1.118034 
1.581139 
1.581139 
3.041381 
3.041381 
1.802776 
1.802776 
0.000000 
0.000000 
1.802776 
1.802776 
0.707107 
0.707107 
1.581139 
1.581139 
3.041381 
3.041381 
1.000000 
1.000000 
3.000000 
3.000000 
19.646883 
19.646883 
1.000000 
1.000000 
1.581139 
1.581139 
3.041381 
3.041381 
1.118034 
1.118034 
3.000000 
3.000000 
7.632169 
7.632169 
0.500000 
0.500000 
7.500000 
7.500000 
9.486833 
9.486833 
0.707107 
0.707107 
3.000000 
3.000000 
7.810250 
7.810250 
0.500000 
0.500000 
1.118034 
1.118034 
2.061553 
2.061553 
9.013878 
9.013878 
3.000000 
3.000000 
21.029741 
21.029741 
1.000000 
1.000000 
0.707107 
0.707107 
1.118034 
1.118034 
2.915476 
2.915476 
0.000000 
0.000000 
0.000000 
0.000000 
3.000000 
3.000000 
7.211103 
7.211103 
1.000000 
1.000000 
2.061553 
2.061553 
1.500000 
1.500000 
2.915476 
2.915476 
3.201562 
3.201562 
0.500000 
0.500000 
3.000000 
3.000000 
13.462912 
13.462912 
1.000000 
1.000000 
3.041381 
3.041381 
1.581139 
1.581139 
2.915476 
2.915476 
1.802776 
1.802776 
1.581139 
1.581139 
3.000000 
3.000000 
4.924429 
4.924429 
1.000000 
1.000000 
4.031129 
4.031129 
1.118034 
1.118034 
2.915476 
2.915476 
4.031129 
4.031129 
2.061553 
2.061553 
3.000000 
3.000000 
21.523243 
21.523243 
1.000000 
1.000000 
1.581139 
1.581139 
1.118034 
1.118034 
2.915476 
2.915476 
4.031129 
4.031129 
2.000000 
2.000000 
3.000000 
3.000000 
1.581139 
1.581139 
1.000000 
1.000000 
1.000000 
1.000000 
1.118034 
1.118034 
2.915476 
2.915476 
3.041381 
3.041381 
1.581139 
1.581139 
3.000000 
3.000000 
0.707107 
0.707107 
1.000000 
1.000000 
1.000000 
1.000000 
1.118034 
1.118034 
2.915476 
2.915476 
0.500000 
0.500000 
1.000000 
1.000000 
3.000000 
3.000000 
1.802776 
1.802776 
1.000000 
1.000000 
0.500000 
0.500000 
1.118034 
1.118034 
2.915476 
2.915476 
0.500000 
0.500000 
1.118034 
1.118034 
3.000000 
3.000000 
20.396078 
20.396078 
1.000000 
1.000000 
0.500000 
0.500000 
1.118034 
1.118034 
2.915476 
2.915476 
0.500000 
0.500000 
6.576473 
6.576473 
3.000000 
3.000000 
1.802776 
1.802776 
1.000000 
1.000000 
2.236068 
2.236068 
1.118034 
1.118034 
2.915476 
2.915476 
0.500000 
0.500000 
1.802776 
1.802776 
3.000000 
3.000000 
12.041595 
12.041595 
1.000000 
1.000000 
1.118034 
1.118034 
1.118034 
1.118034 
2.915476 
2.915476 
0.500000 
0.500000 
2.000000 
2.000000 
3.000000 
3.000000 
1.581139 
1.581139 
1.000000 
1.000000 
1.118034 
1.118034 
1.118034 
1.118034 
2.915476 
2.915476 
0.500000 
0.500000 
2.236068 
2.236068 
2.500000 
2.500000 
1.000000 
1.000000 
8.558621 
8.558621 
1.118034 
1.118034 
2.915476 
2.915476 
0.500000 
0.500000 
2.000000 
2.000000 
2.549510 
2.549510 
1.000000 
1.000000 
0.707107 
0.707107 
1.118034 
1.118034 
2.915476 
2.915476 
0.500000 
0.500000 
10.511898 
10.511898 
1.000000 
1.000000 
1.000000 
1.000000 
0.500000 
0.500000 
1.118034 
1.118034 
2.915476 
2.915476 
0.500000 
0.500000 
7.071068 
7.071068 
2.061553 
2.061553 
0.500000 
0.500000 
1.118034 
1.118034 
0.000000 
0.000000 
0.500000 
0.500000 
1.500000 
1.500000 
1.802776 
1.802776 
0.500000 
0.500000 
1.118034 
1.118034 
0.500000 
0.500000 
0.500000 
0.500000 
2.549510 
2.549510 
2.121320 
2.121320 
0.500000 
0.500000 
1.118034 
1.118034 
