0.000000 
0.000000 
0.000000 
0.000000 
0.000000 
0.000000 
0.000000 
0.000000 
0.707107 
0.707107 
1.414214 
1.414214 
1.414214 
1.414214 
1.118034 
1.118034 
0.000000 
0.000000 
0.707107 
0.707107 
0.000000 
0.000000 
0.000000 
0.000000 
0.707107 
0.707107 
0.000000 
0.000000 
0.707107 
0.707107 
0.707107 
0.707107 
1.500000 
1.500000 
2.500000 
2.500000 
0.000000 
0.000000 
0.707107 
0.707107 
0.500000 
0.500000 
1.118034 
1.118034 
2.000000 
2.000000 
16.031220 
16.031220 
10.307764 
10.307764 
0.500000 
0.500000 
1.000000 
1.000000 
12.010412 
12.010412 
0.707107 
0.707107 
2.061553 
2.061553 
0.500000 
0.500000 
0.707107 
0.707107 
0.500000 
0.500000 
0.000000 
0.000000 
1.581139 
1.581139 
0.707107 
0.707107 
0.000000 
0.000000 
0.500000 
0.500000 
1.000000 
1.000000 
2.000000 
2.000000 
0.000000 
0.000000 
0.500000 
0.500000 
1.118034 
1.118034 
4.123106 
4.123106 
1.118034 
1.118034 
0.500000 
0.500000 
1.000000 
1.000000 
1.581139 
1.581139 
4.123106 
4.123106 
0.500000 
0.500000 
0.500000 
0.500000 
1.000000 
1.000000 
1.802776 
1.802776 
4.123106 
4.123106 
0.500000 
0.500000 
1.000000 
1.000000 
0.500000 
0.500000 
1.500000 
1.500000 
4.123106 
4.123106 
0.500000 
0.500000 
1.500000 
1.500000 
0.000000 
0.000000 
1.118034 
1.118034 
4.123106 
4.123106 
0.500000 
0.500000 
0.707107 
0.707107 
0.707107 
0.707107 
1.118034 
1.118034 
4.123106 
4.123106 
0.500000 
0.500000 
1.118034 
1.118034 
0.707107 
0.707107 
0.707107 
0.707107 
0.000000 
0.000000 
4.123106 
4.123106 
0.500000 
0.500000 
1.118034 
1.118034 
4.031129 
4.031129 
5.590170 
5.590170 
0.500000 
0.500000 
4.123106 
4.123106 
0.500000 
0.500000 
1.000000 
1.000000 
1.000000 
1.000000 
0.707107 
0.707107 
1.500000 
1.500000 
4.123106 
4.123106 
0.500000 
0.500000 
0.707107 
0.707107 
0.500000 
0.500000 
0.707107 
0.707107 
0.000000 
0.000000 
4.123106 
4.123106 
0.500000 
0.500000 
1.500000 
1.500000 
0.000000 
0.000000 
1.118034 
1.118034 
0.000000 
0.000000 
0.000000 
0.000000 
4.123106 
4.123106 
0.500000 
0.500000 
0.500000 
0.500000 
1.118034 
1.118034 
0.707107 
0.707107 
5.590170 
5.590170 
0.000000 
0.000000 
4.272002 
4.272002 
0.500000 
0.500000 
0.500000 
0.500000 
0.707107 
0.707107 
1.581139 
1.581139 
5.315073 
5.315073 
0.000000 
0.000000 
1.118034 
1.118034 
0.500000 
0.500000 
0.500000 
0.500000 
10.440307 
10.440307 
1.581139 
1.581139 
4.924429 
4.924429 
0.000000 
0.000000 
6.020797 
6.020797 
0.500000 
0.500000 
0.500000 
0.500000 
1.118034 
1.118034 
2.915476 
2.915476 
4.527693 
4.527693 
0.000000 
0.000000 
0.707107 
0.707107 
0.500000 
0.500000 
0.500000 
0.500000 
0.000000 
0.000000 
2.692582 
2.692582 
3.535534 
3.535534 
0.000000 
0.000000 
0.500000 
0.500000 
0.500000 
0.500000 
0.500000 
0.500000 
0.000000 
0.000000 
11.180340 
11.180340 
2.121320 
2.121320 
0.000000 
0.000000 
8.015610 
8.015610 
0.500000 
0.500000 
0.707107 
0.707107 
1.118034 
1.118034 
0.000000 
0.000000 
2.692582 
2.692582 
0.000000 
0.000000 
7.071068 
7.071068 
3.000000 
3.000000 
0.707107 
0.707107 
1.581139 
1.581139 
1.118034 
1.118034 
14.500000 
14.500000 
0.000000 
0.000000 
1.118034 
1.118034 
0.707107 
0.707107 
0.707107 
0.707107 
1.500000 
1.500000 
0.500000 
0.500000 
1.118034 
1.118034 
0.000000 
0.000000 
0.500000 
0.500000 
1.118034 
1.118034 
0.707107 
0.707107 
0.500000 
0.500000 
0.500000 
0.500000 
2.061553 
2.061553 
0.000000 
0.000000 
0.707107 
0.707107 
1.000000 
1.000000 
0.707107 
0.707107 
1.118034 
1.118034 
0.707107 
0.707107 
4.123106 
4.123106 
0.000000 
0.000000 
8.000000 
8.000000 
1.118034 
1.118034 
0.707107 
0.707107 
0.500000 
0.500000 
0.500000 
0.500000 
4.000000 
4.000000 
0.000000 
0.000000 
1.118034 
1.118034 
1.118034 
1.118034 
0.707107 
0.707107 
1.500000 
1.500000 
0.500000 
0.500000 
4.527693 
4.527693 
0.000000 
0.000000 
9.552487 
9.552487 
1.581139 
1.581139 
0.707107 
0.707107 
0.707107 
0.707107 
0.500000 
0.500000 
4.272002 
4.272002 
0.500000 
0.500000 
1.118034 
1.118034 
0.707107 
0.707107 
11.672618 
11.672618 
0.000000 
0.000000 
2.915476 
2.915476 
0.000000 
0.000000 
0.707107 
0.707107 
0.707107 
0.707107 
2.236068 
2.236068 
9.513149 
9.513149 
2.549510 
2.549510 
0.707107 
0.707107 
1.118034 
1.118034 
0.707107 
0.707107 
2.121320 
2.121320 
1.118034 
1.118034 
1.802776 
1.802776 
1.000000 
1.000000 
0.707107 
0.707107 
0.707107 
0.707107 
2.236068 
2.236068 
1.000000 
1.000000 
10.198039 
10.198039 
6.500000 
6.500000 
0.000000 
0.000000 
0.707107 
0.707107 
1.118034 
1.118034 
0.000000 
0.000000 
0.500000 
0.500000 
3.041381 
3.041381 
10.547512 
10.547512 
0.500000 
0.500000 
0.707107 
0.707107 
1.118034 
1.118034 
1.000000 
1.000000 
0.500000 
0.500000 
3.500000 
3.500000 
2.061553 
2.061553 
0.500000 
0.500000 
0.707107 
0.707107 
1.118034 
1.118034 
1.000000 
1.000000 
0.500000 
0.500000 
2.692582 
2.692582 
1.802776 
1.802776 
0.707107 
0.707107 
1.118034 
1.118034 
1.414214 
1.414214 
0.500000 
0.500000 
1.500000 
1.500000 
0.500000 
0.500000 
1.500000 
1.500000 
1.118034 
1.118034 
0.500000 
0.500000 
0.500000 
0.500000 
2.236068 
2.236068 
1.118034 
1.118034 
1.118034 
1.118034 
1.118034 
1.118034 
0.500000 
0.500000 
0.500000 
0.500000 
1.000000 
1.000000 
1.581139 
1.581139 
1.581139 
1.581139 
1.118034 
1.118034 
0.500000 
0.500000 
0.000000 
0.000000 
7.762087 
7.762087 
0.500000 
0.500000 
1.118034 
1.118034 
1.118034 
1.118034 
0.000000 
0.000000 
0.500000 
0.500000 
2.000000 
2.000000 
11.045361 
11.045361 
1.000000 
1.000000 
1.118034 
1.118034 
0.500000 
0.500000 
0.000000 
0.000000 
1.500000 
1.500000 
1.000000 
1.000000 
0.000000 
0.000000 
1.118034 
1.118034 
1.000000 
1.000000 
0.500000 
0.500000 
1.581139 
1.581139 
0.500000 
0.500000 
0.707107 
0.707107 
1.118034 
1.118034 
1.000000 
1.000000 
0.000000 
0.000000 
1.000000 
1.000000 
1.118034 
1.118034 
1.414214 
1.414214 
1.118034 
1.118034 
