0.000000 
0.000000 
2.061553 
2.061553 
3.041381 
3.041381 
2.500000 
2.500000 
3.535534 
3.535534 
1.500000 
1.500000 
1.000000 
1.000000 
6.000000 
6.000000 
0.707107 
0.707107 
2.000000 
2.000000 
2.061553 
2.061553 
6.020797 
6.020797 
4.031129 
4.031129 
4.031129 
4.031129 
0.500000 
0.500000 
12.000000 
12.000000 
2.061553 
2.061553 
6.000000 
6.000000 
1.000000 
1.000000 
3.162278 
3.162278 
0.500000 
0.500000 
3.162278 
3.162278 
1.581139 
1.581139 
9.124144 
9.124144 
3.041381 
3.041381 
3.807887 
3.807887 
4.031129 
4.031129 
4.743416 
4.743416 
3.354102 
3.354102 
11.543396 
11.543396 
2.692582 
2.692582 
3.000000 
3.000000 
3.162278 
3.162278 
1.500000 
1.500000 
2.500000 
2.500000 
1.118034 
1.118034 
1.500000 
1.500000 
1.414214 
1.414214 
0.707107 
0.707107 
1.581139 
1.581139 
1.118034 
1.118034 
0.500000 
0.500000 
0.707107 
0.707107 
3.535534 
3.535534 
20.303941 
20.303941 
20.303941 
20.303941 
20.303941 
20.303941 
