0.000000 
0.000000 
0.000000 
0.000000 
0.000000 
0.000000 
0.000000 
0.000000 
0.000000 
0.000000 
0.500000 
0.500000 
0.000000 
0.000000 
0.707107 
0.707107 
0.500000 
0.500000 
3.162278 
3.162278 
1.000000 
1.000000 
0.000000 
0.000000 
1.118034 
1.118034 
0.000000 
0.000000 
2.549510 
2.549510 
1.000000 
1.000000 
0.000000 
0.000000 
5.385165 
5.385165 
0.707107 
0.707107 
2.915476 
2.915476 
0.000000 
0.000000 
1.581139 
1.581139 
0.000000 
0.000000 
1.118034 
1.118034 
0.500000 
0.500000 
3.354102 
3.354102 
0.707107 
0.707107 
0.500000 
0.500000 
0.000000 
0.000000 
0.500000 
0.500000 
0.707107 
0.707107 
3.354102 
3.354102 
0.000000 
0.000000 
5.656854 
5.656854 
1.000000 
1.000000 
1.118034 
1.118034 
0.707107 
0.707107 
3.162278 
3.162278 
0.000000 
0.000000 
1.118034 
1.118034 
5.522681 
5.522681 
1.414214 
1.414214 
0.000000 
0.000000 
15.000000 
15.000000 
1.000000 
1.000000 
0.000000 
0.000000 
0.707107 
0.707107 
2.061553 
2.061553 
0.500000 
0.500000 
1.500000 
1.500000 
0.707107 
0.707107 
1.414214 
1.414214 
1.000000 
1.000000 
2.828427 
2.828427 
0.500000 
0.500000 
4.123106 
4.123106 
0.707107 
0.707107 
7.071068 
7.071068 
0.500000 
0.500000 
4.472136 
4.472136 
0.000000 
0.000000 
4.123106 
4.123106 
0.707107 
0.707107 
1.118034 
1.118034 
0.500000 
0.500000 
16.070159 
16.070159 
0.500000 
0.500000 
3.640055 
3.640055 
0.707107 
0.707107 
0.707107 
0.707107 
0.707107 
0.707107 
2.692582 
2.692582 
0.500000 
0.500000 
3.041381 
3.041381 
0.707107 
0.707107 
5.522681 
5.522681 
1.118034 
1.118034 
2.000000 
2.000000 
7.017834 
7.017834 
3.807887 
3.807887 
0.707107 
0.707107 
0.000000 
0.000000 
1.581139 
1.581139 
1.500000 
1.500000 
1.118034 
1.118034 
3.807887 
3.807887 
0.707107 
0.707107 
0.500000 
0.500000 
1.118034 
1.118034 
0.707107 
0.707107 
0.500000 
0.500000 
15.297059 
15.297059 
0.707107 
0.707107 
0.500000 
0.500000 
0.000000 
0.000000 
0.500000 
0.500000 
0.707107 
0.707107 
2.692582 
2.692582 
0.707107 
0.707107 
0.500000 
0.500000 
0.500000 
0.500000 
6.519202 
6.519202 
0.500000 
0.500000 
2.121320 
2.121320 
0.707107 
0.707107 
8.015610 
8.015610 
0.500000 
0.500000 
1.000000 
1.000000 
6.041523 
6.041523 
0.707107 
0.707107 
0.707107 
0.707107 
1.581139 
1.581139 
0.500000 
0.500000 
2.061553 
2.061553 
0.500000 
0.500000 
1.000000 
1.000000 
0.707107 
0.707107 
6.082763 
6.082763 
0.500000 
0.500000 
2.500000 
2.500000 
0.000000 
0.000000 
1.118034 
1.118034 
0.707107 
0.707107 
0.500000 
0.500000 
0.500000 
0.500000 
2.500000 
2.500000 
6.576473 
6.576473 
3.354102 
3.354102 
0.707107 
0.707107 
1.500000 
1.500000 
0.500000 
0.500000 
2.000000 
2.000000 
0.500000 
0.500000 
2.061553 
2.061553 
0.707107 
0.707107 
11.510864 
11.510864 
0.500000 
0.500000 
0.707107 
0.707107 
6.670832 
6.670832 
1.802776 
1.802776 
0.500000 
0.500000 
0.500000 
0.500000 
0.500000 
0.500000 
0.000000 
0.000000 
2.692582 
2.692582 
0.000000 
0.000000 
0.500000 
0.500000 
0.500000 
0.500000 
0.500000 
0.500000 
1.802776 
1.802776 
9.124144 
9.124144 
0.500000 
0.500000 
1.414214 
1.414214 
0.500000 
0.500000 
1.802776 
1.802776 
0.500000 
0.500000 
0.500000 
0.500000 
2.061553 
2.061553 
0.000000 
0.000000 
0.707107 
0.707107 
0.000000 
0.000000 
0.500000 
0.500000 
2.000000 
2.000000 
0.500000 
0.500000 
1.581139 
1.581139 
0.500000 
0.500000 
2.549510 
2.549510 
12.509996 
12.509996 
0.500000 
0.500000 
1.581139 
1.581139 
0.000000 
0.000000 
0.500000 
0.500000 
0.707107 
0.707107 
0.000000 
0.000000 
2.236068 
2.236068 
0.500000 
0.500000 
0.500000 
0.500000 
5.220153 
5.220153 
0.500000 
0.500000 
1.802776 
1.802776 
0.000000 
0.000000 
1.000000 
1.000000 
5.590170 
5.590170 
1.118034 
1.118034 
2.692582 
2.692582 
9.000000 
9.000000 
0.500000 
0.500000 
1.118034 
1.118034 
0.500000 
0.500000 
1.500000 
1.500000 
0.000000 
0.000000 
1.000000 
1.000000 
1.118034 
1.118034 
1.414214 
1.414214 
1.118034 
1.118034 
0.000000 
0.000000 
1.118034 
1.118034 
0.500000 
0.500000 
1.118034 
1.118034 
1.118034 
1.118034 
0.500000 
0.500000 
1.118034 
1.118034 
1.118034 
1.118034 
4.472136 
4.472136 
1.802776 
1.802776 
0.000000 
0.000000 
1.118034 
1.118034 
6.082763 
6.082763 
0.500000 
0.500000 
0.500000 
0.500000 
1.000000 
1.000000 
1.802776 
1.802776 
1.414214 
1.414214 
1.000000 
1.000000 
1.414214 
1.414214 
0.000000 
0.000000 
0.000000 
0.000000 
1.000000 
1.000000 
2.236068 
2.236068 
5.000000 
5.000000 
0.000000 
0.000000 
0.000000 
0.000000 
0.707107 
0.707107 
1.118034 
1.118034 
1.414214 
1.414214 
0.707107 
0.707107 
1.118034 
1.118034 
0.707107 
0.707107 
8.000000 
8.000000 
0.500000 
0.500000 
6.576473 
6.576473 
0.707107 
0.707107 
1.500000 
1.500000 
0.707107 
0.707107 
1.000000 
1.000000 
0.500000 
0.500000 
0.500000 
0.500000 
1.000000 
1.000000 
1.802776 
1.802776 
0.500000 
0.500000 
0.500000 
0.500000 
0.000000 
0.000000 
2.061553 
2.061553 
1.118034 
1.118034 
1.118034 
1.118034 
1.000000 
1.000000 
1.118034 
1.118034 
0.500000 
0.500000 
1.581139 
1.581139 
0.500000 
0.500000 
0.707107 
0.707107 
0.500000 
0.500000 
0.500000 
0.500000 
0.000000 
0.000000 
2.121320 
2.121320 
0.500000 
0.500000 
1.118034 
1.118034 
0.707107 
0.707107 
0.707107 
0.707107 
0.500000 
0.500000 
1.414214 
1.414214 
1.000000 
1.000000 
1.414214 
1.414214 
0.500000 
0.500000 
0.000000 
0.000000 
0.000000 
0.000000 
1.118034 
1.118034 
0.000000 
0.000000 
1.000000 
1.000000 
1.118034 
1.118034 
0.500000 
0.500000 
1.000000 
1.000000 
2.236068 
2.236068 
0.000000 
0.000000 
15.074813 
15.074813 
