0.000000 
0.000000 
0.000000 
0.000000 
0.500000 
0.500000 
0.707107 
0.707107 
0.000000 
0.000000 
0.707107 
0.707107 
0.707107 
0.707107 
0.500000 
0.500000 
0.000000 
0.000000 
0.000000 
0.000000 
0.500000 
0.500000 
0.000000 
0.000000 
0.500000 
0.500000 
0.000000 
0.000000 
0.000000 
0.000000 
18.027756 
18.027756 
4.500000 
4.500000 
0.707107 
0.707107 
0.500000 
0.500000 
1.118034 
1.118034 
0.707107 
0.707107 
18.062392 
18.062392 
0.000000 
0.000000 
0.707107 
0.707107 
0.500000 
0.500000 
0.000000 
0.000000 
0.707107 
0.707107 
0.000000 
0.000000 
0.000000 
0.000000 
0.707107 
0.707107 
0.500000 
0.500000 
0.000000 
0.000000 
0.707107 
0.707107 
0.000000 
0.000000 
0.500000 
0.500000 
0.707107 
0.707107 
0.500000 
0.500000 
0.500000 
0.500000 
0.707107 
0.707107 
1.118034 
1.118034 
0.000000 
0.000000 
0.707107 
0.707107 
0.500000 
0.500000 
0.500000 
0.500000 
4.949747 
4.949747 
23.500000 
23.500000 
0.500000 
0.500000 
0.500000 
0.500000 
0.500000 
0.500000 
0.500000 
0.500000 
2.549510 
2.549510 
1.000000 
1.000000 
0.500000 
0.500000 
2.061553 
2.061553 
1.118034 
1.118034 
0.500000 
0.500000 
4.527693 
4.527693 
2.000000 
2.000000 
0.000000 
0.000000 
4.527693 
4.527693 
18.506756 
18.506756 
0.500000 
0.500000 
4.527693 
4.527693 
0.000000 
0.000000 
1.000000 
1.000000 
4.527693 
4.527693 
0.707107 
0.707107 
0.707107 
0.707107 
0.000000 
0.000000 
4.527693 
4.527693 
0.500000 
0.500000 
0.707107 
0.707107 
1.000000 
1.000000 
4.527693 
4.527693 
2.061553 
2.061553 
0.500000 
0.500000 
1.802776 
1.802776 
4.527693 
4.527693 
1.500000 
1.500000 
0.500000 
0.500000 
1.581139 
1.581139 
4.527693 
4.527693 
13.601471 
13.601471 
0.500000 
0.500000 
0.707107 
0.707107 
4.527693 
4.527693 
1.581139 
1.581139 
0.500000 
0.500000 
1.414214 
1.414214 
4.527693 
4.527693 
1.118034 
1.118034 
0.500000 
0.500000 
2.121320 
2.121320 
4.527693 
4.527693 
1.118034 
1.118034 
0.500000 
0.500000 
1.118034 
1.118034 
4.527693 
4.527693 
1.118034 
1.118034 
0.500000 
0.500000 
1.000000 
1.000000 
4.527693 
4.527693 
1.118034 
1.118034 
0.500000 
0.500000 
1.000000 
1.000000 
4.527693 
4.527693 
1.118034 
1.118034 
0.500000 
0.500000 
1.118034 
1.118034 
4.527693 
4.527693 
20.597330 
20.597330 
0.500000 
0.500000 
1.118034 
1.118034 
20.597330 
20.597330 
0.500000 
0.500000 
0.000000 
0.000000 
20.597330 
20.597330 
0.500000 
0.500000 
0.500000 
0.500000 
20.597330 
20.597330 
0.500000 
0.500000 
1.581139 
1.581139 
20.597330 
20.597330 
0.500000 
0.500000 
0.500000 
0.500000 
20.597330 
20.597330 
0.500000 
0.500000 
1.414214 
1.414214 
20.597330 
20.597330 
1.414214 
1.414214 
20.597330 
20.597330 
1.414214 
1.414214 
7.500000 
7.500000 
2.500000 
2.500000 
1.802776 
1.802776 
2.692582 
2.692582 
1.414214 
1.414214 
3.500000 
3.500000 
1.414214 
1.414214 
1.118034 
1.118034 
1.414214 
1.414214 
1.581139 
1.581139 
1.414214 
1.414214 
