0.000000 
0.000000 
0.000000 
0.000000 
0.000000 
0.000000 
0.500000 
0.500000 
0.707107 
0.707107 
0.000000 
0.000000 
0.500000 
0.500000 
0.000000 
0.000000 
0.000000 
0.000000 
0.500000 
0.500000 
0.000000 
0.000000 
0.000000 
0.000000 
0.000000 
0.000000 
0.500000 
0.500000 
0.000000 
0.000000 
0.000000 
0.000000 
0.500000 
0.500000 
1.000000 
1.000000 
0.000000 
0.000000 
5.522681 
5.522681 
7.017834 
7.017834 
0.500000 
0.500000 
1.000000 
1.000000 
1.118034 
1.118034 
0.500000 
0.500000 
0.000000 
0.000000 
0.000000 
0.000000 
0.500000 
0.500000 
0.500000 
0.500000 
1.118034 
1.118034 
0.500000 
0.500000 
0.500000 
0.500000 
0.707107 
0.707107 
0.000000 
0.000000 
5.500000 
5.500000 
4.609772 
4.609772 
0.707107 
0.707107 
0.707107 
0.707107 
0.500000 
0.500000 
0.000000 
0.000000 
0.000000 
0.000000 
1.118034 
1.118034 
0.500000 
0.500000 
0.500000 
0.500000 
0.707107 
0.707107 
0.000000 
0.000000 
0.500000 
0.500000 
1.581139 
1.581139 
0.000000 
0.000000 
0.000000 
0.000000 
2.236068 
2.236068 
0.000000 
0.000000 
0.707107 
0.707107 
2.236068 
2.236068 
0.500000 
0.500000 
4.500000 
4.500000 
1.414214 
1.414214 
0.000000 
0.000000 
0.707107 
0.707107 
1.118034 
1.118034 
0.500000 
0.500000 
0.000000 
0.000000 
0.500000 
0.500000 
0.000000 
0.000000 
0.500000 
0.500000 
1.118034 
1.118034 
0.500000 
0.500000 
0.000000 
0.000000 
0.500000 
0.500000 
0.500000 
0.500000 
0.500000 
0.500000 
1.000000 
1.000000 
0.000000 
0.000000 
0.000000 
0.000000 
0.000000 
0.000000 
0.500000 
0.500000 
0.000000 
0.000000 
0.707107 
0.707107 
0.000000 
0.000000 
0.000000 
0.000000 
0.500000 
0.500000 
0.000000 
0.000000 
0.500000 
0.500000 
0.000000 
0.000000 
0.500000 
0.500000 
0.707107 
0.707107 
0.000000 
0.000000 
0.500000 
0.500000 
0.000000 
0.000000 
0.500000 
0.500000 
0.500000 
0.500000 
0.000000 
0.000000 
0.000000 
0.000000 
0.000000 
0.000000 
0.000000 
0.000000 
0.707107 
0.707107 
0.000000 
0.000000 
0.500000 
0.500000 
0.500000 
0.500000 
0.000000 
0.000000 
0.707107 
0.707107 
0.500000 
0.500000 
0.500000 
0.500000 
0.500000 
0.500000 
1.000000 
1.000000 
0.000000 
0.000000 
0.500000 
0.500000 
0.500000 
0.500000 
1.581139 
1.581139 
0.500000 
0.500000 
0.500000 
0.500000 
0.500000 
0.500000 
2.000000 
2.000000 
0.500000 
0.500000 
0.000000 
0.000000 
0.707107 
0.707107 
1.500000 
1.500000 
1.000000 
1.000000 
0.000000 
0.000000 
0.000000 
0.000000 
1.000000 
1.000000 
0.000000 
0.000000 
0.000000 
0.000000 
0.500000 
0.500000 
0.500000 
0.500000 
0.500000 
0.500000 
0.000000 
0.000000 
6.000000 
6.000000 
0.500000 
0.500000 
0.500000 
0.500000 
0.500000 
0.500000 
5.522681 
5.522681 
0.500000 
0.500000 
0.500000 
0.500000 
0.500000 
0.500000 
0.707107 
0.707107 
1.000000 
1.000000 
0.500000 
0.500000 
0.000000 
0.000000 
5.522681 
5.522681 
0.500000 
0.500000 
0.500000 
0.500000 
0.000000 
0.000000 
0.000000 
0.000000 
0.707107 
0.707107 
0.500000 
0.500000 
0.500000 
0.500000 
6.000000 
6.000000 
1.000000 
1.000000 
0.500000 
0.500000 
0.707107 
0.707107 
0.000000 
0.000000 
0.707107 
0.707107 
0.500000 
0.500000 
0.500000 
0.500000 
0.707107 
0.707107 
0.707107 
0.707107 
0.500000 
0.500000 
0.000000 
0.000000 
0.000000 
0.000000 
0.000000 
0.000000 
0.500000 
0.500000 
0.500000 
0.500000 
0.000000 
0.000000 
0.707107 
0.707107 
