0.000000 
0.000000 
3.000000 
3.000000 
4.031129 
4.031129 
2.692582 
2.692582 
2.692582 
2.692582 
18.527007 
18.527007 
2.236068 
2.236068 
4.123106 
4.123106 
3.000000 
3.000000 
3.041381 
3.041381 
1.414214 
1.414214 
1.802776 
1.802776 
6.670832 
6.670832 
0.707107 
0.707107 
0.707107 
0.707107 
2.236068 
2.236068 
2.000000 
2.000000 
1.118034 
1.118034 
1.118034 
1.118034 
1.118034 
1.118034 
1.118034 
1.118034 
1.118034 
1.118034 
1.118034 
1.118034 
1.118034 
1.118034 
1.118034 
1.118034 
1.118034 
1.118034 
1.118034 
1.118034 
1.118034 
1.118034 
1.118034 
1.118034 
1.118034 
1.118034 
0.000000 
0.000000 
1.118034 
1.118034 
3.640055 
3.640055 
1.118034 
1.118034 
1.581139 
1.581139 
2.000000 
2.000000 
0.000000 
0.000000 
9.124144 
9.124144 
2.061553 
2.061553 
2.061553 
2.061553 
2.549510 
2.549510 
3.535534 
3.535534 
3.535534 
3.535534 
3.535534 
3.535534 
1.581139 
1.581139 
8.015610 
8.015610 
1.581139 
1.581139 
2.500000 
2.500000 
2.500000 
2.500000 
