0.000000 
0.000000 
7.762087 
7.762087 
3.041381 
3.041381 
19.026298 
19.026298 
5.024938 
5.024938 
4.031129 
4.031129 
1.118034 
1.118034 
1.118034 
1.118034 
0.500000 
0.500000 
2.061553 
2.061553 
17.117243 
17.117243 
3.162278 
3.162278 
2.000000 
2.000000 
1.802776 
1.802776 
0.500000 
0.500000 
1.000000 
1.000000 
1.500000 
1.500000 
1.414214 
1.414214 
2.061553 
2.061553 
12.000000 
12.000000 
3.041381 
3.041381 
3.535534 
3.535534 
2.549510 
2.549510 
2.549510 
2.549510 
1.000000 
1.000000 
4.924429 
4.924429 
1.414214 
1.414214 
2.828427 
2.828427 
4.000000 
4.000000 
2.236068 
2.236068 
11.500000 
11.500000 
3.000000 
3.000000 
2.500000 
2.500000 
4.500000 
4.500000 
3.041381 
3.041381 
19.659603 
19.659603 
6.000000 
6.000000 
16.507574 
16.507574 
0.707107 
0.707107 
1.581139 
1.581139 
2.500000 
2.500000 
3.807887 
3.807887 
3.354102 
3.354102 
2.692582 
2.692582 
1.581139 
1.581139 
1.802776 
1.802776 
13.086252 
13.086252 
