0.000000 
0.000000 
10.049876 
10.049876 
1.500000 
1.500000 
1.118034 
1.118034 
0.707107 
0.707107 
0.500000 
0.500000 
1.118034 
1.118034 
1.581139 
1.581139 
1.500000 
1.500000 
1.000000 
1.000000 
2.061553 
2.061553 
1.000000 
1.000000 
1.000000 
1.000000 
1.414214 
1.414214 
1.581139 
1.581139 
1.802776 
1.802776 
1.118034 
1.118034 
4.472136 
4.472136 
2.000000 
2.000000 
3.605551 
3.605551 
4.743416 
4.743416 
7.905694 
7.905694 
1.118034 
1.118034 
1.581139 
1.581139 
1.000000 
1.000000 
2.236068 
2.236068 
0.500000 
0.500000 
1.000000 
1.000000 
2.500000 
2.500000 
2.000000 
2.000000 
2.121320 
2.121320 
1.118034 
1.118034 
1.414214 
1.414214 
1.802776 
1.802776 
2.061553 
2.061553 
16.070159 
16.070159 
1.581139 
1.581139 
5.024938 
5.024938 
0.707107 
0.707107 
3.041381 
3.041381 
0.500000 
0.500000 
4.527693 
4.527693 
2.549510 
2.549510 
11.000000 
11.000000 
3.000000 
3.000000 
3.000000 
3.000000 
3.500000 
3.500000 
