0.000000 
0.000000 
1.802776 
1.802776 
1.500000 
1.500000 
8.000000 
8.000000 
1.118034 
1.118034 
0.707107 
0.707107 
1.500000 
1.500000 
2.061553 
2.061553 
3.041381 
3.041381 
2.061553 
2.061553 
1.118034 
1.118034 
1.500000 
1.500000 
2.061553 
2.061553 
2.000000 
2.000000 
1.802776 
1.802776 
1.118034 
1.118034 
0.707107 
0.707107 
7.500000 
7.500000 
1.118034 
1.118034 
0.500000 
0.500000 
6.670832 
6.670832 
7.071068 
7.071068 
1.414214 
1.414214 
1.414214 
1.414214 
1.000000 
1.000000 
0.500000 
0.500000 
1.581139 
1.581139 
1.802776 
1.802776 
3.162278 
3.162278 
17.507141 
17.507141 
2.236068 
2.236068 
2.236068 
2.236068 
1.118034 
1.118034 
1.581139 
1.581139 
2.549510 
2.549510 
4.609772 
4.609772 
3.535534 
3.535534 
13.829317 
13.829317 
2.549510 
2.549510 
4.609772 
4.609772 
2.061553 
2.061553 
2.500000 
2.500000 
2.000000 
2.000000 
0.707107 
0.707107 
0.707107 
0.707107 
0.707107 
0.707107 
0.707107 
0.707107 
