0.000000 
0.000000 
0.000000 
0.000000 
0.000000 
0.000000 
0.000000 
0.000000 
0.000000 
0.000000 
0.000000 
0.000000 
0.000000 
0.000000 
4.924429 
4.924429 
0.707107 
0.707107 
0.707107 
0.707107 
0.500000 
0.500000 
1.500000 
1.500000 
0.500000 
0.500000 
0.707107 
0.707107 
0.500000 
0.500000 
0.707107 
0.707107 
0.000000 
0.000000 
0.500000 
0.500000 
0.000000 
0.000000 
0.707107 
0.707107 
1.118034 
1.118034 
0.707107 
0.707107 
0.000000 
0.000000 
0.000000 
0.000000 
0.000000 
0.000000 
1.581139 
1.581139 
0.500000 
0.500000 
6.670832 
6.670832 
0.000000 
0.000000 
1.000000 
1.000000 
0.000000 
0.000000 
0.707107 
0.707107 
1.802776 
1.802776 
0.000000 
0.000000 
0.000000 
0.000000 
0.000000 
0.000000 
1.000000 
1.000000 
0.500000 
0.500000 
1.581139 
1.581139 
6.082763 
6.082763 
3.041381 
3.041381 
0.500000 
0.500000 
0.500000 
0.500000 
1.118034 
1.118034 
2.061553 
2.061553 
0.500000 
0.500000 
0.000000 
0.000000 
0.000000 
0.000000 
0.000000 
0.000000 
1.414214 
1.414214 
4.500000 
4.500000 
0.707107 
0.707107 
0.000000 
0.000000 
0.000000 
0.000000 
0.000000 
0.000000 
1.500000 
1.500000 
0.000000 
0.000000 
0.000000 
0.000000 
0.500000 
0.500000 
0.000000 
0.000000 
0.000000 
0.000000 
1.581139 
1.581139 
1.500000 
1.500000 
1.000000 
1.000000 
0.500000 
0.500000 
0.000000 
0.000000 
0.000000 
0.000000 
0.500000 
0.500000 
0.500000 
0.500000 
1.000000 
1.000000 
2.500000 
2.500000 
0.500000 
0.500000 
0.000000 
0.000000 
1.118034 
1.118034 
1.500000 
1.500000 
1.118034 
1.118034 
0.500000 
0.500000 
0.000000 
0.000000 
0.000000 
0.000000 
0.500000 
0.500000 
0.707107 
0.707107 
7.071068 
7.071068 
1.000000 
1.000000 
0.500000 
0.500000 
0.000000 
0.000000 
1.118034 
1.118034 
0.500000 
0.500000 
0.000000 
0.000000 
0.500000 
0.500000 
0.000000 
0.000000 
0.000000 
0.000000 
0.500000 
0.500000 
1.000000 
1.000000 
0.000000 
0.000000 
0.500000 
0.500000 
0.500000 
0.500000 
0.000000 
0.000000 
0.707107 
0.707107 
1.500000 
1.500000 
0.500000 
0.500000 
0.000000 
0.000000 
0.000000 
0.000000 
0.000000 
0.000000 
0.500000 
0.500000 
0.707107 
0.707107 
7.071068 
7.071068 
0.000000 
0.000000 
0.000000 
0.000000 
0.000000 
0.000000 
0.707107 
0.707107 
1.000000 
1.000000 
0.707107 
0.707107 
0.000000 
0.000000 
0.000000 
0.000000 
0.000000 
0.000000 
1.500000 
1.500000 
1.000000 
1.000000 
0.707107 
0.707107 
0.000000 
0.000000 
0.000000 
0.000000 
0.000000 
0.000000 
1.000000 
1.000000 
0.707107 
0.707107 
0.500000 
0.500000 
0.000000 
0.000000 
0.500000 
0.500000 
0.000000 
0.000000 
1.581139 
1.581139 
0.707107 
0.707107 
0.500000 
0.500000 
0.000000 
0.000000 
0.500000 
0.500000 
0.000000 
0.000000 
6.000000 
6.000000 
0.000000 
0.000000 
0.707107 
0.707107 
0.000000 
0.000000 
0.000000 
0.000000 
5.500000 
5.500000 
1.000000 
1.000000 
5.024938 
5.024938 
0.000000 
0.000000 
0.000000 
0.000000 
0.000000 
0.000000 
0.500000 
0.500000 
0.500000 
0.500000 
0.000000 
0.000000 
0.500000 
0.500000 
0.500000 
0.500000 
0.000000 
0.000000 
0.000000 
0.000000 
1.118034 
1.118034 
0.500000 
0.500000 
0.500000 
0.500000 
0.000000 
0.000000 
0.707107 
0.707107 
5.522681 
5.522681 
0.707107 
0.707107 
0.500000 
0.500000 
0.000000 
0.000000 
0.500000 
0.500000 
1.118034 
1.118034 
5.000000 
5.000000 
0.707107 
0.707107 
0.500000 
0.500000 
0.000000 
0.000000 
0.000000 
0.000000 
1.118034 
1.118034 
0.500000 
0.500000 
1.000000 
1.000000 
0.500000 
0.500000 
0.000000 
0.000000 
0.000000 
0.000000 
1.118034 
1.118034 
0.500000 
0.500000 
1.118034 
1.118034 
0.000000 
0.000000 
0.000000 
0.000000 
0.000000 
0.000000 
1.118034 
1.118034 
0.500000 
0.500000 
0.500000 
0.500000 
0.707107 
0.707107 
0.500000 
0.500000 
0.000000 
0.000000 
1.118034 
1.118034 
0.707107 
0.707107 
1.581139 
1.581139 
0.000000 
0.000000 
0.500000 
0.500000 
0.000000 
0.000000 
1.118034 
1.118034 
0.500000 
0.500000 
1.118034 
1.118034 
0.500000 
0.500000 
0.000000 
0.000000 
0.500000 
0.500000 
1.118034 
1.118034 
0.707107 
0.707107 
1.000000 
1.000000 
0.000000 
0.000000 
0.000000 
0.000000 
0.000000 
0.000000 
0.000000 
0.000000 
0.000000 
0.000000 
1.118034 
1.118034 
0.500000 
0.500000 
0.500000 
0.500000 
0.000000 
0.000000 
0.500000 
0.500000 
1.118034 
1.118034 
0.707107 
0.707107 
0.000000 
0.000000 
1.118034 
1.118034 
0.500000 
0.500000 
1.118034 
1.118034 
0.000000 
0.000000 
0.500000 
0.500000 
0.500000 
0.500000 
0.707107 
0.707107 
0.500000 
0.500000 
1.118034 
1.118034 
0.000000 
0.000000 
1.414214 
1.414214 
0.000000 
0.000000 
0.000000 
0.000000 
4.743416 
4.743416 
0.000000 
0.000000 
0.707107 
0.707107 
0.000000 
0.000000 
1.118034 
1.118034 
1.118034 
1.118034 
1.500000 
1.500000 
0.000000 
0.000000 
0.000000 
0.000000 
4.743416 
4.743416 
0.707107 
0.707107 
0.707107 
0.707107 
0.500000 
0.500000 
1.118034 
1.118034 
5.522681 
5.522681 
1.581139 
1.581139 
0.000000 
0.000000 
0.500000 
0.500000 
4.743416 
4.743416 
0.000000 
0.000000 
0.500000 
0.500000 
0.707107 
0.707107 
0.500000 
0.500000 
1.118034 
1.118034 
0.500000 
0.500000 
1.000000 
1.000000 
0.000000 
0.000000 
0.500000 
0.500000 
4.743416 
4.743416 
0.500000 
0.500000 
0.000000 
0.000000 
0.707107 
0.707107 
0.000000 
0.000000 
1.118034 
1.118034 
5.500000 
5.500000 
0.500000 
0.500000 
0.000000 
0.000000 
0.500000 
0.500000 
4.743416 
4.743416 
0.500000 
0.500000 
0.500000 
0.500000 
0.707107 
0.707107 
0.500000 
0.500000 
1.118034 
1.118034 
0.707107 
0.707107 
0.707107 
0.707107 
0.000000 
0.000000 
0.000000 
0.000000 
4.743416 
4.743416 
0.500000 
0.500000 
0.500000 
0.500000 
0.707107 
0.707107 
0.000000 
0.000000 
0.000000 
0.000000 
0.000000 
0.000000 
0.000000 
0.000000 
0.000000 
0.000000 
4.743416 
4.743416 
0.500000 
0.500000 
0.707107 
0.707107 
0.707107 
0.707107 
0.000000 
0.000000 
0.000000 
0.000000 
3.640055 
3.640055 
0.000000 
0.000000 
0.500000 
0.500000 
4.743416 
4.743416 
0.500000 
0.500000 
0.500000 
0.500000 
0.707107 
0.707107 
0.500000 
0.500000 
0.500000 
0.500000 
1.000000 
1.000000 
0.000000 
0.000000 
0.000000 
0.000000 
4.743416 
4.743416 
0.500000 
0.500000 
0.707107 
0.707107 
0.707107 
0.707107 
0.000000 
0.000000 
0.500000 
0.500000 
0.500000 
0.500000 
0.000000 
0.000000 
0.000000 
0.000000 
4.743416 
4.743416 
0.500000 
0.500000 
0.500000 
0.500000 
0.707107 
0.707107 
0.500000 
0.500000 
0.000000 
0.000000 
1.118034 
1.118034 
0.000000 
0.000000 
0.000000 
0.000000 
4.743416 
4.743416 
0.500000 
0.500000 
1.118034 
1.118034 
0.707107 
0.707107 
0.000000 
0.000000 
0.000000 
0.000000 
0.500000 
0.500000 
0.000000 
0.000000 
0.000000 
0.000000 
4.743416 
4.743416 
0.500000 
0.500000 
1.000000 
1.000000 
0.707107 
0.707107 
0.000000 
0.000000 
0.000000 
0.000000 
0.707107 
0.707107 
0.000000 
0.000000 
4.743416 
4.743416 
