0.000000 
0.000000 
3.041381 
3.041381 
2.915476 
2.915476 
4.031129 
4.031129 
3.162278 
3.162278 
4.301163 
4.301163 
3.201562 
3.201562 
9.708244 
9.708244 
2.915476 
2.915476 
2.828427 
2.828427 
3.640055 
3.640055 
3.640055 
3.640055 
4.031129 
4.031129 
6.519202 
6.519202 
9.708244 
9.708244 
2.061553 
2.061553 
1.581139 
1.581139 
4.031129 
4.031129 
4.472136 
4.472136 
5.408327 
5.408327 
13.238202 
13.238202 
3.605551 
3.605551 
4.472136 
4.472136 
5.220153 
5.220153 
4.527693 
4.527693 
3.354102 
3.354102 
9.124144 
9.124144 
3.807887 
3.807887 
4.031129 
4.031129 
5.830952 
5.830952 
3.807887 
3.807887 
3.354102 
3.354102 
9.000000 
9.000000 
6.708204 
6.708204 
3.041381 
3.041381 
3.500000 
3.500000 
6.264982 
6.264982 
3.535534 
3.535534 
2.692582 
2.692582 
2.121320 
2.121320 
9.617692 
9.617692 
4.272002 
4.272002 
4.123106 
4.123106 
4.743416 
4.743416 
3.807887 
3.807887 
11.884864 
11.884864 
2.000000 
2.000000 
