0.000000 
0.000000 
15.041609 
15.041609 
0.000000 
0.000000 
2.549510 
2.549510 
6.184658 
6.184658 
4.500000 
4.500000 
3.041381 
3.041381 
3.807887 
3.807887 
11.045361 
11.045361 
2.061553 
2.061553 
3.162278 
3.162278 
2.236068 
2.236068 
2.549510 
2.549510 
2.500000 
2.500000 
2.500000 
2.500000 
13.086252 
13.086252 
1.581139 
1.581139 
2.061553 
2.061553 
0.707107 
0.707107 
3.535534 
3.535534 
3.041381 
3.041381 
5.000000 
5.000000 
14.142136 
14.142136 
4.031129 
4.031129 
3.500000 
3.500000 
6.020797 
6.020797 
2.500000 
2.500000 
10.977249 
10.977249 
7.158911 
7.158911 
5.500000 
5.500000 
7.106335 
7.106335 
8.139410 
8.139410 
1.000000 
1.000000 
11.045361 
11.045361 
2.549510 
2.549510 
5.220153 
5.220153 
4.272002 
4.272002 
2.692582 
2.692582 
0.500000 
0.500000 
0.500000 
0.500000 
1.118034 
1.118034 
10.012492 
10.012492 
1.414214 
1.414214 
3.162278 
3.162278 
3.500000 
3.500000 
2.549510 
2.549510 
7.905694 
7.905694 
