0.000000 
0.000000 
0.500000 
0.500000 
0.000000 
0.000000 
0.500000 
0.500000 
1.414214 
1.414214 
1.000000 
1.000000 
1.118034 
1.118034 
1.581139 
1.581139 
1.118034 
1.118034 
10.049876 
10.049876 
4.949747 
4.949747 
1.500000 
1.500000 
1.000000 
1.000000 
0.500000 
0.500000 
1.581139 
1.581139 
0.500000 
0.500000 
1.581139 
1.581139 
0.707107 
0.707107 
1.118034 
1.118034 
0.000000 
0.000000 
0.500000 
0.500000 
1.000000 
1.000000 
1.000000 
1.000000 
1.118034 
1.118034 
1.118034 
1.118034 
0.500000 
0.500000 
0.707107 
0.707107 
0.707107 
0.707107 
0.000000 
0.000000 
0.707107 
0.707107 
0.000000 
0.000000 
0.500000 
0.500000 
0.000000 
0.000000 
0.000000 
0.000000 
0.707107 
0.707107 
1.118034 
1.118034 
0.500000 
0.500000 
0.707107 
0.707107 
0.000000 
0.000000 
1.118034 
1.118034 
1.581139 
1.581139 
1.000000 
1.000000 
1.414214 
1.414214 
1.581139 
1.581139 
0.500000 
0.500000 
0.000000 
0.000000 
0.500000 
0.500000 
