0.000000 
0.000000 
0.000000 
0.000000 
0.000000 
0.000000 
0.000000 
0.000000 
0.000000 
0.000000 
2.061553 
2.061553 
0.000000 
0.000000 
0.000000 
0.000000 
13.536986 
13.536986 
0.000000 
0.000000 
0.000000 
0.000000 
3.807887 
3.807887 
0.000000 
0.000000 
0.000000 
0.000000 
4.031129 
4.031129 
0.000000 
0.000000 
0.000000 
0.000000 
5.024938 
5.024938 
0.000000 
0.000000 
0.000000 
0.000000 
4.000000 
4.000000 
0.000000 
0.000000 
0.000000 
0.000000 
10.000000 
10.000000 
0.000000 
0.000000 
0.000000 
0.000000 
1.802776 
1.802776 
0.000000 
0.000000 
0.000000 
0.000000 
1.118034 
1.118034 
0.000000 
0.000000 
0.000000 
0.000000 
10.793517 
10.793517 
0.000000 
0.000000 
0.000000 
0.000000 
4.609772 
4.609772 
0.000000 
0.000000 
0.000000 
0.000000 
4.609772 
4.609772 
0.000000 
0.000000 
0.000000 
0.000000 
4.609772 
4.609772 
0.000000 
0.000000 
0.000000 
0.000000 
4.609772 
4.609772 
4.609772 
4.609772 
0.000000 
0.000000 
4.609772 
4.609772 
11.000000 
11.000000 
4.609772 
4.609772 
0.000000 
0.000000 
2.061553 
2.061553 
4.609772 
4.609772 
2.692582 
2.692582 
1.581139 
1.581139 
4.609772 
4.609772 
4.609772 
4.609772 
3.201562 
3.201562 
4.609772 
4.609772 
19.026298 
19.026298 
3.201562 
3.201562 
4.609772 
4.609772 
5.500000 
5.500000 
3.201562 
3.201562 
4.609772 
4.609772 
5.500000 
5.500000 
3.201562 
3.201562 
4.609772 
4.609772 
27.294688 
27.294688 
3.201562 
3.201562 
4.609772 
4.609772 
0.000000 
0.000000 
1.414214 
1.414214 
3.201562 
3.201562 
4.609772 
4.609772 
4.609772 
4.609772 
8.500000 
8.500000 
3.201562 
3.201562 
2.061553 
2.061553 
1.118034 
1.118034 
3.201562 
3.201562 
0.500000 
0.500000 
2.061553 
2.061553 
3.201562 
3.201562 
0.707107 
0.707107 
1.414214 
1.414214 
3.201562 
3.201562 
0.707107 
0.707107 
6.800735 
6.800735 
3.201562 
3.201562 
0.707107 
0.707107 
1.118034 
1.118034 
3.201562 
3.201562 
0.707107 
0.707107 
1.118034 
1.118034 
3.201562 
3.201562 
0.707107 
0.707107 
0.500000 
0.500000 
3.201562 
3.201562 
0.707107 
0.707107 
1.000000 
1.000000 
3.201562 
3.201562 
23.000000 
23.000000 
1.500000 
1.500000 
14.637281 
14.637281 
3.041381 
3.041381 
4.272002 
4.272002 
3.535534 
3.535534 
3.535534 
3.535534 
3.041381 
3.041381 
