0.000000 
0.000000 
0.500000 
0.500000 
0.000000 
0.000000 
22.699119 
22.699119 
26.419690 
26.419690 
0.500000 
0.500000 
0.000000 
0.000000 
9.823441 
9.823441 
1.118034 
1.118034 
18.027756 
18.027756 
4.031129 
4.031129 
4.031129 
4.031129 
4.031129 
4.031129 
4.031129 
4.031129 
0.000000 
0.000000 
4.031129 
4.031129 
0.000000 
0.000000 
0.707107 
0.707107 
4.031129 
4.031129 
2.692582 
2.692582 
8.631338 
8.631338 
4.031129 
4.031129 
4.527693 
4.527693 
2.236068 
2.236068 
4.031129 
4.031129 
4.527693 
4.527693 
1.581139 
1.581139 
4.031129 
4.031129 
0.000000 
0.000000 
22.022716 
22.022716 
3.162278 
3.162278 
4.031129 
4.031129 
4.123106 
4.123106 
5.590170 
5.590170 
2.915476 
2.915476 
4.031129 
4.031129 
4.123106 
4.123106 
5.315073 
5.315073 
18.668155 
18.668155 
4.031129 
4.031129 
4.123106 
4.123106 
15.532225 
15.532225 
3.605551 
3.605551 
4.031129 
4.031129 
4.123106 
4.123106 
15.532225 
15.532225 
4.472136 
4.472136 
4.031129 
4.031129 
4.123106 
4.123106 
5.522681 
5.522681 
23.505319 
23.505319 
4.031129 
4.031129 
4.123106 
4.123106 
2.692582 
2.692582 
22.141590 
22.141590 
4.123106 
4.123106 
3.535534 
3.535534 
22.141590 
22.141590 
0.000000 
0.000000 
4.123106 
4.123106 
2.236068 
2.236068 
22.141590 
22.141590 
3.807887 
3.807887 
4.123106 
4.123106 
1.500000 
1.500000 
22.141590 
22.141590 
0.000000 
0.000000 
2.121320 
2.121320 
4.123106 
4.123106 
11.672618 
11.672618 
22.141590 
22.141590 
6.264982 
6.264982 
1.118034 
1.118034 
4.123106 
4.123106 
11.672618 
11.672618 
22.141590 
22.141590 
6.800735 
6.800735 
1.581139 
1.581139 
4.123106 
4.123106 
11.672618 
11.672618 
22.141590 
22.141590 
16.770510 
16.770510 
2.236068 
2.236068 
4.123106 
4.123106 
11.672618 
11.672618 
22.141590 
22.141590 
1.000000 
1.000000 
1.802776 
1.802776 
4.123106 
4.123106 
11.672618 
11.672618 
22.141590 
22.141590 
2.500000 
2.500000 
0.000000 
0.000000 
4.123106 
4.123106 
11.672618 
11.672618 
22.141590 
22.141590 
3.807887 
3.807887 
1.118034 
1.118034 
11.672618 
11.672618 
22.141590 
22.141590 
3.807887 
3.807887 
2.061553 
2.061553 
10.965856 
10.965856 
22.141590 
22.141590 
4.123106 
4.123106 
2.500000 
2.500000 
1.581139 
1.581139 
22.141590 
22.141590 
0.000000 
0.000000 
3.807887 
3.807887 
2.549510 
2.549510 
1.000000 
1.000000 
22.141590 
22.141590 
