0.000000 
0.000000 
0.000000 
0.000000 
0.000000 
0.000000 
0.000000 
0.000000 
1.581139 
1.581139 
2.500000 
2.500000 
1.118034 
1.118034 
0.500000 
0.500000 
0.500000 
0.500000 
1.118034 
1.118034 
0.000000 
0.000000 
0.000000 
0.000000 
1.581139 
1.581139 
13.038405 
13.038405 
0.000000 
0.000000 
0.500000 
0.500000 
13.038405 
13.038405 
1.414214 
1.414214 
2.000000 
2.000000 
1.000000 
1.000000 
22.638463 
22.638463 
1.414214 
1.414214 
1.500000 
1.500000 
1.000000 
1.000000 
1.118034 
1.118034 
1.414214 
1.414214 
5.500000 
5.500000 
7.516648 
7.516648 
1.581139 
1.581139 
1.414214 
1.414214 
2.000000 
2.000000 
3.041381 
3.041381 
1.802776 
1.802776 
19.000000 
19.000000 
3.041381 
3.041381 
3.041381 
3.041381 
2.500000 
2.500000 
0.707107 
0.707107 
3.500000 
3.500000 
8.000000 
8.000000 
1.118034 
1.118034 
3.162278 
3.162278 
1.000000 
1.000000 
3.041381 
3.041381 
0.000000 
0.000000 
3.041381 
3.041381 
1.000000 
1.000000 
3.041381 
3.041381 
0.000000 
0.000000 
1.581139 
1.581139 
2.549510 
2.549510 
1.000000 
1.000000 
9.552487 
9.552487 
1.581139 
1.581139 
1.118034 
1.118034 
1.581139 
1.581139 
1.000000 
1.000000 
2.692582 
2.692582 
1.118034 
1.118034 
1.581139 
1.581139 
0.500000 
0.500000 
1.000000 
1.000000 
2.692582 
2.692582 
6.500000 
6.500000 
4.500000 
4.500000 
0.500000 
0.500000 
1.000000 
1.000000 
2.692582 
2.692582 
1.118034 
1.118034 
2.500000 
2.500000 
10.198039 
10.198039 
1.000000 
1.000000 
2.692582 
2.692582 
1.118034 
1.118034 
2.549510 
2.549510 
1.802776 
1.802776 
1.000000 
1.000000 
2.692582 
2.692582 
5.522681 
5.522681 
3.041381 
3.041381 
2.549510 
2.549510 
1.000000 
1.000000 
2.692582 
2.692582 
1.000000 
1.000000 
2.121320 
2.121320 
4.123106 
4.123106 
1.000000 
1.000000 
2.692582 
2.692582 
1.000000 
1.000000 
22.147235 
22.147235 
3.162278 
3.162278 
1.000000 
1.000000 
2.692582 
2.692582 
0.000000 
0.000000 
1.414214 
1.414214 
2.692582 
2.692582 
1.000000 
1.000000 
2.692582 
2.692582 
0.707107 
0.707107 
1.581139 
1.581139 
3.535534 
3.535534 
1.000000 
1.000000 
2.692582 
2.692582 
0.500000 
0.500000 
20.024984 
20.024984 
3.535534 
3.535534 
1.000000 
1.000000 
2.692582 
2.692582 
0.500000 
0.500000 
20.024984 
20.024984 
3.535534 
3.535534 
1.000000 
1.000000 
2.692582 
2.692582 
0.707107 
0.707107 
20.024984 
20.024984 
3.535534 
3.535534 
2.692582 
2.692582 
0.707107 
0.707107 
20.024984 
20.024984 
3.535534 
3.535534 
2.692582 
2.692582 
5.500000 
5.500000 
20.024984 
20.024984 
3.535534 
3.535534 
2.692582 
2.692582 
0.000000 
0.000000 
0.000000 
0.000000 
0.500000 
0.500000 
20.024984 
20.024984 
3.535534 
3.535534 
0.707107 
0.707107 
1.581139 
1.581139 
1.414214 
1.414214 
20.024984 
20.024984 
3.535534 
3.535534 
0.707107 
0.707107 
1.581139 
1.581139 
7.566373 
7.566373 
20.024984 
20.024984 
3.535534 
3.535534 
0.000000 
0.000000 
0.707107 
0.707107 
1.581139 
1.581139 
1.118034 
1.118034 
20.024984 
20.024984 
3.535534 
3.535534 
0.000000 
0.000000 
23.021729 
23.021729 
0.707107 
0.707107 
1.581139 
1.581139 
1.118034 
1.118034 
20.024984 
20.024984 
3.535534 
3.535534 
2.549510 
2.549510 
1.000000 
1.000000 
0.707107 
0.707107 
1.581139 
1.581139 
1.118034 
1.118034 
20.024984 
20.024984 
3.535534 
3.535534 
1.581139 
1.581139 
1.118034 
1.118034 
0.707107 
0.707107 
1.581139 
1.581139 
1.118034 
1.118034 
20.024984 
20.024984 
3.535534 
3.535534 
0.000000 
0.000000 
1.118034 
1.118034 
2.500000 
2.500000 
19.163768 
19.163768 
1.581139 
1.581139 
1.118034 
1.118034 
20.024984 
20.024984 
3.535534 
3.535534 
1.000000 
1.000000 
7.000000 
7.000000 
2.236068 
2.236068 
2.061553 
2.061553 
1.581139 
1.581139 
1.118034 
1.118034 
20.024984 
20.024984 
3.535534 
3.535534 
1.000000 
1.000000 
8.000000 
8.000000 
2.692582 
2.692582 
2.692582 
2.692582 
1.581139 
1.581139 
1.118034 
1.118034 
20.024984 
20.024984 
1.000000 
1.000000 
1.414214 
1.414214 
10.688779 
10.688779 
3.354102 
3.354102 
1.581139 
1.581139 
1.118034 
1.118034 
