0.000000 
0.000000 
0.000000 
0.000000 
2.692582 
2.692582 
2.061553 
2.061553 
2.000000 
2.000000 
1.802776 
1.802776 
0.000000 
0.000000 
0.000000 
0.000000 
2.549510 
2.549510 
1.802776 
1.802776 
4.031129 
4.031129 
0.000000 
0.000000 
2.000000 
2.000000 
23.005434 
23.005434 
5.500000 
5.500000 
0.000000 
0.000000 
7.071068 
7.071068 
23.005434 
23.005434 
15.000000 
15.000000 
0.000000 
0.000000 
1.500000 
1.500000 
23.005434 
23.005434 
5.147815 
5.147815 
0.000000 
0.000000 
1.500000 
1.500000 
23.005434 
23.005434 
7.000000 
7.000000 
0.000000 
0.000000 
1.500000 
1.500000 
26.767518 
26.767518 
3.535534 
3.535534 
0.000000 
0.000000 
1.500000 
1.500000 
1.500000 
1.500000 
16.031220 
16.031220 
0.000000 
0.000000 
1.500000 
1.500000 
13.238202 
13.238202 
16.031220 
16.031220 
0.000000 
0.000000 
1.500000 
1.500000 
4.242641 
4.242641 
16.031220 
16.031220 
0.000000 
0.000000 
1.500000 
1.500000 
21.552262 
21.552262 
0.000000 
0.000000 
16.031220 
16.031220 
0.000000 
0.000000 
1.500000 
1.500000 
21.552262 
21.552262 
0.000000 
0.000000 
3.041381 
3.041381 
16.031220 
16.031220 
0.000000 
0.000000 
1.500000 
1.500000 
21.552262 
21.552262 
5.099020 
5.099020 
14.534442 
14.534442 
16.031220 
16.031220 
0.000000 
0.000000 
1.500000 
1.500000 
21.552262 
21.552262 
3.354102 
3.354102 
2.121320 
2.121320 
16.031220 
16.031220 
0.000000 
0.000000 
1.500000 
1.500000 
21.552262 
21.552262 
3.905125 
3.905125 
2.500000 
2.500000 
16.031220 
16.031220 
0.000000 
0.000000 
1.500000 
1.500000 
21.552262 
21.552262 
1.414214 
1.414214 
1.118034 
1.118034 
16.031220 
16.031220 
1.500000 
1.500000 
21.552262 
21.552262 
0.500000 
0.500000 
0.500000 
0.500000 
16.031220 
16.031220 
1.500000 
1.500000 
21.552262 
21.552262 
0.707107 
0.707107 
0.500000 
0.500000 
16.031220 
16.031220 
1.500000 
1.500000 
21.552262 
21.552262 
0.707107 
0.707107 
0.500000 
0.500000 
16.031220 
16.031220 
21.552262 
21.552262 
0.707107 
0.707107 
0.500000 
0.500000 
16.031220 
16.031220 
21.552262 
21.552262 
0.707107 
0.707107 
0.500000 
0.500000 
16.031220 
16.031220 
27.950850 
27.950850 
0.707107 
0.707107 
0.500000 
0.500000 
16.031220 
16.031220 
1.000000 
1.000000 
0.707107 
0.707107 
0.500000 
0.500000 
1.118034 
1.118034 
0.707107 
0.707107 
0.500000 
0.500000 
13.509256 
13.509256 
0.707107 
0.707107 
0.500000 
0.500000 
15.206906 
15.206906 
0.707107 
0.707107 
0.500000 
0.500000 
4.527693 
4.527693 
0.707107 
0.707107 
0.500000 
0.500000 
4.272002 
4.272002 
0.707107 
0.707107 
0.500000 
0.500000 
10.606602 
10.606602 
0.707107 
0.707107 
0.500000 
0.500000 
0.500000 
0.500000 
0.707107 
0.707107 
0.500000 
0.500000 
32.035137 
32.035137 
0.707107 
0.707107 
0.500000 
0.500000 
32.062439 
32.062439 
0.707107 
0.707107 
10.049876 
10.049876 
1.118034 
1.118034 
11.543396 
11.543396 
26.043233 
26.043233 
4.031129 
4.031129 
