0.000000 
0.000000 
0.000000 
0.000000 
0.000000 
0.000000 
0.000000 
0.000000 
0.000000 
0.000000 
0.000000 
0.000000 
0.000000 
0.000000 
5.700877 
5.700877 
5.315073 
5.315073 
1.802776 
1.802776 
1.000000 
1.000000 
0.000000 
0.000000 
0.000000 
0.000000 
4.500000 
4.500000 
4.031129 
4.031129 
2.692582 
2.692582 
1.118034 
1.118034 
0.000000 
0.000000 
0.000000 
0.000000 
14.577380 
14.577380 
7.762087 
7.762087 
1.500000 
1.500000 
1.500000 
1.500000 
0.000000 
0.000000 
0.000000 
0.000000 
4.123106 
4.123106 
1.414214 
1.414214 
0.707107 
0.707107 
5.590170 
5.590170 
0.000000 
0.000000 
0.000000 
0.000000 
5.024938 
5.024938 
1.500000 
1.500000 
0.707107 
0.707107 
0.500000 
0.500000 
0.000000 
0.000000 
0.000000 
0.000000 
6.000000 
6.000000 
1.000000 
1.000000 
0.707107 
0.707107 
4.000000 
4.000000 
0.000000 
0.000000 
0.000000 
0.000000 
13.238202 
13.238202 
1.414214 
1.414214 
0.707107 
0.707107 
1.414214 
1.414214 
0.000000 
0.000000 
0.000000 
0.000000 
5.024938 
5.024938 
2.915476 
2.915476 
0.707107 
0.707107 
1.118034 
1.118034 
0.000000 
0.000000 
0.000000 
0.000000 
4.123106 
4.123106 
2.500000 
2.500000 
0.707107 
0.707107 
1.118034 
1.118034 
0.000000 
0.000000 
0.000000 
0.000000 
23.500000 
23.500000 
2.828427 
2.828427 
0.707107 
0.707107 
0.000000 
0.000000 
0.000000 
0.000000 
0.000000 
0.000000 
1.500000 
1.500000 
2.236068 
2.236068 
0.707107 
0.707107 
1.414214 
1.414214 
0.000000 
0.000000 
0.000000 
0.000000 
1.000000 
1.000000 
1.581139 
1.581139 
0.707107 
0.707107 
5.099020 
5.099020 
0.000000 
0.000000 
0.000000 
0.000000 
0.000000 
0.000000 
1.000000 
1.000000 
1.118034 
1.118034 
0.707107 
0.707107 
6.519202 
6.519202 
2.915476 
2.915476 
0.000000 
0.000000 
0.000000 
0.000000 
0.707107 
0.707107 
1.802776 
1.802776 
0.707107 
0.707107 
1.118034 
1.118034 
2.061553 
2.061553 
0.000000 
0.000000 
1.414214 
1.414214 
1.500000 
1.500000 
0.707107 
0.707107 
0.707107 
0.707107 
1.581139 
1.581139 
2.500000 
2.500000 
2.500000 
2.500000 
0.707107 
0.707107 
1.500000 
1.500000 
1.581139 
1.581139 
2.061553 
2.061553 
5.522681 
5.522681 
0.707107 
0.707107 
1.500000 
1.500000 
1.581139 
1.581139 
1.000000 
1.000000 
1.581139 
1.581139 
0.707107 
0.707107 
3.640055 
3.640055 
1.581139 
1.581139 
1.118034 
1.118034 
2.000000 
2.000000 
3.000000 
3.000000 
1.581139 
1.581139 
3.640055 
3.640055 
2.061553 
2.061553 
3.640055 
3.640055 
1.581139 
1.581139 
2.500000 
2.500000 
2.000000 
2.000000 
3.500000 
3.500000 
1.581139 
1.581139 
6.103278 
6.103278 
2.000000 
2.000000 
14.221463 
14.221463 
1.581139 
1.581139 
20.056171 
20.056171 
5.099020 
5.099020 
2.549510 
2.549510 
0.000000 
0.000000 
0.000000 
0.000000 
1.581139 
1.581139 
1.581139 
1.581139 
1.581139 
1.581139 
2.061553 
2.061553 
0.000000 
0.000000 
1.802776 
1.802776 
1.581139 
1.581139 
1.581139 
1.581139 
1.500000 
1.500000 
1.500000 
1.500000 
2.692582 
2.692582 
0.500000 
0.500000 
1.581139 
1.581139 
1.581139 
1.581139 
1.500000 
1.500000 
2.915476 
2.915476 
1.581139 
1.581139 
0.500000 
0.500000 
1.581139 
1.581139 
30.805844 
30.805844 
1.500000 
1.500000 
2.692582 
2.692582 
1.414214 
1.414214 
0.500000 
0.500000 
1.581139 
1.581139 
1.802776 
1.802776 
1.500000 
1.500000 
4.031129 
4.031129 
1.414214 
1.414214 
20.130822 
20.130822 
1.581139 
1.581139 
1.802776 
1.802776 
1.500000 
1.500000 
2.500000 
2.500000 
1.414214 
1.414214 
2.500000 
2.500000 
1.581139 
1.581139 
1.802776 
1.802776 
1.500000 
1.500000 
10.500000 
10.500000 
8.062258 
8.062258 
1.581139 
1.581139 
1.802776 
1.802776 
1.500000 
1.500000 
0.500000 
0.500000 
8.062258 
8.062258 
1.000000 
1.000000 
1.802776 
1.802776 
1.500000 
1.500000 
0.707107 
0.707107 
8.062258 
8.062258 
1.802776 
1.802776 
24.824383 
24.824383 
1.500000 
1.500000 
11.672618 
11.672618 
8.558621 
8.558621 
2.500000 
2.500000 
24.824383 
24.824383 
1.500000 
1.500000 
1.802776 
1.802776 
1.118034 
1.118034 
2.121320 
2.121320 
24.824383 
24.824383 
1.500000 
1.500000 
1.000000 
1.000000 
1.118034 
1.118034 
1.118034 
1.118034 
24.824383 
24.824383 
1.500000 
1.500000 
3.041381 
3.041381 
1.118034 
1.118034 
17.029386 
17.029386 
24.824383 
24.824383 
1.500000 
1.500000 
4.527693 
4.527693 
0.000000 
0.000000 
0.000000 
0.000000 
1.118034 
1.118034 
5.000000 
5.000000 
24.824383 
24.824383 
1.500000 
1.500000 
19.525624 
19.525624 
