0.000000 
0.000000 
0.000000 
0.000000 
1.581139 
1.581139 
1.414214 
1.414214 
1.118034 
1.118034 
2.500000 
2.500000 
2.121320 
2.121320 
1.118034 
1.118034 
2.692582 
2.692582 
1.802776 
1.802776 
2.061553 
2.061553 
0.707107 
0.707107 
0.000000 
0.000000 
2.061553 
2.061553 
0.707107 
0.707107 
1.118034 
1.118034 
2.061553 
2.061553 
0.707107 
0.707107 
0.000000 
0.000000 
2.121320 
2.121320 
2.061553 
2.061553 
0.707107 
0.707107 
0.000000 
0.000000 
2.061553 
2.061553 
2.061553 
2.061553 
0.707107 
0.707107 
0.000000 
0.000000 
13.086252 
13.086252 
2.061553 
2.061553 
0.707107 
0.707107 
0.000000 
0.000000 
4.031129 
4.031129 
2.061553 
2.061553 
0.707107 
0.707107 
0.000000 
0.000000 
6.184658 
6.184658 
2.061553 
2.061553 
0.707107 
0.707107 
0.000000 
0.000000 
0.000000 
0.000000 
16.124515 
16.124515 
2.061553 
2.061553 
0.707107 
0.707107 
0.000000 
0.000000 
1.581139 
1.581139 
0.000000 
0.000000 
2.828427 
2.828427 
2.061553 
2.061553 
0.707107 
0.707107 
0.000000 
0.000000 
0.000000 
0.000000 
3.162278 
3.162278 
2.692582 
2.692582 
0.000000 
0.000000 
4.272002 
4.272002 
2.061553 
2.061553 
0.707107 
0.707107 
2.000000 
2.000000 
1.581139 
1.581139 
10.000000 
10.000000 
2.549510 
2.549510 
0.000000 
0.000000 
4.527693 
4.527693 
2.061553 
2.061553 
0.707107 
0.707107 
0.000000 
0.000000 
2.000000 
2.000000 
3.041381 
3.041381 
2.549510 
2.549510 
6.500000 
6.500000 
0.000000 
0.000000 
16.286497 
16.286497 
2.061553 
2.061553 
0.707107 
0.707107 
2.061553 
2.061553 
2.000000 
2.000000 
3.354102 
3.354102 
2.061553 
2.061553 
1.802776 
1.802776 
0.000000 
0.000000 
18.062392 
18.062392 
2.061553 
2.061553 
0.707107 
0.707107 
0.000000 
0.000000 
1.581139 
1.581139 
2.000000 
2.000000 
1.118034 
1.118034 
2.061553 
2.061553 
1.414214 
1.414214 
0.000000 
0.000000 
18.062392 
18.062392 
2.061553 
2.061553 
0.707107 
0.707107 
0.000000 
0.000000 
0.500000 
0.500000 
1.118034 
1.118034 
2.000000 
2.000000 
1.500000 
1.500000 
2.061553 
2.061553 
1.118034 
1.118034 
0.000000 
0.000000 
18.062392 
18.062392 
1.581139 
1.581139 
1.000000 
1.000000 
2.121320 
2.121320 
2.000000 
2.000000 
1.500000 
1.500000 
2.061553 
2.061553 
1.118034 
1.118034 
0.000000 
0.000000 
18.062392 
18.062392 
1.000000 
1.000000 
2.061553 
2.061553 
1.802776 
1.802776 
2.000000 
2.000000 
2.500000 
2.500000 
2.061553 
2.061553 
4.272002 
4.272002 
0.000000 
0.000000 
18.062392 
18.062392 
3.535534 
3.535534 
3.000000 
3.000000 
4.949747 
4.949747 
2.000000 
2.000000 
2.915476 
2.915476 
2.061553 
2.061553 
5.700877 
5.700877 
18.062392 
18.062392 
0.000000 
0.000000 
3.535534 
3.535534 
3.000000 
3.000000 
6.500000 
6.500000 
2.000000 
2.000000 
3.535534 
3.535534 
2.061553 
2.061553 
2.692582 
2.692582 
18.062392 
18.062392 
0.000000 
0.000000 
1.802776 
1.802776 
3.535534 
3.535534 
3.000000 
3.000000 
3.000000 
3.000000 
2.000000 
2.000000 
2.692582 
2.692582 
2.061553 
2.061553 
3.640055 
3.640055 
18.062392 
18.062392 
8.500000 
8.500000 
2.061553 
2.061553 
3.535534 
3.535534 
3.000000 
3.000000 
3.041381 
3.041381 
2.000000 
2.000000 
4.527693 
4.527693 
2.061553 
2.061553 
8.062258 
8.062258 
18.062392 
18.062392 
9.962429 
9.962429 
3.807887 
3.807887 
3.535534 
3.535534 
3.000000 
3.000000 
9.552487 
9.552487 
2.000000 
2.000000 
1.581139 
1.581139 
2.061553 
2.061553 
3.500000 
3.500000 
18.062392 
18.062392 
2.915476 
2.915476 
3.500000 
3.500000 
3.535534 
3.535534 
3.000000 
3.000000 
3.041381 
3.041381 
2.000000 
2.000000 
2.000000 
2.000000 
2.061553 
2.061553 
4.000000 
4.000000 
18.062392 
18.062392 
3.162278 
3.162278 
2.500000 
2.500000 
3.535534 
3.535534 
3.000000 
3.000000 
2.549510 
2.549510 
2.000000 
2.000000 
1.000000 
1.000000 
2.061553 
2.061553 
7.516648 
7.516648 
18.062392 
18.062392 
8.246211 
8.246211 
2.121320 
2.121320 
3.535534 
3.535534 
3.000000 
3.000000 
7.516648 
7.516648 
2.000000 
2.000000 
3.162278 
3.162278 
2.061553 
2.061553 
3.162278 
3.162278 
18.062392 
18.062392 
2.549510 
2.549510 
11.884864 
11.884864 
3.535534 
3.535534 
3.000000 
3.000000 
2.000000 
2.000000 
0.707107 
0.707107 
2.061553 
2.061553 
2.500000 
2.500000 
18.062392 
18.062392 
0.000000 
0.000000 
7.158911 
7.158911 
4.527693 
4.527693 
3.535534 
3.535534 
3.000000 
3.000000 
3.640055 
3.640055 
0.707107 
0.707107 
2.061553 
2.061553 
1.581139 
1.581139 
18.062392 
18.062392 
1.581139 
1.581139 
13.462912 
13.462912 
3.640055 
3.640055 
3.535534 
3.535534 
3.000000 
3.000000 
8.139410 
8.139410 
0.707107 
0.707107 
5.500000 
5.500000 
0.500000 
0.500000 
2.061553 
2.061553 
1.581139 
1.581139 
3.535534 
3.535534 
3.000000 
3.000000 
2.236068 
2.236068 
0.707107 
0.707107 
3.000000 
3.000000 
1.500000 
1.500000 
0.707107 
0.707107 
0.707107 
0.707107 
3.535534 
3.535534 
3.000000 
3.000000 
2.500000 
2.500000 
0.707107 
0.707107 
3.000000 
3.000000 
0.707107 
0.707107 
2.549510 
2.549510 
12.093387 
12.093387 
3.535534 
3.535534 
3.000000 
3.000000 
3.162278 
3.162278 
0.707107 
0.707107 
1.802776 
1.802776 
0.000000 
0.000000 
1.414214 
1.414214 
1.414214 
1.414214 
11.884864 
11.884864 
3.535534 
3.535534 
3.000000 
3.000000 
1.118034 
1.118034 
0.707107 
0.707107 
6.184658 
6.184658 
1.581139 
1.581139 
0.500000 
0.500000 
1.414214 
1.414214 
1.500000 
1.500000 
6.082763 
6.082763 
0.707107 
0.707107 
1.802776 
1.802776 
