0.000000 
0.000000 
0.500000 
0.500000 
0.500000 
0.500000 
0.500000 
0.500000 
0.000000 
0.000000 
0.000000 
0.000000 
0.500000 
0.500000 
0.000000 
0.000000 
0.000000 
0.000000 
18.006943 
18.006943 
0.500000 
0.500000 
0.500000 
0.500000 
0.000000 
0.000000 
1.000000 
1.000000 
2.549510 
2.549510 
0.000000 
0.000000 
0.500000 
0.500000 
0.500000 
0.500000 
1.414214 
1.414214 
1.118034 
1.118034 
1.118034 
1.118034 
0.500000 
0.500000 
0.707107 
0.707107 
1.000000 
1.000000 
1.000000 
1.000000 
1.000000 
1.000000 
0.500000 
0.500000 
1.000000 
1.000000 
1.118034 
1.118034 
1.581139 
1.581139 
0.707107 
0.707107 
0.500000 
0.500000 
1.581139 
1.581139 
1.581139 
1.581139 
2.500000 
2.500000 
0.707107 
0.707107 
0.500000 
0.500000 
1.581139 
1.581139 
2.500000 
2.500000 
3.605551 
3.605551 
1.802776 
1.802776 
0.500000 
0.500000 
1.581139 
1.581139 
1.414214 
1.414214 
1.414214 
1.414214 
2.061553 
2.061553 
0.500000 
0.500000 
1.581139 
1.581139 
0.500000 
0.500000 
1.500000 
1.500000 
4.031129 
4.031129 
0.500000 
0.500000 
1.581139 
1.581139 
11.045361 
11.045361 
3.041381 
3.041381 
3.000000 
3.000000 
0.500000 
0.500000 
1.581139 
1.581139 
2.000000 
2.000000 
2.061553 
2.061553 
3.807887 
3.807887 
0.500000 
0.500000 
1.581139 
1.581139 
2.000000 
2.000000 
4.031129 
4.031129 
1.414214 
1.414214 
1.581139 
1.581139 
2.000000 
2.000000 
16.124515 
16.124515 
7.158911 
7.158911 
8.544004 
8.544004 
15.628500 
15.628500 
1.802776 
1.802776 
6.576473 
6.576473 
8.544004 
8.544004 
1.500000 
1.500000 
2.500000 
2.500000 
1.000000 
1.000000 
0.000000 
0.000000 
1.414214 
1.414214 
2.500000 
2.500000 
6.670832 
6.670832 
1.000000 
1.000000 
0.000000 
0.000000 
0.000000 
0.000000 
0.500000 
0.500000 
2.500000 
2.500000 
4.000000 
4.000000 
1.000000 
1.000000 
1.000000 
1.000000 
0.000000 
0.000000 
0.707107 
0.707107 
2.500000 
2.500000 
23.584953 
23.584953 
1.000000 
1.000000 
1.000000 
1.000000 
0.000000 
0.000000 
0.707107 
0.707107 
2.500000 
2.500000 
3.000000 
3.000000 
8.631338 
8.631338 
1.000000 
1.000000 
0.000000 
0.000000 
1.118034 
1.118034 
2.500000 
2.500000 
4.000000 
4.000000 
2.000000 
2.000000 
1.000000 
1.000000 
15.945219 
15.945219 
9.055385 
9.055385 
2.500000 
2.500000 
4.000000 
4.000000 
2.500000 
2.500000 
1.000000 
1.000000 
2.236068 
2.236068 
2.236068 
2.236068 
2.500000 
2.500000 
4.000000 
4.000000 
2.500000 
2.500000 
1.000000 
1.000000 
3.640055 
3.640055 
1.500000 
1.500000 
2.500000 
2.500000 
4.000000 
4.000000 
11.510864 
11.510864 
1.000000 
1.000000 
2.236068 
2.236068 
2.549510 
2.549510 
2.500000 
2.500000 
4.000000 
4.000000 
11.510864 
11.510864 
1.000000 
1.000000 
1.581139 
1.581139 
1.500000 
1.500000 
2.500000 
2.500000 
4.000000 
4.000000 
11.510864 
11.510864 
1.000000 
1.000000 
28.017851 
28.017851 
2.000000 
2.000000 
2.500000 
2.500000 
4.000000 
4.000000 
11.510864 
11.510864 
1.000000 
1.000000 
1.414214 
1.414214 
0.707107 
0.707107 
2.500000 
2.500000 
4.000000 
4.000000 
11.510864 
11.510864 
1.000000 
1.000000 
1.581139 
1.581139 
0.707107 
0.707107 
2.500000 
2.500000 
4.000000 
4.000000 
11.510864 
11.510864 
1.000000 
1.000000 
22.141590 
22.141590 
2.549510 
2.549510 
2.500000 
2.500000 
6.403124 
6.403124 
11.510864 
11.510864 
