0.000000 
0.000000 
0.000000 
0.000000 
0.000000 
0.000000 
1.118034 
1.118034 
2.000000 
2.000000 
22.522211 
22.522211 
2.549510 
2.549510 
2.061553 
2.061553 
1.000000 
1.000000 
1.000000 
1.000000 
2.061553 
2.061553 
0.500000 
0.500000 
1.000000 
1.000000 
2.061553 
2.061553 
21.500000 
21.500000 
0.000000 
0.000000 
1.000000 
1.000000 
1.118034 
1.118034 
0.707107 
0.707107 
0.000000 
0.000000 
2.692582 
2.692582 
1.000000 
1.000000 
1.000000 
1.000000 
2.121320 
2.121320 
0.000000 
0.000000 
7.516648 
7.516648 
9.055385 
9.055385 
1.000000 
1.000000 
2.236068 
2.236068 
2.121320 
2.121320 
1.118034 
1.118034 
1.000000 
1.000000 
3.162278 
3.162278 
1.000000 
1.000000 
1.414214 
1.414214 
2.121320 
2.121320 
1.414214 
1.414214 
0.500000 
0.500000 
3.500000 
3.500000 
1.000000 
1.000000 
2.915476 
2.915476 
2.121320 
2.121320 
0.500000 
0.500000 
0.500000 
0.500000 
4.000000 
4.000000 
1.000000 
1.000000 
0.707107 
0.707107 
2.121320 
2.121320 
1.414214 
1.414214 
0.500000 
0.500000 
4.123106 
4.123106 
1.000000 
1.000000 
0.500000 
0.500000 
2.121320 
2.121320 
2.915476 
2.915476 
0.500000 
0.500000 
3.041381 
3.041381 
1.000000 
1.000000 
1.802776 
1.802776 
2.121320 
2.121320 
1.802776 
1.802776 
0.500000 
0.500000 
9.617692 
9.617692 
1.000000 
1.000000 
1.802776 
1.802776 
2.121320 
2.121320 
2.500000 
2.500000 
0.500000 
0.500000 
0.000000 
0.000000 
1.000000 
1.000000 
1.802776 
1.802776 
2.121320 
2.121320 
0.000000 
0.000000 
4.500000 
4.500000 
0.500000 
0.500000 
1.118034 
1.118034 
1.000000 
1.000000 
1.802776 
1.802776 
2.121320 
2.121320 
0.000000 
0.000000 
14.577380 
14.577380 
4.500000 
4.500000 
0.500000 
0.500000 
1.581139 
1.581139 
1.000000 
1.000000 
1.802776 
1.802776 
2.121320 
2.121320 
15.628500 
15.628500 
3.500000 
3.500000 
4.500000 
4.500000 
0.500000 
0.500000 
8.015610 
8.015610 
1.000000 
1.000000 
1.802776 
1.802776 
2.121320 
2.121320 
3.041381 
3.041381 
23.048861 
23.048861 
4.500000 
4.500000 
0.500000 
0.500000 
1.581139 
1.581139 
1.802776 
1.802776 
2.121320 
2.121320 
0.000000 
0.000000 
3.041381 
3.041381 
4.743416 
4.743416 
4.500000 
4.500000 
0.500000 
0.500000 
2.549510 
2.549510 
1.802776 
1.802776 
2.121320 
2.121320 
3.162278 
3.162278 
3.041381 
3.041381 
24.083189 
24.083189 
4.500000 
4.500000 
0.500000 
0.500000 
3.500000 
3.500000 
1.802776 
1.802776 
2.121320 
2.121320 
0.707107 
0.707107 
3.041381 
3.041381 
1.118034 
1.118034 
4.500000 
4.500000 
0.500000 
0.500000 
2.000000 
2.000000 
1.802776 
1.802776 
0.707107 
0.707107 
30.991934 
30.991934 
1.118034 
1.118034 
4.500000 
4.500000 
0.500000 
0.500000 
1.802776 
1.802776 
1.802776 
1.802776 
0.707107 
0.707107 
0.500000 
0.500000 
1.118034 
1.118034 
4.500000 
4.500000 
0.500000 
0.500000 
1.118034 
1.118034 
1.802776 
1.802776 
0.500000 
0.500000 
19.811613 
19.811613 
1.118034 
1.118034 
4.500000 
4.500000 
1.118034 
1.118034 
1.802776 
1.802776 
1.000000 
1.000000 
4.031129 
4.031129 
1.118034 
1.118034 
4.500000 
4.500000 
1.118034 
1.118034 
1.802776 
1.802776 
0.500000 
0.500000 
4.031129 
4.031129 
1.118034 
1.118034 
4.500000 
4.500000 
1.118034 
1.118034 
1.802776 
1.802776 
0.000000 
0.000000 
7.017834 
7.017834 
4.031129 
4.031129 
1.118034 
1.118034 
4.500000 
4.500000 
1.118034 
1.118034 
1.581139 
1.581139 
1.581139 
1.581139 
4.031129 
4.031129 
1.118034 
1.118034 
4.500000 
4.500000 
1.118034 
1.118034 
3.201562 
3.201562 
7.158911 
7.158911 
4.031129 
4.031129 
1.118034 
1.118034 
4.500000 
4.500000 
1.118034 
1.118034 
1.118034 
1.118034 
3.605551 
3.605551 
4.031129 
4.031129 
1.118034 
1.118034 
1.118034 
1.118034 
2.000000 
2.000000 
4.609772 
4.609772 
4.031129 
4.031129 
1.118034 
1.118034 
1.118034 
1.118034 
0.500000 
0.500000 
5.000000 
5.000000 
4.031129 
4.031129 
1.118034 
1.118034 
1.118034 
1.118034 
0.500000 
0.500000 
13.647344 
13.647344 
24.005208 
24.005208 
1.118034 
1.118034 
1.118034 
1.118034 
0.500000 
0.500000 
6.020797 
6.020797 
20.718349 
20.718349 
1.118034 
1.118034 
1.118034 
1.118034 
0.500000 
0.500000 
7.000000 
7.000000 
1.581139 
1.581139 
1.118034 
1.118034 
1.118034 
1.118034 
0.500000 
0.500000 
17.528548 
17.528548 
13.341664 
13.341664 
1.118034 
1.118034 
0.500000 
0.500000 
8.485281 
8.485281 
2.061553 
2.061553 
1.118034 
1.118034 
0.000000 
0.000000 
0.500000 
0.500000 
9.300538 
9.300538 
5.000000 
5.000000 
