0.000000 
0.000000 
0.000000 
0.000000 
0.000000 
0.000000 
0.000000 
0.000000 
0.707107 
0.707107 
0.000000 
0.000000 
0.000000 
0.000000 
0.000000 
0.000000 
0.707107 
0.707107 
0.000000 
0.000000 
15.787653 
15.787653 
0.000000 
0.000000 
3.041381 
3.041381 
0.000000 
0.000000 
2.061553 
2.061553 
0.000000 
0.000000 
3.041381 
3.041381 
0.000000 
0.000000 
0.000000 
0.000000 
1.000000 
1.000000 
0.000000 
0.000000 
3.041381 
3.041381 
0.000000 
0.000000 
1.000000 
1.000000 
4.031129 
4.031129 
0.000000 
0.000000 
3.041381 
3.041381 
0.000000 
0.000000 
0.000000 
0.000000 
0.500000 
0.500000 
2.500000 
2.500000 
0.000000 
0.000000 
3.041381 
3.041381 
0.000000 
0.000000 
2.121320 
2.121320 
0.500000 
0.500000 
11.884864 
11.884864 
0.000000 
0.000000 
3.041381 
3.041381 
0.000000 
0.000000 
23.000000 
23.000000 
0.500000 
0.500000 
1.802776 
1.802776 
0.000000 
0.000000 
3.041381 
3.041381 
0.000000 
0.000000 
2.121320 
2.121320 
0.500000 
0.500000 
1.000000 
1.000000 
0.000000 
0.000000 
3.041381 
3.041381 
0.000000 
0.000000 
0.000000 
0.000000 
2.915476 
2.915476 
0.500000 
0.500000 
4.000000 
4.000000 
0.000000 
0.000000 
3.041381 
3.041381 
0.000000 
0.000000 
3.605551 
3.605551 
2.915476 
2.915476 
0.500000 
0.500000 
4.000000 
4.000000 
0.000000 
0.000000 
3.041381 
3.041381 
0.000000 
0.000000 
18.110770 
18.110770 
2.915476 
2.915476 
0.500000 
0.500000 
5.522681 
5.522681 
0.000000 
0.000000 
3.041381 
3.041381 
1.581139 
1.581139 
2.915476 
2.915476 
0.500000 
0.500000 
11.597414 
11.597414 
0.000000 
0.000000 
3.041381 
3.041381 
3.354102 
3.354102 
2.915476 
2.915476 
0.500000 
0.500000 
2.121320 
2.121320 
0.000000 
0.000000 
3.041381 
3.041381 
2.121320 
2.121320 
2.915476 
2.915476 
0.500000 
0.500000 
1.581139 
1.581139 
0.000000 
0.000000 
3.041381 
3.041381 
2.236068 
2.236068 
2.915476 
2.915476 
0.500000 
0.500000 
2.000000 
2.000000 
3.041381 
3.041381 
3.640055 
3.640055 
2.915476 
2.915476 
0.500000 
0.500000 
2.000000 
2.000000 
3.640055 
3.640055 
2.915476 
2.915476 
0.500000 
0.500000 
2.000000 
2.000000 
3.640055 
3.640055 
2.915476 
2.915476 
0.500000 
0.500000 
2.000000 
2.000000 
3.640055 
3.640055 
2.915476 
2.915476 
0.500000 
0.500000 
2.000000 
2.000000 
3.640055 
3.640055 
2.915476 
2.915476 
2.000000 
2.000000 
3.640055 
3.640055 
2.915476 
2.915476 
2.000000 
2.000000 
3.640055 
3.640055 
2.915476 
2.915476 
2.000000 
2.000000 
3.640055 
3.640055 
2.915476 
2.915476 
2.000000 
2.000000 
3.640055 
3.640055 
2.000000 
2.000000 
0.000000 
0.000000 
0.000000 
0.000000 
3.640055 
3.640055 
2.000000 
2.000000 
0.000000 
0.000000 
8.015610 
8.015610 
3.640055 
3.640055 
2.000000 
2.000000 
2.500000 
2.500000 
1.414214 
1.414214 
3.640055 
3.640055 
2.000000 
2.000000 
1.414214 
1.414214 
0.500000 
0.500000 
3.640055 
3.640055 
2.000000 
2.000000 
2.549510 
2.549510 
0.500000 
0.500000 
3.640055 
3.640055 
2.000000 
2.000000 
1.118034 
1.118034 
0.500000 
0.500000 
3.640055 
3.640055 
1.118034 
1.118034 
23.706539 
23.706539 
1.118034 
1.118034 
2.500000 
2.500000 
1.118034 
1.118034 
0.500000 
0.500000 
0.000000 
0.000000 
6.519202 
6.519202 
1.118034 
1.118034 
