0.000000 
0.000000 
0.000000 
0.000000 
0.000000 
0.000000 
0.000000 
0.000000 
0.000000 
0.000000 
20.500000 
20.500000 
13.509256 
13.509256 
1.500000 
1.500000 
0.000000 
0.000000 
19.557607 
19.557607 
6.576473 
6.576473 
0.000000 
0.000000 
0.000000 
0.000000 
2.500000 
2.500000 
7.566373 
7.566373 
4.123106 
4.123106 
0.000000 
0.000000 
2.915476 
2.915476 
4.000000 
4.000000 
8.015610 
8.015610 
0.000000 
0.000000 
3.640055 
3.640055 
11.280514 
11.280514 
8.015610 
8.015610 
0.000000 
0.000000 
3.535534 
3.535534 
5.099020 
5.099020 
8.015610 
8.015610 
0.000000 
0.000000 
3.535534 
3.535534 
6.000000 
6.000000 
8.015610 
8.015610 
0.000000 
0.000000 
3.535534 
3.535534 
1.118034 
1.118034 
8.015610 
8.015610 
0.000000 
0.000000 
3.535534 
3.535534 
2.061553 
2.061553 
8.015610 
8.015610 
0.000000 
0.000000 
3.535534 
3.535534 
1.000000 
1.000000 
8.015610 
8.015610 
0.000000 
0.000000 
3.535534 
3.535534 
2.500000 
2.500000 
8.015610 
8.015610 
0.000000 
0.000000 
3.535534 
3.535534 
9.552487 
9.552487 
8.015610 
8.015610 
0.000000 
0.000000 
3.535534 
3.535534 
1.581139 
1.581139 
8.015610 
8.015610 
0.000000 
0.000000 
3.535534 
3.535534 
2.061553 
2.061553 
8.015610 
8.015610 
3.535534 
3.535534 
0.000000 
0.000000 
8.015610 
8.015610 
3.535534 
3.535534 
0.500000 
0.500000 
8.015610 
8.015610 
0.000000 
0.000000 
9.219544 
9.219544 
1.581139 
1.581139 
8.015610 
8.015610 
3.162278 
3.162278 
17.528548 
17.528548 
1.500000 
1.500000 
8.015610 
8.015610 
2.500000 
2.500000 
4.609772 
4.609772 
0.500000 
0.500000 
2.692582 
2.692582 
5.700877 
5.700877 
0.707107 
0.707107 
2.549510 
2.549510 
3.535534 
3.535534 
0.500000 
0.500000 
3.000000 
3.000000 
1.000000 
1.000000 
0.707107 
0.707107 
20.506097 
20.506097 
1.000000 
1.000000 
0.000000 
0.000000 
28.504386 
28.504386 
1.000000 
1.000000 
0.707107 
0.707107 
29.274562 
29.274562 
1.000000 
1.000000 
0.500000 
0.500000 
29.274562 
29.274562 
1.000000 
1.000000 
0.500000 
0.500000 
29.274562 
29.274562 
1.000000 
1.000000 
0.707107 
0.707107 
29.274562 
29.274562 
1.000000 
1.000000 
1.118034 
1.118034 
32.984845 
32.984845 
1.000000 
1.000000 
1.118034 
1.118034 
21.592823 
21.592823 
1.000000 
1.000000 
3.041381 
3.041381 
21.592823 
21.592823 
1.000000 
1.000000 
0.707107 
0.707107 
0.000000 
0.000000 
21.592823 
21.592823 
1.000000 
1.000000 
9.219544 
9.219544 
0.000000 
0.000000 
21.592823 
21.592823 
1.000000 
1.000000 
9.219544 
9.219544 
3.605551 
3.605551 
21.592823 
21.592823 
1.000000 
1.000000 
9.219544 
9.219544 
1.500000 
1.500000 
21.592823 
21.592823 
2.500000 
2.500000 
9.219544 
9.219544 
2.828427 
2.828427 
21.592823 
21.592823 
1.581139 
1.581139 
9.219544 
9.219544 
2.000000 
2.000000 
21.592823 
21.592823 
1.118034 
1.118034 
9.219544 
9.219544 
2.500000 
2.500000 
21.592823 
21.592823 
1.581139 
1.581139 
9.219544 
9.219544 
