0.000000 
0.000000 
0.000000 
0.000000 
0.000000 
0.000000 
0.000000 
0.000000 
3.905125 
3.905125 
11.510864 
11.510864 
3.535534 
3.535534 
7.158911 
7.158911 
3.905125 
3.905125 
3.640055 
3.640055 
3.500000 
3.500000 
2.500000 
2.500000 
3.905125 
3.905125 
2.692582 
2.692582 
1.581139 
1.581139 
2.061553 
2.061553 
3.905125 
3.905125 
1.000000 
1.000000 
1.118034 
1.118034 
1.000000 
1.000000 
0.000000 
0.000000 
3.905125 
3.905125 
0.500000 
0.500000 
1.500000 
1.500000 
1.118034 
1.118034 
0.707107 
0.707107 
2.915476 
2.915476 
1.118034 
1.118034 
0.500000 
0.500000 
0.707107 
0.707107 
0.500000 
0.500000 
2.000000 
2.000000 
0.500000 
0.500000 
0.707107 
0.707107 
0.707107 
0.707107 
0.707107 
0.707107 
1.802776 
1.802776 
1.000000 
1.000000 
1.118034 
1.118034 
0.000000 
0.000000 
1.118034 
1.118034 
30.516389 
30.516389 
1.118034 
1.118034 
1.118034 
1.118034 
4.031129 
4.031129 
1.118034 
1.118034 
30.516389 
30.516389 
1.414214 
1.414214 
2.061553 
2.061553 
2.000000 
2.000000 
1.118034 
1.118034 
30.516389 
30.516389 
2.692582 
2.692582 
3.000000 
3.000000 
3.535534 
3.535534 
1.118034 
1.118034 
30.516389 
30.516389 
1.802776 
1.802776 
2.915476 
2.915476 
3.905125 
3.905125 
0.000000 
0.000000 
0.000000 
0.000000 
1.118034 
1.118034 
35.902646 
35.902646 
1.118034 
1.118034 
2.692582 
2.692582 
2.121320 
2.121320 
0.000000 
0.000000 
5.408327 
5.408327 
1.000000 
1.000000 
1.118034 
1.118034 
16.124515 
16.124515 
0.707107 
0.707107 
2.061553 
2.061553 
0.000000 
0.000000 
3.000000 
3.000000 
3.041381 
3.041381 
0.500000 
0.500000 
1.118034 
1.118034 
0.500000 
0.500000 
0.707107 
0.707107 
1.000000 
1.000000 
1.118034 
1.118034 
2.000000 
2.000000 
8.139410 
8.139410 
0.707107 
0.707107 
1.118034 
1.118034 
0.500000 
0.500000 
0.707107 
0.707107 
1.802776 
1.802776 
1.581139 
1.581139 
9.000000 
9.000000 
1.414214 
1.414214 
0.707107 
0.707107 
1.118034 
1.118034 
22.588714 
22.588714 
0.707107 
0.707107 
1.802776 
1.802776 
0.500000 
0.500000 
2.549510 
2.549510 
3.500000 
3.500000 
0.707107 
0.707107 
1.118034 
1.118034 
22.588714 
22.588714 
4.031129 
4.031129 
1.802776 
1.802776 
0.500000 
0.500000 
1.581139 
1.581139 
2.500000 
2.500000 
1.000000 
1.000000 
1.118034 
1.118034 
21.377558 
21.377558 
2.121320 
2.121320 
1.802776 
1.802776 
0.500000 
0.500000 
2.000000 
2.000000 
3.162278 
3.162278 
1.118034 
1.118034 
1.118034 
1.118034 
3.535534 
3.535534 
8.514693 
8.514693 
15.033296 
15.033296 
0.500000 
0.500000 
3.500000 
3.500000 
3.162278 
3.162278 
0.707107 
0.707107 
1.118034 
1.118034 
0.500000 
0.500000 
0.707107 
0.707107 
2.121320 
2.121320 
5.522681 
5.522681 
8.015610 
8.015610 
3.162278 
3.162278 
0.500000 
0.500000 
1.118034 
1.118034 
15.074813 
15.074813 
0.707107 
0.707107 
1.581139 
1.581139 
1.000000 
1.000000 
1.500000 
1.500000 
3.162278 
3.162278 
0.500000 
0.500000 
1.118034 
1.118034 
3.500000 
3.500000 
0.707107 
0.707107 
0.707107 
0.707107 
2.236068 
2.236068 
3.807887 
3.807887 
3.162278 
3.162278 
1.118034 
1.118034 
2.236068 
2.236068 
12.539936 
12.539936 
0.707107 
0.707107 
1.414214 
1.414214 
1.500000 
1.500000 
3.162278 
3.162278 
1.118034 
1.118034 
1.802776 
1.802776 
1.581139 
1.581139 
1.581139 
1.581139 
1.802776 
1.802776 
0.000000 
0.000000 
1.581139 
1.581139 
3.162278 
3.162278 
1.118034 
1.118034 
2.236068 
2.236068 
2.061553 
2.061553 
6.800735 
6.800735 
2.061553 
2.061553 
2.061553 
2.061553 
16.530275 
16.530275 
3.162278 
3.162278 
1.000000 
1.000000 
2.236068 
2.236068 
2.500000 
2.500000 
5.000000 
5.000000 
2.000000 
2.000000 
1.581139 
1.581139 
35.850384 
35.850384 
3.162278 
3.162278 
0.707107 
0.707107 
2.236068 
2.236068 
2.061553 
2.061553 
3.041381 
3.041381 
7.017834 
7.017834 
1.581139 
1.581139 
3.354102 
3.354102 
3.162278 
3.162278 
3.162278 
3.162278 
2.236068 
2.236068 
3.535534 
3.535534 
3.000000 
3.000000 
2.549510 
2.549510 
1.581139 
1.581139 
2.236068 
2.236068 
3.162278 
3.162278 
3.162278 
3.162278 
2.236068 
2.236068 
2.000000 
2.000000 
2.061553 
2.061553 
3.535534 
3.535534 
1.581139 
1.581139 
15.074813 
15.074813 
3.162278 
3.162278 
3.162278 
3.162278 
2.236068 
2.236068 
3.041381 
3.041381 
6.103278 
6.103278 
7.762087 
7.762087 
1.581139 
1.581139 
15.890249 
15.890249 
3.162278 
3.162278 
3.162278 
3.162278 
2.236068 
2.236068 
9.552487 
9.552487 
3.000000 
3.000000 
2.549510 
2.549510 
14.035669 
14.035669 
3.162278 
3.162278 
3.162278 
3.162278 
3.162278 
3.162278 
2.236068 
2.236068 
2.692582 
2.692582 
1.581139 
1.581139 
3.000000 
3.000000 
2.000000 
2.000000 
3.201562 
3.201562 
3.162278 
3.162278 
3.162278 
3.162278 
2.236068 
2.236068 
2.549510 
2.549510 
3.041381 
3.041381 
2.061553 
2.061553 
2.549510 
2.549510 
1.802776 
1.802776 
3.162278 
3.162278 
2.236068 
2.236068 
1.414214 
1.414214 
3.605551 
3.605551 
5.024938 
5.024938 
1.581139 
1.581139 
0.500000 
0.500000 
3.162278 
3.162278 
2.236068 
2.236068 
0.707107 
0.707107 
0.000000 
0.000000 
1.118034 
1.118034 
0.000000 
0.000000 
1.118034 
1.118034 
3.162278 
3.162278 
2.236068 
2.236068 
0.500000 
0.500000 
6.000000 
6.000000 
0.707107 
0.707107 
0.500000 
0.500000 
2.500000 
2.500000 
3.162278 
3.162278 
2.236068 
2.236068 
2.236068 
2.236068 
0.500000 
0.500000 
0.500000 
0.500000 
