0.000000 
0.000000 
2.236068 
2.236068 
1.581139 
1.581139 
4.743416 
4.743416 
0.000000 
0.000000 
3.640055 
3.640055 
0.000000 
0.000000 
17.507141 
17.507141 
0.000000 
0.000000 
4.000000 
4.000000 
0.000000 
0.000000 
4.272002 
4.272002 
0.000000 
0.000000 
2.061553 
2.061553 
21.005952 
21.005952 
3.535534 
3.535534 
0.000000 
0.000000 
2.500000 
2.500000 
31.642535 
31.642535 
1.802776 
1.802776 
3.640055 
3.640055 
1.000000 
1.000000 
1.000000 
1.000000 
3.640055 
3.640055 
1.414214 
1.414214 
0.000000 
0.000000 
1.000000 
1.000000 
3.640055 
3.640055 
1.414214 
1.414214 
1.802776 
1.802776 
1.000000 
1.000000 
3.640055 
3.640055 
1.414214 
1.414214 
2.236068 
2.236068 
1.000000 
1.000000 
3.640055 
3.640055 
1.414214 
1.414214 
0.707107 
0.707107 
1.000000 
1.000000 
3.640055 
3.640055 
1.414214 
1.414214 
1.414214 
1.414214 
1.000000 
1.000000 
3.640055 
3.640055 
1.414214 
1.414214 
0.000000 
0.000000 
1.000000 
1.000000 
3.640055 
3.640055 
1.414214 
1.414214 
0.000000 
0.000000 
24.627221 
24.627221 
3.640055 
3.640055 
1.414214 
1.414214 
31.515869 
31.515869 
24.627221 
24.627221 
3.640055 
3.640055 
1.414214 
1.414214 
0.707107 
0.707107 
24.627221 
24.627221 
3.640055 
3.640055 
1.414214 
1.414214 
23.048861 
23.048861 
24.627221 
24.627221 
3.640055 
3.640055 
1.414214 
1.414214 
1.000000 
1.000000 
24.627221 
24.627221 
3.640055 
3.640055 
1.414214 
1.414214 
0.500000 
0.500000 
24.627221 
24.627221 
3.640055 
3.640055 
1.414214 
1.414214 
0.000000 
0.000000 
24.627221 
24.627221 
3.640055 
3.640055 
1.414214 
1.414214 
1.500000 
1.500000 
24.627221 
24.627221 
1.414214 
1.414214 
2.000000 
2.000000 
24.627221 
24.627221 
1.802776 
1.802776 
24.627221 
24.627221 
1.000000 
1.000000 
24.627221 
24.627221 
0.000000 
0.000000 
1.000000 
1.000000 
24.627221 
24.627221 
2.549510 
2.549510 
1.000000 
1.000000 
24.627221 
24.627221 
0.000000 
0.000000 
2.549510 
2.549510 
1.000000 
1.000000 
24.627221 
24.627221 
2.549510 
2.549510 
2.549510 
2.549510 
1.000000 
1.000000 
24.627221 
24.627221 
4.609772 
4.609772 
2.549510 
2.549510 
1.000000 
1.000000 
5.315073 
5.315073 
2.549510 
2.549510 
1.000000 
1.000000 
1.000000 
1.000000 
2.549510 
2.549510 
1.000000 
1.000000 
2.692582 
2.692582 
2.549510 
2.549510 
1.000000 
1.000000 
0.000000 
0.000000 
6.184658 
6.184658 
2.549510 
2.549510 
1.000000 
1.000000 
