0.000000 
0.000000 
0.000000 
0.000000 
0.000000 
0.000000 
0.000000 
0.000000 
0.000000 
0.000000 
0.000000 
0.000000 
1.118034 
1.118034 
1.118034 
1.118034 
1.581139 
1.581139 
25.519600 
25.519600 
0.000000 
0.000000 
1.000000 
1.000000 
1.118034 
1.118034 
0.500000 
0.500000 
3.535534 
3.535534 
0.000000 
0.000000 
1.118034 
1.118034 
1.118034 
1.118034 
2.500000 
2.500000 
0.000000 
0.000000 
3.535534 
3.535534 
0.000000 
0.000000 
1.118034 
1.118034 
1.118034 
1.118034 
2.000000 
2.000000 
1.118034 
1.118034 
1.581139 
1.581139 
0.000000 
0.000000 
1.118034 
1.118034 
1.118034 
1.118034 
0.707107 
0.707107 
0.500000 
0.500000 
1.581139 
1.581139 
0.000000 
0.000000 
1.118034 
1.118034 
1.118034 
1.118034 
2.000000 
2.000000 
0.000000 
0.000000 
1.414214 
1.414214 
1.581139 
1.581139 
0.000000 
0.000000 
1.118034 
1.118034 
1.118034 
1.118034 
2.000000 
2.000000 
1.802776 
1.802776 
1.414214 
1.414214 
1.581139 
1.581139 
0.000000 
0.000000 
1.118034 
1.118034 
1.118034 
1.118034 
2.000000 
2.000000 
0.000000 
0.000000 
1.581139 
1.581139 
1.414214 
1.414214 
1.581139 
1.581139 
0.000000 
0.000000 
1.118034 
1.118034 
1.118034 
1.118034 
2.000000 
2.000000 
1.581139 
1.581139 
0.500000 
0.500000 
1.414214 
1.414214 
1.581139 
1.581139 
0.000000 
0.000000 
1.118034 
1.118034 
1.118034 
1.118034 
2.000000 
2.000000 
0.000000 
0.000000 
0.500000 
0.500000 
23.086793 
23.086793 
1.414214 
1.414214 
1.581139 
1.581139 
0.000000 
0.000000 
1.118034 
1.118034 
1.118034 
1.118034 
2.000000 
2.000000 
0.000000 
0.000000 
0.000000 
0.000000 
3.000000 
3.000000 
2.692582 
2.692582 
1.414214 
1.414214 
1.581139 
1.581139 
0.000000 
0.000000 
1.118034 
1.118034 
1.118034 
1.118034 
2.000000 
2.000000 
2.061553 
2.061553 
0.000000 
0.000000 
0.500000 
0.500000 
1.414214 
1.414214 
1.414214 
1.414214 
1.581139 
1.581139 
0.000000 
0.000000 
1.118034 
1.118034 
1.118034 
1.118034 
2.000000 
2.000000 
3.041381 
3.041381 
0.000000 
0.000000 
1.118034 
1.118034 
7.905694 
7.905694 
1.414214 
1.414214 
1.581139 
1.581139 
0.000000 
0.000000 
1.118034 
1.118034 
1.118034 
1.118034 
2.000000 
2.000000 
2.549510 
2.549510 
0.000000 
0.000000 
0.000000 
0.000000 
3.500000 
3.500000 
1.414214 
1.414214 
1.581139 
1.581139 
1.118034 
1.118034 
1.118034 
1.118034 
2.000000 
2.000000 
0.000000 
0.000000 
2.549510 
2.549510 
0.000000 
0.000000 
1.581139 
1.581139 
8.062258 
8.062258 
1.414214 
1.414214 
1.581139 
1.581139 
1.118034 
1.118034 
2.000000 
2.000000 
0.000000 
0.000000 
2.549510 
2.549510 
0.000000 
0.000000 
1.581139 
1.581139 
11.101802 
11.101802 
1.414214 
1.414214 
1.581139 
1.581139 
1.118034 
1.118034 
2.000000 
2.000000 
0.000000 
0.000000 
0.000000 
0.000000 
2.549510 
2.549510 
0.000000 
0.000000 
1.581139 
1.581139 
3.500000 
3.500000 
1.414214 
1.414214 
1.581139 
1.581139 
2.000000 
2.000000 
3.500000 
3.500000 
0.000000 
0.000000 
2.549510 
2.549510 
0.000000 
0.000000 
1.581139 
1.581139 
20.597330 
20.597330 
1.414214 
1.414214 
1.581139 
1.581139 
7.516648 
7.516648 
3.500000 
3.500000 
0.000000 
0.000000 
2.549510 
2.549510 
0.000000 
0.000000 
1.581139 
1.581139 
5.024938 
5.024938 
1.414214 
1.414214 
8.746428 
8.746428 
3.500000 
3.500000 
0.000000 
0.000000 
2.549510 
2.549510 
0.000000 
0.000000 
1.581139 
1.581139 
1.118034 
1.118034 
1.414214 
1.414214 
3.905125 
3.905125 
3.500000 
3.500000 
0.000000 
0.000000 
2.549510 
2.549510 
0.000000 
0.000000 
1.581139 
1.581139 
1.118034 
1.118034 
4.272002 
4.272002 
3.500000 
3.500000 
0.000000 
0.000000 
2.549510 
2.549510 
0.000000 
0.000000 
1.581139 
1.581139 
1.118034 
1.118034 
24.505102 
24.505102 
3.500000 
3.500000 
0.000000 
0.000000 
2.549510 
2.549510 
0.000000 
0.000000 
1.581139 
1.581139 
1.118034 
1.118034 
2.061553 
2.061553 
3.500000 
3.500000 
0.000000 
0.000000 
2.549510 
2.549510 
0.000000 
0.000000 
1.581139 
1.581139 
1.118034 
1.118034 
0.707107 
0.707107 
3.500000 
3.500000 
0.000000 
0.000000 
2.549510 
2.549510 
1.581139 
1.581139 
1.118034 
1.118034 
3.605551 
3.605551 
3.500000 
3.500000 
0.000000 
0.000000 
2.549510 
2.549510 
1.581139 
1.581139 
1.118034 
1.118034 
3.201562 
3.201562 
3.500000 
3.500000 
0.000000 
0.000000 
2.549510 
2.549510 
1.581139 
1.581139 
1.118034 
1.118034 
2.121320 
2.121320 
3.500000 
3.500000 
0.000000 
0.000000 
2.549510 
2.549510 
1.581139 
1.581139 
4.000000 
4.000000 
2.121320 
2.121320 
3.500000 
3.500000 
0.000000 
0.000000 
1.581139 
1.581139 
30.203477 
30.203477 
2.121320 
2.121320 
0.000000 
0.000000 
3.500000 
3.500000 
29.538111 
29.538111 
2.121320 
2.121320 
1.581139 
1.581139 
3.500000 
3.500000 
0.000000 
0.000000 
2.121320 
2.121320 
0.000000 
0.000000 
1.414214 
1.414214 
3.500000 
3.500000 
1.581139 
1.581139 
2.121320 
2.121320 
0.000000 
0.000000 
4.527693 
4.527693 
1.414214 
1.414214 
31.064449 
31.064449 
2.121320 
2.121320 
1.118034 
1.118034 
2.061553 
2.061553 
1.414214 
1.414214 
1.000000 
1.000000 
2.121320 
2.121320 
0.707107 
0.707107 
3.354102 
3.354102 
1.414214 
1.414214 
0.500000 
0.500000 
2.121320 
2.121320 
1.000000 
1.000000 
2.061553 
2.061553 
1.414214 
1.414214 
1.581139 
1.581139 
2.121320 
2.121320 
0.000000 
0.000000 
2.061553 
2.061553 
1.414214 
1.414214 
1.500000 
1.500000 
2.121320 
2.121320 
