0.000000 
0.000000 
0.000000 
0.000000 
1.118034 
1.118034 
3.162278 
3.162278 
3.041381 
3.041381 
1.802776 
1.802776 
1.581139 
1.581139 
2.236068 
2.236068 
0.707107 
0.707107 
1.118034 
1.118034 
1.581139 
1.581139 
1.500000 
1.500000 
2.121320 
2.121320 
2.500000 
2.500000 
3.807887 
3.807887 
2.500000 
2.500000 
0.500000 
0.500000 
2.500000 
2.500000 
0.500000 
0.500000 
2.500000 
2.500000 
0.500000 
0.500000 
4.716991 
4.716991 
0.500000 
0.500000 
1.500000 
1.500000 
0.500000 
0.500000 
1.500000 
1.500000 
0.500000 
0.500000 
1.500000 
1.500000 
0.500000 
0.500000 
1.500000 
1.500000 
0.500000 
0.500000 
1.500000 
1.500000 
0.500000 
0.500000 
1.500000 
1.500000 
0.500000 
0.500000 
1.500000 
1.500000 
0.500000 
0.500000 
1.500000 
1.500000 
0.500000 
0.500000 
1.500000 
1.500000 
0.000000 
0.000000 
0.000000 
0.000000 
0.500000 
0.500000 
1.500000 
1.500000 
2.000000 
2.000000 
1.118034 
1.118034 
0.500000 
0.500000 
1.500000 
1.500000 
2.061553 
2.061553 
15.033296 
15.033296 
0.500000 
0.500000 
1.500000 
1.500000 
1.118034 
1.118034 
3.162278 
3.162278 
1.500000 
1.500000 
0.000000 
0.000000 
12.010412 
12.010412 
2.500000 
2.500000 
1.500000 
1.500000 
0.000000 
0.000000 
12.010412 
12.010412 
1.118034 
1.118034 
1.500000 
1.500000 
0.000000 
0.000000 
15.890249 
15.890249 
1.414214 
1.414214 
0.000000 
0.000000 
1.802776 
1.802776 
1.414214 
1.414214 
0.000000 
0.000000 
3.535534 
3.535534 
3.535534 
3.535534 
0.000000 
0.000000 
2.000000 
2.000000 
1.118034 
1.118034 
0.000000 
0.000000 
16.446884 
16.446884 
19.104973 
19.104973 
0.000000 
0.000000 
1.500000 
1.500000 
0.500000 
0.500000 
0.000000 
0.000000 
1.500000 
1.500000 
0.500000 
0.500000 
0.000000 
0.000000 
1.500000 
1.500000 
1.118034 
1.118034 
0.000000 
0.000000 
1.500000 
1.500000 
1.118034 
1.118034 
0.000000 
0.000000 
1.500000 
1.500000 
3.605551 
3.605551 
0.000000 
0.000000 
23.505319 
23.505319 
1.118034 
1.118034 
0.000000 
0.000000 
1.118034 
1.118034 
1.118034 
1.118034 
0.000000 
0.000000 
2.000000 
2.000000 
1.118034 
1.118034 
