0.000000 
0.000000 
0.000000 
0.000000 
0.500000 
0.500000 
1.000000 
1.000000 
0.500000 
0.500000 
1.000000 
1.000000 
0.500000 
0.500000 
1.414214 
1.414214 
3.535534 
3.535534 
0.500000 
0.500000 
0.707107 
0.707107 
0.707107 
0.707107 
0.500000 
0.500000 
1.118034 
1.118034 
1.414214 
1.414214 
1.118034 
1.118034 
0.500000 
0.500000 
6.576473 
6.576473 
1.118034 
1.118034 
1.118034 
1.118034 
1.118034 
1.118034 
2.061553 
2.061553 
1.118034 
1.118034 
0.707107 
0.707107 
0.000000 
0.000000 
2.236068 
2.236068 
11.011358 
11.011358 
0.500000 
0.500000 
2.061553 
2.061553 
0.500000 
0.500000 
1.118034 
1.118034 
1.000000 
1.000000 
1.118034 
1.118034 
0.707107 
0.707107 
1.118034 
1.118034 
0.707107 
0.707107 
0.000000 
0.000000 
0.707107 
0.707107 
6.020797 
6.020797 
0.707107 
0.707107 
0.000000 
0.000000 
0.707107 
0.707107 
1.500000 
1.500000 
0.707107 
0.707107 
1.581139 
1.581139 
0.707107 
0.707107 
3.041381 
3.041381 
0.707107 
0.707107 
1.581139 
1.581139 
0.707107 
0.707107 
1.118034 
1.118034 
2.000000 
2.000000 
1.581139 
1.581139 
0.707107 
0.707107 
2.236068 
2.236068 
1.000000 
1.000000 
2.500000 
2.500000 
0.707107 
0.707107 
2.236068 
2.236068 
1.000000 
1.000000 
2.500000 
2.500000 
0.707107 
0.707107 
6.082763 
6.082763 
2.236068 
2.236068 
2.500000 
2.500000 
0.707107 
0.707107 
2.000000 
2.000000 
1.000000 
1.000000 
2.500000 
2.500000 
0.707107 
0.707107 
1.500000 
1.500000 
1.581139 
1.581139 
14.317821 
14.317821 
0.707107 
0.707107 
1.500000 
1.500000 
0.707107 
0.707107 
0.500000 
0.500000 
0.707107 
0.707107 
1.500000 
1.500000 
0.707107 
0.707107 
1.118034 
1.118034 
0.707107 
0.707107 
1.118034 
1.118034 
1.000000 
1.000000 
1.500000 
1.500000 
0.707107 
0.707107 
1.000000 
1.000000 
6.519202 
6.519202 
0.500000 
0.500000 
0.707107 
0.707107 
0.500000 
0.500000 
0.500000 
0.500000 
0.707107 
0.707107 
4.609772 
4.609772 
1.118034 
1.118034 
0.707107 
0.707107 
0.500000 
0.500000 
0.500000 
0.500000 
0.707107 
0.707107 
0.500000 
0.500000 
1.118034 
1.118034 
12.747549 
12.747549 
1.581139 
1.581139 
0.500000 
0.500000 
9.617692 
9.617692 
2.236068 
2.236068 
1.118034 
1.118034 
2.061553 
2.061553 
1.000000 
1.000000 
1.500000 
1.500000 
0.500000 
0.500000 
1.000000 
1.000000 
2.000000 
2.000000 
0.000000 
0.000000 
0.500000 
0.500000 
1.000000 
1.000000 
1.000000 
1.000000 
1.000000 
1.000000 
0.500000 
0.500000 
1.000000 
1.000000 
6.000000 
6.000000 
