0.000000 
0.000000 
3.535534 
3.535534 
3.000000 
3.000000 
3.000000 
3.000000 
3.000000 
3.000000 
0.000000 
0.000000 
3.000000 
3.000000 
1.118034 
1.118034 
3.000000 
3.000000 
0.500000 
0.500000 
3.000000 
3.000000 
0.500000 
0.500000 
4.500000 
4.500000 
0.500000 
0.500000 
1.581139 
1.581139 
0.500000 
0.500000 
28.071338 
28.071338 
7.566373 
7.566373 
33.034073 
33.034073 
17.507141 
17.507141 
1.000000 
1.000000 
27.504545 
27.504545 
1.000000 
1.000000 
1.802776 
1.802776 
1.000000 
1.000000 
31.400637 
31.400637 
1.000000 
1.000000 
1.414214 
1.414214 
1.000000 
1.000000 
1.118034 
1.118034 
1.000000 
1.000000 
0.500000 
0.500000 
1.000000 
1.000000 
1.118034 
1.118034 
1.000000 
1.000000 
1.581139 
1.581139 
1.000000 
1.000000 
0.000000 
0.000000 
3.041381 
3.041381 
1.000000 
1.000000 
2.692582 
2.692582 
20.524376 
20.524376 
1.000000 
1.000000 
4.924429 
4.924429 
1.118034 
1.118034 
1.000000 
1.000000 
5.000000 
5.000000 
0.707107 
0.707107 
1.000000 
1.000000 
13.536986 
13.536986 
0.500000 
0.500000 
1.000000 
1.000000 
2.692582 
2.692582 
0.500000 
0.500000 
1.000000 
1.000000 
3.807887 
3.807887 
0.500000 
0.500000 
3.807887 
3.807887 
0.500000 
0.500000 
3.807887 
3.807887 
0.500000 
0.500000 
3.807887 
3.807887 
0.500000 
0.500000 
3.807887 
3.807887 
0.500000 
0.500000 
3.807887 
3.807887 
0.500000 
0.500000 
3.807887 
3.807887 
8.077747 
8.077747 
3.807887 
3.807887 
23.505319 
23.505319 
3.807887 
3.807887 
23.505319 
23.505319 
3.807887 
3.807887 
23.505319 
23.505319 
3.807887 
3.807887 
23.505319 
23.505319 
3.807887 
3.807887 
23.505319 
23.505319 
