0.000000 
0.000000 
0.000000 
0.000000 
0.000000 
0.000000 
0.000000 
0.000000 
0.000000 
0.000000 
0.000000 
0.000000 
0.000000 
0.000000 
0.000000 
0.000000 
0.000000 
0.000000 
1.118034 
1.118034 
1.500000 
1.500000 
0.000000 
0.000000 
0.000000 
0.000000 
0.500000 
0.500000 
1.118034 
1.118034 
0.500000 
0.500000 
19.608672 
19.608672 
0.000000 
0.000000 
0.500000 
0.500000 
0.000000 
0.000000 
0.500000 
0.500000 
19.608672 
19.608672 
0.000000 
0.000000 
0.000000 
0.000000 
1.581139 
1.581139 
1.414214 
1.414214 
19.608672 
19.608672 
0.000000 
0.000000 
0.000000 
0.000000 
0.707107 
0.707107 
2.236068 
2.236068 
19.608672 
19.608672 
0.000000 
0.000000 
1.118034 
1.118034 
1.118034 
1.118034 
1.802776 
1.802776 
19.608672 
19.608672 
0.000000 
0.000000 
8.732125 
8.732125 
3.041381 
3.041381 
12.589678 
12.589678 
19.608672 
19.608672 
0.000000 
0.000000 
1.581139 
1.581139 
3.000000 
3.000000 
2.061553 
2.061553 
19.608672 
19.608672 
0.000000 
0.000000 
4.527693 
4.527693 
2.549510 
2.549510 
1.000000 
1.000000 
19.608672 
19.608672 
0.000000 
0.000000 
1.118034 
1.118034 
3.162278 
3.162278 
0.500000 
0.500000 
19.608672 
19.608672 
0.000000 
0.000000 
0.500000 
0.500000 
2.061553 
2.061553 
0.707107 
0.707107 
19.608672 
19.608672 
0.000000 
0.000000 
0.000000 
0.000000 
0.000000 
0.000000 
0.500000 
0.500000 
1.000000 
1.000000 
19.608672 
19.608672 
0.500000 
0.500000 
0.500000 
0.500000 
1.118034 
1.118034 
0.500000 
0.500000 
19.608672 
19.608672 
0.000000 
0.000000 
4.609772 
4.609772 
1.414214 
1.414214 
1.118034 
1.118034 
19.608672 
19.608672 
0.500000 
0.500000 
0.500000 
0.500000 
1.802776 
1.802776 
2.000000 
2.000000 
19.608672 
19.608672 
0.707107 
0.707107 
0.707107 
0.707107 
1.802776 
1.802776 
1.118034 
1.118034 
19.608672 
19.608672 
1.118034 
1.118034 
1.118034 
1.118034 
0.000000 
0.000000 
1.118034 
1.118034 
1.000000 
1.000000 
0.500000 
0.500000 
1.000000 
1.000000 
0.000000 
0.000000 
0.707107 
0.707107 
0.500000 
0.500000 
0.000000 
0.000000 
1.118034 
1.118034 
0.707107 
0.707107 
0.707107 
0.707107 
0.500000 
0.500000 
0.000000 
0.000000 
0.707107 
0.707107 
0.000000 
0.000000 
0.000000 
0.000000 
0.500000 
0.500000 
0.707107 
0.707107 
0.500000 
0.500000 
0.500000 
0.500000 
1.802776 
1.802776 
0.707107 
0.707107 
0.500000 
0.500000 
0.500000 
0.500000 
0.500000 
0.500000 
0.707107 
0.707107 
0.500000 
0.500000 
1.118034 
1.118034 
0.707107 
0.707107 
0.707107 
0.707107 
0.000000 
0.000000 
1.118034 
1.118034 
2.061553 
2.061553 
0.707107 
0.707107 
0.500000 
0.500000 
0.707107 
0.707107 
1.500000 
1.500000 
0.707107 
0.707107 
0.707107 
0.707107 
1.414214 
1.414214 
1.581139 
1.581139 
0.707107 
0.707107 
0.707107 
0.707107 
2.000000 
2.000000 
1.802776 
1.802776 
0.707107 
0.707107 
0.707107 
0.707107 
2.549510 
2.549510 
0.500000 
0.500000 
0.707107 
0.707107 
7.017834 
7.017834 
3.162278 
3.162278 
14.008926 
14.008926 
0.707107 
0.707107 
0.707107 
0.707107 
2.500000 
2.500000 
14.008926 
14.008926 
0.707107 
0.707107 
4.609772 
4.609772 
1.118034 
1.118034 
14.008926 
14.008926 
0.707107 
0.707107 
4.609772 
4.609772 
1.118034 
1.118034 
14.008926 
14.008926 
4.609772 
4.609772 
1.118034 
1.118034 
14.008926 
14.008926 
4.609772 
4.609772 
1.118034 
1.118034 
14.008926 
14.008926 
