0.000000 
0.000000 
0.000000 
0.000000 
0.000000 
0.000000 
0.000000 
0.000000 
0.000000 
0.000000 
0.000000 
0.000000 
0.000000 
0.000000 
0.000000 
0.000000 
0.000000 
0.000000 
0.000000 
0.000000 
0.707107 
0.707107 
2.061553 
2.061553 
3.041381 
3.041381 
1.500000 
1.500000 
0.000000 
0.000000 
0.000000 
0.000000 
0.707107 
0.707107 
0.000000 
0.000000 
0.000000 
0.000000 
0.707107 
0.707107 
2.549510 
2.549510 
3.041381 
3.041381 
2.061553 
2.061553 
0.500000 
0.500000 
0.000000 
0.000000 
4.031129 
4.031129 
0.707107 
0.707107 
0.000000 
0.000000 
0.000000 
0.000000 
1.581139 
1.581139 
4.272002 
4.272002 
3.041381 
3.041381 
1.000000 
1.000000 
4.123106 
4.123106 
0.000000 
0.000000 
0.000000 
0.000000 
3.041381 
3.041381 
0.707107 
0.707107 
0.000000 
0.000000 
0.000000 
0.000000 
0.707107 
0.707107 
1.581139 
1.581139 
3.041381 
3.041381 
1.500000 
1.500000 
1.000000 
1.000000 
0.000000 
0.000000 
1.414214 
1.414214 
0.000000 
0.000000 
3.041381 
3.041381 
0.707107 
0.707107 
0.000000 
0.000000 
0.000000 
0.000000 
0.707107 
0.707107 
0.500000 
0.500000 
3.041381 
3.041381 
1.118034 
1.118034 
0.000000 
0.000000 
0.000000 
0.000000 
4.609772 
4.609772 
1.414214 
1.414214 
0.000000 
0.000000 
3.041381 
3.041381 
0.707107 
0.707107 
0.000000 
0.000000 
0.000000 
0.000000 
0.707107 
0.707107 
0.500000 
0.500000 
3.041381 
3.041381 
0.500000 
0.500000 
0.500000 
0.500000 
1.414214 
1.414214 
3.000000 
3.000000 
1.414214 
1.414214 
0.000000 
0.000000 
3.041381 
3.041381 
0.707107 
0.707107 
0.000000 
0.000000 
0.000000 
0.000000 
0.500000 
0.500000 
0.500000 
0.500000 
3.041381 
3.041381 
0.500000 
0.500000 
0.500000 
0.500000 
0.000000 
0.000000 
0.000000 
0.000000 
2.061553 
2.061553 
3.000000 
3.000000 
1.414214 
1.414214 
0.000000 
0.000000 
3.041381 
3.041381 
0.707107 
0.707107 
0.000000 
0.000000 
0.000000 
0.000000 
0.500000 
0.500000 
0.500000 
0.500000 
3.041381 
3.041381 
0.500000 
0.500000 
0.707107 
0.707107 
0.000000 
0.000000 
1.000000 
1.000000 
3.500000 
3.500000 
2.061553 
2.061553 
3.000000 
3.000000 
1.414214 
1.414214 
0.000000 
0.000000 
3.041381 
3.041381 
0.707107 
0.707107 
0.000000 
0.000000 
0.000000 
0.000000 
2.549510 
2.549510 
0.500000 
0.500000 
3.041381 
3.041381 
0.500000 
0.500000 
0.500000 
0.500000 
1.118034 
1.118034 
2.236068 
2.236068 
3.640055 
3.640055 
2.061553 
2.061553 
3.000000 
3.000000 
1.414214 
1.414214 
0.000000 
0.000000 
3.041381 
3.041381 
0.707107 
0.707107 
0.000000 
0.000000 
0.000000 
0.000000 
1.118034 
1.118034 
0.500000 
0.500000 
3.041381 
3.041381 
0.500000 
0.500000 
0.000000 
0.000000 
0.000000 
0.000000 
0.000000 
0.000000 
1.118034 
1.118034 
2.236068 
2.236068 
2.061553 
2.061553 
2.061553 
2.061553 
3.000000 
3.000000 
1.414214 
1.414214 
0.000000 
0.000000 
3.041381 
3.041381 
0.707107 
0.707107 
0.000000 
0.000000 
0.000000 
0.000000 
2.000000 
2.000000 
0.500000 
0.500000 
3.041381 
3.041381 
0.500000 
0.500000 
0.707107 
0.707107 
0.000000 
0.000000 
0.000000 
0.000000 
0.000000 
0.000000 
1.500000 
1.500000 
1.118034 
1.118034 
2.061553 
2.061553 
2.061553 
2.061553 
2.061553 
2.061553 
3.000000 
3.000000 
1.414214 
1.414214 
0.000000 
0.000000 
3.041381 
3.041381 
0.707107 
0.707107 
0.000000 
0.000000 
0.000000 
0.000000 
0.000000 
0.000000 
0.500000 
0.500000 
3.041381 
3.041381 
0.500000 
0.500000 
0.000000 
0.000000 
1.000000 
1.000000 
4.031129 
4.031129 
0.000000 
0.000000 
2.061553 
2.061553 
1.118034 
1.118034 
1.500000 
1.500000 
2.061553 
2.061553 
2.061553 
2.061553 
3.000000 
3.000000 
1.414214 
1.414214 
0.000000 
0.000000 
3.041381 
3.041381 
0.707107 
0.707107 
0.000000 
0.000000 
0.000000 
0.000000 
1.118034 
1.118034 
0.500000 
0.500000 
3.041381 
3.041381 
0.500000 
0.500000 
0.000000 
0.000000 
1.000000 
1.000000 
2.692582 
2.692582 
0.000000 
0.000000 
4.031129 
4.031129 
1.118034 
1.118034 
1.581139 
1.581139 
2.061553 
2.061553 
2.061553 
2.061553 
3.000000 
3.000000 
1.414214 
1.414214 
0.000000 
0.000000 
3.041381 
3.041381 
0.707107 
0.707107 
0.000000 
0.000000 
0.000000 
0.000000 
0.500000 
0.500000 
0.500000 
0.500000 
3.041381 
3.041381 
0.500000 
0.500000 
0.500000 
0.500000 
0.000000 
0.000000 
1.000000 
1.000000 
2.692582 
2.692582 
0.000000 
0.000000 
2.000000 
2.000000 
1.118034 
1.118034 
0.707107 
0.707107 
2.061553 
2.061553 
2.061553 
2.061553 
3.000000 
3.000000 
1.414214 
1.414214 
0.000000 
0.000000 
3.041381 
3.041381 
0.707107 
0.707107 
0.500000 
0.500000 
0.500000 
0.500000 
3.041381 
3.041381 
0.500000 
0.500000 
0.500000 
0.500000 
0.000000 
0.000000 
0.000000 
0.000000 
4.031129 
4.031129 
1.000000 
1.000000 
2.692582 
2.692582 
0.000000 
0.000000 
2.000000 
2.000000 
1.118034 
1.118034 
6.020797 
6.020797 
2.061553 
2.061553 
2.061553 
2.061553 
3.000000 
3.000000 
1.414214 
1.414214 
0.000000 
0.000000 
3.041381 
3.041381 
0.707107 
0.707107 
0.500000 
0.500000 
0.500000 
0.500000 
0.500000 
0.500000 
0.000000 
0.000000 
1.581139 
1.581139 
1.118034 
1.118034 
3.162278 
3.162278 
1.000000 
1.000000 
2.692582 
2.692582 
0.000000 
0.000000 
2.000000 
2.000000 
1.118034 
1.118034 
0.707107 
0.707107 
2.061553 
2.061553 
2.061553 
2.061553 
3.000000 
3.000000 
1.414214 
1.414214 
0.000000 
0.000000 
3.041381 
3.041381 
0.500000 
0.500000 
0.500000 
0.500000 
0.500000 
0.500000 
0.707107 
0.707107 
0.000000 
0.000000 
2.692582 
2.692582 
0.000000 
0.000000 
3.162278 
3.162278 
1.000000 
1.000000 
2.692582 
2.692582 
0.000000 
0.000000 
2.000000 
2.000000 
1.118034 
1.118034 
4.031129 
4.031129 
2.061553 
2.061553 
2.061553 
2.061553 
3.000000 
3.000000 
1.414214 
1.414214 
0.000000 
0.000000 
3.041381 
3.041381 
0.500000 
0.500000 
0.500000 
0.500000 
0.500000 
0.500000 
0.500000 
0.500000 
0.000000 
0.000000 
0.000000 
0.000000 
3.162278 
3.162278 
2.692582 
2.692582 
0.000000 
0.000000 
3.162278 
3.162278 
1.000000 
1.000000 
2.692582 
2.692582 
0.000000 
0.000000 
2.000000 
2.000000 
1.118034 
1.118034 
1.118034 
1.118034 
2.061553 
2.061553 
2.061553 
2.061553 
3.000000 
3.000000 
1.414214 
1.414214 
0.500000 
0.500000 
0.500000 
0.500000 
0.500000 
0.500000 
0.707107 
0.707107 
0.500000 
0.500000 
1.581139 
1.581139 
3.640055 
3.640055 
2.692582 
2.692582 
0.000000 
0.000000 
3.162278 
3.162278 
1.000000 
1.000000 
2.692582 
2.692582 
0.000000 
0.000000 
2.000000 
2.000000 
1.118034 
1.118034 
0.500000 
0.500000 
2.061553 
2.061553 
2.061553 
2.061553 
3.000000 
3.000000 
0.000000 
0.000000 
0.500000 
0.500000 
0.707107 
0.707107 
0.000000 
0.000000 
0.000000 
0.000000 
0.707107 
0.707107 
1.581139 
1.581139 
3.640055 
3.640055 
2.692582 
2.692582 
0.000000 
0.000000 
3.162278 
3.162278 
1.000000 
1.000000 
2.692582 
2.692582 
0.000000 
0.000000 
2.000000 
2.000000 
1.118034 
1.118034 
0.500000 
0.500000 
2.061553 
2.061553 
2.061553 
2.061553 
3.000000 
3.000000 
0.500000 
0.500000 
0.500000 
0.500000 
2.061553 
2.061553 
3.535534 
3.535534 
0.000000 
0.000000 
1.581139 
1.581139 
3.640055 
3.640055 
2.692582 
2.692582 
0.000000 
0.000000 
3.162278 
3.162278 
1.000000 
1.000000 
2.692582 
2.692582 
0.000000 
0.000000 
2.000000 
2.000000 
1.118034 
1.118034 
0.500000 
0.500000 
2.061553 
2.061553 
2.061553 
2.061553 
0.500000 
0.500000 
0.500000 
0.500000 
3.162278 
3.162278 
3.500000 
3.500000 
2.000000 
2.000000 
1.581139 
1.581139 
3.640055 
3.640055 
2.692582 
2.692582 
0.000000 
0.000000 
3.162278 
3.162278 
1.000000 
1.000000 
2.692582 
2.692582 
0.000000 
0.000000 
2.000000 
2.000000 
1.118034 
1.118034 
0.500000 
0.500000 
2.061553 
2.061553 
0.500000 
0.500000 
0.707107 
0.707107 
0.000000 
0.000000 
0.000000 
0.000000 
0.000000 
0.000000 
3.640055 
3.640055 
3.500000 
3.500000 
2.236068 
2.236068 
1.581139 
1.581139 
3.640055 
3.640055 
2.692582 
2.692582 
0.000000 
0.000000 
3.162278 
3.162278 
1.000000 
1.000000 
2.692582 
2.692582 
0.000000 
0.000000 
2.000000 
2.000000 
1.118034 
1.118034 
0.500000 
0.500000 
2.061553 
2.061553 
0.000000 
0.000000 
0.707107 
0.707107 
0.000000 
0.000000 
0.500000 
0.500000 
2.692582 
2.692582 
3.605551 
3.605551 
1.500000 
1.500000 
3.500000 
3.500000 
2.236068 
2.236068 
1.581139 
1.581139 
3.640055 
3.640055 
2.692582 
2.692582 
0.000000 
0.000000 
3.162278 
3.162278 
1.000000 
1.000000 
2.692582 
2.692582 
0.000000 
0.000000 
2.000000 
2.000000 
0.500000 
0.500000 
2.061553 
2.061553 
0.707107 
0.707107 
2.000000 
2.000000 
0.000000 
0.000000 
4.527693 
4.527693 
0.000000 
0.000000 
2.692582 
2.692582 
4.031129 
4.031129 
1.500000 
1.500000 
3.500000 
3.500000 
2.236068 
2.236068 
1.581139 
1.581139 
3.640055 
3.640055 
2.692582 
2.692582 
0.000000 
0.000000 
3.162278 
3.162278 
1.000000 
1.000000 
2.692582 
2.692582 
2.000000 
2.000000 
0.707107 
0.707107 
0.000000 
0.000000 
1.000000 
1.000000 
0.000000 
0.000000 
1.581139 
1.581139 
10.000000 
10.000000 
0.500000 
0.500000 
2.692582 
2.692582 
4.031129 
4.031129 
1.500000 
1.500000 
3.500000 
3.500000 
2.236068 
2.236068 
1.581139 
1.581139 
3.640055 
3.640055 
2.692582 
2.692582 
0.000000 
0.000000 
3.162278 
3.162278 
1.000000 
1.000000 
2.692582 
2.692582 
2.000000 
2.000000 
0.500000 
0.500000 
0.500000 
0.500000 
0.000000 
0.000000 
0.000000 
0.000000 
0.000000 
0.000000 
3.640055 
3.640055 
1.581139 
1.581139 
3.535534 
3.535534 
0.707107 
0.707107 
2.692582 
2.692582 
4.031129 
4.031129 
1.500000 
1.500000 
3.500000 
3.500000 
2.236068 
2.236068 
1.581139 
1.581139 
3.640055 
3.640055 
2.692582 
2.692582 
0.000000 
0.000000 
3.162278 
3.162278 
1.000000 
1.000000 
2.692582 
2.692582 
2.000000 
2.000000 
1.500000 
1.500000 
0.500000 
0.500000 
1.118034 
1.118034 
0.500000 
0.500000 
2.061553 
2.061553 
3.535534 
3.535534 
1.581139 
1.581139 
1.000000 
1.000000 
0.000000 
0.000000 
2.692582 
2.692582 
4.031129 
4.031129 
1.500000 
1.500000 
3.500000 
3.500000 
2.236068 
2.236068 
1.581139 
1.581139 
3.640055 
3.640055 
2.692582 
2.692582 
0.000000 
0.000000 
3.162278 
3.162278 
2.000000 
2.000000 
0.707107 
0.707107 
0.500000 
0.500000 
1.118034 
1.118034 
0.000000 
0.000000 
0.000000 
0.000000 
0.000000 
0.000000 
1.000000 
1.000000 
2.061553 
2.061553 
3.535534 
3.535534 
1.581139 
1.581139 
1.000000 
1.000000 
3.535534 
3.535534 
2.692582 
2.692582 
4.031129 
4.031129 
1.500000 
1.500000 
3.500000 
3.500000 
2.236068 
2.236068 
1.581139 
1.581139 
3.640055 
3.640055 
2.692582 
2.692582 
0.000000 
0.000000 
3.162278 
3.162278 
1.118034 
1.118034 
0.500000 
0.500000 
0.500000 
0.500000 
4.123106 
4.123106 
2.549510 
2.549510 
2.061553 
2.061553 
0.500000 
0.500000 
2.061553 
2.061553 
3.535534 
3.535534 
1.581139 
1.581139 
1.000000 
1.000000 
0.500000 
0.500000 
2.692582 
2.692582 
4.031129 
4.031129 
1.500000 
1.500000 
3.500000 
3.500000 
2.236068 
2.236068 
1.581139 
1.581139 
3.640055 
3.640055 
2.692582 
2.692582 
0.000000 
0.000000 
3.162278 
3.162278 
1.000000 
1.000000 
0.500000 
0.500000 
1.118034 
1.118034 
0.000000 
0.000000 
0.000000 
0.000000 
3.535534 
3.535534 
2.549510 
2.549510 
2.692582 
2.692582 
0.500000 
0.500000 
2.061553 
2.061553 
3.535534 
3.535534 
1.581139 
1.581139 
1.000000 
1.000000 
0.000000 
0.000000 
2.692582 
2.692582 
4.031129 
4.031129 
1.500000 
1.500000 
3.500000 
3.500000 
2.236068 
2.236068 
1.581139 
1.581139 
3.640055 
3.640055 
2.692582 
2.692582 
0.000000 
0.000000 
1.118034 
1.118034 
0.500000 
0.500000 
1.118034 
1.118034 
0.000000 
0.000000 
2.500000 
2.500000 
0.500000 
0.500000 
3.535534 
3.535534 
2.549510 
2.549510 
2.061553 
2.061553 
1.118034 
1.118034 
2.061553 
2.061553 
3.535534 
3.535534 
1.581139 
1.581139 
1.000000 
1.000000 
0.000000 
0.000000 
2.692582 
2.692582 
4.031129 
4.031129 
1.500000 
1.500000 
3.500000 
3.500000 
2.236068 
2.236068 
1.581139 
1.581139 
3.640055 
3.640055 
0.500000 
0.500000 
0.500000 
0.500000 
1.118034 
1.118034 
0.000000 
0.000000 
3.535534 
3.535534 
2.500000 
2.500000 
1.118034 
1.118034 
3.535534 
3.535534 
2.549510 
2.549510 
8.015610 
8.015610 
0.000000 
0.000000 
2.061553 
2.061553 
3.535534 
3.535534 
1.581139 
1.581139 
1.000000 
1.000000 
0.500000 
0.500000 
2.692582 
2.692582 
4.031129 
4.031129 
1.500000 
1.500000 
3.500000 
3.500000 
2.236068 
2.236068 
1.581139 
1.581139 
3.640055 
3.640055 
1.000000 
1.000000 
0.500000 
0.500000 
1.118034 
1.118034 
2.000000 
2.000000 
3.640055 
3.640055 
2.500000 
2.500000 
0.000000 
0.000000 
3.535534 
3.535534 
2.549510 
2.549510 
3.162278 
3.162278 
1.118034 
1.118034 
2.061553 
2.061553 
3.535534 
3.535534 
1.581139 
1.581139 
1.000000 
1.000000 
0.000000 
0.000000 
2.692582 
2.692582 
4.031129 
4.031129 
1.500000 
1.500000 
3.500000 
3.500000 
2.236068 
2.236068 
0.707107 
0.707107 
0.500000 
0.500000 
1.118034 
1.118034 
0.000000 
0.000000 
3.041381 
3.041381 
3.640055 
3.640055 
2.500000 
2.500000 
1.000000 
1.000000 
3.535534 
3.535534 
2.549510 
2.549510 
2.000000 
2.000000 
0.000000 
0.000000 
2.061553 
2.061553 
3.535534 
3.535534 
1.581139 
1.581139 
1.000000 
1.000000 
4.500000 
4.500000 
2.692582 
2.692582 
4.031129 
4.031129 
1.500000 
1.500000 
3.500000 
3.500000 
2.236068 
2.236068 
3.535534 
3.535534 
0.500000 
0.500000 
1.118034 
1.118034 
0.000000 
0.000000 
0.000000 
0.000000 
3.500000 
3.500000 
3.041381 
3.041381 
3.640055 
3.640055 
2.500000 
2.500000 
1.118034 
1.118034 
3.535534 
3.535534 
2.549510 
2.549510 
2.000000 
2.000000 
0.500000 
0.500000 
2.061553 
2.061553 
3.535534 
3.535534 
1.581139 
1.581139 
1.000000 
1.000000 
0.500000 
0.500000 
2.692582 
2.692582 
4.031129 
4.031129 
1.500000 
1.500000 
3.500000 
3.500000 
2.236068 
2.236068 
0.500000 
0.500000 
0.500000 
0.500000 
1.118034 
1.118034 
0.000000 
0.000000 
3.162278 
3.162278 
0.000000 
0.000000 
3.640055 
3.640055 
3.041381 
3.041381 
3.640055 
3.640055 
2.500000 
2.500000 
1.000000 
1.000000 
3.535534 
3.535534 
2.549510 
2.549510 
2.000000 
2.000000 
0.000000 
0.000000 
2.061553 
2.061553 
3.535534 
3.535534 
1.581139 
1.581139 
1.000000 
1.000000 
0.500000 
0.500000 
2.692582 
2.692582 
4.031129 
4.031129 
1.500000 
1.500000 
2.236068 
2.236068 
1.000000 
1.000000 
0.500000 
0.500000 
1.118034 
1.118034 
