0.000000 
0.000000 
0.000000 
0.000000 
0.000000 
0.000000 
0.000000 
0.000000 
2.061553 
2.061553 
6.500000 
6.500000 
5.099020 
5.099020 
2.549510 
2.549510 
2.500000 
2.500000 
5.000000 
5.000000 
7.017834 
7.017834 
2.061553 
2.061553 
5.099020 
5.099020 
2.692582 
2.692582 
1.414214 
1.414214 
1.000000 
1.000000 
5.220153 
5.220153 
2.061553 
2.061553 
1.802776 
1.802776 
1.118034 
1.118034 
9.013878 
9.013878 
2.692582 
2.692582 
1.802776 
1.802776 
2.000000 
2.000000 
3.535534 
3.535534 
2.000000 
2.000000 
1.802776 
1.802776 
1.000000 
1.000000 
4.527693 
4.527693 
2.000000 
2.000000 
1.802776 
1.802776 
0.707107 
0.707107 
5.099020 
5.099020 
2.000000 
2.000000 
1.802776 
1.802776 
1.000000 
1.000000 
4.031129 
4.031129 
2.000000 
2.000000 
1.802776 
1.802776 
0.500000 
0.500000 
11.510864 
11.510864 
2.000000 
2.000000 
1.802776 
1.802776 
0.500000 
0.500000 
2.549510 
2.549510 
2.000000 
2.000000 
1.802776 
1.802776 
1.118034 
1.118034 
2.549510 
2.549510 
2.000000 
2.000000 
1.802776 
1.802776 
2.692582 
2.692582 
2.549510 
2.549510 
2.000000 
2.000000 
1.802776 
1.802776 
3.000000 
3.000000 
2.549510 
2.549510 
2.000000 
2.000000 
1.802776 
1.802776 
2.500000 
2.500000 
2.549510 
2.549510 
2.000000 
2.000000 
1.802776 
1.802776 
6.324555 
6.324555 
2.549510 
2.549510 
2.000000 
2.000000 
1.802776 
1.802776 
1.414214 
1.414214 
2.549510 
2.549510 
2.000000 
2.000000 
1.802776 
1.802776 
1.581139 
1.581139 
2.549510 
2.549510 
2.000000 
2.000000 
1.802776 
1.802776 
2.500000 
2.500000 
2.549510 
2.549510 
2.000000 
2.000000 
1.581139 
1.581139 
2.549510 
2.549510 
2.000000 
2.000000 
1.802776 
1.802776 
0.000000 
0.000000 
2.549510 
2.549510 
1.500000 
1.500000 
0.000000 
0.000000 
2.549510 
2.549510 
0.500000 
0.500000 
0.000000 
0.000000 
0.000000 
0.000000 
2.549510 
2.549510 
11.011358 
11.011358 
0.000000 
0.000000 
0.000000 
0.000000 
2.549510 
2.549510 
0.000000 
0.000000 
0.000000 
0.000000 
0.000000 
0.000000 
2.549510 
2.549510 
0.500000 
0.500000 
0.000000 
0.000000 
0.000000 
0.000000 
0.500000 
0.500000 
0.000000 
0.000000 
0.000000 
0.000000 
0.500000 
0.500000 
0.000000 
0.000000 
0.000000 
0.000000 
0.000000 
0.000000 
0.000000 
0.000000 
0.500000 
0.500000 
0.000000 
0.000000 
0.707107 
0.707107 
0.000000 
0.000000 
0.000000 
0.000000 
0.500000 
0.500000 
0.000000 
0.000000 
0.707107 
0.707107 
0.000000 
0.000000 
0.000000 
0.000000 
0.500000 
0.500000 
0.000000 
0.000000 
0.707107 
0.707107 
0.000000 
0.000000 
0.000000 
0.000000 
0.500000 
0.500000 
0.000000 
0.000000 
0.707107 
0.707107 
0.000000 
0.000000 
0.000000 
0.000000 
0.500000 
0.500000 
0.000000 
0.000000 
0.707107 
0.707107 
0.000000 
0.000000 
0.000000 
0.000000 
0.500000 
0.500000 
0.000000 
0.000000 
0.000000 
0.000000 
0.707107 
0.707107 
0.000000 
0.000000 
21.592823 
21.592823 
0.500000 
0.500000 
0.000000 
0.000000 
0.000000 
0.000000 
0.707107 
0.707107 
0.000000 
0.000000 
0.000000 
0.000000 
0.500000 
0.500000 
0.000000 
0.000000 
6.946222 
6.946222 
0.000000 
0.000000 
0.707107 
0.707107 
0.000000 
0.000000 
1.581139 
1.581139 
0.500000 
0.500000 
1.500000 
1.500000 
2.121320 
2.121320 
0.000000 
0.000000 
0.707107 
0.707107 
0.000000 
0.000000 
1.500000 
1.500000 
0.500000 
0.500000 
1.500000 
1.500000 
1.802776 
1.802776 
0.000000 
0.000000 
0.707107 
0.707107 
1.500000 
1.500000 
0.500000 
0.500000 
