0.000000 
0.000000 
0.000000 
0.000000 
0.000000 
0.000000 
0.000000 
0.000000 
0.000000 
0.000000 
0.000000 
0.000000 
0.000000 
0.000000 
0.000000 
0.000000 
0.000000 
0.000000 
0.000000 
0.000000 
0.000000 
0.000000 
0.000000 
0.000000 
7.433034 
7.433034 
1.118034 
1.118034 
1.414214 
1.414214 
1.414214 
1.414214 
1.414214 
1.414214 
1.414214 
1.414214 
1.414214 
1.414214 
1.414214 
1.414214 
1.414214 
1.414214 
1.414214 
1.414214 
1.414214 
1.414214 
1.414214 
1.414214 
1.414214 
1.414214 
1.414214 
1.414214 
1.414214 
1.414214 
1.414214 
1.414214 
1.414214 
1.414214 
0.000000 
0.000000 
0.707107 
0.707107 
0.707107 
0.707107 
