0.000000 
0.000000 
0.000000 
0.000000 
3.000000 
3.000000 
20.838666 
20.838666 
0.000000 
0.000000 
10.000000 
10.000000 
2.549510 
2.549510 
1.581139 
1.581139 
2.549510 
2.549510 
3.640055 
3.640055 
0.000000 
0.000000 
2.549510 
2.549510 
3.640055 
3.640055 
12.539936 
12.539936 
2.549510 
2.549510 
3.640055 
3.640055 
12.539936 
12.539936 
2.549510 
2.549510 
3.640055 
3.640055 
12.539936 
12.539936 
2.549510 
2.549510 
3.640055 
3.640055 
12.539936 
12.539936 
2.549510 
2.549510 
3.640055 
3.640055 
1.802776 
1.802776 
2.549510 
2.549510 
3.640055 
3.640055 
1.802776 
1.802776 
2.549510 
2.549510 
3.640055 
3.640055 
1.000000 
1.000000 
2.549510 
2.549510 
3.640055 
3.640055 
2.061553 
2.061553 
2.549510 
2.549510 
3.640055 
3.640055 
0.707107 
0.707107 
2.549510 
2.549510 
3.640055 
3.640055 
1.118034 
1.118034 
2.549510 
2.549510 
3.640055 
3.640055 
8.077747 
8.077747 
2.549510 
2.549510 
3.640055 
3.640055 
2.061553 
2.061553 
2.549510 
2.549510 
3.640055 
3.640055 
2.061553 
2.061553 
3.640055 
3.640055 
2.061553 
2.061553 
27.663152 
27.663152 
24.046829 
24.046829 
26.386550 
26.386550 
5.385165 
5.385165 
4.301163 
4.301163 
2.236068 
2.236068 
5.700877 
5.700877 
2.500000 
2.500000 
2.000000 
2.000000 
28.044607 
28.044607 
27.004629 
27.004629 
1.118034 
1.118034 
1.118034 
1.118034 
29.567719 
29.567719 
1.414214 
1.414214 
0.000000 
0.000000 
1.581139 
1.581139 
0.000000 
0.000000 
2.828427 
2.828427 
0.000000 
0.000000 
2.828427 
2.828427 
0.000000 
0.000000 
2.828427 
2.828427 
