0.000000 
0.000000 
3.041381 
3.041381 
0.000000 
0.000000 
2.000000 
2.000000 
0.000000 
0.000000 
3.041381 
3.041381 
0.000000 
0.000000 
1.802776 
1.802776 
14.508618 
14.508618 
0.500000 
0.500000 
2.915476 
2.915476 
2.236068 
2.236068 
0.000000 
0.000000 
2.915476 
2.915476 
1.500000 
1.500000 
1.581139 
1.581139 
2.915476 
2.915476 
11.510864 
11.510864 
0.707107 
0.707107 
2.915476 
2.915476 
0.707107 
0.707107 
1.118034 
1.118034 
2.915476 
2.915476 
1.000000 
1.000000 
0.707107 
0.707107 
2.915476 
2.915476 
0.707107 
0.707107 
0.000000 
0.000000 
2.915476 
2.915476 
1.000000 
1.000000 
0.500000 
0.500000 
2.915476 
2.915476 
2.236068 
2.236068 
0.000000 
0.000000 
0.500000 
0.500000 
2.915476 
2.915476 
9.340771 
9.340771 
0.000000 
0.000000 
0.500000 
0.500000 
1.581139 
1.581139 
10.735455 
10.735455 
0.000000 
0.000000 
0.500000 
0.500000 
1.581139 
1.581139 
4.031129 
4.031129 
0.000000 
0.000000 
0.500000 
0.500000 
1.581139 
1.581139 
4.031129 
4.031129 
0.000000 
0.000000 
0.500000 
0.500000 
1.581139 
1.581139 
4.031129 
4.031129 
0.000000 
0.000000 
0.000000 
0.000000 
0.500000 
0.500000 
1.581139 
1.581139 
4.031129 
4.031129 
1.000000 
1.000000 
0.000000 
0.000000 
0.500000 
0.500000 
1.581139 
1.581139 
4.031129 
4.031129 
1.581139 
1.581139 
0.000000 
0.000000 
0.500000 
0.500000 
1.581139 
1.581139 
4.031129 
4.031129 
1.581139 
1.581139 
0.000000 
0.000000 
0.500000 
0.500000 
1.581139 
1.581139 
4.031129 
4.031129 
1.581139 
1.581139 
0.000000 
0.000000 
0.500000 
0.500000 
1.581139 
1.581139 
4.031129 
4.031129 
1.581139 
1.581139 
0.000000 
0.000000 
0.500000 
0.500000 
1.581139 
1.581139 
4.031129 
4.031129 
1.581139 
1.581139 
0.000000 
0.000000 
0.500000 
0.500000 
1.581139 
1.581139 
4.031129 
4.031129 
1.581139 
1.581139 
0.000000 
0.000000 
0.500000 
0.500000 
1.581139 
1.581139 
4.031129 
4.031129 
0.000000 
0.000000 
1.581139 
1.581139 
0.000000 
0.000000 
0.500000 
0.500000 
1.581139 
1.581139 
4.031129 
4.031129 
1.118034 
1.118034 
1.581139 
1.581139 
0.000000 
0.000000 
1.581139 
1.581139 
4.031129 
4.031129 
12.010412 
12.010412 
1.581139 
1.581139 
1.581139 
1.581139 
4.031129 
4.031129 
12.010412 
12.010412 
1.581139 
1.581139 
4.031129 
4.031129 
12.010412 
12.010412 
1.581139 
1.581139 
12.010412 
12.010412 
1.581139 
1.581139 
12.010412 
12.010412 
1.581139 
1.581139 
14.142136 
14.142136 
1.581139 
1.581139 
1.500000 
1.500000 
1.581139 
1.581139 
0.707107 
0.707107 
2.549510 
2.549510 
0.000000 
0.000000 
3.041381 
3.041381 
