0.000000 
0.000000 
2.692582 
2.692582 
2.692582 
2.692582 
2.692582 
2.692582 
2.692582 
2.692582 
0.000000 
0.000000 
2.692582 
2.692582 
0.000000 
0.000000 
0.000000 
0.000000 
2.692582 
2.692582 
0.000000 
0.000000 
8.558621 
8.558621 
1.500000 
1.500000 
2.692582 
2.692582 
1.581139 
1.581139 
2.121320 
2.121320 
1.500000 
1.500000 
2.692582 
2.692582 
0.000000 
0.000000 
3.201562 
3.201562 
1.500000 
1.500000 
2.692582 
2.692582 
0.000000 
0.000000 
3.162278 
3.162278 
1.500000 
1.500000 
2.692582 
2.692582 
0.000000 
0.000000 
1.802776 
1.802776 
1.500000 
1.500000 
2.692582 
2.692582 
0.000000 
0.000000 
1.414214 
1.414214 
1.500000 
1.500000 
2.692582 
2.692582 
0.000000 
0.000000 
1.414214 
1.414214 
1.500000 
1.500000 
2.692582 
2.692582 
0.000000 
0.000000 
1.414214 
1.414214 
1.500000 
1.500000 
2.692582 
2.692582 
0.000000 
0.000000 
1.414214 
1.414214 
1.500000 
1.500000 
2.692582 
2.692582 
0.000000 
0.000000 
1.414214 
1.414214 
1.500000 
1.500000 
0.000000 
0.000000 
1.414214 
1.414214 
1.500000 
1.500000 
0.000000 
0.000000 
1.414214 
1.414214 
1.500000 
1.500000 
0.000000 
0.000000 
1.414214 
1.414214 
1.500000 
1.500000 
0.000000 
0.000000 
1.414214 
1.414214 
1.500000 
1.500000 
0.000000 
0.000000 
23.021729 
23.021729 
1.500000 
1.500000 
0.000000 
0.000000 
2.915476 
2.915476 
0.000000 
0.000000 
2.236068 
2.236068 
