0.000000 
0.000000 
0.000000 
0.000000 
12.419742 
12.419742 
15.231546 
15.231546 
12.419742 
12.419742 
3.640055 
3.640055 
12.419742 
12.419742 
4.949747 
4.949747 
0.000000 
0.000000 
12.419742 
12.419742 
1.802776 
1.802776 
1.500000 
1.500000 
12.419742 
12.419742 
24.129857 
24.129857 
14.916434 
14.916434 
12.419742 
12.419742 
15.182226 
15.182226 
0.000000 
0.000000 
3.640055 
3.640055 
12.419742 
12.419742 
15.182226 
15.182226 
22.505555 
22.505555 
3.640055 
3.640055 
12.419742 
12.419742 
15.182226 
15.182226 
22.505555 
22.505555 
3.640055 
3.640055 
12.419742 
12.419742 
15.182226 
15.182226 
22.505555 
22.505555 
3.640055 
3.640055 
12.419742 
12.419742 
15.182226 
15.182226 
0.000000 
0.000000 
22.505555 
22.505555 
3.640055 
3.640055 
12.419742 
12.419742 
15.182226 
15.182226 
0.000000 
0.000000 
22.505555 
22.505555 
3.640055 
3.640055 
12.419742 
12.419742 
15.182226 
15.182226 
0.000000 
0.000000 
22.505555 
22.505555 
3.640055 
3.640055 
12.419742 
12.419742 
15.182226 
15.182226 
0.000000 
0.000000 
22.505555 
22.505555 
3.640055 
3.640055 
12.419742 
12.419742 
15.182226 
15.182226 
0.000000 
0.000000 
22.505555 
22.505555 
3.640055 
3.640055 
12.419742 
12.419742 
15.182226 
15.182226 
0.000000 
0.000000 
0.000000 
0.000000 
22.505555 
22.505555 
3.640055 
3.640055 
15.182226 
15.182226 
2.500000 
2.500000 
0.000000 
0.000000 
22.505555 
22.505555 
3.640055 
3.640055 
15.182226 
15.182226 
3.041381 
3.041381 
0.000000 
0.000000 
22.505555 
22.505555 
3.640055 
3.640055 
15.182226 
15.182226 
3.500000 
3.500000 
0.000000 
0.000000 
22.505555 
22.505555 
3.640055 
3.640055 
15.182226 
15.182226 
3.041381 
3.041381 
0.000000 
0.000000 
22.505555 
22.505555 
3.640055 
3.640055 
15.182226 
15.182226 
3.041381 
3.041381 
0.000000 
0.000000 
22.505555 
22.505555 
3.640055 
3.640055 
3.041381 
3.041381 
0.000000 
0.000000 
22.505555 
22.505555 
3.041381 
3.041381 
0.000000 
0.000000 
3.041381 
3.041381 
0.000000 
0.000000 
3.041381 
3.041381 
0.000000 
0.000000 
3.041381 
3.041381 
3.041381 
3.041381 
3.041381 
3.041381 
3.041381 
3.041381 
3.041381 
3.041381 
3.041381 
3.041381 
3.041381 
3.041381 
3.041381 
3.041381 
3.041381 
3.041381 
