0.000000 
0.000000 
0.000000 
0.000000 
0.000000 
0.000000 
0.000000 
0.000000 
0.000000 
0.000000 
0.500000 
0.500000 
0.000000 
0.000000 
0.000000 
0.000000 
2.915476 
2.915476 
0.000000 
0.000000 
0.000000 
0.000000 
5.024938 
5.024938 
0.000000 
0.000000 
0.000000 
0.000000 
4.743416 
4.743416 
0.000000 
0.000000 
0.000000 
0.000000 
4.743416 
4.743416 
0.000000 
0.000000 
0.000000 
0.000000 
4.743416 
4.743416 
0.000000 
0.000000 
0.000000 
0.000000 
0.000000 
0.000000 
4.743416 
4.743416 
0.000000 
0.000000 
0.000000 
0.000000 
11.011358 
11.011358 
4.743416 
4.743416 
0.000000 
0.000000 
0.000000 
0.000000 
0.000000 
0.000000 
1.802776 
1.802776 
4.743416 
4.743416 
0.000000 
0.000000 
0.000000 
0.000000 
1.581139 
1.581139 
13.009612 
13.009612 
4.743416 
4.743416 
0.000000 
0.000000 
0.000000 
0.000000 
0.000000 
0.000000 
1.118034 
1.118034 
13.009612 
13.009612 
4.743416 
4.743416 
0.000000 
0.000000 
0.000000 
0.000000 
2.828427 
2.828427 
0.707107 
0.707107 
13.009612 
13.009612 
4.743416 
4.743416 
0.000000 
0.000000 
0.000000 
0.000000 
1.414214 
1.414214 
0.500000 
0.500000 
13.009612 
13.009612 
4.743416 
4.743416 
0.000000 
0.000000 
0.000000 
0.000000 
1.414214 
1.414214 
1.118034 
1.118034 
13.009612 
13.009612 
4.743416 
4.743416 
1.414214 
1.414214 
1.118034 
1.118034 
13.009612 
13.009612 
4.743416 
4.743416 
5.099020 
5.099020 
1.802776 
1.802776 
13.009612 
13.009612 
4.743416 
4.743416 
1.500000 
1.500000 
8.062258 
8.062258 
13.009612 
13.009612 
4.743416 
4.743416 
1.802776 
1.802776 
1.802776 
1.802776 
13.009612 
13.009612 
4.743416 
4.743416 
1.802776 
1.802776 
2.061553 
2.061553 
13.009612 
13.009612 
1.802776 
1.802776 
2.061553 
2.061553 
13.009612 
13.009612 
1.802776 
1.802776 
2.061553 
2.061553 
13.009612 
13.009612 
1.802776 
1.802776 
2.061553 
2.061553 
13.009612 
13.009612 
1.802776 
1.802776 
2.061553 
2.061553 
13.009612 
13.009612 
25.985573 
25.985573 
2.061553 
2.061553 
13.009612 
13.009612 
1.802776 
1.802776 
2.061553 
2.061553 
3.905125 
3.905125 
2.061553 
2.061553 
21.644861 
21.644861 
2.061553 
2.061553 
14.221463 
14.221463 
2.061553 
2.061553 
0.707107 
0.707107 
2.061553 
2.061553 
0.000000 
0.000000 
0.707107 
0.707107 
2.061553 
2.061553 
0.500000 
0.500000 
0.707107 
0.707107 
2.061553 
2.061553 
0.500000 
0.500000 
0.707107 
0.707107 
2.061553 
2.061553 
0.500000 
0.500000 
0.707107 
0.707107 
2.061553 
2.061553 
0.500000 
0.500000 
0.707107 
0.707107 
0.500000 
0.500000 
0.707107 
0.707107 
0.500000 
0.500000 
0.707107 
0.707107 
0.500000 
0.500000 
0.707107 
0.707107 
