0.000000 
0.000000 
0.000000 
0.000000 
0.000000 
0.000000 
0.000000 
0.000000 
0.000000 
0.000000 
2.061553 
2.061553 
0.000000 
0.000000 
1.118034 
1.118034 
1.581139 
1.581139 
0.000000 
0.000000 
2.828427 
2.828427 
2.061553 
2.061553 
0.000000 
0.000000 
1.118034 
1.118034 
3.535534 
3.535534 
0.000000 
0.000000 
3.807887 
3.807887 
2.061553 
2.061553 
0.000000 
0.000000 
10.500000 
10.500000 
4.527693 
4.527693 
0.000000 
0.000000 
5.220153 
5.220153 
2.061553 
2.061553 
0.000000 
0.000000 
0.500000 
0.500000 
5.522681 
5.522681 
0.000000 
0.000000 
1.118034 
1.118034 
2.061553 
2.061553 
0.000000 
0.000000 
0.500000 
0.500000 
3.500000 
3.500000 
0.000000 
0.000000 
0.000000 
0.000000 
2.000000 
2.000000 
2.061553 
2.061553 
0.000000 
0.000000 
0.500000 
0.500000 
11.500000 
11.500000 
2.236068 
2.236068 
0.000000 
0.000000 
3.605551 
3.605551 
2.061553 
2.061553 
0.000000 
0.000000 
0.500000 
0.500000 
4.031129 
4.031129 
23.162470 
23.162470 
0.000000 
0.000000 
3.605551 
3.605551 
2.061553 
2.061553 
0.000000 
0.000000 
0.500000 
0.500000 
5.522681 
5.522681 
23.162470 
23.162470 
0.000000 
0.000000 
3.605551 
3.605551 
2.061553 
2.061553 
0.000000 
0.000000 
0.500000 
0.500000 
4.500000 
4.500000 
23.162470 
23.162470 
0.000000 
0.000000 
3.605551 
3.605551 
2.061553 
2.061553 
0.000000 
0.000000 
0.500000 
0.500000 
2.000000 
2.000000 
23.162470 
23.162470 
0.000000 
0.000000 
3.605551 
3.605551 
2.061553 
2.061553 
0.000000 
0.000000 
0.500000 
0.500000 
2.061553 
2.061553 
0.000000 
0.000000 
23.162470 
23.162470 
0.000000 
0.000000 
3.605551 
3.605551 
2.061553 
2.061553 
0.000000 
0.000000 
0.500000 
0.500000 
7.280110 
7.280110 
2.236068 
2.236068 
19.906029 
19.906029 
0.000000 
0.000000 
3.605551 
3.605551 
2.061553 
2.061553 
0.000000 
0.000000 
0.500000 
0.500000 
0.500000 
0.500000 
0.500000 
0.500000 
0.500000 
0.500000 
16.492423 
16.492423 
3.605551 
3.605551 
2.061553 
2.061553 
0.000000 
0.000000 
0.500000 
0.500000 
0.500000 
0.500000 
3.605551 
3.605551 
1.118034 
1.118034 
0.707107 
0.707107 
3.605551 
3.605551 
2.061553 
2.061553 
0.500000 
0.500000 
0.500000 
0.500000 
1.581139 
1.581139 
3.000000 
3.000000 
0.707107 
0.707107 
3.605551 
3.605551 
0.500000 
0.500000 
0.500000 
0.500000 
2.500000 
2.500000 
8.602325 
8.602325 
0.707107 
0.707107 
3.605551 
3.605551 
0.500000 
0.500000 
0.500000 
0.500000 
2.000000 
2.000000 
3.500000 
3.500000 
0.707107 
0.707107 
3.605551 
3.605551 
0.500000 
0.500000 
0.500000 
0.500000 
1.414214 
1.414214 
11.180340 
11.180340 
0.707107 
0.707107 
3.605551 
3.605551 
0.500000 
0.500000 
0.707107 
0.707107 
2.500000 
2.500000 
0.707107 
0.707107 
3.605551 
3.605551 
0.500000 
0.500000 
0.500000 
0.500000 
5.500000 
5.500000 
0.707107 
0.707107 
3.605551 
3.605551 
0.500000 
0.500000 
0.707107 
0.707107 
6.020797 
6.020797 
0.707107 
0.707107 
0.500000 
0.500000 
1.000000 
1.000000 
13.000000 
13.000000 
0.707107 
0.707107 
0.500000 
0.500000 
1.118034 
1.118034 
3.000000 
3.000000 
0.707107 
0.707107 
0.500000 
0.500000 
1.000000 
1.000000 
6.519202 
6.519202 
0.707107 
0.707107 
0.500000 
0.500000 
14.035669 
14.035669 
6.020797 
6.020797 
0.707107 
0.707107 
0.500000 
0.500000 
1.581139 
1.581139 
6.020797 
6.020797 
0.707107 
0.707107 
0.500000 
0.500000 
2.500000 
2.500000 
22.005681 
22.005681 
0.707107 
0.707107 
1.581139 
1.581139 
4.527693 
4.527693 
0.707107 
0.707107 
3.000000 
3.000000 
3.041381 
3.041381 
2.061553 
2.061553 
3.041381 
3.041381 
1.000000 
1.000000 
3.041381 
3.041381 
1.000000 
1.000000 
3.041381 
3.041381 
1.581139 
1.581139 
3.041381 
3.041381 
14.500000 
14.500000 
3.041381 
3.041381 
0.500000 
0.500000 
3.041381 
3.041381 
3.535534 
3.535534 
3.041381 
3.041381 
2.915476 
2.915476 
3.041381 
3.041381 
