0.000000 
0.000000 
4.123106 
4.123106 
4.472136 
4.472136 
0.500000 
0.500000 
0.500000 
0.500000 
0.000000 
0.000000 
0.500000 
0.500000 
0.000000 
0.000000 
0.500000 
0.500000 
0.000000 
0.000000 
0.500000 
0.500000 
0.000000 
0.000000 
0.500000 
0.500000 
0.000000 
0.000000 
0.500000 
0.500000 
0.000000 
0.000000 
0.500000 
0.500000 
0.000000 
0.000000 
0.500000 
0.500000 
0.000000 
0.000000 
0.500000 
0.500000 
0.000000 
0.000000 
0.500000 
0.500000 
0.000000 
0.000000 
0.500000 
0.500000 
0.000000 
0.000000 
0.500000 
0.500000 
0.000000 
0.000000 
0.500000 
0.500000 
0.000000 
0.000000 
0.000000 
0.000000 
0.500000 
0.500000 
0.000000 
0.000000 
0.000000 
0.000000 
0.000000 
0.000000 
0.000000 
0.000000 
0.000000 
0.000000 
0.000000 
0.000000 
6.103278 
6.103278 
1.118034 
1.118034 
1.118034 
1.118034 
1.118034 
1.118034 
1.118034 
1.118034 
1.118034 
1.118034 
1.118034 
1.118034 
1.118034 
1.118034 
1.118034 
1.118034 
11.926860 
11.926860 
0.500000 
0.500000 
1.000000 
1.000000 
2.915476 
2.915476 
