0.000000 
0.000000 
8.246211 
8.246211 
0.500000 
0.500000 
3.000000 
3.000000 
3.000000 
3.000000 
3.000000 
3.000000 
3.000000 
3.000000 
3.000000 
3.000000 
3.000000 
3.000000 
3.000000 
3.000000 
3.000000 
3.000000 
3.000000 
3.000000 
3.000000 
3.000000 
3.000000 
3.000000 
3.000000 
3.000000 
3.000000 
3.000000 
3.000000 
3.000000 
3.000000 
3.000000 
0.000000 
0.000000 
3.162278 
3.162278 
2.061553 
2.061553 
0.707107 
0.707107 
0.707107 
0.707107 
0.707107 
0.707107 
0.707107 
0.707107 
0.707107 
0.707107 
0.000000 
0.000000 
0.707107 
0.707107 
1.000000 
1.000000 
0.707107 
0.707107 
0.500000 
0.500000 
0.707107 
0.707107 
0.500000 
0.500000 
0.707107 
0.707107 
0.000000 
0.000000 
0.500000 
0.500000 
0.707107 
0.707107 
1.118034 
1.118034 
9.500000 
9.500000 
0.707107 
0.707107 
1.118034 
1.118034 
1.581139 
1.581139 
0.707107 
0.707107 
1.118034 
1.118034 
2.000000 
2.000000 
0.707107 
0.707107 
1.118034 
1.118034 
1.000000 
1.000000 
0.707107 
0.707107 
1.118034 
1.118034 
1.000000 
1.000000 
0.707107 
0.707107 
1.118034 
1.118034 
1.000000 
1.000000 
1.118034 
1.118034 
1.000000 
1.000000 
1.118034 
1.118034 
1.000000 
1.000000 
