0.000000 
0.000000 
0.000000 
0.000000 
1.581139 
1.581139 
0.000000 
0.000000 
2.500000 
2.500000 
11.629703 
11.629703 
3.807887 
3.807887 
11.629703 
11.629703 
3.807887 
3.807887 
11.629703 
11.629703 
6.041523 
6.041523 
11.629703 
11.629703 
6.041523 
6.041523 
11.629703 
11.629703 
6.041523 
6.041523 
11.629703 
11.629703 
6.041523 
6.041523 
11.629703 
11.629703 
6.041523 
6.041523 
11.629703 
11.629703 
6.041523 
6.041523 
11.629703 
11.629703 
6.041523 
6.041523 
11.629703 
11.629703 
6.041523 
6.041523 
11.629703 
11.629703 
6.041523 
6.041523 
11.629703 
11.629703 
6.041523 
6.041523 
11.629703 
11.629703 
6.041523 
6.041523 
11.629703 
11.629703 
6.041523 
6.041523 
11.629703 
11.629703 
0.000000 
0.000000 
18.006943 
18.006943 
4.527693 
4.527693 
2.061553 
2.061553 
1.581139 
1.581139 
10.049876 
10.049876 
1.581139 
1.581139 
0.707107 
0.707107 
3.500000 
3.500000 
0.707107 
0.707107 
2.000000 
2.000000 
0.707107 
0.707107 
2.000000 
2.000000 
0.707107 
0.707107 
2.000000 
2.000000 
0.707107 
0.707107 
2.000000 
2.000000 
0.707107 
0.707107 
0.000000 
0.000000 
2.000000 
2.000000 
0.707107 
0.707107 
0.000000 
0.000000 
3.640055 
3.640055 
2.000000 
2.000000 
0.707107 
0.707107 
0.000000 
0.000000 
2.500000 
2.500000 
2.000000 
2.000000 
0.707107 
0.707107 
0.000000 
0.000000 
0.000000 
0.000000 
5.700877 
5.700877 
2.000000 
2.000000 
0.707107 
0.707107 
0.000000 
0.000000 
1.581139 
1.581139 
0.000000 
0.000000 
0.500000 
0.500000 
2.000000 
2.000000 
0.707107 
0.707107 
0.000000 
0.000000 
1.118034 
1.118034 
2.500000 
2.500000 
0.000000 
0.000000 
4.527693 
4.527693 
2.000000 
2.000000 
0.707107 
0.707107 
2.915476 
2.915476 
1.414214 
1.414214 
2.000000 
2.000000 
0.000000 
0.000000 
2.061553 
2.061553 
2.000000 
2.000000 
0.707107 
0.707107 
2.915476 
2.915476 
0.500000 
0.500000 
2.828427 
2.828427 
0.000000 
0.000000 
0.500000 
0.500000 
2.000000 
2.000000 
0.707107 
0.707107 
2.915476 
2.915476 
0.000000 
0.000000 
2.828427 
2.828427 
0.000000 
0.000000 
4.500000 
4.500000 
2.000000 
2.000000 
0.707107 
0.707107 
2.915476 
2.915476 
0.707107 
0.707107 
2.828427 
2.828427 
0.000000 
0.000000 
1.118034 
1.118034 
2.000000 
2.000000 
2.915476 
2.915476 
1.118034 
1.118034 
2.828427 
2.828427 
0.000000 
0.000000 
2.236068 
2.236068 
2.000000 
2.000000 
2.915476 
2.915476 
1.581139 
1.581139 
2.828427 
2.828427 
0.000000 
0.000000 
2.828427 
2.828427 
2.915476 
2.915476 
1.118034 
1.118034 
2.828427 
2.828427 
0.000000 
0.000000 
10.307764 
10.307764 
