0.000000 
0.000000 
0.000000 
0.000000 
0.500000 
0.500000 
1.118034 
1.118034 
1.118034 
1.118034 
0.000000 
0.000000 
1.581139 
1.581139 
0.000000 
0.000000 
0.000000 
0.000000 
1.500000 
1.500000 
2.000000 
2.000000 
1.802776 
1.802776 
1.500000 
1.500000 
2.061553 
2.061553 
0.000000 
0.000000 
1.802776 
1.802776 
1.802776 
1.802776 
1.414214 
1.414214 
1.000000 
1.000000 
1.802776 
1.802776 
0.500000 
0.500000 
1.118034 
1.118034 
0.000000 
0.000000 
2.500000 
2.500000 
1.802776 
1.802776 
1.118034 
1.118034 
1.118034 
1.118034 
2.500000 
2.500000 
2.061553 
2.061553 
1.802776 
1.802776 
0.000000 
0.000000 
0.707107 
0.707107 
9.617692 
9.617692 
8.558621 
8.558621 
1.802776 
1.802776 
5.000000 
5.000000 
0.500000 
0.500000 
2.500000 
2.500000 
3.041381 
3.041381 
1.802776 
1.802776 
0.000000 
0.000000 
0.500000 
0.500000 
0.000000 
0.000000 
2.500000 
2.500000 
3.640055 
3.640055 
1.802776 
1.802776 
4.527693 
4.527693 
0.500000 
0.500000 
2.500000 
2.500000 
2.500000 
2.500000 
10.000000 
10.000000 
1.802776 
1.802776 
1.000000 
1.000000 
1.000000 
1.000000 
8.558621 
8.558621 
2.500000 
2.500000 
10.000000 
10.000000 
1.802776 
1.802776 
2.500000 
2.500000 
0.500000 
0.500000 
0.000000 
0.000000 
3.162278 
3.162278 
2.500000 
2.500000 
10.000000 
10.000000 
1.802776 
1.802776 
7.905694 
7.905694 
1.000000 
1.000000 
3.041381 
3.041381 
3.162278 
3.162278 
2.500000 
2.500000 
10.000000 
10.000000 
1.802776 
1.802776 
7.905694 
7.905694 
0.707107 
0.707107 
0.000000 
0.000000 
3.041381 
3.041381 
3.162278 
3.162278 
2.500000 
2.500000 
10.000000 
10.000000 
1.802776 
1.802776 
7.905694 
7.905694 
1.414214 
1.414214 
3.535534 
3.535534 
3.041381 
3.041381 
3.162278 
3.162278 
2.500000 
2.500000 
10.000000 
10.000000 
1.802776 
1.802776 
7.905694 
7.905694 
0.500000 
0.500000 
6.082763 
6.082763 
3.041381 
3.041381 
3.162278 
3.162278 
2.500000 
2.500000 
10.000000 
10.000000 
1.802776 
1.802776 
7.905694 
7.905694 
1.000000 
1.000000 
0.000000 
0.000000 
0.000000 
0.000000 
3.041381 
3.041381 
3.162278 
3.162278 
2.500000 
2.500000 
10.000000 
10.000000 
7.905694 
7.905694 
0.500000 
0.500000 
0.000000 
0.000000 
1.500000 
1.500000 
3.041381 
3.041381 
3.162278 
3.162278 
2.500000 
2.500000 
10.000000 
10.000000 
7.905694 
7.905694 
1.118034 
1.118034 
0.000000 
0.000000 
0.707107 
0.707107 
3.041381 
3.041381 
3.162278 
3.162278 
2.500000 
2.500000 
10.000000 
10.000000 
7.905694 
7.905694 
0.707107 
0.707107 
0.000000 
0.000000 
0.500000 
0.500000 
3.041381 
3.041381 
3.162278 
3.162278 
2.500000 
2.500000 
10.000000 
10.000000 
7.905694 
7.905694 
0.500000 
0.500000 
0.000000 
0.000000 
6.000000 
6.000000 
3.041381 
3.041381 
3.162278 
3.162278 
2.500000 
2.500000 
10.000000 
10.000000 
7.905694 
7.905694 
0.500000 
0.500000 
0.000000 
0.000000 
0.000000 
0.000000 
0.500000 
0.500000 
3.041381 
3.041381 
3.162278 
3.162278 
2.500000 
2.500000 
10.000000 
10.000000 
7.905694 
7.905694 
1.000000 
1.000000 
3.500000 
3.500000 
0.000000 
0.000000 
5.024938 
5.024938 
3.041381 
3.041381 
3.162278 
3.162278 
10.000000 
10.000000 
7.905694 
7.905694 
1.414214 
1.414214 
10.500000 
10.500000 
0.000000 
0.000000 
0.500000 
0.500000 
3.041381 
3.041381 
3.162278 
3.162278 
10.000000 
10.000000 
7.905694 
7.905694 
1.000000 
1.000000 
12.000000 
12.000000 
0.000000 
0.000000 
0.707107 
0.707107 
3.041381 
3.041381 
3.162278 
3.162278 
7.905694 
7.905694 
1.000000 
1.000000 
3.500000 
3.500000 
0.000000 
0.000000 
1.414214 
1.414214 
3.041381 
3.041381 
3.162278 
3.162278 
7.905694 
7.905694 
0.000000 
0.000000 
3.500000 
3.500000 
0.000000 
0.000000 
1.000000 
1.000000 
3.041381 
3.041381 
1.118034 
1.118034 
3.500000 
3.500000 
0.000000 
0.000000 
1.118034 
1.118034 
7.433034 
7.433034 
3.500000 
3.500000 
0.000000 
0.000000 
1.500000 
1.500000 
1.118034 
1.118034 
3.500000 
3.500000 
0.000000 
0.000000 
0.500000 
0.500000 
0.500000 
0.500000 
3.500000 
3.500000 
0.000000 
0.000000 
0.000000 
0.000000 
2.061553 
2.061553 
3.500000 
3.500000 
0.707107 
0.707107 
2.061553 
2.061553 
0.000000 
0.000000 
0.000000 
0.000000 
3.500000 
3.500000 
1.118034 
1.118034 
2.061553 
2.061553 
0.000000 
0.000000 
1.802776 
1.802776 
12.010412 
12.010412 
3.500000 
3.500000 
12.020815 
12.020815 
2.061553 
2.061553 
2.500000 
2.500000 
1.000000 
1.000000 
3.500000 
3.500000 
3.500000 
3.500000 
3.640055 
3.640055 
2.061553 
2.061553 
