0.000000 
0.000000 
0.000000 
0.000000 
1.000000 
1.000000 
1.802776 
1.802776 
0.000000 
0.000000 
9.055385 
9.055385 
3.041381 
3.041381 
12.727922 
12.727922 
3.162278 
3.162278 
8.514693 
8.514693 
2.061553 
2.061553 
2.500000 
2.500000 
7.566373 
7.566373 
1.581139 
1.581139 
3.041381 
3.041381 
2.000000 
2.000000 
0.707107 
0.707107 
2.000000 
2.000000 
2.915476 
2.915476 
2.061553 
2.061553 
2.692582 
2.692582 
1.500000 
1.500000 
1.500000 
1.500000 
2.000000 
2.000000 
1.118034 
1.118034 
1.000000 
1.000000 
8.246211 
8.246211 
1.500000 
1.500000 
1.118034 
1.118034 
6.670832 
6.670832 
1.802776 
1.802776 
2.692582 
2.692582 
6.500000 
6.500000 
0.000000 
0.000000 
23.690715 
23.690715 
2.500000 
2.500000 
0.000000 
0.000000 
0.707107 
0.707107 
3.535534 
3.535534 
0.000000 
0.000000 
2.692582 
2.692582 
5.024938 
5.024938 
0.000000 
0.000000 
23.048861 
23.048861 
4.031129 
4.031129 
0.000000 
0.000000 
2.500000 
2.500000 
11.000000 
11.000000 
0.000000 
0.000000 
2.549510 
2.549510 
3.000000 
3.000000 
0.000000 
0.000000 
10.511898 
10.511898 
4.123106 
4.123106 
0.000000 
0.000000 
10.511898 
10.511898 
2.000000 
2.000000 
0.000000 
0.000000 
9.848858 
9.848858 
0.500000 
0.500000 
0.000000 
0.000000 
1.581139 
1.581139 
2.500000 
2.500000 
0.000000 
0.000000 
2.061553 
2.061553 
3.041381 
3.041381 
0.000000 
0.000000 
1.802776 
1.802776 
2.500000 
2.500000 
0.000000 
0.000000 
2.500000 
2.500000 
1.802776 
1.802776 
0.000000 
0.000000 
13.038405 
13.038405 
0.707107 
0.707107 
0.000000 
0.000000 
1.581139 
1.581139 
0.500000 
0.500000 
1.581139 
1.581139 
0.500000 
0.500000 
1.118034 
1.118034 
1.000000 
1.000000 
2.692582 
2.692582 
2.000000 
2.000000 
0.000000 
0.000000 
2.500000 
2.500000 
1.000000 
1.000000 
2.236068 
2.236068 
9.219544 
9.219544 
3.000000 
3.000000 
5.852350 
5.852350 
2.549510 
2.549510 
3.535534 
3.535534 
7.500000 
7.500000 
2.915476 
2.915476 
3.535534 
3.535534 
16.492423 
16.492423 
2.915476 
2.915476 
4.031129 
4.031129 
17.182840 
17.182840 
1.581139 
1.581139 
2.061553 
2.061553 
17.182840 
17.182840 
1.000000 
1.000000 
1.500000 
1.500000 
17.182840 
17.182840 
25.519600 
25.519600 
4.000000 
4.000000 
17.182840 
17.182840 
1.581139 
1.581139 
0.500000 
0.500000 
