0.000000 
0.000000 
0.000000 
0.000000 
0.000000 
0.000000 
0.500000 
0.500000 
2.500000 
2.500000 
0.707107 
0.707107 
0.500000 
0.500000 
1.581139 
1.581139 
2.061553 
2.061553 
1.000000 
1.000000 
7.000000 
7.000000 
1.802776 
1.802776 
1.581139 
1.581139 
2.500000 
2.500000 
1.802776 
1.802776 
1.000000 
1.000000 
2.500000 
2.500000 
2.061553 
2.061553 
0.707107 
0.707107 
8.514693 
8.514693 
4.609772 
4.609772 
5.000000 
5.000000 
1.118034 
1.118034 
0.500000 
0.500000 
0.000000 
0.000000 
2.000000 
2.000000 
1.802776 
1.802776 
0.707107 
0.707107 
2.061553 
2.061553 
1.000000 
1.000000 
1.000000 
1.000000 
2.000000 
2.000000 
2.500000 
2.500000 
1.000000 
1.000000 
8.000000 
8.000000 
4.031129 
4.031129 
1.581139 
1.581139 
3.535534 
3.535534 
12.093387 
12.093387 
1.118034 
1.118034 
2.549510 
2.549510 
3.605551 
3.605551 
1.500000 
1.500000 
6.020797 
6.020797 
14.508618 
14.508618 
0.000000 
0.000000 
0.500000 
0.500000 
2.500000 
2.500000 
2.000000 
2.000000 
1.000000 
1.000000 
0.500000 
0.500000 
3.535534 
3.535534 
2.061553 
2.061553 
4.031129 
4.031129 
0.500000 
0.500000 
8.015610 
8.015610 
2.915476 
2.915476 
4.743416 
4.743416 
0.500000 
0.500000 
2.000000 
2.000000 
1.581139 
1.581139 
1.581139 
1.581139 
0.500000 
0.500000 
3.000000 
3.000000 
3.162278 
3.162278 
1.581139 
1.581139 
0.500000 
0.500000 
2.500000 
2.500000 
2.236068 
2.236068 
1.581139 
1.581139 
0.500000 
0.500000 
6.519202 
6.519202 
2.549510 
2.549510 
1.581139 
1.581139 
0.500000 
0.500000 
2.061553 
2.061553 
0.707107 
0.707107 
0.000000 
0.000000 
1.581139 
1.581139 
0.500000 
0.500000 
2.549510 
2.549510 
1.414214 
1.414214 
1.500000 
1.500000 
1.581139 
1.581139 
0.500000 
0.500000 
2.000000 
2.000000 
3.500000 
3.500000 
0.500000 
0.500000 
16.552945 
16.552945 
0.500000 
0.500000 
1.581139 
1.581139 
0.500000 
0.500000 
0.500000 
0.500000 
16.552945 
16.552945 
0.500000 
0.500000 
1.118034 
1.118034 
2.828427 
2.828427 
0.500000 
0.500000 
16.552945 
16.552945 
0.500000 
0.500000 
1.118034 
1.118034 
4.743416 
4.743416 
0.500000 
0.500000 
16.552945 
16.552945 
0.500000 
0.500000 
1.118034 
1.118034 
15.700318 
15.700318 
0.500000 
0.500000 
16.552945 
16.552945 
0.500000 
0.500000 
1.118034 
1.118034 
2.236068 
2.236068 
0.500000 
0.500000 
16.552945 
16.552945 
0.500000 
0.500000 
1.118034 
1.118034 
3.000000 
3.000000 
0.500000 
0.500000 
16.552945 
16.552945 
1.118034 
1.118034 
20.554805 
20.554805 
0.000000 
0.000000 
0.500000 
0.500000 
16.552945 
16.552945 
1.118034 
1.118034 
3.500000 
3.500000 
0.000000 
0.000000 
0.707107 
0.707107 
0.500000 
0.500000 
11.236103 
11.236103 
1.118034 
1.118034 
3.500000 
3.500000 
10.500000 
10.500000 
1.500000 
1.500000 
0.500000 
0.500000 
1.802776 
1.802776 
1.118034 
1.118034 
3.500000 
3.500000 
0.000000 
0.000000 
1.500000 
1.500000 
1.000000 
1.000000 
0.500000 
0.500000 
1.000000 
1.000000 
1.118034 
1.118034 
3.500000 
3.500000 
1.414214 
1.414214 
2.121320 
2.121320 
1.118034 
1.118034 
0.500000 
0.500000 
9.513149 
9.513149 
1.118034 
1.118034 
3.500000 
3.500000 
0.707107 
0.707107 
1.000000 
1.000000 
0.707107 
0.707107 
0.500000 
0.500000 
2.000000 
2.000000 
1.118034 
1.118034 
3.500000 
3.500000 
6.519202 
6.519202 
0.500000 
0.500000 
3.162278 
3.162278 
0.500000 
0.500000 
0.500000 
0.500000 
1.118034 
1.118034 
3.500000 
3.500000 
