0.000000 
0.000000 
0.000000 
0.000000 
0.000000 
0.000000 
4.031129 
4.031129 
1.118034 
1.118034 
1.000000 
1.000000 
1.802776 
1.802776 
3.041381 
3.041381 
2.121320 
2.121320 
1.118034 
1.118034 
5.500000 
5.500000 
8.514693 
8.514693 
1.500000 
1.500000 
19.006578 
19.006578 
2.500000 
2.500000 
1.500000 
1.500000 
3.162278 
3.162278 
2.500000 
2.500000 
12.369317 
12.369317 
3.162278 
3.162278 
1.581139 
1.581139 
2.915476 
2.915476 
3.162278 
3.162278 
7.017834 
7.017834 
6.082763 
6.082763 
3.162278 
3.162278 
0.707107 
0.707107 
2.061553 
2.061553 
3.162278 
3.162278 
1.500000 
1.500000 
0.000000 
0.000000 
2.061553 
2.061553 
3.162278 
3.162278 
1.581139 
1.581139 
1.000000 
1.000000 
3.640055 
3.640055 
3.162278 
3.162278 
1.581139 
1.581139 
1.500000 
1.500000 
19.500000 
19.500000 
3.162278 
3.162278 
1.581139 
1.581139 
0.000000 
0.000000 
0.000000 
0.000000 
1.581139 
1.581139 
4.242641 
4.242641 
3.162278 
3.162278 
1.581139 
1.581139 
2.000000 
2.000000 
5.099020 
5.099020 
1.000000 
1.000000 
3.201562 
3.201562 
3.162278 
3.162278 
1.581139 
1.581139 
8.732125 
8.732125 
1.500000 
1.500000 
6.500000 
6.500000 
10.770330 
10.770330 
3.162278 
3.162278 
1.581139 
1.581139 
1.414214 
1.414214 
0.500000 
0.500000 
1.802776 
1.802776 
2.061553 
2.061553 
3.162278 
3.162278 
1.581139 
1.581139 
1.414214 
1.414214 
0.500000 
0.500000 
0.500000 
0.500000 
3.041381 
3.041381 
3.162278 
3.162278 
1.581139 
1.581139 
1.414214 
1.414214 
0.500000 
0.500000 
0.707107 
0.707107 
3.041381 
3.041381 
3.162278 
3.162278 
1.581139 
1.581139 
1.414214 
1.414214 
0.500000 
0.500000 
1.000000 
1.000000 
2.000000 
2.000000 
3.162278 
3.162278 
1.581139 
1.581139 
1.414214 
1.414214 
0.500000 
0.500000 
0.500000 
0.500000 
0.707107 
0.707107 
6.041523 
6.041523 
1.581139 
1.581139 
1.414214 
1.414214 
0.500000 
0.500000 
0.707107 
0.707107 
1.581139 
1.581139 
1.118034 
1.118034 
1.581139 
1.581139 
1.414214 
1.414214 
0.500000 
0.500000 
1.118034 
1.118034 
2.500000 
2.500000 
1.000000 
1.000000 
1.581139 
1.581139 
1.414214 
1.414214 
0.500000 
0.500000 
1.500000 
1.500000 
2.061553 
2.061553 
0.707107 
0.707107 
1.581139 
1.581139 
1.414214 
1.414214 
0.500000 
0.500000 
1.000000 
1.000000 
2.061553 
2.061553 
0.707107 
0.707107 
1.581139 
1.581139 
1.414214 
1.414214 
0.500000 
0.500000 
1.118034 
1.118034 
4.031129 
4.031129 
15.532225 
15.532225 
1.414214 
1.414214 
0.500000 
0.500000 
0.707107 
0.707107 
2.915476 
2.915476 
15.532225 
15.532225 
1.414214 
1.414214 
0.500000 
0.500000 
0.707107 
0.707107 
2.915476 
2.915476 
15.532225 
15.532225 
1.414214 
1.414214 
0.500000 
0.500000 
0.707107 
0.707107 
2.828427 
2.828427 
15.532225 
15.532225 
0.000000 
0.000000 
1.414214 
1.414214 
0.500000 
0.500000 
0.707107 
0.707107 
1.000000 
1.000000 
15.532225 
15.532225 
0.000000 
0.000000 
1.414214 
1.414214 
0.500000 
0.500000 
0.707107 
0.707107 
0.500000 
0.500000 
15.532225 
15.532225 
0.000000 
0.000000 
1.414214 
1.414214 
0.707107 
0.707107 
2.121320 
2.121320 
15.532225 
15.532225 
0.000000 
0.000000 
0.707107 
0.707107 
0.707107 
0.707107 
1.581139 
1.581139 
15.532225 
15.532225 
0.000000 
0.000000 
0.707107 
0.707107 
0.707107 
0.707107 
1.414214 
1.414214 
15.532225 
15.532225 
12.539936 
12.539936 
0.500000 
0.500000 
0.707107 
0.707107 
0.707107 
0.707107 
15.532225 
15.532225 
2.000000 
2.000000 
1.000000 
1.000000 
0.707107 
0.707107 
26.019224 
26.019224 
15.532225 
15.532225 
2.000000 
2.000000 
1.000000 
1.000000 
0.707107 
0.707107 
1.118034 
1.118034 
15.532225 
15.532225 
2.000000 
2.000000 
0.500000 
0.500000 
0.707107 
0.707107 
1.118034 
1.118034 
15.532225 
15.532225 
2.000000 
2.000000 
1.000000 
1.000000 
0.707107 
0.707107 
1.581139 
1.581139 
12.083046 
12.083046 
