0.000000 
0.000000 
0.000000 
0.000000 
0.000000 
0.000000 
0.000000 
0.000000 
0.500000 
0.500000 
2.549510 
2.549510 
0.000000 
0.000000 
0.500000 
0.500000 
4.123106 
4.123106 
1.581139 
1.581139 
0.500000 
0.500000 
1.118034 
1.118034 
1.118034 
1.118034 
7.500000 
7.500000 
8.558621 
8.558621 
1.500000 
1.500000 
0.000000 
0.000000 
2.000000 
2.000000 
1.500000 
1.500000 
2.061553 
2.061553 
0.000000 
0.000000 
2.000000 
2.000000 
2.549510 
2.549510 
0.707107 
0.707107 
8.015610 
8.015610 
1.414214 
1.414214 
1.118034 
1.118034 
4.527693 
4.527693 
1.118034 
1.118034 
1.118034 
1.118034 
1.500000 
1.500000 
4.123106 
4.123106 
1.000000 
1.000000 
7.017834 
7.017834 
2.500000 
2.500000 
2.500000 
2.500000 
0.000000 
0.000000 
1.000000 
1.000000 
0.707107 
0.707107 
1.118034 
1.118034 
2.000000 
2.000000 
0.000000 
0.000000 
0.000000 
0.000000 
1.000000 
1.000000 
0.707107 
0.707107 
19.506409 
19.506409 
2.121320 
2.121320 
2.061553 
2.061553 
0.000000 
0.000000 
1.000000 
1.000000 
0.707107 
0.707107 
1.500000 
1.500000 
2.121320 
2.121320 
2.061553 
2.061553 
0.000000 
0.000000 
1.000000 
1.000000 
0.707107 
0.707107 
1.581139 
1.581139 
2.121320 
2.121320 
0.000000 
0.000000 
3.201562 
3.201562 
0.000000 
0.000000 
1.000000 
1.000000 
0.707107 
0.707107 
1.118034 
1.118034 
2.121320 
2.121320 
1.581139 
1.581139 
9.433981 
9.433981 
0.000000 
0.000000 
1.000000 
1.000000 
1.802776 
1.802776 
1.500000 
1.500000 
2.121320 
2.121320 
2.692582 
2.692582 
8.860023 
8.860023 
0.000000 
0.000000 
1.000000 
1.000000 
4.924429 
4.924429 
1.000000 
1.000000 
2.121320 
2.121320 
3.354102 
3.354102 
3.000000 
3.000000 
0.000000 
0.000000 
1.000000 
1.000000 
1.414214 
1.414214 
1.581139 
1.581139 
2.121320 
2.121320 
2.500000 
2.500000 
0.500000 
0.500000 
0.000000 
0.000000 
1.000000 
1.000000 
2.061553 
2.061553 
2.236068 
2.236068 
2.121320 
2.121320 
2.500000 
2.500000 
1.118034 
1.118034 
0.000000 
0.000000 
1.000000 
1.000000 
2.692582 
2.692582 
1.500000 
1.500000 
2.121320 
2.121320 
2.500000 
2.500000 
1.118034 
1.118034 
0.000000 
0.000000 
1.000000 
1.000000 
1.500000 
1.500000 
16.500000 
16.500000 
2.121320 
2.121320 
2.500000 
2.500000 
1.118034 
1.118034 
0.000000 
0.000000 
1.000000 
1.000000 
2.236068 
2.236068 
3.500000 
3.500000 
2.121320 
2.121320 
2.500000 
2.500000 
22.522211 
22.522211 
0.000000 
0.000000 
1.000000 
1.000000 
6.020797 
6.020797 
3.500000 
3.500000 
2.121320 
2.121320 
0.000000 
0.000000 
2.500000 
2.500000 
20.006249 
20.006249 
0.000000 
0.000000 
1.000000 
1.000000 
2.000000 
2.000000 
3.500000 
3.500000 
2.121320 
2.121320 
8.139410 
8.139410 
2.500000 
2.500000 
0.707107 
0.707107 
0.000000 
0.000000 
3.500000 
3.500000 
3.500000 
3.500000 
2.121320 
2.121320 
1.802776 
1.802776 
2.500000 
2.500000 
0.707107 
0.707107 
9.013878 
9.013878 
3.500000 
3.500000 
2.121320 
2.121320 
1.414214 
1.414214 
2.500000 
2.500000 
1.118034 
1.118034 
2.121320 
2.121320 
3.500000 
3.500000 
1.000000 
1.000000 
2.500000 
2.500000 
7.017834 
7.017834 
6.324555 
6.324555 
3.500000 
3.500000 
1.000000 
1.000000 
2.500000 
2.500000 
1.000000 
1.000000 
3.041381 
3.041381 
3.500000 
3.500000 
1.000000 
1.000000 
2.500000 
2.500000 
1.118034 
1.118034 
8.000000 
8.000000 
3.500000 
3.500000 
1.000000 
1.000000 
2.500000 
2.500000 
8.015610 
8.015610 
2.549510 
2.549510 
3.500000 
3.500000 
1.000000 
1.000000 
2.500000 
2.500000 
1.000000 
1.000000 
2.549510 
2.549510 
3.500000 
3.500000 
1.000000 
1.000000 
2.500000 
2.500000 
1.500000 
1.500000 
7.516648 
7.516648 
3.500000 
3.500000 
0.000000 
0.000000 
1.000000 
1.000000 
3.041381 
3.041381 
2.121320 
2.121320 
3.500000 
3.500000 
6.020797 
6.020797 
1.000000 
1.000000 
3.535534 
3.535534 
2.236068 
2.236068 
3.500000 
3.500000 
0.500000 
0.500000 
1.000000 
1.000000 
8.077747 
8.077747 
2.692582 
2.692582 
3.500000 
3.500000 
1.000000 
1.000000 
1.000000 
1.000000 
3.640055 
3.640055 
1.802776 
1.802776 
1.000000 
1.000000 
1.000000 
1.000000 
12.500000 
12.500000 
5.522681 
5.522681 
0.707107 
0.707107 
1.000000 
1.000000 
2.915476 
2.915476 
1.000000 
1.000000 
1.414214 
1.414214 
1.000000 
1.000000 
2.236068 
2.236068 
1.802776 
1.802776 
