0.000000 
0.000000 
0.000000 
0.000000 
0.000000 
0.000000 
0.707107 
0.707107 
3.041381 
3.041381 
1.000000 
1.000000 
0.500000 
0.500000 
2.915476 
2.915476 
1.414214 
1.414214 
0.500000 
0.500000 
3.535534 
3.535534 
2.000000 
2.000000 
0.500000 
0.500000 
3.605551 
3.605551 
1.500000 
1.500000 
1.000000 
1.000000 
2.061553 
2.061553 
1.500000 
1.500000 
2.549510 
2.549510 
1.802776 
1.802776 
1.500000 
1.500000 
3.535534 
3.535534 
3.201562 
3.201562 
5.000000 
5.000000 
11.045361 
11.045361 
3.162278 
3.162278 
1.500000 
1.500000 
5.000000 
5.000000 
4.609772 
4.609772 
3.500000 
3.500000 
1.802776 
1.802776 
8.860023 
8.860023 
2.500000 
2.500000 
1.802776 
1.802776 
1.118034 
1.118034 
6.020797 
6.020797 
0.500000 
0.500000 
1.000000 
1.000000 
5.522681 
5.522681 
5.000000 
5.000000 
2.828427 
2.828427 
0.707107 
0.707107 
0.707107 
0.707107 
2.828427 
2.828427 
1.581139 
1.581139 
1.414214 
1.414214 
1.802776 
1.802776 
2.549510 
2.549510 
0.000000 
0.000000 
1.414214 
1.414214 
2.236068 
2.236068 
2.000000 
2.000000 
7.516648 
7.516648 
1.414214 
1.414214 
2.828427 
2.828427 
0.707107 
0.707107 
0.000000 
0.000000 
2.692582 
2.692582 
1.414214 
1.414214 
2.828427 
2.828427 
1.118034 
1.118034 
1.802776 
1.802776 
6.519202 
6.519202 
1.414214 
1.414214 
1.581139 
1.581139 
1.118034 
1.118034 
0.000000 
0.000000 
1.000000 
1.000000 
1.414214 
1.414214 
10.630146 
10.630146 
1.802776 
1.802776 
0.000000 
0.000000 
0.000000 
0.000000 
6.020797 
6.020797 
1.414214 
1.414214 
10.630146 
10.630146 
1.581139 
1.581139 
0.500000 
0.500000 
0.000000 
0.000000 
2.549510 
2.549510 
1.414214 
1.414214 
10.630146 
10.630146 
1.581139 
1.581139 
3.201562 
3.201562 
0.000000 
0.000000 
2.061553 
2.061553 
1.414214 
1.414214 
10.630146 
10.630146 
0.500000 
0.500000 
2.061553 
2.061553 
0.000000 
0.000000 
2.000000 
2.000000 
1.414214 
1.414214 
10.630146 
10.630146 
0.707107 
0.707107 
1.581139 
1.581139 
0.000000 
0.000000 
1.000000 
1.000000 
1.414214 
1.414214 
10.630146 
10.630146 
1.118034 
1.118034 
0.500000 
0.500000 
0.000000 
0.000000 
4.031129 
4.031129 
1.414214 
1.414214 
10.630146 
10.630146 
2.500000 
2.500000 
0.000000 
0.000000 
0.000000 
0.000000 
1.000000 
1.000000 
1.414214 
1.414214 
10.630146 
10.630146 
3.162278 
3.162278 
3.354102 
3.354102 
0.000000 
0.000000 
0.500000 
0.500000 
1.414214 
1.414214 
10.630146 
10.630146 
2.061553 
2.061553 
2.915476 
2.915476 
0.000000 
0.000000 
0.500000 
0.500000 
1.414214 
1.414214 
10.630146 
10.630146 
6.519202 
6.519202 
6.964194 
6.964194 
0.000000 
0.000000 
0.000000 
0.000000 
10.630146 
10.630146 
5.147815 
5.147815 
4.527693 
4.527693 
0.000000 
0.000000 
0.500000 
0.500000 
10.630146 
10.630146 
5.000000 
5.000000 
2.692582 
2.692582 
0.000000 
0.000000 
1.000000 
1.000000 
10.630146 
10.630146 
5.099020 
5.099020 
2.692582 
2.692582 
0.000000 
0.000000 
0.500000 
0.500000 
10.630146 
10.630146 
5.522681 
5.522681 
1.802776 
1.802776 
0.000000 
0.000000 
6.726812 
6.726812 
10.630146 
10.630146 
2.549510 
2.549510 
1.581139 
1.581139 
0.500000 
0.500000 
5.522681 
5.522681 
1.581139 
1.581139 
1.118034 
1.118034 
3.000000 
3.000000 
1.802776 
1.802776 
1.414214 
1.414214 
2.061553 
2.061553 
1.581139 
1.581139 
0.707107 
0.707107 
3.041381 
3.041381 
