0.000000 
0.000000 
0.000000 
0.000000 
1.000000 
1.000000 
3.041381 
3.041381 
1.118034 
1.118034 
7.566373 
7.566373 
2.236068 
2.236068 
3.000000 
3.000000 
2.236068 
2.236068 
3.535534 
3.535534 
1.414214 
1.414214 
6.576473 
6.576473 
0.707107 
0.707107 
0.500000 
0.500000 
0.500000 
0.500000 
1.118034 
1.118034 
0.707107 
0.707107 
1.581139 
1.581139 
0.000000 
0.000000 
0.000000 
0.000000 
0.707107 
0.707107 
1.118034 
1.118034 
6.519202 
6.519202 
2.061553 
2.061553 
0.707107 
0.707107 
1.581139 
1.581139 
1.581139 
1.581139 
5.700877 
5.700877 
0.707107 
0.707107 
1.414214 
1.414214 
2.236068 
2.236068 
2.500000 
2.500000 
0.707107 
0.707107 
1.000000 
1.000000 
1.500000 
1.500000 
2.061553 
2.061553 
0.707107 
0.707107 
0.707107 
0.707107 
1.500000 
1.500000 
0.500000 
0.500000 
0.707107 
0.707107 
9.552487 
9.552487 
1.500000 
1.500000 
2.236068 
2.236068 
0.707107 
0.707107 
1.118034 
1.118034 
1.500000 
1.500000 
1.581139 
1.581139 
0.707107 
0.707107 
1.118034 
1.118034 
1.500000 
1.500000 
6.324555 
6.324555 
0.707107 
0.707107 
1.118034 
1.118034 
1.500000 
1.500000 
0.500000 
0.500000 
0.707107 
0.707107 
0.707107 
0.707107 
1.500000 
1.500000 
1.000000 
1.000000 
0.707107 
0.707107 
0.500000 
0.500000 
1.500000 
1.500000 
0.500000 
0.500000 
0.707107 
0.707107 
0.500000 
0.500000 
1.500000 
1.500000 
0.707107 
0.707107 
0.707107 
0.707107 
0.707107 
0.707107 
1.500000 
1.500000 
0.500000 
0.500000 
0.707107 
0.707107 
0.500000 
0.500000 
1.500000 
1.500000 
7.433034 
7.433034 
0.000000 
0.000000 
1.500000 
1.500000 
0.500000 
0.500000 
0.500000 
0.500000 
1.500000 
1.500000 
0.000000 
0.000000 
0.707107 
0.707107 
1.500000 
1.500000 
0.500000 
0.500000 
0.500000 
0.500000 
1.500000 
1.500000 
1.000000 
1.000000 
0.707107 
0.707107 
6.519202 
6.519202 
1.118034 
1.118034 
4.609772 
4.609772 
1.414214 
1.414214 
3.535534 
3.535534 
1.000000 
1.000000 
0.707107 
0.707107 
1.500000 
1.500000 
0.500000 
0.500000 
9.500000 
9.500000 
0.500000 
0.500000 
1.581139 
1.581139 
1.000000 
1.000000 
1.802776 
1.802776 
0.500000 
0.500000 
2.061553 
2.061553 
2.000000 
2.000000 
3.041381 
3.041381 
1.118034 
1.118034 
1.802776 
1.802776 
1.581139 
1.581139 
1.581139 
1.581139 
