0.000000 
0.000000 
0.000000 
0.000000 
0.000000 
0.000000 
0.000000 
0.000000 
0.000000 
0.000000 
22.505555 
22.505555 
1.500000 
1.500000 
0.500000 
0.500000 
0.000000 
0.000000 
7.433034 
7.433034 
22.505555 
22.505555 
1.000000 
1.000000 
4.000000 
4.000000 
2.500000 
2.500000 
2.121320 
2.121320 
22.505555 
22.505555 
1.000000 
1.000000 
0.500000 
0.500000 
2.121320 
2.121320 
2.061553 
2.061553 
22.505555 
22.505555 
1.118034 
1.118034 
0.707107 
0.707107 
1.581139 
1.581139 
0.500000 
0.500000 
22.505555 
22.505555 
0.000000 
0.000000 
1.000000 
1.000000 
1.118034 
1.118034 
2.692582 
2.692582 
22.505555 
22.505555 
0.707107 
0.707107 
0.707107 
0.707107 
1.118034 
1.118034 
0.707107 
0.707107 
22.505555 
22.505555 
0.707107 
0.707107 
1.414214 
1.414214 
1.500000 
1.500000 
6.082763 
6.082763 
22.505555 
22.505555 
1.000000 
1.000000 
1.414214 
1.414214 
8.139410 
8.139410 
0.500000 
0.500000 
22.505555 
22.505555 
2.000000 
2.000000 
1.118034 
1.118034 
2.500000 
2.500000 
1.802776 
1.802776 
22.505555 
22.505555 
1.802776 
1.802776 
1.500000 
1.500000 
1.581139 
1.581139 
1.802776 
1.802776 
22.505555 
22.505555 
2.061553 
2.061553 
0.707107 
0.707107 
1.500000 
1.500000 
5.315073 
5.315073 
22.505555 
22.505555 
0.500000 
0.500000 
0.000000 
0.000000 
1.118034 
1.118034 
1.581139 
1.581139 
22.505555 
22.505555 
1.118034 
1.118034 
3.354102 
3.354102 
0.707107 
0.707107 
1.414214 
1.414214 
22.505555 
22.505555 
0.500000 
0.500000 
0.500000 
0.500000 
2.500000 
2.500000 
0.707107 
0.707107 
22.505555 
22.505555 
0.500000 
0.500000 
3.354102 
3.354102 
3.201562 
3.201562 
6.519202 
6.519202 
0.707107 
0.707107 
0.500000 
0.500000 
2.236068 
2.236068 
2.500000 
2.500000 
0.000000 
0.000000 
1.500000 
1.500000 
2.061553 
2.061553 
1.414214 
1.414214 
4.000000 
4.000000 
1.118034 
1.118034 
6.500000 
6.500000 
1.000000 
1.000000 
0.707107 
0.707107 
1.000000 
1.000000 
0.500000 
0.500000 
1.581139 
1.581139 
0.707107 
0.707107 
1.414214 
1.414214 
1.000000 
1.000000 
0.500000 
0.500000 
1.000000 
1.000000 
2.000000 
2.000000 
1.118034 
1.118034 
1.581139 
1.581139 
0.500000 
0.500000 
0.707107 
0.707107 
2.061553 
2.061553 
0.500000 
0.500000 
1.000000 
1.000000 
0.500000 
0.500000 
2.236068 
2.236068 
0.500000 
0.500000 
0.707107 
0.707107 
0.707107 
0.707107 
2.061553 
2.061553 
2.236068 
2.236068 
1.000000 
1.000000 
1.118034 
1.118034 
0.000000 
0.000000 
2.061553 
2.061553 
2.236068 
2.236068 
1.000000 
1.000000 
0.500000 
0.500000 
1.000000 
1.000000 
2.061553 
2.061553 
2.236068 
2.236068 
0.500000 
0.500000 
1.118034 
1.118034 
1.118034 
1.118034 
2.061553 
2.061553 
2.236068 
2.236068 
0.500000 
0.500000 
0.500000 
0.500000 
2.549510 
2.549510 
2.061553 
2.061553 
2.236068 
2.236068 
0.000000 
0.000000 
0.000000 
0.000000 
1.581139 
1.581139 
2.061553 
2.061553 
2.236068 
2.236068 
0.500000 
0.500000 
4.500000 
4.500000 
1.118034 
1.118034 
2.061553 
2.061553 
2.236068 
2.236068 
0.500000 
0.500000 
1.000000 
1.000000 
1.000000 
1.000000 
2.061553 
2.061553 
2.236068 
2.236068 
1.118034 
1.118034 
0.707107 
0.707107 
1.000000 
1.000000 
2.061553 
2.061553 
2.236068 
2.236068 
1.581139 
1.581139 
0.000000 
0.000000 
1.118034 
1.118034 
2.061553 
2.061553 
2.236068 
2.236068 
1.000000 
1.000000 
0.000000 
0.000000 
1.000000 
1.000000 
2.061553 
2.061553 
2.236068 
2.236068 
1.581139 
1.581139 
1.118034 
1.118034 
1.000000 
1.000000 
2.061553 
2.061553 
2.236068 
2.236068 
5.000000 
5.000000 
1.000000 
1.000000 
0.707107 
0.707107 
2.061553 
2.061553 
2.236068 
2.236068 
2.061553 
2.061553 
2.549510 
2.549510 
1.414214 
1.414214 
2.061553 
2.061553 
2.236068 
2.236068 
3.000000 
3.000000 
0.500000 
0.500000 
