0.000000 
0.000000 
0.000000 
0.000000 
0.000000 
0.000000 
0.000000 
0.000000 
2.500000 
2.500000 
1.000000 
1.000000 
0.000000 
0.000000 
1.118034 
1.118034 
4.123106 
4.123106 
0.500000 
0.500000 
0.500000 
0.500000 
1.581139 
1.581139 
0.500000 
0.500000 
0.500000 
0.500000 
0.500000 
0.500000 
1.000000 
1.000000 
0.000000 
0.000000 
1.118034 
1.118034 
1.414214 
1.414214 
1.000000 
1.000000 
4.000000 
4.000000 
0.000000 
0.000000 
0.500000 
0.500000 
1.500000 
1.500000 
1.118034 
1.118034 
1.802776 
1.802776 
0.000000 
0.000000 
0.500000 
0.500000 
1.581139 
1.581139 
5.024938 
5.024938 
1.500000 
1.500000 
0.000000 
0.000000 
1.118034 
1.118034 
0.500000 
0.500000 
0.500000 
0.500000 
2.000000 
2.000000 
0.000000 
0.000000 
1.118034 
1.118034 
0.707107 
0.707107 
0.500000 
0.500000 
1.802776 
1.802776 
0.000000 
0.000000 
0.000000 
0.000000 
7.516648 
7.516648 
0.000000 
0.000000 
1.118034 
1.118034 
2.061553 
2.061553 
1.500000 
1.500000 
0.000000 
0.000000 
1.000000 
1.000000 
0.500000 
0.500000 
0.500000 
0.500000 
1.118034 
1.118034 
1.581139 
1.581139 
0.000000 
0.000000 
1.000000 
1.000000 
1.581139 
1.581139 
1.500000 
1.500000 
4.527693 
4.527693 
0.000000 
0.000000 
1.581139 
1.581139 
0.000000 
0.000000 
4.472136 
4.472136 
1.000000 
1.000000 
1.414214 
1.414214 
2.500000 
2.500000 
0.500000 
0.500000 
1.581139 
1.581139 
0.000000 
0.000000 
1.118034 
1.118034 
1.414214 
1.414214 
2.000000 
2.000000 
3.640055 
3.640055 
0.000000 
0.000000 
1.581139 
1.581139 
0.000000 
0.000000 
1.118034 
1.118034 
1.000000 
1.000000 
1.581139 
1.581139 
3.041381 
3.041381 
1.000000 
1.000000 
1.581139 
1.581139 
0.000000 
0.000000 
1.118034 
1.118034 
1.414214 
1.414214 
0.500000 
0.500000 
4.000000 
4.000000 
2.061553 
2.061553 
1.581139 
1.581139 
0.000000 
0.000000 
3.640055 
3.640055 
0.500000 
0.500000 
1.000000 
1.000000 
1.581139 
1.581139 
1.500000 
1.500000 
1.581139 
1.581139 
0.000000 
0.000000 
0.707107 
0.707107 
0.707107 
0.707107 
0.000000 
0.000000 
1.500000 
1.500000 
1.118034 
1.118034 
1.581139 
1.581139 
0.000000 
0.000000 
1.500000 
1.500000 
1.581139 
1.581139 
0.500000 
0.500000 
2.000000 
2.000000 
1.118034 
1.118034 
1.581139 
1.581139 
1.000000 
1.000000 
0.707107 
0.707107 
0.500000 
0.500000 
2.000000 
2.000000 
1.118034 
1.118034 
1.581139 
1.581139 
1.414214 
1.414214 
0.500000 
0.500000 
0.500000 
0.500000 
1.581139 
1.581139 
1.118034 
1.118034 
1.581139 
1.581139 
0.500000 
0.500000 
5.024938 
5.024938 
0.500000 
0.500000 
1.581139 
1.581139 
1.118034 
1.118034 
1.581139 
1.581139 
0.000000 
0.000000 
0.707107 
0.707107 
3.535534 
3.535534 
4.527693 
4.527693 
1.118034 
1.118034 
1.581139 
1.581139 
0.707107 
0.707107 
1.118034 
1.118034 
0.707107 
0.707107 
0.500000 
0.500000 
1.118034 
1.118034 
1.581139 
1.581139 
1.000000 
1.000000 
0.707107 
0.707107 
1.118034 
1.118034 
2.000000 
2.000000 
1.118034 
1.118034 
1.581139 
1.581139 
1.118034 
1.118034 
1.118034 
1.118034 
0.707107 
0.707107 
1.581139 
1.581139 
1.118034 
1.118034 
1.118034 
1.118034 
1.802776 
1.802776 
1.414214 
1.414214 
2.000000 
2.000000 
1.118034 
1.118034 
1.414214 
1.414214 
2.061553 
2.061553 
1.581139 
1.581139 
2.061553 
2.061553 
1.118034 
1.118034 
1.118034 
1.118034 
2.236068 
2.236068 
1.500000 
1.500000 
6.000000 
6.000000 
1.118034 
1.118034 
1.000000 
1.000000 
7.516648 
7.516648 
0.500000 
0.500000 
1.581139 
1.581139 
1.118034 
1.118034 
0.500000 
0.500000 
2.500000 
2.500000 
1.118034 
1.118034 
2.000000 
2.000000 
1.118034 
1.118034 
4.031129 
4.031129 
2.500000 
2.500000 
13.536986 
13.536986 
3.000000 
3.000000 
1.118034 
1.118034 
1.000000 
1.000000 
2.500000 
2.500000 
1.118034 
1.118034 
2.061553 
2.061553 
0.500000 
0.500000 
2.500000 
2.500000 
1.000000 
1.000000 
1.000000 
1.000000 
1.500000 
1.500000 
13.038405 
13.038405 
1.000000 
1.000000 
0.500000 
0.500000 
1.000000 
1.000000 
0.500000 
0.500000 
1.000000 
1.000000 
3.041381 
3.041381 
1.000000 
1.000000 
0.000000 
0.000000 
1.000000 
1.000000 
0.000000 
0.000000 
0.707107 
0.707107 
1.118034 
1.118034 
1.000000 
1.000000 
1.000000 
1.000000 
0.707107 
0.707107 
0.500000 
0.500000 
1.000000 
1.000000 
0.500000 
0.500000 
