0.000000 
0.000000 
0.000000 
0.000000 
0.000000 
0.000000 
0.000000 
0.000000 
1.802776 
1.802776 
0.000000 
0.000000 
2.500000 
2.500000 
1.000000 
1.000000 
2.236068 
2.236068 
1.000000 
1.000000 
1.000000 
1.000000 
1.118034 
1.118034 
6.184658 
6.184658 
1.414214 
1.414214 
1.118034 
1.118034 
0.500000 
0.500000 
3.162278 
3.162278 
1.414214 
1.414214 
1.118034 
1.118034 
1.414214 
1.414214 
0.707107 
0.707107 
6.000000 
6.000000 
2.061553 
2.061553 
1.414214 
1.414214 
3.535534 
3.535534 
7.071068 
7.071068 
3.041381 
3.041381 
5.522681 
5.522681 
0.500000 
0.500000 
2.500000 
2.500000 
3.000000 
3.000000 
1.581139 
1.581139 
0.707107 
0.707107 
2.500000 
2.500000 
1.118034 
1.118034 
3.000000 
3.000000 
3.905125 
3.905125 
2.500000 
2.500000 
4.000000 
4.000000 
2.000000 
2.000000 
2.121320 
2.121320 
2.500000 
2.500000 
1.118034 
1.118034 
1.581139 
1.581139 
1.000000 
1.000000 
2.500000 
2.500000 
0.707107 
0.707107 
1.000000 
1.000000 
1.581139 
1.581139 
2.500000 
2.500000 
0.500000 
0.500000 
4.123106 
4.123106 
3.535534 
3.535534 
2.500000 
2.500000 
1.500000 
1.500000 
1.414214 
1.414214 
1.581139 
1.581139 
2.500000 
2.500000 
1.802776 
1.802776 
1.414214 
1.414214 
1.802776 
1.802776 
2.500000 
2.500000 
2.236068 
2.236068 
1.581139 
1.581139 
0.707107 
0.707107 
2.500000 
2.500000 
1.802776 
1.802776 
1.802776 
1.802776 
1.118034 
1.118034 
2.500000 
2.500000 
1.414214 
1.414214 
1.118034 
1.118034 
4.609772 
4.609772 
2.500000 
2.500000 
1.581139 
1.581139 
1.000000 
1.000000 
0.500000 
0.500000 
2.500000 
2.500000 
0.707107 
0.707107 
1.118034 
1.118034 
1.118034 
1.118034 
2.500000 
2.500000 
0.500000 
0.500000 
0.000000 
0.000000 
2.061553 
2.061553 
2.500000 
2.500000 
0.707107 
0.707107 
1.118034 
1.118034 
4.527693 
4.527693 
1.118034 
1.118034 
0.500000 
0.500000 
3.535534 
3.535534 
3.500000 
3.500000 
0.707107 
0.707107 
3.201562 
3.201562 
2.061553 
2.061553 
1.581139 
1.581139 
3.535534 
3.535534 
1.802776 
1.802776 
2.061553 
2.061553 
2.061553 
2.061553 
2.692582 
2.692582 
2.236068 
2.236068 
0.500000 
0.500000 
2.236068 
2.236068 
5.522681 
5.522681 
1.118034 
1.118034 
6.670832 
6.670832 
4.272002 
4.272002 
3.000000 
3.000000 
2.061553 
2.061553 
3.000000 
3.000000 
2.549510 
2.549510 
2.236068 
2.236068 
4.949747 
4.949747 
12.509996 
12.509996 
0.707107 
0.707107 
1.000000 
1.000000 
0.000000 
0.000000 
1.802776 
1.802776 
0.000000 
0.000000 
0.707107 
0.707107 
0.707107 
0.707107 
1.414214 
1.414214 
0.000000 
0.000000 
0.500000 
0.500000 
0.500000 
0.500000 
2.236068 
2.236068 
1.000000 
1.000000 
0.500000 
0.500000 
1.000000 
1.000000 
1.802776 
1.802776 
1.000000 
1.000000 
1.000000 
1.000000 
1.000000 
1.000000 
1.802776 
1.802776 
1.000000 
1.000000 
1.000000 
1.000000 
1.118034 
1.118034 
2.236068 
2.236068 
1.414214 
1.414214 
4.272002 
4.272002 
1.500000 
1.500000 
4.242641 
4.242641 
0.500000 
0.500000 
1.802776 
1.802776 
