0.000000 
0.000000 
0.000000 
0.000000 
1.118034 
1.118034 
1.000000 
1.000000 
3.162278 
3.162278 
1.118034 
1.118034 
1.000000 
1.000000 
1.414214 
1.414214 
0.000000 
0.000000 
0.500000 
0.500000 
4.743416 
4.743416 
1.000000 
1.000000 
1.414214 
1.414214 
2.236068 
2.236068 
5.852350 
5.852350 
0.500000 
0.500000 
2.000000 
2.000000 
1.118034 
1.118034 
1.118034 
1.118034 
6.020797 
6.020797 
9.617692 
9.617692 
7.280110 
7.280110 
5.220153 
5.220153 
1.000000 
1.000000 
0.500000 
0.500000 
5.522681 
5.522681 
0.500000 
0.500000 
0.000000 
0.000000 
3.041381 
3.041381 
0.000000 
0.000000 
0.000000 
0.000000 
3.041381 
3.041381 
0.707107 
0.707107 
0.707107 
0.707107 
6.500000 
6.500000 
0.707107 
0.707107 
0.707107 
0.707107 
5.024938 
5.024938 
4.743416 
4.743416 
4.272002 
4.272002 
2.000000 
2.000000 
1.118034 
1.118034 
0.500000 
0.500000 
6.103278 
6.103278 
1.414214 
1.414214 
0.500000 
0.500000 
2.000000 
2.000000 
1.118034 
1.118034 
0.707107 
0.707107 
1.118034 
1.118034 
1.118034 
1.118034 
0.707107 
0.707107 
8.139410 
8.139410 
0.707107 
0.707107 
1.000000 
1.000000 
5.590170 
5.590170 
1.118034 
1.118034 
4.242641 
4.242641 
2.500000 
2.500000 
1.118034 
1.118034 
0.500000 
0.500000 
2.000000 
2.000000 
0.500000 
0.500000 
0.500000 
0.500000 
6.082763 
6.082763 
0.500000 
0.500000 
0.707107 
0.707107 
2.500000 
2.500000 
0.000000 
0.000000 
0.500000 
0.500000 
2.500000 
2.500000 
0.707107 
0.707107 
0.000000 
0.000000 
2.236068 
2.236068 
1.118034 
1.118034 
6.264982 
6.264982 
1.000000 
1.000000 
1.581139 
1.581139 
1.000000 
1.000000 
1.000000 
1.000000 
1.581139 
1.581139 
4.609772 
4.609772 
1.118034 
1.118034 
1.581139 
1.581139 
1.581139 
1.581139 
1.000000 
1.000000 
1.581139 
1.581139 
2.692582 
2.692582 
1.000000 
1.000000 
0.000000 
0.000000 
14.430870 
14.430870 
2.692582 
2.692582 
1.000000 
1.000000 
1.581139 
1.581139 
0.500000 
0.500000 
2.692582 
2.692582 
4.743416 
4.743416 
1.118034 
1.118034 
0.707107 
0.707107 
2.692582 
2.692582 
1.118034 
1.118034 
1.118034 
1.118034 
0.500000 
0.500000 
2.692582 
2.692582 
3.535534 
3.535534 
1.118034 
1.118034 
0.000000 
0.000000 
2.692582 
2.692582 
4.272002 
4.272002 
7.280110 
7.280110 
0.707107 
0.707107 
2.692582 
2.692582 
2.236068 
2.236068 
1.000000 
1.000000 
10.547512 
10.547512 
2.692582 
2.692582 
2.692582 
2.692582 
6.020797 
6.020797 
10.547512 
10.547512 
2.692582 
2.692582 
2.500000 
2.500000 
