0.000000 
0.000000 
0.000000 
0.000000 
0.000000 
0.000000 
7.500000 
7.500000 
0.000000 
0.000000 
1.500000 
1.500000 
0.000000 
0.000000 
1.000000 
1.000000 
0.000000 
0.000000 
0.000000 
0.000000 
0.000000 
0.000000 
0.000000 
0.000000 
0.000000 
0.000000 
0.500000 
0.500000 
0.000000 
0.000000 
7.017834 
7.017834 
8.062258 
8.062258 
0.500000 
0.500000 
0.707107 
0.707107 
0.500000 
0.500000 
1.000000 
1.000000 
0.500000 
0.500000 
0.500000 
0.500000 
1.118034 
1.118034 
0.500000 
0.500000 
2.000000 
2.000000 
0.707107 
0.707107 
0.500000 
0.500000 
1.414214 
1.414214 
0.000000 
0.000000 
0.707107 
0.707107 
1.118034 
1.118034 
1.118034 
1.118034 
6.082763 
6.082763 
0.707107 
0.707107 
0.707107 
0.707107 
0.500000 
0.500000 
6.082763 
6.082763 
0.707107 
0.707107 
2.915476 
2.915476 
1.118034 
1.118034 
6.082763 
6.082763 
0.707107 
0.707107 
0.707107 
0.707107 
0.500000 
0.500000 
6.082763 
6.082763 
0.707107 
0.707107 
0.707107 
0.707107 
0.000000 
0.000000 
0.000000 
0.000000 
6.082763 
6.082763 
0.707107 
0.707107 
0.707107 
0.707107 
0.500000 
0.500000 
1.118034 
1.118034 
6.082763 
6.082763 
0.707107 
0.707107 
0.707107 
0.707107 
0.707107 
0.707107 
0.500000 
0.500000 
6.082763 
6.082763 
0.707107 
0.707107 
0.707107 
0.707107 
0.707107 
0.707107 
0.500000 
0.500000 
6.082763 
6.082763 
0.707107 
0.707107 
0.707107 
0.707107 
0.000000 
0.000000 
0.500000 
0.500000 
6.082763 
6.082763 
0.707107 
0.707107 
0.707107 
0.707107 
1.581139 
1.581139 
0.000000 
0.000000 
0.500000 
0.500000 
6.082763 
6.082763 
0.707107 
0.707107 
0.707107 
0.707107 
0.000000 
0.000000 
0.000000 
0.000000 
0.500000 
0.500000 
6.082763 
6.082763 
0.707107 
0.707107 
0.707107 
0.707107 
1.500000 
1.500000 
0.000000 
0.000000 
0.500000 
0.500000 
6.082763 
6.082763 
0.707107 
0.707107 
0.707107 
0.707107 
0.707107 
0.707107 
0.000000 
0.000000 
0.500000 
0.500000 
6.082763 
6.082763 
0.707107 
0.707107 
0.707107 
0.707107 
0.500000 
0.500000 
0.000000 
0.000000 
0.500000 
0.500000 
6.082763 
6.082763 
0.707107 
0.707107 
0.707107 
0.707107 
0.000000 
0.000000 
0.500000 
0.500000 
6.082763 
6.082763 
0.707107 
0.707107 
1.802776 
1.802776 
0.000000 
0.000000 
0.500000 
0.500000 
0.707107 
0.707107 
1.500000 
1.500000 
0.000000 
0.000000 
0.500000 
0.500000 
0.707107 
0.707107 
1.118034 
1.118034 
0.000000 
0.000000 
0.500000 
0.500000 
0.500000 
0.500000 
0.000000 
0.000000 
0.500000 
0.500000 
4.716991 
4.716991 
0.000000 
0.000000 
0.500000 
0.500000 
1.118034 
1.118034 
0.000000 
0.000000 
0.000000 
0.000000 
0.500000 
0.500000 
2.500000 
2.500000 
0.500000 
0.500000 
0.000000 
0.000000 
0.500000 
0.500000 
2.828427 
2.828427 
0.500000 
0.500000 
0.000000 
0.000000 
0.500000 
0.500000 
1.000000 
1.000000 
0.500000 
0.500000 
0.000000 
0.000000 
2.236068 
2.236068 
0.000000 
0.000000 
8.015610 
8.015610 
15.008331 
15.008331 
1.414214 
1.414214 
0.707107 
0.707107 
0.500000 
0.500000 
1.581139 
1.581139 
0.500000 
0.500000 
0.000000 
0.000000 
0.500000 
0.500000 
0.500000 
0.500000 
0.707107 
0.707107 
0.000000 
0.000000 
0.000000 
0.000000 
6.020797 
6.020797 
0.500000 
0.500000 
0.000000 
0.000000 
3.162278 
3.162278 
5.500000 
5.500000 
0.500000 
0.500000 
0.000000 
0.000000 
3.162278 
3.162278 
0.500000 
0.500000 
0.500000 
0.500000 
0.000000 
0.000000 
3.162278 
3.162278 
4.609772 
4.609772 
8.558621 
8.558621 
0.000000 
0.000000 
3.162278 
3.162278 
0.707107 
0.707107 
1.118034 
1.118034 
0.000000 
0.000000 
3.162278 
3.162278 
1.000000 
1.000000 
2.061553 
2.061553 
