0.000000 
0.000000 
0.000000 
0.000000 
0.000000 
0.000000 
0.000000 
0.000000 
0.000000 
0.000000 
0.000000 
0.000000 
1.500000 
1.500000 
0.500000 
0.500000 
0.500000 
0.500000 
2.692582 
2.692582 
3.807887 
3.807887 
0.500000 
0.500000 
1.500000 
1.500000 
0.500000 
0.500000 
1.118034 
1.118034 
3.535534 
3.535534 
0.707107 
0.707107 
0.707107 
0.707107 
1.500000 
1.500000 
0.500000 
0.500000 
1.118034 
1.118034 
1.118034 
1.118034 
4.123106 
4.123106 
1.118034 
1.118034 
4.609772 
4.609772 
0.500000 
0.500000 
1.118034 
1.118034 
0.707107 
0.707107 
10.606602 
10.606602 
1.118034 
1.118034 
0.500000 
0.500000 
0.500000 
0.500000 
1.118034 
1.118034 
8.558621 
8.558621 
1.000000 
1.000000 
1.118034 
1.118034 
1.500000 
1.500000 
0.500000 
0.500000 
1.118034 
1.118034 
1.118034 
1.118034 
1.000000 
1.000000 
1.118034 
1.118034 
1.500000 
1.500000 
0.500000 
0.500000 
1.118034 
1.118034 
6.020797 
6.020797 
1.000000 
1.000000 
1.000000 
1.000000 
1.581139 
1.581139 
0.500000 
0.500000 
1.118034 
1.118034 
1.118034 
1.118034 
1.000000 
1.000000 
0.500000 
0.500000 
0.707107 
0.707107 
0.500000 
0.500000 
1.118034 
1.118034 
4.527693 
4.527693 
1.000000 
1.000000 
9.513149 
9.513149 
0.707107 
0.707107 
0.500000 
0.500000 
1.118034 
1.118034 
1.581139 
1.581139 
1.000000 
1.000000 
10.198039 
10.198039 
0.000000 
0.000000 
1.118034 
1.118034 
0.500000 
0.500000 
1.118034 
1.118034 
0.500000 
0.500000 
1.000000 
1.000000 
11.280514 
11.280514 
0.000000 
0.000000 
1.118034 
1.118034 
0.500000 
0.500000 
0.500000 
0.500000 
1.118034 
1.118034 
4.743416 
4.743416 
1.000000 
1.000000 
18.027756 
18.027756 
1.000000 
1.000000 
2.061553 
2.061553 
1.000000 
1.000000 
0.500000 
0.500000 
1.118034 
1.118034 
4.743416 
4.743416 
1.000000 
1.000000 
0.500000 
0.500000 
0.000000 
0.000000 
0.000000 
0.000000 
1.118034 
1.118034 
1.500000 
1.500000 
5.099020 
5.099020 
0.500000 
0.500000 
1.118034 
1.118034 
1.802776 
1.802776 
1.000000 
1.000000 
0.500000 
0.500000 
2.061553 
2.061553 
0.000000 
0.000000 
1.118034 
1.118034 
10.630146 
10.630146 
2.236068 
2.236068 
0.500000 
0.500000 
1.118034 
1.118034 
1.118034 
1.118034 
1.000000 
1.000000 
0.500000 
0.500000 
0.000000 
0.000000 
2.061553 
2.061553 
0.000000 
0.000000 
1.118034 
1.118034 
1.581139 
1.581139 
1.581139 
1.581139 
0.500000 
0.500000 
1.118034 
1.118034 
1.118034 
1.118034 
1.000000 
1.000000 
0.500000 
0.500000 
0.000000 
0.000000 
1.581139 
1.581139 
2.061553 
2.061553 
0.000000 
0.000000 
1.118034 
1.118034 
1.581139 
1.581139 
2.549510 
2.549510 
1.118034 
1.118034 
1.118034 
1.118034 
1.000000 
1.000000 
0.500000 
0.500000 
1.414214 
1.414214 
3.500000 
3.500000 
2.061553 
2.061553 
0.000000 
0.000000 
1.118034 
1.118034 
1.581139 
1.581139 
2.549510 
2.549510 
1.118034 
1.118034 
1.118034 
1.118034 
1.000000 
1.000000 
0.500000 
0.500000 
0.500000 
0.500000 
8.500000 
8.500000 
2.061553 
2.061553 
0.000000 
0.000000 
1.118034 
1.118034 
1.581139 
1.581139 
2.549510 
2.549510 
1.118034 
1.118034 
1.118034 
1.118034 
1.000000 
1.000000 
0.500000 
0.500000 
2.000000 
2.000000 
0.707107 
0.707107 
2.061553 
2.061553 
0.000000 
0.000000 
1.118034 
1.118034 
1.581139 
1.581139 
3.041381 
3.041381 
1.118034 
1.118034 
0.500000 
0.500000 
2.500000 
2.500000 
1.414214 
1.414214 
2.061553 
2.061553 
0.000000 
0.000000 
1.118034 
1.118034 
1.581139 
1.581139 
0.000000 
0.000000 
1.118034 
1.118034 
0.500000 
0.500000 
3.162278 
3.162278 
1.581139 
1.581139 
2.061553 
2.061553 
0.000000 
0.000000 
1.118034 
1.118034 
1.581139 
1.581139 
1.118034 
1.118034 
1.118034 
1.118034 
0.500000 
0.500000 
0.000000 
0.000000 
13.038405 
13.038405 
0.500000 
0.500000 
2.061553 
2.061553 
0.000000 
0.000000 
1.118034 
1.118034 
1.581139 
1.581139 
0.707107 
0.707107 
1.118034 
1.118034 
0.500000 
0.500000 
1.118034 
1.118034 
4.123106 
4.123106 
1.414214 
1.414214 
2.061553 
2.061553 
0.000000 
0.000000 
1.118034 
1.118034 
1.581139 
1.581139 
1.000000 
1.000000 
1.118034 
1.118034 
0.500000 
0.500000 
1.118034 
1.118034 
4.123106 
4.123106 
0.000000 
0.000000 
2.061553 
2.061553 
0.000000 
0.000000 
1.118034 
1.118034 
1.581139 
1.581139 
1.000000 
1.000000 
1.118034 
1.118034 
0.500000 
0.500000 
1.118034 
1.118034 
4.500000 
4.500000 
0.500000 
0.500000 
2.061553 
2.061553 
0.000000 
0.000000 
1.118034 
1.118034 
1.581139 
1.581139 
1.000000 
1.000000 
1.118034 
1.118034 
0.500000 
0.500000 
1.118034 
1.118034 
2.692582 
2.692582 
12.093387 
12.093387 
2.061553 
2.061553 
0.000000 
0.000000 
1.118034 
1.118034 
1.581139 
1.581139 
1.000000 
1.000000 
1.118034 
1.118034 
0.500000 
0.500000 
0.000000 
0.000000 
1.118034 
1.118034 
9.500000 
9.500000 
12.093387 
12.093387 
2.061553 
2.061553 
0.000000 
0.000000 
1.118034 
1.118034 
1.581139 
1.581139 
1.000000 
1.000000 
1.118034 
1.118034 
2.236068 
2.236068 
1.118034 
1.118034 
9.219544 
9.219544 
12.093387 
12.093387 
2.061553 
2.061553 
1.581139 
1.581139 
1.000000 
1.000000 
1.118034 
1.118034 
0.000000 
0.000000 
0.707107 
0.707107 
1.118034 
1.118034 
9.219544 
9.219544 
12.093387 
12.093387 
1.581139 
1.581139 
1.000000 
1.000000 
0.000000 
0.000000 
0.000000 
0.000000 
1.414214 
1.414214 
1.118034 
1.118034 
2.500000 
2.500000 
12.093387 
12.093387 
1.000000 
1.000000 
1.581139 
1.581139 
0.000000 
0.000000 
0.500000 
0.500000 
1.118034 
1.118034 
13.009612 
13.009612 
12.093387 
12.093387 
1.000000 
1.000000 
3.000000 
3.000000 
0.000000 
0.000000 
0.500000 
0.500000 
1.118034 
1.118034 
0.707107 
0.707107 
12.093387 
12.093387 
1.000000 
1.000000 
0.000000 
0.000000 
1.581139 
1.581139 
8.746428 
8.746428 
2.500000 
2.500000 
1.118034 
1.118034 
1.118034 
1.118034 
12.093387 
12.093387 
1.000000 
1.000000 
0.000000 
0.000000 
2.692582 
2.692582 
1.581139 
1.581139 
2.500000 
2.500000 
1.118034 
1.118034 
1.581139 
1.581139 
12.093387 
12.093387 
1.000000 
1.000000 
0.000000 
0.000000 
0.500000 
0.500000 
2.692582 
2.692582 
18.794946 
18.794946 
3.201562 
3.201562 
1.118034 
1.118034 
1.581139 
1.581139 
12.093387 
12.093387 
1.000000 
1.000000 
9.617692 
9.617692 
0.500000 
0.500000 
2.692582 
2.692582 
1.118034 
1.118034 
0.707107 
0.707107 
1.118034 
1.118034 
13.892444 
13.892444 
12.093387 
12.093387 
1.000000 
1.000000 
9.617692 
9.617692 
0.000000 
0.000000 
2.692582 
2.692582 
2.061553 
2.061553 
0.707107 
0.707107 
1.118034 
1.118034 
0.500000 
0.500000 
12.093387 
12.093387 
1.000000 
1.000000 
9.617692 
9.617692 
0.707107 
0.707107 
2.692582 
2.692582 
1.118034 
1.118034 
2.000000 
2.000000 
1.500000 
1.500000 
12.093387 
12.093387 
9.617692 
9.617692 
0.707107 
0.707107 
2.692582 
2.692582 
1.000000 
1.000000 
1.000000 
1.000000 
9.013878 
9.013878 
12.093387 
12.093387 
0.000000 
0.000000 
9.617692 
9.617692 
0.707107 
0.707107 
2.692582 
2.692582 
1.118034 
1.118034 
1.500000 
1.500000 
0.707107 
0.707107 
12.093387 
12.093387 
2.500000 
2.500000 
9.617692 
9.617692 
0.707107 
0.707107 
2.692582 
2.692582 
9.340771 
9.340771 
0.500000 
0.500000 
1.000000 
1.000000 
3.640055 
3.640055 
9.617692 
9.617692 
0.707107 
0.707107 
2.692582 
2.692582 
3.535534 
3.535534 
3.000000 
3.000000 
1.500000 
1.500000 
3.000000 
3.000000 
9.617692 
9.617692 
0.707107 
0.707107 
2.692582 
2.692582 
2.500000 
2.500000 
3.041381 
3.041381 
5.024938 
5.024938 
12.010412 
12.010412 
9.617692 
9.617692 
0.707107 
0.707107 
2.692582 
2.692582 
2.000000 
2.000000 
1.500000 
1.500000 
1.581139 
1.581139 
1.581139 
1.581139 
9.617692 
9.617692 
0.707107 
0.707107 
2.692582 
2.692582 
2.500000 
2.500000 
1.500000 
1.500000 
1.500000 
1.500000 
