0.000000 
0.000000 
0.000000 
0.000000 
0.000000 
0.000000 
0.000000 
0.000000 
0.000000 
0.000000 
1.118034 
1.118034 
0.707107 
0.707107 
13.453624 
13.453624 
1.802776 
1.802776 
1.581139 
1.581139 
1.500000 
1.500000 
1.000000 
1.000000 
14.603082 
14.603082 
2.236068 
2.236068 
4.609772 
4.609772 
0.000000 
0.000000 
1.500000 
1.500000 
1.118034 
1.118034 
5.220153 
5.220153 
2.500000 
2.500000 
2.061553 
2.061553 
0.000000 
0.000000 
9.513149 
9.513149 
1.500000 
1.500000 
0.500000 
0.500000 
4.527693 
4.527693 
7.566373 
7.566373 
2.061553 
2.061553 
0.500000 
0.500000 
2.500000 
2.500000 
1.500000 
1.500000 
0.707107 
0.707107 
1.000000 
1.000000 
1.581139 
1.581139 
2.061553 
2.061553 
0.500000 
0.500000 
15.074813 
15.074813 
1.500000 
1.500000 
6.800735 
6.800735 
2.000000 
2.000000 
1.581139 
1.581139 
2.061553 
2.061553 
0.500000 
0.500000 
2.061553 
2.061553 
1.500000 
1.500000 
1.581139 
1.581139 
1.500000 
1.500000 
2.061553 
2.061553 
2.061553 
2.061553 
0.500000 
0.500000 
10.049876 
10.049876 
1.500000 
1.500000 
0.500000 
0.500000 
1.000000 
1.000000 
2.500000 
2.500000 
2.061553 
2.061553 
0.000000 
0.000000 
0.500000 
0.500000 
1.000000 
1.000000 
1.500000 
1.500000 
2.915476 
2.915476 
1.000000 
1.000000 
7.000000 
7.000000 
2.061553 
2.061553 
1.118034 
1.118034 
0.500000 
0.500000 
7.017834 
7.017834 
1.500000 
1.500000 
3.041381 
3.041381 
6.184658 
6.184658 
3.041381 
3.041381 
2.061553 
2.061553 
0.500000 
0.500000 
0.500000 
0.500000 
2.549510 
2.549510 
1.500000 
1.500000 
3.807887 
3.807887 
1.581139 
1.581139 
3.535534 
3.535534 
2.061553 
2.061553 
1.500000 
1.500000 
0.500000 
0.500000 
3.807887 
3.807887 
1.500000 
1.500000 
0.707107 
0.707107 
6.500000 
6.500000 
8.000000 
8.000000 
2.061553 
2.061553 
0.500000 
0.500000 
0.500000 
0.500000 
6.576473 
6.576473 
1.500000 
1.500000 
1.118034 
1.118034 
3.000000 
3.000000 
3.807887 
3.807887 
2.061553 
2.061553 
1.000000 
1.000000 
0.500000 
0.500000 
2.061553 
2.061553 
1.500000 
1.500000 
3.041381 
3.041381 
6.519202 
6.519202 
3.162278 
3.162278 
2.061553 
2.061553 
0.707107 
0.707107 
0.500000 
0.500000 
3.041381 
3.041381 
1.500000 
1.500000 
0.500000 
0.500000 
1.500000 
1.500000 
6.519202 
6.519202 
2.061553 
2.061553 
8.558621 
8.558621 
0.500000 
0.500000 
2.236068 
2.236068 
1.500000 
1.500000 
1.118034 
1.118034 
2.061553 
2.061553 
3.000000 
3.000000 
2.061553 
2.061553 
2.000000 
2.000000 
0.500000 
0.500000 
0.707107 
0.707107 
1.500000 
1.500000 
1.118034 
1.118034 
2.061553 
2.061553 
2.549510 
2.549510 
2.061553 
2.061553 
2.061553 
2.061553 
0.500000 
0.500000 
7.017834 
7.017834 
2.000000 
2.000000 
1.414214 
1.414214 
2.549510 
2.549510 
2.236068 
2.236068 
0.500000 
0.500000 
1.500000 
1.500000 
2.000000 
2.000000 
0.500000 
0.500000 
4.031129 
4.031129 
1.000000 
1.000000 
12.020815 
12.020815 
2.000000 
2.000000 
0.500000 
0.500000 
1.581139 
1.581139 
6.519202 
6.519202 
0.707107 
0.707107 
2.000000 
2.000000 
0.500000 
0.500000 
1.581139 
1.581139 
2.000000 
2.000000 
10.606602 
10.606602 
10.511898 
10.511898 
0.000000 
0.000000 
1.581139 
1.581139 
2.061553 
2.061553 
2.549510 
2.549510 
2.500000 
2.500000 
0.707107 
0.707107 
1.581139 
1.581139 
2.000000 
2.000000 
8.246211 
8.246211 
4.123106 
4.123106 
0.000000 
0.000000 
1.581139 
1.581139 
1.581139 
1.581139 
2.692582 
2.692582 
3.640055 
3.640055 
0.707107 
0.707107 
1.581139 
1.581139 
6.000000 
6.000000 
0.000000 
0.000000 
2.500000 
2.500000 
1.500000 
1.500000 
1.581139 
1.581139 
3.041381 
3.041381 
0.500000 
0.500000 
1.000000 
1.000000 
2.000000 
2.000000 
1.581139 
1.581139 
3.041381 
3.041381 
0.500000 
0.500000 
4.000000 
4.000000 
2.061553 
2.061553 
1.581139 
1.581139 
1.500000 
1.500000 
4.472136 
4.472136 
1.118034 
1.118034 
6.670832 
6.670832 
1.581139 
1.581139 
7.017834 
7.017834 
6.324555 
6.324555 
6.670832 
6.670832 
2.061553 
2.061553 
1.581139 
1.581139 
2.000000 
2.000000 
1.581139 
1.581139 
2.121320 
2.121320 
6.964194 
6.964194 
1.581139 
1.581139 
3.000000 
3.000000 
0.500000 
0.500000 
1.118034 
1.118034 
3.354102 
3.354102 
1.581139 
1.581139 
2.061553 
2.061553 
0.000000 
0.000000 
0.000000 
0.000000 
8.139410 
8.139410 
1.581139 
1.581139 
6.576473 
6.576473 
0.500000 
0.500000 
12.369317 
12.369317 
2.061553 
2.061553 
1.581139 
1.581139 
2.500000 
2.500000 
10.688779 
10.688779 
2.236068 
2.236068 
3.041381 
3.041381 
2.061553 
2.061553 
1.581139 
1.581139 
2.000000 
2.000000 
5.024938 
5.024938 
2.061553 
2.061553 
4.272002 
4.272002 
2.061553 
2.061553 
4.000000 
4.000000 
0.000000 
0.000000 
8.514693 
8.514693 
4.527693 
4.527693 
4.031129 
4.031129 
