0.000000 
0.000000 
0.000000 
0.000000 
0.000000 
0.000000 
1.500000 
1.500000 
6.576473 
6.576473 
1.118034 
1.118034 
2.549510 
2.549510 
3.640055 
3.640055 
1.802776 
1.802776 
1.581139 
1.581139 
6.519202 
6.519202 
4.031129 
4.031129 
1.581139 
1.581139 
1.581139 
1.581139 
5.522681 
5.522681 
1.118034 
1.118034 
1.581139 
1.581139 
0.707107 
0.707107 
1.581139 
1.581139 
1.581139 
1.581139 
1.802776 
1.802776 
0.000000 
0.000000 
1.802776 
1.802776 
1.118034 
1.118034 
1.802776 
1.802776 
4.527693 
4.527693 
8.944272 
8.944272 
1.581139 
1.581139 
1.802776 
1.802776 
1.414214 
1.414214 
0.500000 
0.500000 
1.581139 
1.581139 
1.802776 
1.802776 
0.000000 
0.000000 
2.000000 
2.000000 
1.118034 
1.118034 
1.802776 
1.802776 
0.500000 
0.500000 
2.000000 
2.000000 
0.707107 
0.707107 
1.802776 
1.802776 
1.118034 
1.118034 
0.707107 
0.707107 
0.000000 
0.000000 
1.802776 
1.802776 
1.000000 
1.000000 
0.500000 
0.500000 
0.707107 
0.707107 
1.802776 
1.802776 
0.500000 
0.500000 
1.500000 
1.500000 
3.500000 
3.500000 
1.802776 
1.802776 
0.707107 
0.707107 
2.061553 
2.061553 
0.500000 
0.500000 
1.802776 
1.802776 
15.041609 
15.041609 
7.516648 
7.516648 
0.500000 
0.500000 
1.802776 
1.802776 
2.500000 
2.500000 
2.000000 
2.000000 
0.500000 
0.500000 
1.802776 
1.802776 
2.500000 
2.500000 
2.000000 
2.000000 
0.500000 
0.500000 
1.802776 
1.802776 
0.000000 
0.000000 
1.414214 
1.414214 
0.000000 
0.000000 
1.802776 
1.802776 
20.506097 
20.506097 
20.524376 
20.524376 
0.500000 
0.500000 
1.802776 
1.802776 
19.924859 
19.924859 
3.640055 
3.640055 
4.000000 
4.000000 
19.924859 
19.924859 
1.000000 
1.000000 
0.500000 
0.500000 
11.401754 
11.401754 
4.301163 
4.301163 
0.707107 
0.707107 
11.401754 
11.401754 
5.000000 
5.000000 
0.707107 
0.707107 
2.828427 
2.828427 
3.354102 
3.354102 
0.707107 
0.707107 
4.301163 
4.301163 
1.414214 
1.414214 
0.500000 
0.500000 
2.236068 
2.236068 
1.802776 
1.802776 
0.707107 
0.707107 
4.609772 
4.609772 
22.699119 
22.699119 
1.118034 
1.118034 
0.500000 
0.500000 
2.121320 
2.121320 
1.118034 
1.118034 
1.118034 
1.118034 
0.000000 
0.000000 
4.527693 
4.527693 
6.324555 
6.324555 
2.061553 
2.061553 
1.581139 
1.581139 
1.414214 
1.414214 
21.289669 
21.289669 
3.041381 
3.041381 
4.242641 
4.242641 
1.802776 
1.802776 
1.581139 
1.581139 
2.236068 
2.236068 
1.000000 
1.000000 
1.581139 
1.581139 
9.000000 
9.000000 
3.807887 
3.807887 
1.581139 
1.581139 
0.707107 
0.707107 
4.609772 
4.609772 
1.581139 
1.581139 
5.220153 
5.220153 
4.500000 
4.500000 
1.581139 
1.581139 
4.527693 
4.527693 
26.669271 
26.669271 
1.581139 
1.581139 
