0.000000 
0.000000 
3.535534 
3.535534 
12.649111 
12.649111 
12.093387 
12.093387 
1.000000 
1.000000 
0.000000 
0.000000 
0.500000 
0.500000 
2.549510 
2.549510 
0.000000 
0.000000 
1.414214 
1.414214 
0.000000 
0.000000 
15.572412 
15.572412 
7.516648 
7.516648 
1.581139 
1.581139 
2.000000 
2.000000 
2.000000 
2.000000 
6.020797 
6.020797 
3.162278 
3.162278 
2.121320 
2.121320 
2.500000 
2.500000 
2.500000 
2.500000 
0.000000 
0.000000 
1.802776 
1.802776 
0.500000 
0.500000 
3.807887 
3.807887 
2.549510 
2.549510 
1.581139 
1.581139 
0.000000 
0.000000 
8.062258 
8.062258 
8.015610 
8.015610 
2.500000 
2.500000 
13.462912 
13.462912 
2.549510 
2.549510 
6.041523 
6.041523 
3.500000 
3.500000 
4.031129 
4.031129 
4.031129 
4.031129 
13.200379 
13.200379 
3.162278 
3.162278 
7.632169 
7.632169 
8.500000 
8.500000 
6.082763 
6.082763 
2.549510 
2.549510 
6.000000 
6.000000 
3.535534 
3.535534 
0.500000 
0.500000 
2.000000 
2.000000 
3.041381 
3.041381 
6.000000 
6.000000 
2.915476 
2.915476 
8.631338 
8.631338 
9.124144 
9.124144 
5.000000 
5.000000 
0.707107 
0.707107 
3.162278 
3.162278 
3.807887 
3.807887 
4.527693 
4.527693 
0.707107 
0.707107 
2.549510 
2.549510 
4.000000 
4.000000 
10.511898 
10.511898 
0.707107 
0.707107 
3.535534 
3.535534 
4.123106 
4.123106 
3.640055 
3.640055 
1.802776 
1.802776 
3.905125 
3.905125 
3.535534 
3.535534 
3.500000 
3.500000 
1.581139 
1.581139 
3.807887 
3.807887 
2.236068 
2.236068 
3.041381 
3.041381 
1.802776 
1.802776 
3.162278 
3.162278 
8.139410 
8.139410 
2.549510 
2.549510 
2.236068 
2.236068 
2.000000 
2.000000 
1.802776 
1.802776 
1.581139 
1.581139 
1.118034 
1.118034 
3.201562 
3.201562 
2.000000 
2.000000 
1.118034 
1.118034 
1.581139 
1.581139 
2.000000 
2.000000 
2.549510 
2.549510 
1.000000 
1.000000 
1.581139 
1.581139 
10.049876 
10.049876 
2.000000 
2.000000 
1.118034 
1.118034 
2.692582 
2.692582 
1.118034 
1.118034 
2.549510 
2.549510 
1.118034 
1.118034 
0.707107 
0.707107 
8.062258 
8.062258 
2.061553 
2.061553 
0.500000 
0.500000 
0.500000 
0.500000 
1.000000 
1.000000 
3.535534 
3.535534 
0.707107 
0.707107 
6.800735 
6.800735 
1.118034 
1.118034 
2.549510 
2.549510 
0.500000 
0.500000 
1.118034 
1.118034 
0.707107 
0.707107 
2.549510 
2.549510 
0.500000 
0.500000 
0.500000 
0.500000 
12.041595 
12.041595 
