0.000000 
0.000000 
0.000000 
0.000000 
0.000000 
0.000000 
0.000000 
0.000000 
0.500000 
0.500000 
1.000000 
1.000000 
0.000000 
0.000000 
1.118034 
1.118034 
0.500000 
0.500000 
14.035669 
14.035669 
1.118034 
1.118034 
1.802776 
1.802776 
1.000000 
1.000000 
2.061553 
2.061553 
1.500000 
1.500000 
5.522681 
5.522681 
0.707107 
0.707107 
15.500000 
15.500000 
2.061553 
2.061553 
1.000000 
1.000000 
7.071068 
7.071068 
2.236068 
2.236068 
1.500000 
1.500000 
1.000000 
1.000000 
1.000000 
1.000000 
0.707107 
0.707107 
1.500000 
1.500000 
1.000000 
1.000000 
0.707107 
0.707107 
15.508062 
15.508062 
0.707107 
0.707107 
0.707107 
0.707107 
3.500000 
3.500000 
0.500000 
0.500000 
3.535534 
3.535534 
0.500000 
0.500000 
4.000000 
4.000000 
0.500000 
0.500000 
1.118034 
1.118034 
0.707107 
0.707107 
2.915476 
2.915476 
1.581139 
1.581139 
2.000000 
2.000000 
0.500000 
0.500000 
0.000000 
0.000000 
10.049876 
10.049876 
5.830952 
5.830952 
2.000000 
2.000000 
0.707107 
0.707107 
2.236068 
2.236068 
2.692582 
2.692582 
0.500000 
0.500000 
1.581139 
1.581139 
0.500000 
0.500000 
1.414214 
1.414214 
2.692582 
2.692582 
1.118034 
1.118034 
2.061553 
2.061553 
0.000000 
0.000000 
2.061553 
2.061553 
2.692582 
2.692582 
9.500000 
9.500000 
5.220153 
5.220153 
0.500000 
0.500000 
11.510864 
11.510864 
2.692582 
2.692582 
7.158911 
7.158911 
6.363961 
6.363961 
0.000000 
0.000000 
2.500000 
2.500000 
2.692582 
2.692582 
2.692582 
2.692582 
1.581139 
1.581139 
0.500000 
0.500000 
13.200379 
13.200379 
2.692582 
2.692582 
0.707107 
0.707107 
6.041523 
6.041523 
0.500000 
0.500000 
1.581139 
1.581139 
2.692582 
2.692582 
1.802776 
1.802776 
1.500000 
1.500000 
0.707107 
0.707107 
2.236068 
2.236068 
2.692582 
2.692582 
4.500000 
4.500000 
1.118034 
1.118034 
0.707107 
0.707107 
2.692582 
2.692582 
2.692582 
2.692582 
0.707107 
0.707107 
1.500000 
1.500000 
0.500000 
0.500000 
5.700877 
5.700877 
2.692582 
2.692582 
0.707107 
0.707107 
1.118034 
1.118034 
1.118034 
1.118034 
6.082763 
6.082763 
2.692582 
2.692582 
0.500000 
0.500000 
5.099020 
5.099020 
1.118034 
1.118034 
0.000000 
0.000000 
2.500000 
2.500000 
2.692582 
2.692582 
1.414214 
1.414214 
2.692582 
2.692582 
0.707107 
0.707107 
0.000000 
0.000000 
3.000000 
3.000000 
2.692582 
2.692582 
0.707107 
0.707107 
1.000000 
1.000000 
1.414214 
1.414214 
0.000000 
0.000000 
3.354102 
3.354102 
2.692582 
2.692582 
1.118034 
1.118034 
1.802776 
1.802776 
0.707107 
0.707107 
0.000000 
0.000000 
6.576473 
6.576473 
2.692582 
2.692582 
0.500000 
0.500000 
1.500000 
1.500000 
0.707107 
0.707107 
0.000000 
0.000000 
4.000000 
4.000000 
0.000000 
0.000000 
1.581139 
1.581139 
0.000000 
0.000000 
0.000000 
0.000000 
8.062258 
8.062258 
1.118034 
1.118034 
1.500000 
1.500000 
0.500000 
0.500000 
0.000000 
0.000000 
2.500000 
2.500000 
0.500000 
0.500000 
1.500000 
1.500000 
1.000000 
1.000000 
0.000000 
0.000000 
4.609772 
4.609772 
8.000000 
8.000000 
2.061553 
2.061553 
1.000000 
1.000000 
0.000000 
0.000000 
0.000000 
0.000000 
7.500000 
7.500000 
2.121320 
2.121320 
5.522681 
5.522681 
1.581139 
1.581139 
0.000000 
0.000000 
0.000000 
0.000000 
3.640055 
3.640055 
3.162278 
3.162278 
6.946222 
6.946222 
0.500000 
0.500000 
0.000000 
0.000000 
0.000000 
0.000000 
3.535534 
3.535534 
1.802776 
1.802776 
0.000000 
0.000000 
5.024938 
5.024938 
0.000000 
0.000000 
0.000000 
0.000000 
7.500000 
7.500000 
10.000000 
10.000000 
1.000000 
1.000000 
0.707107 
0.707107 
0.000000 
0.000000 
0.000000 
0.000000 
3.000000 
3.000000 
6.020797 
6.020797 
0.000000 
0.000000 
4.031129 
4.031129 
0.000000 
0.000000 
0.000000 
0.000000 
3.041381 
3.041381 
2.549510 
2.549510 
0.500000 
0.500000 
1.118034 
1.118034 
0.000000 
0.000000 
0.000000 
0.000000 
0.000000 
0.000000 
8.015610 
8.015610 
3.535534 
3.535534 
7.017834 
7.017834 
1.118034 
1.118034 
0.500000 
0.500000 
0.000000 
0.000000 
2.500000 
2.500000 
2.000000 
2.000000 
0.707107 
0.707107 
6.800735 
6.800735 
