0.000000 
0.000000 
0.000000 
0.000000 
2.500000 
2.500000 
2.000000 
2.000000 
3.500000 
3.500000 
8.558621 
8.558621 
3.162278 
3.162278 
1.500000 
1.500000 
1.000000 
1.000000 
2.549510 
2.549510 
3.041381 
3.041381 
1.802776 
1.802776 
0.000000 
0.000000 
2.500000 
2.500000 
3.201562 
3.201562 
0.000000 
0.000000 
2.061553 
2.061553 
0.707107 
0.707107 
0.000000 
0.000000 
4.123106 
4.123106 
1.118034 
1.118034 
0.000000 
0.000000 
1.581139 
1.581139 
3.041381 
3.041381 
3.000000 
3.000000 
1.000000 
1.000000 
0.500000 
0.500000 
0.000000 
0.000000 
1.118034 
1.118034 
0.500000 
0.500000 
0.707107 
0.707107 
1.414214 
1.414214 
1.118034 
1.118034 
3.640055 
3.640055 
0.000000 
0.000000 
0.000000 
0.000000 
1.118034 
1.118034 
2.915476 
2.915476 
0.500000 
0.500000 
0.707107 
0.707107 
1.118034 
1.118034 
0.707107 
0.707107 
0.000000 
0.000000 
0.000000 
0.000000 
1.118034 
1.118034 
1.118034 
1.118034 
0.500000 
0.500000 
6.519202 
6.519202 
1.118034 
1.118034 
2.915476 
2.915476 
1.000000 
1.000000 
6.519202 
6.519202 
1.118034 
1.118034 
2.828427 
2.828427 
0.707107 
0.707107 
6.519202 
6.519202 
1.118034 
1.118034 
1.118034 
1.118034 
0.707107 
0.707107 
6.519202 
6.519202 
1.118034 
1.118034 
1.581139 
1.581139 
1.000000 
1.000000 
6.519202 
6.519202 
1.118034 
1.118034 
2.500000 
2.500000 
0.500000 
0.500000 
6.519202 
6.519202 
1.118034 
1.118034 
2.061553 
2.061553 
1.118034 
1.118034 
6.519202 
6.519202 
1.118034 
1.118034 
1.118034 
1.118034 
0.500000 
0.500000 
6.519202 
6.519202 
1.118034 
1.118034 
0.500000 
0.500000 
1.500000 
1.500000 
6.519202 
6.519202 
1.118034 
1.118034 
0.500000 
0.500000 
1.118034 
1.118034 
6.519202 
6.519202 
1.118034 
1.118034 
2.549510 
2.549510 
0.707107 
0.707107 
6.519202 
6.519202 
11.045361 
11.045361 
1.500000 
1.500000 
6.519202 
6.519202 
2.500000 
2.500000 
1.118034 
1.118034 
6.519202 
6.519202 
0.500000 
0.500000 
5.590170 
5.590170 
6.519202 
6.519202 
9.000000 
9.000000 
1.118034 
1.118034 
6.519202 
6.519202 
1.118034 
1.118034 
1.500000 
1.500000 
0.500000 
0.500000 
1.500000 
1.500000 
0.707107 
0.707107 
1.500000 
1.500000 
0.500000 
0.500000 
1.500000 
1.500000 
2.000000 
2.000000 
1.500000 
1.500000 
1.118034 
1.118034 
1.500000 
1.500000 
1.118034 
1.118034 
1.500000 
1.500000 
0.500000 
0.500000 
1.500000 
1.500000 
1.118034 
1.118034 
1.500000 
1.500000 
