0.000000 
0.000000 
0.000000 
0.000000 
11.510864 
11.510864 
1.118034 
1.118034 
1.118034 
1.118034 
2.500000 
2.500000 
2.236068 
2.236068 
8.514693 
8.514693 
9.617692 
9.617692 
3.354102 
3.354102 
2.061553 
2.061553 
1.802776 
1.802776 
1.000000 
1.000000 
1.118034 
1.118034 
1.000000 
1.000000 
1.802776 
1.802776 
0.000000 
0.000000 
0.500000 
0.500000 
1.500000 
1.500000 
0.000000 
0.000000 
1.118034 
1.118034 
1.414214 
1.414214 
0.000000 
0.000000 
0.707107 
0.707107 
1.414214 
1.414214 
0.000000 
0.000000 
0.500000 
0.500000 
2.692582 
2.692582 
0.000000 
0.000000 
0.500000 
0.500000 
5.024938 
5.024938 
0.000000 
0.000000 
0.500000 
0.500000 
15.008331 
15.008331 
0.000000 
0.000000 
0.500000 
0.500000 
1.802776 
1.802776 
0.000000 
0.000000 
10.511898 
10.511898 
11.597414 
11.597414 
0.000000 
0.000000 
0.000000 
0.000000 
10.547512 
10.547512 
0.000000 
0.000000 
1.118034 
1.118034 
1.118034 
1.118034 
0.000000 
0.000000 
1.802776 
1.802776 
1.000000 
1.000000 
0.000000 
0.000000 
1.118034 
1.118034 
1.414214 
1.414214 
0.000000 
0.000000 
0.000000 
0.000000 
1.414214 
1.414214 
0.000000 
0.000000 
0.500000 
0.500000 
1.118034 
1.118034 
0.000000 
0.000000 
0.707107 
0.707107 
1.000000 
1.000000 
7.566373 
7.566373 
2.500000 
2.500000 
2.000000 
2.000000 
10.111874 
10.111874 
13.729530 
13.729530 
1.581139 
1.581139 
8.062258 
8.062258 
0.500000 
0.500000 
0.000000 
0.000000 
1.500000 
1.500000 
11.884864 
11.884864 
1.118034 
1.118034 
2.236068 
2.236068 
4.272002 
4.272002 
7.905694 
7.905694 
2.236068 
2.236068 
5.099020 
5.099020 
2.061553 
2.061553 
2.549510 
2.549510 
3.807887 
3.807887 
3.041381 
3.041381 
3.640055 
3.640055 
11.000000 
11.000000 
4.000000 
4.000000 
3.000000 
3.000000 
10.049876 
10.049876 
4.000000 
4.000000 
2.236068 
2.236068 
2.061553 
2.061553 
4.000000 
4.000000 
12.539936 
12.539936 
1.581139 
1.581139 
4.000000 
4.000000 
0.500000 
0.500000 
1.500000 
1.500000 
0.000000 
0.000000 
4.000000 
4.000000 
1.000000 
1.000000 
0.500000 
0.500000 
0.500000 
0.500000 
4.000000 
4.000000 
1.000000 
1.000000 
1.000000 
1.000000 
0.000000 
0.000000 
4.000000 
4.000000 
1.500000 
1.500000 
2.236068 
2.236068 
