0.000000 
0.000000 
0.000000 
0.000000 
0.000000 
0.000000 
0.000000 
0.000000 
0.000000 
0.000000 
1.581139 
1.581139 
1.000000 
1.000000 
2.915476 
2.915476 
0.500000 
0.500000 
9.340771 
9.340771 
0.000000 
0.000000 
1.581139 
1.581139 
1.118034 
1.118034 
4.272002 
4.272002 
0.000000 
0.000000 
1.414214 
1.414214 
0.000000 
0.000000 
1.581139 
1.581139 
1.118034 
1.118034 
3.041381 
3.041381 
5.099020 
5.099020 
1.500000 
1.500000 
0.000000 
0.000000 
1.581139 
1.581139 
1.118034 
1.118034 
3.535534 
3.535534 
1.118034 
1.118034 
1.000000 
1.000000 
0.000000 
0.000000 
1.581139 
1.581139 
0.707107 
0.707107 
2.500000 
2.500000 
1.581139 
1.581139 
1.118034 
1.118034 
0.000000 
0.000000 
0.000000 
0.000000 
1.581139 
1.581139 
1.118034 
1.118034 
1.500000 
1.500000 
1.500000 
1.500000 
0.707107 
0.707107 
0.000000 
0.000000 
1.118034 
1.118034 
0.000000 
0.000000 
1.581139 
1.581139 
1.414214 
1.414214 
4.000000 
4.000000 
0.707107 
0.707107 
1.581139 
1.581139 
0.000000 
0.000000 
1.500000 
1.500000 
0.000000 
0.000000 
0.000000 
0.000000 
1.581139 
1.581139 
1.000000 
1.000000 
1.118034 
1.118034 
0.500000 
0.500000 
1.802776 
1.802776 
0.000000 
0.000000 
0.000000 
0.000000 
2.236068 
2.236068 
1.500000 
1.500000 
0.000000 
0.000000 
1.581139 
1.581139 
0.707107 
0.707107 
1.500000 
1.500000 
1.000000 
1.000000 
1.802776 
1.802776 
2.915476 
2.915476 
0.707107 
0.707107 
1.802776 
1.802776 
1.500000 
1.500000 
0.000000 
0.000000 
1.581139 
1.581139 
0.707107 
0.707107 
1.581139 
1.581139 
1.118034 
1.118034 
1.802776 
1.802776 
1.414214 
1.414214 
1.500000 
1.500000 
5.220153 
5.220153 
1.500000 
1.500000 
0.000000 
0.000000 
1.581139 
1.581139 
0.707107 
0.707107 
2.549510 
2.549510 
1.500000 
1.500000 
1.802776 
1.802776 
1.581139 
1.581139 
1.500000 
1.500000 
1.118034 
1.118034 
1.500000 
1.500000 
0.000000 
0.000000 
1.581139 
1.581139 
0.707107 
0.707107 
1.581139 
1.581139 
1.000000 
1.000000 
1.802776 
1.802776 
0.707107 
0.707107 
1.500000 
1.500000 
0.500000 
0.500000 
1.500000 
1.500000 
0.000000 
0.000000 
1.581139 
1.581139 
0.707107 
0.707107 
1.118034 
1.118034 
1.118034 
1.118034 
1.802776 
1.802776 
8.015610 
8.015610 
1.500000 
1.500000 
4.743416 
4.743416 
1.500000 
1.500000 
0.000000 
0.000000 
1.581139 
1.581139 
0.707107 
0.707107 
1.118034 
1.118034 
4.123106 
4.123106 
1.802776 
1.802776 
0.707107 
0.707107 
4.527693 
4.527693 
0.707107 
0.707107 
1.500000 
1.500000 
0.000000 
0.000000 
1.581139 
1.581139 
0.707107 
0.707107 
1.581139 
1.581139 
1.500000 
1.500000 
1.802776 
1.802776 
0.000000 
0.000000 
1.118034 
1.118034 
4.527693 
4.527693 
1.118034 
1.118034 
1.500000 
1.500000 
0.000000 
0.000000 
0.707107 
0.707107 
0.500000 
0.500000 
4.924429 
4.924429 
1.802776 
1.802776 
0.000000 
0.000000 
0.500000 
0.500000 
1.581139 
1.581139 
4.527693 
4.527693 
1.000000 
1.000000 
1.500000 
1.500000 
0.707107 
0.707107 
0.500000 
0.500000 
1.581139 
1.581139 
1.802776 
1.802776 
0.000000 
0.000000 
1.500000 
1.500000 
0.707107 
0.707107 
4.527693 
4.527693 
1.118034 
1.118034 
1.500000 
1.500000 
0.707107 
0.707107 
0.707107 
0.707107 
2.061553 
2.061553 
1.802776 
1.802776 
1.118034 
1.118034 
6.324555 
6.324555 
1.000000 
1.000000 
4.527693 
4.527693 
1.802776 
1.802776 
1.500000 
1.500000 
0.707107 
0.707107 
1.000000 
1.000000 
2.000000 
2.000000 
1.802776 
1.802776 
0.500000 
0.500000 
0.000000 
0.000000 
0.000000 
0.000000 
4.527693 
4.527693 
0.500000 
0.500000 
1.500000 
1.500000 
0.707107 
0.707107 
1.000000 
1.000000 
3.535534 
3.535534 
1.802776 
1.802776 
0.500000 
0.500000 
1.118034 
1.118034 
0.000000 
0.000000 
9.486833 
9.486833 
0.500000 
0.500000 
1.500000 
1.500000 
0.707107 
0.707107 
1.500000 
1.500000 
1.118034 
1.118034 
1.802776 
1.802776 
0.500000 
0.500000 
1.500000 
1.500000 
1.118034 
1.118034 
2.000000 
2.000000 
0.707107 
0.707107 
1.500000 
1.500000 
0.707107 
0.707107 
1.414214 
1.414214 
1.500000 
1.500000 
1.802776 
1.802776 
0.000000 
0.000000 
0.000000 
0.000000 
0.500000 
0.500000 
1.118034 
1.118034 
1.118034 
1.118034 
0.707107 
0.707107 
6.082763 
6.082763 
1.500000 
1.500000 
0.707107 
0.707107 
3.500000 
3.500000 
1.118034 
1.118034 
1.118034 
1.118034 
1.118034 
1.118034 
0.500000 
0.500000 
0.500000 
0.500000 
1.118034 
1.118034 
0.500000 
0.500000 
0.707107 
0.707107 
0.000000 
0.000000 
1.000000 
1.000000 
0.707107 
0.707107 
1.118034 
1.118034 
0.500000 
0.500000 
1.500000 
1.500000 
1.000000 
1.000000 
0.500000 
0.500000 
0.500000 
0.500000 
0.000000 
0.000000 
1.118034 
1.118034 
0.000000 
0.000000 
0.500000 
0.500000 
1.118034 
1.118034 
0.500000 
0.500000 
0.000000 
0.000000 
0.707107 
0.707107 
0.500000 
0.500000 
0.000000 
0.000000 
0.000000 
0.000000 
1.118034 
1.118034 
1.581139 
1.581139 
0.500000 
0.500000 
1.118034 
1.118034 
0.500000 
0.500000 
0.500000 
0.500000 
0.500000 
0.500000 
0.500000 
0.500000 
0.500000 
0.500000 
1.000000 
1.000000 
1.118034 
1.118034 
1.581139 
1.581139 
0.707107 
0.707107 
1.118034 
1.118034 
0.500000 
0.500000 
0.000000 
0.000000 
1.118034 
1.118034 
0.500000 
0.500000 
0.500000 
0.500000 
0.500000 
0.500000 
1.118034 
1.118034 
1.581139 
1.581139 
0.000000 
0.000000 
1.118034 
1.118034 
0.500000 
0.500000 
0.500000 
0.500000 
0.707107 
0.707107 
0.500000 
0.500000 
0.000000 
0.000000 
0.707107 
0.707107 
1.118034 
1.118034 
1.581139 
1.581139 
0.000000 
0.000000 
1.118034 
1.118034 
0.500000 
0.500000 
0.500000 
0.500000 
3.041381 
3.041381 
0.500000 
0.500000 
0.000000 
0.000000 
0.500000 
0.500000 
1.118034 
1.118034 
1.581139 
1.581139 
0.000000 
0.000000 
1.118034 
1.118034 
0.500000 
0.500000 
0.500000 
0.500000 
0.707107 
0.707107 
0.500000 
0.500000 
0.500000 
0.500000 
3.500000 
3.500000 
1.118034 
1.118034 
1.581139 
1.581139 
0.000000 
0.000000 
1.118034 
1.118034 
0.500000 
0.500000 
0.000000 
0.000000 
1.118034 
1.118034 
0.500000 
0.500000 
0.707107 
0.707107 
0.000000 
0.000000 
1.118034 
1.118034 
1.581139 
1.581139 
0.000000 
0.000000 
1.118034 
1.118034 
0.500000 
0.500000 
0.707107 
0.707107 
4.716991 
4.716991 
0.500000 
0.500000 
0.707107 
0.707107 
3.500000 
3.500000 
1.118034 
1.118034 
1.581139 
1.581139 
0.707107 
0.707107 
1.118034 
1.118034 
0.500000 
0.500000 
0.000000 
0.000000 
4.716991 
4.716991 
0.500000 
0.500000 
0.707107 
0.707107 
1.118034 
1.118034 
1.118034 
1.118034 
1.581139 
1.581139 
0.500000 
0.500000 
1.118034 
1.118034 
1.000000 
1.000000 
4.716991 
4.716991 
0.500000 
0.500000 
0.707107 
0.707107 
0.707107 
0.707107 
1.118034 
1.118034 
1.581139 
1.581139 
0.500000 
0.500000 
1.118034 
1.118034 
1.000000 
1.000000 
4.716991 
4.716991 
0.500000 
0.500000 
0.707107 
0.707107 
0.500000 
0.500000 
1.118034 
1.118034 
0.000000 
0.000000 
1.581139 
1.581139 
0.500000 
0.500000 
1.118034 
1.118034 
1.581139 
1.581139 
4.716991 
4.716991 
0.500000 
0.500000 
0.707107 
0.707107 
3.535534 
3.535534 
1.118034 
1.118034 
0.000000 
0.000000 
0.000000 
0.000000 
1.581139 
1.581139 
0.500000 
0.500000 
1.118034 
1.118034 
2.061553 
2.061553 
7.280110 
7.280110 
0.500000 
0.500000 
0.707107 
0.707107 
0.707107 
0.707107 
1.118034 
1.118034 
