0.000000 
0.000000 
4.949747 
4.949747 
4.924429 
4.924429 
0.707107 
0.707107 
0.000000 
0.000000 
1.000000 
1.000000 
2.500000 
2.500000 
4.472136 
4.472136 
1.581139 
1.581139 
2.500000 
2.500000 
1.581139 
1.581139 
2.692582 
2.692582 
1.581139 
1.581139 
2.692582 
2.692582 
1.581139 
1.581139 
2.692582 
2.692582 
1.581139 
1.581139 
2.692582 
2.692582 
1.581139 
1.581139 
2.692582 
2.692582 
1.581139 
1.581139 
2.692582 
2.692582 
1.581139 
1.581139 
2.692582 
2.692582 
1.581139 
1.581139 
2.692582 
2.692582 
1.581139 
1.581139 
2.692582 
2.692582 
1.581139 
1.581139 
2.692582 
2.692582 
1.581139 
1.581139 
2.692582 
2.692582 
1.581139 
1.581139 
2.692582 
2.692582 
1.581139 
1.581139 
2.692582 
2.692582 
1.581139 
1.581139 
2.692582 
2.692582 
2.692582 
2.692582 
0.000000 
0.000000 
3.041381 
3.041381 
2.500000 
2.500000 
