0.000000 
0.000000 
0.000000 
0.000000 
0.000000 
0.000000 
0.000000 
0.000000 
0.000000 
0.000000 
0.000000 
0.000000 
0.000000 
0.000000 
1.581139 
1.581139 
0.500000 
0.500000 
1.000000 
1.000000 
0.500000 
0.500000 
1.000000 
1.000000 
0.707107 
0.707107 
0.707107 
0.707107 
0.000000 
0.000000 
1.118034 
1.118034 
2.549510 
2.549510 
1.000000 
1.000000 
1.414214 
1.414214 
1.000000 
1.000000 
0.707107 
0.707107 
0.000000 
0.000000 
0.500000 
0.500000 
1.118034 
1.118034 
1.000000 
1.000000 
1.000000 
1.000000 
1.000000 
1.000000 
1.118034 
1.118034 
0.707107 
0.707107 
0.500000 
0.500000 
1.581139 
1.581139 
1.118034 
1.118034 
1.000000 
1.000000 
1.000000 
1.000000 
1.118034 
1.118034 
2.500000 
2.500000 
0.000000 
0.000000 
0.000000 
0.000000 
1.500000 
1.500000 
1.118034 
1.118034 
1.000000 
1.000000 
1.000000 
1.000000 
1.802776 
1.802776 
0.500000 
0.500000 
0.000000 
0.000000 
0.500000 
0.500000 
1.000000 
1.000000 
1.118034 
1.118034 
1.000000 
1.000000 
1.000000 
1.000000 
4.000000 
4.000000 
0.500000 
0.500000 
0.500000 
0.500000 
0.000000 
0.000000 
3.000000 
3.000000 
1.118034 
1.118034 
1.118034 
1.118034 
1.000000 
1.000000 
1.500000 
1.500000 
0.707107 
0.707107 
0.500000 
0.500000 
0.000000 
0.000000 
1.500000 
1.500000 
1.118034 
1.118034 
3.041381 
3.041381 
1.000000 
1.000000 
1.500000 
1.500000 
1.581139 
1.581139 
0.000000 
0.000000 
0.500000 
0.500000 
1.118034 
1.118034 
1.118034 
1.118034 
1.000000 
1.000000 
1.000000 
1.000000 
1.118034 
1.118034 
0.707107 
0.707107 
0.500000 
0.500000 
0.500000 
0.500000 
0.000000 
0.000000 
0.000000 
0.000000 
0.000000 
0.000000 
1.118034 
1.118034 
1.118034 
1.118034 
2.000000 
2.000000 
1.000000 
1.000000 
1.581139 
1.581139 
1.414214 
1.414214 
1.118034 
1.118034 
0.500000 
0.500000 
0.000000 
0.000000 
1.118034 
1.118034 
1.581139 
1.581139 
1.118034 
1.118034 
1.118034 
1.118034 
2.000000 
2.000000 
1.000000 
1.000000 
1.581139 
1.581139 
1.500000 
1.500000 
0.500000 
0.500000 
0.500000 
0.500000 
0.000000 
0.000000 
0.000000 
0.000000 
0.000000 
0.000000 
1.581139 
1.581139 
1.118034 
1.118034 
1.118034 
1.118034 
2.000000 
2.000000 
1.000000 
1.000000 
1.581139 
1.581139 
1.118034 
1.118034 
1.000000 
1.000000 
0.000000 
0.000000 
0.000000 
0.000000 
1.581139 
1.581139 
0.000000 
0.000000 
1.118034 
1.118034 
1.581139 
1.581139 
1.118034 
1.118034 
1.118034 
1.118034 
2.000000 
2.000000 
1.000000 
1.000000 
1.118034 
1.118034 
1.118034 
1.118034 
0.500000 
0.500000 
0.500000 
0.500000 
0.000000 
0.000000 
0.000000 
0.000000 
1.500000 
1.500000 
1.000000 
1.000000 
0.000000 
0.000000 
0.500000 
0.500000 
1.581139 
1.581139 
1.118034 
1.118034 
1.118034 
1.118034 
2.000000 
2.000000 
1.000000 
1.000000 
2.549510 
2.549510 
1.500000 
1.500000 
0.707107 
0.707107 
0.500000 
0.500000 
2.061553 
2.061553 
2.500000 
2.500000 
1.500000 
1.500000 
3.162278 
3.162278 
0.000000 
0.000000 
1.118034 
1.118034 
1.581139 
1.581139 
1.118034 
1.118034 
1.118034 
1.118034 
2.000000 
2.000000 
1.000000 
1.000000 
1.414214 
1.414214 
1.581139 
1.581139 
0.707107 
0.707107 
0.000000 
0.000000 
1.581139 
1.581139 
1.500000 
1.500000 
1.500000 
1.500000 
2.061553 
2.061553 
0.000000 
0.000000 
1.500000 
1.500000 
1.581139 
1.581139 
1.118034 
1.118034 
1.118034 
1.118034 
2.000000 
2.000000 
0.500000 
0.500000 
4.527693 
4.527693 
0.707107 
0.707107 
0.707107 
0.707107 
3.041381 
3.041381 
1.500000 
1.500000 
1.500000 
1.500000 
2.061553 
2.061553 
0.000000 
0.000000 
1.118034 
1.118034 
1.581139 
1.581139 
1.118034 
1.118034 
2.000000 
2.000000 
1.000000 
1.000000 
1.802776 
1.802776 
1.500000 
1.500000 
0.000000 
0.000000 
0.000000 
0.000000 
0.000000 
0.000000 
2.000000 
2.000000 
1.500000 
1.500000 
1.500000 
1.500000 
2.061553 
2.061553 
1.581139 
1.581139 
1.118034 
1.118034 
1.581139 
1.581139 
1.118034 
1.118034 
2.000000 
2.000000 
1.000000 
1.000000 
2.236068 
2.236068 
1.118034 
1.118034 
0.000000 
0.000000 
0.000000 
0.000000 
0.000000 
0.000000 
1.581139 
1.581139 
1.118034 
1.118034 
1.500000 
1.500000 
1.500000 
1.500000 
2.061553 
2.061553 
0.500000 
0.500000 
3.640055 
3.640055 
1.581139 
1.581139 
1.118034 
1.118034 
2.000000 
2.000000 
1.000000 
1.000000 
2.061553 
2.061553 
1.581139 
1.581139 
1.000000 
1.000000 
0.000000 
0.000000 
0.000000 
0.000000 
3.000000 
3.000000 
0.000000 
0.000000 
1.581139 
1.581139 
1.500000 
1.500000 
1.500000 
1.500000 
1.500000 
1.500000 
2.061553 
2.061553 
2.061553 
2.061553 
1.414214 
1.414214 
1.581139 
1.581139 
1.118034 
1.118034 
2.000000 
2.000000 
1.000000 
1.000000 
2.061553 
2.061553 
1.500000 
1.500000 
0.500000 
0.500000 
1.500000 
1.500000 
1.414214 
1.414214 
3.000000 
3.000000 
0.000000 
0.000000 
1.581139 
1.581139 
2.500000 
2.500000 
1.500000 
1.500000 
1.500000 
1.500000 
2.061553 
2.061553 
2.061553 
2.061553 
1.118034 
1.118034 
1.581139 
1.581139 
1.118034 
1.118034 
2.000000 
2.000000 
1.000000 
1.000000 
1.581139 
1.581139 
1.118034 
1.118034 
0.500000 
0.500000 
0.000000 
0.000000 
0.000000 
0.000000 
1.500000 
1.500000 
1.500000 
1.500000 
3.000000 
3.000000 
0.000000 
0.000000 
1.581139 
1.581139 
3.807887 
3.807887 
1.500000 
1.500000 
1.500000 
1.500000 
2.061553 
2.061553 
2.000000 
2.000000 
1.500000 
1.500000 
1.581139 
1.581139 
1.118034 
1.118034 
2.000000 
2.000000 
1.000000 
1.000000 
1.581139 
1.581139 
3.041381 
3.041381 
0.500000 
0.500000 
0.000000 
0.000000 
3.000000 
3.000000 
1.581139 
1.581139 
1.500000 
1.500000 
0.707107 
0.707107 
3.000000 
3.000000 
0.000000 
0.000000 
1.581139 
1.581139 
3.807887 
3.807887 
1.500000 
1.500000 
1.500000 
1.500000 
2.061553 
2.061553 
1.118034 
1.118034 
1.581139 
1.581139 
1.581139 
1.581139 
1.118034 
1.118034 
2.000000 
2.000000 
1.000000 
1.000000 
1.581139 
1.581139 
2.500000 
2.500000 
0.500000 
0.500000 
0.000000 
0.000000 
3.000000 
3.000000 
1.581139 
1.581139 
1.500000 
1.500000 
2.915476 
2.915476 
3.000000 
3.000000 
0.000000 
0.000000 
1.581139 
1.581139 
3.807887 
3.807887 
1.500000 
1.500000 
1.500000 
1.500000 
2.061553 
2.061553 
1.000000 
1.000000 
1.118034 
1.118034 
1.581139 
1.581139 
2.000000 
2.000000 
1.000000 
1.000000 
1.581139 
1.581139 
2.061553 
2.061553 
0.000000 
0.000000 
0.000000 
0.000000 
3.000000 
3.000000 
5.700877 
5.700877 
1.500000 
1.500000 
1.581139 
1.581139 
3.000000 
3.000000 
0.000000 
0.000000 
1.581139 
1.581139 
3.807887 
3.807887 
1.500000 
1.500000 
1.500000 
1.500000 
2.061553 
2.061553 
1.500000 
1.500000 
1.118034 
1.118034 
1.581139 
1.581139 
1.000000 
1.000000 
1.581139 
1.581139 
2.692582 
2.692582 
1.581139 
1.581139 
0.000000 
0.000000 
0.000000 
0.000000 
3.000000 
3.000000 
1.414214 
1.414214 
1.500000 
1.500000 
1.581139 
1.581139 
3.000000 
3.000000 
0.000000 
0.000000 
1.581139 
1.581139 
3.807887 
3.807887 
1.500000 
1.500000 
1.500000 
1.500000 
2.061553 
2.061553 
0.707107 
0.707107 
2.236068 
2.236068 
1.000000 
1.000000 
1.581139 
1.581139 
2.500000 
2.500000 
0.500000 
0.500000 
0.000000 
0.000000 
0.000000 
0.000000 
0.000000 
0.000000 
1.802776 
1.802776 
0.000000 
0.000000 
3.000000 
3.000000 
2.236068 
2.236068 
1.500000 
1.500000 
1.118034 
1.118034 
3.000000 
3.000000 
0.000000 
0.000000 
1.581139 
1.581139 
3.807887 
3.807887 
1.500000 
1.500000 
1.500000 
1.500000 
2.061553 
2.061553 
1.414214 
1.414214 
2.236068 
2.236068 
1.000000 
1.000000 
1.581139 
1.581139 
2.549510 
2.549510 
1.118034 
1.118034 
0.000000 
0.000000 
3.162278 
3.162278 
7.433034 
7.433034 
1.500000 
1.500000 
0.707107 
0.707107 
0.000000 
0.000000 
3.000000 
3.000000 
2.236068 
2.236068 
1.500000 
1.500000 
2.500000 
2.500000 
3.000000 
3.000000 
0.000000 
0.000000 
1.581139 
1.581139 
3.807887 
3.807887 
1.500000 
1.500000 
1.500000 
1.500000 
2.061553 
2.061553 
4.500000 
4.500000 
2.236068 
2.236068 
1.000000 
1.000000 
1.581139 
1.581139 
5.024938 
5.024938 
5.522681 
5.522681 
0.000000 
0.000000 
0.000000 
0.000000 
3.000000 
3.000000 
3.162278 
3.162278 
0.500000 
0.500000 
1.500000 
1.500000 
1.118034 
1.118034 
0.000000 
0.000000 
3.000000 
3.000000 
2.236068 
2.236068 
1.500000 
1.500000 
2.915476 
2.915476 
3.000000 
3.000000 
0.000000 
0.000000 
1.581139 
1.581139 
3.807887 
3.807887 
1.500000 
1.500000 
2.061553 
2.061553 
1.000000 
1.000000 
2.236068 
2.236068 
1.000000 
1.000000 
1.581139 
1.581139 
2.500000 
2.500000 
0.500000 
0.500000 
0.000000 
0.000000 
2.236068 
2.236068 
2.549510 
2.549510 
3.162278 
3.162278 
3.162278 
3.162278 
1.581139 
1.581139 
2.061553 
2.061553 
0.707107 
0.707107 
0.000000 
0.000000 
3.000000 
3.000000 
2.236068 
2.236068 
1.500000 
1.500000 
2.061553 
2.061553 
3.000000 
3.000000 
0.000000 
0.000000 
1.581139 
1.581139 
3.807887 
3.807887 
1.500000 
1.500000 
2.061553 
2.061553 
1.500000 
1.500000 
2.236068 
2.236068 
1.000000 
1.000000 
1.581139 
1.581139 
3.535534 
3.535534 
1.118034 
1.118034 
0.000000 
0.000000 
4.031129 
4.031129 
4.031129 
4.031129 
5.385165 
5.385165 
3.162278 
3.162278 
3.162278 
3.162278 
2.061553 
2.061553 
2.500000 
2.500000 
1.118034 
1.118034 
0.000000 
0.000000 
3.000000 
3.000000 
2.236068 
2.236068 
1.500000 
1.500000 
3.000000 
3.000000 
3.000000 
3.000000 
0.000000 
0.000000 
1.581139 
1.581139 
3.807887 
3.807887 
1.581139 
1.581139 
2.236068 
2.236068 
1.000000 
1.000000 
1.581139 
1.581139 
2.000000 
2.000000 
5.522681 
5.522681 
0.000000 
0.000000 
3.640055 
3.640055 
3.500000 
3.500000 
1.000000 
1.000000 
1.802776 
1.802776 
3.162278 
3.162278 
3.162278 
3.162278 
2.061553 
2.061553 
1.500000 
1.500000 
0.707107 
0.707107 
0.000000 
0.000000 
3.000000 
3.000000 
2.236068 
2.236068 
1.500000 
1.500000 
2.061553 
2.061553 
3.000000 
3.000000 
0.000000 
0.000000 
1.581139 
1.581139 
3.807887 
3.807887 
1.414214 
1.414214 
2.236068 
2.236068 
1.581139 
1.581139 
5.522681 
5.522681 
0.500000 
0.500000 
0.000000 
0.000000 
0.000000 
0.000000 
2.000000 
2.000000 
3.640055 
3.640055 
3.500000 
3.500000 
0.707107 
0.707107 
1.802776 
1.802776 
3.162278 
3.162278 
3.162278 
3.162278 
2.000000 
2.000000 
1.500000 
1.500000 
0.707107 
0.707107 
0.000000 
0.000000 
3.000000 
3.000000 
2.236068 
2.236068 
1.500000 
1.500000 
2.236068 
2.236068 
3.000000 
3.000000 
1.581139 
1.581139 
3.807887 
3.807887 
1.118034 
1.118034 
2.236068 
2.236068 
1.581139 
1.581139 
3.162278 
3.162278 
0.500000 
0.500000 
2.692582 
2.692582 
4.272002 
4.272002 
2.061553 
2.061553 
3.640055 
3.640055 
3.500000 
3.500000 
0.707107 
0.707107 
4.123106 
4.123106 
3.162278 
3.162278 
3.162278 
3.162278 
2.000000 
2.000000 
0.707107 
0.707107 
4.123106 
4.123106 
0.000000 
0.000000 
3.000000 
3.000000 
2.236068 
2.236068 
1.500000 
1.500000 
4.527693 
4.527693 
3.000000 
3.000000 
3.807887 
3.807887 
1.000000 
1.000000 
2.236068 
2.236068 
1.581139 
1.581139 
3.041381 
3.041381 
0.707107 
0.707107 
4.000000 
4.000000 
4.272002 
4.272002 
3.162278 
3.162278 
3.640055 
3.640055 
3.500000 
3.500000 
1.802776 
1.802776 
2.000000 
2.000000 
3.162278 
3.162278 
3.162278 
3.162278 
2.000000 
2.000000 
3.535534 
3.535534 
3.500000 
3.500000 
0.000000 
0.000000 
3.000000 
3.000000 
2.236068 
2.236068 
1.500000 
1.500000 
2.236068 
2.236068 
3.807887 
3.807887 
1.118034 
1.118034 
2.236068 
2.236068 
1.581139 
1.581139 
2.549510 
2.549510 
4.609772 
4.609772 
0.000000 
0.000000 
2.549510 
2.549510 
4.272002 
4.272002 
3.162278 
3.162278 
3.640055 
3.640055 
3.500000 
3.500000 
1.118034 
1.118034 
2.236068 
2.236068 
3.162278 
3.162278 
3.162278 
3.162278 
2.000000 
2.000000 
1.500000 
1.500000 
0.000000 
0.000000 
0.000000 
0.000000 
3.000000 
3.000000 
2.236068 
2.236068 
2.549510 
2.549510 
3.807887 
3.807887 
1.118034 
1.118034 
2.236068 
2.236068 
5.590170 
5.590170 
0.000000 
0.000000 
0.000000 
0.000000 
2.061553 
2.061553 
2.549510 
2.549510 
4.272002 
4.272002 
3.605551 
3.605551 
3.640055 
3.640055 
3.500000 
3.500000 
2.061553 
2.061553 
2.500000 
2.500000 
3.162278 
3.162278 
3.162278 
3.162278 
2.000000 
2.000000 
1.500000 
1.500000 
0.500000 
0.500000 
0.000000 
0.000000 
3.000000 
3.000000 
2.236068 
2.236068 
2.549510 
2.549510 
4.031129 
4.031129 
2.236068 
2.236068 
3.640055 
3.640055 
0.000000 
0.000000 
0.000000 
0.000000 
3.535534 
3.535534 
3.535534 
3.535534 
2.549510 
2.549510 
4.272002 
4.272002 
3.605551 
3.605551 
3.640055 
3.640055 
3.500000 
3.500000 
2.000000 
2.000000 
2.549510 
2.549510 
3.162278 
3.162278 
3.162278 
3.162278 
2.000000 
2.000000 
1.118034 
1.118034 
1.118034 
1.118034 
2.236068 
2.236068 
1.802776 
1.802776 
1.118034 
1.118034 
2.236068 
2.236068 
3.162278 
3.162278 
0.000000 
0.000000 
