0.000000 
0.000000 
0.000000 
0.000000 
0.000000 
0.000000 
0.707107 
0.707107 
1.000000 
1.000000 
0.707107 
0.707107 
1.581139 
1.581139 
1.000000 
1.000000 
1.118034 
1.118034 
1.414214 
1.414214 
0.707107 
0.707107 
2.549510 
2.549510 
0.500000 
0.500000 
0.000000 
0.000000 
2.061553 
2.061553 
1.000000 
1.000000 
0.500000 
0.500000 
1.802776 
1.802776 
0.707107 
0.707107 
0.500000 
0.500000 
2.692582 
2.692582 
0.707107 
0.707107 
4.272002 
4.272002 
2.000000 
2.000000 
0.707107 
0.707107 
1.000000 
1.000000 
2.828427 
2.828427 
1.414214 
1.414214 
3.535534 
3.535534 
2.236068 
2.236068 
0.707107 
0.707107 
1.000000 
1.000000 
1.802776 
1.802776 
1.581139 
1.581139 
3.807887 
3.807887 
1.118034 
1.118034 
0.000000 
0.000000 
1.500000 
1.500000 
1.581139 
1.581139 
0.500000 
0.500000 
9.513149 
9.513149 
7.000000 
7.000000 
4.031129 
4.031129 
1.000000 
1.000000 
0.707107 
0.707107 
2.236068 
2.236068 
1.581139 
1.581139 
1.414214 
1.414214 
1.118034 
1.118034 
3.807887 
3.807887 
5.590170 
5.590170 
2.692582 
2.692582 
13.000000 
13.000000 
3.041381 
3.041381 
4.123106 
4.123106 
2.915476 
2.915476 
1.118034 
1.118034 
7.500000 
7.500000 
3.535534 
3.535534 
3.201562 
3.201562 
1.500000 
1.500000 
2.500000 
2.500000 
4.031129 
4.031129 
13.462912 
13.462912 
0.500000 
0.500000 
3.041381 
3.041381 
4.123106 
4.123106 
13.500000 
13.500000 
0.500000 
0.500000 
6.020797 
6.020797 
3.535534 
3.535534 
2.828427 
2.828427 
0.500000 
0.500000 
3.000000 
3.000000 
5.590170 
5.590170 
2.236068 
2.236068 
0.500000 
0.500000 
2.500000 
2.500000 
2.061553 
2.061553 
1.000000 
1.000000 
0.000000 
0.000000 
0.500000 
0.500000 
3.000000 
3.000000 
3.500000 
3.500000 
1.000000 
1.000000 
1.118034 
1.118034 
0.500000 
0.500000 
4.500000 
4.500000 
2.549510 
2.549510 
1.000000 
1.000000 
1.118034 
1.118034 
0.500000 
0.500000 
2.692582 
2.692582 
1.000000 
1.000000 
4.272002 
4.272002 
1.118034 
1.118034 
0.500000 
0.500000 
3.535534 
3.535534 
5.024938 
5.024938 
3.000000 
3.000000 
1.118034 
1.118034 
0.500000 
0.500000 
2.915476 
2.915476 
1.581139 
1.581139 
3.000000 
3.000000 
1.118034 
1.118034 
0.500000 
0.500000 
5.590170 
5.590170 
2.000000 
2.000000 
4.743416 
4.743416 
10.547512 
10.547512 
0.500000 
0.500000 
2.000000 
2.000000 
2.000000 
2.000000 
4.743416 
4.743416 
6.708204 
6.708204 
0.500000 
0.500000 
1.118034 
1.118034 
0.500000 
0.500000 
4.743416 
4.743416 
6.264982 
6.264982 
0.500000 
0.500000 
1.118034 
1.118034 
1.118034 
1.118034 
4.743416 
4.743416 
2.915476 
2.915476 
0.500000 
0.500000 
1.000000 
1.000000 
0.707107 
0.707107 
4.743416 
4.743416 
1.802776 
1.802776 
0.500000 
0.500000 
1.000000 
1.000000 
1.118034 
1.118034 
4.743416 
4.743416 
3.201562 
3.201562 
0.500000 
0.500000 
1.118034 
1.118034 
0.707107 
0.707107 
4.743416 
4.743416 
1.414214 
1.414214 
1.414214 
1.414214 
1.118034 
1.118034 
4.743416 
4.743416 
1.118034 
1.118034 
0.500000 
0.500000 
1.581139 
1.581139 
4.743416 
4.743416 
0.500000 
0.500000 
5.000000 
5.000000 
1.581139 
1.581139 
4.743416 
4.743416 
0.000000 
0.000000 
22.141590 
22.141590 
2.061553 
2.061553 
1.000000 
1.000000 
4.743416 
4.743416 
