0.000000 
0.000000 
0.000000 
0.000000 
0.000000 
0.000000 
1.581139 
1.581139 
0.500000 
0.500000 
1.000000 
1.000000 
6.576473 
6.576473 
0.500000 
0.500000 
1.118034 
1.118034 
0.000000 
0.000000 
1.118034 
1.118034 
0.500000 
0.500000 
2.121320 
2.121320 
1.581139 
1.581139 
3.162278 
3.162278 
0.500000 
0.500000 
6.082763 
6.082763 
0.000000 
0.000000 
1.581139 
1.581139 
4.123106 
4.123106 
0.500000 
0.500000 
2.236068 
2.236068 
0.000000 
0.000000 
1.581139 
1.581139 
4.527693 
4.527693 
0.500000 
0.500000 
2.692582 
2.692582 
0.000000 
0.000000 
1.581139 
1.581139 
5.099020 
5.099020 
0.500000 
0.500000 
3.201562 
3.201562 
0.000000 
0.000000 
1.581139 
1.581139 
2.061553 
2.061553 
0.500000 
0.500000 
3.201562 
3.201562 
0.000000 
0.000000 
1.581139 
1.581139 
1.000000 
1.000000 
0.500000 
0.500000 
3.201562 
3.201562 
0.000000 
0.000000 
1.581139 
1.581139 
1.414214 
1.414214 
0.500000 
0.500000 
3.201562 
3.201562 
0.000000 
0.000000 
1.581139 
1.581139 
2.500000 
2.500000 
0.500000 
0.500000 
3.201562 
3.201562 
0.000000 
0.000000 
1.581139 
1.581139 
6.324555 
6.324555 
0.500000 
0.500000 
3.201562 
3.201562 
0.000000 
0.000000 
0.000000 
0.000000 
1.581139 
1.581139 
8.631338 
8.631338 
0.500000 
0.500000 
3.201562 
3.201562 
0.000000 
0.000000 
0.000000 
0.000000 
0.000000 
0.000000 
1.581139 
1.581139 
5.024938 
5.024938 
0.500000 
0.500000 
3.201562 
3.201562 
4.301163 
4.301163 
0.000000 
0.000000 
0.000000 
0.000000 
1.581139 
1.581139 
3.041381 
3.041381 
0.500000 
0.500000 
3.201562 
3.201562 
4.272002 
4.272002 
0.000000 
0.000000 
0.000000 
0.000000 
1.581139 
1.581139 
5.099020 
5.099020 
3.201562 
3.201562 
2.000000 
2.000000 
0.000000 
0.000000 
0.000000 
0.000000 
1.581139 
1.581139 
5.024938 
5.024938 
3.201562 
3.201562 
1.118034 
1.118034 
0.000000 
0.000000 
0.000000 
0.000000 
1.581139 
1.581139 
0.500000 
0.500000 
3.201562 
3.201562 
0.000000 
0.000000 
21.053503 
21.053503 
0.000000 
0.000000 
0.000000 
0.000000 
2.000000 
2.000000 
3.201562 
3.201562 
0.000000 
0.000000 
1.118034 
1.118034 
0.000000 
0.000000 
1.000000 
1.000000 
3.201562 
3.201562 
0.000000 
0.000000 
0.500000 
0.500000 
0.000000 
0.000000 
2.500000 
2.500000 
3.201562 
3.201562 
0.000000 
0.000000 
0.500000 
0.500000 
0.000000 
0.000000 
2.000000 
2.000000 
0.000000 
0.000000 
1.118034 
1.118034 
0.000000 
0.000000 
2.549510 
2.549510 
0.000000 
0.000000 
0.000000 
0.000000 
1.000000 
1.000000 
0.000000 
0.000000 
3.000000 
3.000000 
6.082763 
6.082763 
0.000000 
0.000000 
0.500000 
0.500000 
0.000000 
0.000000 
2.061553 
2.061553 
1.414214 
1.414214 
0.000000 
0.000000 
2.061553 
2.061553 
0.000000 
0.000000 
13.086252 
13.086252 
2.692582 
2.692582 
0.000000 
0.000000 
5.147815 
5.147815 
0.000000 
0.000000 
2.549510 
2.549510 
1.414214 
1.414214 
0.000000 
0.000000 
2.549510 
2.549510 
2.549510 
2.549510 
1.414214 
1.414214 
0.000000 
0.000000 
11.045361 
11.045361 
6.576473 
6.576473 
10.606602 
10.606602 
0.000000 
0.000000 
3.535534 
3.535534 
1.118034 
1.118034 
0.000000 
0.000000 
0.000000 
0.000000 
4.031129 
4.031129 
2.061553 
2.061553 
0.500000 
0.500000 
0.000000 
0.000000 
3.535534 
3.535534 
2.061553 
2.061553 
1.581139 
1.581139 
22.135944 
22.135944 
3.535534 
3.535534 
15.500000 
15.500000 
1.118034 
1.118034 
2.692582 
2.692582 
3.535534 
3.535534 
15.500000 
15.500000 
1.500000 
1.500000 
1.802776 
1.802776 
3.535534 
3.535534 
15.500000 
15.500000 
0.000000 
0.000000 
1.118034 
1.118034 
13.509256 
13.509256 
3.535534 
3.535534 
2.000000 
2.000000 
1.118034 
1.118034 
1.118034 
1.118034 
2.061553 
2.061553 
3.535534 
3.535534 
0.500000 
0.500000 
6.670832 
6.670832 
1.118034 
1.118034 
2.500000 
2.500000 
3.535534 
3.535534 
1.581139 
1.581139 
