0.000000 
0.000000 
0.000000 
0.000000 
0.000000 
0.000000 
0.000000 
0.000000 
0.000000 
0.000000 
0.000000 
0.000000 
1.581139 
1.581139 
4.301163 
4.301163 
1.000000 
1.000000 
1.118034 
1.118034 
1.118034 
1.118034 
1.500000 
1.500000 
1.581139 
1.581139 
1.500000 
1.500000 
6.576473 
6.576473 
1.000000 
1.000000 
1.118034 
1.118034 
1.118034 
1.118034 
1.118034 
1.118034 
1.581139 
1.581139 
1.581139 
1.581139 
0.500000 
0.500000 
0.500000 
0.500000 
6.020797 
6.020797 
0.000000 
0.000000 
0.000000 
0.000000 
1.581139 
1.581139 
0.500000 
0.500000 
1.118034 
1.118034 
0.707107 
0.707107 
0.707107 
0.707107 
0.000000 
0.000000 
0.707107 
0.707107 
0.000000 
0.000000 
1.500000 
1.500000 
1.000000 
1.000000 
12.589678 
12.589678 
0.707107 
0.707107 
0.000000 
0.000000 
1.118034 
1.118034 
0.500000 
0.500000 
0.500000 
0.500000 
1.414214 
1.414214 
1.581139 
1.581139 
2.500000 
2.500000 
0.000000 
0.000000 
1.000000 
1.000000 
0.707107 
0.707107 
0.000000 
0.000000 
5.500000 
5.500000 
1.802776 
1.802776 
0.500000 
0.500000 
0.000000 
0.000000 
0.707107 
0.707107 
0.707107 
0.707107 
0.500000 
0.500000 
1.118034 
1.118034 
2.236068 
2.236068 
11.180340 
11.180340 
0.000000 
0.000000 
0.000000 
0.000000 
0.000000 
0.000000 
0.000000 
0.000000 
0.707107 
0.707107 
0.000000 
0.000000 
1.414214 
1.414214 
1.118034 
1.118034 
2.236068 
2.236068 
1.118034 
1.118034 
0.000000 
0.000000 
0.500000 
0.500000 
8.015610 
8.015610 
0.000000 
0.000000 
0.707107 
0.707107 
1.000000 
1.000000 
1.118034 
1.118034 
1.118034 
1.118034 
2.236068 
2.236068 
1.581139 
1.581139 
0.000000 
0.000000 
0.000000 
0.000000 
0.500000 
0.500000 
8.015610 
8.015610 
0.000000 
0.000000 
0.707107 
0.707107 
0.707107 
0.707107 
0.500000 
0.500000 
1.118034 
1.118034 
2.236068 
2.236068 
1.581139 
1.581139 
1.118034 
1.118034 
0.000000 
0.000000 
0.500000 
0.500000 
8.015610 
8.015610 
0.000000 
0.000000 
0.707107 
0.707107 
2.692582 
2.692582 
0.000000 
0.000000 
2.061553 
2.061553 
2.236068 
2.236068 
10.688779 
10.688779 
1.118034 
1.118034 
0.000000 
0.000000 
0.500000 
0.500000 
8.015610 
8.015610 
0.000000 
0.000000 
0.707107 
0.707107 
1.000000 
1.000000 
0.500000 
0.500000 
2.061553 
2.061553 
2.236068 
2.236068 
1.581139 
1.581139 
0.000000 
0.000000 
1.118034 
1.118034 
0.000000 
0.000000 
0.500000 
0.500000 
8.015610 
8.015610 
0.000000 
0.000000 
0.707107 
0.707107 
1.118034 
1.118034 
0.500000 
0.500000 
7.516648 
7.516648 
2.236068 
2.236068 
11.597414 
11.597414 
10.511898 
10.511898 
1.118034 
1.118034 
0.000000 
0.000000 
3.535534 
3.535534 
8.015610 
8.015610 
0.000000 
0.000000 
0.707107 
0.707107 
0.707107 
0.707107 
0.500000 
0.500000 
3.354102 
3.354102 
2.236068 
2.236068 
1.500000 
1.500000 
3.640055 
3.640055 
1.118034 
1.118034 
0.000000 
0.000000 
1.000000 
1.000000 
8.015610 
8.015610 
0.000000 
0.000000 
0.707107 
0.707107 
1.581139 
1.581139 
0.000000 
0.000000 
3.162278 
3.162278 
2.236068 
2.236068 
1.000000 
1.000000 
10.606602 
10.606602 
1.118034 
1.118034 
0.000000 
0.000000 
0.707107 
0.707107 
8.015610 
8.015610 
0.000000 
0.000000 
0.707107 
0.707107 
1.500000 
1.500000 
0.000000 
0.000000 
8.514693 
8.514693 
2.236068 
2.236068 
8.062258 
8.062258 
3.500000 
3.500000 
1.118034 
1.118034 
0.000000 
0.000000 
0.000000 
0.000000 
8.015610 
8.015610 
0.000000 
0.000000 
0.707107 
0.707107 
1.000000 
1.000000 
1.118034 
1.118034 
3.535534 
3.535534 
2.236068 
2.236068 
8.062258 
8.062258 
10.012492 
10.012492 
1.118034 
1.118034 
0.000000 
0.000000 
0.500000 
0.500000 
8.015610 
8.015610 
0.707107 
0.707107 
1.118034 
1.118034 
0.000000 
0.000000 
3.535534 
3.535534 
2.236068 
2.236068 
1.581139 
1.581139 
7.615773 
7.615773 
1.118034 
1.118034 
0.000000 
0.000000 
0.500000 
0.500000 
8.015610 
8.015610 
0.707107 
0.707107 
0.000000 
0.000000 
0.000000 
0.000000 
4.609772 
4.609772 
2.236068 
2.236068 
0.500000 
0.500000 
0.000000 
0.000000 
11.045361 
11.045361 
1.118034 
1.118034 
0.000000 
0.000000 
0.500000 
0.500000 
8.015610 
8.015610 
0.707107 
0.707107 
0.500000 
0.500000 
0.000000 
0.000000 
1.581139 
1.581139 
2.236068 
2.236068 
1.414214 
1.414214 
0.500000 
0.500000 
9.962429 
9.962429 
1.118034 
1.118034 
0.000000 
0.000000 
0.500000 
0.500000 
8.015610 
8.015610 
0.707107 
0.707107 
0.500000 
0.500000 
0.500000 
0.500000 
1.581139 
1.581139 
2.236068 
2.236068 
1.414214 
1.414214 
0.500000 
0.500000 
2.692582 
2.692582 
1.118034 
1.118034 
0.000000 
0.000000 
0.500000 
0.500000 
8.015610 
8.015610 
0.707107 
0.707107 
0.500000 
0.500000 
0.000000 
0.000000 
2.549510 
2.549510 
1.414214 
1.414214 
0.500000 
0.500000 
11.597414 
11.597414 
1.118034 
1.118034 
0.500000 
0.500000 
8.015610 
8.015610 
1.414214 
1.414214 
0.500000 
0.500000 
2.236068 
2.236068 
1.414214 
1.414214 
0.500000 
0.500000 
2.500000 
2.500000 
1.118034 
1.118034 
1.118034 
1.118034 
0.500000 
0.500000 
0.000000 
0.000000 
6.000000 
6.000000 
1.414214 
1.414214 
0.500000 
0.500000 
10.000000 
10.000000 
1.118034 
1.118034 
0.707107 
0.707107 
1.000000 
1.000000 
0.500000 
0.500000 
4.716991 
4.716991 
1.414214 
1.414214 
0.000000 
0.000000 
0.500000 
0.500000 
2.549510 
2.549510 
0.500000 
0.500000 
0.500000 
0.500000 
0.707107 
0.707107 
0.707107 
0.707107 
1.414214 
1.414214 
0.000000 
0.000000 
0.500000 
0.500000 
2.061553 
2.061553 
0.000000 
0.000000 
0.500000 
0.500000 
0.000000 
0.000000 
1.581139 
1.581139 
1.414214 
1.414214 
0.000000 
0.000000 
1.118034 
1.118034 
0.500000 
0.500000 
7.566373 
7.566373 
0.500000 
0.500000 
0.000000 
0.000000 
0.500000 
0.500000 
2.061553 
2.061553 
1.414214 
1.414214 
0.000000 
0.000000 
0.000000 
0.000000 
0.000000 
0.000000 
2.549510 
2.549510 
0.500000 
0.500000 
3.807887 
3.807887 
0.500000 
0.500000 
1.000000 
1.000000 
0.500000 
0.500000 
5.385165 
5.385165 
1.414214 
1.414214 
0.000000 
0.000000 
1.000000 
1.000000 
0.707107 
0.707107 
0.000000 
0.000000 
1.581139 
1.581139 
0.500000 
0.500000 
2.061553 
2.061553 
0.500000 
0.500000 
0.000000 
0.000000 
0.000000 
0.000000 
0.500000 
0.500000 
1.414214 
1.414214 
0.000000 
0.000000 
0.500000 
0.500000 
0.500000 
0.500000 
0.000000 
0.000000 
6.082763 
6.082763 
0.500000 
0.500000 
2.000000 
2.000000 
0.500000 
0.500000 
0.000000 
0.000000 
0.500000 
0.500000 
0.500000 
0.500000 
1.414214 
1.414214 
0.707107 
0.707107 
1.118034 
1.118034 
0.500000 
0.500000 
0.000000 
0.000000 
1.802776 
1.802776 
1.581139 
1.581139 
1.802776 
1.802776 
0.000000 
0.000000 
0.500000 
0.500000 
0.000000 
0.000000 
1.118034 
1.118034 
1.414214 
1.414214 
5.024938 
5.024938 
1.118034 
1.118034 
0.500000 
0.500000 
0.000000 
0.000000 
1.581139 
1.581139 
1.500000 
1.500000 
2.236068 
2.236068 
0.000000 
0.000000 
0.500000 
0.500000 
0.000000 
0.000000 
5.099020 
5.099020 
1.414214 
1.414214 
0.500000 
0.500000 
1.118034 
1.118034 
0.000000 
0.000000 
0.000000 
0.000000 
2.549510 
2.549510 
1.500000 
1.500000 
0.500000 
0.500000 
0.500000 
0.500000 
0.707107 
0.707107 
0.500000 
0.500000 
1.118034 
1.118034 
1.414214 
1.414214 
0.000000 
0.000000 
1.118034 
1.118034 
0.500000 
0.500000 
0.000000 
0.000000 
0.707107 
0.707107 
1.802776 
1.802776 
1.414214 
1.414214 
0.500000 
0.500000 
0.500000 
0.500000 
0.000000 
0.000000 
1.802776 
1.802776 
0.000000 
0.000000 
1.118034 
1.118034 
0.000000 
0.000000 
0.000000 
0.000000 
0.707107 
0.707107 
1.802776 
1.802776 
0.707107 
0.707107 
0.000000 
0.000000 
0.500000 
0.500000 
0.000000 
0.000000 
1.118034 
1.118034 
0.000000 
0.000000 
1.118034 
1.118034 
0.000000 
0.000000 
0.000000 
0.000000 
0.707107 
0.707107 
1.802776 
1.802776 
1.000000 
1.000000 
0.000000 
0.000000 
0.500000 
0.500000 
0.000000 
0.000000 
0.707107 
0.707107 
