0.000000 
0.000000 
0.000000 
0.000000 
0.000000 
0.000000 
0.000000 
0.000000 
0.000000 
0.000000 
2.061553 
2.061553 
6.020797 
6.020797 
2.000000 
2.000000 
0.707107 
0.707107 
0.000000 
0.000000 
0.000000 
0.000000 
2.061553 
2.061553 
0.500000 
0.500000 
3.041381 
3.041381 
1.500000 
1.500000 
0.000000 
0.000000 
0.000000 
0.000000 
1.500000 
1.500000 
0.707107 
0.707107 
3.041381 
3.041381 
5.024938 
5.024938 
0.000000 
0.000000 
0.000000 
0.000000 
0.000000 
0.000000 
0.707107 
0.707107 
0.500000 
0.500000 
5.522681 
5.522681 
1.000000 
1.000000 
0.000000 
0.000000 
0.000000 
0.000000 
0.000000 
0.000000 
0.707107 
0.707107 
4.000000 
4.000000 
2.000000 
2.000000 
0.707107 
0.707107 
0.000000 
0.000000 
0.000000 
0.000000 
0.000000 
0.000000 
0.000000 
0.000000 
0.707107 
0.707107 
2.500000 
2.500000 
3.041381 
3.041381 
0.000000 
0.000000 
1.118034 
1.118034 
0.000000 
0.000000 
0.000000 
0.000000 
0.000000 
0.000000 
0.707107 
0.707107 
1.118034 
1.118034 
2.549510 
2.549510 
0.707107 
0.707107 
1.118034 
1.118034 
0.000000 
0.000000 
0.000000 
0.000000 
0.000000 
0.000000 
0.707107 
0.707107 
1.414214 
1.414214 
1.581139 
1.581139 
0.000000 
0.000000 
1.118034 
1.118034 
0.000000 
0.000000 
0.000000 
0.000000 
0.000000 
0.000000 
0.707107 
0.707107 
2.000000 
2.000000 
4.500000 
4.500000 
1.118034 
1.118034 
1.118034 
1.118034 
0.000000 
0.000000 
0.000000 
0.000000 
0.000000 
0.000000 
0.707107 
0.707107 
3.000000 
3.000000 
2.500000 
2.500000 
0.500000 
0.500000 
1.118034 
1.118034 
0.000000 
0.000000 
0.000000 
0.000000 
0.000000 
0.000000 
0.707107 
0.707107 
2.000000 
2.000000 
2.549510 
2.549510 
1.118034 
1.118034 
1.118034 
1.118034 
0.000000 
0.000000 
0.000000 
0.000000 
0.000000 
0.000000 
0.707107 
0.707107 
1.000000 
1.000000 
3.041381 
3.041381 
0.707107 
0.707107 
6.519202 
6.519202 
0.000000 
0.000000 
0.000000 
0.000000 
0.000000 
0.000000 
0.707107 
0.707107 
3.535534 
3.535534 
3.041381 
3.041381 
1.500000 
1.500000 
6.519202 
6.519202 
0.000000 
0.000000 
0.000000 
0.000000 
0.000000 
0.000000 
0.707107 
0.707107 
0.500000 
0.500000 
6.500000 
6.500000 
0.707107 
0.707107 
6.519202 
6.519202 
0.000000 
0.000000 
0.000000 
0.000000 
0.000000 
0.000000 
0.707107 
0.707107 
0.707107 
0.707107 
1.500000 
1.500000 
1.000000 
1.000000 
6.519202 
6.519202 
0.000000 
0.000000 
0.000000 
0.000000 
0.707107 
0.707107 
0.707107 
0.707107 
2.000000 
2.000000 
1.118034 
1.118034 
0.000000 
0.000000 
6.519202 
6.519202 
0.000000 
0.000000 
0.707107 
0.707107 
1.118034 
1.118034 
2.000000 
2.000000 
1.118034 
1.118034 
0.500000 
0.500000 
6.519202 
6.519202 
0.000000 
0.000000 
0.707107 
0.707107 
1.000000 
1.000000 
2.000000 
2.000000 
1.000000 
1.000000 
1.118034 
1.118034 
6.519202 
6.519202 
1.414214 
1.414214 
2.000000 
2.000000 
1.802776 
1.802776 
0.707107 
0.707107 
6.519202 
6.519202 
1.414214 
1.414214 
2.000000 
2.000000 
0.000000 
0.000000 
3.535534 
3.535534 
6.519202 
6.519202 
2.061553 
2.061553 
2.000000 
2.000000 
0.707107 
0.707107 
0.707107 
0.707107 
6.519202 
6.519202 
1.000000 
1.000000 
2.000000 
2.000000 
0.707107 
0.707107 
0.000000 
0.000000 
0.707107 
0.707107 
6.519202 
6.519202 
1.414214 
1.414214 
2.000000 
2.000000 
0.707107 
0.707107 
3.640055 
3.640055 
0.500000 
0.500000 
6.519202 
6.519202 
0.500000 
0.500000 
2.000000 
2.000000 
0.000000 
0.000000 
0.000000 
0.000000 
2.000000 
2.000000 
1.118034 
1.118034 
6.519202 
6.519202 
0.500000 
0.500000 
2.000000 
2.000000 
0.500000 
0.500000 
1.000000 
1.000000 
7.000000 
7.000000 
0.707107 
0.707107 
6.519202 
6.519202 
1.118034 
1.118034 
2.000000 
2.000000 
0.500000 
0.500000 
0.500000 
0.500000 
2.692582 
2.692582 
1.118034 
1.118034 
6.519202 
6.519202 
4.716991 
4.716991 
2.000000 
2.000000 
0.500000 
0.500000 
0.000000 
0.000000 
2.915476 
2.915476 
1.118034 
1.118034 
0.707107 
0.707107 
2.000000 
2.000000 
0.500000 
0.500000 
0.500000 
0.500000 
2.915476 
2.915476 
1.000000 
1.000000 
2.061553 
2.061553 
2.000000 
2.000000 
0.500000 
0.500000 
1.118034 
1.118034 
2.915476 
2.915476 
0.707107 
0.707107 
1.118034 
1.118034 
2.000000 
2.000000 
0.000000 
0.000000 
0.000000 
0.000000 
6.800735 
6.800735 
2.915476 
2.915476 
1.414214 
1.414214 
1.000000 
1.000000 
2.000000 
2.000000 
0.500000 
0.500000 
2.236068 
2.236068 
6.800735 
6.800735 
2.915476 
2.915476 
0.000000 
0.000000 
0.707107 
0.707107 
2.061553 
2.061553 
0.000000 
0.000000 
10.547512 
10.547512 
6.800735 
6.800735 
2.915476 
2.915476 
1.000000 
1.000000 
1.118034 
1.118034 
1.802776 
1.802776 
0.000000 
0.000000 
12.854960 
12.854960 
6.800735 
6.800735 
2.915476 
2.915476 
1.118034 
1.118034 
1.118034 
1.118034 
2.692582 
2.692582 
1.000000 
1.000000 
12.257651 
12.257651 
6.800735 
6.800735 
2.915476 
2.915476 
0.500000 
0.500000 
1.118034 
1.118034 
1.414214 
1.414214 
3.041381 
3.041381 
6.519202 
6.519202 
6.800735 
6.800735 
2.915476 
2.915476 
0.500000 
0.500000 
1.118034 
1.118034 
1.118034 
1.118034 
0.707107 
0.707107 
2.236068 
2.236068 
6.800735 
6.800735 
2.915476 
2.915476 
0.707107 
0.707107 
1.118034 
1.118034 
9.486833 
9.486833 
0.000000 
0.000000 
0.707107 
0.707107 
7.516648 
7.516648 
6.800735 
6.800735 
2.915476 
2.915476 
0.500000 
0.500000 
1.118034 
1.118034 
3.041381 
3.041381 
