0.000000 
0.000000 
0.000000 
0.000000 
0.000000 
0.000000 
0.000000 
0.000000 
0.000000 
0.000000 
0.000000 
0.000000 
1.802776 
1.802776 
4.272002 
4.272002 
2.236068 
2.236068 
0.500000 
0.500000 
0.000000 
0.000000 
2.549510 
2.549510 
0.000000 
0.000000 
0.000000 
0.000000 
1.802776 
1.802776 
4.716991 
4.716991 
1.581139 
1.581139 
0.500000 
0.500000 
0.000000 
0.000000 
2.549510 
2.549510 
2.061553 
2.061553 
4.031129 
4.031129 
1.802776 
1.802776 
1.500000 
1.500000 
5.590170 
5.590170 
0.000000 
0.000000 
0.500000 
0.500000 
2.549510 
2.549510 
0.000000 
0.000000 
2.061553 
2.061553 
4.031129 
4.031129 
1.802776 
1.802776 
1.118034 
1.118034 
2.500000 
2.500000 
0.000000 
0.000000 
6.324555 
6.324555 
2.549510 
2.549510 
0.000000 
0.000000 
4.031129 
4.031129 
2.061553 
2.061553 
4.031129 
4.031129 
1.802776 
1.802776 
3.640055 
3.640055 
2.692582 
2.692582 
1.000000 
1.000000 
0.500000 
0.500000 
2.549510 
2.549510 
0.000000 
0.000000 
3.905125 
3.905125 
4.031129 
4.031129 
2.061553 
2.061553 
4.031129 
4.031129 
1.802776 
1.802776 
1.802776 
1.802776 
2.500000 
2.500000 
0.500000 
0.500000 
1.500000 
1.500000 
2.549510 
2.549510 
3.640055 
3.640055 
3.535534 
3.535534 
4.031129 
4.031129 
2.061553 
2.061553 
4.031129 
4.031129 
1.802776 
1.802776 
1.802776 
1.802776 
2.236068 
2.236068 
0.500000 
0.500000 
0.500000 
0.500000 
2.549510 
2.549510 
0.000000 
0.000000 
3.640055 
3.640055 
6.519202 
6.519202 
4.031129 
4.031129 
2.061553 
2.061553 
4.031129 
4.031129 
1.802776 
1.802776 
1.118034 
1.118034 
5.220153 
5.220153 
0.500000 
0.500000 
0.500000 
0.500000 
2.549510 
2.549510 
3.000000 
3.000000 
3.640055 
3.640055 
2.061553 
2.061553 
4.031129 
4.031129 
2.061553 
2.061553 
4.031129 
4.031129 
1.802776 
1.802776 
2.121320 
2.121320 
2.549510 
2.549510 
0.500000 
0.500000 
5.220153 
5.220153 
2.549510 
2.549510 
0.000000 
0.000000 
3.000000 
3.000000 
3.640055 
3.640055 
2.061553 
2.061553 
4.031129 
4.031129 
2.061553 
2.061553 
4.031129 
4.031129 
1.802776 
1.802776 
1.802776 
1.802776 
5.830952 
5.830952 
0.500000 
0.500000 
2.236068 
2.236068 
2.549510 
2.549510 
2.061553 
2.061553 
3.000000 
3.000000 
3.640055 
3.640055 
2.061553 
2.061553 
4.031129 
4.031129 
2.061553 
2.061553 
4.031129 
4.031129 
1.802776 
1.802776 
1.414214 
1.414214 
2.915476 
2.915476 
0.500000 
0.500000 
2.236068 
2.236068 
2.549510 
2.549510 
7.500000 
7.500000 
3.000000 
3.000000 
3.640055 
3.640055 
2.061553 
2.061553 
4.031129 
4.031129 
2.061553 
2.061553 
4.031129 
4.031129 
1.802776 
1.802776 
0.500000 
0.500000 
7.017834 
7.017834 
0.500000 
0.500000 
1.118034 
1.118034 
2.549510 
2.549510 
0.000000 
0.000000 
2.549510 
2.549510 
3.000000 
3.000000 
3.640055 
3.640055 
2.061553 
2.061553 
4.031129 
4.031129 
2.061553 
2.061553 
4.031129 
4.031129 
1.802776 
1.802776 
6.020797 
6.020797 
3.162278 
3.162278 
0.500000 
0.500000 
0.500000 
0.500000 
2.549510 
2.549510 
1.118034 
1.118034 
2.549510 
2.549510 
3.000000 
3.000000 
3.640055 
3.640055 
2.061553 
2.061553 
4.031129 
4.031129 
2.061553 
2.061553 
4.031129 
4.031129 
1.802776 
1.802776 
0.500000 
0.500000 
3.500000 
3.500000 
0.500000 
0.500000 
5.522681 
5.522681 
2.549510 
2.549510 
1.000000 
1.000000 
2.549510 
2.549510 
3.000000 
3.000000 
3.640055 
3.640055 
2.061553 
2.061553 
4.031129 
4.031129 
2.061553 
2.061553 
4.031129 
4.031129 
1.802776 
1.802776 
1.581139 
1.581139 
7.071068 
7.071068 
0.500000 
0.500000 
13.729530 
13.729530 
2.549510 
2.549510 
0.500000 
0.500000 
2.549510 
2.549510 
3.000000 
3.000000 
3.640055 
3.640055 
2.061553 
2.061553 
4.031129 
4.031129 
2.061553 
2.061553 
4.031129 
4.031129 
1.118034 
1.118034 
3.535534 
3.535534 
0.500000 
0.500000 
1.118034 
1.118034 
1.581139 
1.581139 
2.549510 
2.549510 
3.000000 
3.000000 
3.640055 
3.640055 
2.061553 
2.061553 
4.031129 
4.031129 
2.061553 
2.061553 
4.031129 
4.031129 
1.118034 
1.118034 
3.535534 
3.535534 
0.500000 
0.500000 
2.236068 
2.236068 
1.802776 
1.802776 
2.549510 
2.549510 
3.000000 
3.000000 
3.640055 
3.640055 
2.061553 
2.061553 
4.031129 
4.031129 
2.061553 
2.061553 
1.802776 
1.802776 
9.013878 
9.013878 
0.500000 
0.500000 
1.802776 
1.802776 
1.802776 
1.802776 
2.549510 
2.549510 
3.000000 
3.000000 
3.640055 
3.640055 
2.061553 
2.061553 
4.031129 
4.031129 
0.500000 
0.500000 
3.162278 
3.162278 
0.500000 
0.500000 
1.118034 
1.118034 
1.802776 
1.802776 
2.549510 
2.549510 
3.000000 
3.000000 
3.640055 
3.640055 
2.061553 
2.061553 
1.414214 
1.414214 
2.500000 
2.500000 
0.500000 
0.500000 
1.581139 
1.581139 
1.802776 
1.802776 
2.549510 
2.549510 
3.000000 
3.000000 
3.640055 
3.640055 
2.061553 
2.061553 
0.707107 
0.707107 
8.062258 
8.062258 
0.500000 
0.500000 
1.581139 
1.581139 
1.802776 
1.802776 
2.549510 
2.549510 
3.000000 
3.000000 
2.061553 
2.061553 
0.500000 
0.500000 
3.500000 
3.500000 
2.692582 
2.692582 
1.802776 
1.802776 
2.549510 
2.549510 
3.000000 
3.000000 
2.061553 
2.061553 
1.118034 
1.118034 
9.500000 
9.500000 
2.236068 
2.236068 
1.802776 
1.802776 
2.549510 
2.549510 
2.061553 
2.061553 
1.581139 
1.581139 
2.061553 
2.061553 
3.201562 
3.201562 
1.802776 
1.802776 
2.549510 
2.549510 
7.017834 
7.017834 
2.000000 
2.000000 
1.802776 
1.802776 
0.000000 
0.000000 
1.802776 
1.802776 
2.549510 
2.549510 
0.707107 
0.707107 
2.061553 
2.061553 
1.802776 
1.802776 
0.000000 
0.000000 
1.802776 
1.802776 
2.549510 
2.549510 
4.472136 
4.472136 
7.000000 
7.000000 
15.182226 
15.182226 
0.000000 
0.000000 
1.802776 
1.802776 
2.549510 
2.549510 
4.609772 
4.609772 
1.500000 
1.500000 
1.802776 
1.802776 
0.000000 
0.000000 
1.802776 
1.802776 
5.000000 
5.000000 
1.500000 
1.500000 
1.414214 
1.414214 
0.000000 
0.000000 
1.802776 
1.802776 
2.549510 
2.549510 
0.707107 
0.707107 
12.589678 
12.589678 
0.000000 
0.000000 
1.802776 
1.802776 
2.549510 
2.549510 
0.500000 
0.500000 
0.707107 
0.707107 
0.000000 
0.000000 
1.802776 
1.802776 
2.549510 
2.549510 
1.000000 
1.000000 
1.414214 
1.414214 
0.000000 
0.000000 
0.000000 
0.000000 
2.549510 
2.549510 
1.000000 
1.000000 
1.802776 
1.802776 
2.500000 
2.500000 
0.000000 
0.000000 
2.549510 
2.549510 
0.707107 
0.707107 
0.500000 
0.500000 
12.500000 
12.500000 
0.000000 
0.000000 
2.549510 
2.549510 
1.118034 
1.118034 
0.000000 
0.000000 
2.692582 
2.692582 
0.000000 
0.000000 
2.549510 
2.549510 
1.118034 
1.118034 
11.000000 
11.000000 
4.472136 
4.472136 
0.000000 
0.000000 
2.549510 
2.549510 
0.500000 
0.500000 
1.500000 
1.500000 
11.045361 
11.045361 
0.000000 
0.000000 
2.549510 
2.549510 
0.707107 
0.707107 
1.118034 
1.118034 
