0.000000 
0.000000 
0.500000 
0.500000 
0.000000 
0.000000 
0.500000 
0.500000 
1.118034 
1.118034 
0.000000 
0.000000 
0.000000 
0.000000 
1.118034 
1.118034 
0.500000 
0.500000 
0.000000 
0.000000 
1.802776 
1.802776 
0.707107 
0.707107 
0.000000 
0.000000 
0.707107 
0.707107 
0.000000 
0.000000 
0.000000 
0.000000 
12.500000 
12.500000 
13.500000 
13.500000 
0.000000 
0.000000 
0.500000 
0.500000 
0.707107 
0.707107 
0.000000 
0.000000 
1.118034 
1.118034 
1.581139 
1.581139 
0.000000 
0.000000 
17.007351 
17.007351 
1.000000 
1.000000 
0.000000 
0.000000 
1.581139 
1.581139 
0.500000 
0.500000 
0.000000 
0.000000 
3.000000 
3.000000 
9.055385 
9.055385 
0.000000 
0.000000 
1.500000 
1.500000 
9.513149 
9.513149 
0.000000 
0.000000 
1.118034 
1.118034 
1.118034 
1.118034 
0.000000 
0.000000 
1.581139 
1.581139 
1.581139 
1.581139 
0.000000 
0.000000 
0.500000 
0.500000 
1.118034 
1.118034 
0.000000 
0.000000 
1.118034 
1.118034 
1.000000 
1.000000 
0.000000 
0.000000 
1.802776 
1.802776 
1.118034 
1.118034 
6.020797 
6.020797 
0.500000 
0.500000 
1.581139 
1.581139 
1.581139 
1.581139 
0.000000 
0.000000 
1.118034 
1.118034 
0.707107 
0.707107 
1.581139 
1.581139 
0.000000 
0.000000 
2.061553 
2.061553 
7.516648 
7.516648 
3.201562 
3.201562 
1.414214 
1.414214 
1.414214 
1.414214 
3.201562 
3.201562 
3.640055 
3.640055 
2.500000 
2.500000 
2.061553 
2.061553 
2.121320 
2.121320 
3.000000 
3.000000 
1.414214 
1.414214 
1.118034 
1.118034 
5.099020 
5.099020 
1.118034 
1.118034 
4.031129 
4.031129 
11.510864 
11.510864 
2.061553 
2.061553 
0.707107 
0.707107 
2.549510 
2.549510 
0.707107 
0.707107 
1.802776 
1.802776 
14.008926 
14.008926 
6.519202 
6.519202 
1.118034 
1.118034 
1.500000 
1.500000 
1.000000 
1.000000 
1.000000 
1.000000 
1.118034 
1.118034 
1.500000 
1.500000 
1.500000 
1.500000 
