0.000000 
0.000000 
0.000000 
0.000000 
4.123106 
4.123106 
4.000000 
4.000000 
0.000000 
0.000000 
3.201562 
3.201562 
5.408327 
5.408327 
0.000000 
0.000000 
6.324555 
6.324555 
2.828427 
2.828427 
3.201562 
3.201562 
2.500000 
2.500000 
5.590170 
5.590170 
2.549510 
2.549510 
7.500000 
7.500000 
3.162278 
3.162278 
2.828427 
2.828427 
1.414214 
1.414214 
6.800735 
6.800735 
1.500000 
1.500000 
9.055385 
9.055385 
9.513149 
9.513149 
6.020797 
6.020797 
8.631338 
8.631338 
3.500000 
3.500000 
1.414214 
1.414214 
1.581139 
1.581139 
0.500000 
0.500000 
7.433034 
7.433034 
2.061553 
2.061553 
2.549510 
2.549510 
2.828427 
2.828427 
2.061553 
2.061553 
3.535534 
3.535534 
2.549510 
2.549510 
3.201562 
3.201562 
2.500000 
2.500000 
2.061553 
2.061553 
2.549510 
2.549510 
6.670832 
6.670832 
6.082763 
6.082763 
1.500000 
1.500000 
2.549510 
2.549510 
7.566373 
7.566373 
1.581139 
1.581139 
1.581139 
1.581139 
2.549510 
2.549510 
3.500000 
3.500000 
1.000000 
1.000000 
0.707107 
0.707107 
2.549510 
2.549510 
2.500000 
2.500000 
0.707107 
0.707107 
0.707107 
0.707107 
2.549510 
2.549510 
2.500000 
2.500000 
0.707107 
0.707107 
0.500000 
0.500000 
2.549510 
2.549510 
2.500000 
2.500000 
0.707107 
0.707107 
0.707107 
0.707107 
2.549510 
2.549510 
2.500000 
2.500000 
0.707107 
0.707107 
1.000000 
1.000000 
2.549510 
2.549510 
2.500000 
2.500000 
0.707107 
0.707107 
0.500000 
0.500000 
2.549510 
2.549510 
2.500000 
2.500000 
0.707107 
0.707107 
0.000000 
0.000000 
2.549510 
2.549510 
2.500000 
2.500000 
0.707107 
0.707107 
1.118034 
1.118034 
2.549510 
2.549510 
2.500000 
2.500000 
0.707107 
0.707107 
2.000000 
2.000000 
2.549510 
2.549510 
2.500000 
2.500000 
0.707107 
0.707107 
15.000000 
15.000000 
2.549510 
2.549510 
2.500000 
2.500000 
0.707107 
0.707107 
2.121320 
2.121320 
2.500000 
2.500000 
0.707107 
0.707107 
2.236068 
2.236068 
2.500000 
2.500000 
0.707107 
0.707107 
4.743416 
4.743416 
2.500000 
2.500000 
0.707107 
0.707107 
29.500000 
29.500000 
2.500000 
2.500000 
0.707107 
0.707107 
28.111386 
28.111386 
2.500000 
2.500000 
14.577380 
14.577380 
3.535534 
3.535534 
2.915476 
2.915476 
5.099020 
5.099020 
10.012492 
10.012492 
1.802776 
1.802776 
4.031129 
4.031129 
4.031129 
4.031129 
10.049876 
10.049876 
15.700318 
15.700318 
6.264982 
6.264982 
2.828427 
2.828427 
2.549510 
2.549510 
9.000000 
9.000000 
3.162278 
3.162278 
2.692582 
2.692582 
4.031129 
4.031129 
3.640055 
3.640055 
2.915476 
2.915476 
3.000000 
3.000000 
10.511898 
10.511898 
2.061553 
2.061553 
