0.000000 
0.000000 
0.000000 
0.000000 
0.000000 
0.000000 
0.707107 
0.707107 
0.707107 
0.707107 
1.118034 
1.118034 
0.500000 
0.500000 
1.000000 
1.000000 
9.013878 
9.013878 
2.549510 
2.549510 
0.000000 
0.000000 
1.118034 
1.118034 
2.549510 
2.549510 
0.707107 
0.707107 
1.414214 
1.414214 
6.964194 
6.964194 
0.707107 
0.707107 
1.581139 
1.581139 
2.236068 
2.236068 
1.581139 
1.581139 
10.012492 
10.012492 
2.500000 
2.500000 
1.500000 
1.500000 
1.802776 
1.802776 
1.414214 
1.414214 
1.581139 
1.581139 
1.802776 
1.802776 
2.000000 
2.000000 
2.500000 
2.500000 
0.500000 
0.500000 
15.132746 
15.132746 
1.500000 
1.500000 
1.414214 
1.414214 
14.080128 
14.080128 
5.099020 
5.099020 
2.236068 
2.236068 
12.010412 
12.010412 
0.500000 
0.500000 
1.802776 
1.802776 
1.000000 
1.000000 
1.581139 
1.581139 
1.118034 
1.118034 
0.500000 
0.500000 
2.000000 
2.000000 
0.500000 
0.500000 
0.000000 
0.000000 
2.000000 
2.000000 
0.707107 
0.707107 
1.000000 
1.000000 
2.549510 
2.549510 
1.000000 
1.000000 
1.118034 
1.118034 
1.581139 
1.581139 
0.707107 
0.707107 
1.118034 
1.118034 
5.522681 
5.522681 
1.118034 
1.118034 
1.000000 
1.000000 
2.000000 
2.000000 
5.147815 
5.147815 
1.000000 
1.000000 
2.061553 
2.061553 
1.118034 
1.118034 
0.500000 
0.500000 
5.590170 
5.590170 
1.000000 
1.000000 
0.500000 
0.500000 
1.581139 
1.581139 
0.707107 
0.707107 
0.707107 
0.707107 
1.500000 
1.500000 
1.000000 
1.000000 
0.500000 
0.500000 
6.000000 
6.000000 
0.500000 
0.500000 
1.000000 
1.000000 
1.500000 
1.500000 
10.049876 
10.049876 
0.707107 
0.707107 
6.184658 
6.184658 
7.158911 
7.158911 
1.118034 
1.118034 
5.852350 
5.852350 
2.236068 
2.236068 
1.118034 
1.118034 
5.852350 
5.852350 
2.236068 
2.236068 
3.354102 
3.354102 
5.852350 
5.852350 
2.549510 
2.549510 
1.802776 
1.802776 
5.852350 
5.852350 
1.500000 
1.500000 
0.000000 
0.000000 
5.852350 
5.852350 
3.041381 
3.041381 
2.061553 
2.061553 
5.852350 
5.852350 
0.707107 
0.707107 
1.802776 
1.802776 
5.852350 
5.852350 
1.581139 
1.581139 
1.118034 
1.118034 
5.852350 
5.852350 
0.707107 
0.707107 
0.000000 
0.000000 
5.852350 
5.852350 
1.118034 
1.118034 
1.000000 
1.000000 
5.852350 
5.852350 
1.414214 
1.414214 
1.414214 
1.414214 
5.852350 
5.852350 
0.000000 
0.000000 
1.581139 
1.581139 
0.000000 
0.000000 
5.852350 
5.852350 
