0.000000 
0.000000 
0.000000 
0.000000 
0.000000 
0.000000 
0.000000 
0.000000 
0.500000 
0.500000 
1.118034 
1.118034 
2.549510 
2.549510 
3.041381 
3.041381 
0.000000 
0.000000 
0.500000 
0.500000 
1.118034 
1.118034 
1.000000 
1.000000 
3.041381 
3.041381 
3.807887 
3.807887 
0.000000 
0.000000 
1.118034 
1.118034 
0.707107 
0.707107 
3.041381 
3.041381 
3.535534 
3.535534 
1.414214 
1.414214 
0.500000 
0.500000 
1.118034 
1.118034 
3.041381 
3.041381 
4.743416 
4.743416 
0.707107 
0.707107 
1.118034 
1.118034 
1.118034 
1.118034 
3.041381 
3.041381 
2.692582 
2.692582 
0.500000 
0.500000 
0.707107 
0.707107 
1.000000 
1.000000 
3.041381 
3.041381 
2.692582 
2.692582 
0.707107 
0.707107 
4.123106 
4.123106 
1.118034 
1.118034 
3.041381 
3.041381 
2.692582 
2.692582 
0.707107 
0.707107 
0.707107 
0.707107 
0.500000 
0.500000 
3.041381 
3.041381 
2.692582 
2.692582 
0.707107 
0.707107 
0.500000 
0.500000 
1.118034 
1.118034 
3.041381 
3.041381 
2.692582 
2.692582 
1.118034 
1.118034 
0.500000 
0.500000 
0.000000 
0.000000 
3.041381 
3.041381 
2.692582 
2.692582 
0.500000 
0.500000 
0.500000 
0.500000 
0.000000 
0.000000 
3.041381 
3.041381 
2.692582 
2.692582 
5.024938 
5.024938 
1.118034 
1.118034 
0.707107 
0.707107 
3.041381 
3.041381 
2.692582 
2.692582 
0.500000 
0.500000 
1.000000 
1.000000 
2.549510 
2.549510 
3.041381 
3.041381 
2.692582 
2.692582 
5.024938 
5.024938 
0.500000 
0.500000 
1.118034 
1.118034 
3.041381 
3.041381 
2.692582 
2.692582 
0.707107 
0.707107 
0.500000 
0.500000 
1.500000 
1.500000 
3.041381 
3.041381 
2.692582 
2.692582 
0.500000 
0.500000 
1.118034 
1.118034 
1.118034 
1.118034 
2.692582 
2.692582 
6.000000 
6.000000 
1.414214 
1.414214 
3.041381 
3.041381 
2.692582 
2.692582 
5.147815 
5.147815 
1.500000 
1.500000 
1.118034 
1.118034 
2.692582 
2.692582 
1.500000 
1.500000 
1.118034 
1.118034 
1.581139 
1.581139 
2.692582 
2.692582 
1.500000 
1.500000 
0.500000 
0.500000 
2.549510 
2.549510 
1.500000 
1.500000 
0.000000 
0.000000 
2.061553 
2.061553 
1.500000 
1.500000 
0.500000 
0.500000 
1.581139 
1.581139 
1.500000 
1.500000 
0.500000 
0.500000 
1.414214 
1.414214 
1.500000 
1.500000 
0.500000 
0.500000 
0.000000 
0.000000 
1.500000 
1.500000 
4.527693 
4.527693 
0.500000 
0.500000 
1.500000 
1.500000 
0.000000 
0.000000 
1.000000 
1.000000 
1.500000 
1.500000 
1.581139 
1.581139 
0.707107 
0.707107 
1.500000 
1.500000 
2.000000 
2.000000 
1.118034 
1.118034 
1.500000 
1.500000 
2.236068 
2.236068 
1.118034 
1.118034 
1.500000 
1.500000 
5.656854 
5.656854 
0.707107 
0.707107 
1.500000 
1.500000 
5.408327 
5.408327 
7.071068 
7.071068 
1.500000 
1.500000 
2.500000 
2.500000 
1.000000 
1.000000 
1.500000 
1.500000 
2.549510 
2.549510 
1.000000 
1.000000 
1.500000 
1.500000 
2.000000 
2.000000 
1.000000 
1.000000 
8.246211 
8.246211 
1.000000 
1.000000 
11.768602 
11.768602 
1.000000 
1.000000 
3.807887 
3.807887 
1.000000 
1.000000 
5.700877 
5.700877 
1.000000 
1.000000 
