0.000000 
0.000000 
0.000000 
0.000000 
0.000000 
0.000000 
1.000000 
1.000000 
10.000000 
10.000000 
16.070159 
16.070159 
10.547512 
10.547512 
2.000000 
2.000000 
2.500000 
2.500000 
4.301163 
4.301163 
2.061553 
2.061553 
34.630189 
34.630189 
3.162278 
3.162278 
3.201562 
3.201562 
2.236068 
2.236068 
2.121320 
2.121320 
7.071068 
7.071068 
31.016125 
31.016125 
2.549510 
2.549510 
2.500000 
2.500000 
0.707107 
0.707107 
2.692582 
2.692582 
4.301163 
4.301163 
29.038767 
29.038767 
0.000000 
0.000000 
2.061553 
2.061553 
29.038767 
29.038767 
0.707107 
0.707107 
1.414214 
1.414214 
23.021729 
23.021729 
8.514693 
8.514693 
0.707107 
0.707107 
2.236068 
2.236068 
1.802776 
1.802776 
1.000000 
1.000000 
3.354102 
3.354102 
1.118034 
1.118034 
1.118034 
1.118034 
1.000000 
1.000000 
12.010412 
12.010412 
4.500000 
4.500000 
1.118034 
1.118034 
1.118034 
1.118034 
0.500000 
0.500000 
5.000000 
5.000000 
1.000000 
1.000000 
0.707107 
0.707107 
5.000000 
5.000000 
2.915476 
2.915476 
0.500000 
0.500000 
21.505813 
21.505813 
1.000000 
1.000000 
1.118034 
1.118034 
3.041381 
3.041381 
3.000000 
3.000000 
0.000000 
0.000000 
3.807887 
3.807887 
3.000000 
3.000000 
1.118034 
1.118034 
2.236068 
2.236068 
3.041381 
3.041381 
2.061553 
2.061553 
6.000000 
6.000000 
3.354102 
3.354102 
1.802776 
1.802776 
1.500000 
1.500000 
2.061553 
2.061553 
0.707107 
0.707107 
1.000000 
1.000000 
2.500000 
2.500000 
2.000000 
2.000000 
1.000000 
1.000000 
2.828427 
2.828427 
3.000000 
3.000000 
1.000000 
1.000000 
2.061553 
2.061553 
2.236068 
2.236068 
1.000000 
1.000000 
11.672618 
11.672618 
1.500000 
1.500000 
24.698178 
24.698178 
2.500000 
2.500000 
0.000000 
0.000000 
0.707107 
0.707107 
24.698178 
24.698178 
2.000000 
2.000000 
15.000000 
15.000000 
3.354102 
3.354102 
24.698178 
24.698178 
2.692582 
2.692582 
2.692582 
2.692582 
4.301163 
4.301163 
24.698178 
24.698178 
8.746428 
8.746428 
4.472136 
4.472136 
18.110770 
18.110770 
24.698178 
24.698178 
3.041381 
3.041381 
3.605551 
3.605551 
1.802776 
1.802776 
24.698178 
24.698178 
3.041381 
3.041381 
1.581139 
1.581139 
0.707107 
0.707107 
24.698178 
24.698178 
1.118034 
1.118034 
10.920165 
10.920165 
1.118034 
1.118034 
24.698178 
24.698178 
8.015610 
8.015610 
1.118034 
1.118034 
0.500000 
0.500000 
24.698178 
24.698178 
8.015610 
8.015610 
1.118034 
1.118034 
0.707107 
0.707107 
24.698178 
24.698178 
24.253866 
24.253866 
1.118034 
1.118034 
0.500000 
0.500000 
24.698178 
24.698178 
2.692582 
2.692582 
1.118034 
1.118034 
1.118034 
1.118034 
24.698178 
24.698178 
0.500000 
0.500000 
