0.000000 
0.000000 
0.000000 
0.000000 
0.000000 
0.000000 
1.802776 
1.802776 
4.272002 
4.272002 
16.007811 
16.007811 
0.000000 
0.000000 
1.118034 
1.118034 
4.272002 
4.272002 
5.024938 
5.024938 
2.828427 
2.828427 
1.118034 
1.118034 
4.272002 
4.272002 
5.500000 
5.500000 
2.061553 
2.061553 
4.301163 
4.301163 
4.272002 
4.272002 
5.522681 
5.522681 
0.707107 
0.707107 
0.500000 
0.500000 
4.272002 
4.272002 
9.552487 
9.552487 
2.500000 
2.500000 
6.519202 
6.519202 
4.272002 
4.272002 
3.500000 
3.500000 
16.507574 
16.507574 
3.535534 
3.535534 
4.272002 
4.272002 
5.700877 
5.700877 
2.061553 
2.061553 
4.527693 
4.527693 
4.272002 
4.272002 
5.590170 
5.590170 
1.581139 
1.581139 
3.500000 
3.500000 
4.272002 
4.272002 
4.000000 
4.000000 
0.707107 
0.707107 
2.549510 
2.549510 
4.272002 
4.272002 
8.514693 
8.514693 
0.000000 
0.000000 
4.031129 
4.031129 
4.272002 
4.272002 
2.061553 
2.061553 
27.500000 
27.500000 
3.041381 
3.041381 
4.272002 
4.272002 
2.692582 
2.692582 
0.000000 
0.000000 
3.201562 
3.201562 
6.576473 
6.576473 
4.272002 
4.272002 
2.915476 
2.915476 
1.118034 
1.118034 
7.158911 
7.158911 
0.500000 
0.500000 
4.272002 
4.272002 
1.802776 
1.802776 
0.707107 
0.707107 
8.246211 
8.246211 
0.500000 
0.500000 
4.272002 
4.272002 
2.000000 
2.000000 
2.549510 
2.549510 
0.500000 
0.500000 
1.414214 
1.414214 
0.000000 
0.000000 
5.385165 
5.385165 
3.000000 
3.000000 
1.500000 
1.500000 
1.118034 
1.118034 
3.807887 
3.807887 
2.121320 
2.121320 
1.581139 
1.581139 
0.000000 
0.000000 
2.500000 
2.500000 
3.201562 
3.201562 
1.581139 
1.581139 
2.000000 
2.000000 
1.000000 
1.000000 
2.500000 
2.500000 
1.500000 
1.500000 
2.692582 
2.692582 
0.500000 
0.500000 
1.118034 
1.118034 
1.500000 
1.500000 
2.236068 
2.236068 
1.802776 
1.802776 
2.121320 
2.121320 
1.500000 
1.500000 
0.500000 
0.500000 
0.500000 
0.500000 
1.581139 
1.581139 
2.236068 
2.236068 
0.707107 
0.707107 
0.707107 
0.707107 
2.500000 
2.500000 
0.707107 
0.707107 
1.000000 
1.000000 
1.118034 
1.118034 
3.162278 
3.162278 
1.000000 
1.000000 
0.500000 
0.500000 
1.000000 
1.000000 
2.121320 
2.121320 
0.500000 
0.500000 
0.500000 
0.500000 
0.500000 
0.500000 
1.414214 
1.414214 
0.500000 
0.500000 
0.500000 
0.500000 
1.000000 
1.000000 
4.031129 
4.031129 
1.414214 
1.414214 
1.000000 
1.000000 
1.118034 
1.118034 
3.162278 
3.162278 
1.000000 
1.000000 
0.707107 
0.707107 
2.000000 
2.000000 
3.162278 
3.162278 
1.118034 
1.118034 
4.500000 
4.500000 
3.162278 
3.162278 
6.103278 
6.103278 
0.500000 
0.500000 
0.500000 
0.500000 
2.692582 
2.692582 
2.692582 
2.692582 
0.500000 
0.500000 
1.802776 
1.802776 
1.414214 
1.414214 
1.581139 
1.581139 
1.500000 
1.500000 
2.549510 
2.549510 
2.061553 
2.061553 
1.118034 
1.118034 
0.500000 
0.500000 
3.807887 
3.807887 
2.061553 
2.061553 
1.118034 
1.118034 
1.802776 
1.802776 
3.500000 
3.500000 
3.807887 
3.807887 
1.118034 
1.118034 
0.707107 
0.707107 
1.581139 
1.581139 
1.802776 
1.802776 
1.118034 
1.118034 
1.802776 
1.802776 
0.707107 
0.707107 
1.500000 
1.500000 
25.519600 
25.519600 
1.000000 
1.000000 
0.500000 
0.500000 
