0.000000 
0.000000 
1.000000 
1.000000 
1.500000 
1.500000 
3.162278 
3.162278 
3.000000 
3.000000 
3.605551 
3.605551 
2.500000 
2.500000 
1.118034 
1.118034 
1.118034 
1.118034 
1.581139 
1.581139 
2.061553 
2.061553 
2.500000 
2.500000 
4.000000 
4.000000 
3.201562 
3.201562 
3.041381 
3.041381 
17.066048 
17.066048 
1.802776 
1.802776 
2.000000 
2.000000 
1.000000 
1.000000 
0.500000 
0.500000 
1.581139 
1.581139 
1.581139 
1.581139 
0.000000 
0.000000 
1.118034 
1.118034 
2.061553 
2.061553 
1.581139 
1.581139 
20.808652 
20.808652 
1.000000 
1.000000 
20.808652 
20.808652 
1.581139 
1.581139 
20.808652 
20.808652 
1.118034 
1.118034 
20.808652 
20.808652 
0.500000 
0.500000 
10.688779 
10.688779 
0.500000 
0.500000 
2.121320 
2.121320 
1.118034 
1.118034 
1.581139 
1.581139 
1.414214 
1.414214 
3.605551 
3.605551 
1.500000 
1.500000 
1.802776 
1.802776 
1.581139 
1.581139 
0.500000 
0.500000 
1.581139 
1.581139 
0.707107 
0.707107 
1.581139 
1.581139 
1.000000 
1.000000 
1.581139 
1.581139 
1.414214 
1.414214 
1.581139 
1.581139 
3.535534 
3.535534 
2.915476 
2.915476 
1.118034 
1.118034 
0.500000 
0.500000 
