0.000000 
0.000000 
1.118034 
1.118034 
7.071068 
7.071068 
7.500000 
7.500000 
2.121320 
2.121320 
1.414214 
1.414214 
2.236068 
2.236068 
1.802776 
1.802776 
3.640055 
3.640055 
1.581139 
1.581139 
0.500000 
0.500000 
3.605551 
3.605551 
2.549510 
2.549510 
3.041381 
3.041381 
1.414214 
1.414214 
10.049876 
10.049876 
3.807887 
3.807887 
7.433034 
7.433034 
1.500000 
1.500000 
5.522681 
5.522681 
1.414214 
1.414214 
1.581139 
1.581139 
0.000000 
0.000000 
27.018512 
27.018512 
2.121320 
2.121320 
1.802776 
1.802776 
1.500000 
1.500000 
0.707107 
0.707107 
1.581139 
1.581139 
5.522681 
5.522681 
0.500000 
0.500000 
1.581139 
1.581139 
0.707107 
0.707107 
1.118034 
1.118034 
7.158911 
7.158911 
2.121320 
2.121320 
2.500000 
2.500000 
2.828427 
2.828427 
2.500000 
2.500000 
24.129857 
24.129857 
2.500000 
2.500000 
2.061553 
2.061553 
2.500000 
2.500000 
1.500000 
1.500000 
2.500000 
2.500000 
0.500000 
0.500000 
2.500000 
2.500000 
1.414214 
1.414214 
2.500000 
2.500000 
3.201562 
3.201562 
2.500000 
2.500000 
3.354102 
3.354102 
2.500000 
2.500000 
1.414214 
1.414214 
2.500000 
2.500000 
0.500000 
0.500000 
