0.000000 
0.000000 
0.000000 
0.000000 
0.000000 
0.000000 
5.522681 
5.522681 
0.000000 
0.000000 
2.061553 
2.061553 
0.000000 
0.000000 
2.000000 
2.000000 
0.000000 
0.000000 
1.802776 
1.802776 
0.000000 
0.000000 
0.000000 
0.000000 
0.000000 
0.000000 
1.581139 
1.581139 
8.500000 
8.500000 
7.500000 
7.500000 
0.000000 
0.000000 
0.707107 
0.707107 
3.807887 
3.807887 
5.522681 
5.522681 
0.000000 
0.000000 
6.500000 
6.500000 
3.535534 
3.535534 
12.500000 
12.500000 
0.000000 
0.000000 
2.549510 
2.549510 
7.516648 
7.516648 
2.000000 
2.000000 
0.000000 
0.000000 
1.000000 
1.000000 
3.500000 
3.500000 
10.000000 
10.000000 
0.000000 
0.000000 
0.707107 
0.707107 
2.500000 
2.500000 
3.500000 
3.500000 
0.000000 
0.000000 
0.500000 
0.500000 
10.012492 
10.012492 
10.511898 
10.511898 
0.000000 
0.000000 
1.118034 
1.118034 
3.535534 
3.535534 
8.276473 
8.276473 
0.000000 
0.000000 
0.707107 
0.707107 
8.015610 
8.015610 
8.276473 
8.276473 
0.000000 
0.000000 
2.061553 
2.061553 
3.041381 
3.041381 
8.276473 
8.276473 
1.000000 
1.000000 
3.041381 
3.041381 
8.276473 
8.276473 
0.500000 
0.500000 
10.124228 
10.124228 
8.276473 
8.276473 
7.566373 
7.566373 
0.000000 
0.000000 
3.000000 
3.000000 
8.276473 
8.276473 
7.566373 
7.566373 
10.793517 
10.793517 
6.324555 
6.324555 
8.276473 
8.276473 
7.566373 
7.566373 
1.118034 
1.118034 
9.013878 
9.013878 
8.276473 
8.276473 
7.566373 
7.566373 
14.713939 
14.713939 
3.041381 
3.041381 
8.276473 
8.276473 
7.566373 
7.566373 
10.547512 
10.547512 
10.000000 
10.000000 
8.276473 
8.276473 
7.566373 
7.566373 
0.707107 
0.707107 
1.414214 
1.414214 
8.276473 
8.276473 
7.566373 
7.566373 
2.121320 
2.121320 
2.915476 
2.915476 
8.276473 
8.276473 
7.566373 
7.566373 
1.581139 
1.581139 
2.915476 
2.915476 
8.276473 
8.276473 
7.566373 
7.566373 
1.581139 
1.581139 
2.915476 
2.915476 
8.276473 
8.276473 
7.566373 
7.566373 
1.581139 
1.581139 
2.915476 
2.915476 
8.276473 
8.276473 
7.566373 
7.566373 
2.000000 
2.000000 
2.915476 
2.915476 
7.566373 
7.566373 
0.000000 
0.000000 
2.236068 
2.236068 
2.915476 
2.915476 
7.566373 
7.566373 
2.236068 
2.236068 
2.061553 
2.061553 
2.915476 
2.915476 
7.566373 
7.566373 
1.581139 
1.581139 
0.500000 
0.500000 
2.915476 
2.915476 
7.566373 
7.566373 
7.158911 
7.158911 
0.000000 
0.000000 
2.915476 
2.915476 
5.024938 
5.024938 
1.581139 
1.581139 
2.915476 
2.915476 
1.581139 
1.581139 
0.000000 
0.000000 
2.915476 
2.915476 
5.852350 
5.852350 
0.707107 
0.707107 
2.915476 
2.915476 
2.236068 
2.236068 
1.118034 
1.118034 
2.915476 
2.915476 
2.236068 
2.236068 
3.041381 
3.041381 
2.915476 
2.915476 
2.236068 
2.236068 
1.581139 
1.581139 
2.915476 
2.915476 
