0.000000 
0.000000 
0.000000 
0.000000 
0.000000 
0.000000 
0.000000 
0.000000 
1.000000 
1.000000 
0.500000 
0.500000 
1.581139 
1.581139 
0.707107 
0.707107 
4.609772 
4.609772 
5.522681 
5.522681 
1.500000 
1.500000 
1.000000 
1.000000 
0.000000 
0.000000 
1.118034 
1.118034 
0.000000 
0.000000 
0.000000 
0.000000 
2.000000 
2.000000 
0.000000 
0.000000 
1.500000 
1.500000 
5.099020 
5.099020 
1.414214 
1.414214 
1.000000 
1.000000 
6.020797 
6.020797 
1.500000 
1.500000 
0.000000 
0.000000 
0.500000 
0.500000 
0.707107 
0.707107 
0.707107 
0.707107 
1.118034 
1.118034 
0.000000 
0.000000 
0.500000 
0.500000 
0.500000 
0.500000 
1.500000 
1.500000 
1.118034 
1.118034 
0.000000 
0.000000 
1.414214 
1.414214 
0.500000 
0.500000 
1.581139 
1.581139 
1.000000 
1.000000 
0.000000 
0.000000 
1.581139 
1.581139 
0.500000 
0.500000 
1.581139 
1.581139 
0.500000 
0.500000 
0.500000 
0.500000 
1.500000 
1.500000 
4.000000 
4.000000 
1.581139 
1.581139 
0.500000 
0.500000 
0.707107 
0.707107 
9.513149 
9.513149 
0.707107 
0.707107 
1.581139 
1.581139 
1.000000 
1.000000 
0.707107 
0.707107 
3.041381 
3.041381 
1.500000 
1.500000 
4.031129 
4.031129 
2.549510 
2.549510 
0.500000 
0.500000 
1.802776 
1.802776 
1.118034 
1.118034 
6.500000 
6.500000 
0.707107 
0.707107 
0.707107 
0.707107 
3.535534 
3.535534 
0.707107 
0.707107 
0.500000 
0.500000 
0.500000 
0.500000 
4.031129 
4.031129 
5.852350 
5.852350 
0.500000 
0.500000 
0.707107 
0.707107 
0.500000 
0.500000 
0.000000 
0.000000 
1.000000 
1.000000 
0.500000 
0.500000 
0.500000 
0.500000 
1.581139 
1.581139 
1.000000 
1.000000 
0.500000 
0.500000 
1.118034 
1.118034 
1.000000 
1.000000 
0.707107 
0.707107 
0.500000 
0.500000 
1.000000 
1.000000 
1.000000 
1.000000 
0.000000 
0.000000 
0.500000 
0.500000 
5.500000 
5.500000 
0.707107 
0.707107 
0.707107 
0.707107 
0.000000 
0.000000 
1.118034 
1.118034 
0.707107 
0.707107 
0.500000 
0.500000 
0.707107 
0.707107 
0.500000 
0.500000 
1.118034 
1.118034 
0.500000 
0.500000 
2.500000 
2.500000 
1.000000 
1.000000 
0.500000 
0.500000 
1.118034 
1.118034 
5.024938 
5.024938 
1.802776 
1.802776 
15.132746 
15.132746 
0.500000 
0.500000 
1.118034 
1.118034 
0.500000 
0.500000 
2.236068 
2.236068 
1.500000 
1.500000 
0.500000 
0.500000 
1.118034 
1.118034 
0.500000 
0.500000 
1.802776 
1.802776 
1.118034 
1.118034 
0.500000 
0.500000 
1.118034 
1.118034 
0.500000 
0.500000 
2.828427 
2.828427 
0.500000 
0.500000 
0.500000 
0.500000 
1.118034 
1.118034 
0.500000 
0.500000 
0.500000 
0.500000 
0.707107 
0.707107 
3.500000 
3.500000 
1.118034 
1.118034 
0.707107 
0.707107 
1.802776 
1.802776 
0.707107 
0.707107 
0.500000 
0.500000 
1.118034 
1.118034 
0.500000 
0.500000 
2.121320 
2.121320 
1.581139 
1.581139 
0.500000 
0.500000 
1.118034 
1.118034 
1.118034 
1.118034 
0.707107 
0.707107 
1.118034 
1.118034 
0.000000 
0.000000 
1.118034 
1.118034 
0.500000 
0.500000 
0.500000 
0.500000 
0.500000 
0.500000 
0.000000 
0.000000 
1.118034 
1.118034 
0.500000 
0.500000 
1.000000 
1.000000 
1.118034 
1.118034 
0.000000 
0.000000 
1.118034 
1.118034 
1.118034 
1.118034 
1.000000 
1.000000 
8.077747 
8.077747 
0.000000 
0.000000 
1.118034 
1.118034 
0.500000 
0.500000 
0.707107 
0.707107 
1.000000 
1.000000 
0.000000 
0.000000 
1.118034 
1.118034 
3.500000 
3.500000 
0.000000 
0.000000 
7.280110 
7.280110 
0.500000 
0.500000 
0.500000 
0.500000 
1.802776 
1.802776 
2.000000 
2.000000 
0.500000 
0.500000 
0.500000 
0.500000 
1.414214 
1.414214 
2.061553 
2.061553 
0.707107 
0.707107 
5.024938 
5.024938 
1.802776 
1.802776 
2.500000 
2.500000 
0.500000 
0.500000 
0.707107 
0.707107 
0.000000 
0.000000 
2.500000 
2.500000 
0.500000 
0.500000 
0.707107 
0.707107 
0.500000 
0.500000 
12.509996 
12.509996 
