0.000000 
0.000000 
0.000000 
0.000000 
0.000000 
0.000000 
0.000000 
0.000000 
0.000000 
0.000000 
2.500000 
2.500000 
0.500000 
0.500000 
0.707107 
0.707107 
0.500000 
0.500000 
1.118034 
1.118034 
0.500000 
0.500000 
0.707107 
0.707107 
0.000000 
0.000000 
0.707107 
0.707107 
1.414214 
1.414214 
1.000000 
1.000000 
4.500000 
4.500000 
6.020797 
6.020797 
0.707107 
0.707107 
1.414214 
1.414214 
1.000000 
1.000000 
0.000000 
0.000000 
1.581139 
1.581139 
0.707107 
0.707107 
1.414214 
1.414214 
1.000000 
1.000000 
0.000000 
0.000000 
1.118034 
1.118034 
0.707107 
0.707107 
1.414214 
1.414214 
1.000000 
1.000000 
0.707107 
0.707107 
1.000000 
1.000000 
0.707107 
0.707107 
1.414214 
1.414214 
1.000000 
1.000000 
3.500000 
3.500000 
1.000000 
1.000000 
1.414214 
1.414214 
1.414214 
1.414214 
1.000000 
1.000000 
1.118034 
1.118034 
0.707107 
0.707107 
0.707107 
0.707107 
1.414214 
1.414214 
1.000000 
1.000000 
1.581139 
1.581139 
1.802776 
1.802776 
0.707107 
0.707107 
1.414214 
1.414214 
1.000000 
1.000000 
0.707107 
0.707107 
1.802776 
1.802776 
0.707107 
0.707107 
1.414214 
1.414214 
1.000000 
1.000000 
1.802776 
1.802776 
1.802776 
1.802776 
0.707107 
0.707107 
4.272002 
4.272002 
1.000000 
1.000000 
1.000000 
1.000000 
1.802776 
1.802776 
0.707107 
0.707107 
2.000000 
2.000000 
1.000000 
1.000000 
1.581139 
1.581139 
1.802776 
1.802776 
0.707107 
0.707107 
2.236068 
2.236068 
6.000000 
6.000000 
1.118034 
1.118034 
1.802776 
1.802776 
0.707107 
0.707107 
7.158911 
7.158911 
1.118034 
1.118034 
0.500000 
0.500000 
1.802776 
1.802776 
0.707107 
0.707107 
1.500000 
1.500000 
1.000000 
1.000000 
0.500000 
0.500000 
1.802776 
1.802776 
0.707107 
0.707107 
1.000000 
1.000000 
0.500000 
0.500000 
0.500000 
0.500000 
1.802776 
1.802776 
0.707107 
0.707107 
1.500000 
1.500000 
0.707107 
0.707107 
0.000000 
0.000000 
1.802776 
1.802776 
0.707107 
0.707107 
0.000000 
0.000000 
0.000000 
0.000000 
0.500000 
0.500000 
1.802776 
1.802776 
0.707107 
0.707107 
7.000000 
7.000000 
0.500000 
0.500000 
4.031129 
4.031129 
1.802776 
1.802776 
0.707107 
0.707107 
0.500000 
0.500000 
6.000000 
6.000000 
0.707107 
0.707107 
1.802776 
1.802776 
0.707107 
0.707107 
1.000000 
1.000000 
0.707107 
0.707107 
0.500000 
0.500000 
1.802776 
1.802776 
0.707107 
0.707107 
0.500000 
0.500000 
3.041381 
3.041381 
1.000000 
1.000000 
1.802776 
1.802776 
0.500000 
0.500000 
0.707107 
0.707107 
1.000000 
1.000000 
1.802776 
1.802776 
0.500000 
0.500000 
1.581139 
1.581139 
1.581139 
1.581139 
2.549510 
2.549510 
0.707107 
0.707107 
1.118034 
1.118034 
1.000000 
1.000000 
0.000000 
0.000000 
1.500000 
1.500000 
17.804494 
17.804494 
0.500000 
0.500000 
0.000000 
0.000000 
0.000000 
0.000000 
2.000000 
2.000000 
1.118034 
1.118034 
1.118034 
1.118034 
0.000000 
0.000000 
1.414214 
1.414214 
1.118034 
1.118034 
1.000000 
1.000000 
0.000000 
0.000000 
2.000000 
2.000000 
1.118034 
1.118034 
1.000000 
1.000000 
0.000000 
0.000000 
0.000000 
0.000000 
0.000000 
0.000000 
2.236068 
2.236068 
1.118034 
1.118034 
1.000000 
1.000000 
1.118034 
1.118034 
2.500000 
2.500000 
0.000000 
0.000000 
10.124228 
10.124228 
1.118034 
1.118034 
1.000000 
1.000000 
0.707107 
0.707107 
11.597414 
11.597414 
0.000000 
0.000000 
7.433034 
7.433034 
1.118034 
1.118034 
1.000000 
1.000000 
1.000000 
1.000000 
2.549510 
2.549510 
0.000000 
0.000000 
0.707107 
0.707107 
1.118034 
1.118034 
1.000000 
1.000000 
1.000000 
1.000000 
4.031129 
4.031129 
0.000000 
0.000000 
1.581139 
1.581139 
1.118034 
1.118034 
1.000000 
1.000000 
1.118034 
1.118034 
3.000000 
3.000000 
0.000000 
0.000000 
1.000000 
1.000000 
1.118034 
1.118034 
1.000000 
1.000000 
0.000000 
0.000000 
2.500000 
2.500000 
3.041381 
3.041381 
0.000000 
0.000000 
3.500000 
3.500000 
1.118034 
1.118034 
1.000000 
1.000000 
