0.000000 
0.000000 
0.000000 
0.000000 
0.000000 
0.000000 
0.000000 
0.000000 
0.000000 
0.000000 
3.041381 
3.041381 
2.500000 
2.500000 
1.000000 
1.000000 
0.000000 
0.000000 
3.354102 
3.354102 
5.024938 
5.024938 
0.000000 
0.000000 
0.000000 
0.000000 
9.708244 
9.708244 
4.743416 
4.743416 
0.000000 
0.000000 
0.000000 
0.000000 
2.692582 
2.692582 
17.613915 
17.613915 
0.000000 
0.000000 
0.000000 
0.000000 
2.692582 
2.692582 
17.613915 
17.613915 
0.000000 
0.000000 
0.000000 
0.000000 
10.111874 
10.111874 
5.024938 
5.024938 
0.000000 
0.000000 
0.000000 
0.000000 
0.000000 
0.000000 
1.802776 
1.802776 
2.236068 
2.236068 
0.000000 
0.000000 
0.707107 
0.707107 
0.000000 
0.000000 
1.581139 
1.581139 
3.162278 
3.162278 
0.000000 
0.000000 
0.500000 
0.500000 
0.000000 
0.000000 
1.581139 
1.581139 
11.180340 
11.180340 
0.000000 
0.000000 
0.500000 
0.500000 
0.000000 
0.000000 
1.581139 
1.581139 
1.000000 
1.000000 
0.000000 
0.000000 
0.500000 
0.500000 
0.000000 
0.000000 
1.581139 
1.581139 
0.500000 
0.500000 
0.000000 
0.000000 
0.500000 
0.500000 
0.000000 
0.000000 
2.061553 
2.061553 
1.581139 
1.581139 
0.000000 
0.000000 
0.500000 
0.500000 
0.000000 
0.000000 
0.500000 
0.500000 
1.500000 
1.500000 
0.000000 
0.000000 
0.500000 
0.500000 
0.000000 
0.000000 
1.000000 
1.000000 
1.118034 
1.118034 
0.000000 
0.000000 
0.500000 
0.500000 
2.061553 
2.061553 
0.707107 
0.707107 
0.000000 
0.000000 
15.074813 
15.074813 
2.061553 
2.061553 
1.581139 
1.581139 
0.000000 
0.000000 
0.707107 
0.707107 
2.236068 
2.236068 
15.132746 
15.132746 
0.500000 
0.500000 
1.118034 
1.118034 
2.828427 
2.828427 
9.617692 
9.617692 
2.549510 
2.549510 
4.031129 
4.031129 
1.000000 
1.000000 
2.061553 
2.061553 
4.031129 
4.031129 
1.000000 
1.000000 
2.061553 
2.061553 
4.031129 
4.031129 
1.000000 
1.000000 
2.061553 
2.061553 
4.031129 
4.031129 
0.000000 
0.000000 
1.000000 
1.000000 
2.061553 
2.061553 
4.031129 
4.031129 
0.000000 
0.000000 
11.510864 
11.510864 
2.061553 
2.061553 
4.031129 
4.031129 
0.000000 
0.000000 
1.581139 
1.581139 
2.061553 
2.061553 
4.031129 
4.031129 
0.000000 
0.000000 
1.581139 
1.581139 
23.926972 
23.926972 
4.031129 
4.031129 
0.000000 
0.000000 
1.581139 
1.581139 
1.118034 
1.118034 
4.031129 
4.031129 
0.000000 
0.000000 
1.581139 
1.581139 
2.500000 
2.500000 
4.031129 
4.031129 
0.000000 
0.000000 
0.000000 
0.000000 
1.581139 
1.581139 
1.500000 
1.500000 
4.031129 
4.031129 
1.581139 
1.581139 
0.000000 
0.000000 
1.581139 
1.581139 
0.707107 
0.707107 
4.031129 
4.031129 
0.707107 
0.707107 
0.000000 
0.000000 
1.581139 
1.581139 
1.000000 
1.000000 
4.031129 
4.031129 
2.236068 
2.236068 
0.000000 
0.000000 
1.581139 
1.581139 
0.500000 
0.500000 
4.031129 
4.031129 
2.236068 
2.236068 
0.000000 
0.000000 
1.581139 
1.581139 
0.500000 
0.500000 
4.031129 
4.031129 
2.236068 
2.236068 
0.000000 
0.000000 
1.581139 
1.581139 
0.500000 
0.500000 
0.000000 
0.000000 
2.236068 
2.236068 
0.000000 
0.000000 
1.581139 
1.581139 
2.061553 
2.061553 
0.000000 
0.000000 
2.236068 
2.236068 
0.000000 
0.000000 
1.581139 
1.581139 
2.549510 
2.549510 
0.000000 
0.000000 
2.236068 
2.236068 
0.000000 
0.000000 
1.581139 
1.581139 
20.303941 
20.303941 
0.000000 
0.000000 
2.236068 
2.236068 
1.581139 
1.581139 
1.000000 
1.000000 
