0.000000 
0.000000 
0.000000 
0.000000 
0.000000 
0.000000 
2.500000 
2.500000 
1.118034 
1.118034 
0.500000 
0.500000 
2.236068 
2.236068 
14.159802 
14.159802 
0.500000 
0.500000 
9.000000 
9.000000 
11.629703 
11.629703 
0.500000 
0.500000 
2.061553 
2.061553 
1.118034 
1.118034 
1.000000 
1.000000 
1.000000 
1.000000 
15.305228 
15.305228 
0.500000 
0.500000 
0.000000 
0.000000 
0.500000 
0.500000 
1.581139 
1.581139 
1.414214 
1.414214 
3.201562 
3.201562 
2.000000 
2.000000 
1.000000 
1.000000 
1.581139 
1.581139 
2.500000 
2.500000 
1.414214 
1.414214 
1.802776 
1.802776 
2.061553 
2.061553 
8.000000 
8.000000 
2.061553 
2.061553 
4.743416 
4.743416 
0.707107 
0.707107 
1.581139 
1.581139 
3.535534 
3.535534 
8.514693 
8.514693 
1.000000 
1.000000 
1.802776 
1.802776 
1.414214 
1.414214 
1.000000 
1.000000 
2.236068 
2.236068 
1.118034 
1.118034 
0.707107 
0.707107 
2.500000 
2.500000 
0.000000 
0.000000 
1.118034 
1.118034 
1.118034 
1.118034 
2.061553 
2.061553 
0.500000 
0.500000 
1.414214 
1.414214 
8.000000 
8.000000 
2.236068 
2.236068 
1.000000 
1.000000 
11.180340 
11.180340 
1.581139 
1.581139 
3.000000 
3.000000 
1.500000 
1.500000 
11.672618 
11.672618 
8.276473 
8.276473 
2.549510 
2.549510 
6.082763 
6.082763 
1.802776 
1.802776 
3.041381 
3.041381 
2.000000 
2.000000 
2.000000 
2.000000 
1.802776 
1.802776 
1.500000 
1.500000 
2.549510 
2.549510 
2.000000 
2.000000 
1.802776 
1.802776 
8.062258 
8.062258 
8.558621 
8.558621 
2.000000 
2.000000 
1.802776 
1.802776 
2.500000 
2.500000 
3.162278 
3.162278 
2.000000 
2.000000 
1.802776 
1.802776 
2.915476 
2.915476 
3.640055 
3.640055 
2.000000 
2.000000 
1.802776 
1.802776 
1.500000 
1.500000 
2.500000 
2.500000 
0.000000 
0.000000 
2.000000 
2.000000 
1.802776 
1.802776 
0.000000 
0.000000 
1.500000 
1.500000 
1.118034 
1.118034 
2.000000 
2.000000 
1.802776 
1.802776 
1.581139 
1.581139 
0.500000 
0.500000 
6.020797 
6.020797 
2.000000 
2.000000 
1.802776 
1.802776 
1.414214 
1.414214 
0.000000 
0.000000 
0.500000 
0.500000 
2.000000 
2.000000 
1.802776 
1.802776 
1.581139 
1.581139 
0.707107 
0.707107 
1.118034 
1.118034 
2.000000 
2.000000 
1.802776 
1.802776 
1.000000 
1.000000 
2.061553 
2.061553 
0.707107 
0.707107 
2.000000 
2.000000 
1.802776 
1.802776 
1.581139 
1.581139 
1.000000 
1.000000 
2.061553 
2.061553 
2.000000 
2.000000 
1.802776 
1.802776 
1.802776 
1.802776 
1.581139 
1.581139 
1.414214 
1.414214 
2.000000 
2.000000 
1.802776 
1.802776 
4.272002 
4.272002 
1.000000 
1.000000 
5.590170 
5.590170 
2.000000 
2.000000 
1.802776 
1.802776 
2.828427 
2.828427 
1.500000 
1.500000 
1.802776 
1.802776 
2.000000 
2.000000 
2.121320 
2.121320 
2.500000 
2.500000 
1.802776 
1.802776 
1.802776 
1.802776 
0.500000 
0.500000 
4.527693 
4.527693 
2.236068 
2.236068 
0.000000 
0.000000 
1.500000 
1.500000 
1.118034 
1.118034 
0.000000 
0.000000 
1.118034 
1.118034 
1.802776 
1.802776 
1.000000 
1.000000 
