0.000000 
0.000000 
0.000000 
0.000000 
0.000000 
0.000000 
0.707107 
0.707107 
0.707107 
0.707107 
0.707107 
0.707107 
0.500000 
0.500000 
1.118034 
1.118034 
1.581139 
1.581139 
0.000000 
0.000000 
0.000000 
0.000000 
2.549510 
2.549510 
1.000000 
1.000000 
0.707107 
0.707107 
0.500000 
0.500000 
2.500000 
2.500000 
16.507574 
16.507574 
0.707107 
0.707107 
0.500000 
0.500000 
3.354102 
3.354102 
3.354102 
3.354102 
0.000000 
0.000000 
0.707107 
0.707107 
0.500000 
0.500000 
4.000000 
4.000000 
4.123106 
4.123106 
1.118034 
1.118034 
1.118034 
1.118034 
0.500000 
0.500000 
0.500000 
0.500000 
2.500000 
2.500000 
0.000000 
0.000000 
1.118034 
1.118034 
0.500000 
0.500000 
0.707107 
0.707107 
3.162278 
3.162278 
1.000000 
1.000000 
1.118034 
1.118034 
0.500000 
0.500000 
0.500000 
0.500000 
11.543396 
11.543396 
1.000000 
1.000000 
1.118034 
1.118034 
0.500000 
0.500000 
0.500000 
0.500000 
3.041381 
3.041381 
0.000000 
0.000000 
0.707107 
0.707107 
1.118034 
1.118034 
0.500000 
0.500000 
0.500000 
0.500000 
3.162278 
3.162278 
1.000000 
1.000000 
1.000000 
1.000000 
1.118034 
1.118034 
0.500000 
0.500000 
0.707107 
0.707107 
3.201562 
3.201562 
0.500000 
0.500000 
0.707107 
0.707107 
1.118034 
1.118034 
0.500000 
0.500000 
1.000000 
1.000000 
1.500000 
1.500000 
5.500000 
5.500000 
1.118034 
1.118034 
1.118034 
1.118034 
0.500000 
0.500000 
1.000000 
1.000000 
2.061553 
2.061553 
0.500000 
0.500000 
0.707107 
0.707107 
1.118034 
1.118034 
0.500000 
0.500000 
1.118034 
1.118034 
1.500000 
1.500000 
0.000000 
0.000000 
0.707107 
0.707107 
1.118034 
1.118034 
1.118034 
1.118034 
0.500000 
0.500000 
1.118034 
1.118034 
1.500000 
1.500000 
0.500000 
0.500000 
0.500000 
0.500000 
1.118034 
1.118034 
1.118034 
1.118034 
0.500000 
0.500000 
1.118034 
1.118034 
1.118034 
1.118034 
0.000000 
0.000000 
0.500000 
0.500000 
0.500000 
0.500000 
1.000000 
1.000000 
1.118034 
1.118034 
0.500000 
0.500000 
1.118034 
1.118034 
0.707107 
0.707107 
0.000000 
0.000000 
0.000000 
0.000000 
1.118034 
1.118034 
0.707107 
0.707107 
1.118034 
1.118034 
1.118034 
1.118034 
1.118034 
1.118034 
0.000000 
0.000000 
0.000000 
0.000000 
0.500000 
0.500000 
1.000000 
1.000000 
1.118034 
1.118034 
1.118034 
1.118034 
0.500000 
0.500000 
0.000000 
0.000000 
0.000000 
0.000000 
1.118034 
1.118034 
0.000000 
0.000000 
1.118034 
1.118034 
1.118034 
1.118034 
1.118034 
1.118034 
0.000000 
0.000000 
0.000000 
0.000000 
2.000000 
2.000000 
0.000000 
0.000000 
1.118034 
1.118034 
1.118034 
1.118034 
1.500000 
1.500000 
0.000000 
0.000000 
1.118034 
1.118034 
1.118034 
1.118034 
0.500000 
0.500000 
1.118034 
1.118034 
1.581139 
1.581139 
0.000000 
0.000000 
0.500000 
0.500000 
1.000000 
1.000000 
0.500000 
0.500000 
1.118034 
1.118034 
1.000000 
1.000000 
0.000000 
0.000000 
0.500000 
0.500000 
0.707107 
0.707107 
1.500000 
1.500000 
1.118034 
1.118034 
2.236068 
2.236068 
0.000000 
0.000000 
0.500000 
0.500000 
4.527693 
4.527693 
1.118034 
1.118034 
1.118034 
1.118034 
2.915476 
2.915476 
0.000000 
0.000000 
0.500000 
0.500000 
0.500000 
0.500000 
0.707107 
0.707107 
1.118034 
1.118034 
2.061553 
2.061553 
0.000000 
0.000000 
0.500000 
0.500000 
0.500000 
0.500000 
0.500000 
0.500000 
1.118034 
1.118034 
13.000000 
13.000000 
0.000000 
0.000000 
0.500000 
0.500000 
0.000000 
0.000000 
0.707107 
0.707107 
1.118034 
1.118034 
4.527693 
4.527693 
0.000000 
0.000000 
0.500000 
0.500000 
0.707107 
0.707107 
0.000000 
0.000000 
4.031129 
4.031129 
0.000000 
0.000000 
0.500000 
0.500000 
0.707107 
0.707107 
1.000000 
1.000000 
2.061553 
2.061553 
0.000000 
0.000000 
0.500000 
0.500000 
1.581139 
1.581139 
2.000000 
2.000000 
0.707107 
0.707107 
0.500000 
0.500000 
0.500000 
0.500000 
1.802776 
1.802776 
0.500000 
0.500000 
0.000000 
0.000000 
0.500000 
0.500000 
1.118034 
1.118034 
1.581139 
1.581139 
3.162278 
3.162278 
1.500000 
1.500000 
0.500000 
0.500000 
1.118034 
1.118034 
2.000000 
2.000000 
1.118034 
1.118034 
2.061553 
2.061553 
0.500000 
0.500000 
1.118034 
1.118034 
1.500000 
1.500000 
1.414214 
1.414214 
6.576473 
6.576473 
0.500000 
0.500000 
1.118034 
1.118034 
11.597414 
11.597414 
3.000000 
3.000000 
2.000000 
2.000000 
0.500000 
0.500000 
6.000000 
6.000000 
1.414214 
1.414214 
4.500000 
4.500000 
