0.000000 
0.000000 
0.000000 
0.000000 
0.000000 
0.000000 
2.121320 
2.121320 
3.354102 
3.354102 
0.500000 
0.500000 
2.121320 
2.121320 
2.828427 
2.828427 
0.000000 
0.000000 
2.000000 
2.000000 
2.121320 
2.121320 
0.000000 
0.000000 
3.000000 
3.000000 
2.061553 
2.061553 
0.707107 
0.707107 
3.000000 
3.000000 
20.303941 
20.303941 
1.118034 
1.118034 
3.000000 
3.000000 
1.414214 
1.414214 
2.549510 
2.549510 
3.000000 
3.000000 
0.500000 
0.500000 
2.549510 
2.549510 
3.000000 
3.000000 
1.118034 
1.118034 
2.000000 
2.000000 
7.632169 
7.632169 
19.026298 
19.026298 
1.000000 
1.000000 
1.581139 
1.581139 
1.414214 
1.414214 
11.510864 
11.510864 
0.500000 
0.500000 
2.121320 
2.121320 
0.000000 
0.000000 
2.915476 
2.915476 
11.543396 
11.543396 
0.500000 
0.500000 
1.414214 
1.414214 
1.802776 
1.802776 
0.500000 
0.500000 
1.802776 
1.802776 
1.581139 
1.581139 
0.500000 
0.500000 
1.000000 
1.000000 
1.500000 
1.500000 
0.000000 
0.000000 
1.000000 
1.000000 
3.041381 
3.041381 
0.500000 
0.500000 
1.000000 
1.000000 
17.007351 
17.007351 
0.500000 
0.500000 
1.000000 
1.000000 
1.118034 
1.118034 
0.500000 
0.500000 
1.000000 
1.000000 
1.118034 
1.118034 
0.500000 
0.500000 
11.412712 
11.412712 
2.500000 
2.500000 
0.707107 
0.707107 
11.412712 
11.412712 
10.965856 
10.965856 
0.707107 
0.707107 
11.412712 
11.412712 
10.440307 
10.440307 
0.500000 
0.500000 
11.412712 
11.412712 
0.000000 
0.000000 
1.000000 
1.000000 
11.412712 
11.412712 
1.414214 
1.414214 
1.000000 
1.000000 
0.000000 
0.000000 
11.412712 
11.412712 
1.414214 
1.414214 
11.101802 
11.101802 
0.000000 
0.000000 
17.117243 
17.117243 
11.412712 
11.412712 
2.000000 
2.000000 
1.000000 
1.000000 
1.581139 
1.581139 
4.609772 
4.609772 
11.412712 
11.412712 
10.594810 
10.594810 
1.118034 
1.118034 
7.017834 
7.017834 
6.500000 
6.500000 
11.412712 
11.412712 
1.802776 
1.802776 
1.581139 
1.581139 
0.000000 
0.000000 
4.527693 
4.527693 
11.412712 
11.412712 
1.581139 
1.581139 
1.118034 
1.118034 
1.118034 
1.118034 
10.500000 
10.500000 
11.412712 
11.412712 
1.581139 
1.581139 
1.500000 
1.500000 
1.581139 
1.581139 
5.024938 
5.024938 
11.412712 
11.412712 
8.015610 
8.015610 
6.082763 
6.082763 
1.581139 
1.581139 
6.000000 
6.000000 
11.412712 
11.412712 
2.915476 
2.915476 
2.000000 
2.000000 
1.581139 
1.581139 
5.099020 
5.099020 
11.412712 
11.412712 
1.802776 
1.802776 
2.549510 
2.549510 
1.581139 
1.581139 
10.049876 
10.049876 
11.412712 
11.412712 
0.707107 
0.707107 
0.707107 
0.707107 
1.581139 
1.581139 
3.041381 
3.041381 
0.707107 
0.707107 
0.707107 
0.707107 
1.581139 
1.581139 
3.162278 
3.162278 
1.000000 
1.000000 
1.000000 
1.000000 
1.581139 
1.581139 
5.500000 
5.500000 
2.061553 
2.061553 
11.101802 
11.101802 
1.581139 
1.581139 
4.500000 
4.500000 
2.061553 
2.061553 
2.000000 
2.000000 
