0.000000 
0.000000 
2.236068 
2.236068 
2.236068 
2.236068 
2.236068 
2.236068 
2.236068 
2.236068 
2.236068 
2.236068 
2.236068 
2.236068 
2.236068 
2.236068 
2.236068 
2.236068 
2.236068 
2.236068 
2.236068 
2.236068 
2.236068 
2.236068 
14.396180 
14.396180 
1.802776 
1.802776 
1.802776 
1.802776 
1.802776 
1.802776 
1.802776 
1.802776 
1.802776 
1.802776 
1.802776 
1.802776 
1.802776 
1.802776 
1.802776 
1.802776 
1.802776 
1.802776 
1.802776 
1.802776 
1.802776 
1.802776 
0.000000 
0.000000 
1.802776 
1.802776 
1.802776 
1.802776 
1.802776 
1.802776 
3.041381 
3.041381 
1.802776 
1.802776 
3.535534 
3.535534 
1.802776 
1.802776 
2.828427 
2.828427 
1.581139 
1.581139 
2.000000 
2.000000 
3.201562 
3.201562 
3.201562 
3.201562 
23.584953 
23.584953 
4.609772 
4.609772 
4.609772 
4.609772 
4.609772 
4.609772 
25.317978 
25.317978 
2.692582 
2.692582 
