0.000000 
0.000000 
3.041381 
3.041381 
10.012492 
10.012492 
1.802776 
1.802776 
2.121320 
2.121320 
0.707107 
0.707107 
0.000000 
0.000000 
0.500000 
0.500000 
4.123106 
4.123106 
1.118034 
1.118034 
1.500000 
1.500000 
1.500000 
1.500000 
1.500000 
1.500000 
1.500000 
1.500000 
1.500000 
1.500000 
1.500000 
1.500000 
1.500000 
1.500000 
1.500000 
1.500000 
1.500000 
1.500000 
1.500000 
1.500000 
1.500000 
1.500000 
1.500000 
1.500000 
0.000000 
0.000000 
1.500000 
1.500000 
3.201562 
3.201562 
1.500000 
1.500000 
1.581139 
1.581139 
1.500000 
1.500000 
2.061553 
2.061553 
1.500000 
1.500000 
2.061553 
2.061553 
2.061553 
2.061553 
2.061553 
2.061553 
0.000000 
0.000000 
2.061553 
2.061553 
0.000000 
0.000000 
26.730133 
26.730133 
0.000000 
0.000000 
0.500000 
0.500000 
0.000000 
0.000000 
1.118034 
1.118034 
0.000000 
0.000000 
0.000000 
0.000000 
33.500000 
33.500000 
3.201562 
3.201562 
16.977927 
16.977927 
0.707107 
0.707107 
3.354102 
3.354102 
3.162278 
3.162278 
2.061553 
2.061553 
9.124144 
9.124144 
3.162278 
3.162278 
2.500000 
2.500000 
1.802776 
1.802776 
3.162278 
3.162278 
3.041381 
3.041381 
6.020797 
6.020797 
3.162278 
3.162278 
29.769951 
29.769951 
