0.000000 
0.000000 
0.000000 
0.000000 
0.000000 
0.000000 
3.201562 
3.201562 
0.000000 
0.000000 
18.248288 
18.248288 
0.000000 
0.000000 
18.248288 
18.248288 
32.140317 
32.140317 
18.248288 
18.248288 
3.905125 
3.905125 
18.248288 
18.248288 
14.008926 
14.008926 
18.248288 
18.248288 
12.000000 
12.000000 
18.248288 
18.248288 
17.066048 
17.066048 
18.248288 
18.248288 
3.201562 
3.201562 
18.248288 
18.248288 
19.006578 
19.006578 
18.248288 
18.248288 
2.500000 
2.500000 
18.248288 
18.248288 
17.029386 
17.029386 
18.248288 
18.248288 
5.590170 
5.590170 
18.248288 
18.248288 
5.024938 
5.024938 
18.248288 
18.248288 
5.024938 
5.024938 
18.248288 
18.248288 
5.024938 
5.024938 
18.248288 
18.248288 
5.024938 
5.024938 
5.024938 
5.024938 
5.024938 
5.024938 
5.024938 
5.024938 
5.024938 
5.024938 
5.024938 
5.024938 
0.000000 
0.000000 
5.024938 
5.024938 
6.103278 
6.103278 
5.024938 
5.024938 
18.110770 
18.110770 
5.024938 
5.024938 
18.110770 
18.110770 
5.024938 
5.024938 
18.110770 
18.110770 
5.024938 
5.024938 
18.110770 
18.110770 
5.024938 
5.024938 
7.648529 
7.648529 
3.041381 
3.041381 
2.500000 
2.500000 
1.000000 
1.000000 
2.828427 
2.828427 
0.000000 
0.000000 
30.700163 
30.700163 
16.070159 
16.070159 
2.549510 
2.549510 
2.549510 
2.549510 
1.802776 
1.802776 
3.807887 
3.807887 
1.581139 
1.581139 
14.115594 
14.115594 
9.500000 
9.500000 
