0.000000 
0.000000 
0.000000 
0.000000 
0.000000 
0.000000 
0.000000 
0.000000 
0.000000 
0.000000 
0.000000 
0.000000 
0.000000 
0.000000 
0.000000 
0.000000 
0.000000 
0.000000 
0.000000 
0.000000 
0.000000 
0.000000 
1.118034 
1.118034 
0.000000 
0.000000 
0.000000 
0.000000 
1.118034 
1.118034 
0.000000 
0.000000 
0.000000 
0.000000 
1.118034 
1.118034 
0.000000 
0.000000 
0.000000 
0.000000 
1.118034 
1.118034 
23.963514 
23.963514 
0.000000 
0.000000 
1.118034 
1.118034 
2.121320 
2.121320 
0.000000 
0.000000 
1.118034 
1.118034 
2.500000 
2.500000 
0.000000 
0.000000 
1.118034 
1.118034 
5.147815 
5.147815 
0.000000 
0.000000 
1.118034 
1.118034 
24.682990 
24.682990 
0.000000 
0.000000 
1.118034 
1.118034 
25.500000 
25.500000 
0.000000 
0.000000 
1.118034 
1.118034 
3.000000 
3.000000 
1.118034 
1.118034 
22.005681 
22.005681 
1.118034 
1.118034 
3.605551 
3.605551 
1.118034 
1.118034 
26.019224 
26.019224 
1.118034 
1.118034 
33.094561 
33.094561 
1.118034 
1.118034 
3.162278 
3.162278 
1.118034 
1.118034 
2.121320 
2.121320 
1.500000 
1.500000 
2.692582 
2.692582 
1.000000 
1.000000 
21.005952 
21.005952 
3.807887 
3.807887 
3.807887 
3.807887 
3.807887 
3.807887 
0.000000 
0.000000 
3.807887 
3.807887 
1.581139 
1.581139 
3.807887 
3.807887 
1.581139 
1.581139 
3.807887 
3.807887 
1.581139 
1.581139 
3.807887 
3.807887 
1.581139 
1.581139 
3.807887 
3.807887 
1.581139 
1.581139 
3.807887 
3.807887 
1.581139 
1.581139 
3.807887 
3.807887 
1.581139 
1.581139 
3.807887 
3.807887 
0.000000 
0.000000 
1.581139 
1.581139 
3.807887 
3.807887 
24.520400 
24.520400 
1.581139 
1.581139 
3.807887 
3.807887 
