0.000000 
0.000000 
0.000000 
0.000000 
0.000000 
0.000000 
1.581139 
1.581139 
0.707107 
0.707107 
1.118034 
1.118034 
0.500000 
0.500000 
0.707107 
0.707107 
2.061553 
2.061553 
0.500000 
0.500000 
0.707107 
0.707107 
3.201562 
3.201562 
1.118034 
1.118034 
0.707107 
0.707107 
11.236103 
11.236103 
2.549510 
2.549510 
0.707107 
0.707107 
14.035669 
14.035669 
2.549510 
2.549510 
0.707107 
0.707107 
2.500000 
2.500000 
2.549510 
2.549510 
0.707107 
0.707107 
0.707107 
0.707107 
2.549510 
2.549510 
0.707107 
0.707107 
1.414214 
1.414214 
2.549510 
2.549510 
0.707107 
0.707107 
0.000000 
0.000000 
2.500000 
2.500000 
2.549510 
2.549510 
0.707107 
0.707107 
0.000000 
0.000000 
3.605551 
3.605551 
2.549510 
2.549510 
0.707107 
0.707107 
0.000000 
0.000000 
2.549510 
2.549510 
2.549510 
2.549510 
0.707107 
0.707107 
0.000000 
0.000000 
2.828427 
2.828427 
2.549510 
2.549510 
0.707107 
0.707107 
0.000000 
0.000000 
1.414214 
1.414214 
2.549510 
2.549510 
0.707107 
0.707107 
0.000000 
0.000000 
21.360009 
21.360009 
2.549510 
2.549510 
0.707107 
0.707107 
0.000000 
0.000000 
3.535534 
3.535534 
2.549510 
2.549510 
0.707107 
0.707107 
0.000000 
0.000000 
19.059119 
19.059119 
2.549510 
2.549510 
0.000000 
0.000000 
16.401219 
16.401219 
2.549510 
2.549510 
0.000000 
0.000000 
5.024938 
5.024938 
2.549510 
2.549510 
0.000000 
0.000000 
6.800735 
6.800735 
0.000000 
0.000000 
6.800735 
6.800735 
0.000000 
0.000000 
6.800735 
6.800735 
17.755281 
17.755281 
6.800735 
6.800735 
5.590170 
5.590170 
6.800735 
6.800735 
3.605551 
3.605551 
6.800735 
6.800735 
1.414214 
1.414214 
6.800735 
6.800735 
1.414214 
1.414214 
6.800735 
6.800735 
1.414214 
1.414214 
6.800735 
6.800735 
1.414214 
1.414214 
6.800735 
6.800735 
1.414214 
1.414214 
6.800735 
6.800735 
1.414214 
1.414214 
6.800735 
6.800735 
0.000000 
0.000000 
0.000000 
0.000000 
3.041381 
3.041381 
6.800735 
6.800735 
3.162278 
3.162278 
1.118034 
1.118034 
28.609439 
28.609439 
6.800735 
6.800735 
12.041595 
12.041595 
1.500000 
1.500000 
17.182840 
17.182840 
6.800735 
6.800735 
0.707107 
0.707107 
5.500000 
5.500000 
2.549510 
2.549510 
2.061553 
2.061553 
1.581139 
1.581139 
3.535534 
3.535534 
2.061553 
2.061553 
2.692582 
2.692582 
3.535534 
3.535534 
2.000000 
2.000000 
0.707107 
0.707107 
3.535534 
3.535534 
