0.000000 
0.000000 
0.000000 
0.000000 
3.640055 
3.640055 
3.000000 
3.000000 
3.354102 
3.354102 
2.500000 
2.500000 
3.041381 
3.041381 
2.549510 
2.549510 
12.349089 
12.349089 
1.000000 
1.000000 
12.165525 
12.165525 
0.000000 
0.000000 
0.500000 
0.500000 
1.802776 
1.802776 
1.581139 
1.581139 
0.000000 
0.000000 
2.236068 
2.236068 
1.581139 
1.581139 
0.707107 
0.707107 
2.121320 
2.121320 
1.581139 
1.581139 
0.707107 
0.707107 
2.828427 
2.828427 
1.581139 
1.581139 
0.707107 
0.707107 
1.000000 
1.000000 
1.581139 
1.581139 
0.000000 
0.000000 
0.707107 
0.707107 
1.118034 
1.118034 
1.581139 
1.581139 
1.802776 
1.802776 
0.707107 
0.707107 
1.118034 
1.118034 
1.581139 
1.581139 
1.500000 
1.500000 
0.707107 
0.707107 
0.500000 
0.500000 
1.581139 
1.581139 
2.236068 
2.236068 
0.707107 
0.707107 
1.000000 
1.000000 
1.581139 
1.581139 
1.581139 
1.581139 
0.707107 
0.707107 
0.500000 
0.500000 
1.581139 
1.581139 
10.920165 
10.920165 
0.707107 
0.707107 
0.500000 
0.500000 
1.581139 
1.581139 
0.000000 
0.000000 
21.023796 
21.023796 
0.707107 
0.707107 
1.000000 
1.000000 
1.581139 
1.581139 
15.532225 
15.532225 
3.000000 
3.000000 
0.707107 
0.707107 
1.118034 
1.118034 
1.581139 
1.581139 
3.041381 
3.041381 
3.535534 
3.535534 
0.707107 
0.707107 
0.500000 
0.500000 
1.581139 
1.581139 
8.000000 
8.000000 
1.500000 
1.500000 
0.707107 
0.707107 
0.500000 
0.500000 
1.581139 
1.581139 
1.500000 
1.500000 
1.500000 
1.500000 
0.707107 
0.707107 
1.118034 
1.118034 
1.500000 
1.500000 
1.500000 
1.500000 
0.707107 
0.707107 
1.118034 
1.118034 
1.500000 
1.500000 
1.500000 
1.500000 
1.000000 
1.000000 
9.124144 
9.124144 
6.020797 
6.020797 
2.500000 
2.500000 
9.124144 
9.124144 
2.500000 
2.500000 
4.031129 
4.031129 
9.124144 
9.124144 
3.535534 
3.535534 
3.535534 
3.535534 
9.124144 
9.124144 
16.031220 
16.031220 
2.500000 
2.500000 
0.000000 
0.000000 
9.124144 
9.124144 
1.118034 
1.118034 
7.158911 
7.158911 
9.219544 
9.219544 
9.124144 
9.124144 
3.354102 
3.354102 
1.581139 
1.581139 
7.648529 
7.648529 
9.124144 
9.124144 
2.500000 
2.500000 
1.118034 
1.118034 
7.516648 
7.516648 
9.124144 
9.124144 
2.500000 
2.500000 
0.707107 
0.707107 
1.802776 
1.802776 
9.124144 
9.124144 
9.192388 
9.192388 
0.500000 
0.500000 
1.802776 
1.802776 
9.124144 
9.124144 
1.000000 
1.000000 
2.121320 
2.121320 
1.802776 
1.802776 
9.124144 
9.124144 
1.000000 
1.000000 
1.000000 
1.000000 
1.802776 
1.802776 
9.124144 
9.124144 
1.000000 
1.000000 
1.500000 
1.500000 
1.802776 
1.802776 
9.124144 
9.124144 
1.000000 
1.000000 
1.118034 
1.118034 
1.802776 
1.802776 
9.124144 
9.124144 
1.000000 
1.000000 
6.000000 
6.000000 
