0.000000 
0.000000 
26.162951 
26.162951 
3.807887 
3.807887 
1.000000 
1.000000 
0.000000 
0.000000 
1.000000 
1.000000 
0.000000 
0.000000 
1.000000 
1.000000 
0.000000 
0.000000 
1.000000 
1.000000 
0.000000 
0.000000 
14.500000 
14.500000 
0.000000 
0.000000 
0.500000 
0.500000 
0.000000 
0.000000 
14.577380 
14.577380 
0.000000 
0.000000 
5.700877 
5.700877 
0.000000 
0.000000 
2.692582 
2.692582 
0.000000 
0.000000 
1.414214 
1.414214 
0.000000 
0.000000 
4.272002 
4.272002 
0.000000 
0.000000 
0.000000 
0.000000 
4.272002 
4.272002 
2.000000 
2.000000 
0.000000 
0.000000 
4.272002 
4.272002 
1.802776 
1.802776 
0.000000 
0.000000 
20.988092 
20.988092 
1.802776 
1.802776 
0.000000 
0.000000 
17.564168 
17.564168 
1.118034 
1.118034 
0.000000 
0.000000 
0.707107 
0.707107 
9.000000 
9.000000 
4.031129 
4.031129 
1.500000 
1.500000 
1.581139 
1.581139 
0.000000 
0.000000 
2.061553 
2.061553 
0.500000 
0.500000 
0.500000 
0.500000 
0.707107 
0.707107 
2.000000 
2.000000 
1.000000 
1.000000 
1.581139 
1.581139 
1.000000 
1.000000 
13.000000 
13.000000 
0.707107 
0.707107 
2.000000 
2.000000 
1.118034 
1.118034 
3.000000 
3.000000 
1.000000 
1.000000 
4.527693 
4.527693 
1.000000 
1.000000 
4.000000 
4.000000 
5.522681 
5.522681 
2.549510 
2.549510 
0.500000 
0.500000 
1.500000 
1.500000 
0.500000 
0.500000 
10.511898 
10.511898 
2.000000 
2.000000 
1.414214 
1.414214 
2.000000 
2.000000 
9.513149 
9.513149 
0.000000 
0.000000 
1.414214 
1.414214 
1.802776 
1.802776 
0.000000 
0.000000 
0.500000 
0.500000 
3.640055 
3.640055 
0.707107 
0.707107 
0.707107 
0.707107 
4.609772 
4.609772 
1.000000 
1.000000 
1.500000 
1.500000 
3.535534 
3.535534 
