0.000000 
0.000000 
1.802776 
1.802776 
28.004464 
28.004464 
4.031129 
4.031129 
2.692582 
2.692582 
2.061553 
2.061553 
2.061553 
2.061553 
2.061553 
2.061553 
2.061553 
2.061553 
2.061553 
2.061553 
27.518176 
27.518176 
4.472136 
4.472136 
4.472136 
4.472136 
0.000000 
0.000000 
4.472136 
4.472136 
5.099020 
5.099020 
4.472136 
4.472136 
5.099020 
5.099020 
4.472136 
4.472136 
0.000000 
0.000000 
3.041381 
3.041381 
4.472136 
4.472136 
4.743416 
4.743416 
1.118034 
1.118034 
4.472136 
4.472136 
2.000000 
2.000000 
8.732125 
8.732125 
4.472136 
4.472136 
0.000000 
0.000000 
11.236103 
11.236103 
8.732125 
8.732125 
4.472136 
4.472136 
0.707107 
0.707107 
4.123106 
4.123106 
8.732125 
8.732125 
4.472136 
4.472136 
1.118034 
1.118034 
2.915476 
2.915476 
8.732125 
8.732125 
4.472136 
4.472136 
2.500000 
2.500000 
1.118034 
1.118034 
8.732125 
8.732125 
4.472136 
4.472136 
17.117243 
17.117243 
2.549510 
2.549510 
8.732125 
8.732125 
4.472136 
4.472136 
3.640055 
3.640055 
1.000000 
1.000000 
8.732125 
8.732125 
4.472136 
4.472136 
3.807887 
3.807887 
1.000000 
1.000000 
8.732125 
8.732125 
4.472136 
4.472136 
1.581139 
1.581139 
1.000000 
1.000000 
8.732125 
8.732125 
1.581139 
1.581139 
1.000000 
1.000000 
8.732125 
8.732125 
1.581139 
1.581139 
1.000000 
1.000000 
8.732125 
8.732125 
29.038767 
29.038767 
1.000000 
1.000000 
8.732125 
8.732125 
1.500000 
1.500000 
1.000000 
1.000000 
8.732125 
8.732125 
1.500000 
1.500000 
1.000000 
1.000000 
8.732125 
8.732125 
1.500000 
1.500000 
1.000000 
1.000000 
8.732125 
8.732125 
1.500000 
1.500000 
1.000000 
1.000000 
1.500000 
1.500000 
1.000000 
1.000000 
1.500000 
1.500000 
1.000000 
1.000000 
20.718349 
20.718349 
1.000000 
1.000000 
1.581139 
1.581139 
1.000000 
1.000000 
3.162278 
3.162278 
1.000000 
1.000000 
