0.000000 
0.000000 
3.535534 
3.535534 
15.074813 
15.074813 
0.707107 
0.707107 
1.802776 
1.802776 
9.552487 
9.552487 
2.236068 
2.236068 
4.272002 
4.272002 
3.500000 
3.500000 
2.549510 
2.549510 
1.581139 
1.581139 
3.000000 
3.000000 
20.651876 
20.651876 
2.061553 
2.061553 
0.500000 
0.500000 
1.000000 
1.000000 
17.262677 
17.262677 
1.500000 
1.500000 
2.236068 
2.236068 
1.118034 
1.118034 
1.118034 
1.118034 
1.118034 
1.118034 
17.564168 
17.564168 
4.272002 
4.272002 
3.605551 
3.605551 
2.500000 
2.500000 
2.500000 
2.500000 
1.000000 
1.000000 
8.246211 
8.246211 
1.500000 
1.500000 
1.000000 
1.000000 
3.201562 
3.201562 
0.000000 
0.000000 
1.118034 
1.118034 
3.041381 
3.041381 
0.707107 
0.707107 
3.041381 
3.041381 
0.500000 
0.500000 
3.041381 
3.041381 
18.000000 
18.000000 
3.041381 
3.041381 
20.006249 
20.006249 
3.041381 
3.041381 
3.041381 
3.041381 
3.041381 
3.041381 
2.549510 
2.549510 
