0.000000 
0.000000 
0.000000 
0.000000 
18.384776 
18.384776 
0.000000 
0.000000 
0.707107 
0.707107 
0.000000 
0.000000 
1.118034 
1.118034 
0.000000 
0.000000 
1.414214 
1.414214 
0.000000 
0.000000 
9.962429 
9.962429 
0.000000 
0.000000 
3.000000 
3.000000 
0.000000 
0.000000 
1.118034 
1.118034 
0.000000 
0.000000 
2.061553 
2.061553 
0.000000 
0.000000 
1.581139 
1.581139 
0.000000 
0.000000 
16.007811 
16.007811 
0.000000 
0.000000 
5.220153 
5.220153 
0.000000 
0.000000 
5.315073 
5.315073 
0.000000 
0.000000 
17.182840 
17.182840 
0.000000 
0.000000 
1.802776 
1.802776 
0.000000 
0.000000 
1.414214 
1.414214 
14.080128 
14.080128 
3.354102 
3.354102 
6.103278 
6.103278 
5.315073 
5.315073 
23.005434 
23.005434 
4.609772 
4.609772 
0.000000 
0.000000 
5.852350 
5.852350 
6.576473 
6.576473 
18.527007 
18.527007 
14.500000 
14.500000 
1.802776 
1.802776 
4.609772 
4.609772 
1.581139 
1.581139 
5.590170 
5.590170 
1.414214 
1.414214 
4.123106 
4.123106 
1.000000 
1.000000 
4.123106 
4.123106 
16.507574 
16.507574 
24.020824 
24.020824 
15.532225 
15.532225 
0.000000 
0.000000 
5.522681 
5.522681 
20.524376 
20.524376 
2.061553 
2.061553 
5.522681 
5.522681 
3.354102 
3.354102 
2.236068 
2.236068 
5.522681 
5.522681 
14.080128 
14.080128 
1.581139 
1.581139 
5.522681 
5.522681 
25.243811 
25.243811 
1.414214 
1.414214 
5.522681 
5.522681 
1.802776 
1.802776 
1.414214 
1.414214 
5.522681 
5.522681 
0.707107 
0.707107 
1.414214 
1.414214 
5.522681 
5.522681 
0.707107 
0.707107 
5.220153 
5.220153 
5.522681 
5.522681 
0.707107 
0.707107 
3.041381 
3.041381 
5.522681 
5.522681 
0.707107 
0.707107 
