0.000000 
0.000000 
0.000000 
0.000000 
1.118034 
1.118034 
1.414214 
1.414214 
0.000000 
0.000000 
1.118034 
1.118034 
1.118034 
1.118034 
1.500000 
1.500000 
15.041609 
15.041609 
1.581139 
1.581139 
2.549510 
2.549510 
1.000000 
1.000000 
1.414214 
1.414214 
1.581139 
1.581139 
1.000000 
1.000000 
1.581139 
1.581139 
2.061553 
2.061553 
1.581139 
1.581139 
28.570089 
28.570089 
1.581139 
1.581139 
3.041381 
3.041381 
1.581139 
1.581139 
1.500000 
1.500000 
1.581139 
1.581139 
0.707107 
0.707107 
1.581139 
1.581139 
1.118034 
1.118034 
1.581139 
1.581139 
1.000000 
1.000000 
1.581139 
1.581139 
0.000000 
0.000000 
2.549510 
2.549510 
1.581139 
1.581139 
11.510864 
11.510864 
18.027756 
18.027756 
1.581139 
1.581139 
3.605551 
3.605551 
0.707107 
0.707107 
1.581139 
1.581139 
3.500000 
3.500000 
1.118034 
1.118034 
1.581139 
1.581139 
4.716991 
4.716991 
1.118034 
1.118034 
1.581139 
1.581139 
17.392527 
17.392527 
1.118034 
1.118034 
1.581139 
1.581139 
1.802776 
1.802776 
1.118034 
1.118034 
1.802776 
1.802776 
9.552487 
9.552487 
1.802776 
1.802776 
3.535534 
3.535534 
6.041523 
6.041523 
14.080128 
14.080128 
1.802776 
1.802776 
3.041381 
3.041381 
4.609772 
4.609772 
3.162278 
3.162278 
10.700467 
10.700467 
3.605551 
3.605551 
1.118034 
1.118034 
1.581139 
1.581139 
2.915476 
2.915476 
2.500000 
2.500000 
4.272002 
4.272002 
9.513149 
9.513149 
4.272002 
4.272002 
3.162278 
3.162278 
4.272002 
4.272002 
3.162278 
3.162278 
4.272002 
4.272002 
3.162278 
3.162278 
4.272002 
4.272002 
3.162278 
3.162278 
4.272002 
4.272002 
3.162278 
3.162278 
4.272002 
4.272002 
3.162278 
3.162278 
4.272002 
4.272002 
29.567719 
29.567719 
0.000000 
0.000000 
4.272002 
4.272002 
2.549510 
2.549510 
