0.000000 
0.000000 
0.000000 
0.000000 
0.000000 
0.000000 
6.500000 
6.500000 
17.007351 
17.007351 
3.500000 
3.500000 
1.500000 
1.500000 
3.535534 
3.535534 
3.535534 
3.535534 
2.500000 
2.500000 
4.472136 
4.472136 
2.500000 
2.500000 
2.061553 
2.061553 
4.301163 
4.301163 
10.198039 
10.198039 
2.061553 
2.061553 
18.006943 
18.006943 
1.581139 
1.581139 
2.061553 
2.061553 
1.500000 
1.500000 
2.692582 
2.692582 
2.061553 
2.061553 
0.707107 
0.707107 
2.061553 
2.061553 
2.061553 
2.061553 
1.581139 
1.581139 
2.549510 
2.549510 
1.581139 
1.581139 
2.500000 
2.500000 
2.121320 
2.121320 
0.500000 
0.500000 
2.500000 
2.500000 
1.118034 
1.118034 
1.500000 
1.500000 
1.118034 
1.118034 
0.707107 
0.707107 
1.581139 
1.581139 
0.707107 
0.707107 
0.500000 
0.500000 
2.549510 
2.549510 
19.811613 
19.811613 
1.000000 
1.000000 
2.549510 
2.549510 
1.581139 
1.581139 
1.000000 
1.000000 
5.024938 
5.024938 
0.500000 
0.500000 
3.000000 
3.000000 
2.061553 
2.061553 
2.236068 
2.236068 
23.584953 
23.584953 
3.500000 
3.500000 
2.061553 
2.061553 
18.560711 
18.560711 
2.549510 
2.549510 
14.577380 
14.577380 
15.628500 
15.628500 
5.099020 
5.099020 
1.414214 
1.414214 
2.692582 
2.692582 
1.581139 
1.581139 
0.000000 
0.000000 
2.915476 
2.915476 
1.500000 
1.500000 
0.000000 
0.000000 
2.915476 
2.915476 
2.061553 
2.061553 
0.000000 
0.000000 
2.236068 
2.236068 
2.061553 
2.061553 
0.000000 
0.000000 
2.500000 
2.500000 
2.061553 
2.061553 
0.000000 
0.000000 
17.117243 
17.117243 
2.061553 
2.061553 
0.000000 
0.000000 
2.236068 
2.236068 
2.061553 
2.061553 
0.000000 
0.000000 
23.759209 
23.759209 
2.061553 
2.061553 
0.000000 
0.000000 
2.121320 
2.121320 
2.061553 
2.061553 
0.000000 
0.000000 
2.061553 
2.061553 
2.061553 
2.061553 
0.000000 
0.000000 
0.707107 
0.707107 
2.061553 
2.061553 
0.000000 
0.000000 
2.549510 
2.549510 
2.061553 
2.061553 
0.000000 
0.000000 
0.500000 
0.500000 
2.061553 
2.061553 
0.000000 
0.000000 
4.031129 
4.031129 
2.061553 
2.061553 
0.000000 
0.000000 
1.802776 
1.802776 
2.061553 
2.061553 
24.824383 
24.824383 
1.802776 
1.802776 
2.061553 
2.061553 
3.041381 
3.041381 
1.802776 
1.802776 
2.061553 
2.061553 
2.549510 
2.549510 
1.802776 
1.802776 
1.414214 
1.414214 
1.802776 
1.802776 
2.692582 
2.692582 
1.802776 
1.802776 
