0.000000 
0.000000 
0.000000 
0.000000 
0.000000 
0.000000 
0.000000 
0.000000 
0.000000 
0.000000 
0.500000 
0.500000 
1.500000 
1.500000 
1.414214 
1.414214 
0.707107 
0.707107 
0.000000 
0.000000 
0.000000 
0.000000 
0.000000 
0.000000 
0.500000 
0.500000 
0.500000 
0.500000 
1.802776 
1.802776 
1.118034 
1.118034 
6.500000 
6.500000 
3.041381 
3.041381 
0.000000 
0.000000 
1.414214 
1.414214 
2.061553 
2.061553 
1.000000 
1.000000 
0.000000 
0.000000 
0.500000 
0.500000 
0.500000 
0.500000 
0.500000 
0.500000 
0.707107 
0.707107 
1.581139 
1.581139 
1.414214 
1.414214 
1.581139 
1.581139 
0.500000 
0.500000 
2.000000 
2.000000 
0.500000 
0.500000 
0.500000 
0.500000 
1.581139 
1.581139 
0.707107 
0.707107 
1.802776 
1.802776 
0.500000 
0.500000 
2.061553 
2.061553 
1.118034 
1.118034 
0.707107 
0.707107 
1.581139 
1.581139 
1.118034 
1.118034 
0.000000 
0.000000 
4.527693 
4.527693 
0.500000 
0.500000 
3.640055 
3.640055 
0.707107 
0.707107 
2.692582 
2.692582 
1.581139 
1.581139 
0.707107 
0.707107 
0.000000 
0.000000 
1.118034 
1.118034 
1.000000 
1.000000 
0.500000 
0.500000 
3.640055 
3.640055 
1.118034 
1.118034 
2.236068 
2.236068 
1.581139 
1.581139 
1.581139 
1.581139 
0.000000 
0.000000 
0.000000 
0.000000 
1.118034 
1.118034 
2.000000 
2.000000 
0.500000 
0.500000 
7.500000 
7.500000 
1.000000 
1.000000 
2.000000 
2.000000 
10.307764 
10.307764 
3.000000 
3.000000 
2.236068 
2.236068 
0.000000 
0.000000 
2.692582 
2.692582 
2.061553 
2.061553 
0.500000 
0.500000 
3.535534 
3.535534 
1.000000 
1.000000 
1.118034 
1.118034 
1.802776 
1.802776 
2.692582 
2.692582 
3.000000 
3.000000 
0.000000 
0.000000 
1.802776 
1.802776 
2.500000 
2.500000 
0.500000 
0.500000 
3.162278 
3.162278 
1.000000 
1.000000 
1.118034 
1.118034 
2.236068 
2.236068 
2.692582 
2.692582 
2.061553 
2.061553 
0.000000 
0.000000 
1.802776 
1.802776 
7.017834 
7.017834 
0.500000 
0.500000 
3.162278 
3.162278 
1.000000 
1.000000 
1.118034 
1.118034 
2.236068 
2.236068 
2.692582 
2.692582 
1.802776 
1.802776 
0.000000 
0.000000 
1.802776 
1.802776 
2.500000 
2.500000 
0.500000 
0.500000 
3.162278 
3.162278 
1.000000 
1.000000 
1.118034 
1.118034 
2.500000 
2.500000 
2.692582 
2.692582 
2.121320 
2.121320 
0.000000 
0.000000 
1.802776 
1.802776 
3.041381 
3.041381 
0.500000 
0.500000 
3.162278 
3.162278 
1.000000 
1.000000 
1.118034 
1.118034 
1.581139 
1.581139 
2.692582 
2.692582 
2.061553 
2.061553 
0.000000 
0.000000 
1.802776 
1.802776 
9.513149 
9.513149 
0.500000 
0.500000 
3.162278 
3.162278 
1.000000 
1.000000 
1.118034 
1.118034 
0.500000 
0.500000 
2.692582 
2.692582 
2.692582 
2.692582 
0.000000 
0.000000 
1.802776 
1.802776 
3.640055 
3.640055 
0.500000 
0.500000 
3.162278 
3.162278 
1.000000 
1.000000 
1.118034 
1.118034 
2.000000 
2.000000 
2.692582 
2.692582 
2.549510 
2.549510 
0.000000 
0.000000 
1.802776 
1.802776 
3.535534 
3.535534 
0.500000 
0.500000 
3.162278 
3.162278 
1.000000 
1.000000 
1.118034 
1.118034 
17.066048 
17.066048 
2.692582 
2.692582 
2.915476 
2.915476 
0.000000 
0.000000 
1.802776 
1.802776 
7.516648 
7.516648 
0.500000 
0.500000 
3.162278 
3.162278 
1.000000 
1.000000 
1.118034 
1.118034 
8.077747 
8.077747 
2.692582 
2.692582 
0.000000 
0.000000 
1.414214 
1.414214 
0.000000 
0.000000 
1.802776 
1.802776 
3.500000 
3.500000 
3.162278 
3.162278 
1.000000 
1.000000 
1.118034 
1.118034 
3.000000 
3.000000 
2.692582 
2.692582 
0.000000 
0.000000 
3.640055 
3.640055 
2.500000 
2.500000 
0.000000 
0.000000 
1.802776 
1.802776 
2.549510 
2.549510 
3.162278 
3.162278 
1.000000 
1.000000 
1.118034 
1.118034 
1.581139 
1.581139 
2.692582 
2.692582 
0.000000 
0.000000 
7.516648 
7.516648 
2.061553 
2.061553 
0.000000 
0.000000 
1.802776 
1.802776 
1.000000 
1.000000 
3.162278 
3.162278 
1.000000 
1.000000 
1.118034 
1.118034 
0.000000 
0.000000 
2.692582 
2.692582 
0.000000 
0.000000 
3.000000 
3.000000 
4.301163 
4.301163 
0.000000 
0.000000 
1.802776 
1.802776 
5.024938 
5.024938 
3.162278 
3.162278 
1.000000 
1.000000 
1.118034 
1.118034 
0.707107 
0.707107 
2.692582 
2.692582 
0.000000 
0.000000 
3.535534 
3.535534 
1.581139 
1.581139 
1.802776 
1.802776 
1.500000 
1.500000 
3.162278 
3.162278 
1.000000 
1.000000 
1.118034 
1.118034 
1.118034 
1.118034 
2.692582 
2.692582 
0.000000 
0.000000 
8.015610 
8.015610 
3.162278 
3.162278 
1.802776 
1.802776 
2.549510 
2.549510 
3.162278 
3.162278 
1.000000 
1.000000 
1.118034 
1.118034 
0.707107 
0.707107 
2.692582 
2.692582 
0.000000 
0.000000 
2.549510 
2.549510 
2.121320 
2.121320 
1.802776 
1.802776 
1.581139 
1.581139 
3.162278 
3.162278 
0.000000 
0.000000 
0.000000 
0.000000 
3.041381 
3.041381 
4.527693 
4.527693 
1.118034 
1.118034 
0.000000 
0.000000 
0.000000 
0.000000 
2.061553 
2.061553 
1.118034 
1.118034 
0.707107 
0.707107 
0.707107 
0.707107 
0.000000 
0.000000 
4.527693 
4.527693 
1.000000 
1.000000 
1.802776 
1.802776 
1.000000 
1.000000 
0.000000 
0.000000 
1.581139 
1.581139 
1.118034 
1.118034 
1.581139 
1.581139 
8.732125 
8.732125 
0.000000 
0.000000 
1.000000 
1.000000 
0.000000 
0.000000 
2.549510 
2.549510 
1.000000 
1.000000 
0.000000 
0.000000 
0.000000 
0.000000 
1.000000 
1.000000 
1.118034 
1.118034 
1.581139 
1.581139 
2.061553 
2.061553 
0.000000 
0.000000 
0.000000 
0.000000 
0.000000 
0.000000 
1.000000 
1.000000 
1.118034 
1.118034 
1.581139 
1.581139 
0.000000 
0.000000 
0.500000 
0.500000 
0.000000 
0.000000 
0.500000 
0.500000 
0.500000 
0.500000 
5.099020 
5.099020 
1.000000 
1.000000 
0.000000 
0.000000 
0.000000 
0.000000 
0.707107 
0.707107 
0.000000 
0.000000 
0.500000 
0.500000 
2.500000 
2.500000 
1.802776 
1.802776 
6.082763 
6.082763 
1.000000 
1.000000 
0.000000 
0.000000 
0.500000 
0.500000 
0.500000 
0.500000 
1.118034 
1.118034 
2.000000 
2.000000 
7.566373 
7.566373 
1.000000 
1.000000 
0.500000 
0.500000 
0.500000 
0.500000 
1.118034 
1.118034 
0.500000 
0.500000 
2.061553 
2.061553 
1.802776 
1.802776 
0.707107 
0.707107 
1.118034 
1.118034 
1.118034 
1.118034 
0.500000 
0.500000 
0.500000 
0.500000 
2.061553 
2.061553 
1.581139 
1.581139 
1.118034 
1.118034 
0.000000 
0.000000 
1.118034 
1.118034 
1.118034 
1.118034 
1.118034 
1.118034 
1.802776 
1.802776 
1.000000 
1.000000 
