0.000000 
0.000000 
0.000000 
0.000000 
0.000000 
0.000000 
0.000000 
0.000000 
0.000000 
0.000000 
0.000000 
0.000000 
0.000000 
0.000000 
0.000000 
0.000000 
0.000000 
0.000000 
0.000000 
0.000000 
0.000000 
0.000000 
0.000000 
0.000000 
0.000000 
0.000000 
7.433034 
7.433034 
1.000000 
1.000000 
0.500000 
0.500000 
1.118034 
1.118034 
0.707107 
0.707107 
0.500000 
0.500000 
1.000000 
1.000000 
0.000000 
0.000000 
1.118034 
1.118034 
0.707107 
0.707107 
0.707107 
0.707107 
0.500000 
0.500000 
1.581139 
1.581139 
2.549510 
2.549510 
4.031129 
4.031129 
1.000000 
1.000000 
5.000000 
5.000000 
0.000000 
0.000000 
0.500000 
0.500000 
1.118034 
1.118034 
4.031129 
4.031129 
0.500000 
0.500000 
0.000000 
0.000000 
0.500000 
0.500000 
1.500000 
1.500000 
0.500000 
0.500000 
0.707107 
0.707107 
1.000000 
1.000000 
0.000000 
0.000000 
1.000000 
1.000000 
1.000000 
1.000000 
1.118034 
1.118034 
0.500000 
0.500000 
1.000000 
1.000000 
0.500000 
0.500000 
0.500000 
0.500000 
0.500000 
0.500000 
0.707107 
0.707107 
0.500000 
0.500000 
0.500000 
0.500000 
0.500000 
0.500000 
0.500000 
0.500000 
0.707107 
0.707107 
1.118034 
1.118034 
0.000000 
0.000000 
0.000000 
0.000000 
8.558621 
8.558621 
1.000000 
1.000000 
1.581139 
1.581139 
1.000000 
1.000000 
0.707107 
0.707107 
0.000000 
0.000000 
0.500000 
0.500000 
0.500000 
0.500000 
1.118034 
1.118034 
0.000000 
0.000000 
1.118034 
1.118034 
4.272002 
4.272002 
0.707107 
0.707107 
0.000000 
0.000000 
5.000000 
5.000000 
1.414214 
1.414214 
1.000000 
1.000000 
1.118034 
1.118034 
0.500000 
0.500000 
0.500000 
0.500000 
1.000000 
1.000000 
0.000000 
0.000000 
2.121320 
2.121320 
1.118034 
1.118034 
2.000000 
2.000000 
1.581139 
1.581139 
1.118034 
1.118034 
1.118034 
1.118034 
1.000000 
1.000000 
1.000000 
1.000000 
2.061553 
2.061553 
0.707107 
0.707107 
0.500000 
0.500000 
2.061553 
2.061553 
0.000000 
0.000000 
2.121320 
2.121320 
11.884864 
11.884864 
2.692582 
2.692582 
2.000000 
2.000000 
1.118034 
1.118034 
6.964194 
6.964194 
0.707107 
0.707107 
1.000000 
1.000000 
2.500000 
2.500000 
2.000000 
2.000000 
5.590170 
5.590170 
2.061553 
2.061553 
0.000000 
0.000000 
2.121320 
2.121320 
1.118034 
1.118034 
2.692582 
2.692582 
3.041381 
3.041381 
1.118034 
1.118034 
3.000000 
3.000000 
0.500000 
0.500000 
1.000000 
1.000000 
2.000000 
2.000000 
1.581139 
1.581139 
7.017834 
7.017834 
6.020797 
6.020797 
0.500000 
0.500000 
2.121320 
2.121320 
1.118034 
1.118034 
2.692582 
2.692582 
8.558621 
8.558621 
1.118034 
1.118034 
9.513149 
9.513149 
1.414214 
1.414214 
1.000000 
1.000000 
8.631338 
8.631338 
9.000000 
9.000000 
6.708204 
6.708204 
2.000000 
2.000000 
8.015610 
8.015610 
2.121320 
2.121320 
1.118034 
1.118034 
2.692582 
2.692582 
8.558621 
8.558621 
1.118034 
1.118034 
3.500000 
3.500000 
2.692582 
2.692582 
1.000000 
1.000000 
2.500000 
2.500000 
9.000000 
9.000000 
3.162278 
3.162278 
3.500000 
3.500000 
2.549510 
2.549510 
2.121320 
2.121320 
1.118034 
1.118034 
2.692582 
2.692582 
8.558621 
8.558621 
1.118034 
1.118034 
3.500000 
3.500000 
2.000000 
2.000000 
1.000000 
1.000000 
10.049876 
10.049876 
9.000000 
9.000000 
9.552487 
9.552487 
3.041381 
3.041381 
2.549510 
2.549510 
0.000000 
0.000000 
0.000000 
0.000000 
0.000000 
0.000000 
2.121320 
2.121320 
1.118034 
1.118034 
2.692582 
2.692582 
8.558621 
8.558621 
1.118034 
1.118034 
3.500000 
3.500000 
17.677670 
17.677670 
1.000000 
1.000000 
3.162278 
3.162278 
9.000000 
9.000000 
2.500000 
2.500000 
6.082763 
6.082763 
7.516648 
7.516648 
0.000000 
0.000000 
2.828427 
2.828427 
3.000000 
3.000000 
2.500000 
2.500000 
2.121320 
2.121320 
1.118034 
1.118034 
2.692582 
2.692582 
8.558621 
8.558621 
1.118034 
1.118034 
3.500000 
3.500000 
2.915476 
2.915476 
1.000000 
1.000000 
3.041381 
3.041381 
9.000000 
9.000000 
3.535534 
3.535534 
1.802776 
1.802776 
1.581139 
1.581139 
0.000000 
0.000000 
1.581139 
1.581139 
7.566373 
7.566373 
2.061553 
2.061553 
9.013878 
9.013878 
2.121320 
2.121320 
1.118034 
1.118034 
2.692582 
2.692582 
8.558621 
8.558621 
1.118034 
1.118034 
3.500000 
3.500000 
5.315073 
5.315073 
1.000000 
1.000000 
7.566373 
7.566373 
9.000000 
9.000000 
7.017834 
7.017834 
1.581139 
1.581139 
2.000000 
2.000000 
0.707107 
0.707107 
3.500000 
3.500000 
2.236068 
2.236068 
5.590170 
5.590170 
2.000000 
2.000000 
2.121320 
2.121320 
1.118034 
1.118034 
2.692582 
2.692582 
8.558621 
8.558621 
1.118034 
1.118034 
3.500000 
3.500000 
1.802776 
1.802776 
1.000000 
1.000000 
2.236068 
2.236068 
9.000000 
9.000000 
1.581139 
1.581139 
2.061553 
2.061553 
3.905125 
3.905125 
0.707107 
0.707107 
2.549510 
2.549510 
1.802776 
1.802776 
4.472136 
4.472136 
2.000000 
2.000000 
2.121320 
2.121320 
1.118034 
1.118034 
2.692582 
2.692582 
8.558621 
8.558621 
1.118034 
1.118034 
3.500000 
3.500000 
1.802776 
1.802776 
1.000000 
1.000000 
2.061553 
2.061553 
9.000000 
9.000000 
2.236068 
2.236068 
1.500000 
1.500000 
7.433034 
7.433034 
0.707107 
0.707107 
4.500000 
4.500000 
2.000000 
2.000000 
1.581139 
1.581139 
1.581139 
1.581139 
2.121320 
2.121320 
1.118034 
1.118034 
2.692582 
2.692582 
8.558621 
8.558621 
1.118034 
1.118034 
3.500000 
3.500000 
1.802776 
1.802776 
1.000000 
1.000000 
2.000000 
2.000000 
9.000000 
9.000000 
1.118034 
1.118034 
0.707107 
0.707107 
3.041381 
3.041381 
0.000000 
0.000000 
0.000000 
0.000000 
0.707107 
0.707107 
0.707107 
0.707107 
1.581139 
1.581139 
1.000000 
1.000000 
6.020797 
6.020797 
2.121320 
2.121320 
1.118034 
1.118034 
2.692582 
2.692582 
8.558621 
8.558621 
1.118034 
1.118034 
3.500000 
3.500000 
1.802776 
1.802776 
1.000000 
1.000000 
1.581139 
1.581139 
6.000000 
6.000000 
0.000000 
0.000000 
0.707107 
0.707107 
4.123106 
4.123106 
0.000000 
0.000000 
0.707107 
0.707107 
0.707107 
0.707107 
0.500000 
0.500000 
1.118034 
1.118034 
0.500000 
0.500000 
0.500000 
0.500000 
2.121320 
2.121320 
1.118034 
1.118034 
2.692582 
2.692582 
8.558621 
8.558621 
1.118034 
1.118034 
3.500000 
3.500000 
1.802776 
1.802776 
0.500000 
0.500000 
1.500000 
1.500000 
0.707107 
0.707107 
2.061553 
2.061553 
0.500000 
0.500000 
0.500000 
0.500000 
0.707107 
0.707107 
0.707107 
0.707107 
0.500000 
0.500000 
1.000000 
1.000000 
0.500000 
0.500000 
0.500000 
0.500000 
2.121320 
2.121320 
1.118034 
1.118034 
2.692582 
2.692582 
8.558621 
8.558621 
1.118034 
1.118034 
3.500000 
3.500000 
1.802776 
1.802776 
0.500000 
0.500000 
4.031129 
4.031129 
1.581139 
1.581139 
2.000000 
2.000000 
0.707107 
0.707107 
0.000000 
0.000000 
0.500000 
0.500000 
0.707107 
0.707107 
0.000000 
0.000000 
0.500000 
0.500000 
0.000000 
0.000000 
0.500000 
0.500000 
1.118034 
1.118034 
2.692582 
2.692582 
8.558621 
8.558621 
3.500000 
3.500000 
1.802776 
1.802776 
0.500000 
0.500000 
5.099020 
5.099020 
0.707107 
0.707107 
2.061553 
2.061553 
4.272002 
4.272002 
0.500000 
0.500000 
0.707107 
0.707107 
0.707107 
0.707107 
0.707107 
0.707107 
1.118034 
1.118034 
0.500000 
0.500000 
0.000000 
0.000000 
1.118034 
1.118034 
8.558621 
8.558621 
3.500000 
3.500000 
1.802776 
1.802776 
0.500000 
0.500000 
0.000000 
0.000000 
8.631338 
8.631338 
7.158911 
7.158911 
3.640055 
3.640055 
0.000000 
0.000000 
0.000000 
0.000000 
1.118034 
1.118034 
0.707107 
0.707107 
0.000000 
0.000000 
0.500000 
0.500000 
0.707107 
0.707107 
4.609772 
4.609772 
8.558621 
8.558621 
3.500000 
3.500000 
1.802776 
1.802776 
0.500000 
0.500000 
1.000000 
1.000000 
1.802776 
1.802776 
1.118034 
1.118034 
4.609772 
4.609772 
1.000000 
1.000000 
0.000000 
0.000000 
1.118034 
1.118034 
0.707107 
0.707107 
0.500000 
0.500000 
0.707107 
0.707107 
0.500000 
0.500000 
0.500000 
0.500000 
3.500000 
3.500000 
1.802776 
1.802776 
0.707107 
0.707107 
0.000000 
0.000000 
1.802776 
1.802776 
1.581139 
1.581139 
1.118034 
1.118034 
0.500000 
0.500000 
0.000000 
0.000000 
1.118034 
1.118034 
0.707107 
0.707107 
1.000000 
1.000000 
1.500000 
1.500000 
0.000000 
0.000000 
1.118034 
1.118034 
1.802776 
1.802776 
0.500000 
0.500000 
1.118034 
1.118034 
1.118034 
1.118034 
1.118034 
1.118034 
4.272002 
4.272002 
0.000000 
0.000000 
0.500000 
0.500000 
0.500000 
0.500000 
1.118034 
1.118034 
0.707107 
0.707107 
0.500000 
0.500000 
1.500000 
1.500000 
1.118034 
1.118034 
0.707107 
0.707107 
1.802776 
1.802776 
0.500000 
0.500000 
0.707107 
0.707107 
1.118034 
1.118034 
2.549510 
2.549510 
1.118034 
1.118034 
0.707107 
0.707107 
1.118034 
1.118034 
0.707107 
0.707107 
1.118034 
1.118034 
0.707107 
0.707107 
0.500000 
0.500000 
1.500000 
1.500000 
0.707107 
0.707107 
1.000000 
1.000000 
1.802776 
1.802776 
0.707107 
0.707107 
0.707107 
0.707107 
0.707107 
0.707107 
1.118034 
1.118034 
2.000000 
2.000000 
0.707107 
0.707107 
0.500000 
0.500000 
0.707107 
0.707107 
1.118034 
1.118034 
0.707107 
0.707107 
0.500000 
0.500000 
2.061553 
2.061553 
0.707107 
0.707107 
1.118034 
1.118034 
1.802776 
1.802776 
1.000000 
1.000000 
1.000000 
1.000000 
1.118034 
1.118034 
1.802776 
1.802776 
5.700877 
5.700877 
0.707107 
0.707107 
0.707107 
0.707107 
5.500000 
5.500000 
1.118034 
1.118034 
0.707107 
0.707107 
3.500000 
3.500000 
1.118034 
1.118034 
0.707107 
0.707107 
1.581139 
1.581139 
1.802776 
1.802776 
1.000000 
1.000000 
0.707107 
0.707107 
1.118034 
1.118034 
6.082763 
6.082763 
1.802776 
1.802776 
0.707107 
0.707107 
0.500000 
0.500000 
5.500000 
5.500000 
16.286497 
16.286497 
0.500000 
0.500000 
0.707107 
0.707107 
0.707107 
0.707107 
1.581139 
1.581139 
1.581139 
1.581139 
1.000000 
1.000000 
7.280110 
7.280110 
6.082763 
6.082763 
1.802776 
1.802776 
0.707107 
0.707107 
0.500000 
0.500000 
5.500000 
5.500000 
1.581139 
1.581139 
1.500000 
1.500000 
1.000000 
1.000000 
1.000000 
1.000000 
15.508062 
15.508062 
2.000000 
2.000000 
1.000000 
1.000000 
1.118034 
1.118034 
6.082763 
6.082763 
5.590170 
5.590170 
0.707107 
0.707107 
0.500000 
0.500000 
5.500000 
5.500000 
2.549510 
2.549510 
0.500000 
0.500000 
7.648529 
7.648529 
0.000000 
0.000000 
15.508062 
15.508062 
1.118034 
1.118034 
1.581139 
1.581139 
1.581139 
1.581139 
6.082763 
6.082763 
1.414214 
1.414214 
0.000000 
0.000000 
0.000000 
0.000000 
0.000000 
0.000000 
0.707107 
0.707107 
0.500000 
0.500000 
3.500000 
3.500000 
2.061553 
2.061553 
2.061553 
2.061553 
0.707107 
0.707107 
4.272002 
4.272002 
15.508062 
15.508062 
4.031129 
4.031129 
1.581139 
1.581139 
1.118034 
1.118034 
6.082763 
6.082763 
2.061553 
2.061553 
1.802776 
1.802776 
2.500000 
2.500000 
2.061553 
2.061553 
0.707107 
0.707107 
0.500000 
0.500000 
1.118034 
1.118034 
0.707107 
0.707107 
1.802776 
1.802776 
2.549510 
2.549510 
0.707107 
0.707107 
15.508062 
15.508062 
0.707107 
0.707107 
1.581139 
1.581139 
1.500000 
1.500000 
6.082763 
6.082763 
1.581139 
1.581139 
0.000000 
0.000000 
8.381527 
8.381527 
0.500000 
0.500000 
1.581139 
1.581139 
0.707107 
0.707107 
0.500000 
0.500000 
2.061553 
2.061553 
4.609772 
4.609772 
1.500000 
1.500000 
1.581139 
1.581139 
0.707107 
0.707107 
15.508062 
15.508062 
1.581139 
1.581139 
1.581139 
1.581139 
0.000000 
0.000000 
6.082763 
6.082763 
2.061553 
2.061553 
11.510864 
11.510864 
1.118034 
1.118034 
1.500000 
1.500000 
2.692582 
2.692582 
0.707107 
0.707107 
0.500000 
0.500000 
0.707107 
0.707107 
0.707107 
0.707107 
1.500000 
1.500000 
2.500000 
2.500000 
1.581139 
1.581139 
15.508062 
15.508062 
2.000000 
2.000000 
1.581139 
1.581139 
1.118034 
1.118034 
6.082763 
6.082763 
0.000000 
0.000000 
0.707107 
0.707107 
1.118034 
1.118034 
8.631338 
8.631338 
1.581139 
1.581139 
0.707107 
0.707107 
0.500000 
0.500000 
0.000000 
0.000000 
2.236068 
2.236068 
5.500000 
5.500000 
0.000000 
0.000000 
1.118034 
1.118034 
15.508062 
15.508062 
2.061553 
2.061553 
1.581139 
1.581139 
1.118034 
1.118034 
6.082763 
6.082763 
1.000000 
1.000000 
