0.000000 
0.000000 
0.000000 
0.000000 
0.000000 
0.000000 
0.000000 
0.000000 
0.000000 
0.000000 
0.000000 
0.000000 
1.500000 
1.500000 
1.500000 
1.500000 
2.000000 
2.000000 
0.707107 
0.707107 
0.000000 
0.000000 
2.000000 
2.000000 
3.535534 
3.535534 
2.061553 
2.061553 
1.581139 
1.581139 
0.000000 
0.000000 
0.000000 
0.000000 
2.061553 
2.061553 
0.707107 
0.707107 
1.414214 
1.414214 
0.707107 
0.707107 
0.000000 
0.000000 
6.576473 
6.576473 
0.000000 
0.000000 
1.802776 
1.802776 
1.118034 
1.118034 
8.558621 
8.558621 
1.118034 
1.118034 
1.118034 
1.118034 
0.500000 
0.500000 
0.000000 
0.000000 
9.300538 
9.300538 
1.118034 
1.118034 
1.581139 
1.581139 
1.118034 
1.118034 
0.707107 
0.707107 
1.000000 
1.000000 
0.000000 
0.000000 
1.000000 
1.000000 
1.000000 
1.000000 
2.500000 
2.500000 
3.905125 
3.905125 
0.707107 
0.707107 
1.581139 
1.581139 
0.000000 
0.000000 
7.905694 
7.905694 
5.024938 
5.024938 
4.000000 
4.000000 
2.061553 
2.061553 
0.707107 
0.707107 
1.581139 
1.581139 
0.000000 
0.000000 
2.500000 
2.500000 
1.500000 
1.500000 
5.024938 
5.024938 
7.648529 
7.648529 
0.707107 
0.707107 
1.118034 
1.118034 
0.000000 
0.000000 
7.071068 
7.071068 
2.061553 
2.061553 
6.184658 
6.184658 
0.707107 
0.707107 
0.707107 
0.707107 
1.000000 
1.000000 
0.000000 
0.000000 
1.500000 
1.500000 
2.549510 
2.549510 
1.581139 
1.581139 
0.500000 
0.500000 
0.000000 
0.000000 
0.707107 
0.707107 
0.500000 
0.500000 
0.000000 
0.000000 
5.522681 
5.522681 
2.061553 
2.061553 
5.522681 
5.522681 
1.581139 
1.581139 
1.581139 
1.581139 
0.707107 
0.707107 
7.500000 
7.500000 
8.544004 
8.544004 
1.118034 
1.118034 
2.061553 
2.061553 
1.581139 
1.581139 
1.414214 
1.414214 
0.500000 
0.500000 
0.707107 
0.707107 
0.707107 
0.707107 
1.000000 
1.000000 
1.802776 
1.802776 
2.061553 
2.061553 
1.581139 
1.581139 
1.414214 
1.414214 
0.500000 
0.500000 
0.707107 
0.707107 
0.707107 
0.707107 
0.707107 
0.707107 
1.118034 
1.118034 
2.061553 
2.061553 
2.500000 
2.500000 
0.707107 
0.707107 
1.581139 
1.581139 
0.707107 
0.707107 
9.013878 
9.013878 
4.527693 
4.527693 
0.000000 
0.000000 
2.061553 
2.061553 
1.581139 
1.581139 
1.802776 
1.802776 
0.000000 
0.000000 
10.012492 
10.012492 
0.707107 
0.707107 
0.707107 
0.707107 
2.000000 
2.000000 
0.707107 
0.707107 
2.061553 
2.061553 
7.516648 
7.516648 
1.118034 
1.118034 
1.118034 
1.118034 
3.041381 
3.041381 
0.707107 
0.707107 
1.414214 
1.414214 
2.000000 
2.000000 
6.946222 
6.946222 
2.061553 
2.061553 
3.000000 
3.000000 
1.000000 
1.000000 
0.000000 
0.000000 
8.381527 
8.381527 
9.000000 
9.000000 
0.707107 
0.707107 
0.000000 
0.000000 
2.000000 
2.000000 
1.500000 
1.500000 
2.061553 
2.061553 
2.061553 
2.061553 
1.118034 
1.118034 
2.236068 
2.236068 
2.000000 
2.000000 
1.581139 
1.581139 
0.707107 
0.707107 
0.707107 
0.707107 
2.000000 
2.000000 
6.500000 
6.500000 
2.061553 
2.061553 
2.000000 
2.000000 
1.118034 
1.118034 
6.082763 
6.082763 
1.802776 
1.802776 
5.408327 
5.408327 
0.707107 
0.707107 
1.118034 
1.118034 
2.000000 
2.000000 
11.401754 
11.401754 
2.061553 
2.061553 
7.566373 
7.566373 
3.500000 
3.500000 
2.549510 
2.549510 
5.522681 
5.522681 
5.408327 
5.408327 
0.707107 
0.707107 
2.000000 
2.000000 
11.768602 
11.768602 
2.061553 
2.061553 
2.061553 
2.061553 
1.118034 
1.118034 
0.000000 
0.000000 
2.500000 
2.500000 
1.500000 
1.500000 
5.408327 
5.408327 
8.732125 
8.732125 
2.000000 
2.000000 
2.549510 
2.549510 
2.061553 
2.061553 
1.802776 
1.802776 
1.118034 
1.118034 
2.000000 
2.000000 
3.640055 
3.640055 
2.549510 
2.549510 
5.408327 
5.408327 
8.732125 
8.732125 
2.000000 
2.000000 
8.015610 
8.015610 
2.061553 
2.061553 
10.500000 
10.500000 
1.118034 
1.118034 
0.000000 
0.000000 
2.000000 
2.000000 
6.519202 
6.519202 
2.549510 
2.549510 
5.408327 
5.408327 
8.732125 
8.732125 
2.000000 
2.000000 
1.118034 
1.118034 
2.061553 
2.061553 
1.000000 
1.000000 
1.118034 
1.118034 
0.000000 
0.000000 
1.000000 
1.000000 
2.000000 
2.000000 
2.549510 
2.549510 
1.581139 
1.581139 
5.408327 
5.408327 
8.732125 
8.732125 
2.000000 
2.000000 
1.000000 
1.000000 
2.061553 
2.061553 
1.118034 
1.118034 
1.118034 
1.118034 
0.000000 
0.000000 
1.500000 
1.500000 
0.707107 
0.707107 
2.000000 
2.000000 
4.031129 
4.031129 
5.590170 
5.590170 
5.408327 
5.408327 
8.732125 
8.732125 
2.000000 
2.000000 
1.581139 
1.581139 
0.500000 
0.500000 
1.118034 
1.118034 
0.000000 
0.000000 
0.000000 
0.000000 
3.000000 
3.000000 
1.500000 
1.500000 
1.802776 
1.802776 
2.000000 
2.000000 
6.576473 
6.576473 
1.414214 
1.414214 
5.408327 
5.408327 
8.732125 
8.732125 
2.000000 
2.000000 
12.727922 
12.727922 
0.707107 
0.707107 
1.118034 
1.118034 
5.220153 
5.220153 
0.707107 
0.707107 
7.071068 
7.071068 
9.013878 
9.013878 
1.802776 
1.802776 
2.000000 
2.000000 
1.581139 
1.581139 
1.414214 
1.414214 
5.408327 
5.408327 
8.732125 
8.732125 
2.000000 
2.000000 
1.581139 
1.581139 
1.581139 
1.581139 
1.118034 
1.118034 
2.549510 
2.549510 
1.581139 
1.581139 
1.500000 
1.500000 
2.500000 
2.500000 
1.802776 
1.802776 
2.000000 
2.000000 
2.236068 
2.236068 
1.581139 
1.581139 
5.408327 
5.408327 
8.732125 
8.732125 
2.000000 
2.000000 
2.500000 
2.500000 
1.500000 
1.500000 
1.118034 
1.118034 
0.000000 
0.000000 
8.015610 
8.015610 
1.500000 
1.500000 
2.061553 
2.061553 
2.061553 
2.061553 
1.802776 
1.802776 
2.000000 
2.000000 
7.826238 
7.826238 
1.414214 
1.414214 
5.408327 
5.408327 
8.732125 
8.732125 
2.000000 
2.000000 
1.000000 
1.000000 
0.500000 
0.500000 
1.118034 
1.118034 
0.000000 
0.000000 
1.118034 
1.118034 
1.802776 
1.802776 
3.605551 
3.605551 
1.000000 
1.000000 
1.802776 
1.802776 
2.000000 
2.000000 
2.061553 
2.061553 
1.118034 
1.118034 
5.408327 
5.408327 
8.732125 
8.732125 
7.000000 
7.000000 
8.139410 
8.139410 
1.118034 
1.118034 
0.000000 
0.000000 
3.041381 
3.041381 
1.581139 
1.581139 
1.118034 
1.118034 
2.500000 
2.500000 
5.522681 
5.522681 
1.802776 
1.802776 
2.000000 
2.000000 
7.433034 
7.433034 
1.000000 
1.000000 
5.408327 
5.408327 
8.732125 
8.732125 
1.581139 
1.581139 
1.802776 
1.802776 
1.118034 
1.118034 
1.414214 
1.414214 
1.000000 
1.000000 
1.500000 
1.500000 
1.500000 
1.500000 
4.716991 
4.716991 
4.123106 
4.123106 
1.802776 
1.802776 
2.000000 
2.000000 
3.354102 
3.354102 
0.500000 
0.500000 
5.408327 
5.408327 
8.732125 
8.732125 
2.500000 
2.500000 
0.707107 
0.707107 
1.118034 
1.118034 
0.000000 
0.000000 
2.236068 
2.236068 
1.000000 
1.000000 
1.581139 
1.581139 
1.118034 
1.118034 
4.716991 
4.716991 
4.123106 
4.123106 
1.802776 
1.802776 
2.000000 
2.000000 
2.549510 
2.549510 
0.707107 
0.707107 
5.408327 
5.408327 
8.732125 
8.732125 
2.236068 
2.236068 
1.000000 
1.000000 
2.915476 
2.915476 
0.000000 
0.000000 
2.236068 
2.236068 
1.581139 
1.581139 
1.000000 
1.000000 
1.414214 
1.414214 
0.000000 
0.000000 
4.716991 
4.716991 
4.123106 
4.123106 
1.802776 
1.802776 
2.000000 
2.000000 
4.031129 
4.031129 
1.118034 
1.118034 
8.732125 
8.732125 
0.707107 
0.707107 
3.354102 
3.354102 
0.500000 
0.500000 
2.121320 
2.121320 
2.549510 
2.549510 
1.118034 
1.118034 
9.013878 
9.013878 
7.000000 
7.000000 
0.500000 
0.500000 
4.716991 
4.716991 
4.123106 
4.123106 
1.802776 
1.802776 
2.000000 
2.000000 
1.500000 
1.500000 
0.707107 
0.707107 
8.732125 
8.732125 
6.576473 
6.576473 
2.061553 
2.061553 
1.000000 
1.000000 
1.118034 
1.118034 
4.500000 
4.500000 
2.061553 
2.061553 
2.000000 
2.000000 
1.118034 
1.118034 
1.581139 
1.581139 
4.716991 
4.716991 
4.123106 
4.123106 
1.802776 
1.802776 
2.000000 
2.000000 
1.414214 
1.414214 
0.500000 
0.500000 
9.486833 
9.486833 
2.000000 
2.000000 
0.500000 
0.500000 
2.121320 
2.121320 
1.581139 
1.581139 
1.118034 
1.118034 
2.061553 
2.061553 
1.500000 
1.500000 
1.118034 
1.118034 
4.716991 
4.716991 
4.123106 
4.123106 
1.802776 
1.802776 
5.852350 
5.852350 
0.500000 
0.500000 
2.061553 
2.061553 
1.118034 
1.118034 
0.500000 
0.500000 
