0.000000 
0.000000 
0.000000 
0.000000 
0.000000 
0.000000 
0.000000 
0.000000 
0.000000 
0.000000 
0.000000 
0.000000 
0.000000 
0.000000 
0.000000 
0.000000 
0.000000 
0.000000 
0.000000 
0.000000 
0.000000 
0.000000 
0.000000 
0.000000 
0.000000 
0.000000 
0.000000 
0.000000 
0.000000 
0.000000 
0.000000 
0.000000 
0.500000 
0.500000 
0.500000 
0.500000 
0.500000 
0.500000 
0.500000 
0.500000 
0.500000 
0.500000 
0.000000 
0.000000 
0.500000 
0.500000 
0.500000 
0.500000 
0.500000 
0.500000 
0.000000 
0.000000 
0.000000 
0.000000 
0.500000 
0.500000 
1.118034 
1.118034 
0.000000 
0.000000 
0.000000 
0.000000 
0.500000 
0.500000 
1.118034 
1.118034 
0.500000 
0.500000 
1.118034 
1.118034 
0.500000 
0.500000 
0.707107 
0.707107 
0.000000 
0.000000 
0.500000 
0.500000 
0.000000 
0.000000 
0.500000 
0.500000 
8.732125 
8.732125 
0.000000 
0.000000 
0.500000 
0.500000 
0.500000 
0.500000 
0.707107 
0.707107 
0.707107 
0.707107 
0.707107 
0.707107 
0.500000 
0.500000 
1.118034 
1.118034 
0.500000 
0.500000 
0.500000 
0.500000 
0.000000 
0.000000 
0.500000 
0.500000 
0.500000 
0.500000 
0.500000 
0.500000 
0.707107 
0.707107 
0.000000 
0.000000 
13.238202 
13.238202 
0.500000 
0.500000 
0.500000 
0.500000 
0.500000 
0.500000 
1.118034 
1.118034 
0.000000 
0.000000 
0.500000 
0.500000 
0.000000 
0.000000 
0.500000 
0.500000 
0.500000 
0.500000 
0.707107 
0.707107 
2.549510 
2.549510 
0.500000 
0.500000 
2.000000 
2.000000 
7.516648 
7.516648 
5.590170 
5.590170 
0.500000 
0.500000 
1.000000 
1.000000 
0.000000 
0.000000 
0.000000 
0.000000 
0.000000 
0.000000 
1.000000 
1.000000 
8.732125 
8.732125 
0.000000 
0.000000 
0.000000 
0.000000 
0.000000 
0.000000 
1.000000 
1.000000 
1.000000 
1.000000 
1.118034 
1.118034 
0.500000 
0.500000 
0.500000 
0.500000 
0.000000 
0.000000 
0.707107 
0.707107 
0.000000 
0.000000 
0.000000 
0.000000 
0.000000 
0.000000 
0.500000 
0.500000 
0.500000 
0.500000 
0.000000 
0.000000 
8.062258 
8.062258 
0.707107 
0.707107 
1.000000 
1.000000 
0.500000 
0.500000 
0.000000 
0.000000 
0.000000 
0.000000 
0.000000 
0.000000 
0.000000 
0.000000 
0.500000 
0.500000 
0.500000 
0.500000 
0.500000 
0.500000 
0.500000 
0.500000 
0.500000 
0.500000 
0.500000 
0.500000 
1.414214 
1.414214 
2.061553 
2.061553 
0.000000 
0.000000 
0.000000 
0.000000 
0.500000 
0.500000 
0.500000 
0.500000 
0.000000 
0.000000 
1.000000 
1.000000 
0.500000 
0.500000 
0.500000 
0.500000 
0.000000 
0.000000 
0.000000 
0.000000 
1.414214 
1.414214 
0.707107 
0.707107 
2.061553 
2.061553 
0.000000 
0.000000 
6.020797 
6.020797 
0.000000 
0.000000 
3.640055 
3.640055 
0.000000 
0.000000 
0.000000 
0.000000 
0.500000 
0.500000 
0.500000 
0.500000 
0.000000 
0.000000 
0.500000 
0.500000 
0.500000 
0.500000 
0.500000 
0.500000 
1.500000 
1.500000 
0.000000 
0.000000 
6.500000 
6.500000 
0.000000 
0.000000 
0.500000 
0.500000 
0.000000 
0.000000 
1.500000 
1.500000 
1.000000 
1.000000 
0.500000 
0.500000 
0.707107 
0.707107 
0.707107 
0.707107 
1.118034 
1.118034 
7.000000 
7.000000 
1.000000 
1.000000 
1.000000 
1.000000 
0.707107 
0.707107 
0.500000 
0.500000 
1.000000 
1.000000 
0.000000 
0.000000 
0.707107 
0.707107 
0.500000 
0.500000 
2.000000 
2.000000 
1.118034 
1.118034 
1.118034 
1.118034 
0.500000 
0.500000 
1.414214 
1.414214 
0.500000 
0.500000 
1.118034 
1.118034 
1.000000 
1.000000 
4.031129 
4.031129 
1.118034 
1.118034 
0.000000 
0.000000 
1.000000 
1.000000 
2.121320 
2.121320 
1.581139 
1.581139 
1.118034 
1.118034 
1.581139 
1.581139 
0.000000 
0.000000 
0.707107 
0.707107 
0.500000 
0.500000 
1.581139 
1.581139 
1.581139 
1.581139 
0.707107 
0.707107 
1.581139 
1.581139 
0.000000 
0.000000 
0.500000 
0.500000 
2.061553 
2.061553 
1.802776 
1.802776 
6.082763 
6.082763 
2.692582 
2.692582 
0.500000 
0.500000 
1.500000 
1.500000 
0.000000 
0.000000 
1.500000 
1.500000 
1.500000 
1.500000 
1.802776 
1.802776 
2.061553 
2.061553 
1.500000 
1.500000 
3.000000 
3.000000 
1.500000 
1.500000 
1.118034 
1.118034 
2.000000 
2.000000 
1.000000 
1.000000 
1.581139 
1.581139 
0.000000 
0.000000 
6.800735 
6.800735 
1.500000 
1.500000 
2.500000 
2.500000 
1.581139 
1.581139 
7.500000 
7.500000 
5.500000 
5.500000 
5.024938 
5.024938 
3.000000 
3.000000 
2.000000 
2.000000 
0.500000 
0.500000 
1.500000 
1.500000 
3.807887 
3.807887 
5.852350 
5.852350 
2.061553 
2.061553 
2.549510 
2.549510 
0.707107 
0.707107 
0.000000 
0.000000 
0.000000 
0.000000 
1.500000 
1.500000 
1.802776 
1.802776 
2.500000 
2.500000 
3.000000 
3.000000 
2.000000 
2.000000 
1.581139 
1.581139 
11.101802 
11.101802 
1.118034 
1.118034 
1.500000 
1.500000 
2.061553 
2.061553 
8.000000 
8.000000 
0.707107 
0.707107 
0.000000 
0.000000 
3.000000 
3.000000 
2.000000 
2.000000 
3.041381 
3.041381 
3.041381 
3.041381 
3.000000 
3.000000 
2.000000 
2.000000 
5.500000 
5.500000 
7.516648 
7.516648 
1.581139 
1.581139 
3.041381 
3.041381 
2.061553 
2.061553 
2.500000 
2.500000 
0.707107 
0.707107 
0.000000 
0.000000 
0.000000 
0.000000 
2.549510 
2.549510 
2.000000 
2.000000 
3.041381 
3.041381 
3.041381 
3.041381 
3.000000 
3.000000 
2.000000 
2.000000 
2.000000 
2.000000 
3.041381 
3.041381 
1.581139 
1.581139 
3.041381 
3.041381 
2.061553 
2.061553 
3.041381 
3.041381 
0.707107 
0.707107 
0.000000 
0.000000 
1.581139 
1.581139 
0.000000 
0.000000 
7.516648 
7.516648 
7.000000 
7.000000 
3.041381 
3.041381 
3.041381 
3.041381 
3.000000 
3.000000 
4.924429 
4.924429 
9.848858 
9.848858 
9.823441 
9.823441 
0.707107 
0.707107 
3.041381 
3.041381 
2.061553 
2.061553 
3.041381 
3.041381 
0.707107 
0.707107 
0.000000 
0.000000 
0.000000 
0.000000 
3.162278 
3.162278 
4.272002 
4.272002 
0.000000 
0.000000 
7.516648 
7.516648 
1.500000 
1.500000 
3.041381 
3.041381 
3.041381 
3.041381 
3.000000 
3.000000 
2.236068 
2.236068 
7.648529 
7.648529 
8.139410 
8.139410 
2.000000 
2.000000 
3.041381 
3.041381 
2.061553 
2.061553 
3.041381 
3.041381 
0.707107 
0.707107 
0.000000 
0.000000 
3.201562 
3.201562 
2.500000 
2.500000 
2.500000 
2.500000 
0.000000 
0.000000 
7.516648 
7.516648 
2.061553 
2.061553 
3.041381 
3.041381 
3.041381 
3.041381 
3.000000 
3.000000 
3.041381 
3.041381 
2.500000 
2.500000 
9.055385 
9.055385 
8.558621 
8.558621 
3.041381 
3.041381 
2.061553 
2.061553 
3.041381 
3.041381 
0.707107 
0.707107 
0.000000 
0.000000 
0.000000 
0.000000 
0.000000 
0.000000 
0.000000 
0.000000 
10.049876 
10.049876 
2.500000 
2.500000 
1.802776 
1.802776 
0.000000 
0.000000 
7.516648 
7.516648 
2.061553 
2.061553 
3.041381 
3.041381 
3.041381 
3.041381 
3.000000 
3.000000 
3.041381 
3.041381 
10.547512 
10.547512 
3.000000 
3.000000 
4.272002 
4.272002 
3.041381 
3.041381 
2.061553 
2.061553 
3.041381 
3.041381 
2.915476 
2.915476 
0.000000 
0.000000 
3.000000 
3.000000 
2.236068 
2.236068 
1.414214 
1.414214 
0.000000 
0.000000 
2.000000 
2.000000 
2.500000 
2.500000 
4.000000 
4.000000 
0.000000 
0.000000 
7.516648 
7.516648 
3.535534 
3.535534 
3.041381 
3.041381 
3.041381 
3.041381 
3.000000 
3.000000 
3.041381 
3.041381 
1.500000 
1.500000 
2.500000 
2.500000 
5.408327 
5.408327 
3.041381 
3.041381 
2.061553 
2.061553 
3.041381 
3.041381 
7.017834 
7.017834 
0.000000 
0.000000 
2.549510 
2.549510 
2.500000 
2.500000 
3.535534 
3.535534 
0.000000 
0.000000 
2.692582 
2.692582 
2.500000 
2.500000 
1.500000 
1.500000 
0.000000 
0.000000 
7.516648 
7.516648 
1.802776 
1.802776 
3.041381 
3.041381 
3.041381 
3.041381 
3.000000 
3.000000 
3.041381 
3.041381 
1.000000 
1.000000 
7.500000 
7.500000 
8.000000 
8.000000 
3.041381 
3.041381 
2.061553 
2.061553 
3.041381 
3.041381 
2.061553 
2.061553 
0.000000 
0.000000 
2.000000 
2.000000 
2.500000 
2.500000 
7.516648 
7.516648 
0.000000 
0.000000 
7.516648 
7.516648 
2.500000 
2.500000 
2.000000 
2.000000 
0.000000 
0.000000 
7.516648 
7.516648 
1.802776 
1.802776 
3.041381 
3.041381 
3.041381 
3.041381 
3.000000 
3.000000 
3.041381 
3.041381 
1.000000 
1.000000 
2.500000 
2.500000 
4.924429 
4.924429 
3.041381 
3.041381 
2.061553 
2.061553 
3.041381 
3.041381 
3.041381 
3.041381 
0.000000 
0.000000 
0.000000 
0.000000 
0.000000 
0.000000 
6.082763 
6.082763 
2.500000 
2.500000 
2.000000 
2.000000 
0.000000 
0.000000 
1.581139 
1.581139 
2.500000 
2.500000 
3.500000 
3.500000 
0.000000 
0.000000 
7.516648 
7.516648 
1.802776 
1.802776 
3.041381 
3.041381 
3.041381 
3.041381 
3.000000 
3.000000 
3.041381 
3.041381 
6.184658 
6.184658 
10.965856 
10.965856 
2.500000 
2.500000 
3.041381 
3.041381 
2.061553 
2.061553 
3.041381 
3.041381 
3.041381 
3.041381 
5.852350 
5.852350 
3.041381 
3.041381 
0.000000 
0.000000 
2.692582 
2.692582 
2.500000 
2.500000 
2.061553 
2.061553 
0.000000 
0.000000 
3.000000 
3.000000 
2.500000 
2.500000 
6.519202 
6.519202 
0.000000 
0.000000 
7.516648 
7.516648 
1.802776 
1.802776 
3.041381 
3.041381 
3.041381 
3.041381 
3.000000 
3.000000 
3.041381 
3.041381 
1.581139 
1.581139 
4.123106 
4.123106 
2.500000 
2.500000 
3.041381 
3.041381 
2.061553 
2.061553 
3.041381 
3.041381 
3.041381 
3.041381 
0.000000 
0.000000 
3.041381 
3.041381 
2.500000 
2.500000 
0.000000 
0.000000 
3.000000 
3.000000 
2.500000 
2.500000 
2.000000 
2.000000 
0.000000 
0.000000 
2.000000 
2.000000 
8.321658 
8.321658 
2.061553 
2.061553 
0.000000 
0.000000 
7.516648 
7.516648 
1.802776 
1.802776 
3.041381 
3.041381 
3.041381 
3.041381 
3.000000 
3.000000 
3.041381 
3.041381 
1.414214 
1.414214 
2.549510 
2.549510 
9.433981 
9.433981 
3.041381 
3.041381 
2.061553 
2.061553 
3.041381 
3.041381 
3.041381 
3.041381 
0.000000 
0.000000 
3.041381 
3.041381 
6.000000 
6.000000 
5.000000 
5.000000 
2.549510 
2.549510 
2.500000 
2.500000 
7.000000 
7.000000 
0.000000 
0.000000 
2.000000 
2.000000 
8.321658 
8.321658 
2.000000 
2.000000 
0.000000 
0.000000 
7.516648 
7.516648 
1.802776 
1.802776 
3.041381 
3.041381 
3.041381 
3.041381 
3.000000 
3.000000 
3.041381 
3.041381 
6.964194 
6.964194 
1.581139 
1.581139 
2.000000 
2.000000 
3.041381 
3.041381 
2.061553 
2.061553 
3.041381 
3.041381 
3.041381 
3.041381 
0.000000 
0.000000 
7.516648 
7.516648 
3.000000 
3.000000 
2.828427 
2.828427 
4.609772 
4.609772 
2.500000 
2.500000 
1.581139 
1.581139 
0.000000 
0.000000 
2.000000 
2.000000 
9.617692 
9.617692 
2.549510 
2.549510 
0.000000 
0.000000 
7.516648 
7.516648 
1.802776 
1.802776 
3.041381 
3.041381 
3.041381 
3.041381 
3.041381 
3.041381 
1.581139 
1.581139 
0.500000 
0.500000 
2.000000 
2.000000 
3.041381 
3.041381 
3.041381 
3.041381 
3.041381 
3.041381 
0.000000 
0.000000 
1.500000 
1.500000 
2.236068 
2.236068 
1.000000 
1.000000 
1.000000 
1.000000 
2.500000 
2.500000 
1.581139 
1.581139 
0.000000 
0.000000 
2.000000 
2.000000 
1.000000 
1.000000 
4.301163 
4.301163 
7.516648 
7.516648 
1.802776 
1.802776 
3.041381 
3.041381 
3.041381 
3.041381 
3.041381 
3.041381 
0.500000 
0.500000 
0.500000 
0.500000 
1.802776 
1.802776 
3.041381 
3.041381 
3.041381 
3.041381 
3.041381 
3.041381 
0.000000 
0.000000 
0.000000 
0.000000 
1.581139 
1.581139 
2.061553 
2.061553 
2.915476 
2.915476 
2.500000 
2.500000 
2.500000 
2.500000 
2.000000 
2.000000 
0.000000 
0.000000 
2.000000 
2.000000 
1.118034 
1.118034 
1.000000 
1.000000 
7.516648 
7.516648 
1.802776 
1.802776 
3.041381 
3.041381 
3.041381 
3.041381 
1.000000 
1.000000 
0.500000 
0.500000 
3.162278 
3.162278 
3.041381 
3.041381 
3.041381 
3.041381 
0.000000 
0.000000 
0.000000 
0.000000 
1.000000 
1.000000 
1.581139 
1.581139 
1.581139 
1.581139 
1.581139 
1.581139 
2.500000 
2.500000 
1.500000 
1.500000 
0.000000 
0.000000 
2.000000 
2.000000 
0.707107 
0.707107 
4.527693 
4.527693 
7.516648 
7.516648 
1.802776 
1.802776 
3.041381 
3.041381 
7.158911 
7.158911 
0.500000 
0.500000 
6.519202 
6.519202 
3.041381 
3.041381 
1.500000 
1.500000 
0.000000 
0.000000 
1.581139 
1.581139 
4.031129 
4.031129 
2.500000 
2.500000 
1.500000 
1.500000 
2.500000 
2.500000 
0.500000 
0.500000 
0.000000 
0.000000 
2.000000 
2.000000 
5.024938 
5.024938 
1.000000 
1.000000 
1.802776 
1.802776 
3.041381 
3.041381 
10.049876 
10.049876 
0.500000 
0.500000 
1.000000 
1.000000 
3.041381 
3.041381 
0.000000 
0.000000 
0.000000 
0.000000 
1.118034 
1.118034 
0.707107 
0.707107 
1.000000 
1.000000 
1.581139 
1.581139 
2.500000 
2.500000 
1.414214 
1.414214 
2.000000 
2.000000 
1.000000 
1.000000 
1.500000 
1.500000 
2.549510 
2.549510 
3.041381 
3.041381 
2.692582 
2.692582 
0.500000 
0.500000 
0.000000 
0.000000 
3.041381 
3.041381 
0.000000 
0.000000 
0.000000 
0.000000 
1.000000 
1.000000 
0.000000 
0.000000 
1.118034 
1.118034 
1.500000 
1.500000 
4.000000 
4.000000 
0.500000 
0.500000 
2.500000 
2.500000 
4.000000 
4.000000 
2.000000 
2.000000 
0.000000 
0.000000 
1.802776 
1.802776 
0.707107 
0.707107 
2.061553 
2.061553 
0.500000 
0.500000 
1.118034 
1.118034 
3.041381 
3.041381 
1.000000 
1.000000 
1.000000 
1.000000 
1.118034 
1.118034 
0.000000 
0.000000 
0.500000 
0.500000 
1.414214 
1.414214 
0.500000 
0.500000 
0.000000 
0.000000 
2.500000 
2.500000 
1.414214 
1.414214 
2.000000 
2.000000 
8.015610 
8.015610 
1.118034 
1.118034 
0.500000 
0.500000 
0.000000 
0.000000 
0.500000 
0.500000 
0.500000 
0.500000 
3.041381 
3.041381 
