0.000000 
0.000000 
0.000000 
0.000000 
1.414214 
1.414214 
0.707107 
0.707107 
8.015610 
8.015610 
0.000000 
0.000000 
1.802776 
1.802776 
0.500000 
0.500000 
0.500000 
0.500000 
0.707107 
0.707107 
1.118034 
1.118034 
0.707107 
0.707107 
0.707107 
0.707107 
0.707107 
0.707107 
0.500000 
0.500000 
0.707107 
0.707107 
0.707107 
0.707107 
0.707107 
0.707107 
1.118034 
1.118034 
0.707107 
0.707107 
0.500000 
0.500000 
0.707107 
0.707107 
1.000000 
1.000000 
0.707107 
0.707107 
0.707107 
0.707107 
0.707107 
0.707107 
0.707107 
0.707107 
0.707107 
0.707107 
1.118034 
1.118034 
0.707107 
0.707107 
1.118034 
1.118034 
0.707107 
0.707107 
0.500000 
0.500000 
0.707107 
0.707107 
1.118034 
1.118034 
0.707107 
0.707107 
1.118034 
1.118034 
0.707107 
0.707107 
0.000000 
0.000000 
0.500000 
0.500000 
0.000000 
0.000000 
0.707107 
0.707107 
0.500000 
0.500000 
0.500000 
0.500000 
1.118034 
1.118034 
1.118034 
1.118034 
0.500000 
0.500000 
0.707107 
0.707107 
0.500000 
0.500000 
0.000000 
0.000000 
0.500000 
0.500000 
11.715375 
11.715375 
0.500000 
0.500000 
11.715375 
11.715375 
0.500000 
0.500000 
11.715375 
11.715375 
0.500000 
0.500000 
11.715375 
11.715375 
1.118034 
1.118034 
11.715375 
11.715375 
0.000000 
0.000000 
11.715375 
11.715375 
8.015610 
8.015610 
1.118034 
1.118034 
8.015610 
8.015610 
0.000000 
0.000000 
0.000000 
0.000000 
8.015610 
8.015610 
0.500000 
0.500000 
0.000000 
0.000000 
8.015610 
8.015610 
0.000000 
0.000000 
16.770510 
16.770510 
8.015610 
8.015610 
0.000000 
0.000000 
0.707107 
0.707107 
8.015610 
8.015610 
0.000000 
0.000000 
0.707107 
0.707107 
8.015610 
8.015610 
0.000000 
0.000000 
