0.000000 
0.000000 
0.000000 
0.000000 
0.000000 
0.000000 
0.000000 
0.000000 
0.000000 
0.000000 
0.000000 
0.000000 
0.000000 
0.000000 
0.000000 
0.000000 
0.500000 
0.500000 
0.707107 
0.707107 
0.500000 
0.500000 
0.500000 
0.500000 
0.707107 
0.707107 
1.414214 
1.414214 
0.500000 
0.500000 
1.118034 
1.118034 
0.707107 
0.707107 
1.118034 
1.118034 
0.500000 
0.500000 
0.500000 
0.500000 
8.514693 
8.514693 
1.802776 
1.802776 
0.500000 
0.500000 
1.581139 
1.581139 
0.707107 
0.707107 
0.707107 
0.707107 
0.500000 
0.500000 
0.500000 
0.500000 
0.500000 
0.500000 
1.000000 
1.000000 
1.000000 
1.000000 
0.500000 
0.500000 
0.707107 
0.707107 
1.500000 
1.500000 
0.500000 
0.500000 
5.099020 
5.099020 
0.000000 
0.000000 
1.118034 
1.118034 
0.707107 
0.707107 
1.000000 
1.000000 
0.707107 
0.707107 
1.500000 
1.500000 
0.500000 
0.500000 
1.000000 
1.000000 
0.000000 
0.000000 
1.000000 
1.000000 
1.500000 
1.500000 
4.000000 
4.000000 
0.707107 
0.707107 
1.500000 
1.500000 
0.500000 
0.500000 
1.000000 
1.000000 
0.707107 
0.707107 
0.000000 
0.000000 
0.000000 
0.000000 
0.000000 
0.000000 
0.707107 
0.707107 
1.500000 
1.500000 
0.500000 
0.500000 
0.500000 
0.500000 
0.500000 
0.500000 
0.000000 
0.000000 
1.118034 
1.118034 
0.500000 
0.500000 
0.707107 
0.707107 
1.500000 
1.500000 
0.500000 
0.500000 
0.000000 
0.000000 
1.118034 
1.118034 
0.707107 
0.707107 
0.500000 
0.500000 
0.000000 
0.000000 
0.707107 
0.707107 
1.500000 
1.500000 
0.500000 
0.500000 
0.000000 
0.000000 
0.500000 
0.500000 
0.000000 
0.000000 
1.118034 
1.118034 
1.000000 
1.000000 
0.707107 
0.707107 
0.500000 
0.500000 
0.500000 
0.500000 
0.500000 
0.500000 
0.707107 
0.707107 
0.500000 
0.500000 
0.000000 
0.000000 
0.500000 
0.500000 
0.000000 
0.000000 
0.000000 
0.000000 
0.707107 
0.707107 
0.707107 
0.707107 
0.500000 
0.500000 
0.000000 
0.000000 
8.015610 
8.015610 
0.500000 
0.500000 
1.118034 
1.118034 
1.500000 
1.500000 
0.707107 
0.707107 
4.609772 
4.609772 
0.707107 
0.707107 
0.500000 
0.500000 
0.500000 
0.500000 
1.500000 
1.500000 
12.093387 
12.093387 
0.500000 
0.500000 
0.000000 
0.000000 
0.000000 
0.000000 
0.707107 
0.707107 
0.500000 
0.500000 
0.707107 
0.707107 
1.118034 
1.118034 
0.500000 
0.500000 
1.000000 
1.000000 
1.000000 
1.000000 
0.000000 
0.000000 
0.707107 
0.707107 
0.500000 
0.500000 
1.000000 
1.000000 
0.500000 
0.500000 
0.707107 
0.707107 
1.118034 
1.118034 
0.500000 
0.500000 
1.500000 
1.500000 
0.500000 
0.500000 
0.000000 
0.000000 
0.000000 
0.000000 
0.707107 
0.707107 
0.000000 
0.000000 
1.000000 
1.000000 
0.500000 
0.500000 
0.707107 
0.707107 
1.118034 
1.118034 
0.500000 
0.500000 
0.707107 
0.707107 
16.401219 
16.401219 
0.000000 
0.000000 
1.118034 
1.118034 
1.581139 
1.581139 
0.000000 
0.000000 
0.000000 
0.000000 
1.000000 
1.000000 
0.500000 
0.500000 
0.707107 
0.707107 
1.118034 
1.118034 
1.000000 
1.000000 
1.802776 
1.802776 
0.000000 
0.000000 
0.707107 
0.707107 
0.000000 
0.000000 
1.581139 
1.581139 
11.180340 
11.180340 
1.000000 
1.000000 
0.500000 
0.500000 
1.118034 
1.118034 
0.500000 
0.500000 
1.802776 
1.802776 
0.707107 
0.707107 
0.500000 
0.500000 
1.118034 
1.118034 
1.581139 
1.581139 
0.500000 
0.500000 
1.000000 
1.000000 
0.500000 
0.500000 
1.118034 
1.118034 
0.707107 
0.707107 
1.802776 
1.802776 
0.707107 
0.707107 
1.118034 
1.118034 
0.000000 
0.000000 
1.581139 
1.581139 
0.500000 
0.500000 
1.000000 
1.000000 
0.500000 
0.500000 
1.118034 
1.118034 
4.609772 
4.609772 
0.500000 
0.500000 
0.500000 
0.500000 
0.707107 
0.707107 
0.500000 
0.500000 
0.000000 
0.000000 
0.500000 
0.500000 
1.000000 
1.000000 
0.500000 
0.500000 
1.118034 
1.118034 
1.118034 
1.118034 
1.118034 
1.118034 
1.500000 
1.500000 
2.121320 
2.121320 
1.118034 
1.118034 
0.500000 
0.500000 
0.500000 
0.500000 
1.000000 
1.000000 
0.500000 
0.500000 
1.118034 
1.118034 
0.000000 
0.000000 
1.802776 
1.802776 
2.000000 
2.000000 
1.000000 
1.000000 
0.707107 
0.707107 
0.500000 
0.500000 
0.500000 
0.500000 
1.000000 
1.000000 
0.500000 
0.500000 
1.118034 
1.118034 
2.061553 
2.061553 
1.000000 
1.000000 
2.549510 
2.549510 
5.590170 
5.590170 
1.118034 
1.118034 
0.500000 
0.500000 
0.500000 
0.500000 
1.000000 
1.000000 
0.500000 
0.500000 
1.118034 
1.118034 
2.692582 
2.692582 
1.414214 
1.414214 
2.000000 
2.000000 
3.535534 
3.535534 
1.500000 
1.500000 
0.000000 
0.000000 
0.500000 
0.500000 
1.000000 
1.000000 
0.500000 
0.500000 
1.118034 
1.118034 
2.692582 
2.692582 
1.802776 
1.802776 
6.670832 
6.670832 
3.000000 
3.000000 
1.118034 
1.118034 
1.000000 
1.000000 
0.500000 
0.500000 
1.000000 
1.000000 
0.500000 
0.500000 
1.118034 
1.118034 
2.692582 
2.692582 
1.118034 
1.118034 
2.549510 
2.549510 
8.015610 
8.015610 
0.500000 
0.500000 
1.000000 
1.000000 
0.500000 
0.500000 
1.000000 
1.000000 
0.500000 
0.500000 
1.118034 
1.118034 
2.692582 
2.692582 
0.500000 
0.500000 
2.549510 
2.549510 
3.500000 
3.500000 
4.031129 
4.031129 
2.061553 
2.061553 
20.099751 
20.099751 
1.000000 
1.000000 
0.500000 
0.500000 
1.118034 
1.118034 
2.692582 
2.692582 
0.500000 
0.500000 
9.219544 
9.219544 
3.535534 
3.535534 
4.031129 
4.031129 
2.061553 
2.061553 
6.500000 
6.500000 
1.000000 
1.000000 
0.500000 
0.500000 
2.692582 
2.692582 
0.500000 
0.500000 
1.802776 
1.802776 
7.516648 
7.516648 
4.031129 
4.031129 
1.802776 
1.802776 
0.500000 
0.500000 
0.500000 
0.500000 
2.692582 
2.692582 
0.500000 
0.500000 
2.061553 
2.061553 
3.162278 
3.162278 
4.031129 
4.031129 
0.500000 
0.500000 
0.500000 
0.500000 
2.692582 
2.692582 
0.500000 
0.500000 
1.581139 
1.581139 
3.000000 
3.000000 
4.031129 
4.031129 
0.000000 
0.000000 
0.500000 
0.500000 
1.802776 
1.802776 
2.692582 
2.692582 
0.500000 
0.500000 
10.793517 
10.793517 
6.020797 
6.020797 
4.031129 
4.031129 
1.581139 
1.581139 
0.000000 
0.000000 
1.802776 
1.802776 
2.692582 
2.692582 
0.500000 
0.500000 
2.915476 
2.915476 
2.061553 
2.061553 
4.031129 
4.031129 
0.000000 
0.000000 
2.061553 
2.061553 
6.041523 
6.041523 
9.708244 
9.708244 
2.692582 
2.692582 
0.500000 
0.500000 
7.648529 
7.648529 
2.500000 
2.500000 
4.031129 
4.031129 
0.000000 
0.000000 
2.500000 
2.500000 
2.549510 
2.549510 
0.500000 
0.500000 
1.581139 
1.581139 
2.692582 
2.692582 
0.500000 
0.500000 
6.000000 
6.000000 
2.500000 
2.500000 
4.031129 
4.031129 
1.500000 
1.500000 
2.500000 
2.500000 
0.500000 
0.500000 
12.093387 
12.093387 
1.500000 
1.500000 
2.692582 
2.692582 
0.500000 
0.500000 
1.000000 
1.000000 
1.118034 
1.118034 
4.031129 
4.031129 
0.707107 
0.707107 
2.500000 
2.500000 
6.500000 
6.500000 
12.093387 
12.093387 
11.101802 
11.101802 
2.692582 
2.692582 
0.500000 
0.500000 
6.964194 
6.964194 
5.852350 
5.852350 
4.031129 
4.031129 
1.118034 
1.118034 
2.500000 
2.500000 
1.500000 
1.500000 
20.524376 
20.524376 
11.101802 
11.101802 
2.692582 
2.692582 
0.500000 
0.500000 
0.000000 
0.000000 
3.000000 
3.000000 
4.031129 
4.031129 
1.500000 
1.500000 
2.500000 
2.500000 
1.500000 
1.500000 
0.707107 
0.707107 
11.101802 
11.101802 
0.500000 
0.500000 
1.581139 
1.581139 
2.061553 
2.061553 
4.031129 
4.031129 
