0.000000 
0.000000 
0.000000 
0.000000 
0.000000 
0.000000 
0.000000 
0.000000 
0.000000 
0.000000 
0.000000 
0.000000 
0.000000 
0.000000 
0.000000 
0.000000 
0.000000 
0.000000 
0.000000 
0.000000 
0.000000 
0.000000 
0.000000 
0.000000 
1.581139 
1.581139 
1.118034 
1.118034 
2.061553 
2.061553 
1.500000 
1.500000 
2.549510 
2.549510 
2.000000 
2.000000 
2.549510 
2.549510 
2.549510 
2.549510 
0.500000 
0.500000 
0.500000 
0.500000 
0.000000 
0.000000 
11.884864 
11.884864 
2.500000 
2.500000 
1.802776 
1.802776 
2.000000 
2.000000 
2.236068 
2.236068 
1.118034 
1.118034 
2.500000 
2.500000 
1.500000 
1.500000 
7.071068 
7.071068 
0.000000 
0.000000 
0.707107 
0.707107 
0.000000 
0.000000 
1.802776 
1.802776 
12.000000 
12.000000 
1.118034 
1.118034 
7.648529 
7.648529 
1.000000 
1.000000 
2.061553 
2.061553 
0.707107 
0.707107 
5.522681 
5.522681 
1.581139 
1.581139 
1.500000 
1.500000 
1.500000 
1.500000 
0.000000 
0.000000 
1.118034 
1.118034 
12.000000 
12.000000 
6.082763 
6.082763 
3.041381 
3.041381 
0.707107 
0.707107 
2.061553 
2.061553 
6.000000 
6.000000 
2.061553 
2.061553 
1.802776 
1.802776 
0.000000 
0.000000 
0.000000 
0.000000 
13.038405 
13.038405 
1.500000 
1.500000 
0.000000 
0.000000 
1.118034 
1.118034 
12.000000 
12.000000 
1.118034 
1.118034 
3.201562 
3.201562 
4.031129 
4.031129 
4.527693 
4.527693 
0.707107 
0.707107 
2.061553 
2.061553 
2.828427 
2.828427 
0.000000 
0.000000 
1.000000 
1.000000 
0.000000 
0.000000 
1.000000 
1.000000 
0.000000 
0.000000 
1.581139 
1.581139 
12.000000 
12.000000 
1.581139 
1.581139 
8.500000 
8.500000 
1.802776 
1.802776 
1.118034 
1.118034 
0.707107 
0.707107 
1.500000 
1.500000 
2.061553 
2.061553 
0.000000 
0.000000 
1.500000 
1.500000 
0.000000 
0.000000 
0.500000 
0.500000 
0.000000 
0.000000 
1.581139 
1.581139 
12.000000 
12.000000 
5.099020 
5.099020 
1.500000 
1.500000 
7.280110 
7.280110 
2.121320 
2.121320 
0.500000 
0.500000 
1.000000 
1.000000 
1.000000 
1.000000 
0.000000 
0.000000 
3.201562 
3.201562 
0.000000 
0.000000 
1.581139 
1.581139 
0.000000 
0.000000 
1.000000 
1.000000 
12.000000 
12.000000 
1.414214 
1.414214 
2.000000 
2.000000 
2.236068 
2.236068 
4.123106 
4.123106 
1.000000 
1.000000 
8.000000 
8.000000 
1.000000 
1.000000 
0.000000 
0.000000 
0.000000 
0.000000 
1.118034 
1.118034 
0.000000 
0.000000 
1.414214 
1.414214 
0.000000 
0.000000 
7.158911 
7.158911 
12.000000 
12.000000 
2.000000 
2.000000 
1.581139 
1.581139 
2.000000 
2.000000 
4.031129 
4.031129 
2.061553 
2.061553 
1.000000 
1.000000 
1.118034 
1.118034 
0.707107 
0.707107 
0.000000 
0.000000 
1.118034 
1.118034 
0.000000 
0.000000 
0.500000 
0.500000 
0.000000 
0.000000 
1.118034 
1.118034 
12.000000 
12.000000 
4.272002 
4.272002 
9.013878 
9.013878 
2.000000 
2.000000 
1.500000 
1.500000 
2.061553 
2.061553 
1.581139 
1.581139 
1.500000 
1.500000 
0.000000 
0.000000 
1.118034 
1.118034 
0.000000 
0.000000 
1.118034 
1.118034 
0.000000 
0.000000 
3.500000 
3.500000 
0.000000 
0.000000 
1.414214 
1.414214 
12.000000 
12.000000 
4.716991 
4.716991 
2.061553 
2.061553 
2.000000 
2.000000 
1.581139 
1.581139 
2.061553 
2.061553 
6.964194 
6.964194 
0.500000 
0.500000 
0.000000 
0.000000 
1.802776 
1.802776 
1.118034 
1.118034 
0.000000 
0.000000 
1.118034 
1.118034 
0.000000 
0.000000 
5.700877 
5.700877 
0.000000 
0.000000 
2.000000 
2.000000 
12.000000 
12.000000 
1.581139 
1.581139 
2.549510 
2.549510 
2.000000 
2.000000 
5.500000 
5.500000 
2.061553 
2.061553 
2.692582 
2.692582 
1.500000 
1.500000 
10.012492 
10.012492 
1.802776 
1.802776 
0.500000 
0.500000 
0.000000 
0.000000 
3.535534 
3.535534 
0.000000 
0.000000 
2.000000 
2.000000 
0.000000 
0.000000 
2.549510 
2.549510 
12.000000 
12.000000 
6.519202 
6.519202 
2.236068 
2.236068 
2.000000 
2.000000 
1.000000 
1.000000 
2.061553 
2.061553 
1.802776 
1.802776 
0.707107 
0.707107 
1.500000 
1.500000 
2.061553 
2.061553 
1.581139 
1.581139 
0.000000 
0.000000 
1.000000 
1.000000 
0.000000 
0.000000 
2.061553 
2.061553 
0.000000 
0.000000 
8.000000 
8.000000 
12.000000 
12.000000 
2.500000 
2.500000 
7.071068 
7.071068 
2.000000 
2.000000 
2.500000 
2.500000 
2.061553 
2.061553 
7.071068 
7.071068 
8.514693 
8.514693 
0.000000 
0.000000 
6.000000 
6.000000 
1.581139 
1.581139 
1.000000 
1.000000 
0.000000 
0.000000 
1.414214 
1.414214 
0.000000 
0.000000 
2.549510 
2.549510 
1.000000 
1.000000 
12.000000 
12.000000 
3.500000 
3.500000 
2.692582 
2.692582 
2.000000 
2.000000 
2.061553 
2.061553 
2.061553 
2.061553 
2.061553 
2.061553 
1.581139 
1.581139 
1.581139 
1.581139 
5.385165 
5.385165 
1.118034 
1.118034 
0.707107 
0.707107 
0.000000 
0.000000 
1.414214 
1.414214 
0.000000 
0.000000 
1.500000 
1.500000 
2.000000 
2.000000 
12.000000 
12.000000 
2.061553 
2.061553 
1.581139 
1.581139 
2.000000 
2.000000 
2.500000 
2.500000 
2.061553 
2.061553 
2.549510 
2.549510 
1.118034 
1.118034 
7.566373 
7.566373 
0.500000 
0.500000 
6.500000 
6.500000 
0.707107 
0.707107 
0.000000 
0.000000 
1.414214 
1.414214 
0.000000 
0.000000 
6.020797 
6.020797 
3.041381 
3.041381 
12.000000 
12.000000 
0.707107 
0.707107 
2.061553 
2.061553 
2.000000 
2.000000 
1.118034 
1.118034 
2.061553 
2.061553 
1.802776 
1.802776 
0.000000 
0.000000 
1.500000 
1.500000 
0.000000 
0.000000 
1.500000 
1.500000 
0.500000 
0.500000 
0.000000 
0.000000 
1.414214 
1.414214 
0.000000 
0.000000 
1.118034 
1.118034 
1.581139 
1.581139 
5.024938 
5.024938 
9.055385 
9.055385 
2.000000 
2.000000 
0.707107 
0.707107 
2.061553 
2.061553 
5.000000 
5.000000 
0.500000 
0.500000 
8.381527 
8.381527 
0.500000 
0.500000 
2.061553 
2.061553 
1.581139 
1.581139 
0.000000 
0.000000 
1.414214 
1.414214 
0.000000 
0.000000 
1.581139 
1.581139 
7.017834 
7.017834 
3.535534 
3.535534 
2.000000 
2.000000 
2.000000 
2.000000 
1.118034 
1.118034 
2.061553 
2.061553 
2.061553 
2.061553 
0.707107 
0.707107 
8.381527 
8.381527 
1.118034 
1.118034 
1.581139 
1.581139 
1.118034 
1.118034 
1.414214 
1.414214 
0.000000 
0.000000 
1.581139 
1.581139 
2.000000 
2.000000 
2.500000 
2.500000 
10.500000 
10.500000 
2.000000 
2.000000 
7.017834 
7.017834 
2.061553 
2.061553 
1.500000 
1.500000 
0.707107 
0.707107 
8.381527 
8.381527 
0.500000 
0.500000 
2.549510 
2.549510 
0.500000 
0.500000 
1.414214 
1.414214 
1.581139 
1.581139 
2.236068 
2.236068 
2.500000 
2.500000 
1.414214 
1.414214 
2.000000 
2.000000 
2.500000 
2.500000 
2.061553 
2.061553 
2.061553 
2.061553 
0.500000 
0.500000 
0.000000 
0.000000 
0.000000 
0.000000 
8.381527 
8.381527 
0.707107 
0.707107 
1.118034 
1.118034 
0.500000 
0.500000 
1.414214 
1.414214 
1.581139 
1.581139 
1.581139 
1.581139 
2.500000 
2.500000 
1.000000 
1.000000 
2.000000 
2.000000 
2.500000 
2.500000 
2.061553 
2.061553 
2.549510 
2.549510 
1.000000 
1.000000 
3.000000 
3.000000 
3.000000 
3.000000 
8.381527 
8.381527 
1.414214 
1.414214 
3.500000 
3.500000 
0.707107 
0.707107 
1.414214 
1.414214 
1.581139 
1.581139 
7.566373 
7.566373 
2.500000 
2.500000 
1.581139 
1.581139 
2.000000 
2.000000 
2.500000 
2.500000 
2.061553 
2.061553 
2.061553 
2.061553 
1.500000 
1.500000 
0.000000 
0.000000 
1.500000 
1.500000 
2.549510 
2.549510 
8.381527 
8.381527 
0.000000 
0.000000 
3.500000 
3.500000 
2.000000 
2.000000 
1.414214 
1.414214 
1.581139 
1.581139 
1.802776 
1.802776 
2.500000 
2.500000 
1.802776 
1.802776 
2.500000 
2.500000 
5.522681 
5.522681 
1.000000 
1.000000 
2.692582 
2.692582 
7.500000 
7.500000 
2.549510 
2.549510 
8.381527 
8.381527 
0.707107 
0.707107 
3.500000 
3.500000 
1.118034 
1.118034 
1.414214 
1.414214 
1.581139 
1.581139 
1.500000 
1.500000 
2.500000 
2.500000 
9.513149 
9.513149 
2.500000 
2.500000 
2.549510 
2.549510 
1.118034 
1.118034 
2.500000 
2.500000 
2.500000 
2.500000 
2.549510 
2.549510 
8.381527 
8.381527 
1.118034 
1.118034 
3.500000 
3.500000 
1.118034 
1.118034 
1.414214 
1.414214 
1.581139 
1.581139 
2.500000 
2.500000 
2.500000 
2.500000 
0.500000 
0.500000 
2.500000 
2.500000 
2.500000 
2.500000 
0.500000 
0.500000 
5.000000 
5.000000 
3.354102 
3.354102 
2.549510 
2.549510 
8.381527 
8.381527 
0.707107 
0.707107 
3.500000 
3.500000 
7.566373 
7.566373 
1.414214 
1.414214 
1.581139 
1.581139 
1.414214 
1.414214 
2.500000 
2.500000 
0.707107 
0.707107 
2.500000 
2.500000 
2.000000 
2.000000 
0.707107 
0.707107 
0.000000 
0.000000 
1.802776 
1.802776 
3.354102 
3.354102 
2.549510 
2.549510 
8.381527 
8.381527 
1.414214 
1.414214 
3.500000 
3.500000 
1.000000 
1.000000 
1.414214 
1.414214 
1.581139 
1.581139 
9.013878 
9.013878 
2.500000 
2.500000 
1.118034 
1.118034 
2.500000 
2.500000 
5.522681 
5.522681 
1.118034 
1.118034 
2.236068 
2.236068 
1.802776 
1.802776 
3.354102 
3.354102 
2.549510 
2.549510 
8.381527 
8.381527 
0.707107 
0.707107 
3.500000 
3.500000 
5.024938 
5.024938 
1.414214 
1.414214 
1.581139 
1.581139 
2.061553 
2.061553 
2.500000 
2.500000 
0.707107 
0.707107 
2.500000 
2.500000 
0.500000 
0.500000 
1.000000 
1.000000 
4.527693 
4.527693 
2.061553 
2.061553 
3.354102 
3.354102 
2.549510 
2.549510 
8.381527 
8.381527 
0.707107 
0.707107 
3.500000 
3.500000 
6.519202 
6.519202 
1.581139 
1.581139 
1.802776 
1.802776 
2.500000 
2.500000 
2.121320 
2.121320 
2.500000 
2.500000 
1.118034 
1.118034 
0.707107 
0.707107 
1.414214 
1.414214 
1.000000 
1.000000 
3.354102 
3.354102 
2.549510 
2.549510 
8.381527 
8.381527 
0.707107 
0.707107 
3.500000 
3.500000 
0.707107 
0.707107 
1.581139 
1.581139 
0.500000 
0.500000 
2.500000 
2.500000 
2.500000 
2.500000 
2.500000 
2.500000 
0.707107 
0.707107 
1.000000 
1.000000 
4.527693 
4.527693 
0.000000 
0.000000 
3.354102 
3.354102 
2.549510 
2.549510 
8.381527 
8.381527 
1.581139 
1.581139 
3.500000 
3.500000 
1.500000 
1.500000 
1.581139 
1.581139 
1.118034 
1.118034 
2.500000 
2.500000 
2.236068 
2.236068 
2.500000 
2.500000 
0.500000 
0.500000 
0.500000 
0.500000 
1.581139 
1.581139 
1.118034 
1.118034 
3.354102 
3.354102 
2.549510 
2.549510 
8.381527 
8.381527 
1.500000 
1.500000 
3.500000 
3.500000 
0.707107 
0.707107 
1.581139 
1.581139 
0.000000 
0.000000 
2.500000 
2.500000 
1.000000 
1.000000 
2.500000 
2.500000 
0.000000 
0.000000 
0.500000 
0.500000 
0.500000 
0.500000 
0.000000 
0.000000 
11.853270 
11.853270 
2.549510 
2.549510 
1.500000 
1.500000 
3.500000 
3.500000 
8.015610 
8.015610 
9.617692 
9.617692 
2.500000 
2.500000 
7.071068 
7.071068 
2.500000 
2.500000 
0.500000 
0.500000 
0.500000 
0.500000 
0.707107 
0.707107 
0.500000 
0.500000 
0.707107 
0.707107 
2.549510 
2.549510 
0.500000 
0.500000 
3.500000 
3.500000 
8.631338 
8.631338 
0.500000 
0.500000 
0.000000 
0.000000 
2.500000 
2.500000 
3.640055 
3.640055 
0.500000 
0.500000 
1.118034 
1.118034 
1.118034 
1.118034 
0.500000 
0.500000 
2.549510 
2.549510 
5.000000 
5.000000 
3.500000 
3.500000 
1.000000 
1.000000 
0.707107 
0.707107 
0.500000 
0.500000 
0.500000 
0.500000 
0.500000 
0.500000 
0.000000 
0.000000 
6.519202 
6.519202 
0.707107 
0.707107 
1.000000 
1.000000 
2.549510 
2.549510 
0.500000 
0.500000 
3.500000 
3.500000 
1.000000 
1.000000 
0.500000 
0.500000 
0.500000 
0.500000 
0.707107 
0.707107 
0.500000 
0.500000 
7.433034 
7.433034 
1.000000 
1.000000 
0.000000 
0.000000 
1.581139 
1.581139 
2.549510 
2.549510 
0.500000 
0.500000 
1.000000 
1.000000 
0.500000 
0.500000 
0.500000 
0.500000 
0.500000 
0.500000 
0.500000 
0.500000 
