0.000000 
0.000000 
0.000000 
0.000000 
0.000000 
0.000000 
0.000000 
0.000000 
0.000000 
0.000000 
0.000000 
0.000000 
0.000000 
0.000000 
0.000000 
0.000000 
3.640055 
3.640055 
0.000000 
0.000000 
0.000000 
0.000000 
0.500000 
0.500000 
2.549510 
2.549510 
0.500000 
0.500000 
1.000000 
1.000000 
1.118034 
1.118034 
0.000000 
0.000000 
3.000000 
3.000000 
0.707107 
0.707107 
0.000000 
0.000000 
0.500000 
0.500000 
1.000000 
1.000000 
1.414214 
1.414214 
0.500000 
0.500000 
0.707107 
0.707107 
1.000000 
1.000000 
3.000000 
3.000000 
1.118034 
1.118034 
0.000000 
0.000000 
2.121320 
2.121320 
1.500000 
1.500000 
0.500000 
0.500000 
1.000000 
1.000000 
1.118034 
1.118034 
0.000000 
0.000000 
0.500000 
0.500000 
3.000000 
3.000000 
1.118034 
1.118034 
0.000000 
0.000000 
7.500000 
7.500000 
6.184658 
6.184658 
4.500000 
4.500000 
1.500000 
1.500000 
1.581139 
1.581139 
0.000000 
0.000000 
2.692582 
2.692582 
0.500000 
0.500000 
3.000000 
3.000000 
1.118034 
1.118034 
0.000000 
0.000000 
1.802776 
1.802776 
0.500000 
0.500000 
0.707107 
0.707107 
2.000000 
2.000000 
1.000000 
1.000000 
1.000000 
1.000000 
2.500000 
2.500000 
0.500000 
0.500000 
3.000000 
3.000000 
1.118034 
1.118034 
0.000000 
0.000000 
6.020797 
6.020797 
0.500000 
0.500000 
1.118034 
1.118034 
0.500000 
0.500000 
0.500000 
0.500000 
1.000000 
1.000000 
1.802776 
1.802776 
0.500000 
0.500000 
3.000000 
3.000000 
1.118034 
1.118034 
0.000000 
0.000000 
1.118034 
1.118034 
0.500000 
0.500000 
1.581139 
1.581139 
0.000000 
0.000000 
1.500000 
1.500000 
0.000000 
0.000000 
0.000000 
0.000000 
0.000000 
0.000000 
1.581139 
1.581139 
0.500000 
0.500000 
3.000000 
3.000000 
1.118034 
1.118034 
0.000000 
0.000000 
1.118034 
1.118034 
0.500000 
0.500000 
1.414214 
1.414214 
0.707107 
0.707107 
0.500000 
0.500000 
1.581139 
1.581139 
2.000000 
2.000000 
0.000000 
0.000000 
0.707107 
0.707107 
0.500000 
0.500000 
3.000000 
3.000000 
1.118034 
1.118034 
0.000000 
0.000000 
8.732125 
8.732125 
0.500000 
0.500000 
0.500000 
0.500000 
1.118034 
1.118034 
0.707107 
0.707107 
0.000000 
0.000000 
1.500000 
1.500000 
2.061553 
2.061553 
0.000000 
0.000000 
3.535534 
3.535534 
0.500000 
0.500000 
3.000000 
3.000000 
10.049876 
10.049876 
0.000000 
0.000000 
1.000000 
1.000000 
0.500000 
0.500000 
0.500000 
0.500000 
1.118034 
1.118034 
0.000000 
0.000000 
1.000000 
1.000000 
1.500000 
1.500000 
1.118034 
1.118034 
0.000000 
0.000000 
1.581139 
1.581139 
0.500000 
0.500000 
3.000000 
3.000000 
1.118034 
1.118034 
0.000000 
0.000000 
1.000000 
1.000000 
0.500000 
0.500000 
1.118034 
1.118034 
1.118034 
1.118034 
1.118034 
1.118034 
0.500000 
0.500000 
9.124144 
9.124144 
4.000000 
4.000000 
0.000000 
0.000000 
1.118034 
1.118034 
0.500000 
0.500000 
3.000000 
3.000000 
0.707107 
0.707107 
0.000000 
0.000000 
1.000000 
1.000000 
0.500000 
0.500000 
1.000000 
1.000000 
1.118034 
1.118034 
1.581139 
1.581139 
0.500000 
0.500000 
0.707107 
0.707107 
2.915476 
2.915476 
0.000000 
0.000000 
1.118034 
1.118034 
0.500000 
0.500000 
3.000000 
3.000000 
1.000000 
1.000000 
0.000000 
0.000000 
1.000000 
1.000000 
0.500000 
0.500000 
0.500000 
0.500000 
1.118034 
1.118034 
1.581139 
1.581139 
0.500000 
0.500000 
1.118034 
1.118034 
1.802776 
1.802776 
0.000000 
0.000000 
1.118034 
1.118034 
0.500000 
0.500000 
3.000000 
3.000000 
1.000000 
1.000000 
0.000000 
0.000000 
1.000000 
1.000000 
0.500000 
0.500000 
0.707107 
0.707107 
1.118034 
1.118034 
6.184658 
6.184658 
0.500000 
0.500000 
1.118034 
1.118034 
2.500000 
2.500000 
0.000000 
0.000000 
1.118034 
1.118034 
0.500000 
0.500000 
3.000000 
3.000000 
1.000000 
1.000000 
1.000000 
1.000000 
0.500000 
0.500000 
0.000000 
0.000000 
1.118034 
1.118034 
4.272002 
4.272002 
0.500000 
0.500000 
1.118034 
1.118034 
2.549510 
2.549510 
0.000000 
0.000000 
1.118034 
1.118034 
0.500000 
0.500000 
3.000000 
3.000000 
1.581139 
1.581139 
1.000000 
1.000000 
0.500000 
0.500000 
1.414214 
1.414214 
1.118034 
1.118034 
0.707107 
0.707107 
0.500000 
0.500000 
1.118034 
1.118034 
1.118034 
1.118034 
0.000000 
0.000000 
1.118034 
1.118034 
0.500000 
0.500000 
7.500000 
7.500000 
1.000000 
1.000000 
0.500000 
0.500000 
0.707107 
0.707107 
9.552487 
9.552487 
1.118034 
1.118034 
0.500000 
0.500000 
1.118034 
1.118034 
0.707107 
0.707107 
0.000000 
0.000000 
1.118034 
1.118034 
0.500000 
0.500000 
7.500000 
7.500000 
1.000000 
1.000000 
0.500000 
0.500000 
0.707107 
0.707107 
0.707107 
0.707107 
1.802776 
1.802776 
9.219544 
9.219544 
1.118034 
1.118034 
0.707107 
0.707107 
0.000000 
0.000000 
1.118034 
1.118034 
7.500000 
7.500000 
1.000000 
1.000000 
0.500000 
0.500000 
0.707107 
0.707107 
0.707107 
0.707107 
1.581139 
1.581139 
7.516648 
7.516648 
1.118034 
1.118034 
6.670832 
6.670832 
0.000000 
0.000000 
1.118034 
1.118034 
7.500000 
7.500000 
1.000000 
1.000000 
1.581139 
1.581139 
0.707107 
0.707107 
1.802776 
1.802776 
0.500000 
0.500000 
1.118034 
1.118034 
1.581139 
1.581139 
0.000000 
0.000000 
1.118034 
1.118034 
7.500000 
7.500000 
1.000000 
1.000000 
1.414214 
1.414214 
0.707107 
0.707107 
1.500000 
1.500000 
0.500000 
0.500000 
1.118034 
1.118034 
1.581139 
1.581139 
0.000000 
0.000000 
1.118034 
1.118034 
7.500000 
7.500000 
1.000000 
1.000000 
1.000000 
1.000000 
0.707107 
0.707107 
1.581139 
1.581139 
1.000000 
1.000000 
1.118034 
1.118034 
1.581139 
1.581139 
1.118034 
1.118034 
7.500000 
7.500000 
1.000000 
1.000000 
5.024938 
5.024938 
0.707107 
0.707107 
1.118034 
1.118034 
0.500000 
0.500000 
1.118034 
1.118034 
1.581139 
1.581139 
1.118034 
1.118034 
7.500000 
7.500000 
1.000000 
1.000000 
1.000000 
1.000000 
0.707107 
0.707107 
1.118034 
1.118034 
0.000000 
0.000000 
1.118034 
1.118034 
1.581139 
1.581139 
1.118034 
1.118034 
7.500000 
7.500000 
1.000000 
1.000000 
0.500000 
0.500000 
0.707107 
0.707107 
1.118034 
1.118034 
0.707107 
0.707107 
1.118034 
1.118034 
1.581139 
1.581139 
1.118034 
1.118034 
7.500000 
7.500000 
1.000000 
1.000000 
1.414214 
1.414214 
0.707107 
0.707107 
1.118034 
1.118034 
0.500000 
0.500000 
1.118034 
1.118034 
1.581139 
1.581139 
7.500000 
7.500000 
1.118034 
1.118034 
0.707107 
0.707107 
1.118034 
1.118034 
0.500000 
0.500000 
1.118034 
1.118034 
1.581139 
1.581139 
7.500000 
7.500000 
0.500000 
0.500000 
0.707107 
0.707107 
1.118034 
1.118034 
0.000000 
0.000000 
1.118034 
1.118034 
1.581139 
1.581139 
7.500000 
7.500000 
10.511898 
10.511898 
0.707107 
0.707107 
1.118034 
1.118034 
0.000000 
0.000000 
1.000000 
1.000000 
1.581139 
1.581139 
7.500000 
7.500000 
0.707107 
0.707107 
0.707107 
0.707107 
1.118034 
1.118034 
0.000000 
0.000000 
0.707107 
0.707107 
0.707107 
0.707107 
1.581139 
1.581139 
7.500000 
7.500000 
0.000000 
0.000000 
0.707107 
0.707107 
1.118034 
1.118034 
1.118034 
1.118034 
1.118034 
1.118034 
1.118034 
1.118034 
1.581139 
1.581139 
0.500000 
0.500000 
0.707107 
0.707107 
1.118034 
1.118034 
0.707107 
0.707107 
0.707107 
0.707107 
0.500000 
0.500000 
1.581139 
1.581139 
0.000000 
0.000000 
1.118034 
1.118034 
1.118034 
1.118034 
0.500000 
0.500000 
0.707107 
0.707107 
1.581139 
1.581139 
0.707107 
0.707107 
1.118034 
1.118034 
0.000000 
0.000000 
1.118034 
1.118034 
1.000000 
1.000000 
0.000000 
0.000000 
1.581139 
1.581139 
11.543396 
11.543396 
1.118034 
1.118034 
0.500000 
0.500000 
1.118034 
1.118034 
0.707107 
0.707107 
0.000000 
0.000000 
1.000000 
1.000000 
1.118034 
1.118034 
0.500000 
0.500000 
1.118034 
1.118034 
0.707107 
0.707107 
0.000000 
0.000000 
1.000000 
1.000000 
1.118034 
1.118034 
0.500000 
0.500000 
1.118034 
1.118034 
0.707107 
0.707107 
0.000000 
0.000000 
1.000000 
1.000000 
