0.000000 
0.000000 
0.000000 
0.000000 
0.000000 
0.000000 
0.000000 
0.000000 
0.500000 
0.500000 
0.500000 
0.500000 
0.707107 
0.707107 
1.118034 
1.118034 
0.000000 
0.000000 
0.707107 
0.707107 
0.500000 
0.500000 
0.707107 
0.707107 
1.500000 
1.500000 
0.000000 
0.000000 
0.000000 
0.000000 
0.707107 
0.707107 
0.500000 
0.500000 
0.707107 
0.707107 
1.118034 
1.118034 
0.500000 
0.500000 
0.000000 
0.000000 
0.707107 
0.707107 
1.000000 
1.000000 
0.707107 
0.707107 
8.139410 
8.139410 
1.000000 
1.000000 
0.000000 
0.000000 
0.707107 
0.707107 
0.000000 
0.000000 
0.707107 
0.707107 
1.414214 
1.414214 
2.061553 
2.061553 
0.000000 
0.000000 
0.707107 
0.707107 
0.707107 
0.707107 
1.118034 
1.118034 
1.581139 
1.581139 
2.061553 
2.061553 
0.000000 
0.000000 
1.000000 
1.000000 
0.707107 
0.707107 
1.118034 
1.118034 
2.061553 
2.061553 
2.061553 
2.061553 
0.000000 
0.000000 
0.000000 
0.000000 
1.118034 
1.118034 
1.118034 
1.118034 
2.061553 
2.061553 
2.061553 
2.061553 
0.000000 
0.000000 
0.500000 
0.500000 
2.236068 
2.236068 
1.118034 
1.118034 
5.700877 
5.700877 
0.000000 
0.000000 
6.800735 
6.800735 
0.000000 
0.000000 
7.500000 
7.500000 
1.118034 
1.118034 
1.118034 
1.118034 
2.061553 
2.061553 
2.236068 
2.236068 
0.500000 
0.500000 
0.000000 
0.000000 
1.118034 
1.118034 
1.118034 
1.118034 
1.118034 
1.118034 
3.535534 
3.535534 
0.000000 
0.000000 
0.000000 
0.000000 
2.061553 
2.061553 
1.000000 
1.000000 
0.000000 
0.000000 
2.000000 
2.000000 
1.118034 
1.118034 
1.118034 
1.118034 
9.013878 
9.013878 
2.500000 
2.500000 
0.707107 
0.707107 
2.061553 
2.061553 
1.000000 
1.000000 
0.000000 
0.000000 
2.692582 
2.692582 
1.118034 
1.118034 
1.118034 
1.118034 
3.640055 
3.640055 
0.000000 
0.000000 
1.500000 
1.500000 
0.707107 
0.707107 
2.061553 
2.061553 
1.000000 
1.000000 
0.000000 
0.000000 
1.581139 
1.581139 
1.118034 
1.118034 
1.118034 
1.118034 
9.013878 
9.013878 
0.000000 
0.000000 
1.500000 
1.500000 
0.707107 
0.707107 
2.061553 
2.061553 
1.000000 
1.000000 
0.000000 
0.000000 
7.017834 
7.017834 
1.118034 
1.118034 
1.118034 
1.118034 
10.547512 
10.547512 
0.000000 
0.000000 
1.500000 
1.500000 
0.707107 
0.707107 
2.061553 
2.061553 
1.000000 
1.000000 
0.000000 
0.000000 
2.549510 
2.549510 
1.118034 
1.118034 
1.118034 
1.118034 
10.547512 
10.547512 
0.000000 
0.000000 
1.500000 
1.500000 
0.707107 
0.707107 
2.061553 
2.061553 
1.000000 
1.000000 
2.549510 
2.549510 
1.118034 
1.118034 
1.118034 
1.118034 
10.547512 
10.547512 
0.000000 
0.000000 
0.000000 
0.000000 
11.500000 
11.500000 
0.707107 
0.707107 
2.061553 
2.061553 
1.000000 
1.000000 
2.549510 
2.549510 
1.118034 
1.118034 
1.118034 
1.118034 
10.547512 
10.547512 
0.000000 
0.000000 
0.000000 
0.000000 
2.692582 
2.692582 
0.000000 
0.000000 
8.500000 
8.500000 
0.707107 
0.707107 
2.061553 
2.061553 
1.000000 
1.000000 
2.549510 
2.549510 
1.118034 
1.118034 
1.118034 
1.118034 
10.547512 
10.547512 
0.000000 
0.000000 
3.500000 
3.500000 
2.061553 
2.061553 
0.000000 
0.000000 
2.549510 
2.549510 
0.707107 
0.707107 
2.061553 
2.061553 
1.000000 
1.000000 
2.549510 
2.549510 
1.118034 
1.118034 
1.118034 
1.118034 
10.547512 
10.547512 
0.000000 
0.000000 
3.500000 
3.500000 
9.000000 
9.000000 
0.000000 
0.000000 
3.640055 
3.640055 
0.707107 
0.707107 
2.061553 
2.061553 
1.000000 
1.000000 
2.549510 
2.549510 
1.118034 
1.118034 
10.547512 
10.547512 
0.000000 
0.000000 
0.000000 
0.000000 
3.500000 
3.500000 
3.640055 
3.640055 
0.000000 
0.000000 
9.500000 
9.500000 
0.707107 
0.707107 
2.061553 
2.061553 
1.000000 
1.000000 
2.549510 
2.549510 
1.118034 
1.118034 
10.547512 
10.547512 
3.000000 
3.000000 
0.000000 
0.000000 
3.500000 
3.500000 
9.708244 
9.708244 
0.000000 
0.000000 
3.201562 
3.201562 
0.707107 
0.707107 
2.061553 
2.061553 
1.000000 
1.000000 
2.549510 
2.549510 
1.118034 
1.118034 
10.547512 
10.547512 
3.000000 
3.000000 
0.000000 
0.000000 
3.500000 
3.500000 
1.581139 
1.581139 
0.000000 
0.000000 
2.915476 
2.915476 
0.707107 
0.707107 
2.061553 
2.061553 
1.000000 
1.000000 
2.549510 
2.549510 
1.118034 
1.118034 
10.547512 
10.547512 
3.000000 
3.000000 
0.000000 
0.000000 
3.500000 
3.500000 
2.061553 
2.061553 
0.000000 
0.000000 
1.118034 
1.118034 
0.707107 
0.707107 
2.061553 
2.061553 
1.000000 
1.000000 
2.549510 
2.549510 
10.547512 
10.547512 
0.000000 
0.000000 
3.000000 
3.000000 
0.000000 
0.000000 
3.500000 
3.500000 
1.581139 
1.581139 
0.000000 
0.000000 
0.500000 
0.500000 
0.707107 
0.707107 
2.061553 
2.061553 
1.000000 
1.000000 
2.549510 
2.549510 
10.547512 
10.547512 
5.024938 
5.024938 
3.000000 
3.000000 
0.000000 
0.000000 
3.500000 
3.500000 
1.000000 
1.000000 
0.000000 
0.000000 
7.566373 
7.566373 
0.707107 
0.707107 
2.549510 
2.549510 
10.547512 
10.547512 
0.000000 
0.000000 
13.729530 
13.729530 
3.000000 
3.000000 
0.000000 
0.000000 
3.500000 
3.500000 
10.198039 
10.198039 
0.000000 
0.000000 
8.631338 
8.631338 
2.549510 
2.549510 
10.547512 
10.547512 
1.118034 
1.118034 
2.549510 
2.549510 
3.000000 
3.000000 
0.000000 
0.000000 
3.500000 
3.500000 
10.198039 
10.198039 
1.118034 
1.118034 
2.549510 
2.549510 
10.547512 
10.547512 
1.118034 
1.118034 
2.121320 
2.121320 
3.000000 
3.000000 
0.000000 
0.000000 
3.500000 
3.500000 
10.198039 
10.198039 
1.581139 
1.581139 
2.549510 
2.549510 
1.118034 
1.118034 
11.011358 
11.011358 
3.000000 
3.000000 
0.000000 
0.000000 
3.500000 
3.500000 
10.198039 
10.198039 
1.581139 
1.581139 
1.118034 
1.118034 
1.500000 
1.500000 
3.000000 
3.000000 
0.000000 
0.000000 
3.500000 
3.500000 
10.198039 
10.198039 
1.581139 
1.581139 
1.118034 
1.118034 
1.414214 
1.414214 
3.000000 
3.000000 
0.000000 
0.000000 
3.500000 
3.500000 
10.198039 
10.198039 
1.581139 
1.581139 
1.118034 
1.118034 
9.552487 
9.552487 
3.000000 
3.000000 
3.500000 
3.500000 
10.198039 
10.198039 
1.581139 
1.581139 
1.118034 
1.118034 
1.118034 
1.118034 
3.000000 
3.000000 
10.198039 
10.198039 
1.581139 
1.581139 
1.118034 
1.118034 
1.000000 
1.000000 
3.000000 
3.000000 
10.198039 
10.198039 
1.581139 
1.581139 
1.118034 
1.118034 
1.118034 
1.118034 
3.000000 
3.000000 
10.198039 
10.198039 
7.017834 
7.017834 
1.118034 
1.118034 
3.201562 
3.201562 
10.198039 
10.198039 
1.581139 
1.581139 
