0.000000 
0.000000 
0.000000 
0.000000 
0.000000 
0.000000 
0.000000 
0.000000 
0.000000 
0.000000 
1.000000 
1.000000 
1.118034 
1.118034 
1.118034 
1.118034 
0.000000 
0.000000 
1.000000 
1.000000 
1.118034 
1.118034 
1.581139 
1.581139 
0.000000 
0.000000 
0.000000 
0.000000 
4.924429 
4.924429 
1.118034 
1.118034 
2.061553 
2.061553 
0.707107 
0.707107 
0.000000 
0.000000 
1.581139 
1.581139 
1.118034 
1.118034 
11.597414 
11.597414 
0.707107 
0.707107 
0.000000 
0.000000 
0.500000 
0.500000 
1.118034 
1.118034 
3.201562 
3.201562 
0.707107 
0.707107 
0.000000 
0.000000 
1.414214 
1.414214 
1.118034 
1.118034 
2.549510 
2.549510 
0.707107 
0.707107 
0.000000 
0.000000 
1.000000 
1.000000 
1.118034 
1.118034 
1.802776 
1.802776 
0.707107 
0.707107 
0.000000 
0.000000 
0.707107 
0.707107 
1.118034 
1.118034 
2.692582 
2.692582 
1.414214 
1.414214 
0.000000 
0.000000 
1.581139 
1.581139 
1.118034 
1.118034 
2.692582 
2.692582 
0.000000 
0.000000 
0.500000 
0.500000 
0.000000 
0.000000 
0.707107 
0.707107 
1.118034 
1.118034 
2.692582 
2.692582 
1.581139 
1.581139 
0.500000 
0.500000 
0.000000 
0.000000 
1.414214 
1.414214 
1.118034 
1.118034 
2.692582 
2.692582 
1.000000 
1.000000 
0.500000 
0.500000 
0.000000 
0.000000 
1.581139 
1.581139 
1.118034 
1.118034 
2.692582 
2.692582 
1.581139 
1.581139 
0.500000 
0.500000 
0.000000 
0.000000 
1.581139 
1.581139 
1.118034 
1.118034 
2.692582 
2.692582 
1.581139 
1.581139 
0.500000 
0.500000 
0.000000 
0.000000 
1.581139 
1.581139 
1.118034 
1.118034 
2.692582 
2.692582 
5.024938 
5.024938 
0.500000 
0.500000 
0.000000 
0.000000 
1.581139 
1.581139 
1.118034 
1.118034 
2.692582 
2.692582 
0.000000 
0.000000 
0.707107 
0.707107 
0.500000 
0.500000 
1.581139 
1.581139 
2.692582 
2.692582 
2.500000 
2.500000 
0.500000 
0.500000 
0.500000 
0.500000 
1.581139 
1.581139 
2.692582 
2.692582 
2.500000 
2.500000 
4.031129 
4.031129 
0.500000 
0.500000 
1.581139 
1.581139 
2.692582 
2.692582 
2.500000 
2.500000 
11.011358 
11.011358 
0.500000 
0.500000 
1.581139 
1.581139 
2.692582 
2.692582 
2.500000 
2.500000 
0.500000 
0.500000 
0.500000 
0.500000 
1.581139 
1.581139 
2.692582 
2.692582 
2.500000 
2.500000 
12.500000 
12.500000 
0.500000 
0.500000 
1.581139 
1.581139 
2.692582 
2.692582 
2.500000 
2.500000 
1.581139 
1.581139 
0.500000 
0.500000 
1.581139 
1.581139 
2.692582 
2.692582 
0.000000 
0.000000 
18.000000 
18.000000 
1.581139 
1.581139 
0.500000 
0.500000 
10.012492 
10.012492 
3.000000 
3.000000 
3.041381 
3.041381 
1.581139 
1.581139 
0.500000 
0.500000 
0.500000 
0.500000 
2.915476 
2.915476 
5.099020 
5.099020 
1.581139 
1.581139 
0.707107 
0.707107 
0.000000 
0.000000 
6.020797 
6.020797 
2.549510 
2.549510 
1.581139 
1.581139 
0.707107 
0.707107 
0.000000 
0.000000 
2.500000 
2.500000 
1.118034 
1.118034 
2.061553 
2.061553 
1.581139 
1.581139 
0.707107 
0.707107 
1.118034 
1.118034 
1.802776 
1.802776 
4.743416 
4.743416 
10.440307 
10.440307 
1.581139 
1.581139 
0.707107 
0.707107 
0.000000 
0.000000 
1.802776 
1.802776 
6.576473 
6.576473 
1.118034 
1.118034 
2.061553 
2.061553 
1.581139 
1.581139 
0.707107 
0.707107 
0.707107 
0.707107 
1.581139 
1.581139 
6.576473 
6.576473 
2.061553 
2.061553 
1.414214 
1.414214 
1.581139 
1.581139 
0.707107 
0.707107 
1.500000 
1.500000 
5.700877 
5.700877 
6.576473 
6.576473 
2.000000 
2.000000 
0.500000 
0.500000 
1.581139 
1.581139 
0.707107 
0.707107 
1.118034 
1.118034 
0.500000 
0.500000 
6.576473 
6.576473 
2.000000 
2.000000 
9.513149 
9.513149 
1.581139 
1.581139 
0.707107 
0.707107 
1.118034 
1.118034 
1.000000 
1.000000 
6.576473 
6.576473 
1.802776 
1.802776 
7.017834 
7.017834 
1.581139 
1.581139 
0.707107 
0.707107 
0.707107 
0.707107 
0.500000 
0.500000 
6.576473 
6.576473 
1.118034 
1.118034 
0.707107 
0.707107 
1.581139 
1.581139 
0.707107 
0.707107 
0.000000 
0.000000 
0.707107 
0.707107 
1.118034 
1.118034 
6.576473 
6.576473 
3.807887 
3.807887 
0.500000 
0.500000 
1.581139 
1.581139 
0.707107 
0.707107 
0.500000 
0.500000 
0.707107 
0.707107 
1.414214 
1.414214 
6.576473 
6.576473 
4.527693 
4.527693 
0.707107 
0.707107 
1.581139 
1.581139 
0.707107 
0.707107 
0.000000 
0.000000 
1.581139 
1.581139 
0.707107 
0.707107 
1.802776 
1.802776 
6.576473 
6.576473 
0.500000 
0.500000 
7.017834 
7.017834 
0.707107 
0.707107 
1.802776 
1.802776 
0.707107 
0.707107 
0.707107 
0.707107 
1.581139 
1.581139 
6.576473 
6.576473 
0.707107 
0.707107 
2.061553 
2.061553 
0.707107 
0.707107 
