0.000000 
0.000000 
0.000000 
0.000000 
0.000000 
0.000000 
0.000000 
0.000000 
0.000000 
0.000000 
0.000000 
0.000000 
0.000000 
0.000000 
3.640055 
3.640055 
0.000000 
0.000000 
1.802776 
1.802776 
3.640055 
3.640055 
0.000000 
0.000000 
1.802776 
1.802776 
3.640055 
3.640055 
0.000000 
0.000000 
1.802776 
1.802776 
3.640055 
3.640055 
0.000000 
0.000000 
1.802776 
1.802776 
3.640055 
3.640055 
0.000000 
0.000000 
1.802776 
1.802776 
3.640055 
3.640055 
0.000000 
0.000000 
0.000000 
0.000000 
3.500000 
3.500000 
3.640055 
3.640055 
0.000000 
0.000000 
1.581139 
1.581139 
0.500000 
0.500000 
3.162278 
3.162278 
0.000000 
0.000000 
1.581139 
1.581139 
0.500000 
0.500000 
1.414214 
1.414214 
0.000000 
0.000000 
1.581139 
1.581139 
0.500000 
0.500000 
1.414214 
1.414214 
0.000000 
0.000000 
1.581139 
1.581139 
0.500000 
0.500000 
2.500000 
2.500000 
1.581139 
1.581139 
2.000000 
2.000000 
1.581139 
1.581139 
1.581139 
1.581139 
1.000000 
1.000000 
1.414214 
1.414214 
1.581139 
1.581139 
1.000000 
1.000000 
19.163768 
19.163768 
1.581139 
1.581139 
1.000000 
1.000000 
19.163768 
19.163768 
1.581139 
1.581139 
1.000000 
1.000000 
19.163768 
19.163768 
1.581139 
1.581139 
1.000000 
1.000000 
19.163768 
19.163768 
1.581139 
1.581139 
1.000000 
1.000000 
10.049876 
10.049876 
