0.000000 
0.000000 
0.000000 
0.000000 
0.000000 
0.000000 
0.000000 
0.000000 
2.061553 
2.061553 
0.707107 
0.707107 
0.707107 
0.707107 
2.000000 
2.000000 
9.192388 
9.192388 
1.581139 
1.581139 
0.500000 
0.500000 
6.082763 
6.082763 
3.041381 
3.041381 
0.707107 
0.707107 
0.707107 
0.707107 
2.000000 
2.000000 
4.000000 
4.000000 
0.500000 
0.500000 
0.500000 
0.500000 
3.041381 
3.041381 
8.062258 
8.062258 
0.500000 
0.500000 
1.000000 
1.000000 
2.549510 
2.549510 
2.500000 
2.500000 
0.500000 
0.500000 
0.500000 
0.500000 
1.118034 
1.118034 
0.000000 
0.000000 
0.000000 
0.000000 
2.236068 
2.236068 
0.500000 
0.500000 
0.000000 
0.000000 
6.082763 
6.082763 
0.000000 
0.000000 
1.581139 
1.581139 
1.500000 
1.500000 
1.414214 
1.414214 
0.500000 
0.500000 
2.061553 
2.061553 
0.000000 
0.000000 
2.828427 
2.828427 
11.280514 
11.280514 
1.414214 
1.414214 
0.707107 
0.707107 
4.609772 
4.609772 
0.000000 
0.000000 
0.000000 
0.000000 
2.061553 
2.061553 
2.000000 
2.000000 
1.414214 
1.414214 
0.500000 
0.500000 
1.581139 
1.581139 
2.000000 
2.000000 
0.000000 
0.000000 
2.000000 
2.000000 
1.581139 
1.581139 
1.414214 
1.414214 
0.000000 
0.000000 
1.581139 
1.581139 
0.000000 
0.000000 
2.000000 
2.000000 
0.000000 
0.000000 
2.000000 
2.000000 
7.000000 
7.000000 
1.414214 
1.414214 
0.500000 
0.500000 
1.118034 
1.118034 
2.000000 
2.000000 
2.000000 
2.000000 
0.000000 
0.000000 
2.000000 
2.000000 
1.118034 
1.118034 
1.414214 
1.414214 
1.000000 
1.000000 
4.272002 
4.272002 
2.549510 
2.549510 
2.000000 
2.000000 
0.000000 
0.000000 
2.000000 
2.000000 
1.000000 
1.000000 
1.414214 
1.414214 
1.118034 
1.118034 
1.414214 
1.414214 
1.118034 
1.118034 
2.000000 
2.000000 
0.000000 
0.000000 
2.000000 
2.000000 
0.000000 
0.000000 
1.414214 
1.414214 
1.802776 
1.802776 
1.581139 
1.581139 
0.000000 
0.000000 
0.500000 
0.500000 
2.000000 
2.000000 
0.000000 
0.000000 
2.000000 
2.000000 
1.414214 
1.414214 
1.414214 
1.414214 
0.707107 
0.707107 
1.118034 
1.118034 
0.000000 
0.000000 
1.118034 
1.118034 
2.000000 
2.000000 
0.000000 
0.000000 
2.000000 
2.000000 
0.000000 
0.000000 
1.414214 
1.414214 
0.707107 
0.707107 
1.000000 
1.000000 
0.500000 
0.500000 
1.118034 
1.118034 
2.000000 
2.000000 
0.000000 
0.000000 
2.000000 
2.000000 
1.118034 
1.118034 
1.414214 
1.414214 
0.707107 
0.707107 
1.118034 
1.118034 
0.000000 
0.000000 
0.500000 
0.500000 
1.500000 
1.500000 
2.000000 
2.000000 
0.000000 
0.000000 
2.000000 
2.000000 
0.500000 
0.500000 
1.414214 
1.414214 
0.707107 
0.707107 
0.707107 
0.707107 
1.581139 
1.581139 
0.500000 
0.500000 
0.707107 
0.707107 
2.000000 
2.000000 
0.000000 
0.000000 
2.000000 
2.000000 
8.246211 
8.246211 
1.414214 
1.414214 
5.700877 
5.700877 
0.707107 
0.707107 
0.000000 
0.000000 
0.000000 
0.000000 
0.000000 
0.000000 
1.414214 
1.414214 
0.500000 
0.500000 
1.000000 
1.000000 
2.000000 
2.000000 
0.000000 
0.000000 
2.000000 
2.000000 
0.500000 
0.500000 
1.414214 
1.414214 
1.118034 
1.118034 
4.123106 
4.123106 
0.000000 
0.000000 
1.500000 
1.500000 
0.000000 
0.000000 
5.852350 
5.852350 
0.500000 
0.500000 
6.020797 
6.020797 
2.000000 
2.000000 
2.000000 
2.000000 
1.118034 
1.118034 
1.414214 
1.414214 
1.118034 
1.118034 
0.707107 
0.707107 
0.000000 
0.000000 
1.118034 
1.118034 
2.061553 
2.061553 
0.707107 
0.707107 
0.500000 
0.500000 
0.707107 
0.707107 
2.000000 
2.000000 
2.000000 
2.000000 
5.024938 
5.024938 
1.118034 
1.118034 
0.707107 
0.707107 
0.000000 
0.000000 
1.500000 
1.500000 
1.118034 
1.118034 
2.549510 
2.549510 
0.500000 
0.500000 
1.118034 
1.118034 
2.000000 
2.000000 
2.000000 
2.000000 
0.000000 
0.000000 
1.118034 
1.118034 
1.500000 
1.500000 
0.000000 
0.000000 
1.118034 
1.118034 
1.000000 
1.000000 
1.581139 
1.581139 
0.500000 
0.500000 
0.000000 
0.000000 
2.000000 
2.000000 
2.000000 
2.000000 
0.707107 
0.707107 
1.118034 
1.118034 
1.414214 
1.414214 
0.000000 
0.000000 
0.707107 
0.707107 
1.118034 
1.118034 
5.408327 
5.408327 
0.500000 
0.500000 
1.802776 
1.802776 
1.581139 
1.581139 
1.118034 
1.118034 
0.500000 
0.500000 
0.000000 
0.000000 
0.707107 
0.707107 
1.000000 
1.000000 
2.236068 
2.236068 
0.500000 
0.500000 
1.581139 
1.581139 
1.581139 
1.581139 
1.118034 
1.118034 
1.414214 
1.414214 
0.000000 
0.000000 
0.707107 
0.707107 
1.000000 
1.000000 
1.000000 
1.000000 
0.500000 
0.500000 
1.581139 
1.581139 
1.581139 
1.581139 
1.118034 
1.118034 
1.500000 
1.500000 
0.000000 
0.000000 
3.807887 
3.807887 
1.000000 
1.000000 
7.648529 
7.648529 
0.500000 
0.500000 
1.000000 
1.000000 
2.061553 
2.061553 
1.118034 
1.118034 
1.118034 
1.118034 
0.000000 
0.000000 
4.000000 
4.000000 
1.000000 
1.000000 
2.121320 
2.121320 
0.500000 
0.500000 
0.500000 
0.500000 
1.500000 
1.500000 
1.118034 
1.118034 
1.118034 
1.118034 
0.000000 
0.000000 
1.118034 
1.118034 
1.000000 
1.000000 
2.915476 
2.915476 
0.500000 
0.500000 
8.514693 
8.514693 
4.527693 
4.527693 
1.118034 
1.118034 
1.500000 
1.500000 
0.000000 
0.000000 
1.802776 
1.802776 
1.000000 
1.000000 
2.236068 
2.236068 
0.500000 
0.500000 
2.000000 
2.000000 
3.640055 
3.640055 
1.118034 
1.118034 
1.118034 
1.118034 
0.000000 
0.000000 
2.000000 
2.000000 
1.000000 
1.000000 
8.062258 
8.062258 
2.000000 
2.000000 
3.000000 
3.000000 
1.118034 
1.118034 
2.061553 
2.061553 
0.000000 
0.000000 
2.236068 
2.236068 
1.000000 
1.000000 
2.000000 
2.000000 
1.581139 
1.581139 
3.041381 
3.041381 
1.118034 
1.118034 
1.118034 
1.118034 
0.000000 
0.000000 
0.000000 
0.000000 
0.500000 
0.500000 
1.000000 
1.000000 
1.500000 
1.500000 
0.500000 
0.500000 
4.500000 
4.500000 
1.118034 
1.118034 
1.000000 
1.000000 
1.118034 
1.118034 
0.000000 
0.000000 
1.000000 
1.000000 
1.581139 
1.581139 
6.000000 
6.000000 
0.707107 
0.707107 
1.118034 
1.118034 
5.099020 
5.099020 
1.581139 
1.581139 
1.000000 
1.000000 
1.000000 
1.000000 
3.605551 
3.605551 
1.118034 
1.118034 
1.000000 
1.000000 
1.118034 
1.118034 
0.707107 
0.707107 
2.236068 
2.236068 
1.000000 
1.000000 
7.516648 
7.516648 
0.000000 
0.000000 
0.500000 
0.500000 
1.000000 
1.000000 
