0.000000 
0.000000 
0.000000 
0.000000 
2.692582 
2.692582 
1.414214 
1.414214 
2.061553 
2.061553 
2.236068 
2.236068 
2.061553 
2.061553 
0.000000 
0.000000 
2.061553 
2.061553 
0.000000 
0.000000 
0.707107 
0.707107 
2.061553 
2.061553 
0.000000 
0.000000 
1.118034 
1.118034 
1.500000 
1.500000 
2.061553 
2.061553 
10.688779 
10.688779 
1.118034 
1.118034 
1.500000 
1.500000 
2.061553 
2.061553 
9.513149 
9.513149 
9.708244 
9.708244 
2.500000 
2.500000 
2.061553 
2.061553 
4.301163 
4.301163 
2.236068 
2.236068 
1.118034 
1.118034 
2.061553 
2.061553 
5.590170 
5.590170 
2.236068 
2.236068 
1.118034 
1.118034 
2.061553 
2.061553 
5.590170 
5.590170 
1.500000 
1.500000 
0.500000 
0.500000 
2.061553 
2.061553 
5.590170 
5.590170 
2.236068 
2.236068 
2.236068 
2.236068 
2.061553 
2.061553 
5.590170 
5.590170 
2.236068 
2.236068 
1.118034 
1.118034 
2.061553 
2.061553 
5.590170 
5.590170 
10.793517 
10.793517 
2.915476 
2.915476 
2.061553 
2.061553 
5.590170 
5.590170 
2.915476 
2.915476 
0.500000 
0.500000 
2.061553 
2.061553 
5.590170 
5.590170 
3.640055 
3.640055 
1.414214 
1.414214 
2.061553 
2.061553 
5.590170 
5.590170 
2.000000 
2.000000 
1.414214 
1.414214 
0.000000 
0.000000 
5.590170 
5.590170 
10.049876 
10.049876 
1.802776 
1.802776 
0.000000 
0.000000 
5.590170 
5.590170 
3.162278 
3.162278 
2.061553 
2.061553 
1.000000 
1.000000 
5.590170 
5.590170 
3.535534 
3.535534 
1.581139 
1.581139 
1.802776 
1.802776 
5.590170 
5.590170 
2.549510 
2.549510 
8.631338 
8.631338 
2.236068 
2.236068 
5.590170 
5.590170 
2.549510 
2.549510 
0.500000 
0.500000 
2.000000 
2.000000 
5.590170 
5.590170 
2.500000 
2.500000 
0.500000 
0.500000 
2.000000 
2.000000 
5.590170 
5.590170 
1.500000 
1.500000 
1.000000 
1.000000 
6.000000 
6.000000 
1.000000 
1.000000 
1.118034 
1.118034 
2.061553 
2.061553 
0.707107 
0.707107 
9.962429 
9.962429 
1.000000 
1.000000 
0.707107 
0.707107 
0.500000 
0.500000 
1.802776 
1.802776 
2.000000 
2.000000 
1.581139 
1.581139 
1.802776 
1.802776 
7.017834 
7.017834 
1.581139 
1.581139 
1.581139 
1.581139 
1.000000 
1.000000 
19.557607 
19.557607 
1.118034 
1.118034 
1.118034 
1.118034 
4.000000 
4.000000 
0.707107 
0.707107 
1.118034 
1.118034 
4.123106 
4.123106 
0.707107 
0.707107 
2.000000 
2.000000 
2.915476 
2.915476 
1.118034 
1.118034 
2.236068 
2.236068 
1.802776 
1.802776 
1.000000 
1.000000 
2.236068 
2.236068 
9.500000 
9.500000 
0.500000 
0.500000 
1.000000 
1.000000 
2.549510 
2.549510 
5.000000 
5.000000 
1.000000 
1.000000 
3.201562 
3.201562 
