0.000000 
0.000000 
0.000000 
0.000000 
0.500000 
0.500000 
1.581139 
1.581139 
1.581139 
1.581139 
6.020797 
6.020797 
1.581139 
1.581139 
0.707107 
0.707107 
1.581139 
1.581139 
3.041381 
3.041381 
19.557607 
19.557607 
1.118034 
1.118034 
0.707107 
0.707107 
0.500000 
0.500000 
0.000000 
0.000000 
1.118034 
1.118034 
1.118034 
1.118034 
4.924429 
4.924429 
2.061553 
2.061553 
0.500000 
0.500000 
1.118034 
1.118034 
2.061553 
2.061553 
0.000000 
0.000000 
3.354102 
3.354102 
1.581139 
1.581139 
4.031129 
4.031129 
2.549510 
2.549510 
1.581139 
1.581139 
0.500000 
0.500000 
2.828427 
2.828427 
1.581139 
1.581139 
0.000000 
0.000000 
3.605551 
3.605551 
1.581139 
1.581139 
0.500000 
0.500000 
3.905125 
3.905125 
1.581139 
1.581139 
3.807887 
3.807887 
2.121320 
2.121320 
1.581139 
1.581139 
0.500000 
0.500000 
1.802776 
1.802776 
1.581139 
1.581139 
0.500000 
0.500000 
1.802776 
1.802776 
1.581139 
1.581139 
0.500000 
0.500000 
1.802776 
1.802776 
1.581139 
1.581139 
0.500000 
0.500000 
1.802776 
1.802776 
1.581139 
1.581139 
0.000000 
0.000000 
1.802776 
1.802776 
1.581139 
1.581139 
0.500000 
0.500000 
1.802776 
1.802776 
1.581139 
1.581139 
0.500000 
0.500000 
1.802776 
1.802776 
1.581139 
1.581139 
1.118034 
1.118034 
1.802776 
1.802776 
1.581139 
1.581139 
0.707107 
0.707107 
0.000000 
0.000000 
1.802776 
1.802776 
1.581139 
1.581139 
0.500000 
0.500000 
5.590170 
5.590170 
1.802776 
1.802776 
0.707107 
0.707107 
5.147815 
5.147815 
1.802776 
1.802776 
0.707107 
0.707107 
3.162278 
3.162278 
1.802776 
1.802776 
0.500000 
0.500000 
5.700877 
5.700877 
1.802776 
1.802776 
0.707107 
0.707107 
0.707107 
0.707107 
1.802776 
1.802776 
1.118034 
1.118034 
0.707107 
0.707107 
1.802776 
1.802776 
1.414214 
1.414214 
7.071068 
7.071068 
1.000000 
1.000000 
1.500000 
1.500000 
0.707107 
0.707107 
1.500000 
1.500000 
1.581139 
1.581139 
1.500000 
1.500000 
1.118034 
1.118034 
1.500000 
1.500000 
1.802776 
1.802776 
1.500000 
1.500000 
1.500000 
1.500000 
1.500000 
1.500000 
4.031129 
4.031129 
9.486833 
9.486833 
1.581139 
1.581139 
