0.000000 
0.000000 
0.000000 
0.000000 
0.000000 
0.000000 
0.000000 
0.000000 
0.707107 
0.707107 
2.061553 
2.061553 
0.000000 
0.000000 
0.707107 
0.707107 
1.118034 
1.118034 
0.000000 
0.000000 
0.707107 
0.707107 
1.000000 
1.000000 
0.000000 
0.000000 
0.707107 
0.707107 
1.118034 
1.118034 
0.000000 
0.000000 
0.707107 
0.707107 
2.692582 
2.692582 
0.000000 
0.000000 
0.707107 
0.707107 
0.707107 
0.707107 
0.000000 
0.000000 
15.572412 
15.572412 
0.500000 
0.500000 
0.000000 
0.000000 
3.640055 
3.640055 
2.000000 
2.000000 
0.000000 
0.000000 
4.000000 
4.000000 
2.061553 
2.061553 
0.000000 
0.000000 
2.692582 
2.692582 
2.061553 
2.061553 
0.000000 
0.000000 
14.534442 
14.534442 
1.802776 
1.802776 
0.000000 
0.000000 
1.581139 
1.581139 
1.500000 
1.500000 
0.000000 
0.000000 
3.354102 
3.354102 
2.236068 
2.236068 
0.000000 
0.000000 
10.547512 
10.547512 
2.692582 
2.692582 
0.707107 
0.707107 
24.020824 
24.020824 
1.802776 
1.802776 
2.236068 
2.236068 
9.962429 
9.962429 
24.046829 
24.046829 
9.962429 
9.962429 
25.519600 
25.519600 
9.962429 
9.962429 
11.543396 
11.543396 
9.962429 
9.962429 
11.543396 
11.543396 
9.962429 
9.962429 
11.543396 
11.543396 
9.962429 
9.962429 
11.543396 
11.543396 
0.000000 
0.000000 
9.962429 
9.962429 
11.543396 
11.543396 
0.000000 
0.000000 
0.500000 
0.500000 
9.962429 
9.962429 
11.543396 
11.543396 
0.707107 
0.707107 
0.500000 
0.500000 
9.962429 
9.962429 
11.543396 
11.543396 
3.162278 
3.162278 
0.500000 
0.500000 
9.962429 
9.962429 
11.543396 
11.543396 
1.000000 
1.000000 
0.500000 
0.500000 
9.962429 
9.962429 
11.543396 
11.543396 
2.236068 
2.236068 
0.500000 
0.500000 
9.962429 
9.962429 
11.543396 
11.543396 
24.682990 
24.682990 
0.500000 
0.500000 
9.962429 
9.962429 
11.543396 
11.543396 
0.707107 
0.707107 
0.500000 
0.500000 
9.962429 
9.962429 
11.543396 
11.543396 
1.802776 
1.802776 
0.500000 
0.500000 
9.962429 
9.962429 
11.543396 
11.543396 
1.802776 
1.802776 
0.500000 
0.500000 
11.543396 
11.543396 
1.802776 
1.802776 
0.500000 
0.500000 
11.543396 
11.543396 
21.000000 
21.000000 
0.500000 
0.500000 
1.802776 
1.802776 
0.500000 
0.500000 
18.741665 
18.741665 
0.500000 
0.500000 
0.707107 
0.707107 
0.500000 
0.500000 
17.182840 
17.182840 
0.500000 
0.500000 
