0.000000 
0.000000 
0.500000 
0.500000 
0.707107 
0.707107 
1.581139 
1.581139 
1.000000 
1.000000 
1.000000 
1.000000 
1.000000 
1.000000 
1.000000 
1.000000 
1.000000 
1.000000 
1.000000 
1.000000 
1.000000 
1.000000 
1.000000 
1.000000 
1.000000 
1.000000 
1.000000 
1.000000 
1.000000 
1.000000 
1.000000 
1.000000 
1.000000 
1.000000 
1.000000 
1.000000 
1.000000 
1.000000 
0.000000 
0.000000 
2.500000 
2.500000 
4.031129 
4.031129 
14.080128 
14.080128 
13.086252 
13.086252 
2.061553 
2.061553 
2.000000 
2.000000 
3.000000 
3.000000 
3.162278 
3.162278 
2.500000 
2.500000 
21.500000 
21.500000 
