0.000000 
0.000000 
0.000000 
0.000000 
4.716991 
4.716991 
0.500000 
0.500000 
4.716991 
4.716991 
1.000000 
1.000000 
4.716991 
4.716991 
2.500000 
2.500000 
4.716991 
4.716991 
0.707107 
0.707107 
4.716991 
4.716991 
1.802776 
1.802776 
4.716991 
4.716991 
0.707107 
0.707107 
4.716991 
4.716991 
1.118034 
1.118034 
4.716991 
4.716991 
1.581139 
1.581139 
9.604686 
9.604686 
3.041381 
3.041381 
2.061553 
2.061553 
2.500000 
2.500000 
2.061553 
2.061553 
8.544004 
8.544004 
2.061553 
2.061553 
1.118034 
1.118034 
2.061553 
2.061553 
0.707107 
0.707107 
2.061553 
2.061553 
8.732125 
8.732125 
2.061553 
2.061553 
1.118034 
1.118034 
25.124689 
25.124689 
3.500000 
3.500000 
2.061553 
2.061553 
6.082763 
6.082763 
2.061553 
2.061553 
7.071068 
7.071068 
3.354102 
3.354102 
10.511898 
10.511898 
3.807887 
3.807887 
3.162278 
3.162278 
2.121320 
2.121320 
3.500000 
3.500000 
22.522211 
22.522211 
3.535534 
3.535534 
2.692582 
2.692582 
1.118034 
1.118034 
3.041381 
3.041381 
0.500000 
0.500000 
1.581139 
1.581139 
3.535534 
3.535534 
1.000000 
1.000000 
3.500000 
3.500000 
1.118034 
1.118034 
11.045361 
11.045361 
4.123106 
4.123106 
6.020797 
6.020797 
5.500000 
5.500000 
7.566373 
7.566373 
4.123106 
4.123106 
6.020797 
6.020797 
15.074813 
15.074813 
10.511898 
10.511898 
1.118034 
1.118034 
5.000000 
5.000000 
1.581139 
1.581139 
6.000000 
6.000000 
4.123106 
4.123106 
4.609772 
4.609772 
3.807887 
3.807887 
12.175796 
12.175796 
1.500000 
1.500000 
4.031129 
4.031129 
2.236068 
2.236068 
5.024938 
5.024938 
2.236068 
2.236068 
20.615528 
20.615528 
