0.000000 
0.000000 
1.500000 
1.500000 
0.000000 
0.000000 
1.000000 
1.000000 
0.000000 
0.000000 
2.061553 
2.061553 
1.000000 
1.000000 
7.516648 
7.516648 
1.500000 
1.500000 
0.500000 
0.500000 
1.581139 
1.581139 
1.500000 
1.500000 
4.500000 
4.500000 
1.581139 
1.581139 
1.500000 
1.500000 
1.000000 
1.000000 
1.581139 
1.581139 
1.500000 
1.500000 
1.000000 
1.000000 
1.581139 
1.581139 
1.500000 
1.500000 
1.500000 
1.500000 
0.000000 
0.000000 
1.581139 
1.581139 
1.500000 
1.500000 
1.581139 
1.581139 
0.000000 
0.000000 
0.500000 
0.500000 
1.581139 
1.581139 
1.500000 
1.500000 
2.061553 
2.061553 
0.000000 
0.000000 
0.707107 
0.707107 
1.581139 
1.581139 
1.500000 
1.500000 
1.118034 
1.118034 
0.000000 
0.000000 
0.000000 
0.000000 
0.000000 
0.000000 
0.707107 
0.707107 
1.581139 
1.581139 
1.500000 
1.500000 
1.802776 
1.802776 
1.802776 
1.802776 
2.500000 
2.500000 
0.000000 
0.000000 
2.121320 
2.121320 
1.581139 
1.581139 
1.500000 
1.500000 
10.630146 
10.630146 
1.118034 
1.118034 
1.802776 
1.802776 
0.000000 
0.000000 
2.121320 
2.121320 
1.581139 
1.581139 
1.500000 
1.500000 
2.236068 
2.236068 
2.828427 
2.828427 
1.802776 
1.802776 
0.000000 
0.000000 
2.121320 
2.121320 
1.581139 
1.581139 
1.500000 
1.500000 
1.802776 
1.802776 
2.121320 
2.121320 
1.802776 
1.802776 
0.000000 
0.000000 
2.121320 
2.121320 
1.581139 
1.581139 
1.500000 
1.500000 
1.500000 
1.500000 
2.121320 
2.121320 
1.802776 
1.802776 
0.000000 
0.000000 
2.121320 
2.121320 
12.854960 
12.854960 
1.500000 
1.500000 
0.500000 
0.500000 
9.552487 
9.552487 
1.802776 
1.802776 
0.000000 
0.000000 
2.121320 
2.121320 
1.802776 
1.802776 
1.500000 
1.500000 
1.118034 
1.118034 
5.385165 
5.385165 
1.802776 
1.802776 
0.000000 
0.000000 
2.121320 
2.121320 
1.118034 
1.118034 
1.500000 
1.500000 
12.041595 
12.041595 
10.688779 
10.688779 
1.802776 
1.802776 
0.000000 
0.000000 
2.121320 
2.121320 
1.118034 
1.118034 
12.041595 
12.041595 
3.201562 
3.201562 
1.802776 
1.802776 
0.000000 
0.000000 
2.121320 
2.121320 
1.118034 
1.118034 
12.041595 
12.041595 
11.500000 
11.500000 
1.802776 
1.802776 
0.000000 
0.000000 
2.121320 
2.121320 
1.118034 
1.118034 
12.041595 
12.041595 
3.500000 
3.500000 
1.802776 
1.802776 
0.000000 
0.000000 
2.121320 
2.121320 
1.118034 
1.118034 
12.041595 
12.041595 
0.000000 
0.000000 
2.692582 
2.692582 
1.802776 
1.802776 
0.000000 
0.000000 
2.121320 
2.121320 
1.118034 
1.118034 
12.041595 
12.041595 
0.000000 
0.000000 
2.692582 
2.692582 
1.802776 
1.802776 
2.121320 
2.121320 
7.017834 
7.017834 
12.041595 
12.041595 
0.000000 
0.000000 
2.692582 
2.692582 
1.802776 
1.802776 
2.121320 
2.121320 
1.414214 
1.414214 
12.041595 
12.041595 
0.000000 
0.000000 
2.692582 
2.692582 
1.802776 
1.802776 
2.121320 
2.121320 
7.000000 
7.000000 
12.041595 
12.041595 
0.000000 
0.000000 
2.692582 
2.692582 
1.802776 
1.802776 
7.000000 
7.000000 
12.041595 
12.041595 
0.000000 
0.000000 
2.692582 
2.692582 
7.000000 
7.000000 
12.041595 
12.041595 
0.000000 
0.000000 
2.692582 
2.692582 
7.000000 
7.000000 
12.041595 
12.041595 
0.000000 
0.000000 
0.000000 
0.000000 
2.692582 
2.692582 
7.000000 
7.000000 
12.041595 
12.041595 
2.549510 
2.549510 
0.000000 
0.000000 
2.692582 
2.692582 
7.000000 
7.000000 
12.041595 
12.041595 
2.549510 
2.549510 
0.000000 
0.000000 
2.692582 
2.692582 
7.000000 
7.000000 
12.041595 
12.041595 
0.000000 
0.000000 
2.549510 
2.549510 
0.000000 
0.000000 
2.692582 
2.692582 
7.000000 
7.000000 
2.500000 
2.500000 
2.549510 
2.549510 
0.000000 
0.000000 
2.692582 
2.692582 
7.000000 
7.000000 
0.000000 
0.000000 
2.500000 
2.500000 
2.549510 
2.549510 
0.000000 
0.000000 
2.692582 
2.692582 
7.000000 
7.000000 
0.000000 
0.000000 
2.500000 
2.500000 
2.549510 
2.549510 
0.000000 
0.000000 
2.692582 
2.692582 
7.000000 
7.000000 
0.000000 
0.000000 
2.500000 
2.500000 
2.549510 
2.549510 
0.000000 
0.000000 
2.692582 
2.692582 
7.000000 
7.000000 
