0.000000 
0.000000 
0.000000 
0.000000 
0.000000 
0.000000 
2.500000 
2.500000 
0.000000 
0.000000 
2.500000 
2.500000 
0.000000 
0.000000 
2.500000 
2.500000 
0.000000 
0.000000 
2.500000 
2.500000 
0.000000 
0.000000 
2.500000 
2.500000 
0.000000 
0.000000 
2.500000 
2.500000 
0.000000 
0.000000 
2.500000 
2.500000 
0.000000 
0.000000 
2.500000 
2.500000 
0.000000 
0.000000 
2.500000 
2.500000 
0.000000 
0.000000 
2.500000 
2.500000 
0.000000 
0.000000 
2.500000 
2.500000 
0.000000 
0.000000 
2.500000 
2.500000 
0.000000 
0.000000 
2.500000 
2.500000 
0.000000 
0.000000 
2.500000 
2.500000 
2.500000 
2.500000 
0.000000 
0.000000 
1.581139 
1.581139 
1.000000 
1.000000 
12.500000 
12.500000 
1.000000 
1.000000 
1.581139 
1.581139 
3.041381 
3.041381 
3.041381 
3.041381 
3.041381 
3.041381 
3.041381 
3.041381 
0.000000 
0.000000 
3.041381 
3.041381 
0.000000 
0.000000 
3.041381 
3.041381 
0.000000 
0.000000 
3.041381 
3.041381 
0.000000 
0.000000 
3.041381 
3.041381 
0.000000 
0.000000 
3.041381 
3.041381 
0.000000 
0.000000 
3.041381 
3.041381 
0.000000 
0.000000 
3.041381 
3.041381 
0.000000 
0.000000 
12.298374 
12.298374 
3.041381 
3.041381 
3.535534 
3.535534 
2.000000 
2.000000 
3.041381 
3.041381 
2.061553 
2.061553 
7.017834 
7.017834 
3.041381 
3.041381 
