0.000000 
0.000000 
0.000000 
0.000000 
0.000000 
0.000000 
0.000000 
0.000000 
0.000000 
0.000000 
1.000000 
1.000000 
1.000000 
1.000000 
0.000000 
0.000000 
0.500000 
0.500000 
0.500000 
0.500000 
0.000000 
0.000000 
0.500000 
0.500000 
0.707107 
0.707107 
0.500000 
0.500000 
0.500000 
0.500000 
1.118034 
1.118034 
0.000000 
0.000000 
0.000000 
0.000000 
1.118034 
1.118034 
0.500000 
0.500000 
0.707107 
0.707107 
0.000000 
0.000000 
0.707107 
0.707107 
1.118034 
1.118034 
0.707107 
0.707107 
1.000000 
1.000000 
2.236068 
2.236068 
0.500000 
0.500000 
0.707107 
0.707107 
0.500000 
0.500000 
0.500000 
0.500000 
1.118034 
1.118034 
0.000000 
0.000000 
0.500000 
0.500000 
5.522681 
5.522681 
1.581139 
1.581139 
0.500000 
0.500000 
0.707107 
0.707107 
1.000000 
1.000000 
0.707107 
0.707107 
1.414214 
1.414214 
0.500000 
0.500000 
0.707107 
0.707107 
0.500000 
0.500000 
1.802776 
1.802776 
0.500000 
0.500000 
0.707107 
0.707107 
0.000000 
0.000000 
0.500000 
0.500000 
7.516648 
7.516648 
1.500000 
1.500000 
2.549510 
2.549510 
0.707107 
0.707107 
1.802776 
1.802776 
0.500000 
0.500000 
0.707107 
0.707107 
0.000000 
0.000000 
0.707107 
0.707107 
0.500000 
0.500000 
0.500000 
0.500000 
1.581139 
1.581139 
1.000000 
1.000000 
1.802776 
1.802776 
0.000000 
0.000000 
0.707107 
0.707107 
3.000000 
3.000000 
0.707107 
0.707107 
0.707107 
0.707107 
0.500000 
0.500000 
1.118034 
1.118034 
1.581139 
1.581139 
1.802776 
1.802776 
0.000000 
0.000000 
0.707107 
0.707107 
0.000000 
0.000000 
0.500000 
0.500000 
0.500000 
0.500000 
0.500000 
0.500000 
1.000000 
1.000000 
2.061553 
2.061553 
1.802776 
1.802776 
0.000000 
0.000000 
0.707107 
0.707107 
0.500000 
0.500000 
0.000000 
0.000000 
1.500000 
1.500000 
0.500000 
0.500000 
0.500000 
0.500000 
2.121320 
2.121320 
1.802776 
1.802776 
0.000000 
0.000000 
0.707107 
0.707107 
0.000000 
0.000000 
0.500000 
0.500000 
2.061553 
2.061553 
1.414214 
1.414214 
2.236068 
2.236068 
2.121320 
2.121320 
1.802776 
1.802776 
0.000000 
0.000000 
0.707107 
0.707107 
0.000000 
0.000000 
0.707107 
0.707107 
1.802776 
1.802776 
0.500000 
0.500000 
0.000000 
0.000000 
2.121320 
2.121320 
1.802776 
1.802776 
0.000000 
0.000000 
0.707107 
0.707107 
0.000000 
0.000000 
0.707107 
0.707107 
1.500000 
1.500000 
3.807887 
3.807887 
0.500000 
0.500000 
2.121320 
2.121320 
1.802776 
1.802776 
0.000000 
0.000000 
0.707107 
0.707107 
0.500000 
0.500000 
6.020797 
6.020797 
1.118034 
1.118034 
0.000000 
0.000000 
0.500000 
0.500000 
0.707107 
0.707107 
2.121320 
2.121320 
1.802776 
1.802776 
0.000000 
0.000000 
0.707107 
0.707107 
0.500000 
0.500000 
1.118034 
1.118034 
1.118034 
1.118034 
0.000000 
0.000000 
0.707107 
0.707107 
0.707107 
0.707107 
0.500000 
0.500000 
2.121320 
2.121320 
1.802776 
1.802776 
0.000000 
0.000000 
0.707107 
0.707107 
0.500000 
0.500000 
1.118034 
1.118034 
1.118034 
1.118034 
1.000000 
1.000000 
1.118034 
1.118034 
0.500000 
0.500000 
2.500000 
2.500000 
2.121320 
2.121320 
1.802776 
1.802776 
0.000000 
0.000000 
0.000000 
0.000000 
1.118034 
1.118034 
1.118034 
1.118034 
0.000000 
0.000000 
1.000000 
1.000000 
0.707107 
0.707107 
1.118034 
1.118034 
2.500000 
2.500000 
2.121320 
2.121320 
1.802776 
1.802776 
0.000000 
0.000000 
0.000000 
0.000000 
1.118034 
1.118034 
1.118034 
1.118034 
0.000000 
0.000000 
1.802776 
1.802776 
1.000000 
1.000000 
1.802776 
1.802776 
1.000000 
1.000000 
0.500000 
0.500000 
2.121320 
2.121320 
1.802776 
1.802776 
0.000000 
0.000000 
0.500000 
0.500000 
1.118034 
1.118034 
1.118034 
1.118034 
2.121320 
2.121320 
0.000000 
0.000000 
1.000000 
1.000000 
0.707107 
0.707107 
1.414214 
1.414214 
0.500000 
0.500000 
2.121320 
2.121320 
1.802776 
1.802776 
0.000000 
0.000000 
0.500000 
0.500000 
1.118034 
1.118034 
1.118034 
1.118034 
2.061553 
2.061553 
1.118034 
1.118034 
1.000000 
1.000000 
1.118034 
1.118034 
0.707107 
0.707107 
0.500000 
0.500000 
2.121320 
2.121320 
1.802776 
1.802776 
0.000000 
0.000000 
0.000000 
0.000000 
1.118034 
1.118034 
1.118034 
1.118034 
6.324555 
6.324555 
7.071068 
7.071068 
1.000000 
1.000000 
1.118034 
1.118034 
0.500000 
0.500000 
0.500000 
0.500000 
2.121320 
2.121320 
0.000000 
0.000000 
0.000000 
0.000000 
1.118034 
1.118034 
1.118034 
1.118034 
2.500000 
2.500000 
4.500000 
4.500000 
1.000000 
1.000000 
1.118034 
1.118034 
1.000000 
1.000000 
0.707107 
0.707107 
2.121320 
2.121320 
0.000000 
0.000000 
1.118034 
1.118034 
1.118034 
1.118034 
0.000000 
0.000000 
3.535534 
3.535534 
1.118034 
1.118034 
1.000000 
1.000000 
0.500000 
0.500000 
1.000000 
1.000000 
0.500000 
0.500000 
2.121320 
2.121320 
0.500000 
0.500000 
1.118034 
1.118034 
1.118034 
1.118034 
0.500000 
0.500000 
2.828427 
2.828427 
2.061553 
2.061553 
1.000000 
1.000000 
6.103278 
6.103278 
0.500000 
0.500000 
0.500000 
0.500000 
2.121320 
2.121320 
0.500000 
0.500000 
1.118034 
1.118034 
1.118034 
1.118034 
0.000000 
0.000000 
0.000000 
0.000000 
0.500000 
0.500000 
6.576473 
6.576473 
3.162278 
3.162278 
1.000000 
1.000000 
0.707107 
0.707107 
1.118034 
1.118034 
0.500000 
0.500000 
0.500000 
0.500000 
1.118034 
1.118034 
1.118034 
1.118034 
1.118034 
1.118034 
0.000000 
0.000000 
0.000000 
0.000000 
4.031129 
4.031129 
2.000000 
2.000000 
1.000000 
1.000000 
0.707107 
0.707107 
1.000000 
1.000000 
0.500000 
0.500000 
0.500000 
0.500000 
1.118034 
1.118034 
1.118034 
1.118034 
0.500000 
0.500000 
0.000000 
0.000000 
0.500000 
0.500000 
2.549510 
2.549510 
5.024938 
5.024938 
1.000000 
1.000000 
0.000000 
0.000000 
1.118034 
1.118034 
0.500000 
0.500000 
0.500000 
0.500000 
1.118034 
1.118034 
1.118034 
1.118034 
1.414214 
1.414214 
0.000000 
0.000000 
0.500000 
0.500000 
2.500000 
2.500000 
1.581139 
1.581139 
1.000000 
1.000000 
1.000000 
1.000000 
1.118034 
1.118034 
0.000000 
0.000000 
1.118034 
1.118034 
1.118034 
1.118034 
1.581139 
1.581139 
0.000000 
0.000000 
0.707107 
0.707107 
2.500000 
2.500000 
1.000000 
1.000000 
1.000000 
1.000000 
0.500000 
0.500000 
0.500000 
0.500000 
0.500000 
0.500000 
1.000000 
1.000000 
1.000000 
1.000000 
0.000000 
0.000000 
0.500000 
0.500000 
5.830952 
5.830952 
1.581139 
1.581139 
1.000000 
1.000000 
0.500000 
0.500000 
0.000000 
0.000000 
0.707107 
0.707107 
3.605551 
3.605551 
1.000000 
1.000000 
0.000000 
0.000000 
0.500000 
0.500000 
2.500000 
2.500000 
5.700877 
5.700877 
0.707107 
0.707107 
5.700877 
5.700877 
1.118034 
1.118034 
2.061553 
2.061553 
0.500000 
0.500000 
0.000000 
0.000000 
9.708244 
9.708244 
2.121320 
2.121320 
1.000000 
1.000000 
1.118034 
1.118034 
0.000000 
0.000000 
1.118034 
1.118034 
0.500000 
0.500000 
0.707107 
0.707107 
0.000000 
0.000000 
0.707107 
0.707107 
4.272002 
4.272002 
1.500000 
1.500000 
0.000000 
0.000000 
0.000000 
0.000000 
1.118034 
1.118034 
1.000000 
1.000000 
0.500000 
0.500000 
0.000000 
0.000000 
0.707107 
0.707107 
1.118034 
1.118034 
1.581139 
1.581139 
1.000000 
1.000000 
0.500000 
0.500000 
1.118034 
1.118034 
0.707107 
0.707107 
0.500000 
0.500000 
0.000000 
0.000000 
0.500000 
0.500000 
2.000000 
2.000000 
5.099020 
5.099020 
0.707107 
0.707107 
0.000000 
0.000000 
1.118034 
1.118034 
1.118034 
1.118034 
0.707107 
0.707107 
0.000000 
0.000000 
0.500000 
0.500000 
2.692582 
2.692582 
0.500000 
0.500000 
1.118034 
1.118034 
0.500000 
0.500000 
1.118034 
1.118034 
1.500000 
1.500000 
0.707107 
0.707107 
0.000000 
0.000000 
1.414214 
1.414214 
2.692582 
2.692582 
1.118034 
1.118034 
4.031129 
4.031129 
0.500000 
0.500000 
1.118034 
1.118034 
1.000000 
1.000000 
