0.000000 
0.000000 
1.802776 
1.802776 
1.802776 
1.802776 
4.949747 
4.949747 
3.162278 
3.162278 
2.828427 
2.828427 
0.000000 
0.000000 
2.121320 
2.121320 
18.560711 
18.560711 
1.500000 
1.500000 
1.118034 
1.118034 
0.000000 
0.000000 
21.095023 
21.095023 
20.500000 
20.500000 
1.414214 
1.414214 
1.802776 
1.802776 
2.000000 
2.000000 
2.000000 
2.000000 
2.000000 
2.000000 
0.000000 
0.000000 
2.000000 
2.000000 
0.000000 
0.000000 
2.000000 
2.000000 
0.000000 
0.000000 
2.000000 
2.000000 
5.099020 
5.099020 
2.000000 
2.000000 
0.500000 
0.500000 
2.000000 
2.000000 
1.118034 
1.118034 
2.000000 
2.000000 
1.118034 
1.118034 
2.000000 
2.000000 
1.118034 
1.118034 
2.000000 
2.000000 
1.118034 
1.118034 
2.000000 
2.000000 
1.118034 
1.118034 
2.000000 
2.000000 
0.000000 
0.000000 
1.118034 
1.118034 
2.000000 
2.000000 
1.000000 
1.000000 
1.118034 
1.118034 
2.000000 
2.000000 
2.061553 
2.061553 
1.118034 
1.118034 
2.061553 
2.061553 
1.118034 
1.118034 
2.061553 
2.061553 
1.118034 
1.118034 
2.061553 
2.061553 
1.118034 
1.118034 
