0.000000 
0.000000 
0.000000 
0.000000 
0.000000 
0.000000 
1.118034 
1.118034 
0.000000 
0.000000 
23.521267 
23.521267 
0.000000 
0.000000 
2.061553 
2.061553 
0.000000 
0.000000 
24.500000 
24.500000 
0.000000 
0.000000 
3.000000 
3.000000 
0.000000 
0.000000 
0.500000 
0.500000 
0.000000 
0.000000 
1.118034 
1.118034 
0.000000 
0.000000 
1.118034 
1.118034 
0.000000 
0.000000 
0.500000 
0.500000 
0.000000 
0.000000 
0.500000 
0.500000 
0.000000 
0.000000 
0.500000 
0.500000 
0.000000 
0.000000 
0.500000 
0.500000 
0.000000 
0.000000 
1.118034 
1.118034 
0.000000 
0.000000 
10.606602 
10.606602 
0.707107 
0.707107 
0.707107 
0.707107 
11.101802 
11.101802 
27.064737 
27.064737 
27.064737 
27.064737 
27.064737 
27.064737 
0.000000 
0.000000 
0.000000 
0.000000 
27.064737 
27.064737 
2.549510 
2.549510 
2.061553 
2.061553 
27.064737 
27.064737 
2.549510 
2.549510 
1.000000 
1.000000 
27.064737 
27.064737 
2.549510 
2.549510 
1.000000 
1.000000 
27.064737 
27.064737 
2.549510 
2.549510 
0.500000 
0.500000 
27.064737 
27.064737 
30.830180 
30.830180 
0.707107 
0.707107 
27.064737 
27.064737 
24.186773 
24.186773 
2.061553 
2.061553 
27.064737 
27.064737 
3.605551 
3.605551 
1.500000 
1.500000 
27.064737 
27.064737 
0.000000 
0.000000 
4.301163 
4.301163 
8.514693 
8.514693 
27.064737 
27.064737 
1.414214 
1.414214 
2.500000 
2.500000 
1.000000 
1.000000 
27.064737 
27.064737 
1.414214 
1.414214 
5.147815 
5.147815 
1.000000 
1.000000 
27.064737 
27.064737 
1.414214 
1.414214 
13.729530 
13.729530 
1.000000 
1.000000 
27.064737 
27.064737 
1.414214 
1.414214 
24.129857 
24.129857 
0.500000 
0.500000 
1.414214 
1.414214 
8.732125 
8.732125 
1.000000 
1.000000 
1.414214 
1.414214 
1.118034 
1.118034 
1.581139 
1.581139 
1.414214 
1.414214 
1.118034 
1.118034 
2.000000 
2.000000 
1.414214 
1.414214 
18.527007 
18.527007 
0.707107 
0.707107 
