0.000000 
0.000000 
0.000000 
0.000000 
0.000000 
0.000000 
0.000000 
0.000000 
0.000000 
0.000000 
2.061553 
2.061553 
13.341664 
13.341664 
0.500000 
0.500000 
0.000000 
0.000000 
0.000000 
0.000000 
2.061553 
2.061553 
0.707107 
0.707107 
0.707107 
0.707107 
3.041381 
3.041381 
0.000000 
0.000000 
2.061553 
2.061553 
3.535534 
3.535534 
1.000000 
1.000000 
8.500000 
8.500000 
0.000000 
0.000000 
2.061553 
2.061553 
7.211103 
7.211103 
3.535534 
3.535534 
3.500000 
3.500000 
0.000000 
0.000000 
2.061553 
2.061553 
1.581139 
1.581139 
1.000000 
1.000000 
3.535534 
3.535534 
0.000000 
0.000000 
2.061553 
2.061553 
1.581139 
1.581139 
0.500000 
0.500000 
8.558621 
8.558621 
0.000000 
0.000000 
2.061553 
2.061553 
2.500000 
2.500000 
1.500000 
1.500000 
2.549510 
2.549510 
0.000000 
0.000000 
2.061553 
2.061553 
9.055385 
9.055385 
0.500000 
0.500000 
10.547512 
10.547512 
0.000000 
0.000000 
2.061553 
2.061553 
3.000000 
3.000000 
5.099020 
5.099020 
3.000000 
3.000000 
0.000000 
0.000000 
2.061553 
2.061553 
8.631338 
8.631338 
0.500000 
0.500000 
3.000000 
3.000000 
0.000000 
0.000000 
2.061553 
2.061553 
2.549510 
2.549510 
1.118034 
1.118034 
0.000000 
0.000000 
3.000000 
3.000000 
0.000000 
0.000000 
2.061553 
2.061553 
15.500000 
15.500000 
0.707107 
0.707107 
0.000000 
0.000000 
3.640055 
3.640055 
3.000000 
3.000000 
0.000000 
0.000000 
2.061553 
2.061553 
1.581139 
1.581139 
1.414214 
1.414214 
0.000000 
0.000000 
0.707107 
0.707107 
3.640055 
3.640055 
3.000000 
3.000000 
0.000000 
0.000000 
2.061553 
2.061553 
1.581139 
1.581139 
1.118034 
1.118034 
5.220153 
5.220153 
4.500000 
4.500000 
3.640055 
3.640055 
3.000000 
3.000000 
2.061553 
2.061553 
1.581139 
1.581139 
1.118034 
1.118034 
9.013878 
9.013878 
1.500000 
1.500000 
3.640055 
3.640055 
3.000000 
3.000000 
2.500000 
2.500000 
0.500000 
0.500000 
3.535534 
3.535534 
1.500000 
1.500000 
3.640055 
3.640055 
3.000000 
3.000000 
2.915476 
2.915476 
0.707107 
0.707107 
9.219544 
9.219544 
2.692582 
2.692582 
3.640055 
3.640055 
3.000000 
3.000000 
4.031129 
4.031129 
1.000000 
1.000000 
0.000000 
0.000000 
0.000000 
0.000000 
2.236068 
2.236068 
2.692582 
2.692582 
3.640055 
3.640055 
3.000000 
3.000000 
14.008926 
14.008926 
1.000000 
1.000000 
1.118034 
1.118034 
1.118034 
1.118034 
3.162278 
3.162278 
2.692582 
2.692582 
3.640055 
3.640055 
3.000000 
3.000000 
0.500000 
0.500000 
1.000000 
1.000000 
0.707107 
0.707107 
0.500000 
0.500000 
2.549510 
2.549510 
2.692582 
2.692582 
3.640055 
3.640055 
3.000000 
3.000000 
3.162278 
3.162278 
1.000000 
1.000000 
0.000000 
0.000000 
0.707107 
0.707107 
0.707107 
0.707107 
6.519202 
6.519202 
2.692582 
2.692582 
3.640055 
3.640055 
3.000000 
3.000000 
1.802776 
1.802776 
1.000000 
1.000000 
0.707107 
0.707107 
0.707107 
0.707107 
1.118034 
1.118034 
2.061553 
2.061553 
2.692582 
2.692582 
3.640055 
3.640055 
3.000000 
3.000000 
1.802776 
1.802776 
1.000000 
1.000000 
1.414214 
1.414214 
0.707107 
0.707107 
3.041381 
3.041381 
2.236068 
2.236068 
2.692582 
2.692582 
3.640055 
3.640055 
3.000000 
3.000000 
3.535534 
3.535534 
1.000000 
1.000000 
1.414214 
1.414214 
0.707107 
0.707107 
0.500000 
0.500000 
2.549510 
2.549510 
2.692582 
2.692582 
3.640055 
3.640055 
3.535534 
3.535534 
1.000000 
1.000000 
0.000000 
0.000000 
1.000000 
1.000000 
0.707107 
0.707107 
0.500000 
0.500000 
1.000000 
1.000000 
2.692582 
2.692582 
3.640055 
3.640055 
3.535534 
3.535534 
1.000000 
1.000000 
4.000000 
4.000000 
0.500000 
0.500000 
0.707107 
0.707107 
0.500000 
0.500000 
5.590170 
5.590170 
2.692582 
2.692582 
3.640055 
3.640055 
3.535534 
3.535534 
1.000000 
1.000000 
0.000000 
0.000000 
8.500000 
8.500000 
0.707107 
0.707107 
0.707107 
0.707107 
2.915476 
2.915476 
1.118034 
1.118034 
2.692582 
2.692582 
3.535534 
3.535534 
1.000000 
1.000000 
0.000000 
0.000000 
3.535534 
3.535534 
0.707107 
0.707107 
0.707107 
0.707107 
1.414214 
1.414214 
10.111874 
10.111874 
2.692582 
2.692582 
3.535534 
3.535534 
1.000000 
1.000000 
0.000000 
0.000000 
3.535534 
3.535534 
0.500000 
0.500000 
0.707107 
0.707107 
0.500000 
0.500000 
2.061553 
2.061553 
2.692582 
2.692582 
3.535534 
3.535534 
1.000000 
1.000000 
0.000000 
0.000000 
3.535534 
3.535534 
2.121320 
2.121320 
11.672618 
11.672618 
1.118034 
1.118034 
2.061553 
2.061553 
2.692582 
2.692582 
3.535534 
3.535534 
1.000000 
1.000000 
0.000000 
0.000000 
3.535534 
3.535534 
1.118034 
1.118034 
1.118034 
1.118034 
0.500000 
0.500000 
2.061553 
2.061553 
2.692582 
2.692582 
3.535534 
3.535534 
1.000000 
1.000000 
0.000000 
0.000000 
3.535534 
3.535534 
1.118034 
1.118034 
3.535534 
3.535534 
1.581139 
1.581139 
2.061553 
2.061553 
3.535534 
3.535534 
0.000000 
0.000000 
3.535534 
3.535534 
6.000000 
6.000000 
3.354102 
3.354102 
5.099020 
5.099020 
2.061553 
2.061553 
3.535534 
3.535534 
0.000000 
0.000000 
3.535534 
3.535534 
1.118034 
1.118034 
3.354102 
3.354102 
1.802776 
1.802776 
2.061553 
2.061553 
3.535534 
3.535534 
0.000000 
0.000000 
0.000000 
0.000000 
3.535534 
3.535534 
0.500000 
0.500000 
3.354102 
3.354102 
0.500000 
0.500000 
2.061553 
2.061553 
3.535534 
3.535534 
1.581139 
1.581139 
0.000000 
0.000000 
3.535534 
3.535534 
0.707107 
0.707107 
3.354102 
3.354102 
0.707107 
0.707107 
2.061553 
2.061553 
3.535534 
3.535534 
0.707107 
0.707107 
0.000000 
0.000000 
3.535534 
3.535534 
0.707107 
0.707107 
3.354102 
3.354102 
1.118034 
1.118034 
2.061553 
2.061553 
3.535534 
3.535534 
