0.000000 
0.000000 
0.000000 
0.000000 
0.000000 
0.000000 
0.000000 
0.000000 
0.707107 
0.707107 
0.000000 
0.000000 
1.581139 
1.581139 
1.581139 
1.581139 
0.500000 
0.500000 
0.500000 
0.500000 
1.118034 
1.118034 
0.500000 
0.500000 
1.118034 
1.118034 
0.000000 
0.000000 
1.500000 
1.500000 
0.707107 
0.707107 
1.118034 
1.118034 
0.000000 
0.000000 
0.707107 
0.707107 
1.000000 
1.000000 
1.118034 
1.118034 
0.000000 
0.000000 
13.086252 
13.086252 
0.500000 
0.500000 
1.118034 
1.118034 
0.000000 
0.000000 
10.547512 
10.547512 
0.707107 
0.707107 
1.118034 
1.118034 
0.000000 
0.000000 
1.414214 
1.414214 
0.707107 
0.707107 
0.000000 
0.000000 
1.118034 
1.118034 
0.000000 
0.000000 
1.118034 
1.118034 
0.500000 
0.500000 
0.000000 
0.000000 
0.500000 
0.500000 
1.118034 
1.118034 
0.000000 
0.000000 
0.000000 
0.000000 
1.118034 
1.118034 
0.000000 
0.000000 
0.000000 
0.000000 
0.500000 
0.500000 
1.118034 
1.118034 
0.000000 
0.000000 
0.000000 
0.000000 
0.500000 
0.500000 
0.500000 
0.500000 
0.707107 
0.707107 
0.500000 
0.500000 
1.118034 
1.118034 
0.000000 
0.000000 
0.000000 
0.000000 
0.500000 
0.500000 
1.000000 
1.000000 
1.118034 
1.118034 
0.500000 
0.500000 
1.118034 
1.118034 
0.000000 
0.000000 
0.000000 
0.000000 
0.707107 
0.707107 
0.500000 
0.500000 
0.707107 
0.707107 
0.500000 
0.500000 
1.118034 
1.118034 
0.000000 
0.000000 
0.000000 
0.000000 
7.071068 
7.071068 
0.707107 
0.707107 
0.707107 
0.707107 
1.000000 
1.000000 
1.118034 
1.118034 
0.000000 
0.000000 
0.000000 
0.000000 
0.000000 
0.000000 
0.000000 
0.000000 
1.118034 
1.118034 
0.500000 
0.500000 
1.000000 
1.000000 
1.118034 
1.118034 
7.615773 
7.615773 
0.000000 
0.000000 
0.000000 
0.000000 
0.707107 
0.707107 
0.500000 
0.500000 
1.118034 
1.118034 
1.000000 
1.000000 
1.118034 
1.118034 
1.000000 
1.000000 
0.000000 
0.000000 
2.061553 
2.061553 
1.000000 
1.000000 
2.061553 
2.061553 
1.118034 
1.118034 
1.000000 
1.000000 
1.118034 
1.118034 
2.061553 
2.061553 
0.000000 
0.000000 
3.201562 
3.201562 
0.707107 
0.707107 
2.549510 
2.549510 
0.707107 
0.707107 
1.000000 
1.000000 
2.061553 
2.061553 
0.000000 
0.000000 
7.280110 
7.280110 
0.707107 
0.707107 
2.500000 
2.500000 
0.707107 
0.707107 
1.000000 
1.000000 
1.000000 
1.000000 
0.000000 
0.000000 
1.118034 
1.118034 
0.707107 
0.707107 
1.118034 
1.118034 
0.707107 
0.707107 
1.000000 
1.000000 
1.581139 
1.581139 
0.000000 
0.000000 
5.852350 
5.852350 
0.000000 
0.000000 
0.707107 
0.707107 
14.500000 
14.500000 
0.707107 
0.707107 
1.000000 
1.000000 
0.500000 
0.500000 
0.000000 
0.000000 
7.211103 
7.211103 
7.280110 
7.280110 
0.707107 
0.707107 
1.000000 
1.000000 
0.707107 
0.707107 
1.000000 
1.000000 
0.000000 
0.000000 
0.000000 
0.000000 
2.549510 
2.549510 
7.158911 
7.158911 
5.522681 
5.522681 
1.802776 
1.802776 
0.707107 
0.707107 
1.000000 
1.000000 
0.500000 
0.500000 
0.000000 
0.000000 
3.162278 
3.162278 
1.802776 
1.802776 
0.500000 
0.500000 
1.802776 
1.802776 
0.707107 
0.707107 
1.000000 
1.000000 
1.118034 
1.118034 
10.307764 
10.307764 
1.414214 
1.414214 
0.500000 
0.500000 
1.414214 
1.414214 
0.707107 
0.707107 
1.000000 
1.000000 
1.118034 
1.118034 
2.692582 
2.692582 
0.000000 
0.000000 
1.414214 
1.414214 
0.707107 
0.707107 
2.121320 
2.121320 
0.707107 
0.707107 
1.000000 
1.000000 
1.118034 
1.118034 
2.692582 
2.692582 
0.000000 
0.000000 
1.581139 
1.581139 
1.414214 
1.414214 
3.605551 
3.605551 
7.516648 
7.516648 
0.707107 
0.707107 
1.000000 
1.000000 
1.118034 
1.118034 
2.692582 
2.692582 
0.000000 
0.000000 
2.061553 
2.061553 
1.414214 
1.414214 
0.500000 
0.500000 
1.500000 
1.500000 
0.707107 
0.707107 
1.000000 
1.000000 
1.118034 
1.118034 
2.692582 
2.692582 
0.000000 
0.000000 
0.000000 
0.000000 
8.015610 
8.015610 
1.414214 
1.414214 
1.118034 
1.118034 
1.118034 
1.118034 
0.707107 
0.707107 
1.000000 
1.000000 
1.118034 
1.118034 
2.692582 
2.692582 
0.000000 
0.000000 
0.000000 
0.000000 
2.236068 
2.236068 
1.414214 
1.414214 
0.707107 
0.707107 
1.414214 
1.414214 
0.707107 
0.707107 
1.118034 
1.118034 
2.692582 
2.692582 
0.000000 
0.000000 
0.000000 
0.000000 
2.000000 
2.000000 
1.414214 
1.414214 
0.500000 
0.500000 
5.099020 
5.099020 
0.707107 
0.707107 
1.118034 
1.118034 
2.692582 
2.692582 
0.000000 
0.000000 
0.000000 
0.000000 
2.121320 
2.121320 
1.414214 
1.414214 
0.707107 
0.707107 
10.688779 
10.688779 
0.707107 
0.707107 
1.118034 
1.118034 
2.692582 
2.692582 
0.000000 
0.000000 
0.000000 
0.000000 
7.566373 
7.566373 
1.414214 
1.414214 
0.707107 
0.707107 
1.414214 
1.414214 
1.118034 
1.118034 
2.692582 
2.692582 
0.000000 
0.000000 
0.000000 
0.000000 
2.061553 
2.061553 
1.414214 
1.414214 
0.707107 
0.707107 
1.581139 
1.581139 
1.118034 
1.118034 
2.692582 
2.692582 
0.000000 
0.000000 
0.000000 
0.000000 
2.549510 
2.549510 
1.414214 
1.414214 
0.707107 
0.707107 
2.549510 
2.549510 
1.118034 
1.118034 
2.692582 
2.692582 
0.000000 
0.000000 
0.000000 
0.000000 
2.000000 
2.000000 
1.414214 
1.414214 
0.707107 
0.707107 
2.061553 
2.061553 
1.118034 
1.118034 
2.692582 
2.692582 
0.000000 
0.000000 
0.000000 
0.000000 
0.000000 
0.000000 
6.000000 
6.000000 
1.414214 
1.414214 
0.707107 
0.707107 
4.031129 
4.031129 
1.118034 
1.118034 
2.692582 
2.692582 
5.852350 
5.852350 
0.000000 
0.000000 
0.000000 
0.000000 
2.000000 
2.000000 
1.414214 
1.414214 
0.707107 
0.707107 
1.414214 
1.414214 
1.118034 
1.118034 
2.692582 
2.692582 
