0.000000 
0.000000 
0.000000 
0.000000 
0.000000 
0.000000 
0.000000 
0.000000 
1.414214 
1.414214 
1.000000 
1.000000 
0.500000 
0.500000 
1.802776 
1.802776 
1.118034 
1.118034 
7.566373 
7.566373 
0.707107 
0.707107 
1.581139 
1.581139 
1.118034 
1.118034 
7.516648 
7.516648 
0.000000 
0.000000 
5.024938 
5.024938 
0.000000 
0.000000 
0.707107 
0.707107 
0.500000 
0.500000 
0.500000 
0.500000 
0.707107 
0.707107 
0.500000 
0.500000 
1.118034 
1.118034 
0.500000 
0.500000 
0.500000 
0.500000 
1.000000 
1.000000 
1.118034 
1.118034 
0.500000 
0.500000 
0.707107 
0.707107 
5.099020 
5.099020 
0.500000 
0.500000 
0.000000 
0.000000 
1.118034 
1.118034 
0.000000 
0.000000 
0.500000 
0.500000 
6.082763 
6.082763 
6.000000 
6.000000 
6.576473 
6.576473 
0.500000 
0.500000 
7.905694 
7.905694 
0.500000 
0.500000 
0.000000 
0.000000 
0.500000 
0.500000 
0.707107 
0.707107 
0.707107 
0.707107 
1.414214 
1.414214 
0.500000 
0.500000 
0.707107 
0.707107 
1.000000 
1.000000 
0.707107 
0.707107 
0.707107 
0.707107 
0.000000 
0.000000 
0.500000 
0.500000 
0.707107 
0.707107 
1.500000 
1.500000 
0.707107 
0.707107 
0.000000 
0.000000 
0.500000 
0.500000 
6.000000 
6.000000 
0.707107 
0.707107 
0.500000 
0.500000 
0.707107 
0.707107 
0.500000 
0.500000 
0.707107 
0.707107 
0.500000 
0.500000 
0.707107 
0.707107 
0.000000 
0.000000 
0.707107 
0.707107 
0.707107 
0.707107 
0.500000 
0.500000 
1.118034 
1.118034 
0.707107 
0.707107 
0.500000 
0.500000 
0.707107 
0.707107 
1.118034 
1.118034 
6.184658 
6.184658 
0.500000 
0.500000 
0.707107 
0.707107 
0.707107 
0.707107 
0.707107 
0.707107 
0.000000 
0.000000 
0.500000 
0.500000 
1.118034 
1.118034 
0.707107 
0.707107 
0.707107 
0.707107 
0.707107 
0.707107 
0.000000 
0.000000 
0.500000 
0.500000 
0.500000 
0.500000 
0.707107 
0.707107 
0.500000 
0.500000 
0.707107 
0.707107 
0.500000 
0.500000 
0.500000 
0.500000 
0.707107 
0.707107 
0.707107 
0.707107 
0.500000 
0.500000 
13.009612 
13.009612 
0.500000 
0.500000 
0.500000 
0.500000 
1.118034 
1.118034 
0.707107 
0.707107 
0.500000 
0.500000 
13.009612 
13.009612 
0.000000 
0.000000 
5.024938 
5.024938 
1.118034 
1.118034 
0.000000 
0.000000 
13.601471 
13.601471 
0.500000 
0.500000 
13.009612 
13.009612 
3.500000 
3.500000 
0.500000 
0.500000 
0.707107 
0.707107 
0.000000 
0.000000 
1.118034 
1.118034 
0.500000 
0.500000 
13.009612 
13.009612 
6.708204 
6.708204 
0.500000 
0.500000 
7.500000 
7.500000 
0.500000 
0.500000 
1.118034 
1.118034 
0.500000 
0.500000 
13.009612 
13.009612 
0.000000 
0.000000 
0.500000 
0.500000 
0.707107 
0.707107 
0.500000 
0.500000 
0.500000 
0.500000 
0.707107 
0.707107 
13.009612 
13.009612 
2.500000 
2.500000 
0.500000 
0.500000 
1.118034 
1.118034 
0.000000 
0.000000 
0.000000 
0.000000 
12.103718 
12.103718 
0.000000 
0.000000 
13.009612 
13.009612 
0.000000 
0.000000 
0.500000 
0.500000 
0.000000 
0.000000 
0.000000 
0.000000 
0.000000 
0.000000 
3.000000 
3.000000 
0.000000 
0.000000 
13.009612 
13.009612 
0.500000 
0.500000 
0.500000 
0.500000 
0.707107 
0.707107 
0.000000 
0.000000 
0.000000 
0.000000 
7.905694 
7.905694 
0.500000 
0.500000 
13.009612 
13.009612 
0.500000 
0.500000 
4.500000 
4.500000 
0.707107 
0.707107 
0.000000 
0.000000 
0.000000 
0.000000 
7.566373 
7.566373 
1.118034 
1.118034 
13.009612 
13.009612 
1.118034 
1.118034 
1.414214 
1.414214 
0.707107 
0.707107 
0.000000 
0.000000 
0.000000 
0.000000 
7.615773 
7.615773 
1.000000 
1.000000 
13.009612 
13.009612 
2.000000 
2.000000 
1.500000 
1.500000 
8.514693 
8.514693 
0.000000 
0.000000 
0.000000 
0.000000 
3.535534 
3.535534 
2.061553 
2.061553 
13.009612 
13.009612 
2.000000 
2.000000 
2.500000 
2.500000 
1.118034 
1.118034 
0.000000 
0.000000 
0.000000 
0.000000 
7.017834 
7.017834 
7.648529 
7.648529 
13.009612 
13.009612 
11.500000 
11.500000 
2.500000 
2.500000 
1.118034 
1.118034 
0.000000 
0.000000 
0.000000 
0.000000 
4.031129 
4.031129 
2.549510 
2.549510 
13.009612 
13.009612 
1.500000 
1.500000 
9.124144 
9.124144 
1.118034 
1.118034 
0.000000 
0.000000 
0.000000 
0.000000 
4.031129 
4.031129 
2.549510 
2.549510 
13.009612 
13.009612 
12.509996 
12.509996 
2.000000 
2.000000 
3.000000 
3.000000 
5.700877 
5.700877 
0.000000 
0.000000 
8.514693 
8.514693 
2.549510 
2.549510 
1.000000 
1.000000 
7.615773 
7.615773 
10.111874 
10.111874 
2.549510 
2.549510 
0.000000 
0.000000 
8.514693 
8.514693 
2.549510 
2.549510 
2.000000 
2.000000 
7.158911 
7.158911 
3.041381 
3.041381 
12.257651 
12.257651 
0.000000 
0.000000 
8.514693 
8.514693 
2.692582 
2.692582 
2.000000 
2.000000 
3.500000 
3.500000 
10.049876 
10.049876 
0.000000 
0.000000 
12.257651 
12.257651 
0.000000 
0.000000 
8.514693 
8.514693 
2.000000 
2.000000 
2.000000 
2.000000 
9.013878 
9.013878 
6.103278 
6.103278 
0.000000 
0.000000 
12.257651 
12.257651 
0.000000 
0.000000 
8.514693 
8.514693 
2.061553 
2.061553 
2.000000 
2.000000 
9.013878 
9.013878 
11.423660 
11.423660 
0.000000 
0.000000 
12.257651 
12.257651 
0.000000 
0.000000 
8.514693 
8.514693 
10.511898 
10.511898 
2.000000 
2.000000 
13.000000 
13.000000 
6.708204 
6.708204 
