0.000000 
0.000000 
0.000000 
0.000000 
0.000000 
0.000000 
0.000000 
0.000000 
0.000000 
0.000000 
7.516648 
7.516648 
3.000000 
3.000000 
2.236068 
2.236068 
2.061553 
2.061553 
2.692582 
2.692582 
0.000000 
0.000000 
2.549510 
2.549510 
0.707107 
0.707107 
2.061553 
2.061553 
0.707107 
0.707107 
1.118034 
1.118034 
4.000000 
4.000000 
0.500000 
0.500000 
1.118034 
1.118034 
0.000000 
0.000000 
0.000000 
0.000000 
1.000000 
1.000000 
1.000000 
1.000000 
0.500000 
0.500000 
1.118034 
1.118034 
0.000000 
0.000000 
0.707107 
0.707107 
1.581139 
1.581139 
1.000000 
1.000000 
0.000000 
0.000000 
0.500000 
0.500000 
0.707107 
0.707107 
0.707107 
0.707107 
0.500000 
0.500000 
2.000000 
2.000000 
0.707107 
0.707107 
4.743416 
4.743416 
1.581139 
1.581139 
0.707107 
0.707107 
1.500000 
1.500000 
1.500000 
1.500000 
0.000000 
0.000000 
8.246211 
8.246211 
1.581139 
1.581139 
0.707107 
0.707107 
2.549510 
2.549510 
1.581139 
1.581139 
0.000000 
0.000000 
2.915476 
2.915476 
1.581139 
1.581139 
0.707107 
0.707107 
8.000000 
8.000000 
1.581139 
1.581139 
1.118034 
1.118034 
2.121320 
2.121320 
1.000000 
1.000000 
0.707107 
0.707107 
4.743416 
4.743416 
1.000000 
1.000000 
0.000000 
0.000000 
2.121320 
2.121320 
1.118034 
1.118034 
10.111874 
10.111874 
2.915476 
2.915476 
6.020797 
6.020797 
0.500000 
0.500000 
2.121320 
2.121320 
4.031129 
4.031129 
2.000000 
2.000000 
2.236068 
2.236068 
1.581139 
1.581139 
0.500000 
0.500000 
2.121320 
2.121320 
1.118034 
1.118034 
2.000000 
2.000000 
8.558621 
8.558621 
1.500000 
1.500000 
0.500000 
0.500000 
2.121320 
2.121320 
1.414214 
1.414214 
2.000000 
2.000000 
1.118034 
1.118034 
1.000000 
1.000000 
0.500000 
0.500000 
2.121320 
2.121320 
2.061553 
2.061553 
2.000000 
2.000000 
0.500000 
0.500000 
1.581139 
1.581139 
0.500000 
0.500000 
2.121320 
2.121320 
2.500000 
2.500000 
2.000000 
2.000000 
0.500000 
0.500000 
1.118034 
1.118034 
1.118034 
1.118034 
2.121320 
2.121320 
2.061553 
2.061553 
2.000000 
2.000000 
1.000000 
1.000000 
7.500000 
7.500000 
1.000000 
1.000000 
2.121320 
2.121320 
7.516648 
7.516648 
2.000000 
2.000000 
1.581139 
1.581139 
4.500000 
4.500000 
1.118034 
1.118034 
2.121320 
2.121320 
2.000000 
2.000000 
2.000000 
2.000000 
0.000000 
0.000000 
1.000000 
1.000000 
1.581139 
1.581139 
2.121320 
2.121320 
2.500000 
2.500000 
2.000000 
2.000000 
1.118034 
1.118034 
1.500000 
1.500000 
1.500000 
1.500000 
2.121320 
2.121320 
2.061553 
2.061553 
0.000000 
0.000000 
2.000000 
2.000000 
1.000000 
1.000000 
1.000000 
1.000000 
8.000000 
8.000000 
2.121320 
2.121320 
7.500000 
7.500000 
0.000000 
0.000000 
0.707107 
0.707107 
2.000000 
2.000000 
0.707107 
0.707107 
1.581139 
1.581139 
1.000000 
1.000000 
2.121320 
2.121320 
2.000000 
2.000000 
1.000000 
1.000000 
0.000000 
0.000000 
2.000000 
2.000000 
0.707107 
0.707107 
1.118034 
1.118034 
0.500000 
0.500000 
2.121320 
2.121320 
2.061553 
2.061553 
0.000000 
0.000000 
0.500000 
0.500000 
0.707107 
0.707107 
2.000000 
2.000000 
1.500000 
1.500000 
0.500000 
0.500000 
1.118034 
1.118034 
1.581139 
1.581139 
0.500000 
0.500000 
0.500000 
0.500000 
0.707107 
0.707107 
2.000000 
2.000000 
1.118034 
1.118034 
1.118034 
1.118034 
0.500000 
0.500000 
0.707107 
0.707107 
0.000000 
0.000000 
0.500000 
0.500000 
0.500000 
0.500000 
2.000000 
2.000000 
1.000000 
1.000000 
0.707107 
0.707107 
0.707107 
0.707107 
1.000000 
1.000000 
0.000000 
0.000000 
0.000000 
0.000000 
1.000000 
1.000000 
0.500000 
0.500000 
0.000000 
0.000000 
0.500000 
0.500000 
0.500000 
0.500000 
0.000000 
0.000000 
0.707107 
0.707107 
0.500000 
0.500000 
0.707107 
0.707107 
0.000000 
0.000000 
0.707107 
0.707107 
1.000000 
1.000000 
0.000000 
0.000000 
0.500000 
0.500000 
0.707107 
0.707107 
0.707107 
0.707107 
0.000000 
0.000000 
8.500000 
8.500000 
6.519202 
6.519202 
0.000000 
0.000000 
0.500000 
0.500000 
0.500000 
0.500000 
0.500000 
0.500000 
5.099020 
5.099020 
1.118034 
1.118034 
1.118034 
1.118034 
0.000000 
0.000000 
0.000000 
0.000000 
0.707107 
0.707107 
4.272002 
4.272002 
0.000000 
0.000000 
0.707107 
0.707107 
0.707107 
0.707107 
3.905125 
3.905125 
0.500000 
0.500000 
1.000000 
1.000000 
0.500000 
0.500000 
0.707107 
0.707107 
0.707107 
0.707107 
1.000000 
1.000000 
3.905125 
3.905125 
0.500000 
0.500000 
0.707107 
0.707107 
0.500000 
0.500000 
0.500000 
0.500000 
10.111874 
10.111874 
0.707107 
0.707107 
0.000000 
0.000000 
0.000000 
0.000000 
3.905125 
3.905125 
0.500000 
0.500000 
0.500000 
0.500000 
1.000000 
1.000000 
0.000000 
0.000000 
1.581139 
1.581139 
1.500000 
1.500000 
0.000000 
0.000000 
9.552487 
9.552487 
3.905125 
3.905125 
1.000000 
1.000000 
0.500000 
0.500000 
1.000000 
1.000000 
0.707107 
0.707107 
0.707107 
0.707107 
0.000000 
0.000000 
0.000000 
0.000000 
0.000000 
0.000000 
5.590170 
5.590170 
3.905125 
3.905125 
0.707107 
0.707107 
6.082763 
6.082763 
1.118034 
1.118034 
0.707107 
0.707107 
1.414214 
1.414214 
1.000000 
1.000000 
0.000000 
0.000000 
0.000000 
0.000000 
4.031129 
4.031129 
3.905125 
3.905125 
0.000000 
0.000000 
1.118034 
1.118034 
0.000000 
0.000000 
1.000000 
1.000000 
1.118034 
1.118034 
0.500000 
0.500000 
0.000000 
0.000000 
0.000000 
0.000000 
0.000000 
0.000000 
3.905125 
3.905125 
0.707107 
0.707107 
1.000000 
1.000000 
0.707107 
0.707107 
0.000000 
0.000000 
1.118034 
1.118034 
0.707107 
0.707107 
