0.000000 
0.000000 
0.000000 
0.000000 
0.000000 
0.000000 
0.000000 
0.000000 
0.000000 
0.000000 
0.707107 
0.707107 
1.802776 
1.802776 
0.707107 
0.707107 
0.000000 
0.000000 
0.707107 
0.707107 
1.581139 
1.581139 
0.500000 
0.500000 
0.000000 
0.000000 
0.500000 
0.500000 
1.000000 
1.000000 
0.500000 
0.500000 
0.000000 
0.000000 
1.000000 
1.000000 
0.000000 
0.000000 
0.707107 
0.707107 
0.000000 
0.000000 
1.000000 
1.000000 
0.707107 
0.707107 
0.707107 
0.707107 
0.000000 
0.000000 
0.000000 
0.000000 
0.707107 
0.707107 
0.500000 
0.500000 
0.000000 
0.000000 
0.000000 
0.000000 
0.707107 
0.707107 
1.118034 
1.118034 
0.000000 
0.000000 
0.000000 
0.000000 
0.707107 
0.707107 
0.707107 
0.707107 
0.000000 
0.000000 
0.000000 
0.000000 
0.000000 
0.000000 
1.581139 
1.581139 
0.707107 
0.707107 
2.236068 
2.236068 
0.000000 
0.000000 
0.000000 
0.000000 
2.828427 
2.828427 
0.707107 
0.707107 
9.219544 
9.219544 
0.000000 
0.000000 
0.000000 
0.000000 
0.500000 
0.500000 
0.707107 
0.707107 
0.000000 
0.000000 
3.807887 
3.807887 
0.000000 
0.000000 
0.000000 
0.000000 
1.118034 
1.118034 
1.118034 
1.118034 
0.000000 
0.000000 
1.500000 
1.500000 
2.549510 
2.549510 
0.000000 
0.000000 
0.000000 
0.000000 
1.000000 
1.000000 
1.000000 
1.000000 
1.118034 
1.118034 
2.236068 
2.236068 
9.000000 
9.000000 
0.000000 
0.000000 
0.000000 
0.000000 
1.802776 
1.802776 
0.500000 
0.500000 
0.707107 
0.707107 
2.236068 
2.236068 
3.041381 
3.041381 
0.000000 
0.000000 
1.802776 
1.802776 
1.581139 
1.581139 
0.000000 
0.000000 
0.000000 
0.000000 
2.236068 
2.236068 
2.500000 
2.500000 
0.000000 
0.000000 
11.045361 
11.045361 
0.707107 
0.707107 
1.500000 
1.500000 
0.500000 
0.500000 
2.236068 
2.236068 
8.015610 
8.015610 
0.000000 
0.000000 
0.707107 
0.707107 
1.118034 
1.118034 
1.500000 
1.500000 
0.707107 
0.707107 
2.236068 
2.236068 
2.061553 
2.061553 
0.000000 
0.000000 
1.118034 
1.118034 
0.500000 
0.500000 
0.000000 
0.000000 
1.500000 
1.500000 
1.000000 
1.000000 
2.236068 
2.236068 
2.500000 
2.500000 
0.000000 
0.000000 
1.000000 
1.000000 
1.000000 
1.000000 
0.000000 
0.000000 
1.500000 
1.500000 
1.000000 
1.000000 
2.236068 
2.236068 
1.581139 
1.581139 
0.000000 
0.000000 
0.500000 
0.500000 
4.500000 
4.500000 
0.000000 
0.000000 
1.500000 
1.500000 
1.000000 
1.000000 
2.236068 
2.236068 
6.519202 
6.519202 
5.099020 
5.099020 
6.082763 
6.082763 
0.000000 
0.000000 
1.500000 
1.500000 
1.000000 
1.000000 
2.236068 
2.236068 
6.020797 
6.020797 
4.000000 
4.000000 
1.500000 
1.500000 
0.000000 
0.000000 
1.500000 
1.500000 
1.000000 
1.000000 
2.236068 
2.236068 
1.000000 
1.000000 
0.707107 
0.707107 
1.000000 
1.000000 
0.000000 
0.000000 
1.802776 
1.802776 
1.500000 
1.500000 
1.000000 
1.000000 
2.236068 
2.236068 
0.000000 
0.000000 
0.707107 
0.707107 
1.000000 
1.000000 
1.581139 
1.581139 
1.802776 
1.802776 
1.500000 
1.500000 
1.000000 
1.000000 
2.236068 
2.236068 
0.707107 
0.707107 
0.707107 
0.707107 
1.000000 
1.000000 
1.000000 
1.000000 
1.802776 
1.802776 
1.500000 
1.500000 
1.000000 
1.000000 
2.236068 
2.236068 
1.000000 
1.000000 
0.707107 
0.707107 
1.000000 
1.000000 
0.000000 
0.000000 
0.500000 
0.500000 
1.802776 
1.802776 
1.500000 
1.500000 
1.000000 
1.000000 
18.006943 
18.006943 
1.000000 
1.000000 
0.707107 
0.707107 
1.000000 
1.000000 
0.000000 
0.000000 
1.118034 
1.118034 
1.000000 
1.000000 
1.802776 
1.802776 
1.500000 
1.500000 
1.000000 
1.000000 
2.061553 
2.061553 
1.000000 
1.000000 
0.707107 
0.707107 
1.000000 
1.000000 
0.707107 
0.707107 
0.707107 
0.707107 
0.707107 
0.707107 
1.802776 
1.802776 
1.500000 
1.500000 
1.000000 
1.000000 
0.500000 
0.500000 
1.000000 
1.000000 
0.707107 
0.707107 
1.000000 
1.000000 
0.500000 
0.500000 
0.707107 
0.707107 
0.500000 
0.500000 
1.802776 
1.802776 
1.500000 
1.500000 
1.000000 
1.000000 
1.000000 
1.000000 
1.000000 
1.000000 
0.707107 
0.707107 
1.000000 
1.000000 
0.500000 
0.500000 
0.707107 
0.707107 
1.581139 
1.581139 
1.802776 
1.802776 
15.182226 
15.182226 
1.000000 
1.000000 
1.000000 
1.000000 
1.000000 
1.000000 
0.707107 
0.707107 
1.000000 
1.000000 
4.924429 
4.924429 
0.707107 
0.707107 
0.000000 
0.000000 
1.802776 
1.802776 
1.000000 
1.000000 
1.000000 
1.000000 
1.000000 
1.000000 
1.000000 
1.000000 
0.707107 
0.707107 
1.000000 
1.000000 
2.121320 
2.121320 
10.606602 
10.606602 
1.802776 
1.802776 
1.802776 
1.802776 
1.500000 
1.500000 
1.000000 
1.000000 
1.000000 
1.000000 
1.000000 
1.000000 
0.707107 
0.707107 
1.000000 
1.000000 
0.000000 
0.000000 
1.000000 
1.000000 
1.581139 
1.581139 
2.236068 
2.236068 
1.802776 
1.802776 
0.707107 
0.707107 
1.000000 
1.000000 
1.000000 
1.000000 
1.000000 
1.000000 
0.707107 
0.707107 
1.000000 
1.000000 
0.707107 
0.707107 
1.118034 
1.118034 
0.500000 
0.500000 
2.236068 
2.236068 
1.802776 
1.802776 
1.118034 
1.118034 
1.000000 
1.000000 
1.000000 
1.000000 
0.707107 
0.707107 
1.000000 
1.000000 
0.707107 
0.707107 
0.000000 
0.000000 
7.000000 
7.000000 
2.500000 
2.500000 
1.802776 
1.802776 
0.500000 
0.500000 
1.000000 
1.000000 
1.000000 
1.000000 
0.707107 
0.707107 
1.000000 
1.000000 
0.707107 
0.707107 
1.000000 
1.000000 
2.121320 
2.121320 
1.000000 
1.000000 
1.802776 
1.802776 
1.000000 
1.000000 
1.000000 
1.000000 
1.000000 
1.000000 
0.707107 
0.707107 
1.000000 
1.000000 
1.118034 
1.118034 
3.354102 
3.354102 
13.009612 
13.009612 
0.500000 
0.500000 
1.802776 
1.802776 
6.519202 
6.519202 
1.000000 
1.000000 
1.000000 
1.000000 
