0.000000 
0.000000 
0.000000 
0.000000 
0.000000 
0.000000 
0.000000 
0.000000 
0.000000 
0.000000 
0.000000 
0.000000 
0.000000 
0.000000 
0.000000 
0.000000 
0.000000 
0.000000 
0.500000 
0.500000 
6.519202 
6.519202 
1.581139 
1.581139 
1.000000 
1.000000 
6.000000 
6.000000 
0.000000 
0.000000 
1.500000 
1.500000 
0.000000 
0.000000 
2.500000 
2.500000 
1.000000 
1.000000 
0.500000 
0.500000 
0.500000 
0.500000 
0.000000 
0.000000 
0.707107 
0.707107 
0.500000 
0.500000 
2.061553 
2.061553 
0.500000 
0.500000 
4.000000 
4.000000 
0.000000 
0.000000 
1.118034 
1.118034 
0.000000 
0.000000 
0.500000 
0.500000 
0.500000 
0.500000 
1.500000 
1.500000 
1.118034 
1.118034 
0.707107 
0.707107 
0.000000 
0.000000 
0.000000 
0.000000 
2.000000 
2.000000 
0.000000 
0.000000 
0.500000 
0.500000 
0.500000 
0.500000 
0.707107 
0.707107 
0.500000 
0.500000 
1.118034 
1.118034 
4.272002 
4.272002 
0.000000 
0.000000 
1.581139 
1.581139 
0.000000 
0.000000 
0.000000 
0.000000 
1.500000 
1.500000 
0.500000 
0.500000 
0.500000 
0.500000 
1.118034 
1.118034 
0.500000 
0.500000 
0.000000 
0.000000 
4.527693 
4.527693 
0.000000 
0.000000 
0.500000 
0.500000 
1.500000 
1.500000 
0.000000 
0.000000 
1.000000 
1.000000 
1.802776 
1.802776 
0.707107 
0.707107 
0.000000 
0.000000 
0.500000 
0.500000 
0.000000 
0.000000 
1.000000 
1.000000 
1.118034 
1.118034 
0.707107 
0.707107 
0.500000 
0.500000 
1.118034 
1.118034 
0.707107 
0.707107 
0.000000 
0.000000 
0.500000 
0.500000 
0.000000 
0.000000 
8.732125 
8.732125 
1.000000 
1.000000 
0.500000 
0.500000 
0.500000 
0.500000 
0.707107 
0.707107 
1.118034 
1.118034 
0.000000 
0.000000 
0.500000 
0.500000 
0.000000 
0.000000 
5.000000 
5.000000 
1.000000 
1.000000 
6.000000 
6.000000 
4.031129 
4.031129 
0.500000 
0.500000 
0.000000 
0.000000 
1.000000 
1.000000 
0.000000 
0.000000 
0.000000 
0.000000 
0.000000 
0.000000 
1.000000 
1.000000 
1.118034 
1.118034 
1.118034 
1.118034 
0.500000 
0.500000 
0.500000 
0.500000 
0.500000 
0.500000 
1.118034 
1.118034 
0.000000 
0.000000 
7.500000 
7.500000 
0.000000 
0.000000 
6.500000 
6.500000 
0.707107 
0.707107 
2.500000 
2.500000 
0.707107 
0.707107 
0.500000 
0.500000 
0.500000 
0.500000 
1.581139 
1.581139 
0.000000 
0.000000 
3.807887 
3.807887 
0.000000 
0.000000 
1.000000 
1.000000 
0.500000 
0.500000 
1.000000 
1.000000 
0.707107 
0.707107 
0.500000 
0.500000 
0.500000 
0.500000 
1.581139 
1.581139 
0.000000 
0.000000 
6.726812 
6.726812 
0.000000 
0.000000 
0.500000 
0.500000 
0.707107 
0.707107 
1.500000 
1.500000 
0.500000 
0.500000 
6.082763 
6.082763 
0.000000 
0.000000 
1.581139 
1.581139 
0.000000 
0.000000 
2.236068 
2.236068 
1.118034 
1.118034 
0.500000 
0.500000 
1.118034 
1.118034 
0.707107 
0.707107 
0.000000 
0.000000 
0.000000 
0.000000 
1.581139 
1.581139 
0.000000 
0.000000 
2.000000 
2.000000 
0.500000 
0.500000 
1.500000 
1.500000 
1.118034 
1.118034 
0.000000 
0.000000 
0.000000 
0.000000 
0.000000 
0.000000 
1.581139 
1.581139 
0.000000 
0.000000 
1.414214 
1.414214 
1.000000 
1.000000 
1.500000 
1.500000 
6.000000 
6.000000 
0.707107 
0.707107 
0.707107 
0.707107 
0.000000 
0.000000 
1.581139 
1.581139 
0.000000 
0.000000 
4.716991 
4.716991 
0.707107 
0.707107 
1.500000 
1.500000 
1.414214 
1.414214 
0.500000 
0.500000 
0.707107 
0.707107 
0.000000 
0.000000 
1.581139 
1.581139 
0.500000 
0.500000 
0.000000 
0.000000 
1.500000 
1.500000 
1.581139 
1.581139 
0.000000 
0.000000 
1.000000 
1.000000 
0.000000 
0.000000 
1.581139 
1.581139 
1.118034 
1.118034 
1.118034 
1.118034 
1.500000 
1.500000 
1.500000 
1.500000 
0.707107 
0.707107 
0.500000 
0.500000 
0.000000 
0.000000 
1.581139 
1.581139 
1.414214 
1.414214 
0.500000 
0.500000 
1.500000 
1.500000 
1.581139 
1.581139 
0.000000 
0.000000 
0.707107 
0.707107 
0.000000 
0.000000 
0.000000 
0.000000 
0.000000 
0.000000 
0.000000 
0.000000 
1.581139 
1.581139 
0.000000 
0.000000 
0.707107 
0.707107 
1.500000 
1.500000 
1.500000 
1.500000 
0.500000 
0.500000 
1.414214 
1.414214 
0.707107 
0.707107 
0.000000 
0.000000 
0.500000 
0.500000 
0.000000 
0.000000 
1.581139 
1.581139 
0.000000 
0.000000 
1.118034 
1.118034 
1.500000 
1.500000 
6.500000 
6.500000 
3.535534 
3.535534 
3.354102 
3.354102 
0.707107 
0.707107 
0.500000 
0.500000 
0.500000 
0.500000 
0.000000 
0.000000 
1.581139 
1.581139 
1.581139 
1.581139 
5.024938 
5.024938 
1.500000 
1.500000 
1.581139 
1.581139 
1.414214 
1.414214 
2.061553 
2.061553 
0.707107 
0.707107 
2.000000 
2.000000 
0.500000 
0.500000 
0.000000 
0.000000 
1.581139 
1.581139 
1.581139 
1.581139 
2.061553 
2.061553 
1.500000 
1.500000 
2.061553 
2.061553 
1.000000 
1.000000 
1.581139 
1.581139 
0.707107 
0.707107 
2.000000 
2.000000 
0.500000 
0.500000 
0.000000 
0.000000 
1.581139 
1.581139 
1.581139 
1.581139 
2.061553 
2.061553 
1.500000 
1.500000 
2.000000 
2.000000 
0.500000 
0.500000 
0.707107 
0.707107 
0.000000 
0.000000 
0.707107 
0.707107 
1.581139 
1.581139 
0.500000 
0.500000 
0.000000 
0.000000 
1.581139 
1.581139 
1.581139 
1.581139 
2.061553 
2.061553 
1.500000 
1.500000 
1.581139 
1.581139 
1.500000 
1.500000 
5.522681 
5.522681 
1.000000 
1.000000 
0.707107 
0.707107 
2.121320 
2.121320 
0.500000 
0.500000 
0.000000 
0.000000 
1.581139 
1.581139 
2.061553 
2.061553 
11.510864 
11.510864 
7.516648 
7.516648 
0.500000 
0.500000 
5.522681 
5.522681 
1.802776 
1.802776 
0.707107 
0.707107 
2.121320 
2.121320 
0.500000 
0.500000 
0.000000 
0.000000 
1.581139 
1.581139 
2.061553 
2.061553 
3.041381 
3.041381 
4.609772 
4.609772 
6.020797 
6.020797 
5.522681 
5.522681 
0.000000 
0.000000 
2.500000 
2.500000 
0.707107 
0.707107 
2.121320 
2.121320 
0.500000 
0.500000 
1.581139 
1.581139 
2.061553 
2.061553 
2.061553 
2.061553 
2.061553 
2.061553 
2.121320 
2.121320 
5.522681 
5.522681 
1.581139 
1.581139 
2.500000 
2.500000 
0.707107 
0.707107 
2.121320 
2.121320 
0.500000 
0.500000 
1.581139 
1.581139 
2.061553 
2.061553 
8.000000 
8.000000 
2.061553 
2.061553 
2.236068 
2.236068 
5.522681 
5.522681 
1.118034 
1.118034 
2.500000 
2.500000 
0.707107 
0.707107 
2.121320 
2.121320 
0.500000 
0.500000 
1.581139 
1.581139 
2.061553 
2.061553 
3.354102 
3.354102 
7.516648 
7.516648 
3.162278 
3.162278 
5.522681 
5.522681 
1.118034 
1.118034 
2.500000 
2.500000 
0.707107 
0.707107 
2.121320 
2.121320 
0.500000 
0.500000 
1.581139 
1.581139 
2.061553 
2.061553 
2.692582 
2.692582 
2.692582 
2.692582 
7.017834 
7.017834 
5.522681 
5.522681 
1.118034 
1.118034 
2.500000 
2.500000 
0.707107 
0.707107 
2.121320 
2.121320 
0.500000 
0.500000 
1.581139 
1.581139 
2.061553 
2.061553 
2.500000 
2.500000 
11.180340 
11.180340 
1.414214 
1.414214 
5.522681 
5.522681 
0.000000 
0.000000 
1.118034 
1.118034 
2.500000 
2.500000 
0.707107 
0.707107 
2.121320 
2.121320 
0.500000 
0.500000 
1.581139 
1.581139 
2.061553 
2.061553 
5.700877 
5.700877 
7.516648 
7.516648 
2.549510 
2.549510 
5.522681 
5.522681 
0.000000 
0.000000 
1.581139 
1.581139 
1.118034 
1.118034 
2.500000 
2.500000 
0.707107 
0.707107 
2.121320 
2.121320 
0.500000 
0.500000 
1.581139 
1.581139 
2.061553 
2.061553 
2.915476 
2.915476 
1.802776 
1.802776 
3.041381 
3.041381 
5.522681 
5.522681 
0.000000 
0.000000 
2.000000 
2.000000 
8.015610 
8.015610 
2.500000 
2.500000 
0.707107 
0.707107 
2.121320 
2.121320 
0.500000 
0.500000 
1.581139 
1.581139 
2.061553 
2.061553 
5.147815 
5.147815 
2.000000 
2.000000 
2.121320 
2.121320 
5.522681 
5.522681 
0.000000 
0.000000 
0.000000 
0.000000 
9.486833 
9.486833 
2.121320 
2.121320 
3.000000 
3.000000 
2.500000 
2.500000 
2.121320 
2.121320 
0.500000 
0.500000 
1.581139 
1.581139 
2.061553 
2.061553 
5.147815 
5.147815 
2.500000 
2.500000 
5.590170 
5.590170 
5.522681 
5.522681 
