0.000000 
0.000000 
0.000000 
0.000000 
0.707107 
0.707107 
1.000000 
1.000000 
2.061553 
2.061553 
2.121320 
2.121320 
0.707107 
0.707107 
3.354102 
3.354102 
0.500000 
0.500000 
3.354102 
3.354102 
1.000000 
1.000000 
3.201562 
3.201562 
1.581139 
1.581139 
0.707107 
0.707107 
2.061553 
2.061553 
0.500000 
0.500000 
11.011358 
11.011358 
0.500000 
0.500000 
3.000000 
3.000000 
2.692582 
2.692582 
3.000000 
3.000000 
1.802776 
1.802776 
3.000000 
3.000000 
2.061553 
2.061553 
3.000000 
3.000000 
0.500000 
0.500000 
3.000000 
3.000000 
1.802776 
1.802776 
3.000000 
3.000000 
2.692582 
2.692582 
3.000000 
3.000000 
3.354102 
3.354102 
3.000000 
3.000000 
2.121320 
2.121320 
