0.000000 
0.000000 
13.583078 
13.583078 
0.000000 
0.000000 
0.000000 
0.000000 
1.500000 
1.500000 
1.581139 
1.581139 
0.000000 
0.000000 
1.581139 
1.581139 
1.581139 
1.581139 
0.000000 
0.000000 
13.238202 
13.238202 
1.414214 
1.414214 
0.000000 
0.000000 
1.000000 
1.000000 
0.000000 
0.000000 
0.000000 
0.000000 
1.000000 
1.000000 
0.000000 
0.000000 
0.000000 
0.000000 
0.707107 
0.707107 
0.000000 
0.000000 
0.000000 
0.000000 
0.000000 
0.000000 
0.707107 
0.707107 
2.236068 
2.236068 
0.000000 
0.000000 
0.000000 
0.000000 
0.707107 
0.707107 
0.707107 
0.707107 
0.000000 
0.000000 
0.000000 
0.000000 
23.430749 
23.430749 
0.000000 
0.000000 
0.000000 
0.000000 
0.000000 
0.000000 
23.430749 
23.430749 
34.124771 
34.124771 
0.000000 
0.000000 
0.000000 
0.000000 
13.500000 
13.500000 
35.850384 
35.850384 
0.000000 
0.000000 
0.000000 
0.000000 
13.500000 
13.500000 
35.850384 
35.850384 
0.000000 
0.000000 
0.000000 
0.000000 
1.500000 
1.500000 
35.850384 
35.850384 
0.000000 
0.000000 
0.000000 
0.000000 
1.414214 
1.414214 
35.850384 
35.850384 
0.000000 
0.000000 
0.000000 
0.000000 
2.061553 
2.061553 
35.850384 
35.850384 
0.000000 
0.000000 
2.061553 
2.061553 
35.850384 
35.850384 
0.000000 
0.000000 
3.041381 
3.041381 
35.850384 
35.850384 
0.000000 
0.000000 
2.500000 
2.500000 
35.850384 
35.850384 
0.000000 
0.000000 
21.005952 
21.005952 
35.850384 
35.850384 
12.257651 
12.257651 
35.850384 
35.850384 
12.257651 
12.257651 
35.850384 
35.850384 
12.257651 
12.257651 
35.850384 
35.850384 
12.257651 
12.257651 
35.850384 
35.850384 
12.257651 
12.257651 
35.850384 
35.850384 
12.257651 
12.257651 
35.850384 
35.850384 
12.257651 
12.257651 
12.257651 
12.257651 
0.000000 
0.000000 
0.000000 
0.000000 
12.257651 
12.257651 
2.000000 
2.000000 
0.000000 
0.000000 
12.257651 
12.257651 
2.000000 
2.000000 
0.000000 
0.000000 
12.257651 
12.257651 
2.000000 
2.000000 
0.000000 
0.000000 
12.257651 
12.257651 
2.000000 
2.000000 
0.000000 
0.000000 
12.257651 
12.257651 
2.000000 
2.000000 
0.000000 
0.000000 
12.257651 
12.257651 
2.000000 
2.000000 
0.000000 
0.000000 
12.257651 
12.257651 
2.000000 
2.000000 
0.000000 
0.000000 
2.000000 
2.000000 
0.000000 
0.000000 
2.000000 
2.000000 
0.000000 
0.000000 
