0.000000 
0.000000 
0.000000 
0.000000 
1.118034 
1.118034 
0.000000 
0.000000 
1.500000 
1.500000 
0.500000 
0.500000 
0.707107 
0.707107 
1.500000 
1.500000 
7.000000 
7.000000 
0.707107 
0.707107 
1.500000 
1.500000 
2.000000 
2.000000 
0.707107 
0.707107 
1.500000 
1.500000 
2.000000 
2.000000 
0.707107 
0.707107 
1.500000 
1.500000 
2.000000 
2.000000 
0.000000 
0.000000 
0.707107 
0.707107 
1.500000 
1.500000 
2.000000 
2.000000 
4.031129 
4.031129 
0.707107 
0.707107 
1.500000 
1.500000 
2.000000 
2.000000 
16.688319 
16.688319 
0.707107 
0.707107 
1.500000 
1.500000 
16.977927 
16.977927 
5.220153 
5.220153 
0.707107 
0.707107 
1.500000 
1.500000 
1.500000 
1.500000 
5.220153 
5.220153 
0.707107 
0.707107 
1.500000 
1.500000 
0.707107 
0.707107 
5.220153 
5.220153 
0.707107 
0.707107 
1.500000 
1.500000 
0.500000 
0.500000 
5.220153 
5.220153 
0.707107 
0.707107 
1.500000 
1.500000 
1.500000 
1.500000 
5.220153 
5.220153 
0.707107 
0.707107 
1.500000 
1.500000 
2.549510 
2.549510 
5.220153 
5.220153 
0.707107 
0.707107 
1.500000 
1.500000 
1.581139 
1.581139 
23.436083 
23.436083 
0.707107 
0.707107 
1.500000 
1.500000 
7.516648 
7.516648 
1.581139 
1.581139 
0.707107 
0.707107 
1.500000 
1.500000 
2.500000 
2.500000 
4.743416 
4.743416 
3.807887 
3.807887 
4.743416 
4.743416 
7.500000 
7.500000 
4.743416 
4.743416 
12.165525 
12.165525 
8.062258 
8.062258 
3.605551 
3.605551 
1.118034 
1.118034 
18.110770 
18.110770 
2.692582 
2.692582 
14.916434 
14.916434 
1.581139 
1.581139 
2.236068 
2.236068 
2.549510 
2.549510 
1.414214 
1.414214 
0.000000 
0.000000 
0.707107 
0.707107 
1.414214 
1.414214 
2.915476 
2.915476 
1.802776 
1.802776 
1.414214 
1.414214 
4.031129 
4.031129 
2.061553 
2.061553 
1.414214 
1.414214 
0.000000 
0.000000 
4.031129 
4.031129 
2.061553 
2.061553 
1.414214 
1.414214 
1.118034 
1.118034 
4.031129 
4.031129 
2.061553 
2.061553 
1.414214 
1.414214 
1.000000 
1.000000 
4.031129 
4.031129 
2.061553 
2.061553 
1.414214 
1.414214 
31.674122 
31.674122 
4.031129 
4.031129 
2.061553 
2.061553 
1.414214 
1.414214 
0.500000 
0.500000 
4.031129 
4.031129 
1.581139 
1.581139 
1.414214 
1.414214 
1.581139 
1.581139 
4.031129 
4.031129 
16.000000 
16.000000 
1.414214 
1.414214 
4.527693 
4.527693 
4.031129 
4.031129 
16.000000 
16.000000 
1.414214 
1.414214 
5.024938 
5.024938 
4.031129 
4.031129 
16.000000 
16.000000 
1.414214 
1.414214 
12.539936 
12.539936 
4.031129 
4.031129 
16.000000 
16.000000 
1.414214 
1.414214 
0.000000 
0.000000 
1.581139 
1.581139 
4.031129 
4.031129 
16.000000 
16.000000 
1.414214 
1.414214 
