0.000000 
0.000000 
0.000000 
0.000000 
0.000000 
0.000000 
0.000000 
0.000000 
0.000000 
0.000000 
0.000000 
0.000000 
0.000000 
0.000000 
0.000000 
0.000000 
0.000000 
0.000000 
0.000000 
0.000000 
0.000000 
0.000000 
0.000000 
0.000000 
0.000000 
0.000000 
0.000000 
0.000000 
0.000000 
0.000000 
0.000000 
0.000000 
0.000000 
0.000000 
1.802776 
1.802776 
2.915476 
2.915476 
2.000000 
2.000000 
3.162278 
3.162278 
1.118034 
1.118034 
3.041381 
3.041381 
2.692582 
2.692582 
3.500000 
3.500000 
2.828427 
2.828427 
2.692582 
2.692582 
14.637281 
14.637281 
1.000000 
1.000000 
14.637281 
14.637281 
1.118034 
1.118034 
14.637281 
14.637281 
3.041381 
3.041381 
14.637281 
14.637281 
4.000000 
4.000000 
14.637281 
14.637281 
18.506756 
18.506756 
14.637281 
14.637281 
1.581139 
1.581139 
14.637281 
14.637281 
