0.000000 
0.000000 
10.965856 
10.965856 
8.077747 
8.077747 
11.768602 
11.768602 
2.236068 
2.236068 
1.118034 
1.118034 
1.000000 
1.000000 
3.041381 
3.041381 
3.500000 
3.500000 
4.123106 
4.123106 
12.658989 
12.658989 
3.500000 
3.500000 
4.031129 
4.031129 
4.031129 
4.031129 
2.236068 
2.236068 
5.590170 
5.590170 
0.500000 
0.500000 
0.000000 
0.000000 
0.707107 
0.707107 
1.000000 
1.000000 
2.061553 
2.061553 
5.500000 
5.500000 
2.915476 
2.915476 
2.500000 
2.500000 
3.807887 
3.807887 
13.729530 
13.729530 
5.830952 
5.830952 
5.830952 
5.830952 
5.830952 
5.830952 
5.830952 
5.830952 
5.830952 
5.830952 
0.000000 
0.000000 
5.830952 
5.830952 
17.507141 
17.507141 
5.830952 
5.830952 
1.802776 
1.802776 
5.830952 
5.830952 
1.802776 
1.802776 
5.830952 
5.830952 
