0.000000 
0.000000 
17.500000 
17.500000 
5.099020 
5.099020 
6.500000 
6.500000 
0.500000 
0.500000 
0.000000 
0.000000 
0.500000 
0.500000 
0.000000 
0.000000 
27.004629 
27.004629 
26.967573 
26.967573 
2.061553 
2.061553 
26.967573 
26.967573 
17.066048 
17.066048 
8.062258 
8.062258 
2.692582 
2.692582 
4.242641 
4.242641 
1.118034 
1.118034 
1.802776 
1.802776 
1.118034 
1.118034 
0.000000 
0.000000 
1.118034 
1.118034 
1.118034 
1.118034 
0.000000 
0.000000 
1.500000 
1.500000 
2.000000 
2.000000 
0.000000 
0.000000 
1.802776 
1.802776 
1.500000 
1.500000 
0.000000 
0.000000 
0.500000 
0.500000 
2.236068 
2.236068 
0.000000 
0.000000 
0.707107 
0.707107 
1.414214 
1.414214 
0.000000 
0.000000 
1.118034 
1.118034 
0.707107 
0.707107 
0.000000 
0.000000 
1.118034 
1.118034 
1.414214 
1.414214 
0.000000 
0.000000 
1.118034 
1.118034 
0.707107 
0.707107 
0.000000 
0.000000 
0.000000 
0.000000 
1.118034 
1.118034 
0.500000 
0.500000 
0.000000 
0.000000 
0.000000 
0.000000 
10.198039 
10.198039 
0.500000 
0.500000 
0.000000 
0.000000 
0.000000 
0.000000 
1.581139 
1.581139 
0.707107 
0.707107 
0.000000 
0.000000 
0.000000 
0.000000 
1.802776 
1.802776 
1.581139 
1.581139 
0.000000 
0.000000 
0.000000 
0.000000 
1.500000 
1.500000 
1.118034 
1.118034 
0.000000 
0.000000 
0.000000 
0.000000 
1.118034 
1.118034 
7.500000 
7.500000 
0.000000 
0.000000 
0.000000 
0.000000 
3.041381 
3.041381 
1.500000 
1.500000 
0.000000 
0.000000 
2.236068 
2.236068 
0.707107 
0.707107 
0.000000 
0.000000 
3.535534 
3.535534 
6.519202 
6.519202 
0.000000 
0.000000 
12.500000 
12.500000 
1.414214 
1.414214 
0.000000 
0.000000 
2.061553 
2.061553 
0.000000 
0.000000 
0.000000 
0.000000 
1.414214 
1.414214 
0.500000 
0.500000 
0.000000 
0.000000 
1.414214 
1.414214 
0.000000 
0.000000 
0.000000 
0.000000 
1.414214 
1.414214 
1.000000 
1.000000 
0.000000 
0.000000 
1.414214 
1.414214 
18.527007 
18.527007 
1.414214 
1.414214 
3.000000 
3.000000 
14.577380 
14.577380 
4.472136 
4.472136 
11.280514 
11.280514 
4.716991 
4.716991 
11.280514 
11.280514 
5.408327 
5.408327 
