0.000000 
0.000000 
0.000000 
0.000000 
0.000000 
0.000000 
1.118034 
1.118034 
19.163768 
19.163768 
1.500000 
1.500000 
3.162278 
3.162278 
1.118034 
1.118034 
2.500000 
2.500000 
4.609772 
4.609772 
2.692582 
2.692582 
1.500000 
1.500000 
2.000000 
2.000000 
3.162278 
3.162278 
1.581139 
1.581139 
4.527693 
4.527693 
4.031129 
4.031129 
5.024938 
5.024938 
1.414214 
1.414214 
2.549510 
2.549510 
2.549510 
2.549510 
9.124144 
9.124144 
10.511898 
10.511898 
4.031129 
4.031129 
1.118034 
1.118034 
1.500000 
1.500000 
4.609772 
4.609772 
0.707107 
0.707107 
2.692582 
2.692582 
3.162278 
3.162278 
1.118034 
1.118034 
1.802776 
1.802776 
3.041381 
3.041381 
1.118034 
1.118034 
2.500000 
2.500000 
3.000000 
3.000000 
0.000000 
0.000000 
1.118034 
1.118034 
3.354102 
3.354102 
2.061553 
2.061553 
1.118034 
1.118034 
2.000000 
2.000000 
10.440307 
10.440307 
6.082763 
6.082763 
5.522681 
5.522681 
1.000000 
1.000000 
8.381527 
8.381527 
1.118034 
1.118034 
2.500000 
2.500000 
1.500000 
1.500000 
3.535534 
3.535534 
0.500000 
0.500000 
2.236068 
2.236068 
0.707107 
0.707107 
3.041381 
3.041381 
0.707107 
0.707107 
2.549510 
2.549510 
1.118034 
1.118034 
1.118034 
1.118034 
0.500000 
0.500000 
6.082763 
6.082763 
1.581139 
1.581139 
2.236068 
2.236068 
1.000000 
1.000000 
2.000000 
2.000000 
1.802776 
1.802776 
1.802776 
1.802776 
12.500000 
12.500000 
3.640055 
3.640055 
2.236068 
2.236068 
4.609772 
4.609772 
2.549510 
2.549510 
3.162278 
3.162278 
2.236068 
2.236068 
3.162278 
3.162278 
2.061553 
2.061553 
4.472136 
4.472136 
2.236068 
2.236068 
10.793517 
10.793517 
23.162470 
23.162470 
3.605551 
3.605551 
2.236068 
2.236068 
1.000000 
1.000000 
21.148286 
21.148286 
4.716991 
4.716991 
2.236068 
2.236068 
1.118034 
1.118034 
21.148286 
21.148286 
0.000000 
0.000000 
13.038405 
13.038405 
2.236068 
2.236068 
1.000000 
1.000000 
21.148286 
21.148286 
0.500000 
0.500000 
1.414214 
1.414214 
4.743416 
4.743416 
14.008926 
14.008926 
21.148286 
21.148286 
1.500000 
1.500000 
1.000000 
1.000000 
1.500000 
1.500000 
2.061553 
2.061553 
21.148286 
21.148286 
1.000000 
1.000000 
2.915476 
2.915476 
1.000000 
1.000000 
5.700877 
5.700877 
21.148286 
21.148286 
1.414214 
1.414214 
1.414214 
1.414214 
0.707107 
0.707107 
0.707107 
0.707107 
21.148286 
21.148286 
0.707107 
0.707107 
2.121320 
2.121320 
1.000000 
1.000000 
2.000000 
2.000000 
21.148286 
21.148286 
0.500000 
0.500000 
1.118034 
1.118034 
1.500000 
1.500000 
5.830952 
5.830952 
21.148286 
21.148286 
0.500000 
0.500000 
0.707107 
0.707107 
1.581139 
1.581139 
5.590170 
5.590170 
21.148286 
21.148286 
0.707107 
0.707107 
0.500000 
0.500000 
1.581139 
1.581139 
5.500000 
5.500000 
21.148286 
21.148286 
0.707107 
0.707107 
0.707107 
0.707107 
1.581139 
1.581139 
1.581139 
1.581139 
21.148286 
21.148286 
0.000000 
0.000000 
1.000000 
1.000000 
9.823441 
9.823441 
2.500000 
2.500000 
21.148286 
21.148286 
0.500000 
0.500000 
2.061553 
2.061553 
9.823441 
9.823441 
1.500000 
1.500000 
21.148286 
21.148286 
0.000000 
0.000000 
2.500000 
2.500000 
9.823441 
9.823441 
2.061553 
2.061553 
21.148286 
21.148286 
0.707107 
0.707107 
1.581139 
1.581139 
9.823441 
9.823441 
3.162278 
3.162278 
