0.000000 
0.000000 
0.000000 
0.000000 
0.000000 
0.000000 
0.000000 
0.000000 
9.552487 
9.552487 
1.581139 
1.581139 
9.500000 
9.500000 
15.508062 
15.508062 
9.013878 
9.013878 
0.500000 
0.500000 
10.547512 
10.547512 
15.508062 
15.508062 
1.000000 
1.000000 
0.707107 
0.707107 
10.547512 
10.547512 
4.609772 
4.609772 
0.500000 
0.500000 
0.500000 
0.500000 
10.547512 
10.547512 
2.549510 
2.549510 
8.062258 
8.062258 
0.500000 
0.500000 
10.547512 
10.547512 
12.529964 
12.529964 
1.581139 
1.581139 
0.500000 
0.500000 
10.547512 
10.547512 
12.529964 
12.529964 
0.000000 
0.000000 
1.581139 
1.581139 
0.500000 
0.500000 
10.547512 
10.547512 
12.529964 
12.529964 
0.707107 
0.707107 
1.581139 
1.581139 
1.000000 
1.000000 
10.547512 
10.547512 
12.529964 
12.529964 
0.000000 
0.000000 
0.707107 
0.707107 
1.581139 
1.581139 
2.500000 
2.500000 
10.547512 
10.547512 
12.529964 
12.529964 
0.000000 
0.000000 
0.000000 
0.000000 
0.707107 
0.707107 
1.581139 
1.581139 
1.581139 
1.581139 
10.547512 
10.547512 
12.529964 
12.529964 
0.707107 
0.707107 
0.000000 
0.000000 
0.707107 
0.707107 
1.581139 
1.581139 
0.707107 
0.707107 
10.547512 
10.547512 
12.529964 
12.529964 
0.000000 
0.000000 
0.000000 
0.000000 
0.707107 
0.707107 
1.581139 
1.581139 
0.707107 
0.707107 
10.547512 
10.547512 
12.529964 
12.529964 
1.118034 
1.118034 
0.000000 
0.000000 
0.707107 
0.707107 
1.581139 
1.581139 
0.707107 
0.707107 
10.547512 
10.547512 
12.529964 
12.529964 
2.121320 
2.121320 
0.000000 
0.000000 
0.707107 
0.707107 
1.581139 
1.581139 
0.707107 
0.707107 
10.547512 
10.547512 
12.529964 
12.529964 
1.414214 
1.414214 
0.000000 
0.000000 
0.707107 
0.707107 
1.581139 
1.581139 
0.707107 
0.707107 
10.547512 
10.547512 
12.529964 
12.529964 
1.500000 
1.500000 
0.000000 
0.000000 
0.707107 
0.707107 
1.581139 
1.581139 
0.707107 
0.707107 
10.547512 
10.547512 
12.529964 
12.529964 
0.500000 
0.500000 
0.000000 
0.000000 
0.707107 
0.707107 
1.581139 
1.581139 
0.707107 
0.707107 
12.529964 
12.529964 
0.000000 
0.000000 
2.692582 
2.692582 
0.000000 
0.000000 
0.707107 
0.707107 
1.581139 
1.581139 
0.707107 
0.707107 
12.529964 
12.529964 
1.581139 
1.581139 
1.118034 
1.118034 
0.000000 
0.000000 
0.707107 
0.707107 
1.581139 
1.581139 
0.707107 
0.707107 
12.529964 
12.529964 
0.000000 
0.000000 
1.118034 
1.118034 
0.000000 
0.000000 
0.707107 
0.707107 
1.581139 
1.581139 
0.707107 
0.707107 
1.000000 
1.000000 
1.118034 
1.118034 
0.000000 
0.000000 
0.707107 
0.707107 
0.707107 
0.707107 
1.000000 
1.000000 
9.617692 
9.617692 
0.000000 
0.000000 
0.707107 
0.707107 
0.707107 
0.707107 
1.802776 
1.802776 
2.236068 
2.236068 
0.000000 
0.000000 
6.184658 
6.184658 
1.000000 
1.000000 
3.041381 
3.041381 
0.707107 
0.707107 
2.828427 
2.828427 
6.576473 
6.576473 
0.707107 
0.707107 
12.257651 
12.257651 
6.576473 
6.576473 
0.707107 
0.707107 
1.802776 
1.802776 
6.576473 
6.576473 
0.707107 
0.707107 
0.000000 
0.000000 
1.802776 
1.802776 
6.576473 
6.576473 
13.086252 
13.086252 
0.000000 
0.000000 
3.354102 
3.354102 
1.802776 
1.802776 
6.576473 
6.576473 
1.802776 
1.802776 
1.118034 
1.118034 
3.354102 
3.354102 
1.802776 
1.802776 
6.576473 
6.576473 
16.530275 
16.530275 
0.707107 
0.707107 
3.354102 
3.354102 
1.802776 
1.802776 
6.576473 
6.576473 
1.000000 
1.000000 
0.500000 
0.500000 
3.354102 
3.354102 
1.802776 
1.802776 
6.576473 
6.576473 
1.414214 
1.414214 
2.500000 
2.500000 
3.807887 
3.807887 
1.802776 
1.802776 
6.576473 
6.576473 
1.500000 
1.500000 
1.581139 
1.581139 
0.500000 
0.500000 
1.802776 
1.802776 
6.576473 
6.576473 
1.500000 
1.500000 
2.500000 
2.500000 
0.500000 
0.500000 
1.802776 
1.802776 
6.576473 
6.576473 
1.500000 
1.500000 
0.000000 
0.000000 
1.118034 
1.118034 
0.500000 
0.500000 
1.802776 
1.802776 
6.576473 
6.576473 
1.500000 
1.500000 
0.000000 
0.000000 
0.500000 
0.500000 
4.716991 
4.716991 
0.500000 
0.500000 
1.802776 
1.802776 
6.576473 
6.576473 
1.118034 
1.118034 
0.000000 
0.000000 
0.000000 
0.000000 
2.121320 
2.121320 
0.500000 
0.500000 
1.802776 
1.802776 
6.576473 
6.576473 
0.707107 
0.707107 
