0.000000 
0.000000 
0.500000 
0.500000 
3.000000 
3.000000 
1.118034 
1.118034 
1.581139 
1.581139 
0.000000 
0.000000 
3.201562 
3.201562 
0.000000 
0.000000 
1.802776 
1.802776 
0.000000 
0.000000 
0.707107 
0.707107 
0.000000 
0.000000 
1.000000 
1.000000 
0.000000 
0.000000 
0.707107 
0.707107 
0.000000 
0.000000 
1.118034 
1.118034 
0.000000 
0.000000 
0.000000 
0.000000 
0.707107 
0.707107 
0.000000 
0.000000 
0.000000 
0.000000 
0.500000 
0.500000 
0.000000 
0.000000 
0.000000 
0.000000 
0.500000 
0.500000 
0.000000 
0.000000 
0.000000 
0.000000 
0.707107 
0.707107 
0.000000 
0.000000 
0.000000 
0.000000 
1.000000 
1.000000 
0.000000 
0.000000 
0.000000 
0.000000 
0.707107 
0.707107 
0.000000 
0.000000 
0.000000 
0.000000 
0.707107 
0.707107 
0.000000 
0.000000 
0.000000 
0.000000 
1.500000 
1.500000 
0.000000 
0.000000 
0.000000 
0.000000 
0.000000 
0.000000 
0.000000 
0.000000 
0.500000 
0.500000 
0.000000 
0.000000 
0.707107 
0.707107 
0.000000 
0.000000 
0.707107 
0.707107 
0.000000 
0.000000 
16.007811 
16.007811 
0.000000 
0.000000 
2.692582 
2.692582 
2.692582 
2.692582 
2.000000 
2.000000 
1.581139 
1.581139 
2.000000 
2.000000 
12.500000 
12.500000 
2.000000 
2.000000 
11.500000 
11.500000 
2.000000 
2.000000 
0.707107 
0.707107 
2.000000 
2.000000 
9.513149 
9.513149 
2.000000 
2.000000 
0.000000 
0.000000 
2.549510 
2.549510 
2.000000 
2.000000 
4.031129 
4.031129 
1.802776 
1.802776 
2.000000 
2.000000 
3.354102 
3.354102 
1.000000 
1.000000 
2.000000 
2.000000 
0.500000 
0.500000 
1.000000 
1.000000 
2.000000 
2.000000 
5.590170 
5.590170 
1.000000 
1.000000 
2.000000 
2.000000 
0.707107 
0.707107 
1.000000 
1.000000 
2.000000 
2.000000 
19.026298 
19.026298 
1.000000 
1.000000 
2.000000 
2.000000 
1.118034 
1.118034 
15.811388 
15.811388 
2.000000 
2.000000 
