0.000000 
0.000000 
0.000000 
0.000000 
0.000000 
0.000000 
0.000000 
0.000000 
1.500000 
1.500000 
3.640055 
3.640055 
1.000000 
1.000000 
2.236068 
2.236068 
7.158911 
7.158911 
0.000000 
0.000000 
1.581139 
1.581139 
3.162278 
3.162278 
1.414214 
1.414214 
7.017834 
7.017834 
1.414214 
1.414214 
1.581139 
1.581139 
1.581139 
1.581139 
1.581139 
1.581139 
6.670832 
6.670832 
1.118034 
1.118034 
1.581139 
1.581139 
1.802776 
1.802776 
2.121320 
2.121320 
0.500000 
0.500000 
1.581139 
1.581139 
2.236068 
2.236068 
9.708244 
9.708244 
0.500000 
0.500000 
1.581139 
1.581139 
2.000000 
2.000000 
2.692582 
2.692582 
0.500000 
0.500000 
1.581139 
1.581139 
6.519202 
6.519202 
1.500000 
1.500000 
0.500000 
0.500000 
1.581139 
1.581139 
1.802776 
1.802776 
1.500000 
1.500000 
0.500000 
0.500000 
1.581139 
1.581139 
1.802776 
1.802776 
1.500000 
1.500000 
0.500000 
0.500000 
0.000000 
0.000000 
1.581139 
1.581139 
1.802776 
1.802776 
1.500000 
1.500000 
0.500000 
0.500000 
1.118034 
1.118034 
1.581139 
1.581139 
2.915476 
2.915476 
1.500000 
1.500000 
0.500000 
0.500000 
1.118034 
1.118034 
1.581139 
1.581139 
0.500000 
0.500000 
1.500000 
1.500000 
0.500000 
0.500000 
0.000000 
0.000000 
1.414214 
1.414214 
1.581139 
1.581139 
0.000000 
0.000000 
1.500000 
1.500000 
0.500000 
0.500000 
0.500000 
0.500000 
1.118034 
1.118034 
1.581139 
1.581139 
0.500000 
0.500000 
1.500000 
1.500000 
0.500000 
0.500000 
0.707107 
0.707107 
1.118034 
1.118034 
1.581139 
1.581139 
2.000000 
2.000000 
1.500000 
1.500000 
0.500000 
0.500000 
0.707107 
0.707107 
2.061553 
2.061553 
1.581139 
1.581139 
12.658989 
12.658989 
1.500000 
1.500000 
0.500000 
0.500000 
1.118034 
1.118034 
1.581139 
1.581139 
1.581139 
1.581139 
1.500000 
1.500000 
1.500000 
1.500000 
0.500000 
0.500000 
1.000000 
1.000000 
2.236068 
2.236068 
2.915476 
2.915476 
1.500000 
1.500000 
0.500000 
0.500000 
0.500000 
0.500000 
1.000000 
1.000000 
2.692582 
2.692582 
1.500000 
1.500000 
16.347783 
16.347783 
0.707107 
0.707107 
0.707107 
0.707107 
3.041381 
3.041381 
1.500000 
1.500000 
0.000000 
0.000000 
0.707107 
0.707107 
0.707107 
0.707107 
3.041381 
3.041381 
1.500000 
1.500000 
1.000000 
1.000000 
0.000000 
0.000000 
0.500000 
0.500000 
2.000000 
2.000000 
1.118034 
1.118034 
4.031129 
4.031129 
0.707107 
0.707107 
1.118034 
1.118034 
1.118034 
1.118034 
0.500000 
0.500000 
1.802776 
1.802776 
1.118034 
1.118034 
0.707107 
0.707107 
0.707107 
0.707107 
2.121320 
2.121320 
9.552487 
9.552487 
6.082763 
6.082763 
1.118034 
1.118034 
7.017834 
7.017834 
1.581139 
1.581139 
5.700877 
5.700877 
1.118034 
1.118034 
2.236068 
2.236068 
2.236068 
2.236068 
13.038405 
13.038405 
1.118034 
1.118034 
2.500000 
2.500000 
2.061553 
2.061553 
8.860023 
8.860023 
1.118034 
1.118034 
2.236068 
2.236068 
3.535534 
3.535534 
2.000000 
2.000000 
1.118034 
1.118034 
1.000000 
1.000000 
3.041381 
3.041381 
0.500000 
0.500000 
1.118034 
1.118034 
8.000000 
8.000000 
3.000000 
3.000000 
1.500000 
1.500000 
1.118034 
1.118034 
7.158911 
7.158911 
19.104973 
19.104973 
2.121320 
2.121320 
1.118034 
1.118034 
3.162278 
3.162278 
2.000000 
2.000000 
3.041381 
3.041381 
1.118034 
1.118034 
7.000000 
7.000000 
3.500000 
3.500000 
2.000000 
2.000000 
1.118034 
1.118034 
2.000000 
2.000000 
4.924429 
4.924429 
2.000000 
2.000000 
1.118034 
1.118034 
2.061553 
2.061553 
4.924429 
4.924429 
2.000000 
2.000000 
1.118034 
1.118034 
2.061553 
2.061553 
4.924429 
4.924429 
2.000000 
2.000000 
