0.000000 
0.000000 
0.000000 
0.000000 
1.118034 
1.118034 
4.500000 
4.500000 
1.802776 
1.802776 
1.118034 
1.118034 
1.118034 
1.118034 
1.500000 
1.500000 
0.000000 
0.000000 
1.000000 
1.000000 
0.500000 
0.500000 
1.802776 
1.802776 
1.414214 
1.414214 
1.802776 
1.802776 
1.000000 
1.000000 
0.500000 
0.500000 
1.581139 
1.581139 
1.000000 
1.000000 
1.000000 
1.000000 
2.915476 
2.915476 
1.000000 
1.000000 
0.707107 
0.707107 
2.121320 
2.121320 
0.000000 
0.000000 
1.000000 
1.000000 
1.118034 
1.118034 
3.500000 
3.500000 
0.000000 
0.000000 
1.000000 
1.000000 
1.118034 
1.118034 
3.162278 
3.162278 
0.000000 
0.000000 
0.000000 
0.000000 
1.000000 
1.000000 
1.118034 
1.118034 
2.692582 
2.692582 
0.000000 
0.000000 
0.000000 
0.000000 
1.000000 
1.000000 
1.118034 
1.118034 
1.581139 
1.581139 
0.000000 
0.000000 
0.000000 
0.000000 
1.000000 
1.000000 
1.118034 
1.118034 
0.000000 
0.000000 
0.000000 
0.000000 
0.000000 
0.000000 
1.000000 
1.000000 
1.118034 
1.118034 
1.000000 
1.000000 
0.000000 
0.000000 
0.000000 
0.000000 
1.000000 
1.000000 
1.118034 
1.118034 
2.121320 
2.121320 
0.000000 
0.000000 
0.000000 
0.000000 
1.000000 
1.000000 
1.118034 
1.118034 
2.121320 
2.121320 
0.000000 
0.000000 
0.000000 
0.000000 
1.000000 
1.000000 
1.118034 
1.118034 
9.552487 
9.552487 
0.000000 
0.000000 
0.000000 
0.000000 
1.000000 
1.000000 
1.118034 
1.118034 
0.500000 
0.500000 
0.000000 
0.000000 
0.000000 
0.000000 
0.000000 
0.000000 
1.000000 
1.000000 
1.118034 
1.118034 
1.414214 
1.414214 
1.118034 
1.118034 
0.000000 
0.000000 
0.000000 
0.000000 
1.000000 
1.000000 
1.118034 
1.118034 
9.962429 
9.962429 
0.707107 
0.707107 
0.000000 
0.000000 
0.000000 
0.000000 
1.118034 
1.118034 
0.500000 
0.500000 
1.802776 
1.802776 
0.000000 
0.000000 
0.000000 
0.000000 
1.118034 
1.118034 
6.576473 
6.576473 
1.802776 
1.802776 
0.000000 
0.000000 
0.000000 
0.000000 
1.118034 
1.118034 
1.581139 
1.581139 
0.500000 
0.500000 
0.000000 
0.000000 
2.061553 
2.061553 
1.118034 
1.118034 
0.000000 
0.000000 
0.500000 
0.500000 
2.061553 
2.061553 
1.581139 
1.581139 
2.061553 
2.061553 
1.581139 
1.581139 
2.061553 
2.061553 
1.500000 
1.500000 
2.061553 
2.061553 
3.354102 
3.354102 
2.061553 
2.061553 
2.236068 
2.236068 
0.000000 
0.000000 
0.000000 
0.000000 
2.061553 
2.061553 
2.236068 
2.236068 
8.602325 
8.602325 
2.061553 
2.061553 
2.061553 
2.061553 
2.236068 
2.236068 
1.414214 
1.414214 
1.500000 
1.500000 
2.061553 
2.061553 
23.086793 
23.086793 
0.500000 
0.500000 
1.118034 
1.118034 
2.061553 
2.061553 
0.707107 
0.707107 
1.000000 
1.000000 
1.802776 
1.802776 
2.061553 
2.061553 
1.118034 
1.118034 
2.549510 
2.549510 
3.000000 
3.000000 
2.061553 
2.061553 
0.000000 
0.000000 
1.581139 
1.581139 
2.236068 
2.236068 
2.061553 
2.061553 
1.000000 
1.000000 
1.581139 
1.581139 
5.099020 
5.099020 
2.061553 
2.061553 
1.000000 
1.000000 
