0.000000 
0.000000 
0.000000 
0.000000 
0.000000 
0.000000 
0.500000 
0.500000 
0.000000 
0.000000 
0.000000 
0.000000 
0.500000 
0.500000 
1.581139 
1.581139 
0.000000 
0.000000 
0.000000 
0.000000 
0.000000 
0.000000 
0.000000 
0.000000 
0.707107 
0.707107 
2.000000 
2.000000 
1.118034 
1.118034 
0.000000 
0.000000 
2.692582 
2.692582 
0.000000 
0.000000 
0.000000 
0.000000 
0.500000 
0.500000 
0.707107 
0.707107 
1.118034 
1.118034 
0.000000 
0.000000 
3.000000 
3.000000 
3.605551 
3.605551 
0.000000 
0.000000 
0.000000 
0.000000 
0.500000 
0.500000 
1.414214 
1.414214 
1.118034 
1.118034 
0.000000 
0.000000 
3.000000 
3.000000 
3.605551 
3.605551 
0.000000 
0.000000 
0.000000 
0.000000 
0.500000 
0.500000 
1.414214 
1.414214 
1.118034 
1.118034 
0.500000 
0.500000 
3.000000 
3.000000 
3.605551 
3.605551 
0.000000 
0.000000 
0.000000 
0.000000 
0.500000 
0.500000 
1.414214 
1.414214 
1.118034 
1.118034 
1.118034 
1.118034 
3.000000 
3.000000 
3.605551 
3.605551 
0.000000 
0.000000 
0.000000 
0.000000 
0.500000 
0.500000 
1.414214 
1.414214 
1.118034 
1.118034 
0.000000 
0.000000 
1.500000 
1.500000 
3.000000 
3.000000 
3.605551 
3.605551 
0.000000 
0.000000 
0.000000 
0.000000 
0.500000 
0.500000 
1.414214 
1.414214 
1.118034 
1.118034 
1.581139 
1.581139 
1.581139 
1.581139 
3.000000 
3.000000 
3.605551 
3.605551 
0.000000 
0.000000 
0.000000 
0.000000 
0.500000 
0.500000 
1.414214 
1.414214 
1.118034 
1.118034 
0.000000 
0.000000 
2.692582 
2.692582 
1.581139 
1.581139 
3.000000 
3.000000 
3.605551 
3.605551 
0.000000 
0.000000 
0.000000 
0.000000 
0.500000 
0.500000 
1.414214 
1.414214 
1.118034 
1.118034 
0.000000 
0.000000 
1.581139 
1.581139 
4.527693 
4.527693 
1.118034 
1.118034 
3.000000 
3.000000 
3.605551 
3.605551 
0.000000 
0.000000 
0.000000 
0.000000 
0.500000 
0.500000 
1.414214 
1.414214 
1.118034 
1.118034 
0.000000 
0.000000 
8.631338 
8.631338 
1.000000 
1.000000 
2.500000 
2.500000 
1.118034 
1.118034 
3.000000 
3.000000 
3.605551 
3.605551 
0.000000 
0.000000 
0.000000 
0.000000 
0.500000 
0.500000 
1.414214 
1.414214 
1.118034 
1.118034 
2.500000 
2.500000 
0.707107 
0.707107 
0.500000 
0.500000 
2.692582 
2.692582 
1.118034 
1.118034 
3.000000 
3.000000 
3.605551 
3.605551 
0.000000 
0.000000 
0.000000 
0.000000 
0.500000 
0.500000 
1.414214 
1.414214 
1.118034 
1.118034 
0.000000 
0.000000 
3.201562 
3.201562 
1.581139 
1.581139 
0.707107 
0.707107 
2.549510 
2.549510 
1.118034 
1.118034 
3.000000 
3.000000 
3.605551 
3.605551 
0.000000 
0.000000 
0.000000 
0.000000 
0.500000 
0.500000 
1.414214 
1.414214 
1.118034 
1.118034 
0.000000 
0.000000 
2.000000 
2.000000 
3.201562 
3.201562 
0.500000 
0.500000 
1.000000 
1.000000 
2.549510 
2.549510 
1.118034 
1.118034 
3.000000 
3.000000 
3.605551 
3.605551 
0.000000 
0.000000 
0.000000 
0.000000 
0.500000 
0.500000 
1.414214 
1.414214 
1.118034 
1.118034 
0.000000 
0.000000 
0.000000 
0.000000 
0.000000 
0.000000 
0.707107 
0.707107 
2.000000 
2.000000 
6.041523 
6.041523 
1.118034 
1.118034 
0.500000 
0.500000 
2.549510 
2.549510 
1.118034 
1.118034 
3.000000 
3.000000 
3.605551 
3.605551 
0.500000 
0.500000 
1.414214 
1.414214 
1.118034 
1.118034 
0.000000 
0.000000 
1.118034 
1.118034 
1.500000 
1.500000 
3.041381 
3.041381 
1.000000 
1.000000 
2.000000 
2.000000 
6.020797 
6.020797 
1.118034 
1.118034 
1.000000 
1.000000 
2.549510 
2.549510 
1.118034 
1.118034 
3.000000 
3.000000 
3.605551 
3.605551 
0.500000 
0.500000 
1.414214 
1.414214 
0.000000 
0.000000 
0.500000 
0.500000 
0.707107 
0.707107 
2.500000 
2.500000 
3.041381 
3.041381 
6.519202 
6.519202 
2.000000 
2.000000 
2.500000 
2.500000 
1.118034 
1.118034 
0.500000 
0.500000 
2.549510 
2.549510 
1.118034 
1.118034 
3.000000 
3.000000 
3.605551 
3.605551 
1.414214 
1.414214 
2.692582 
2.692582 
0.000000 
0.000000 
0.500000 
0.500000 
1.581139 
1.581139 
3.041381 
3.041381 
1.118034 
1.118034 
2.000000 
2.000000 
2.500000 
2.500000 
1.118034 
1.118034 
0.500000 
0.500000 
2.549510 
2.549510 
1.118034 
1.118034 
0.000000 
0.000000 
7.648529 
7.648529 
8.500000 
8.500000 
0.707107 
0.707107 
1.581139 
1.581139 
3.041381 
3.041381 
1.414214 
1.414214 
2.000000 
2.000000 
2.500000 
2.500000 
1.118034 
1.118034 
0.500000 
0.500000 
2.549510 
2.549510 
1.118034 
1.118034 
0.000000 
0.000000 
7.648529 
7.648529 
8.062258 
8.062258 
0.707107 
0.707107 
1.581139 
1.581139 
3.041381 
3.041381 
1.414214 
1.414214 
2.000000 
2.000000 
2.500000 
2.500000 
1.118034 
1.118034 
0.500000 
0.500000 
2.549510 
2.549510 
1.118034 
1.118034 
0.000000 
0.000000 
0.000000 
0.000000 
7.648529 
7.648529 
1.118034 
1.118034 
0.707107 
0.707107 
1.581139 
1.581139 
3.041381 
3.041381 
1.414214 
1.414214 
2.000000 
2.000000 
2.500000 
2.500000 
1.118034 
1.118034 
0.500000 
0.500000 
2.549510 
2.549510 
1.118034 
1.118034 
1.118034 
1.118034 
0.000000 
0.000000 
7.648529 
7.648529 
9.000000 
9.000000 
0.707107 
0.707107 
1.581139 
1.581139 
3.041381 
3.041381 
1.414214 
1.414214 
2.000000 
2.000000 
2.500000 
2.500000 
1.118034 
1.118034 
0.500000 
0.500000 
2.549510 
2.549510 
1.118034 
1.118034 
0.000000 
0.000000 
1.118034 
1.118034 
0.000000 
0.000000 
7.648529 
7.648529 
1.000000 
1.000000 
0.707107 
0.707107 
1.581139 
1.581139 
3.041381 
3.041381 
1.414214 
1.414214 
2.000000 
2.000000 
2.500000 
2.500000 
1.118034 
1.118034 
0.500000 
0.500000 
2.549510 
2.549510 
1.118034 
1.118034 
0.000000 
0.000000 
1.118034 
1.118034 
0.000000 
0.000000 
7.648529 
7.648529 
1.000000 
1.000000 
0.707107 
0.707107 
1.581139 
1.581139 
3.041381 
3.041381 
1.414214 
1.414214 
2.000000 
2.000000 
2.500000 
2.500000 
1.118034 
1.118034 
0.500000 
0.500000 
2.549510 
2.549510 
1.118034 
1.118034 
0.000000 
0.000000 
1.581139 
1.581139 
0.000000 
0.000000 
7.648529 
7.648529 
0.500000 
0.500000 
0.707107 
0.707107 
1.581139 
1.581139 
3.041381 
3.041381 
1.414214 
1.414214 
2.000000 
2.000000 
2.500000 
2.500000 
1.118034 
1.118034 
0.500000 
0.500000 
2.549510 
2.549510 
0.000000 
0.000000 
0.000000 
0.000000 
1.118034 
1.118034 
0.000000 
0.000000 
7.648529 
7.648529 
1.000000 
1.000000 
0.707107 
0.707107 
1.581139 
1.581139 
3.041381 
3.041381 
1.414214 
1.414214 
2.000000 
2.000000 
2.500000 
2.500000 
1.118034 
1.118034 
0.500000 
0.500000 
2.549510 
2.549510 
0.000000 
0.000000 
3.041381 
3.041381 
0.000000 
0.000000 
2.061553 
2.061553 
0.000000 
0.000000 
7.648529 
7.648529 
12.010412 
12.010412 
0.707107 
0.707107 
1.581139 
1.581139 
3.041381 
3.041381 
1.414214 
1.414214 
2.000000 
2.000000 
2.500000 
2.500000 
1.118034 
1.118034 
0.500000 
0.500000 
2.549510 
2.549510 
0.000000 
0.000000 
1.118034 
1.118034 
2.549510 
2.549510 
0.000000 
0.000000 
1.581139 
1.581139 
0.000000 
0.000000 
7.648529 
7.648529 
0.000000 
0.000000 
0.707107 
0.707107 
1.581139 
1.581139 
3.041381 
3.041381 
1.414214 
1.414214 
2.000000 
2.000000 
2.500000 
2.500000 
1.118034 
1.118034 
0.500000 
0.500000 
0.500000 
0.500000 
1.118034 
1.118034 
5.590170 
5.590170 
0.000000 
0.000000 
1.000000 
1.000000 
0.000000 
0.000000 
7.648529 
7.648529 
0.707107 
0.707107 
0.707107 
0.707107 
1.581139 
1.581139 
3.041381 
3.041381 
1.414214 
1.414214 
2.500000 
2.500000 
1.118034 
1.118034 
0.500000 
0.500000 
1.118034 
1.118034 
0.000000 
0.000000 
1.581139 
1.581139 
0.000000 
0.000000 
1.000000 
1.000000 
0.000000 
0.000000 
7.648529 
7.648529 
0.500000 
0.500000 
0.707107 
0.707107 
1.581139 
1.581139 
3.041381 
3.041381 
1.414214 
1.414214 
2.500000 
2.500000 
0.500000 
0.500000 
1.414214 
1.414214 
0.000000 
0.000000 
2.061553 
2.061553 
0.000000 
0.000000 
1.000000 
1.000000 
0.000000 
0.000000 
7.648529 
7.648529 
1.118034 
1.118034 
0.707107 
0.707107 
1.581139 
1.581139 
1.414214 
1.414214 
2.500000 
2.500000 
0.500000 
0.500000 
0.000000 
0.000000 
0.000000 
0.000000 
1.000000 
1.000000 
0.707107 
0.707107 
2.061553 
2.061553 
0.000000 
0.000000 
1.000000 
1.000000 
0.000000 
0.000000 
7.648529 
7.648529 
12.041595 
12.041595 
0.707107 
0.707107 
1.581139 
1.581139 
1.414214 
1.414214 
0.500000 
0.500000 
0.500000 
0.500000 
0.500000 
0.500000 
9.962429 
9.962429 
1.118034 
1.118034 
2.061553 
2.061553 
0.000000 
0.000000 
6.041523 
6.041523 
0.000000 
0.000000 
7.648529 
7.648529 
0.707107 
0.707107 
0.707107 
0.707107 
1.414214 
1.414214 
0.500000 
0.500000 
0.707107 
0.707107 
0.707107 
0.707107 
1.118034 
1.118034 
2.061553 
2.061553 
1.581139 
1.581139 
0.000000 
0.000000 
1.118034 
1.118034 
1.414214 
1.414214 
0.500000 
0.500000 
0.500000 
0.500000 
0.707107 
0.707107 
1.118034 
1.118034 
1.000000 
1.000000 
0.500000 
0.500000 
0.000000 
0.000000 
0.707107 
0.707107 
0.500000 
0.500000 
0.500000 
0.500000 
1.118034 
1.118034 
1.118034 
1.118034 
1.500000 
1.500000 
4.123106 
4.123106 
0.000000 
0.000000 
0.500000 
0.500000 
0.500000 
0.500000 
