0.000000 
0.000000 
0.000000 
0.000000 
0.000000 
0.000000 
6.519202 
6.519202 
0.500000 
0.500000 
0.500000 
0.500000 
0.500000 
0.500000 
0.500000 
0.500000 
0.707107 
0.707107 
5.522681 
5.522681 
0.707107 
0.707107 
0.707107 
0.707107 
1.000000 
1.000000 
1.118034 
1.118034 
1.000000 
1.000000 
7.516648 
7.516648 
0.500000 
0.500000 
5.099020 
5.099020 
1.118034 
1.118034 
2.236068 
2.236068 
0.000000 
0.000000 
0.500000 
0.500000 
2.236068 
2.236068 
1.581139 
1.581139 
0.707107 
0.707107 
2.236068 
2.236068 
0.000000 
0.000000 
7.566373 
7.566373 
1.000000 
1.000000 
2.236068 
2.236068 
1.000000 
1.000000 
0.707107 
0.707107 
0.707107 
0.707107 
2.236068 
2.236068 
0.707107 
0.707107 
1.581139 
1.581139 
0.707107 
0.707107 
2.236068 
2.236068 
10.000000 
10.000000 
1.118034 
1.118034 
1.118034 
1.118034 
2.236068 
2.236068 
0.500000 
0.500000 
1.118034 
1.118034 
0.500000 
0.500000 
2.236068 
2.236068 
0.707107 
0.707107 
1.118034 
1.118034 
0.707107 
0.707107 
2.236068 
2.236068 
1.414214 
1.414214 
0.707107 
0.707107 
0.500000 
0.500000 
2.236068 
2.236068 
1.414214 
1.414214 
1.000000 
1.000000 
0.707107 
0.707107 
2.236068 
2.236068 
0.500000 
0.500000 
1.581139 
1.581139 
2.549510 
2.549510 
2.236068 
2.236068 
1.414214 
1.414214 
1.118034 
1.118034 
0.500000 
0.500000 
2.236068 
2.236068 
2.236068 
2.236068 
1.500000 
1.500000 
0.000000 
0.000000 
2.236068 
2.236068 
1.581139 
1.581139 
0.500000 
0.500000 
0.000000 
0.000000 
2.236068 
2.236068 
0.500000 
0.500000 
1.000000 
1.000000 
0.500000 
0.500000 
0.707107 
0.707107 
0.000000 
0.000000 
2.549510 
2.549510 
0.500000 
0.500000 
1.414214 
1.414214 
0.500000 
0.500000 
1.000000 
1.000000 
2.061553 
2.061553 
0.500000 
0.500000 
10.012492 
10.012492 
1.500000 
1.500000 
0.000000 
0.000000 
1.118034 
1.118034 
0.707107 
0.707107 
1.118034 
1.118034 
0.707107 
0.707107 
5.024938 
5.024938 
0.500000 
0.500000 
0.000000 
0.000000 
0.500000 
0.500000 
0.500000 
0.500000 
1.118034 
1.118034 
0.707107 
0.707107 
0.500000 
0.500000 
1.118034 
1.118034 
5.000000 
5.000000 
0.707107 
0.707107 
0.500000 
0.500000 
1.581139 
1.581139 
0.500000 
0.500000 
1.414214 
1.414214 
1.118034 
1.118034 
1.118034 
1.118034 
1.500000 
1.500000 
2.236068 
2.236068 
1.000000 
1.000000 
0.000000 
0.000000 
0.707107 
0.707107 
1.118034 
1.118034 
1.581139 
1.581139 
9.617692 
9.617692 
1.118034 
1.118034 
0.707107 
0.707107 
1.414214 
1.414214 
