0.000000 
0.000000 
0.000000 
0.000000 
0.000000 
0.000000 
0.500000 
0.500000 
1.500000 
1.500000 
1.000000 
1.000000 
0.707107 
0.707107 
1.000000 
1.000000 
2.236068 
2.236068 
0.500000 
0.500000 
1.000000 
1.000000 
1.802776 
1.802776 
1.118034 
1.118034 
1.000000 
1.000000 
2.500000 
2.500000 
0.500000 
0.500000 
0.707107 
0.707107 
1.118034 
1.118034 
3.535534 
3.535534 
8.015610 
8.015610 
1.802776 
1.802776 
1.581139 
1.581139 
0.500000 
0.500000 
3.041381 
3.041381 
1.581139 
1.581139 
0.500000 
0.500000 
3.807887 
3.807887 
0.000000 
0.000000 
2.000000 
2.000000 
1.000000 
1.000000 
1.118034 
1.118034 
3.535534 
3.535534 
2.549510 
2.549510 
1.414214 
1.414214 
2.500000 
2.500000 
7.000000 
7.000000 
1.500000 
1.500000 
2.236068 
2.236068 
2.915476 
2.915476 
2.500000 
2.500000 
1.414214 
1.414214 
2.549510 
2.549510 
2.121320 
2.121320 
3.000000 
3.000000 
1.414214 
1.414214 
2.061553 
2.061553 
1.118034 
1.118034 
3.041381 
3.041381 
1.414214 
1.414214 
1.118034 
1.118034 
1.581139 
1.581139 
6.576473 
6.576473 
1.414214 
1.414214 
2.000000 
2.000000 
1.581139 
1.581139 
3.500000 
3.500000 
1.414214 
1.414214 
2.121320 
2.121320 
1.581139 
1.581139 
3.535534 
3.535534 
1.414214 
1.414214 
1.802776 
1.802776 
1.581139 
1.581139 
6.082763 
6.082763 
1.414214 
1.414214 
2.828427 
2.828427 
1.581139 
1.581139 
2.549510 
2.549510 
1.414214 
1.414214 
2.061553 
2.061553 
1.581139 
1.581139 
1.802776 
1.802776 
1.414214 
1.414214 
2.549510 
2.549510 
1.581139 
1.581139 
3.041381 
3.041381 
1.414214 
1.414214 
4.031129 
4.031129 
1.581139 
1.581139 
1.802776 
1.802776 
1.414214 
1.414214 
0.500000 
0.500000 
1.581139 
1.581139 
7.000000 
7.000000 
1.414214 
1.414214 
0.707107 
0.707107 
1.581139 
1.581139 
2.549510 
2.549510 
1.414214 
1.414214 
0.707107 
0.707107 
1.581139 
1.581139 
2.500000 
2.500000 
1.414214 
1.414214 
9.000000 
9.000000 
1.581139 
1.581139 
1.500000 
1.500000 
1.414214 
1.414214 
1.000000 
1.000000 
1.581139 
1.581139 
5.000000 
5.000000 
9.513149 
9.513149 
1.581139 
1.581139 
2.692582 
2.692582 
1.802776 
1.802776 
1.581139 
1.581139 
0.000000 
0.000000 
1.581139 
1.581139 
0.500000 
0.500000 
1.000000 
1.000000 
2.236068 
2.236068 
1.118034 
1.118034 
2.061553 
2.061553 
0.500000 
0.500000 
1.802776 
1.802776 
2.692582 
2.692582 
0.500000 
0.500000 
1.118034 
1.118034 
1.000000 
1.000000 
0.500000 
0.500000 
10.124228 
10.124228 
6.519202 
6.519202 
0.500000 
0.500000 
1.414214 
1.414214 
1.500000 
1.500000 
0.500000 
0.500000 
2.236068 
2.236068 
1.118034 
1.118034 
0.500000 
0.500000 
3.162278 
3.162278 
1.118034 
1.118034 
0.500000 
0.500000 
1.581139 
1.581139 
1.000000 
1.000000 
0.500000 
0.500000 
6.576473 
6.576473 
