0.000000 
0.000000 
0.000000 
0.000000 
0.000000 
0.000000 
0.000000 
0.000000 
0.000000 
0.000000 
0.000000 
0.000000 
0.707107 
0.707107 
6.800735 
6.800735 
0.000000 
0.000000 
8.631338 
8.631338 
0.500000 
0.500000 
6.800735 
6.800735 
0.000000 
0.000000 
0.707107 
0.707107 
1.118034 
1.118034 
6.800735 
6.800735 
0.000000 
0.000000 
6.576473 
6.576473 
1.000000 
1.000000 
6.800735 
6.800735 
0.000000 
0.000000 
2.549510 
2.549510 
5.500000 
5.500000 
6.800735 
6.800735 
0.000000 
0.000000 
2.000000 
2.000000 
2.915476 
2.915476 
6.800735 
6.800735 
0.000000 
0.000000 
2.500000 
2.500000 
1.802776 
1.802776 
6.800735 
6.800735 
0.000000 
0.000000 
6.020797 
6.020797 
6.670832 
6.670832 
6.800735 
6.800735 
0.000000 
0.000000 
0.000000 
0.000000 
1.000000 
1.000000 
6.184658 
6.184658 
6.800735 
6.800735 
0.000000 
0.000000 
2.121320 
2.121320 
0.500000 
0.500000 
1.802776 
1.802776 
6.800735 
6.800735 
0.000000 
0.000000 
2.121320 
2.121320 
0.500000 
0.500000 
1.500000 
1.500000 
6.800735 
6.800735 
0.000000 
0.000000 
1.802776 
1.802776 
0.500000 
0.500000 
2.061553 
2.061553 
6.800735 
6.800735 
0.000000 
0.000000 
6.184658 
6.184658 
0.500000 
0.500000 
1.118034 
1.118034 
6.800735 
6.800735 
0.000000 
0.000000 
6.576473 
6.576473 
1.000000 
1.000000 
0.500000 
0.500000 
6.800735 
6.800735 
2.236068 
2.236068 
1.118034 
1.118034 
0.500000 
0.500000 
6.800735 
6.800735 
0.000000 
0.000000 
2.061553 
2.061553 
1.118034 
1.118034 
1.581139 
1.581139 
1.500000 
1.500000 
1.500000 
1.500000 
0.500000 
0.500000 
1.118034 
1.118034 
1.414214 
1.414214 
0.707107 
0.707107 
1.414214 
1.414214 
2.061553 
2.061553 
1.000000 
1.000000 
1.414214 
1.414214 
0.000000 
0.000000 
1.581139 
1.581139 
2.500000 
2.500000 
0.500000 
0.500000 
0.000000 
0.000000 
1.118034 
1.118034 
2.061553 
2.061553 
1.118034 
1.118034 
0.000000 
0.000000 
1.118034 
1.118034 
2.061553 
2.061553 
1.118034 
1.118034 
0.000000 
0.000000 
1.500000 
1.500000 
6.020797 
6.020797 
1.118034 
1.118034 
0.000000 
0.000000 
9.617692 
9.617692 
2.236068 
2.236068 
1.000000 
1.000000 
0.000000 
0.000000 
1.500000 
1.500000 
3.535534 
3.535534 
1.118034 
1.118034 
0.000000 
0.000000 
0.500000 
0.500000 
3.041381 
3.041381 
0.500000 
0.500000 
0.000000 
0.000000 
0.500000 
0.500000 
6.519202 
6.519202 
1.118034 
1.118034 
0.000000 
0.000000 
0.500000 
0.500000 
1.500000 
1.500000 
2.236068 
2.236068 
0.000000 
0.000000 
1.118034 
1.118034 
1.500000 
1.500000 
7.905694 
7.905694 
0.000000 
0.000000 
1.118034 
1.118034 
1.118034 
1.118034 
1.802776 
1.802776 
0.000000 
0.000000 
1.000000 
1.000000 
1.581139 
1.581139 
5.522681 
5.522681 
0.000000 
0.000000 
2.500000 
2.500000 
0.500000 
0.500000 
1.000000 
1.000000 
0.000000 
0.000000 
9.000000 
9.000000 
1.414214 
1.414214 
17.007351 
17.007351 
0.000000 
0.000000 
9.000000 
9.000000 
0.000000 
0.000000 
1.500000 
1.500000 
9.000000 
9.000000 
0.500000 
0.500000 
1.118034 
1.118034 
9.000000 
9.000000 
0.707107 
0.707107 
1.000000 
1.000000 
9.000000 
9.000000 
1.000000 
1.000000 
0.500000 
0.500000 
9.000000 
9.000000 
