0.000000 
0.000000 
0.000000 
0.000000 
0.000000 
0.000000 
1.802776 
1.802776 
2.549510 
2.549510 
2.236068 
2.236068 
1.802776 
1.802776 
7.632169 
7.632169 
2.692582 
2.692582 
0.000000 
0.000000 
1.802776 
1.802776 
4.609772 
4.609772 
2.061553 
2.061553 
2.915476 
2.915476 
1.802776 
1.802776 
1.000000 
1.000000 
7.017834 
7.017834 
3.162278 
3.162278 
1.802776 
1.802776 
2.061553 
2.061553 
1.500000 
1.500000 
2.500000 
2.500000 
1.802776 
1.802776 
4.472136 
4.472136 
1.581139 
1.581139 
5.522681 
5.522681 
1.802776 
1.802776 
1.000000 
1.000000 
1.500000 
1.500000 
8.015610 
8.015610 
1.802776 
1.802776 
2.061553 
2.061553 
1.581139 
1.581139 
3.640055 
3.640055 
1.802776 
1.802776 
3.535534 
3.535534 
1.581139 
1.581139 
5.590170 
5.590170 
1.802776 
1.802776 
1.414214 
1.414214 
1.581139 
1.581139 
5.590170 
5.590170 
1.802776 
1.802776 
1.414214 
1.414214 
1.581139 
1.581139 
12.349089 
12.349089 
1.802776 
1.802776 
1.414214 
1.414214 
1.581139 
1.581139 
3.162278 
3.162278 
1.802776 
1.802776 
8.558621 
8.558621 
1.581139 
1.581139 
2.236068 
2.236068 
1.802776 
1.802776 
2.121320 
2.121320 
1.581139 
1.581139 
1.118034 
1.118034 
1.802776 
1.802776 
9.219544 
9.219544 
1.581139 
1.581139 
0.000000 
0.000000 
13.453624 
13.453624 
9.219544 
9.219544 
1.581139 
1.581139 
22.147235 
22.147235 
3.041381 
3.041381 
9.124144 
9.124144 
1.581139 
1.581139 
22.147235 
22.147235 
8.631338 
8.631338 
2.061553 
2.061553 
1.581139 
1.581139 
22.147235 
22.147235 
8.558621 
8.558621 
2.061553 
2.061553 
1.581139 
1.581139 
22.147235 
22.147235 
2.236068 
2.236068 
11.180340 
11.180340 
1.581139 
1.581139 
22.147235 
22.147235 
2.549510 
2.549510 
5.220153 
5.220153 
1.581139 
1.581139 
22.147235 
22.147235 
1.118034 
1.118034 
0.500000 
0.500000 
1.581139 
1.581139 
2.692582 
2.692582 
1.118034 
1.118034 
4.500000 
4.500000 
0.000000 
0.000000 
1.000000 
1.000000 
1.118034 
1.118034 
1.500000 
1.500000 
4.500000 
4.500000 
0.500000 
0.500000 
1.118034 
1.118034 
9.513149 
9.513149 
0.500000 
0.500000 
1.414214 
1.414214 
1.118034 
1.118034 
0.500000 
0.500000 
0.000000 
0.000000 
1.581139 
1.581139 
1.118034 
1.118034 
0.500000 
0.500000 
0.707107 
0.707107 
1.118034 
1.118034 
1.118034 
1.118034 
0.707107 
0.707107 
0.707107 
0.707107 
1.581139 
1.581139 
1.118034 
1.118034 
2.000000 
2.000000 
0.000000 
0.000000 
0.707107 
0.707107 
1.581139 
1.581139 
1.118034 
1.118034 
2.000000 
2.000000 
8.602325 
8.602325 
0.707107 
0.707107 
1.581139 
1.581139 
1.118034 
1.118034 
2.000000 
2.000000 
6.576473 
6.576473 
0.707107 
0.707107 
1.581139 
1.581139 
1.118034 
1.118034 
2.000000 
2.000000 
1.118034 
1.118034 
0.707107 
0.707107 
1.581139 
1.581139 
1.118034 
1.118034 
2.000000 
2.000000 
0.500000 
0.500000 
0.707107 
0.707107 
1.581139 
1.581139 
1.118034 
1.118034 
2.000000 
2.000000 
0.500000 
0.500000 
0.707107 
0.707107 
1.581139 
1.581139 
1.118034 
1.118034 
2.000000 
2.000000 
1.581139 
1.581139 
0.707107 
0.707107 
1.581139 
1.581139 
1.118034 
1.118034 
2.000000 
2.000000 
5.500000 
5.500000 
0.707107 
0.707107 
1.581139 
1.581139 
2.000000 
2.000000 
1.118034 
1.118034 
0.707107 
0.707107 
1.581139 
1.581139 
2.000000 
2.000000 
