0.000000 
0.000000 
0.000000 
0.000000 
0.000000 
0.000000 
5.500000 
5.500000 
4.527693 
4.527693 
1.000000 
1.000000 
5.500000 
5.500000 
6.500000 
6.500000 
0.707107 
0.707107 
5.500000 
5.500000 
0.500000 
0.500000 
4.609772 
4.609772 
5.500000 
5.500000 
5.220153 
5.220153 
1.118034 
1.118034 
5.500000 
5.500000 
1.000000 
1.000000 
1.581139 
1.581139 
0.000000 
0.000000 
5.500000 
5.500000 
1.000000 
1.000000 
1.581139 
1.581139 
1.000000 
1.000000 
5.500000 
5.500000 
6.500000 
6.500000 
1.118034 
1.118034 
1.000000 
1.000000 
5.500000 
5.500000 
0.000000 
0.000000 
10.793517 
10.793517 
1.000000 
1.000000 
5.500000 
5.500000 
0.500000 
0.500000 
0.500000 
0.500000 
11.011358 
11.011358 
5.500000 
5.500000 
0.500000 
0.500000 
0.500000 
0.500000 
1.000000 
1.000000 
5.500000 
5.500000 
0.000000 
0.000000 
0.500000 
0.500000 
9.000000 
9.000000 
5.500000 
5.500000 
0.500000 
0.500000 
0.500000 
0.500000 
0.500000 
0.500000 
5.500000 
5.500000 
1.118034 
1.118034 
0.500000 
0.500000 
0.500000 
0.500000 
5.500000 
5.500000 
0.707107 
0.707107 
0.500000 
0.500000 
0.500000 
0.500000 
5.500000 
5.500000 
1.802776 
1.802776 
0.500000 
0.500000 
0.500000 
0.500000 
1.802776 
1.802776 
0.500000 
0.500000 
0.000000 
0.000000 
0.500000 
0.500000 
1.802776 
1.802776 
0.500000 
0.500000 
0.500000 
0.500000 
0.500000 
0.500000 
11.045361 
11.045361 
0.500000 
0.500000 
0.500000 
0.500000 
0.500000 
0.500000 
0.707107 
0.707107 
0.500000 
0.500000 
2.061553 
2.061553 
0.500000 
0.500000 
0.500000 
0.500000 
0.500000 
0.500000 
1.500000 
1.500000 
0.500000 
0.500000 
0.500000 
0.500000 
0.500000 
0.500000 
1.581139 
1.581139 
0.500000 
0.500000 
0.500000 
0.500000 
0.500000 
0.500000 
1.118034 
1.118034 
0.500000 
0.500000 
8.000000 
8.000000 
0.500000 
0.500000 
0.500000 
0.500000 
0.500000 
0.500000 
1.500000 
1.500000 
1.118034 
1.118034 
0.500000 
0.500000 
0.000000 
0.000000 
1.118034 
1.118034 
0.500000 
0.500000 
0.500000 
0.500000 
4.949747 
4.949747 
0.500000 
0.500000 
1.581139 
1.581139 
0.500000 
0.500000 
7.648529 
7.648529 
0.500000 
0.500000 
2.061553 
2.061553 
0.500000 
0.500000 
2.061553 
2.061553 
0.000000 
0.000000 
0.500000 
0.500000 
2.061553 
2.061553 
1.802776 
1.802776 
0.500000 
0.500000 
2.061553 
2.061553 
2.692582 
2.692582 
0.500000 
0.500000 
2.061553 
2.061553 
4.949747 
4.949747 
0.500000 
0.500000 
2.061553 
2.061553 
2.236068 
2.236068 
0.500000 
0.500000 
2.061553 
2.061553 
2.121320 
2.121320 
0.500000 
0.500000 
2.061553 
2.061553 
11.661904 
11.661904 
0.500000 
0.500000 
2.061553 
2.061553 
8.500000 
8.500000 
0.500000 
0.500000 
2.061553 
2.061553 
