0.000000 
0.000000 
0.000000 
0.000000 
0.707107 
0.707107 
0.707107 
0.707107 
0.000000 
0.000000 
0.707107 
0.707107 
1.118034 
1.118034 
2.000000 
2.000000 
0.000000 
0.000000 
0.500000 
0.500000 
6.670832 
6.670832 
1.118034 
1.118034 
10.688779 
10.688779 
0.000000 
0.000000 
3.640055 
3.640055 
0.500000 
0.500000 
1.581139 
1.581139 
1.118034 
1.118034 
2.061553 
2.061553 
1.000000 
1.000000 
1.581139 
1.581139 
2.236068 
2.236068 
12.500000 
12.500000 
1.000000 
1.000000 
15.882380 
15.882380 
1.414214 
1.414214 
4.031129 
4.031129 
1.000000 
1.000000 
15.882380 
15.882380 
1.118034 
1.118034 
3.640055 
3.640055 
1.000000 
1.000000 
15.882380 
15.882380 
1.581139 
1.581139 
5.099020 
5.099020 
1.000000 
1.000000 
15.882380 
15.882380 
1.581139 
1.581139 
16.507574 
16.507574 
1.000000 
1.000000 
15.882380 
15.882380 
1.581139 
1.581139 
5.700877 
5.700877 
1.000000 
1.000000 
15.882380 
15.882380 
16.263456 
16.263456 
5.147815 
5.147815 
1.000000 
1.000000 
15.882380 
15.882380 
10.012492 
10.012492 
1.802776 
1.802776 
1.000000 
1.000000 
15.882380 
15.882380 
12.509996 
12.509996 
14.713939 
14.713939 
1.000000 
1.000000 
15.882380 
15.882380 
3.000000 
3.000000 
2.692582 
2.692582 
1.000000 
1.000000 
15.882380 
15.882380 
6.000000 
6.000000 
2.236068 
2.236068 
1.000000 
1.000000 
15.882380 
15.882380 
0.000000 
0.000000 
1.000000 
1.000000 
2.121320 
2.121320 
1.000000 
1.000000 
15.882380 
15.882380 
1.581139 
1.581139 
1.802776 
1.802776 
0.707107 
0.707107 
1.000000 
1.000000 
15.882380 
15.882380 
1.581139 
1.581139 
0.000000 
0.000000 
2.692582 
2.692582 
1.000000 
1.000000 
15.882380 
15.882380 
1.581139 
1.581139 
0.000000 
0.000000 
2.549510 
2.549510 
15.882380 
15.882380 
1.581139 
1.581139 
2.236068 
2.236068 
8.139410 
8.139410 
1.581139 
1.581139 
1.581139 
1.581139 
2.915476 
2.915476 
1.581139 
1.581139 
1.500000 
1.500000 
1.414214 
1.414214 
1.581139 
1.581139 
3.640055 
3.640055 
1.500000 
1.500000 
1.581139 
1.581139 
1.802776 
1.802776 
0.707107 
0.707107 
1.581139 
1.581139 
1.581139 
1.581139 
1.118034 
1.118034 
0.000000 
0.000000 
1.581139 
1.581139 
0.500000 
0.500000 
1.118034 
1.118034 
1.118034 
1.118034 
1.581139 
1.581139 
11.045361 
11.045361 
1.500000 
1.500000 
1.581139 
1.581139 
1.581139 
1.581139 
4.123106 
4.123106 
0.707107 
0.707107 
1.581139 
1.581139 
1.581139 
1.581139 
3.500000 
3.500000 
0.707107 
0.707107 
1.581139 
1.581139 
1.581139 
1.581139 
3.535534 
3.535534 
0.707107 
0.707107 
1.581139 
1.581139 
1.581139 
1.581139 
1.802776 
1.802776 
0.707107 
0.707107 
1.581139 
1.581139 
1.000000 
1.000000 
0.707107 
0.707107 
1.581139 
1.581139 
1.802776 
1.802776 
0.707107 
0.707107 
1.581139 
1.581139 
0.707107 
0.707107 
0.707107 
0.707107 
1.581139 
1.581139 
0.500000 
0.500000 
0.707107 
0.707107 
1.581139 
1.581139 
0.707107 
0.707107 
0.707107 
0.707107 
