0.000000 
0.000000 
0.000000 
0.000000 
0.000000 
0.000000 
1.118034 
1.118034 
0.000000 
0.000000 
1.118034 
1.118034 
0.000000 
0.000000 
19.646883 
19.646883 
0.000000 
0.000000 
15.508062 
15.508062 
0.000000 
0.000000 
2.061553 
2.061553 
0.000000 
0.000000 
2.061553 
2.061553 
0.000000 
0.000000 
2.061553 
2.061553 
0.000000 
0.000000 
0.000000 
0.000000 
25.298221 
25.298221 
0.000000 
0.000000 
12.349089 
12.349089 
2.500000 
2.500000 
0.000000 
0.000000 
2.000000 
2.000000 
2.500000 
2.500000 
0.000000 
0.000000 
2.000000 
2.000000 
15.572412 
15.572412 
0.000000 
0.000000 
4.000000 
4.000000 
5.099020 
5.099020 
0.000000 
0.000000 
0.500000 
0.500000 
4.609772 
4.609772 
0.000000 
0.000000 
2.061553 
2.061553 
3.000000 
3.000000 
1.500000 
1.500000 
1.000000 
1.000000 
1.118034 
1.118034 
1.000000 
1.000000 
0.000000 
0.000000 
11.510864 
11.510864 
12.369317 
12.369317 
0.000000 
0.000000 
0.500000 
0.500000 
2.915476 
2.915476 
0.000000 
0.000000 
21.569655 
21.569655 
1.802776 
1.802776 
0.000000 
0.000000 
3.535534 
3.535534 
1.118034 
1.118034 
0.000000 
0.000000 
19.209373 
19.209373 
1.118034 
1.118034 
0.000000 
0.000000 
19.209373 
19.209373 
4.123106 
4.123106 
0.000000 
0.000000 
19.209373 
19.209373 
4.000000 
4.000000 
0.000000 
0.000000 
0.000000 
0.000000 
19.209373 
19.209373 
4.031129 
4.031129 
18.172782 
18.172782 
0.000000 
0.000000 
19.209373 
19.209373 
16.530275 
16.530275 
6.800735 
6.800735 
0.000000 
0.000000 
19.209373 
19.209373 
4.123106 
4.123106 
5.700877 
5.700877 
0.000000 
0.000000 
19.209373 
19.209373 
4.031129 
4.031129 
3.354102 
3.354102 
0.000000 
0.000000 
19.209373 
19.209373 
16.000000 
16.000000 
2.000000 
2.000000 
0.000000 
0.000000 
19.209373 
19.209373 
0.707107 
0.707107 
2.692582 
2.692582 
0.000000 
0.000000 
19.209373 
19.209373 
0.707107 
0.707107 
4.924429 
4.924429 
0.000000 
0.000000 
19.209373 
19.209373 
11.500000 
11.500000 
5.590170 
5.590170 
19.209373 
19.209373 
4.000000 
4.000000 
6.082763 
6.082763 
19.209373 
19.209373 
4.000000 
4.000000 
8.139410 
8.139410 
19.209373 
19.209373 
4.000000 
4.000000 
1.581139 
1.581139 
19.209373 
19.209373 
4.000000 
4.000000 
0.500000 
0.500000 
4.000000 
4.000000 
1.118034 
1.118034 
13.656500 
13.656500 
