0.000000 
0.000000 
1.581139 
1.581139 
2.692582 
2.692582 
1.118034 
1.118034 
1.118034 
1.118034 
0.000000 
0.000000 
1.118034 
1.118034 
1.802776 
1.802776 
1.118034 
1.118034 
1.802776 
1.802776 
1.118034 
1.118034 
1.802776 
1.802776 
1.118034 
1.118034 
4.716991 
4.716991 
1.118034 
1.118034 
18.110770 
18.110770 
1.118034 
1.118034 
1.414214 
1.414214 
1.118034 
1.118034 
3.354102 
3.354102 
1.118034 
1.118034 
1.802776 
1.802776 
1.118034 
1.118034 
25.675864 
25.675864 
1.118034 
1.118034 
4.609772 
4.609772 
1.118034 
1.118034 
25.519600 
25.519600 
1.118034 
1.118034 
1.500000 
1.500000 
1.118034 
1.118034 
1.414214 
1.414214 
11.768602 
11.768602 
2.061553 
2.061553 
0.500000 
0.500000 
9.124144 
9.124144 
1.000000 
1.000000 
9.055385 
9.055385 
1.500000 
1.500000 
1.000000 
1.000000 
1.581139 
1.581139 
2.121320 
2.121320 
2.121320 
2.121320 
2.121320 
2.121320 
2.121320 
2.121320 
0.000000 
0.000000 
2.121320 
2.121320 
0.000000 
0.000000 
2.121320 
2.121320 
0.000000 
0.000000 
2.121320 
2.121320 
0.000000 
0.000000 
2.121320 
2.121320 
0.000000 
0.000000 
2.121320 
2.121320 
31.100643 
31.100643 
2.121320 
2.121320 
4.716991 
4.716991 
2.121320 
2.121320 
