0.000000 
0.000000 
0.000000 
0.000000 
0.000000 
0.000000 
0.000000 
0.000000 
0.000000 
0.000000 
0.707107 
0.707107 
1.414214 
1.414214 
3.354102 
3.354102 
0.707107 
0.707107 
2.500000 
2.500000 
1.118034 
1.118034 
0.707107 
0.707107 
9.340771 
9.340771 
1.802776 
1.802776 
12.093387 
12.093387 
9.340771 
9.340771 
1.414214 
1.414214 
0.707107 
0.707107 
9.340771 
9.340771 
1.118034 
1.118034 
0.500000 
0.500000 
9.340771 
9.340771 
0.000000 
0.000000 
1.118034 
1.118034 
2.121320 
2.121320 
9.340771 
9.340771 
2.500000 
2.500000 
0.500000 
0.500000 
0.500000 
0.500000 
9.340771 
9.340771 
1.500000 
1.500000 
0.500000 
0.500000 
1.581139 
1.581139 
9.340771 
9.340771 
1.118034 
1.118034 
0.707107 
0.707107 
1.118034 
1.118034 
9.340771 
9.340771 
1.118034 
1.118034 
3.041381 
3.041381 
1.581139 
1.581139 
9.340771 
9.340771 
8.062258 
8.062258 
1.118034 
1.118034 
3.000000 
3.000000 
9.340771 
9.340771 
2.500000 
2.500000 
1.118034 
1.118034 
7.158911 
7.158911 
9.340771 
9.340771 
0.707107 
0.707107 
7.017834 
7.017834 
1.581139 
1.581139 
9.340771 
9.340771 
0.500000 
0.500000 
7.017834 
7.017834 
2.500000 
2.500000 
9.340771 
9.340771 
2.000000 
2.000000 
7.017834 
7.017834 
2.692582 
2.692582 
9.340771 
9.340771 
2.061553 
2.061553 
7.017834 
7.017834 
8.015610 
8.015610 
9.340771 
9.340771 
2.500000 
2.500000 
7.017834 
7.017834 
6.500000 
6.500000 
3.535534 
3.535534 
7.017834 
7.017834 
1.000000 
1.000000 
1.581139 
1.581139 
7.017834 
7.017834 
0.707107 
0.707107 
3.605551 
3.605551 
7.017834 
7.017834 
2.500000 
2.500000 
0.000000 
0.000000 
2.915476 
2.915476 
7.017834 
7.017834 
2.549510 
2.549510 
3.162278 
3.162278 
6.041523 
6.041523 
7.017834 
7.017834 
1.802776 
1.802776 
12.500000 
12.500000 
6.041523 
6.041523 
7.017834 
7.017834 
6.576473 
6.576473 
12.010412 
12.010412 
1.581139 
1.581139 
7.017834 
7.017834 
1.581139 
1.581139 
3.535534 
3.535534 
1.000000 
1.000000 
7.017834 
7.017834 
3.201562 
3.201562 
12.500000 
12.500000 
1.414214 
1.414214 
7.017834 
7.017834 
3.354102 
3.354102 
3.535534 
3.535534 
1.581139 
1.581139 
7.017834 
7.017834 
2.915476 
2.915476 
8.015610 
8.015610 
13.583078 
13.583078 
2.915476 
2.915476 
3.905125 
3.905125 
3.162278 
3.162278 
2.915476 
2.915476 
3.000000 
3.000000 
1.802776 
1.802776 
2.915476 
2.915476 
4.242641 
4.242641 
1.802776 
1.802776 
2.915476 
2.915476 
5.024938 
5.024938 
1.802776 
1.802776 
2.915476 
2.915476 
2.000000 
2.000000 
3.162278 
3.162278 
2.915476 
2.915476 
2.500000 
2.500000 
2.000000 
2.000000 
2.915476 
2.915476 
0.000000 
0.000000 
2.500000 
2.500000 
6.184658 
6.184658 
2.915476 
2.915476 
2.549510 
2.549510 
2.500000 
2.500000 
0.707107 
0.707107 
2.915476 
2.915476 
