0.000000 
0.000000 
0.000000 
0.000000 
0.000000 
0.000000 
0.000000 
0.000000 
6.000000 
6.000000 
0.000000 
0.000000 
3.201562 
3.201562 
0.000000 
0.000000 
1.118034 
1.118034 
0.000000 
0.000000 
5.147815 
5.147815 
0.000000 
0.000000 
1.000000 
1.000000 
0.000000 
0.000000 
3.535534 
3.535534 
0.000000 
0.000000 
1.118034 
1.118034 
0.000000 
0.000000 
1.118034 
1.118034 
0.000000 
0.000000 
1.118034 
1.118034 
0.000000 
0.000000 
2.061553 
2.061553 
1.500000 
1.500000 
0.000000 
0.000000 
0.000000 
0.000000 
0.500000 
0.500000 
2.121320 
2.121320 
0.000000 
0.000000 
0.000000 
0.000000 
0.000000 
0.000000 
3.535534 
3.535534 
0.000000 
0.000000 
0.000000 
0.000000 
2.500000 
2.500000 
3.605551 
3.605551 
0.000000 
0.000000 
0.000000 
0.000000 
2.915476 
2.915476 
0.000000 
0.000000 
9.340771 
9.340771 
0.000000 
0.000000 
0.000000 
0.000000 
2.061553 
2.061553 
0.000000 
0.000000 
3.354102 
3.354102 
0.000000 
0.000000 
0.000000 
0.000000 
2.061553 
2.061553 
0.000000 
0.000000 
3.162278 
3.162278 
0.000000 
0.000000 
0.000000 
0.000000 
3.807887 
3.807887 
0.000000 
0.000000 
4.609772 
4.609772 
0.000000 
0.000000 
0.000000 
0.000000 
2.061553 
2.061553 
0.000000 
0.000000 
11.629703 
11.629703 
0.000000 
0.000000 
0.000000 
0.000000 
10.012492 
10.012492 
0.000000 
0.000000 
2.236068 
2.236068 
0.000000 
0.000000 
1.500000 
1.500000 
0.000000 
0.000000 
2.236068 
2.236068 
0.000000 
0.000000 
1.500000 
1.500000 
0.000000 
0.000000 
2.236068 
2.236068 
0.000000 
0.000000 
1.500000 
1.500000 
0.000000 
0.000000 
0.000000 
0.000000 
2.236068 
2.236068 
0.000000 
0.000000 
1.500000 
1.500000 
1.500000 
1.500000 
0.000000 
0.000000 
2.236068 
2.236068 
0.000000 
0.000000 
1.500000 
1.500000 
0.000000 
0.000000 
0.000000 
0.000000 
2.500000 
2.500000 
0.000000 
0.000000 
2.236068 
2.236068 
0.000000 
0.000000 
1.500000 
1.500000 
1.500000 
1.500000 
3.640055 
3.640055 
3.535534 
3.535534 
0.000000 
0.000000 
2.236068 
2.236068 
1.500000 
1.500000 
1.118034 
1.118034 
3.000000 
3.000000 
18.768324 
18.768324 
0.000000 
0.000000 
2.236068 
2.236068 
1.500000 
1.500000 
1.581139 
1.581139 
2.549510 
2.549510 
16.007811 
16.007811 
0.000000 
0.000000 
2.236068 
2.236068 
1.500000 
1.500000 
9.124144 
9.124144 
1.000000 
1.000000 
1.414214 
1.414214 
0.000000 
0.000000 
2.236068 
2.236068 
1.500000 
1.500000 
1.000000 
1.000000 
1.000000 
1.000000 
20.500000 
20.500000 
2.236068 
2.236068 
1.500000 
1.500000 
0.707107 
0.707107 
1.000000 
1.000000 
0.500000 
0.500000 
2.236068 
2.236068 
1.500000 
1.500000 
0.500000 
0.500000 
1.000000 
1.000000 
1.118034 
1.118034 
2.236068 
2.236068 
1.500000 
1.500000 
0.707107 
0.707107 
1.000000 
1.000000 
21.000000 
21.000000 
2.236068 
2.236068 
1.500000 
1.500000 
0.500000 
0.500000 
1.000000 
1.000000 
23.005434 
23.005434 
2.236068 
2.236068 
1.500000 
1.500000 
0.500000 
0.500000 
1.000000 
1.000000 
24.046829 
24.046829 
0.707107 
0.707107 
1.000000 
1.000000 
2.692582 
2.692582 
1.414214 
1.414214 
1.000000 
1.000000 
1.802776 
1.802776 
1.581139 
1.581139 
1.000000 
1.000000 
1.802776 
1.802776 
0.000000 
0.000000 
1.118034 
1.118034 
1.000000 
1.000000 
1.802776 
1.802776 
4.609772 
4.609772 
0.500000 
0.500000 
1.000000 
1.000000 
1.802776 
1.802776 
5.000000 
5.000000 
2.692582 
2.692582 
1.000000 
1.000000 
1.802776 
1.802776 
2.500000 
2.500000 
1.581139 
1.581139 
1.000000 
1.000000 
1.802776 
1.802776 
26.518861 
26.518861 
4.500000 
4.500000 
1.000000 
1.000000 
1.802776 
1.802776 
