0.000000 
0.000000 
0.000000 
0.000000 
7.158911 
7.158911 
1.500000 
1.500000 
2.000000 
2.000000 
1.000000 
1.000000 
1.581139 
1.581139 
1.118034 
1.118034 
1.581139 
1.581139 
0.500000 
0.500000 
8.139410 
8.139410 
0.500000 
0.500000 
3.640055 
3.640055 
12.658989 
12.658989 
1.414214 
1.414214 
0.500000 
0.500000 
0.500000 
0.500000 
0.000000 
0.000000 
5.522681 
5.522681 
8.514693 
8.514693 
1.118034 
1.118034 
0.707107 
0.707107 
5.522681 
5.522681 
0.500000 
0.500000 
1.581139 
1.581139 
2.236068 
2.236068 
3.000000 
3.000000 
1.118034 
1.118034 
2.500000 
2.500000 
16.688319 
16.688319 
6.500000 
6.500000 
1.000000 
1.000000 
2.061553 
2.061553 
1.118034 
1.118034 
0.000000 
0.000000 
2.500000 
2.500000 
7.158911 
7.158911 
31.575307 
31.575307 
2.549510 
2.549510 
2.061553 
2.061553 
1.000000 
1.000000 
1.118034 
1.118034 
2.236068 
2.236068 
0.500000 
0.500000 
6.020797 
6.020797 
2.236068 
2.236068 
1.802776 
1.802776 
0.500000 
0.500000 
0.500000 
0.500000 
1.118034 
1.118034 
5.315073 
5.315073 
0.707107 
0.707107 
25.894015 
25.894015 
1.000000 
1.000000 
0.707107 
0.707107 
3.535534 
3.535534 
0.500000 
0.500000 
0.707107 
0.707107 
3.162278 
3.162278 
0.000000 
0.000000 
0.707107 
0.707107 
17.846568 
17.846568 
1.000000 
1.000000 
0.707107 
0.707107 
2.500000 
2.500000 
4.924429 
4.924429 
0.707107 
0.707107 
0.000000 
0.000000 
0.707107 
0.707107 
2.500000 
2.500000 
0.707107 
0.707107 
4.272002 
4.272002 
3.201562 
3.201562 
6.403124 
6.403124 
0.707107 
0.707107 
7.826238 
7.826238 
1.802776 
1.802776 
3.535534 
3.535534 
0.707107 
0.707107 
0.500000 
0.500000 
2.061553 
2.061553 
5.099020 
5.099020 
0.707107 
0.707107 
6.800735 
6.800735 
2.121320 
2.121320 
12.000000 
12.000000 
0.707107 
0.707107 
16.620770 
16.620770 
2.121320 
2.121320 
7.000000 
7.000000 
0.707107 
0.707107 
0.000000 
0.000000 
0.500000 
0.500000 
2.121320 
2.121320 
8.015610 
8.015610 
0.707107 
0.707107 
5.024938 
5.024938 
1.500000 
1.500000 
2.121320 
2.121320 
15.008331 
15.008331 
0.707107 
0.707107 
4.743416 
4.743416 
1.000000 
1.000000 
2.121320 
2.121320 
7.500000 
7.500000 
0.707107 
0.707107 
17.613915 
17.613915 
3.640055 
3.640055 
2.121320 
2.121320 
6.500000 
6.500000 
26.730133 
26.730133 
4.743416 
4.743416 
2.121320 
2.121320 
10.977249 
10.977249 
