0.000000 
0.000000 
0.000000 
0.000000 
0.000000 
0.000000 
1.118034 
1.118034 
1.581139 
1.581139 
2.236068 
2.236068 
1.118034 
1.118034 
1.000000 
1.000000 
5.099020 
5.099020 
0.707107 
0.707107 
0.500000 
0.500000 
0.500000 
0.500000 
0.000000 
0.000000 
0.500000 
0.500000 
0.500000 
0.500000 
6.082763 
6.082763 
0.707107 
0.707107 
3.500000 
3.500000 
0.500000 
0.500000 
1.802776 
1.802776 
0.500000 
0.500000 
0.500000 
0.500000 
1.500000 
1.500000 
4.031129 
4.031129 
1.118034 
1.118034 
2.549510 
2.549510 
0.500000 
0.500000 
0.500000 
0.500000 
2.236068 
2.236068 
1.802776 
1.802776 
12.500000 
12.500000 
1.000000 
1.000000 
1.802776 
1.802776 
3.500000 
3.500000 
5.590170 
5.590170 
0.707107 
0.707107 
2.500000 
2.500000 
1.118034 
1.118034 
0.707107 
0.707107 
1.414214 
1.414214 
2.121320 
2.121320 
0.500000 
0.500000 
1.414214 
1.414214 
2.692582 
2.692582 
0.500000 
0.500000 
1.414214 
1.414214 
2.915476 
2.915476 
1.000000 
1.000000 
13.416408 
13.416408 
2.828427 
2.828427 
1.414214 
1.414214 
1.000000 
1.000000 
2.500000 
2.500000 
0.707107 
0.707107 
1.802776 
1.802776 
0.707107 
0.707107 
1.000000 
1.000000 
1.581139 
1.581139 
0.500000 
0.500000 
1.414214 
1.414214 
0.707107 
0.707107 
0.000000 
0.000000 
0.707107 
0.707107 
1.118034 
1.118034 
0.707107 
0.707107 
0.707107 
0.707107 
1.581139 
1.581139 
0.500000 
0.500000 
5.590170 
5.590170 
2.828427 
2.828427 
1.000000 
1.000000 
1.581139 
1.581139 
0.500000 
0.500000 
0.500000 
0.500000 
3.500000 
3.500000 
2.061553 
2.061553 
0.707107 
0.707107 
4.500000 
4.500000 
8.381527 
8.381527 
1.802776 
1.802776 
5.590170 
5.590170 
2.000000 
2.000000 
1.000000 
1.000000 
4.031129 
4.031129 
2.061553 
2.061553 
0.707107 
0.707107 
11.101802 
11.101802 
0.000000 
0.000000 
1.000000 
1.000000 
0.500000 
0.500000 
0.707107 
0.707107 
0.707107 
0.707107 
3.041381 
3.041381 
9.513149 
9.513149 
2.500000 
2.500000 
1.581139 
1.581139 
1.000000 
1.000000 
2.500000 
2.500000 
7.648529 
7.648529 
1.118034 
1.118034 
2.500000 
2.500000 
1.581139 
1.581139 
1.118034 
1.118034 
2.500000 
2.500000 
2.692582 
2.692582 
0.000000 
0.000000 
1.118034 
1.118034 
2.500000 
2.500000 
1.581139 
1.581139 
1.581139 
1.581139 
1.118034 
1.118034 
2.500000 
2.500000 
1.500000 
1.500000 
3.201562 
3.201562 
1.118034 
1.118034 
2.500000 
2.500000 
7.516648 
7.516648 
1.118034 
1.118034 
1.118034 
1.118034 
2.500000 
2.500000 
3.000000 
3.000000 
