0.000000 
0.000000 
0.000000 
0.000000 
0.000000 
0.000000 
0.000000 
0.000000 
0.000000 
0.000000 
2.121320 
2.121320 
1.118034 
1.118034 
3.535534 
3.535534 
0.000000 
0.000000 
2.236068 
2.236068 
1.581139 
1.581139 
5.408327 
5.408327 
0.000000 
0.000000 
2.000000 
2.000000 
6.670832 
6.670832 
8.500000 
8.500000 
0.000000 
0.000000 
1.414214 
1.414214 
1.118034 
1.118034 
3.041381 
3.041381 
0.000000 
0.000000 
0.000000 
0.000000 
6.500000 
6.500000 
3.041381 
3.041381 
3.000000 
3.000000 
9.500000 
9.500000 
0.000000 
0.000000 
1.802776 
1.802776 
1.581139 
1.581139 
6.576473 
6.576473 
1.118034 
1.118034 
0.000000 
0.000000 
11.597414 
11.597414 
1.581139 
1.581139 
3.041381 
3.041381 
1.581139 
1.581139 
0.000000 
0.000000 
3.041381 
3.041381 
1.581139 
1.581139 
3.162278 
3.162278 
8.062258 
8.062258 
0.000000 
0.000000 
1.118034 
1.118034 
1.581139 
1.581139 
2.000000 
2.000000 
0.000000 
0.000000 
0.000000 
0.000000 
8.139410 
8.139410 
1.581139 
1.581139 
5.220153 
5.220153 
10.547512 
10.547512 
0.000000 
0.000000 
8.139410 
8.139410 
1.581139 
1.581139 
1.500000 
1.500000 
0.000000 
0.000000 
10.547512 
10.547512 
0.000000 
0.000000 
8.139410 
8.139410 
16.918924 
16.918924 
3.000000 
3.000000 
0.000000 
0.000000 
1.802776 
1.802776 
0.000000 
0.000000 
8.139410 
8.139410 
1.118034 
1.118034 
2.549510 
2.549510 
3.535534 
3.535534 
1.802776 
1.802776 
0.000000 
0.000000 
8.139410 
8.139410 
1.118034 
1.118034 
2.500000 
2.500000 
0.000000 
0.000000 
7.648529 
7.648529 
1.802776 
1.802776 
8.139410 
8.139410 
11.926860 
11.926860 
5.590170 
5.590170 
2.121320 
2.121320 
2.236068 
2.236068 
1.802776 
1.802776 
8.139410 
8.139410 
3.162278 
3.162278 
7.382412 
7.382412 
1.581139 
1.581139 
2.549510 
2.549510 
1.802776 
1.802776 
8.139410 
8.139410 
3.162278 
3.162278 
3.162278 
3.162278 
0.000000 
0.000000 
2.000000 
2.000000 
2.549510 
2.549510 
1.802776 
1.802776 
8.139410 
8.139410 
3.162278 
3.162278 
7.648529 
7.648529 
1.118034 
1.118034 
1.802776 
1.802776 
6.670832 
6.670832 
1.802776 
1.802776 
8.139410 
8.139410 
3.162278 
3.162278 
3.000000 
3.000000 
1.118034 
1.118034 
1.500000 
1.500000 
3.041381 
3.041381 
1.802776 
1.802776 
8.139410 
8.139410 
3.162278 
3.162278 
3.000000 
3.000000 
0.000000 
0.000000 
0.707107 
0.707107 
5.000000 
5.000000 
3.041381 
3.041381 
1.802776 
1.802776 
8.139410 
8.139410 
3.162278 
3.162278 
3.000000 
3.000000 
4.123106 
4.123106 
1.802776 
1.802776 
2.000000 
2.000000 
1.581139 
1.581139 
1.802776 
1.802776 
8.139410 
8.139410 
3.162278 
3.162278 
3.000000 
3.000000 
10.606602 
10.606602 
1.500000 
1.500000 
2.061553 
2.061553 
7.017834 
7.017834 
1.802776 
1.802776 
8.139410 
8.139410 
3.162278 
3.162278 
3.000000 
3.000000 
4.272002 
4.272002 
3.041381 
3.041381 
2.000000 
2.000000 
3.605551 
3.605551 
1.802776 
1.802776 
8.139410 
8.139410 
3.162278 
3.162278 
3.000000 
3.000000 
10.049876 
10.049876 
6.576473 
6.576473 
2.061553 
2.061553 
1.118034 
1.118034 
1.802776 
1.802776 
3.162278 
3.162278 
3.000000 
3.000000 
4.031129 
4.031129 
0.707107 
0.707107 
1.118034 
1.118034 
1.000000 
1.000000 
1.802776 
1.802776 
3.162278 
3.162278 
3.000000 
3.000000 
0.000000 
0.000000 
4.031129 
4.031129 
0.000000 
0.000000 
4.527693 
4.527693 
1.118034 
1.118034 
1.802776 
1.802776 
3.162278 
3.162278 
3.000000 
3.000000 
0.000000 
0.000000 
4.031129 
4.031129 
1.414214 
1.414214 
1.118034 
1.118034 
1.118034 
1.118034 
3.162278 
3.162278 
3.000000 
3.000000 
0.000000 
0.000000 
4.031129 
4.031129 
8.631338 
8.631338 
3.041381 
3.041381 
0.000000 
0.000000 
3.162278 
3.162278 
3.000000 
3.000000 
0.000000 
0.000000 
4.031129 
4.031129 
1.118034 
1.118034 
6.670832 
6.670832 
4.500000 
4.500000 
3.162278 
3.162278 
3.000000 
3.000000 
0.000000 
0.000000 
4.031129 
4.031129 
1.581139 
1.581139 
1.118034 
1.118034 
1.581139 
1.581139 
3.162278 
3.162278 
3.000000 
3.000000 
0.000000 
0.000000 
4.031129 
4.031129 
2.692582 
2.692582 
1.581139 
1.581139 
1.118034 
1.118034 
3.000000 
3.000000 
0.000000 
0.000000 
4.031129 
4.031129 
4.527693 
4.527693 
2.121320 
2.121320 
2.000000 
2.000000 
3.000000 
3.000000 
0.000000 
0.000000 
4.031129 
4.031129 
4.242641 
4.242641 
2.121320 
2.121320 
0.707107 
0.707107 
0.000000 
0.000000 
4.031129 
4.031129 
1.581139 
1.581139 
2.121320 
2.121320 
6.576473 
6.576473 
0.000000 
0.000000 
4.031129 
4.031129 
8.514693 
8.514693 
2.121320 
2.121320 
2.061553 
2.061553 
0.000000 
0.000000 
4.031129 
4.031129 
0.500000 
0.500000 
2.121320 
2.121320 
2.500000 
2.500000 
0.000000 
0.000000 
4.031129 
4.031129 
0.707107 
0.707107 
2.121320 
2.121320 
2.061553 
2.061553 
