0.000000 
0.000000 
0.000000 
0.000000 
0.000000 
0.000000 
3.500000 
3.500000 
0.707107 
0.707107 
4.272002 
4.272002 
0.000000 
0.000000 
2.236068 
2.236068 
0.707107 
0.707107 
4.272002 
4.272002 
8.246211 
8.246211 
7.516648 
7.516648 
0.707107 
0.707107 
4.272002 
4.272002 
11.884864 
11.884864 
3.500000 
3.500000 
0.500000 
0.500000 
4.272002 
4.272002 
16.224981 
16.224981 
11.500000 
11.500000 
1.581139 
1.581139 
4.272002 
4.272002 
9.708244 
9.708244 
6.519202 
6.519202 
0.707107 
0.707107 
4.272002 
4.272002 
6.500000 
6.500000 
7.158911 
7.158911 
11.011358 
11.011358 
4.272002 
4.272002 
4.123106 
4.123106 
12.589678 
12.589678 
1.500000 
1.500000 
4.272002 
4.272002 
9.500000 
9.500000 
4.272002 
4.272002 
1.581139 
1.581139 
4.272002 
4.272002 
4.123106 
4.123106 
6.184658 
6.184658 
1.000000 
1.000000 
4.272002 
4.272002 
4.609772 
4.609772 
6.020797 
6.020797 
0.500000 
0.500000 
4.272002 
4.272002 
3.500000 
3.500000 
13.009612 
13.009612 
1.118034 
1.118034 
4.272002 
4.272002 
3.000000 
3.000000 
6.020797 
6.020797 
12.020815 
12.020815 
4.272002 
4.272002 
3.162278 
3.162278 
6.020797 
6.020797 
3.535534 
3.535534 
4.272002 
4.272002 
1.581139 
1.581139 
6.020797 
6.020797 
2.500000 
2.500000 
4.272002 
4.272002 
3.500000 
3.500000 
6.020797 
6.020797 
1.000000 
1.000000 
1.581139 
1.581139 
6.020797 
6.020797 
0.500000 
0.500000 
1.802776 
1.802776 
6.020797 
6.020797 
2.236068 
2.236068 
2.061553 
2.061553 
6.020797 
6.020797 
2.692582 
2.692582 
0.000000 
0.000000 
2.692582 
2.692582 
6.020797 
6.020797 
2.692582 
2.692582 
5.852350 
5.852350 
2.236068 
2.236068 
6.020797 
6.020797 
22.500000 
22.500000 
5.024938 
5.024938 
4.527693 
4.527693 
6.020797 
6.020797 
3.535534 
3.535534 
5.024938 
5.024938 
2.500000 
2.500000 
6.020797 
6.020797 
2.236068 
2.236068 
0.000000 
0.000000 
5.024938 
5.024938 
5.147815 
5.147815 
6.020797 
6.020797 
2.236068 
2.236068 
5.000000 
5.000000 
5.024938 
5.024938 
2.915476 
2.915476 
6.020797 
6.020797 
2.236068 
2.236068 
0.000000 
0.000000 
10.049876 
10.049876 
5.024938 
5.024938 
1.414214 
1.414214 
6.020797 
6.020797 
2.236068 
2.236068 
0.000000 
0.000000 
10.049876 
10.049876 
5.024938 
5.024938 
1.118034 
1.118034 
6.020797 
6.020797 
2.236068 
2.236068 
8.000000 
8.000000 
10.049876 
10.049876 
5.024938 
5.024938 
2.061553 
2.061553 
9.219544 
9.219544 
1.118034 
1.118034 
10.049876 
10.049876 
5.024938 
5.024938 
3.162278 
3.162278 
1.000000 
1.000000 
1.118034 
1.118034 
10.049876 
10.049876 
5.024938 
5.024938 
1.581139 
1.581139 
2.236068 
2.236068 
1.802776 
1.802776 
10.049876 
10.049876 
5.024938 
5.024938 
6.519202 
6.519202 
4.031129 
4.031129 
0.707107 
0.707107 
10.049876 
10.049876 
5.024938 
5.024938 
3.000000 
3.000000 
3.535534 
3.535534 
1.118034 
1.118034 
10.049876 
10.049876 
5.024938 
5.024938 
3.000000 
3.000000 
1.118034 
1.118034 
0.707107 
0.707107 
10.049876 
10.049876 
5.024938 
5.024938 
1.581139 
1.581139 
1.118034 
1.118034 
1.118034 
1.118034 
10.049876 
10.049876 
5.024938 
5.024938 
7.071068 
7.071068 
1.118034 
1.118034 
1.000000 
1.000000 
10.049876 
10.049876 
5.024938 
5.024938 
4.743416 
4.743416 
2.061553 
2.061553 
1.802776 
1.802776 
10.049876 
10.049876 
7.516648 
7.516648 
3.041381 
3.041381 
2.500000 
2.500000 
10.049876 
10.049876 
6.000000 
6.000000 
1.500000 
1.500000 
