0.000000 
0.000000 
0.000000 
0.000000 
0.000000 
0.000000 
9.000000 
9.000000 
2.549510 
2.549510 
0.500000 
0.500000 
3.000000 
3.000000 
4.272002 
4.272002 
1.000000 
1.000000 
11.401754 
11.401754 
1.118034 
1.118034 
4.000000 
4.000000 
7.017834 
7.017834 
1.500000 
1.500000 
1.118034 
1.118034 
1.802776 
1.802776 
2.500000 
2.500000 
4.123106 
4.123106 
3.201562 
3.201562 
4.301163 
4.301163 
2.692582 
2.692582 
2.915476 
2.915476 
3.354102 
3.354102 
2.828427 
2.828427 
6.576473 
6.576473 
3.354102 
3.354102 
3.201562 
3.201562 
2.500000 
2.500000 
4.527693 
4.527693 
7.648529 
7.648529 
0.000000 
0.000000 
1.118034 
1.118034 
4.527693 
4.527693 
2.500000 
2.500000 
2.915476 
2.915476 
1.118034 
1.118034 
4.527693 
4.527693 
3.041381 
3.041381 
7.071068 
7.071068 
1.118034 
1.118034 
18.768324 
18.768324 
3.041381 
3.041381 
8.000000 
8.000000 
1.118034 
1.118034 
2.549510 
2.549510 
3.041381 
3.041381 
1.500000 
1.500000 
1.118034 
1.118034 
1.000000 
1.000000 
3.041381 
3.041381 
0.000000 
0.000000 
2.549510 
2.549510 
1.118034 
1.118034 
1.118034 
1.118034 
3.041381 
3.041381 
9.552487 
9.552487 
3.000000 
3.000000 
1.118034 
1.118034 
2.000000 
2.000000 
3.041381 
3.041381 
1.581139 
1.581139 
3.041381 
3.041381 
1.118034 
1.118034 
2.549510 
2.549510 
3.041381 
3.041381 
2.692582 
2.692582 
0.707107 
0.707107 
1.118034 
1.118034 
14.508618 
14.508618 
3.041381 
3.041381 
7.500000 
7.500000 
1.118034 
1.118034 
1.118034 
1.118034 
3.201562 
3.201562 
3.041381 
3.041381 
1.118034 
1.118034 
3.000000 
3.000000 
1.118034 
1.118034 
2.549510 
2.549510 
3.041381 
3.041381 
0.500000 
0.500000 
0.500000 
0.500000 
1.118034 
1.118034 
2.549510 
2.549510 
3.041381 
3.041381 
1.118034 
1.118034 
2.549510 
2.549510 
1.118034 
1.118034 
1.581139 
1.581139 
3.041381 
3.041381 
1.581139 
1.581139 
0.707107 
0.707107 
1.118034 
1.118034 
3.000000 
3.000000 
3.041381 
3.041381 
0.500000 
0.500000 
1.118034 
1.118034 
1.118034 
1.118034 
0.500000 
0.500000 
3.041381 
3.041381 
0.000000 
0.000000 
0.707107 
0.707107 
0.707107 
0.707107 
17.500000 
17.500000 
3.041381 
3.041381 
1.000000 
1.000000 
0.707107 
0.707107 
0.500000 
0.500000 
1.118034 
1.118034 
8.015610 
8.015610 
1.414214 
1.414214 
5.220153 
5.220153 
1.000000 
1.000000 
0.500000 
0.500000 
4.743416 
4.743416 
1.000000 
1.000000 
14.008926 
14.008926 
1.000000 
1.000000 
2.500000 
2.500000 
2.692582 
2.692582 
4.031129 
4.031129 
0.707107 
0.707107 
2.500000 
2.500000 
3.162278 
3.162278 
4.031129 
4.031129 
0.000000 
0.000000 
0.707107 
0.707107 
2.500000 
2.500000 
7.433034 
7.433034 
3.162278 
3.162278 
0.707107 
0.707107 
0.707107 
0.707107 
2.500000 
2.500000 
7.500000 
7.500000 
1.118034 
1.118034 
0.500000 
0.500000 
0.707107 
0.707107 
2.500000 
2.500000 
2.500000 
2.500000 
17.000000 
17.000000 
1.118034 
1.118034 
0.707107 
0.707107 
2.500000 
2.500000 
2.236068 
2.236068 
3.041381 
3.041381 
1.118034 
1.118034 
0.707107 
0.707107 
2.500000 
2.500000 
2.236068 
2.236068 
3.535534 
3.535534 
1.118034 
1.118034 
0.707107 
0.707107 
2.500000 
2.500000 
1.118034 
1.118034 
4.123106 
4.123106 
1.118034 
1.118034 
0.707107 
0.707107 
2.500000 
2.500000 
1.414214 
1.414214 
3.354102 
3.354102 
