0.000000 
0.000000 
0.000000 
0.000000 
0.000000 
0.000000 
1.118034 
1.118034 
9.340771 
9.340771 
2.061553 
2.061553 
0.500000 
0.500000 
0.500000 
0.500000 
2.000000 
2.000000 
0.500000 
0.500000 
1.118034 
1.118034 
1.000000 
1.000000 
0.500000 
0.500000 
0.500000 
0.500000 
1.000000 
1.000000 
0.500000 
0.500000 
0.707107 
0.707107 
0.707107 
0.707107 
0.500000 
0.500000 
1.802776 
1.802776 
0.000000 
0.000000 
0.500000 
0.500000 
7.632169 
7.632169 
0.707107 
0.707107 
0.500000 
0.500000 
1.500000 
1.500000 
1.581139 
1.581139 
0.500000 
0.500000 
2.500000 
2.500000 
1.581139 
1.581139 
0.500000 
0.500000 
2.692582 
2.692582 
1.500000 
1.500000 
0.500000 
0.500000 
1.802776 
1.802776 
0.707107 
0.707107 
0.500000 
0.500000 
0.707107 
0.707107 
0.500000 
0.500000 
0.500000 
0.500000 
9.340771 
9.340771 
4.031129 
4.031129 
0.500000 
0.500000 
2.915476 
2.915476 
1.414214 
1.414214 
0.500000 
0.500000 
6.041523 
6.041523 
1.802776 
1.802776 
0.500000 
0.500000 
1.000000 
1.000000 
2.500000 
2.500000 
0.000000 
0.000000 
2.061553 
2.061553 
3.605551 
3.605551 
2.061553 
2.061553 
0.000000 
0.000000 
2.061553 
2.061553 
4.527693 
4.527693 
0.500000 
0.500000 
1.802776 
1.802776 
4.527693 
4.527693 
0.000000 
0.000000 
1.118034 
1.118034 
0.500000 
0.500000 
4.527693 
4.527693 
2.236068 
2.236068 
1.118034 
1.118034 
0.707107 
0.707107 
4.527693 
4.527693 
2.915476 
2.915476 
1.118034 
1.118034 
1.000000 
1.000000 
4.527693 
4.527693 
3.162278 
3.162278 
1.118034 
1.118034 
0.500000 
0.500000 
4.527693 
4.527693 
2.236068 
2.236068 
1.118034 
1.118034 
1.581139 
1.581139 
4.527693 
4.527693 
6.519202 
6.519202 
1.118034 
1.118034 
1.500000 
1.500000 
4.527693 
4.527693 
2.000000 
2.000000 
1.118034 
1.118034 
0.707107 
0.707107 
4.527693 
4.527693 
3.000000 
3.000000 
1.118034 
1.118034 
8.062258 
8.062258 
4.527693 
4.527693 
2.549510 
2.549510 
1.118034 
1.118034 
1.118034 
1.118034 
4.527693 
4.527693 
1.500000 
1.500000 
1.118034 
1.118034 
2.236068 
2.236068 
4.527693 
4.527693 
5.522681 
5.522681 
1.118034 
1.118034 
1.414214 
1.414214 
4.527693 
4.527693 
1.581139 
1.581139 
1.118034 
1.118034 
1.000000 
1.000000 
4.527693 
4.527693 
1.000000 
1.000000 
1.118034 
1.118034 
0.500000 
0.500000 
4.527693 
4.527693 
0.500000 
0.500000 
1.118034 
1.118034 
1.000000 
1.000000 
3.535534 
3.535534 
1.118034 
1.118034 
1.581139 
1.581139 
0.000000 
0.000000 
1.118034 
1.118034 
0.000000 
0.000000 
0.500000 
0.500000 
1.581139 
1.581139 
3.000000 
3.000000 
0.000000 
0.000000 
6.519202 
6.519202 
