0.000000 
0.000000 
0.000000 
0.000000 
0.000000 
0.000000 
0.000000 
0.000000 
0.000000 
0.000000 
0.000000 
0.000000 
0.707107 
0.707107 
9.013878 
9.013878 
2.000000 
2.000000 
3.041381 
3.041381 
1.500000 
1.500000 
0.000000 
0.000000 
0.500000 
0.500000 
2.549510 
2.549510 
5.024938 
5.024938 
7.516648 
7.516648 
0.707107 
0.707107 
0.000000 
0.000000 
0.000000 
0.000000 
1.118034 
1.118034 
3.162278 
3.162278 
2.549510 
2.549510 
3.000000 
3.000000 
0.707107 
0.707107 
0.000000 
0.000000 
0.000000 
0.000000 
0.000000 
0.000000 
1.000000 
1.000000 
1.000000 
1.000000 
2.000000 
2.000000 
2.500000 
2.500000 
1.000000 
1.000000 
0.000000 
0.000000 
1.414214 
1.414214 
0.000000 
0.000000 
0.000000 
0.000000 
1.581139 
1.581139 
7.071068 
7.071068 
2.549510 
2.549510 
2.061553 
2.061553 
0.707107 
0.707107 
2.000000 
2.000000 
1.118034 
1.118034 
0.000000 
0.000000 
0.000000 
0.000000 
0.707107 
0.707107 
1.118034 
1.118034 
1.802776 
1.802776 
6.020797 
6.020797 
1.118034 
1.118034 
0.000000 
0.000000 
2.000000 
2.000000 
0.707107 
0.707107 
0.000000 
0.000000 
0.000000 
0.000000 
0.500000 
0.500000 
1.118034 
1.118034 
4.031129 
4.031129 
2.000000 
2.000000 
0.500000 
0.500000 
0.707107 
0.707107 
2.000000 
2.000000 
0.707107 
0.707107 
0.000000 
0.000000 
0.000000 
0.000000 
0.500000 
0.500000 
1.118034 
1.118034 
1.414214 
1.414214 
2.500000 
2.500000 
3.500000 
3.500000 
2.061553 
2.061553 
2.000000 
2.000000 
0.707107 
0.707107 
0.000000 
0.000000 
0.000000 
0.000000 
0.500000 
0.500000 
1.118034 
1.118034 
1.118034 
1.118034 
2.000000 
2.000000 
0.707107 
0.707107 
2.061553 
2.061553 
2.000000 
2.000000 
0.707107 
0.707107 
0.000000 
0.000000 
0.000000 
0.000000 
0.500000 
0.500000 
1.118034 
1.118034 
1.414214 
1.414214 
6.000000 
6.000000 
1.500000 
1.500000 
1.581139 
1.581139 
2.000000 
2.000000 
0.707107 
0.707107 
0.000000 
0.000000 
0.000000 
0.000000 
1.118034 
1.118034 
1.118034 
1.118034 
1.000000 
1.000000 
4.743416 
4.743416 
2.915476 
2.915476 
5.590170 
5.590170 
2.000000 
2.000000 
0.707107 
0.707107 
0.000000 
0.000000 
0.000000 
0.000000 
1.118034 
1.118034 
1.118034 
1.118034 
1.000000 
1.000000 
2.061553 
2.061553 
3.041381 
3.041381 
11.768602 
11.768602 
2.000000 
2.000000 
0.707107 
0.707107 
0.000000 
0.000000 
0.000000 
0.000000 
2.692582 
2.692582 
1.118034 
1.118034 
0.500000 
0.500000 
2.061553 
2.061553 
2.500000 
2.500000 
11.045361 
11.045361 
2.000000 
2.000000 
0.707107 
0.707107 
0.000000 
0.000000 
0.000000 
0.000000 
2.500000 
2.500000 
1.118034 
1.118034 
1.581139 
1.581139 
2.000000 
2.000000 
2.061553 
2.061553 
9.513149 
9.513149 
2.000000 
2.000000 
0.707107 
0.707107 
0.000000 
0.000000 
0.000000 
0.000000 
2.000000 
2.000000 
1.118034 
1.118034 
1.000000 
1.000000 
6.500000 
6.500000 
4.500000 
4.500000 
1.581139 
1.581139 
2.000000 
2.000000 
0.707107 
0.707107 
0.000000 
0.000000 
1.000000 
1.000000 
1.118034 
1.118034 
1.118034 
1.118034 
2.549510 
2.549510 
3.000000 
3.000000 
2.061553 
2.061553 
2.000000 
2.000000 
0.707107 
0.707107 
0.000000 
0.000000 
2.236068 
2.236068 
1.118034 
1.118034 
0.707107 
0.707107 
2.549510 
2.549510 
2.549510 
2.549510 
1.802776 
1.802776 
2.000000 
2.000000 
0.707107 
0.707107 
2.549510 
2.549510 
1.118034 
1.118034 
1.118034 
1.118034 
2.549510 
2.549510 
2.549510 
2.549510 
1.802776 
1.802776 
2.000000 
2.000000 
0.707107 
0.707107 
2.549510 
2.549510 
1.118034 
1.118034 
1.118034 
1.118034 
13.200379 
13.200379 
5.024938 
5.024938 
1.802776 
1.802776 
2.000000 
2.000000 
0.707107 
0.707107 
1.414214 
1.414214 
1.118034 
1.118034 
1.118034 
1.118034 
2.500000 
2.500000 
1.118034 
1.118034 
1.802776 
1.802776 
0.707107 
0.707107 
0.500000 
0.500000 
1.118034 
1.118034 
4.500000 
4.500000 
1.581139 
1.581139 
1.802776 
1.802776 
2.692582 
2.692582 
1.118034 
1.118034 
4.609772 
4.609772 
1.802776 
1.802776 
1.802776 
1.802776 
0.707107 
0.707107 
1.118034 
1.118034 
6.020797 
6.020797 
2.000000 
2.000000 
0.000000 
0.000000 
1.802776 
1.802776 
16.194135 
16.194135 
1.118034 
1.118034 
10.049876 
10.049876 
1.581139 
1.581139 
3.354102 
3.354102 
1.802776 
1.802776 
2.121320 
2.121320 
1.118034 
1.118034 
2.061553 
2.061553 
0.500000 
0.500000 
9.823441 
9.823441 
1.802776 
1.802776 
1.414214 
1.414214 
1.118034 
1.118034 
2.549510 
2.549510 
0.707107 
0.707107 
3.000000 
3.000000 
1.802776 
1.802776 
1.500000 
1.500000 
1.118034 
1.118034 
7.071068 
7.071068 
0.500000 
0.500000 
6.964194 
6.964194 
1.802776 
1.802776 
1.802776 
1.802776 
1.118034 
1.118034 
2.061553 
2.061553 
0.500000 
0.500000 
10.511898 
10.511898 
28.517538 
28.517538 
8.062258 
8.062258 
1.118034 
1.118034 
2.061553 
2.061553 
0.000000 
0.000000 
11.011358 
11.011358 
28.517538 
28.517538 
9.604686 
9.604686 
1.118034 
1.118034 
2.061553 
2.061553 
0.500000 
0.500000 
3.535534 
3.535534 
28.517538 
28.517538 
4.500000 
4.500000 
1.118034 
1.118034 
2.061553 
2.061553 
0.707107 
0.707107 
12.747549 
12.747549 
28.517538 
28.517538 
15.532225 
15.532225 
1.118034 
1.118034 
2.061553 
2.061553 
0.500000 
0.500000 
5.830952 
5.830952 
28.517538 
28.517538 
4.949747 
4.949747 
2.061553 
2.061553 
0.707107 
0.707107 
13.000000 
13.000000 
28.517538 
28.517538 
3.605551 
3.605551 
2.061553 
2.061553 
1.118034 
1.118034 
6.946222 
6.946222 
28.517538 
28.517538 
3.354102 
3.354102 
2.061553 
2.061553 
0.500000 
0.500000 
8.558621 
8.558621 
28.517538 
28.517538 
2.549510 
2.549510 
2.061553 
2.061553 
0.000000 
0.000000 
3.640055 
3.640055 
28.517538 
28.517538 
1.118034 
1.118034 
2.061553 
2.061553 
1.118034 
1.118034 
3.000000 
3.000000 
28.517538 
28.517538 
1.581139 
1.581139 
2.061553 
2.061553 
0.707107 
0.707107 
