0.000000 
0.000000 
0.000000 
0.000000 
4.000000 
4.000000 
16.007811 
16.007811 
4.031129 
4.031129 
5.024938 
5.024938 
0.500000 
0.500000 
4.527693 
4.527693 
15.532225 
15.532225 
2.549510 
2.549510 
2.236068 
2.236068 
12.349089 
12.349089 
2.500000 
2.500000 
0.500000 
0.500000 
2.236068 
2.236068 
1.000000 
1.000000 
30.516389 
30.516389 
0.500000 
0.500000 
1.802776 
1.802776 
0.500000 
0.500000 
1.118034 
1.118034 
0.500000 
0.500000 
1.118034 
1.118034 
16.031220 
16.031220 
1.118034 
1.118034 
10.049876 
10.049876 
1.118034 
1.118034 
4.716991 
4.716991 
1.118034 
1.118034 
3.807887 
3.807887 
1.118034 
1.118034 
3.162278 
3.162278 
1.118034 
1.118034 
14.560220 
14.560220 
1.118034 
1.118034 
7.158911 
7.158911 
1.118034 
1.118034 
9.604686 
9.604686 
1.118034 
1.118034 
15.628500 
15.628500 
0.000000 
0.000000 
1.118034 
1.118034 
1.500000 
1.500000 
15.033296 
15.033296 
1.118034 
1.118034 
1.581139 
1.581139 
1.500000 
1.500000 
1.118034 
1.118034 
8.246211 
8.246211 
0.500000 
0.500000 
1.118034 
1.118034 
2.549510 
2.549510 
15.000000 
15.000000 
1.118034 
1.118034 
0.707107 
0.707107 
1.118034 
1.118034 
1.118034 
1.118034 
1.581139 
1.581139 
1.118034 
1.118034 
1.581139 
1.581139 
0.000000 
0.000000 
1.118034 
1.118034 
1.581139 
1.581139 
3.162278 
3.162278 
1.118034 
1.118034 
1.581139 
1.581139 
2.000000 
2.000000 
1.118034 
1.118034 
1.581139 
1.581139 
1.581139 
1.581139 
1.118034 
1.118034 
1.581139 
1.581139 
2.500000 
2.500000 
1.118034 
1.118034 
1.581139 
1.581139 
18.560711 
18.560711 
1.118034 
1.118034 
1.581139 
1.581139 
18.607794 
18.607794 
1.118034 
1.118034 
1.581139 
1.581139 
20.099751 
20.099751 
1.118034 
1.118034 
1.581139 
1.581139 
20.099751 
20.099751 
1.118034 
1.118034 
1.581139 
1.581139 
20.099751 
20.099751 
1.118034 
1.118034 
1.581139 
1.581139 
20.099751 
20.099751 
1.118034 
1.118034 
1.581139 
1.581139 
20.099751 
20.099751 
1.118034 
1.118034 
1.581139 
1.581139 
