0.000000 
0.000000 
0.000000 
0.000000 
0.000000 
0.000000 
0.000000 
0.000000 
2.000000 
2.000000 
1.118034 
1.118034 
0.500000 
0.500000 
1.581139 
1.581139 
1.581139 
1.581139 
8.602325 
8.602325 
1.000000 
1.000000 
1.581139 
1.581139 
1.802776 
1.802776 
2.549510 
2.549510 
1.500000 
1.500000 
4.500000 
4.500000 
1.000000 
1.000000 
1.581139 
1.581139 
1.118034 
1.118034 
0.000000 
0.000000 
1.118034 
1.118034 
1.118034 
1.118034 
0.000000 
0.000000 
1.118034 
1.118034 
0.707107 
0.707107 
0.500000 
0.500000 
0.500000 
0.500000 
0.000000 
0.000000 
1.000000 
1.000000 
2.121320 
2.121320 
0.000000 
0.000000 
0.500000 
0.500000 
0.000000 
0.000000 
0.500000 
0.500000 
14.150972 
14.150972 
0.707107 
0.707107 
0.500000 
0.500000 
6.000000 
6.000000 
0.500000 
0.500000 
5.700877 
5.700877 
1.118034 
1.118034 
4.000000 
4.000000 
0.000000 
0.000000 
4.000000 
4.000000 
0.500000 
0.500000 
1.581139 
1.581139 
1.118034 
1.118034 
5.099020 
5.099020 
3.535534 
3.535534 
5.385165 
5.385165 
2.061553 
2.061553 
2.061553 
2.061553 
5.099020 
5.099020 
1.000000 
1.000000 
2.061553 
2.061553 
4.527693 
4.527693 
1.581139 
1.581139 
0.000000 
0.000000 
5.099020 
5.099020 
1.581139 
1.581139 
3.000000 
3.000000 
1.118034 
1.118034 
2.549510 
2.549510 
0.000000 
0.000000 
14.317821 
14.317821 
2.549510 
2.549510 
7.516648 
7.516648 
1.000000 
1.000000 
1.500000 
1.500000 
1.802776 
1.802776 
14.317821 
14.317821 
2.061553 
2.061553 
2.061553 
2.061553 
2.061553 
2.061553 
8.000000 
8.000000 
1.414214 
1.414214 
14.317821 
14.317821 
2.236068 
2.236068 
3.807887 
3.807887 
2.236068 
2.236068 
1.118034 
1.118034 
1.000000 
1.000000 
14.317821 
14.317821 
1.500000 
1.500000 
1.581139 
1.581139 
0.500000 
0.500000 
0.707107 
0.707107 
1.118034 
1.118034 
14.317821 
14.317821 
1.118034 
1.118034 
2.000000 
2.000000 
0.707107 
0.707107 
1.581139 
1.581139 
0.707107 
0.707107 
14.317821 
14.317821 
0.707107 
0.707107 
2.549510 
2.549510 
0.500000 
0.500000 
2.000000 
2.000000 
0.500000 
0.500000 
14.317821 
14.317821 
1.414214 
1.414214 
2.915476 
2.915476 
1.118034 
1.118034 
5.024938 
5.024938 
7.500000 
7.500000 
14.317821 
14.317821 
1.414214 
1.414214 
1.802776 
1.802776 
0.707107 
0.707107 
1.118034 
1.118034 
0.707107 
0.707107 
14.317821 
14.317821 
2.236068 
2.236068 
6.403124 
6.403124 
1.118034 
1.118034 
1.118034 
1.118034 
0.500000 
0.500000 
14.317821 
14.317821 
1.500000 
1.500000 
1.802776 
1.802776 
0.707107 
0.707107 
5.099020 
5.099020 
0.000000 
0.000000 
14.317821 
14.317821 
0.707107 
0.707107 
1.581139 
1.581139 
0.707107 
0.707107 
0.500000 
0.500000 
0.500000 
0.500000 
14.317821 
14.317821 
1.118034 
1.118034 
5.000000 
5.000000 
0.707107 
0.707107 
0.000000 
0.000000 
0.000000 
0.000000 
14.317821 
14.317821 
0.000000 
0.000000 
0.000000 
0.000000 
3.535534 
3.535534 
5.500000 
5.500000 
0.500000 
0.500000 
14.317821 
14.317821 
1.000000 
1.000000 
1.118034 
1.118034 
0.500000 
0.500000 
0.500000 
0.500000 
1.118034 
1.118034 
14.317821 
14.317821 
0.500000 
0.500000 
6.082763 
6.082763 
0.707107 
0.707107 
0.500000 
0.500000 
1.000000 
1.000000 
0.500000 
0.500000 
1.118034 
1.118034 
0.000000 
0.000000 
0.000000 
0.000000 
7.648529 
7.648529 
0.000000 
0.000000 
0.707107 
0.707107 
0.000000 
0.000000 
0.500000 
0.500000 
0.707107 
0.707107 
0.500000 
0.500000 
0.500000 
0.500000 
0.000000 
0.000000 
0.500000 
0.500000 
8.015610 
8.015610 
3.535534 
3.535534 
1.118034 
1.118034 
0.000000 
0.000000 
4.527693 
4.527693 
1.581139 
1.581139 
0.000000 
0.000000 
0.500000 
0.500000 
0.000000 
0.000000 
1.118034 
1.118034 
0.000000 
0.000000 
0.500000 
0.500000 
7.516648 
7.516648 
0.000000 
0.000000 
0.500000 
0.500000 
0.707107 
0.707107 
0.500000 
0.500000 
0.707107 
0.707107 
0.707107 
0.707107 
1.000000 
1.000000 
10.295630 
10.295630 
0.000000 
0.000000 
0.707107 
0.707107 
0.500000 
0.500000 
0.000000 
0.000000 
1.000000 
1.000000 
0.500000 
0.500000 
6.670832 
6.670832 
0.500000 
0.500000 
0.500000 
0.500000 
0.500000 
0.500000 
0.707107 
0.707107 
2.236068 
2.236068 
0.000000 
0.000000 
0.707107 
0.707107 
