0.000000 
0.000000 
0.000000 
0.000000 
0.000000 
0.000000 
17.528548 
17.528548 
0.000000 
0.000000 
1.500000 
1.500000 
0.000000 
0.000000 
0.500000 
0.500000 
0.000000 
0.000000 
0.500000 
0.500000 
0.000000 
0.000000 
3.201562 
3.201562 
0.000000 
0.000000 
3.201562 
3.201562 
0.000000 
0.000000 
3.201562 
3.201562 
0.000000 
0.000000 
3.201562 
3.201562 
0.000000 
0.000000 
0.000000 
0.000000 
3.201562 
3.201562 
0.000000 
0.000000 
20.524376 
20.524376 
0.000000 
0.000000 
3.201562 
3.201562 
0.707107 
0.707107 
17.356555 
17.356555 
0.000000 
0.000000 
3.201562 
3.201562 
1.000000 
1.000000 
18.527007 
18.527007 
0.000000 
0.000000 
3.201562 
3.201562 
1.000000 
1.000000 
3.201562 
3.201562 
0.000000 
0.000000 
3.201562 
3.201562 
14.080128 
14.080128 
3.535534 
3.535534 
0.000000 
0.000000 
3.201562 
3.201562 
3.500000 
3.500000 
3.535534 
3.535534 
3.201562 
3.201562 
2.549510 
2.549510 
3.535534 
3.535534 
3.201562 
3.201562 
0.000000 
0.000000 
2.500000 
2.500000 
3.535534 
3.535534 
3.201562 
3.201562 
1.802776 
1.802776 
24.682990 
24.682990 
3.535534 
3.535534 
3.201562 
3.201562 
2.236068 
2.236068 
1.000000 
1.000000 
3.535534 
3.535534 
3.201562 
3.201562 
2.000000 
2.000000 
1.414214 
1.414214 
3.535534 
3.535534 
1.000000 
1.000000 
21.868928 
21.868928 
3.535534 
3.535534 
1.000000 
1.000000 
3.535534 
3.535534 
3.535534 
3.535534 
1.802776 
1.802776 
1.000000 
1.000000 
3.535534 
3.535534 
1.802776 
1.802776 
1.000000 
1.000000 
3.535534 
3.535534 
2.692582 
2.692582 
1.118034 
1.118034 
3.535534 
3.535534 
2.692582 
2.692582 
1.581139 
1.581139 
3.535534 
3.535534 
3.535534 
3.535534 
1.118034 
1.118034 
3.535534 
3.535534 
0.707107 
0.707107 
20.718349 
20.718349 
3.535534 
3.535534 
1.000000 
1.000000 
3.905125 
3.905125 
1.118034 
1.118034 
1.581139 
1.581139 
1.000000 
1.000000 
1.581139 
1.581139 
1.500000 
1.500000 
21.552262 
21.552262 
11.045361 
11.045361 
0.707107 
0.707107 
3.354102 
3.354102 
0.500000 
0.500000 
4.272002 
4.272002 
1.118034 
1.118034 
4.123106 
4.123106 
1.802776 
1.802776 
2.236068 
2.236068 
1.414214 
1.414214 
0.707107 
0.707107 
1.414214 
1.414214 
