0.000000 
0.000000 
3.535534 
3.535534 
11.045361 
11.045361 
14.080128 
14.080128 
3.354102 
3.354102 
3.354102 
3.354102 
3.354102 
3.354102 
3.354102 
3.354102 
3.354102 
3.354102 
3.354102 
3.354102 
3.354102 
3.354102 
3.354102 
3.354102 
3.354102 
3.354102 
3.354102 
3.354102 
3.354102 
3.354102 
3.354102 
3.354102 
3.354102 
3.354102 
3.354102 
3.354102 
3.354102 
3.354102 
0.000000 
0.000000 
2.500000 
2.500000 
0.000000 
0.000000 
3.201562 
3.201562 
3.640055 
3.640055 
2.500000 
2.500000 
0.000000 
0.000000 
3.640055 
3.640055 
1.118034 
1.118034 
3.605551 
3.605551 
3.640055 
3.640055 
1.581139 
1.581139 
4.716991 
4.716991 
3.640055 
3.640055 
1.118034 
1.118034 
3.605551 
3.605551 
3.640055 
3.640055 
2.915476 
2.915476 
15.532225 
15.532225 
3.640055 
3.640055 
2.915476 
2.915476 
3.041381 
3.041381 
3.640055 
3.640055 
2.915476 
2.915476 
3.354102 
3.354102 
3.640055 
3.640055 
2.915476 
2.915476 
2.061553 
2.061553 
3.640055 
3.640055 
2.915476 
2.915476 
10.012492 
10.012492 
3.640055 
3.640055 
2.915476 
2.915476 
16.007811 
16.007811 
3.640055 
3.640055 
2.915476 
2.915476 
2.915476 
2.915476 
3.640055 
3.640055 
2.915476 
2.915476 
2.500000 
2.500000 
3.640055 
3.640055 
2.915476 
2.915476 
1.802776 
1.802776 
3.640055 
3.640055 
22.360680 
22.360680 
2.549510 
2.549510 
3.640055 
3.640055 
1.500000 
1.500000 
1.118034 
1.118034 
0.707107 
0.707107 
