0.000000 
0.000000 
1.118034 
1.118034 
3.354102 
3.354102 
2.500000 
2.500000 
3.041381 
3.041381 
16.530275 
16.530275 
14.577380 
14.577380 
1.802776 
1.802776 
1.802776 
1.802776 
1.802776 
1.802776 
14.142136 
14.142136 
1.000000 
1.000000 
1.118034 
1.118034 
2.121320 
2.121320 
2.692582 
2.692582 
4.301163 
4.301163 
2.500000 
2.500000 
1.500000 
1.500000 
0.707107 
0.707107 
27.613403 
27.613403 
0.500000 
0.500000 
22.522211 
22.522211 
0.000000 
0.000000 
22.522211 
22.522211 
2.500000 
2.500000 
22.522211 
22.522211 
2.500000 
2.500000 
22.522211 
22.522211 
2.500000 
2.500000 
22.522211 
22.522211 
3.807887 
3.807887 
22.522211 
22.522211 
25.044960 
25.044960 
22.522211 
22.522211 
1.118034 
1.118034 
22.522211 
22.522211 
1.581139 
1.581139 
22.522211 
22.522211 
24.046829 
24.046829 
22.522211 
22.522211 
27.170756 
27.170756 
22.522211 
22.522211 
3.041381 
3.041381 
22.522211 
22.522211 
3.041381 
3.041381 
22.522211 
22.522211 
28.442925 
28.442925 
32.097508 
32.097508 
2.828427 
2.828427 
2.915476 
2.915476 
0.707107 
0.707107 
3.201562 
3.201562 
0.707107 
0.707107 
2.915476 
2.915476 
0.707107 
0.707107 
2.915476 
2.915476 
