0.000000 
0.000000 
2.061553 
2.061553 
1.581139 
1.581139 
2.692582 
2.692582 
0.000000 
0.000000 
0.000000 
0.000000 
2.500000 
2.500000 
2.500000 
2.500000 
0.500000 
0.500000 
1.581139 
1.581139 
2.500000 
2.500000 
0.500000 
0.500000 
1.000000 
1.000000 
2.500000 
2.500000 
0.500000 
0.500000 
1.000000 
1.000000 
2.500000 
2.500000 
0.500000 
0.500000 
1.000000 
1.000000 
2.500000 
2.500000 
0.500000 
0.500000 
1.000000 
1.000000 
2.500000 
2.500000 
0.500000 
0.500000 
1.000000 
1.000000 
2.500000 
2.500000 
0.500000 
0.500000 
1.000000 
1.000000 
2.500000 
2.500000 
0.500000 
0.500000 
1.000000 
1.000000 
2.500000 
2.500000 
0.500000 
0.500000 
1.000000 
1.000000 
2.500000 
2.500000 
0.500000 
0.500000 
1.000000 
1.000000 
2.500000 
2.500000 
0.500000 
0.500000 
1.000000 
1.000000 
2.500000 
2.500000 
0.500000 
0.500000 
1.000000 
1.000000 
2.500000 
2.500000 
0.500000 
0.500000 
1.000000 
1.000000 
2.500000 
2.500000 
0.500000 
0.500000 
1.000000 
1.000000 
2.500000 
2.500000 
0.500000 
0.500000 
1.000000 
1.000000 
1.000000 
1.000000 
0.000000 
0.000000 
22.770595 
22.770595 
4.609772 
4.609772 
3.162278 
3.162278 
3.162278 
3.162278 
3.162278 
3.162278 
3.162278 
3.162278 
3.162278 
3.162278 
3.162278 
3.162278 
3.162278 
3.162278 
3.162278 
3.162278 
3.162278 
3.162278 
3.162278 
3.162278 
3.162278 
3.162278 
3.162278 
3.162278 
8.276473 
8.276473 
22.588714 
22.588714 
