0.000000 
0.000000 
1.802776 
1.802776 
2.915476 
2.915476 
2.692582 
2.692582 
2.692582 
2.692582 
2.692582 
2.692582 
2.692582 
2.692582 
2.692582 
2.692582 
0.000000 
0.000000 
2.692582 
2.692582 
2.000000 
2.000000 
2.692582 
2.692582 
2.061553 
2.061553 
2.692582 
2.692582 
0.000000 
0.000000 
2.061553 
2.061553 
2.692582 
2.692582 
1.414214 
1.414214 
2.061553 
2.061553 
2.692582 
2.692582 
2.500000 
2.500000 
2.061553 
2.061553 
2.692582 
2.692582 
3.000000 
3.000000 
2.061553 
2.061553 
2.692582 
2.692582 
29.347061 
29.347061 
2.061553 
2.061553 
2.692582 
2.692582 
23.547824 
23.547824 
2.061553 
2.061553 
2.692582 
2.692582 
2.549510 
2.549510 
2.061553 
2.061553 
2.692582 
2.692582 
1.000000 
1.000000 
2.061553 
2.061553 
1.000000 
1.000000 
2.061553 
2.061553 
1.000000 
1.000000 
2.061553 
2.061553 
1.000000 
1.000000 
2.061553 
2.061553 
1.000000 
1.000000 
2.061553 
2.061553 
0.000000 
0.000000 
1.000000 
1.000000 
2.061553 
2.061553 
26.462237 
26.462237 
1.000000 
1.000000 
2.061553 
2.061553 
3.535534 
3.535534 
1.000000 
1.000000 
3.535534 
3.535534 
1.000000 
1.000000 
0.000000 
0.000000 
3.535534 
3.535534 
1.000000 
1.000000 
1.118034 
1.118034 
3.535534 
3.535534 
1.000000 
1.000000 
1.500000 
1.500000 
3.535534 
3.535534 
1.000000 
1.000000 
1.581139 
1.581139 
3.535534 
3.535534 
1.000000 
1.000000 
0.000000 
0.000000 
2.121320 
2.121320 
3.535534 
3.535534 
1.000000 
1.000000 
1.118034 
1.118034 
2.121320 
2.121320 
3.535534 
3.535534 
1.000000 
1.000000 
1.118034 
1.118034 
2.121320 
2.121320 
3.535534 
3.535534 
1.118034 
1.118034 
2.121320 
2.121320 
3.535534 
3.535534 
1.118034 
1.118034 
2.121320 
2.121320 
3.535534 
3.535534 
1.118034 
1.118034 
2.121320 
2.121320 
3.535534 
3.535534 
1.118034 
1.118034 
2.121320 
2.121320 
3.535534 
3.535534 
1.118034 
1.118034 
2.121320 
2.121320 
3.535534 
3.535534 
