0.000000 
0.000000 
0.000000 
0.000000 
0.000000 
0.000000 
1.000000 
1.000000 
2.000000 
2.000000 
1.118034 
1.118034 
2.000000 
2.000000 
3.041381 
3.041381 
0.707107 
0.707107 
7.158911 
7.158911 
2.915476 
2.915476 
1.000000 
1.000000 
8.015610 
8.015610 
3.535534 
3.535534 
2.500000 
2.500000 
2.549510 
2.549510 
3.535534 
3.535534 
2.061553 
2.061553 
2.549510 
2.549510 
3.535534 
3.535534 
3.201562 
3.201562 
2.549510 
2.549510 
3.535534 
3.535534 
2.121320 
2.121320 
2.549510 
2.549510 
3.535534 
3.535534 
4.123106 
4.123106 
2.549510 
2.549510 
3.535534 
3.535534 
2.549510 
2.549510 
2.549510 
2.549510 
3.535534 
3.535534 
3.201562 
3.201562 
0.000000 
0.000000 
2.549510 
2.549510 
3.535534 
3.535534 
19.525624 
19.525624 
1.802776 
1.802776 
2.549510 
2.549510 
3.535534 
3.535534 
19.525624 
19.525624 
1.802776 
1.802776 
2.549510 
2.549510 
3.535534 
3.535534 
19.525624 
19.525624 
0.000000 
0.000000 
2.549510 
2.549510 
3.535534 
3.535534 
19.525624 
19.525624 
0.000000 
0.000000 
2.549510 
2.549510 
3.535534 
3.535534 
19.525624 
19.525624 
0.707107 
0.707107 
2.549510 
2.549510 
3.535534 
3.535534 
19.525624 
19.525624 
0.500000 
0.500000 
2.549510 
2.549510 
3.535534 
3.535534 
19.525624 
19.525624 
9.617692 
9.617692 
2.549510 
2.549510 
3.535534 
3.535534 
19.525624 
19.525624 
2.500000 
2.500000 
2.549510 
2.549510 
19.525624 
19.525624 
9.219544 
9.219544 
19.525624 
19.525624 
0.000000 
0.000000 
0.707107 
0.707107 
19.525624 
19.525624 
2.236068 
2.236068 
0.000000 
0.000000 
19.525624 
19.525624 
2.236068 
2.236068 
1.581139 
1.581139 
19.525624 
19.525624 
2.236068 
2.236068 
1.118034 
1.118034 
19.525624 
19.525624 
2.236068 
2.236068 
0.500000 
0.500000 
19.525624 
19.525624 
0.000000 
0.000000 
2.236068 
2.236068 
0.707107 
0.707107 
0.000000 
0.000000 
0.000000 
0.000000 
2.236068 
2.236068 
0.500000 
0.500000 
1.118034 
1.118034 
0.000000 
0.000000 
2.236068 
2.236068 
0.707107 
0.707107 
2.061553 
2.061553 
0.000000 
0.000000 
2.236068 
2.236068 
0.500000 
0.500000 
1.581139 
1.581139 
0.000000 
0.000000 
2.236068 
2.236068 
0.500000 
0.500000 
2.236068 
2.236068 
0.000000 
0.000000 
2.236068 
2.236068 
6.000000 
6.000000 
2.692582 
2.692582 
0.000000 
0.000000 
2.236068 
2.236068 
6.000000 
6.000000 
1.802776 
1.802776 
0.000000 
0.000000 
2.236068 
2.236068 
6.000000 
6.000000 
1.118034 
1.118034 
0.000000 
0.000000 
2.236068 
2.236068 
6.000000 
6.000000 
0.707107 
0.707107 
0.000000 
0.000000 
2.236068 
2.236068 
6.000000 
6.000000 
0.707107 
0.707107 
0.000000 
0.000000 
2.236068 
2.236068 
6.000000 
6.000000 
0.707107 
0.707107 
0.000000 
0.000000 
6.000000 
6.000000 
2.000000 
2.000000 
0.000000 
0.000000 
6.000000 
6.000000 
