0.000000 
0.000000 
0.000000 
0.000000 
2.061553 
2.061553 
1.118034 
1.118034 
0.000000 
0.000000 
2.061553 
2.061553 
1.500000 
1.500000 
3.041381 
3.041381 
2.061553 
2.061553 
1.581139 
1.581139 
2.000000 
2.000000 
2.061553 
2.061553 
2.061553 
2.061553 
2.000000 
2.000000 
2.061553 
2.061553 
2.692582 
2.692582 
0.000000 
0.000000 
2.000000 
2.000000 
2.061553 
2.061553 
1.118034 
1.118034 
0.500000 
0.500000 
2.000000 
2.000000 
2.061553 
2.061553 
2.500000 
2.500000 
13.238202 
13.238202 
2.000000 
2.000000 
2.061553 
2.061553 
4.031129 
4.031129 
0.500000 
0.500000 
2.000000 
2.000000 
2.061553 
2.061553 
23.648467 
23.648467 
0.500000 
0.500000 
2.000000 
2.000000 
2.061553 
2.061553 
1.118034 
1.118034 
14.221463 
14.221463 
2.000000 
2.000000 
2.061553 
2.061553 
1.118034 
1.118034 
2.549510 
2.549510 
15.532225 
15.532225 
2.061553 
2.061553 
2.692582 
2.692582 
1.802776 
1.802776 
1.000000 
1.000000 
2.061553 
2.061553 
1.118034 
1.118034 
1.000000 
1.000000 
1.118034 
1.118034 
2.061553 
2.061553 
1.581139 
1.581139 
1.000000 
1.000000 
8.139410 
8.139410 
2.061553 
2.061553 
1.000000 
1.000000 
1.000000 
1.000000 
1.000000 
1.000000 
1.000000 
1.000000 
1.000000 
1.000000 
0.000000 
0.000000 
2.121320 
2.121320 
1.000000 
1.000000 
0.000000 
0.000000 
1.500000 
1.500000 
1.000000 
1.000000 
0.000000 
0.000000 
3.041381 
3.041381 
1.000000 
1.000000 
0.000000 
0.000000 
2.000000 
2.000000 
1.000000 
1.000000 
0.000000 
0.000000 
18.506756 
18.506756 
0.000000 
0.000000 
1.000000 
1.000000 
0.000000 
0.000000 
1.000000 
1.000000 
0.000000 
0.000000 
1.000000 
1.000000 
0.000000 
0.000000 
21.000000 
21.000000 
0.000000 
0.000000 
1.000000 
1.000000 
0.000000 
0.000000 
1.500000 
1.500000 
0.000000 
0.000000 
1.000000 
1.000000 
0.000000 
0.000000 
0.707107 
0.707107 
0.000000 
0.000000 
1.000000 
1.000000 
0.000000 
0.000000 
1.414214 
1.414214 
0.000000 
0.000000 
1.000000 
1.000000 
0.000000 
0.000000 
3.000000 
3.000000 
0.000000 
0.000000 
4.609772 
4.609772 
0.000000 
0.000000 
2.236068 
2.236068 
0.000000 
0.000000 
3.041381 
3.041381 
0.000000 
0.000000 
2.500000 
2.500000 
0.000000 
0.000000 
11.180340 
11.180340 
0.000000 
0.000000 
1.414214 
1.414214 
0.000000 
0.000000 
4.000000 
4.000000 
0.000000 
0.000000 
11.543396 
11.543396 
0.000000 
0.000000 
0.000000 
0.000000 
5.590170 
5.590170 
2.500000 
2.500000 
2.692582 
2.692582 
0.000000 
0.000000 
20.006249 
20.006249 
4.000000 
4.000000 
9.513149 
9.513149 
0.000000 
0.000000 
1.802776 
1.802776 
4.031129 
4.031129 
0.000000 
0.000000 
0.000000 
0.000000 
3.162278 
3.162278 
0.000000 
0.000000 
1.802776 
1.802776 
3.000000 
3.000000 
0.000000 
0.000000 
1.802776 
1.802776 
17.182840 
17.182840 
3.162278 
3.162278 
0.000000 
0.000000 
1.802776 
1.802776 
1.581139 
1.581139 
2.549510 
2.549510 
2.061553 
2.061553 
2.500000 
2.500000 
3.162278 
3.162278 
1.802776 
1.802776 
15.628500 
15.628500 
2.061553 
2.061553 
1.581139 
1.581139 
15.074813 
15.074813 
3.162278 
3.162278 
1.802776 
1.802776 
3.000000 
3.000000 
