0.000000 
0.000000 
24.000000 
24.000000 
24.627221 
24.627221 
1.414214 
1.414214 
1.118034 
1.118034 
1.802776 
1.802776 
1.802776 
1.802776 
1.802776 
1.802776 
2.915476 
2.915476 
0.000000 
0.000000 
0.000000 
0.000000 
2.915476 
2.915476 
0.000000 
0.000000 
0.500000 
0.500000 
1.118034 
1.118034 
2.915476 
2.915476 
0.000000 
0.000000 
2.061553 
2.061553 
1.581139 
1.581139 
2.915476 
2.915476 
0.000000 
0.000000 
0.500000 
0.500000 
15.700318 
15.700318 
0.707107 
0.707107 
2.915476 
2.915476 
1.500000 
1.500000 
0.000000 
0.000000 
1.118034 
1.118034 
1.118034 
1.118034 
2.915476 
2.915476 
2.236068 
2.236068 
0.500000 
0.500000 
0.500000 
0.500000 
0.707107 
0.707107 
2.915476 
2.915476 
2.236068 
2.236068 
1.118034 
1.118034 
0.500000 
0.500000 
0.500000 
0.500000 
16.446884 
16.446884 
2.236068 
2.236068 
0.500000 
0.500000 
0.500000 
0.500000 
0.500000 
0.500000 
13.583078 
13.583078 
2.236068 
2.236068 
1.118034 
1.118034 
0.500000 
0.500000 
8.514693 
8.514693 
1.118034 
1.118034 
0.000000 
0.000000 
2.236068 
2.236068 
1.118034 
1.118034 
13.729530 
13.729530 
0.500000 
0.500000 
1.118034 
1.118034 
0.500000 
0.500000 
2.236068 
2.236068 
6.041523 
6.041523 
13.341664 
13.341664 
0.500000 
0.500000 
1.118034 
1.118034 
0.500000 
0.500000 
2.236068 
2.236068 
1.000000 
1.000000 
14.807093 
14.807093 
8.558621 
8.558621 
1.118034 
1.118034 
0.000000 
0.000000 
2.236068 
2.236068 
1.118034 
1.118034 
1.118034 
1.118034 
1.000000 
1.000000 
1.118034 
1.118034 
1.118034 
1.118034 
2.236068 
2.236068 
0.000000 
0.000000 
2.000000 
2.000000 
0.500000 
0.500000 
1.118034 
1.118034 
0.500000 
0.500000 
2.236068 
2.236068 
5.590170 
5.590170 
2.061553 
2.061553 
0.707107 
0.707107 
1.118034 
1.118034 
1.118034 
1.118034 
2.236068 
2.236068 
0.000000 
0.000000 
2.061553 
2.061553 
0.500000 
0.500000 
1.118034 
1.118034 
1.500000 
1.500000 
2.236068 
2.236068 
0.707107 
0.707107 
2.061553 
2.061553 
0.500000 
0.500000 
1.118034 
1.118034 
0.500000 
0.500000 
2.236068 
2.236068 
0.000000 
0.000000 
2.236068 
2.236068 
0.707107 
0.707107 
1.118034 
1.118034 
1.581139 
1.581139 
2.236068 
2.236068 
0.500000 
0.500000 
2.236068 
2.236068 
1.414214 
1.414214 
1.118034 
1.118034 
2.121320 
2.121320 
2.236068 
2.236068 
6.519202 
6.519202 
2.236068 
2.236068 
1.118034 
1.118034 
1.118034 
1.118034 
2.692582 
2.692582 
1.500000 
1.500000 
2.236068 
2.236068 
2.549510 
2.549510 
1.118034 
1.118034 
2.692582 
2.692582 
2.500000 
2.500000 
2.236068 
2.236068 
1.500000 
1.500000 
1.118034 
1.118034 
2.692582 
2.692582 
1.414214 
1.414214 
2.236068 
2.236068 
1.581139 
1.581139 
1.118034 
1.118034 
0.000000 
0.000000 
2.692582 
2.692582 
1.414214 
1.414214 
2.236068 
2.236068 
5.500000 
5.500000 
0.000000 
0.000000 
0.000000 
0.000000 
0.000000 
0.000000 
1.118034 
1.118034 
2.692582 
2.692582 
1.414214 
1.414214 
2.236068 
2.236068 
5.500000 
5.500000 
1.802776 
1.802776 
1.581139 
1.581139 
2.500000 
2.500000 
2.549510 
2.549510 
2.692582 
2.692582 
1.414214 
1.414214 
2.236068 
2.236068 
5.500000 
5.500000 
0.500000 
0.500000 
4.527693 
4.527693 
0.707107 
0.707107 
3.041381 
3.041381 
2.692582 
2.692582 
1.414214 
1.414214 
2.236068 
2.236068 
5.500000 
5.500000 
9.552487 
9.552487 
2.549510 
2.549510 
7.158911 
7.158911 
3.041381 
3.041381 
2.692582 
2.692582 
1.414214 
1.414214 
2.236068 
2.236068 
5.500000 
5.500000 
1.581139 
1.581139 
2.000000 
2.000000 
1.500000 
1.500000 
3.041381 
3.041381 
2.692582 
2.692582 
1.414214 
1.414214 
2.236068 
2.236068 
5.500000 
5.500000 
0.707107 
0.707107 
1.414214 
1.414214 
0.707107 
0.707107 
3.041381 
3.041381 
2.692582 
2.692582 
1.414214 
1.414214 
2.236068 
2.236068 
5.500000 
5.500000 
