0.000000 
0.000000 
0.000000 
0.000000 
1.118034 
1.118034 
7.017834 
7.017834 
1.414214 
1.414214 
7.017834 
7.017834 
0.707107 
0.707107 
7.017834 
7.017834 
0.000000 
0.000000 
7.017834 
7.017834 
0.000000 
0.000000 
0.500000 
0.500000 
7.017834 
7.017834 
1.118034 
1.118034 
0.500000 
0.500000 
7.017834 
7.017834 
1.118034 
1.118034 
0.500000 
0.500000 
7.017834 
7.017834 
1.118034 
1.118034 
0.500000 
0.500000 
7.017834 
7.017834 
1.118034 
1.118034 
0.500000 
0.500000 
7.017834 
7.017834 
1.118034 
1.118034 
0.500000 
0.500000 
7.017834 
7.017834 
1.118034 
1.118034 
0.500000 
0.500000 
7.017834 
7.017834 
1.118034 
1.118034 
0.500000 
0.500000 
7.017834 
7.017834 
1.118034 
1.118034 
0.500000 
0.500000 
7.017834 
7.017834 
1.118034 
1.118034 
0.500000 
0.500000 
7.017834 
7.017834 
1.118034 
1.118034 
0.500000 
0.500000 
7.017834 
7.017834 
1.118034 
1.118034 
0.500000 
0.500000 
1.118034 
1.118034 
0.500000 
0.500000 
0.000000 
0.000000 
1.118034 
1.118034 
0.500000 
0.500000 
0.000000 
0.000000 
2.500000 
2.500000 
1.118034 
1.118034 
0.500000 
0.500000 
1.118034 
1.118034 
2.061553 
2.061553 
1.118034 
1.118034 
1.581139 
1.581139 
2.061553 
2.061553 
0.500000 
0.500000 
2.061553 
2.061553 
1.414214 
1.414214 
2.061553 
2.061553 
1.500000 
1.500000 
2.061553 
2.061553 
1.581139 
1.581139 
2.061553 
2.061553 
1.118034 
1.118034 
2.061553 
2.061553 
0.000000 
0.000000 
0.500000 
0.500000 
2.061553 
2.061553 
1.414214 
1.414214 
1.000000 
1.000000 
2.061553 
2.061553 
0.000000 
0.000000 
0.000000 
0.000000 
2.061553 
2.061553 
2.061553 
2.061553 
2.915476 
2.915476 
2.236068 
2.236068 
2.061553 
2.061553 
2.061553 
2.061553 
2.236068 
2.236068 
9.552487 
9.552487 
3.354102 
3.354102 
2.061553 
2.061553 
1.414214 
1.414214 
1.118034 
1.118034 
1.581139 
1.581139 
2.061553 
2.061553 
1.414214 
1.414214 
1.118034 
1.118034 
1.118034 
1.118034 
2.061553 
2.061553 
3.535534 
3.535534 
1.118034 
1.118034 
0.500000 
0.500000 
2.061553 
2.061553 
3.500000 
3.500000 
1.118034 
1.118034 
0.500000 
0.500000 
3.500000 
3.500000 
1.118034 
1.118034 
1.500000 
1.500000 
3.500000 
3.500000 
1.118034 
1.118034 
1.500000 
1.500000 
3.500000 
3.500000 
1.118034 
1.118034 
1.500000 
1.500000 
