0.000000 
0.000000 
0.000000 
0.000000 
3.354102 
3.354102 
0.000000 
0.000000 
1.414214 
1.414214 
2.061553 
2.061553 
1.500000 
1.500000 
1.581139 
1.581139 
1.000000 
1.000000 
1.118034 
1.118034 
2.000000 
2.000000 
2.061553 
2.061553 
3.535534 
3.535534 
1.118034 
1.118034 
2.236068 
2.236068 
3.535534 
3.535534 
1.118034 
1.118034 
2.061553 
2.061553 
5.099020 
5.099020 
1.118034 
1.118034 
1.581139 
1.581139 
14.008926 
14.008926 
1.118034 
1.118034 
1.500000 
1.500000 
1.118034 
1.118034 
1.118034 
1.118034 
0.500000 
0.500000 
3.354102 
3.354102 
1.118034 
1.118034 
0.707107 
0.707107 
5.590170 
5.590170 
1.118034 
1.118034 
1.118034 
1.118034 
5.590170 
5.590170 
1.118034 
1.118034 
1.118034 
1.118034 
5.590170 
5.590170 
1.118034 
1.118034 
1.118034 
1.118034 
0.000000 
0.000000 
5.590170 
5.590170 
10.307764 
10.307764 
1.118034 
1.118034 
3.535534 
3.535534 
5.590170 
5.590170 
1.581139 
1.581139 
1.118034 
1.118034 
3.041381 
3.041381 
5.590170 
5.590170 
2.500000 
2.500000 
1.118034 
1.118034 
2.500000 
2.500000 
5.590170 
5.590170 
0.707107 
0.707107 
1.118034 
1.118034 
4.527693 
4.527693 
5.590170 
5.590170 
0.500000 
0.500000 
1.118034 
1.118034 
2.061553 
2.061553 
5.590170 
5.590170 
0.707107 
0.707107 
1.118034 
1.118034 
0.000000 
0.000000 
2.061553 
2.061553 
5.590170 
5.590170 
1.000000 
1.000000 
1.118034 
1.118034 
0.000000 
0.000000 
20.024984 
20.024984 
5.590170 
5.590170 
1.118034 
1.118034 
1.118034 
1.118034 
0.000000 
0.000000 
2.061553 
2.061553 
5.590170 
5.590170 
0.500000 
0.500000 
1.118034 
1.118034 
0.000000 
0.000000 
0.000000 
0.000000 
2.061553 
2.061553 
5.590170 
5.590170 
1.414214 
1.414214 
1.118034 
1.118034 
0.000000 
0.000000 
1.118034 
1.118034 
0.000000 
0.000000 
1.000000 
1.000000 
5.590170 
5.590170 
1.802776 
1.802776 
1.118034 
1.118034 
0.000000 
0.000000 
6.576473 
6.576473 
0.000000 
0.000000 
1.414214 
1.414214 
5.590170 
5.590170 
2.236068 
2.236068 
1.118034 
1.118034 
0.000000 
0.000000 
6.576473 
6.576473 
0.000000 
0.000000 
1.581139 
1.581139 
1.581139 
1.581139 
0.000000 
0.000000 
6.576473 
6.576473 
0.000000 
0.000000 
0.000000 
0.000000 
1.500000 
1.500000 
0.000000 
0.000000 
6.576473 
6.576473 
0.000000 
0.000000 
1.000000 
1.000000 
7.000000 
7.000000 
0.000000 
0.000000 
0.000000 
0.000000 
6.576473 
6.576473 
0.000000 
0.000000 
0.707107 
0.707107 
1.581139 
1.581139 
2.500000 
2.500000 
0.000000 
0.000000 
6.576473 
6.576473 
0.000000 
0.000000 
0.500000 
0.500000 
2.000000 
2.000000 
2.828427 
2.828427 
0.000000 
0.000000 
6.576473 
6.576473 
0.000000 
0.000000 
0.500000 
0.500000 
2.236068 
2.236068 
2.236068 
2.236068 
0.000000 
0.000000 
6.576473 
6.576473 
0.000000 
0.000000 
2.061553 
2.061553 
1.581139 
1.581139 
2.236068 
2.236068 
0.000000 
0.000000 
16.568042 
16.568042 
0.000000 
0.000000 
2.061553 
2.061553 
1.118034 
1.118034 
1.118034 
1.118034 
0.000000 
0.000000 
2.236068 
2.236068 
0.000000 
0.000000 
2.061553 
2.061553 
0.707107 
0.707107 
1.118034 
1.118034 
0.000000 
0.000000 
2.121320 
2.121320 
2.061553 
2.061553 
5.590170 
5.590170 
1.000000 
1.000000 
0.000000 
0.000000 
1.500000 
1.500000 
8.139410 
8.139410 
1.500000 
1.500000 
0.500000 
0.500000 
0.000000 
0.000000 
1.118034 
1.118034 
1.802776 
1.802776 
1.000000 
1.000000 
1.118034 
1.118034 
0.000000 
0.000000 
0.707107 
0.707107 
1.802776 
1.802776 
1.118034 
1.118034 
