0.000000 
0.000000 
0.000000 
0.000000 
0.000000 
0.000000 
0.000000 
0.000000 
8.514693 
8.514693 
3.041381 
3.041381 
2.236068 
2.236068 
5.590170 
5.590170 
2.500000 
2.500000 
0.500000 
0.500000 
1.414214 
1.414214 
1.802776 
1.802776 
5.700877 
5.700877 
1.802776 
1.802776 
2.500000 
2.500000 
1.000000 
1.000000 
2.500000 
2.500000 
4.716991 
4.716991 
2.500000 
2.500000 
1.118034 
1.118034 
2.000000 
2.000000 
5.656854 
5.656854 
2.500000 
2.500000 
2.236068 
2.236068 
3.500000 
3.500000 
5.024938 
5.024938 
11.045361 
11.045361 
0.500000 
0.500000 
3.500000 
3.500000 
2.000000 
2.000000 
7.071068 
7.071068 
0.707107 
0.707107 
4.000000 
4.000000 
2.236068 
2.236068 
1.414214 
1.414214 
2.000000 
2.000000 
4.000000 
4.000000 
1.802776 
1.802776 
1.414214 
1.414214 
2.500000 
2.500000 
2.549510 
2.549510 
5.385165 
5.385165 
1.414214 
1.414214 
9.013878 
9.013878 
5.500000 
5.500000 
9.219544 
9.219544 
1.414214 
1.414214 
3.041381 
3.041381 
0.500000 
0.500000 
12.041595 
12.041595 
1.414214 
1.414214 
3.041381 
3.041381 
0.000000 
0.000000 
1.118034 
1.118034 
1.414214 
1.414214 
1.118034 
1.118034 
0.500000 
0.500000 
1.118034 
1.118034 
1.414214 
1.414214 
1.500000 
1.500000 
1.000000 
1.000000 
0.500000 
0.500000 
1.414214 
1.414214 
1.802776 
1.802776 
0.500000 
0.500000 
14.577380 
14.577380 
1.414214 
1.414214 
7.905694 
7.905694 
0.500000 
0.500000 
0.500000 
0.500000 
1.414214 
1.414214 
3.000000 
3.000000 
5.024938 
5.024938 
1.000000 
1.000000 
1.414214 
1.414214 
1.500000 
1.500000 
1.500000 
1.500000 
0.500000 
0.500000 
1.414214 
1.414214 
0.500000 
0.500000 
2.236068 
2.236068 
1.118034 
1.118034 
1.414214 
1.414214 
5.024938 
5.024938 
2.236068 
2.236068 
5.500000 
5.500000 
5.590170 
5.590170 
1.118034 
1.118034 
2.549510 
2.549510 
1.118034 
1.118034 
0.707107 
0.707107 
0.707107 
0.707107 
3.807887 
3.807887 
0.707107 
0.707107 
0.707107 
0.707107 
0.707107 
0.707107 
2.549510 
2.549510 
1.118034 
1.118034 
0.000000 
0.000000 
0.500000 
0.500000 
2.549510 
2.549510 
1.802776 
1.802776 
0.000000 
0.000000 
1.118034 
1.118034 
1.802776 
1.802776 
0.500000 
0.500000 
0.000000 
0.000000 
8.500000 
8.500000 
1.581139 
1.581139 
0.500000 
0.500000 
0.000000 
0.000000 
6.000000 
6.000000 
10.012492 
10.012492 
1.118034 
1.118034 
0.000000 
0.000000 
1.118034 
1.118034 
2.549510 
2.549510 
4.500000 
4.500000 
10.307764 
10.307764 
0.000000 
0.000000 
1.581139 
1.581139 
0.000000 
0.000000 
1.000000 
1.000000 
1.581139 
1.581139 
2.000000 
2.000000 
1.000000 
1.000000 
0.707107 
0.707107 
2.500000 
2.500000 
2.236068 
2.236068 
0.707107 
0.707107 
0.707107 
0.707107 
1.581139 
1.581139 
2.236068 
2.236068 
0.500000 
0.500000 
0.000000 
0.000000 
2.236068 
2.236068 
2.061553 
2.061553 
16.031220 
16.031220 
0.000000 
0.000000 
2.236068 
2.236068 
2.236068 
2.236068 
19.506409 
19.506409 
0.000000 
0.000000 
5.700877 
5.700877 
1.802776 
1.802776 
20.524376 
20.524376 
0.000000 
0.000000 
5.700877 
5.700877 
2.000000 
2.000000 
21.505813 
21.505813 
0.000000 
0.000000 
0.500000 
0.500000 
9.617692 
9.617692 
22.505555 
22.505555 
0.000000 
0.000000 
0.500000 
0.500000 
