0.000000 
0.000000 
19.557607 
19.557607 
0.707107 
0.707107 
0.500000 
0.500000 
22.699119 
22.699119 
2.121320 
2.121320 
2.121320 
2.121320 
0.000000 
0.000000 
2.121320 
2.121320 
1.500000 
1.500000 
2.121320 
2.121320 
0.707107 
0.707107 
2.121320 
2.121320 
1.118034 
1.118034 
2.121320 
2.121320 
1.118034 
1.118034 
2.121320 
2.121320 
0.000000 
0.000000 
1.000000 
1.000000 
2.121320 
2.121320 
2.915476 
2.915476 
0.500000 
0.500000 
2.121320 
2.121320 
2.915476 
2.915476 
1.000000 
1.000000 
2.121320 
2.121320 
11.543396 
11.543396 
1.000000 
1.000000 
2.121320 
2.121320 
3.162278 
3.162278 
1.000000 
1.000000 
2.121320 
2.121320 
2.692582 
2.692582 
1.000000 
1.000000 
2.121320 
2.121320 
2.500000 
2.500000 
0.500000 
0.500000 
2.121320 
2.121320 
0.707107 
0.707107 
0.500000 
0.500000 
2.121320 
2.121320 
1.802776 
1.802776 
1.000000 
1.000000 
1.000000 
1.000000 
1.000000 
1.000000 
2.500000 
2.500000 
1.581139 
1.581139 
20.099751 
20.099751 
1.118034 
1.118034 
20.099751 
20.099751 
5.147815 
5.147815 
20.099751 
20.099751 
3.354102 
3.354102 
20.099751 
20.099751 
11.704700 
11.704700 
20.099751 
20.099751 
3.807887 
3.807887 
26.518861 
26.518861 
5.099020 
5.099020 
2.121320 
2.121320 
2.915476 
2.915476 
2.236068 
2.236068 
4.031129 
4.031129 
22.000000 
22.000000 
2.500000 
2.500000 
2.692582 
2.692582 
1.802776 
1.802776 
2.236068 
2.236068 
8.558621 
8.558621 
27.663152 
27.663152 
10.511898 
10.511898 
0.000000 
0.000000 
4.527693 
4.527693 
0.500000 
0.500000 
5.099020 
5.099020 
2.061553 
2.061553 
4.527693 
4.527693 
0.000000 
0.000000 
0.707107 
0.707107 
11.000000 
11.000000 
