0.000000 
0.000000 
0.000000 
0.000000 
1.414214 
1.414214 
1.118034 
1.118034 
0.000000 
0.000000 
0.707107 
0.707107 
1.000000 
1.000000 
0.000000 
0.000000 
10.500000 
10.500000 
0.000000 
0.000000 
1.414214 
1.414214 
0.500000 
0.500000 
1.118034 
1.118034 
1.118034 
1.118034 
2.549510 
2.549510 
2.500000 
2.500000 
1.802776 
1.802776 
0.500000 
0.500000 
2.549510 
2.549510 
2.500000 
2.500000 
1.000000 
1.000000 
0.707107 
0.707107 
2.549510 
2.549510 
0.000000 
0.000000 
2.500000 
2.500000 
1.000000 
1.000000 
0.707107 
0.707107 
1.118034 
1.118034 
0.000000 
0.000000 
0.000000 
0.000000 
0.000000 
0.000000 
2.500000 
2.500000 
1.000000 
1.000000 
0.707107 
0.707107 
2.915476 
2.915476 
1.000000 
1.000000 
0.707107 
0.707107 
0.000000 
0.000000 
2.500000 
2.500000 
1.000000 
1.000000 
0.707107 
0.707107 
4.031129 
4.031129 
1.000000 
1.000000 
0.500000 
0.500000 
0.000000 
0.000000 
2.500000 
2.500000 
1.000000 
1.000000 
0.707107 
0.707107 
4.031129 
4.031129 
1.000000 
1.000000 
1.118034 
1.118034 
0.000000 
0.000000 
2.500000 
2.500000 
1.000000 
1.000000 
0.707107 
0.707107 
5.656854 
5.656854 
1.000000 
1.000000 
2.061553 
2.061553 
0.000000 
0.000000 
2.500000 
2.500000 
1.000000 
1.000000 
0.707107 
0.707107 
1.802776 
1.802776 
1.000000 
1.000000 
2.000000 
2.000000 
0.000000 
0.000000 
2.500000 
2.500000 
1.000000 
1.000000 
0.707107 
0.707107 
1.118034 
1.118034 
0.000000 
0.000000 
1.000000 
1.000000 
21.213203 
21.213203 
0.000000 
0.000000 
2.500000 
2.500000 
1.000000 
1.000000 
0.707107 
0.707107 
2.061553 
2.061553 
0.000000 
0.000000 
0.000000 
0.000000 
1.000000 
1.000000 
12.816006 
12.816006 
0.000000 
0.000000 
2.500000 
2.500000 
1.000000 
1.000000 
0.707107 
0.707107 
25.019992 
25.019992 
2.549510 
2.549510 
0.000000 
0.000000 
1.000000 
1.000000 
2.121320 
2.121320 
0.000000 
0.000000 
2.500000 
2.500000 
1.000000 
1.000000 
0.707107 
0.707107 
3.162278 
3.162278 
12.509996 
12.509996 
0.000000 
0.000000 
1.000000 
1.000000 
22.852790 
22.852790 
0.000000 
0.000000 
2.500000 
2.500000 
1.000000 
1.000000 
0.707107 
0.707107 
2.121320 
2.121320 
11.597414 
11.597414 
0.000000 
0.000000 
1.000000 
1.000000 
1.802776 
1.802776 
0.000000 
0.000000 
2.500000 
2.500000 
1.000000 
1.000000 
0.707107 
0.707107 
1.118034 
1.118034 
0.000000 
0.000000 
3.041381 
3.041381 
0.000000 
0.000000 
1.000000 
1.000000 
2.061553 
2.061553 
0.000000 
0.000000 
2.500000 
2.500000 
1.000000 
1.000000 
0.707107 
0.707107 
1.118034 
1.118034 
0.500000 
0.500000 
12.589678 
12.589678 
0.000000 
0.000000 
1.000000 
1.000000 
27.018512 
27.018512 
0.000000 
0.000000 
2.500000 
2.500000 
1.000000 
1.000000 
0.707107 
0.707107 
1.118034 
1.118034 
0.500000 
0.500000 
2.000000 
2.000000 
0.000000 
0.000000 
1.000000 
1.000000 
1.581139 
1.581139 
0.000000 
0.000000 
1.118034 
1.118034 
38.003289 
38.003289 
13.009612 
13.009612 
0.000000 
0.000000 
1.000000 
1.000000 
1.000000 
1.000000 
1.118034 
1.118034 
1.414214 
1.414214 
11.510864 
11.510864 
0.000000 
0.000000 
1.000000 
1.000000 
2.549510 
2.549510 
1.118034 
1.118034 
1.414214 
1.414214 
2.500000 
2.500000 
0.000000 
0.000000 
2.692582 
2.692582 
1.118034 
1.118034 
1.118034 
1.118034 
2.000000 
2.000000 
0.000000 
0.000000 
2.692582 
2.692582 
1.118034 
1.118034 
1.118034 
1.118034 
2.000000 
2.000000 
0.000000 
0.000000 
10.124228 
10.124228 
1.118034 
1.118034 
1.118034 
1.118034 
2.000000 
2.000000 
0.000000 
0.000000 
1.802776 
1.802776 
1.118034 
1.118034 
1.118034 
1.118034 
2.000000 
2.000000 
0.000000 
0.000000 
2.236068 
2.236068 
1.118034 
1.118034 
1.118034 
1.118034 
2.000000 
2.000000 
3.041381 
3.041381 
1.118034 
1.118034 
1.118034 
1.118034 
2.000000 
2.000000 
2.061553 
2.061553 
1.118034 
1.118034 
1.118034 
1.118034 
2.000000 
2.000000 
2.121320 
2.121320 
1.118034 
1.118034 
1.118034 
1.118034 
2.000000 
2.000000 
3.500000 
3.500000 
1.118034 
1.118034 
1.118034 
1.118034 
2.000000 
2.000000 
3.500000 
3.500000 
1.118034 
1.118034 
2.000000 
2.000000 
16.124515 
16.124515 
1.118034 
1.118034 
2.000000 
2.000000 
3.605551 
3.605551 
1.118034 
1.118034 
2.000000 
2.000000 
4.743416 
4.743416 
1.118034 
1.118034 
2.000000 
2.000000 
18.828170 
18.828170 
1.118034 
1.118034 
2.000000 
2.000000 
9.486833 
9.486833 
