0.000000 
0.000000 
0.000000 
0.000000 
0.000000 
0.000000 
0.000000 
0.000000 
0.000000 
0.000000 
1.000000 
1.000000 
0.500000 
0.500000 
4.000000 
4.000000 
0.000000 
0.000000 
1.118034 
1.118034 
4.031129 
4.031129 
0.000000 
0.000000 
4.000000 
4.000000 
0.000000 
0.000000 
0.500000 
0.500000 
0.707107 
0.707107 
3.500000 
3.500000 
4.000000 
4.000000 
0.000000 
0.000000 
12.093387 
12.093387 
1.000000 
1.000000 
0.000000 
0.000000 
3.500000 
3.500000 
4.000000 
4.000000 
0.000000 
0.000000 
12.010412 
12.010412 
1.000000 
1.000000 
3.041381 
3.041381 
3.500000 
3.500000 
4.000000 
4.000000 
0.000000 
0.000000 
0.000000 
0.000000 
1.118034 
1.118034 
0.000000 
0.000000 
3.041381 
3.041381 
3.500000 
3.500000 
4.000000 
4.000000 
0.000000 
0.000000 
0.707107 
0.707107 
2.061553 
2.061553 
0.000000 
0.000000 
3.041381 
3.041381 
3.500000 
3.500000 
4.000000 
4.000000 
0.000000 
0.000000 
0.000000 
0.000000 
1.118034 
1.118034 
0.000000 
0.000000 
0.000000 
0.000000 
3.041381 
3.041381 
3.500000 
3.500000 
4.000000 
4.000000 
0.000000 
0.000000 
0.707107 
0.707107 
0.707107 
0.707107 
0.000000 
0.000000 
0.000000 
0.000000 
0.000000 
0.000000 
3.041381 
3.041381 
3.500000 
3.500000 
4.000000 
4.000000 
0.000000 
0.000000 
12.041595 
12.041595 
1.118034 
1.118034 
0.000000 
0.000000 
0.000000 
0.000000 
0.000000 
0.000000 
0.000000 
0.000000 
3.041381 
3.041381 
3.500000 
3.500000 
4.000000 
4.000000 
0.000000 
0.000000 
16.070159 
16.070159 
0.500000 
0.500000 
6.800735 
6.800735 
0.000000 
0.000000 
0.000000 
0.000000 
0.000000 
0.000000 
3.041381 
3.041381 
3.500000 
3.500000 
4.000000 
4.000000 
0.000000 
0.000000 
0.000000 
0.000000 
0.500000 
0.500000 
6.800735 
6.800735 
0.000000 
0.000000 
0.000000 
0.000000 
0.000000 
0.000000 
3.041381 
3.041381 
3.500000 
3.500000 
4.000000 
4.000000 
0.000000 
0.000000 
1.000000 
1.000000 
5.590170 
5.590170 
6.800735 
6.800735 
0.000000 
0.000000 
0.000000 
0.000000 
0.000000 
0.000000 
3.041381 
3.041381 
3.500000 
3.500000 
4.000000 
4.000000 
0.000000 
0.000000 
14.508618 
14.508618 
1.118034 
1.118034 
6.800735 
6.800735 
0.000000 
0.000000 
0.000000 
0.000000 
0.000000 
0.000000 
3.041381 
3.041381 
3.500000 
3.500000 
4.000000 
4.000000 
0.500000 
0.500000 
1.118034 
1.118034 
0.000000 
0.000000 
6.800735 
6.800735 
0.000000 
0.000000 
0.000000 
0.000000 
0.000000 
0.000000 
3.041381 
3.041381 
3.500000 
3.500000 
4.000000 
4.000000 
0.500000 
0.500000 
1.802776 
1.802776 
3.535534 
3.535534 
6.800735 
6.800735 
0.000000 
0.000000 
0.000000 
0.000000 
0.000000 
0.000000 
3.041381 
3.041381 
3.500000 
3.500000 
0.500000 
0.500000 
1.802776 
1.802776 
4.031129 
4.031129 
6.800735 
6.800735 
0.000000 
0.000000 
0.000000 
0.000000 
0.000000 
0.000000 
3.041381 
3.041381 
3.500000 
3.500000 
0.500000 
0.500000 
1.802776 
1.802776 
4.031129 
4.031129 
6.800735 
6.800735 
0.000000 
0.000000 
0.000000 
0.000000 
0.000000 
0.000000 
3.041381 
3.041381 
16.007811 
16.007811 
9.219544 
9.219544 
4.031129 
4.031129 
6.800735 
6.800735 
0.000000 
0.000000 
0.000000 
0.000000 
0.000000 
0.000000 
3.041381 
3.041381 
0.000000 
0.000000 
8.139410 
8.139410 
4.031129 
4.031129 
6.800735 
6.800735 
0.000000 
0.000000 
0.000000 
0.000000 
0.000000 
0.000000 
0.500000 
0.500000 
11.401754 
11.401754 
0.000000 
0.000000 
4.031129 
4.031129 
6.800735 
6.800735 
0.000000 
0.000000 
0.000000 
0.000000 
1.118034 
1.118034 
1.802776 
1.802776 
0.000000 
0.000000 
4.031129 
4.031129 
6.800735 
6.800735 
0.000000 
0.000000 
0.000000 
0.000000 
1.118034 
1.118034 
2.061553 
2.061553 
0.000000 
0.000000 
4.031129 
4.031129 
16.507574 
16.507574 
0.000000 
0.000000 
1.118034 
1.118034 
0.707107 
0.707107 
0.000000 
0.000000 
0.000000 
0.000000 
4.031129 
4.031129 
2.061553 
2.061553 
1.118034 
1.118034 
1.581139 
1.581139 
0.000000 
0.000000 
0.000000 
0.000000 
4.031129 
4.031129 
1.802776 
1.802776 
1.118034 
1.118034 
4.609772 
4.609772 
0.000000 
0.000000 
0.000000 
0.000000 
20.359273 
20.359273 
1.802776 
1.802776 
1.118034 
1.118034 
4.609772 
4.609772 
0.000000 
0.000000 
0.000000 
0.000000 
0.000000 
0.000000 
0.000000 
0.000000 
2.061553 
2.061553 
9.013878 
9.013878 
1.118034 
1.118034 
4.609772 
4.609772 
6.519202 
6.519202 
3.041381 
3.041381 
0.000000 
0.000000 
0.000000 
0.000000 
1.802776 
1.802776 
0.707107 
0.707107 
1.118034 
1.118034 
4.609772 
4.609772 
6.519202 
6.519202 
2.500000 
2.500000 
0.000000 
0.000000 
0.000000 
0.000000 
9.552487 
9.552487 
0.000000 
0.000000 
1.118034 
1.118034 
4.609772 
4.609772 
6.519202 
6.519202 
7.000000 
7.000000 
0.000000 
0.000000 
0.000000 
0.000000 
9.552487 
9.552487 
0.000000 
0.000000 
1.118034 
1.118034 
4.527693 
4.527693 
6.519202 
6.519202 
3.041381 
3.041381 
0.000000 
0.000000 
0.000000 
0.000000 
9.552487 
9.552487 
0.000000 
0.000000 
1.118034 
1.118034 
1.414214 
1.414214 
6.519202 
6.519202 
3.500000 
3.500000 
0.000000 
0.000000 
0.000000 
0.000000 
9.552487 
9.552487 
0.000000 
0.000000 
1.118034 
1.118034 
2.500000 
2.500000 
6.519202 
6.519202 
7.000000 
7.000000 
0.000000 
0.000000 
0.000000 
0.000000 
7.516648 
7.516648 
11.510864 
11.510864 
1.118034 
1.118034 
2.500000 
2.500000 
6.519202 
6.519202 
3.000000 
3.000000 
0.000000 
0.000000 
0.000000 
0.000000 
2.000000 
2.000000 
1.414214 
1.414214 
1.118034 
1.118034 
2.500000 
2.500000 
6.519202 
6.519202 
8.062258 
8.062258 
0.000000 
0.000000 
0.000000 
0.000000 
2.500000 
2.500000 
1.118034 
1.118034 
1.118034 
1.118034 
2.500000 
2.500000 
6.519202 
6.519202 
7.017834 
7.017834 
0.000000 
0.000000 
12.000000 
12.000000 
0.707107 
0.707107 
2.500000 
2.500000 
0.000000 
0.000000 
6.519202 
6.519202 
17.564168 
17.564168 
0.000000 
0.000000 
3.162278 
3.162278 
0.707107 
0.707107 
2.500000 
2.500000 
