0.000000 
0.000000 
2.692582 
2.692582 
0.000000 
0.000000 
1.118034 
1.118034 
1.802776 
1.802776 
1.118034 
1.118034 
9.124144 
9.124144 
1.118034 
1.118034 
8.062258 
8.062258 
14.560220 
14.560220 
8.062258 
8.062258 
4.743416 
4.743416 
8.062258 
8.062258 
5.099020 
5.099020 
8.062258 
8.062258 
3.535534 
3.535534 
8.062258 
8.062258 
2.061553 
2.061553 
8.062258 
8.062258 
4.743416 
4.743416 
8.062258 
8.062258 
0.500000 
0.500000 
0.000000 
0.000000 
8.062258 
8.062258 
0.707107 
0.707107 
2.500000 
2.500000 
8.062258 
8.062258 
1.500000 
1.500000 
2.500000 
2.500000 
8.062258 
8.062258 
3.535534 
3.535534 
2.500000 
2.500000 
8.062258 
8.062258 
2.061553 
2.061553 
2.500000 
2.500000 
8.062258 
8.062258 
3.354102 
3.354102 
2.500000 
2.500000 
8.062258 
8.062258 
4.472136 
4.472136 
2.500000 
2.500000 
8.062258 
8.062258 
1.802776 
1.802776 
2.500000 
2.500000 
8.062258 
8.062258 
7.648529 
7.648529 
2.500000 
2.500000 
1.581139 
1.581139 
2.500000 
2.500000 
1.802776 
1.802776 
2.500000 
2.500000 
1.000000 
1.000000 
2.500000 
2.500000 
2.061553 
2.061553 
2.500000 
2.500000 
2.061553 
2.061553 
2.500000 
2.500000 
13.238202 
13.238202 
2.500000 
2.500000 
1.414214 
1.414214 
2.500000 
2.500000 
1.118034 
1.118034 
4.472136 
4.472136 
0.000000 
0.000000 
0.000000 
0.000000 
1.581139 
1.581139 
0.707107 
0.707107 
1.802776 
1.802776 
3.535534 
3.535534 
1.802776 
1.802776 
1.802776 
1.802776 
1.802776 
1.802776 
1.802776 
1.802776 
1.802776 
1.802776 
1.802776 
1.802776 
1.802776 
1.802776 
1.802776 
1.802776 
1.802776 
1.802776 
0.000000 
0.000000 
1.802776 
1.802776 
1.802776 
1.802776 
2.061553 
2.061553 
1.802776 
1.802776 
1.802776 
1.802776 
