0.000000 
0.000000 
0.000000 
0.000000 
1.118034 
1.118034 
0.000000 
0.000000 
0.500000 
0.500000 
0.500000 
0.500000 
1.118034 
1.118034 
3.041381 
3.041381 
1.414214 
1.414214 
0.707107 
0.707107 
3.640055 
3.640055 
1.118034 
1.118034 
2.915476 
2.915476 
1.581139 
1.581139 
0.000000 
0.000000 
1.500000 
1.500000 
0.000000 
0.000000 
2.061553 
2.061553 
3.041381 
3.041381 
1.414214 
1.414214 
3.807887 
3.807887 
4.242641 
4.242641 
2.061553 
2.061553 
3.041381 
3.041381 
13.313527 
13.313527 
1.802776 
1.802776 
1.414214 
1.414214 
0.500000 
0.500000 
2.061553 
2.061553 
9.823441 
9.823441 
0.707107 
0.707107 
0.500000 
0.500000 
4.527693 
4.527693 
2.061553 
2.061553 
0.500000 
0.500000 
5.024938 
5.024938 
5.000000 
5.000000 
5.500000 
5.500000 
0.000000 
0.000000 
18.927493 
18.927493 
5.522681 
5.522681 
0.000000 
0.000000 
0.707107 
0.707107 
3.535534 
3.535534 
4.609772 
4.609772 
0.500000 
0.500000 
1.000000 
1.000000 
5.024938 
5.024938 
10.793517 
10.793517 
0.000000 
0.000000 
0.707107 
0.707107 
4.031129 
4.031129 
0.707107 
0.707107 
0.707107 
0.707107 
1.000000 
1.000000 
4.031129 
4.031129 
1.500000 
1.500000 
0.500000 
0.500000 
4.743416 
4.743416 
2.915476 
2.915476 
1.118034 
1.118034 
0.500000 
0.500000 
1.500000 
1.500000 
9.513149 
9.513149 
7.516648 
7.516648 
0.500000 
0.500000 
1.802776 
1.802776 
4.743416 
4.743416 
2.000000 
2.000000 
0.500000 
0.500000 
2.549510 
2.549510 
6.000000 
6.000000 
1.118034 
1.118034 
0.500000 
0.500000 
3.535534 
3.535534 
4.123106 
4.123106 
11.500000 
11.500000 
0.000000 
0.000000 
2.549510 
2.549510 
4.031129 
4.031129 
1.000000 
1.000000 
0.500000 
0.500000 
0.500000 
0.500000 
7.071068 
7.071068 
1.500000 
1.500000 
0.500000 
0.500000 
2.236068 
2.236068 
2.549510 
2.549510 
1.581139 
1.581139 
0.000000 
0.000000 
4.743416 
4.743416 
3.640055 
3.640055 
11.011358 
11.011358 
0.707107 
0.707107 
4.272002 
4.272002 
3.162278 
3.162278 
2.500000 
2.500000 
0.500000 
0.500000 
2.549510 
2.549510 
4.031129 
4.031129 
0.500000 
0.500000 
1.118034 
1.118034 
0.500000 
0.500000 
0.500000 
0.500000 
2.236068 
2.236068 
1.500000 
1.500000 
1.118034 
1.118034 
2.061553 
2.061553 
2.549510 
2.549510 
1.000000 
1.000000 
1.118034 
1.118034 
2.061553 
2.061553 
7.280110 
7.280110 
4.609772 
4.609772 
8.514693 
8.514693 
2.500000 
2.500000 
0.500000 
0.500000 
1.118034 
1.118034 
7.017834 
7.017834 
7.071068 
7.071068 
0.500000 
0.500000 
0.500000 
0.500000 
0.707107 
0.707107 
7.071068 
7.071068 
0.500000 
0.500000 
1.581139 
1.581139 
0.500000 
0.500000 
7.071068 
7.071068 
1.581139 
1.581139 
1.581139 
1.581139 
0.500000 
0.500000 
7.071068 
7.071068 
1.581139 
1.581139 
2.549510 
2.549510 
