0.000000 
0.000000 
0.000000 
0.000000 
0.000000 
0.000000 
0.000000 
0.000000 
0.000000 
0.000000 
0.000000 
0.000000 
0.000000 
0.000000 
0.000000 
0.000000 
0.000000 
0.000000 
0.000000 
0.000000 
0.000000 
0.000000 
0.000000 
0.000000 
0.000000 
0.000000 
0.000000 
0.000000 
0.000000 
0.000000 
0.000000 
0.000000 
0.000000 
0.000000 
0.000000 
0.000000 
2.061553 
2.061553 
0.000000 
0.000000 
0.000000 
0.000000 
0.000000 
0.000000 
1.414214 
1.414214 
0.000000 
0.000000 
0.000000 
0.000000 
0.000000 
0.000000 
1.414214 
1.414214 
0.000000 
0.000000 
0.000000 
0.000000 
1.414214 
1.414214 
0.000000 
0.000000 
0.000000 
0.000000 
1.414214 
1.414214 
0.000000 
0.000000 
0.000000 
0.000000 
18.248288 
18.248288 
0.000000 
0.000000 
0.000000 
0.000000 
3.640055 
3.640055 
0.000000 
0.000000 
0.000000 
0.000000 
3.000000 
3.000000 
25.504901 
25.504901 
0.000000 
0.000000 
1.802776 
1.802776 
1.802776 
1.802776 
0.000000 
0.000000 
1.581139 
1.581139 
15.572412 
15.572412 
0.000000 
0.000000 
0.707107 
0.707107 
1.118034 
1.118034 
0.000000 
0.000000 
1.581139 
1.581139 
3.535534 
3.535534 
0.000000 
0.000000 
2.915476 
2.915476 
1.581139 
1.581139 
0.000000 
0.000000 
2.061553 
2.061553 
2.500000 
2.500000 
0.000000 
0.000000 
1.500000 
1.500000 
0.500000 
0.500000 
0.000000 
0.000000 
0.000000 
0.000000 
1.802776 
1.802776 
0.707107 
0.707107 
1.500000 
1.500000 
2.121320 
2.121320 
0.707107 
0.707107 
1.500000 
1.500000 
25.079872 
25.079872 
0.707107 
0.707107 
1.500000 
1.500000 
25.079872 
25.079872 
0.707107 
0.707107 
1.500000 
1.500000 
25.079872 
25.079872 
0.707107 
0.707107 
1.500000 
1.500000 
25.079872 
25.079872 
0.707107 
0.707107 
1.500000 
1.500000 
25.079872 
25.079872 
0.707107 
0.707107 
1.500000 
1.500000 
25.079872 
25.079872 
0.707107 
0.707107 
1.500000 
1.500000 
25.079872 
25.079872 
0.707107 
0.707107 
1.500000 
1.500000 
25.079872 
25.079872 
0.707107 
0.707107 
1.500000 
1.500000 
25.079872 
25.079872 
0.707107 
0.707107 
