0.000000 
0.000000 
0.000000 
0.000000 
0.000000 
0.000000 
0.500000 
0.500000 
7.516648 
7.516648 
8.514693 
8.514693 
0.707107 
0.707107 
0.000000 
0.000000 
1.118034 
1.118034 
7.433034 
7.433034 
1.500000 
1.500000 
1.000000 
1.000000 
1.118034 
1.118034 
1.500000 
1.500000 
1.000000 
1.000000 
0.000000 
0.000000 
5.590170 
5.590170 
1.500000 
1.500000 
1.000000 
1.000000 
0.000000 
0.000000 
4.031129 
4.031129 
5.590170 
5.590170 
1.500000 
1.500000 
1.000000 
1.000000 
0.500000 
0.500000 
5.000000 
5.000000 
6.670832 
6.670832 
1.500000 
1.500000 
1.000000 
1.000000 
0.000000 
0.000000 
0.500000 
0.500000 
1.118034 
1.118034 
0.707107 
0.707107 
1.500000 
1.500000 
1.000000 
1.000000 
1.118034 
1.118034 
0.500000 
0.500000 
0.500000 
0.500000 
1.118034 
1.118034 
1.500000 
1.500000 
1.000000 
1.000000 
0.500000 
0.500000 
0.500000 
0.500000 
1.118034 
1.118034 
1.118034 
1.118034 
1.500000 
1.500000 
1.000000 
1.000000 
1.118034 
1.118034 
0.500000 
0.500000 
5.147815 
5.147815 
1.118034 
1.118034 
1.500000 
1.500000 
1.000000 
1.000000 
1.000000 
1.000000 
0.500000 
0.500000 
3.807887 
3.807887 
1.118034 
1.118034 
1.500000 
1.500000 
1.000000 
1.000000 
0.000000 
0.000000 
1.000000 
1.000000 
0.500000 
0.500000 
0.707107 
0.707107 
1.118034 
1.118034 
1.500000 
1.500000 
1.000000 
1.000000 
1.802776 
1.802776 
1.000000 
1.000000 
0.500000 
0.500000 
7.017834 
7.017834 
1.118034 
1.118034 
1.500000 
1.500000 
1.000000 
1.000000 
1.000000 
1.000000 
1.000000 
1.000000 
0.500000 
0.500000 
1.500000 
1.500000 
1.118034 
1.118034 
1.500000 
1.500000 
1.000000 
1.000000 
1.000000 
1.000000 
11.543396 
11.543396 
0.500000 
0.500000 
1.802776 
1.802776 
1.118034 
1.118034 
1.500000 
1.500000 
1.000000 
1.000000 
1.000000 
1.000000 
1.500000 
1.500000 
0.500000 
0.500000 
0.500000 
0.500000 
1.118034 
1.118034 
1.500000 
1.500000 
1.000000 
1.000000 
1.000000 
1.000000 
1.118034 
1.118034 
0.500000 
0.500000 
1.118034 
1.118034 
1.118034 
1.118034 
1.500000 
1.500000 
1.000000 
1.000000 
1.000000 
1.000000 
3.354102 
3.354102 
0.500000 
0.500000 
0.707107 
0.707107 
1.118034 
1.118034 
1.000000 
1.000000 
13.729530 
13.729530 
0.500000 
0.500000 
0.500000 
0.500000 
1.118034 
1.118034 
1.000000 
1.000000 
0.707107 
0.707107 
0.500000 
0.500000 
0.500000 
0.500000 
1.118034 
1.118034 
1.000000 
1.000000 
0.500000 
0.500000 
1.802776 
1.802776 
1.118034 
1.118034 
0.000000 
0.000000 
1.000000 
1.000000 
0.500000 
0.500000 
1.118034 
1.118034 
1.118034 
1.118034 
1.581139 
1.581139 
1.000000 
1.000000 
0.707107 
0.707107 
1.414214 
1.414214 
7.905694 
7.905694 
1.000000 
1.000000 
0.500000 
0.500000 
4.527693 
4.527693 
8.514693 
8.514693 
1.000000 
1.000000 
0.500000 
0.500000 
0.000000 
0.000000 
7.071068 
7.071068 
1.000000 
1.000000 
0.500000 
0.500000 
0.000000 
0.000000 
1.000000 
1.000000 
1.000000 
1.000000 
0.500000 
0.500000 
1.000000 
1.000000 
8.062258 
8.062258 
1.000000 
1.000000 
0.500000 
0.500000 
0.500000 
0.500000 
0.500000 
0.500000 
0.500000 
0.500000 
0.000000 
0.000000 
0.707107 
0.707107 
0.707107 
0.707107 
6.500000 
6.500000 
1.118034 
1.118034 
0.707107 
0.707107 
0.500000 
0.500000 
0.707107 
0.707107 
0.707107 
0.707107 
1.581139 
1.581139 
0.500000 
0.500000 
1.118034 
1.118034 
1.414214 
1.414214 
6.519202 
6.519202 
1.581139 
1.581139 
1.581139 
1.581139 
0.707107 
0.707107 
1.581139 
1.581139 
0.500000 
0.500000 
0.500000 
0.500000 
14.142136 
14.142136 
1.000000 
1.000000 
0.500000 
0.500000 
14.142136 
14.142136 
1.581139 
1.581139 
