0.000000 
0.000000 
0.000000 
0.000000 
0.500000 
0.500000 
1.500000 
1.500000 
0.500000 
0.500000 
2.000000 
2.000000 
6.500000 
6.500000 
2.549510 
2.549510 
0.000000 
0.000000 
0.000000 
0.000000 
1.581139 
1.581139 
1.802776 
1.802776 
1.581139 
1.581139 
0.000000 
0.000000 
24.505102 
24.505102 
0.500000 
0.500000 
3.162278 
3.162278 
0.000000 
0.000000 
1.500000 
1.500000 
1.118034 
1.118034 
5.000000 
5.000000 
0.000000 
0.000000 
2.236068 
2.236068 
2.061553 
2.061553 
2.236068 
2.236068 
0.000000 
0.000000 
3.000000 
3.000000 
1.802776 
1.802776 
6.000000 
6.000000 
0.000000 
0.000000 
0.500000 
0.500000 
1.414214 
1.414214 
2.000000 
2.000000 
0.000000 
0.000000 
1.118034 
1.118034 
7.071068 
7.071068 
2.000000 
2.000000 
0.000000 
0.000000 
2.121320 
2.121320 
7.071068 
7.071068 
11.500000 
11.500000 
4.743416 
4.743416 
3.041381 
3.041381 
7.071068 
7.071068 
6.020797 
6.020797 
2.500000 
2.500000 
2.915476 
2.915476 
7.071068 
7.071068 
8.631338 
8.631338 
3.535534 
3.535534 
2.500000 
2.500000 
7.071068 
7.071068 
4.609772 
4.609772 
2.061553 
2.061553 
0.707107 
0.707107 
7.071068 
7.071068 
3.500000 
3.500000 
1.581139 
1.581139 
21.148286 
21.148286 
7.071068 
7.071068 
2.500000 
2.500000 
1.414214 
1.414214 
1.414214 
1.414214 
7.071068 
7.071068 
2.236068 
2.236068 
1.581139 
1.581139 
2.236068 
2.236068 
7.071068 
7.071068 
0.707107 
0.707107 
0.000000 
0.000000 
2.121320 
2.121320 
7.071068 
7.071068 
1.581139 
1.581139 
2.236068 
2.236068 
10.500000 
10.500000 
7.071068 
7.071068 
0.707107 
0.707107 
2.061553 
2.061553 
1.802776 
1.802776 
7.071068 
7.071068 
1.581139 
1.581139 
4.500000 
4.500000 
8.732125 
8.732125 
7.071068 
7.071068 
0.707107 
0.707107 
4.500000 
4.500000 
3.041381 
3.041381 
7.071068 
7.071068 
0.000000 
0.000000 
1.581139 
1.581139 
4.500000 
4.500000 
3.041381 
3.041381 
7.071068 
7.071068 
2.000000 
2.000000 
1.581139 
1.581139 
4.500000 
4.500000 
3.041381 
3.041381 
2.692582 
2.692582 
3.041381 
3.041381 
4.500000 
4.500000 
3.041381 
3.041381 
1.000000 
1.000000 
2.549510 
2.549510 
4.500000 
4.500000 
3.041381 
3.041381 
1.000000 
1.000000 
8.139410 
8.139410 
4.500000 
4.500000 
3.041381 
3.041381 
1.000000 
1.000000 
1.118034 
1.118034 
4.500000 
4.500000 
3.041381 
3.041381 
1.581139 
1.581139 
0.500000 
0.500000 
4.500000 
4.500000 
3.041381 
3.041381 
1.414214 
1.414214 
0.500000 
0.500000 
4.500000 
4.500000 
3.041381 
3.041381 
2.000000 
2.000000 
0.707107 
0.707107 
4.500000 
4.500000 
3.041381 
3.041381 
0.707107 
0.707107 
0.500000 
0.500000 
4.500000 
4.500000 
3.041381 
3.041381 
2.061553 
2.061553 
0.500000 
0.500000 
4.500000 
4.500000 
3.041381 
3.041381 
2.549510 
2.549510 
0.707107 
0.707107 
4.500000 
4.500000 
3.041381 
3.041381 
1.414214 
1.414214 
0.707107 
0.707107 
4.500000 
4.500000 
3.041381 
3.041381 
1.581139 
1.581139 
0.707107 
0.707107 
3.041381 
3.041381 
7.615773 
7.615773 
0.707107 
0.707107 
