0.000000 
0.000000 
1.581139 
1.581139 
2.061553 
2.061553 
2.061553 
2.061553 
19.104973 
19.104973 
0.500000 
0.500000 
0.000000 
0.000000 
2.000000 
2.000000 
3.162278 
3.162278 
0.500000 
0.500000 
3.162278 
3.162278 
0.500000 
0.500000 
3.162278 
3.162278 
0.500000 
0.500000 
3.162278 
3.162278 
1.581139 
1.581139 
3.162278 
3.162278 
0.707107 
0.707107 
3.162278 
3.162278 
1.500000 
1.500000 
0.000000 
0.000000 
3.162278 
3.162278 
1.000000 
1.000000 
1.414214 
1.414214 
3.162278 
3.162278 
26.631748 
26.631748 
1.118034 
1.118034 
3.162278 
3.162278 
26.631748 
26.631748 
0.707107 
0.707107 
3.162278 
3.162278 
26.631748 
26.631748 
0.707107 
0.707107 
3.162278 
3.162278 
26.631748 
26.631748 
0.500000 
0.500000 
3.162278 
3.162278 
26.631748 
26.631748 
0.000000 
0.000000 
0.707107 
0.707107 
3.162278 
3.162278 
26.631748 
26.631748 
0.000000 
0.000000 
0.500000 
0.500000 
3.162278 
3.162278 
17.262677 
17.262677 
0.000000 
0.000000 
2.061553 
2.061553 
3.162278 
3.162278 
3.500000 
3.500000 
0.000000 
0.000000 
0.000000 
0.000000 
4.272002 
4.272002 
0.000000 
0.000000 
0.500000 
0.500000 
11.067972 
11.067972 
0.000000 
0.000000 
0.500000 
0.500000 
0.000000 
0.000000 
0.000000 
0.000000 
0.500000 
0.500000 
13.009612 
13.009612 
0.000000 
0.000000 
0.707107 
0.707107 
1.118034 
1.118034 
0.000000 
0.000000 
0.707107 
0.707107 
12.041595 
12.041595 
0.000000 
0.000000 
0.000000 
0.000000 
1.118034 
1.118034 
0.000000 
0.000000 
2.549510 
2.549510 
1.414214 
1.414214 
0.000000 
0.000000 
0.000000 
0.000000 
1.000000 
1.000000 
0.000000 
0.000000 
0.500000 
0.500000 
0.707107 
0.707107 
0.000000 
0.000000 
0.500000 
0.500000 
0.707107 
0.707107 
0.000000 
0.000000 
0.000000 
0.000000 
8.015610 
8.015610 
0.500000 
0.500000 
1.802776 
1.802776 
0.500000 
0.500000 
3.162278 
3.162278 
0.000000 
0.000000 
3.000000 
3.000000 
0.000000 
0.000000 
1.802776 
1.802776 
0.000000 
0.000000 
1.802776 
1.802776 
