0.000000 
0.000000 
0.000000 
0.000000 
0.000000 
0.000000 
1.000000 
1.000000 
0.000000 
0.000000 
3.000000 
3.000000 
1.802776 
1.802776 
2.692582 
2.692582 
3.000000 
3.000000 
2.692582 
2.692582 
2.121320 
2.121320 
3.000000 
3.000000 
2.915476 
2.915476 
10.594810 
10.594810 
3.000000 
3.000000 
2.828427 
2.828427 
0.000000 
0.000000 
10.594810 
10.594810 
3.000000 
3.000000 
1.802776 
1.802776 
1.414214 
1.414214 
10.594810 
10.594810 
3.000000 
3.000000 
1.581139 
1.581139 
1.118034 
1.118034 
10.594810 
10.594810 
3.000000 
3.000000 
2.828427 
2.828427 
1.118034 
1.118034 
10.594810 
10.594810 
3.000000 
3.000000 
1.000000 
1.000000 
0.500000 
0.500000 
10.594810 
10.594810 
3.000000 
3.000000 
0.707107 
0.707107 
5.000000 
5.000000 
10.594810 
10.594810 
3.000000 
3.000000 
1.802776 
1.802776 
1.000000 
1.000000 
10.594810 
10.594810 
3.000000 
3.000000 
1.118034 
1.118034 
4.123106 
4.123106 
10.594810 
10.594810 
3.000000 
3.000000 
1.118034 
1.118034 
1.500000 
1.500000 
10.594810 
10.594810 
3.000000 
3.000000 
2.121320 
2.121320 
1.414214 
1.414214 
10.594810 
10.594810 
3.000000 
3.000000 
2.236068 
2.236068 
1.581139 
1.581139 
10.594810 
10.594810 
3.000000 
3.000000 
0.707107 
0.707107 
1.118034 
1.118034 
10.594810 
10.594810 
1.118034 
1.118034 
0.000000 
0.000000 
2.061553 
2.061553 
10.594810 
10.594810 
1.118034 
1.118034 
15.508062 
15.508062 
1.500000 
1.500000 
10.594810 
10.594810 
1.118034 
1.118034 
0.707107 
0.707107 
1.500000 
1.500000 
1.118034 
1.118034 
1.802776 
1.802776 
1.118034 
1.118034 
1.118034 
1.118034 
21.476732 
21.476732 
5.522681 
5.522681 
1.118034 
1.118034 
1.000000 
1.000000 
2.000000 
2.000000 
1.118034 
1.118034 
7.648529 
7.648529 
2.549510 
2.549510 
1.118034 
1.118034 
1.802776 
1.802776 
2.061553 
2.061553 
1.118034 
1.118034 
1.802776 
1.802776 
1.581139 
1.581139 
19.026298 
19.026298 
0.000000 
0.000000 
1.802776 
1.802776 
4.500000 
4.500000 
1.118034 
1.118034 
1.581139 
1.581139 
1.802776 
1.802776 
1.118034 
1.118034 
1.414214 
1.414214 
1.500000 
1.500000 
1.802776 
1.802776 
1.118034 
1.118034 
1.000000 
1.000000 
1.500000 
1.500000 
1.802776 
1.802776 
0.500000 
0.500000 
6.576473 
6.576473 
1.000000 
1.000000 
1.802776 
1.802776 
1.118034 
1.118034 
0.707107 
0.707107 
1.000000 
1.000000 
1.802776 
1.802776 
1.118034 
1.118034 
1.118034 
1.118034 
1.000000 
1.000000 
1.802776 
1.802776 
1.000000 
1.000000 
3.535534 
3.535534 
1.000000 
1.000000 
1.802776 
1.802776 
1.500000 
1.500000 
0.707107 
0.707107 
1.000000 
1.000000 
1.802776 
1.802776 
0.500000 
0.500000 
0.000000 
0.000000 
1.000000 
1.000000 
1.802776 
1.802776 
1.118034 
1.118034 
1.118034 
1.118034 
1.000000 
1.000000 
1.802776 
1.802776 
0.707107 
0.707107 
1.414214 
1.414214 
0.000000 
0.000000 
1.000000 
1.000000 
1.802776 
1.802776 
0.500000 
0.500000 
1.414214 
1.414214 
