0.000000 
0.000000 
0.000000 
0.000000 
5.024938 
5.024938 
3.605551 
3.605551 
4.527693 
4.527693 
3.500000 
3.500000 
1.000000 
1.000000 
2.236068 
2.236068 
1.118034 
1.118034 
1.000000 
1.000000 
2.061553 
2.061553 
1.802776 
1.802776 
1.500000 
1.500000 
2.000000 
2.000000 
1.500000 
1.500000 
0.500000 
0.500000 
0.000000 
0.000000 
1.500000 
1.500000 
2.061553 
2.061553 
2.549510 
2.549510 
1.500000 
1.500000 
1.118034 
1.118034 
10.049876 
10.049876 
1.500000 
1.500000 
1.000000 
1.000000 
1.118034 
1.118034 
1.500000 
1.500000 
1.118034 
1.118034 
1.118034 
1.118034 
1.500000 
1.500000 
1.118034 
1.118034 
1.118034 
1.118034 
1.500000 
1.500000 
1.118034 
1.118034 
1.118034 
1.118034 
1.500000 
1.500000 
1.118034 
1.118034 
1.118034 
1.118034 
1.500000 
1.500000 
1.118034 
1.118034 
1.118034 
1.118034 
7.516648 
7.516648 
1.118034 
1.118034 
1.118034 
1.118034 
1.118034 
1.118034 
1.118034 
1.118034 
1.118034 
1.118034 
1.118034 
1.118034 
1.118034 
1.118034 
1.118034 
1.118034 
1.118034 
1.118034 
1.118034 
1.118034 
1.118034 
1.118034 
1.118034 
1.118034 
1.118034 
1.118034 
1.118034 
1.118034 
1.118034 
1.118034 
1.118034 
1.118034 
1.118034 
1.118034 
1.118034 
1.118034 
2.915476 
2.915476 
1.118034 
1.118034 
1.118034 
1.118034 
2.915476 
2.915476 
1.118034 
1.118034 
1.118034 
1.118034 
2.915476 
2.915476 
1.118034 
1.118034 
1.118034 
1.118034 
5.522681 
5.522681 
1.118034 
1.118034 
0.707107 
0.707107 
0.000000 
0.000000 
1.118034 
1.118034 
0.500000 
0.500000 
0.707107 
0.707107 
1.118034 
1.118034 
1.118034 
1.118034 
9.500000 
9.500000 
1.118034 
1.118034 
0.500000 
0.500000 
0.000000 
0.000000 
1.118034 
1.118034 
1.118034 
1.118034 
0.707107 
0.707107 
1.118034 
1.118034 
1.500000 
1.500000 
0.500000 
0.500000 
2.061553 
2.061553 
1.802776 
1.802776 
0.707107 
0.707107 
2.000000 
2.000000 
8.631338 
8.631338 
1.118034 
1.118034 
1.000000 
1.000000 
1.000000 
1.000000 
1.500000 
1.500000 
7.158911 
7.158911 
1.500000 
1.500000 
7.158911 
7.158911 
1.500000 
1.500000 
