0.000000 
0.000000 
0.000000 
0.000000 
0.000000 
0.000000 
5.024938 
5.024938 
1.581139 
1.581139 
1.581139 
1.581139 
4.301163 
4.301163 
13.509256 
13.509256 
1.118034 
1.118034 
0.000000 
0.000000 
6.576473 
6.576473 
3.041381 
3.041381 
1.118034 
1.118034 
1.500000 
1.500000 
3.535534 
3.535534 
0.500000 
0.500000 
5.500000 
5.500000 
16.500000 
16.500000 
1.802776 
1.802776 
2.500000 
2.500000 
5.500000 
5.500000 
1.581139 
1.581139 
19.235384 
19.235384 
2.828427 
2.828427 
5.500000 
5.500000 
5.099020 
5.099020 
1.118034 
1.118034 
2.828427 
2.828427 
5.500000 
5.500000 
6.519202 
6.519202 
0.707107 
0.707107 
2.828427 
2.828427 
5.500000 
5.500000 
6.519202 
6.519202 
3.041381 
3.041381 
2.828427 
2.828427 
5.500000 
5.500000 
6.519202 
6.519202 
1.802776 
1.802776 
2.828427 
2.828427 
5.500000 
5.500000 
6.519202 
6.519202 
12.041595 
12.041595 
2.828427 
2.828427 
5.500000 
5.500000 
6.519202 
6.519202 
5.385165 
5.385165 
2.828427 
2.828427 
5.500000 
5.500000 
6.519202 
6.519202 
8.321658 
8.321658 
23.070544 
23.070544 
5.500000 
5.500000 
6.519202 
6.519202 
4.301163 
4.301163 
19.500000 
19.500000 
5.500000 
5.500000 
6.519202 
6.519202 
3.162278 
3.162278 
3.500000 
3.500000 
5.500000 
5.500000 
6.519202 
6.519202 
3.162278 
3.162278 
24.000000 
24.000000 
5.500000 
5.500000 
6.519202 
6.519202 
3.162278 
3.162278 
3.354102 
3.354102 
5.500000 
5.500000 
6.519202 
6.519202 
3.162278 
3.162278 
21.289669 
21.289669 
5.500000 
5.500000 
6.519202 
6.519202 
3.162278 
3.162278 
23.345235 
23.345235 
6.519202 
6.519202 
3.162278 
3.162278 
1.581139 
1.581139 
6.519202 
6.519202 
3.162278 
3.162278 
1.802776 
1.802776 
6.519202 
6.519202 
3.162278 
3.162278 
0.500000 
0.500000 
3.162278 
3.162278 
0.500000 
0.500000 
31.563428 
31.563428 
0.500000 
0.500000 
2.061553 
2.061553 
0.500000 
0.500000 
2.500000 
2.500000 
0.500000 
0.500000 
2.500000 
2.500000 
0.500000 
0.500000 
24.627221 
24.627221 
0.500000 
0.500000 
14.773287 
14.773287 
2.549510 
2.549510 
2.915476 
2.915476 
3.041381 
3.041381 
8.062258 
8.062258 
3.041381 
3.041381 
0.500000 
0.500000 
3.041381 
3.041381 
0.707107 
0.707107 
24.083189 
24.083189 
2.500000 
2.500000 
3.041381 
3.041381 
1.118034 
1.118034 
1.414214 
1.414214 
1.118034 
1.118034 
2.915476 
2.915476 
1.500000 
1.500000 
2.828427 
2.828427 
1.500000 
1.500000 
2.549510 
2.549510 
