0.000000 
0.000000 
0.000000 
0.000000 
0.000000 
0.000000 
0.000000 
0.000000 
0.000000 
0.000000 
0.000000 
0.000000 
0.000000 
0.000000 
0.000000 
0.000000 
0.000000 
0.000000 
0.000000 
0.000000 
0.000000 
0.000000 
0.000000 
0.000000 
0.000000 
0.000000 
0.000000 
0.000000 
0.000000 
0.000000 
0.000000 
0.000000 
0.000000 
0.000000 
0.000000 
0.000000 
0.000000 
0.000000 
0.000000 
0.000000 
0.000000 
0.000000 
0.000000 
0.000000 
0.000000 
0.000000 
0.000000 
0.000000 
0.000000 
0.000000 
0.000000 
0.000000 
0.000000 
0.000000 
0.000000 
0.000000 
0.000000 
0.000000 
0.000000 
0.000000 
0.000000 
0.000000 
3.201562 
3.201562 
0.000000 
0.000000 
3.000000 
3.000000 
3.535534 
3.535534 
17.564168 
17.564168 
1.802776 
1.802776 
1.581139 
1.581139 
1.000000 
1.000000 
13.583078 
13.583078 
0.500000 
0.500000 
1.500000 
1.500000 
0.500000 
0.500000 
1.118034 
1.118034 
1.802776 
1.802776 
0.500000 
0.500000 
2.121320 
2.121320 
0.500000 
0.500000 
7.648529 
7.648529 
10.511898 
10.511898 
0.000000 
0.000000 
5.522681 
5.522681 
6.670832 
6.670832 
1.118034 
1.118034 
1.118034 
1.118034 
12.509996 
12.509996 
2.061553 
2.061553 
1.802776 
1.802776 
1.000000 
1.000000 
0.500000 
0.500000 
1.581139 
1.581139 
0.707107 
0.707107 
1.500000 
1.500000 
1.500000 
1.500000 
2.061553 
2.061553 
9.708244 
9.708244 
3.500000 
3.500000 
3.535534 
3.535534 
2.549510 
2.549510 
2.061553 
2.061553 
2.549510 
2.549510 
2.500000 
2.500000 
2.549510 
2.549510 
2.500000 
2.500000 
3.807887 
3.807887 
7.566373 
7.566373 
2.500000 
2.500000 
8.381527 
8.381527 
