0.000000 
0.000000 
0.000000 
0.000000 
2.500000 
2.500000 
4.472136 
4.472136 
1.581139 
1.581139 
3.041381 
3.041381 
3.500000 
3.500000 
2.061553 
2.061553 
3.605551 
3.605551 
1.802776 
1.802776 
5.522681 
5.522681 
0.500000 
0.500000 
0.707107 
0.707107 
3.162278 
3.162278 
0.707107 
0.707107 
0.500000 
0.500000 
0.707107 
0.707107 
3.640055 
3.640055 
5.147815 
5.147815 
0.500000 
0.500000 
2.236068 
2.236068 
0.500000 
0.500000 
1.802776 
1.802776 
0.000000 
0.000000 
0.500000 
0.500000 
5.500000 
5.500000 
0.000000 
0.000000 
2.236068 
2.236068 
1.118034 
1.118034 
2.500000 
2.500000 
2.236068 
2.236068 
3.041381 
3.041381 
1.000000 
1.000000 
10.547512 
10.547512 
0.000000 
0.000000 
0.707107 
0.707107 
6.576473 
6.576473 
3.041381 
3.041381 
1.500000 
1.500000 
6.519202 
6.519202 
11.101802 
11.101802 
1.500000 
1.500000 
16.007811 
16.007811 
4.000000 
4.000000 
10.198039 
10.198039 
1.000000 
1.000000 
12.093387 
12.093387 
11.011358 
11.011358 
2.061553 
2.061553 
12.010412 
12.010412 
11.011358 
11.011358 
8.062258 
8.062258 
8.732125 
8.732125 
11.011358 
11.011358 
1.000000 
1.000000 
11.011358 
11.011358 
11.011358 
11.011358 
0.707107 
0.707107 
12.041595 
12.041595 
11.011358 
11.011358 
0.000000 
0.000000 
11.884864 
11.884864 
11.011358 
11.011358 
5.099020 
5.099020 
12.020815 
12.020815 
11.011358 
11.011358 
2.000000 
2.000000 
8.500000 
8.500000 
11.011358 
11.011358 
0.707107 
0.707107 
7.566373 
7.566373 
11.011358 
11.011358 
1.118034 
1.118034 
3.640055 
3.640055 
16.101242 
16.101242 
1.118034 
1.118034 
2.692582 
2.692582 
1.581139 
1.581139 
1.118034 
1.118034 
2.692582 
2.692582 
1.581139 
1.581139 
1.118034 
1.118034 
0.000000 
0.000000 
2.692582 
2.692582 
1.581139 
1.581139 
1.118034 
1.118034 
20.506097 
20.506097 
2.692582 
2.692582 
1.581139 
1.581139 
1.118034 
1.118034 
0.000000 
0.000000 
3.041381 
3.041381 
2.692582 
2.692582 
1.581139 
1.581139 
1.118034 
1.118034 
1.802776 
1.802776 
4.609772 
4.609772 
2.692582 
2.692582 
1.581139 
1.581139 
1.118034 
1.118034 
2.692582 
2.692582 
4.609772 
4.609772 
2.692582 
2.692582 
1.581139 
1.581139 
1.118034 
1.118034 
9.055385 
9.055385 
4.000000 
4.000000 
2.692582 
2.692582 
1.581139 
1.581139 
1.118034 
1.118034 
