0.000000 
0.000000 
1.414214 
1.414214 
2.236068 
2.236068 
1.581139 
1.581139 
1.118034 
1.118034 
13.583078 
13.583078 
0.500000 
0.500000 
0.500000 
0.500000 
31.216983 
31.216983 
1.802776 
1.802776 
0.707107 
0.707107 
1.118034 
1.118034 
0.000000 
0.000000 
2.915476 
2.915476 
1.581139 
1.581139 
2.828427 
2.828427 
1.000000 
1.000000 
2.061553 
2.061553 
0.707107 
0.707107 
1.118034 
1.118034 
1.581139 
1.581139 
18.506756 
18.506756 
1.118034 
1.118034 
30.516389 
30.516389 
6.184658 
6.184658 
24.824383 
24.824383 
1.118034 
1.118034 
3.201562 
3.201562 
0.500000 
0.500000 
2.500000 
2.500000 
9.552487 
9.552487 
1.802776 
1.802776 
1.000000 
1.000000 
1.802776 
1.802776 
1.000000 
1.000000 
1.802776 
1.802776 
1.000000 
1.000000 
1.802776 
1.802776 
1.000000 
1.000000 
1.802776 
1.802776 
1.000000 
1.000000 
1.802776 
1.802776 
1.000000 
1.000000 
1.802776 
1.802776 
0.000000 
0.000000 
0.000000 
0.000000 
1.000000 
1.000000 
1.802776 
1.802776 
3.605551 
3.605551 
8.544004 
8.544004 
1.000000 
1.000000 
1.802776 
1.802776 
0.000000 
0.000000 
19.602296 
19.602296 
8.544004 
8.544004 
1.000000 
1.000000 
1.802776 
1.802776 
5.590170 
5.590170 
2.236068 
2.236068 
8.544004 
8.544004 
1.000000 
1.000000 
1.802776 
1.802776 
5.590170 
5.590170 
2.236068 
2.236068 
8.544004 
8.544004 
1.000000 
1.000000 
1.802776 
1.802776 
5.590170 
5.590170 
0.707107 
0.707107 
8.544004 
8.544004 
1.000000 
1.000000 
1.802776 
1.802776 
5.590170 
5.590170 
1.118034 
1.118034 
8.544004 
8.544004 
1.000000 
1.000000 
1.802776 
1.802776 
5.590170 
5.590170 
3.905125 
3.905125 
8.544004 
8.544004 
1.000000 
1.000000 
1.802776 
1.802776 
5.590170 
5.590170 
1.802776 
1.802776 
8.544004 
8.544004 
1.000000 
1.000000 
0.000000 
0.000000 
5.590170 
5.590170 
1.802776 
1.802776 
8.544004 
8.544004 
0.000000 
0.000000 
3.905125 
3.905125 
5.590170 
5.590170 
1.802776 
1.802776 
8.544004 
8.544004 
