0.000000 
0.000000 
0.000000 
0.000000 
1.414214 
1.414214 
1.118034 
1.118034 
2.549510 
2.549510 
1.118034 
1.118034 
0.000000 
0.000000 
2.549510 
2.549510 
0.707107 
0.707107 
0.000000 
0.000000 
0.707107 
0.707107 
2.549510 
2.549510 
1.802776 
1.802776 
7.566373 
7.566373 
1.802776 
1.802776 
2.549510 
2.549510 
0.707107 
0.707107 
0.500000 
0.500000 
9.055385 
9.055385 
2.549510 
2.549510 
1.414214 
1.414214 
0.000000 
0.000000 
4.472136 
4.472136 
2.549510 
2.549510 
0.707107 
0.707107 
0.707107 
0.707107 
4.472136 
4.472136 
2.549510 
2.549510 
1.118034 
1.118034 
0.000000 
0.000000 
0.707107 
0.707107 
4.472136 
4.472136 
2.549510 
2.549510 
1.581139 
1.581139 
3.041381 
3.041381 
8.544004 
8.544004 
4.472136 
4.472136 
2.549510 
2.549510 
1.500000 
1.500000 
2.236068 
2.236068 
3.354102 
3.354102 
4.472136 
4.472136 
2.549510 
2.549510 
4.031129 
4.031129 
1.118034 
1.118034 
3.354102 
3.354102 
4.472136 
4.472136 
2.549510 
2.549510 
2.121320 
2.121320 
0.000000 
0.000000 
1.500000 
1.500000 
3.354102 
3.354102 
4.472136 
4.472136 
2.549510 
2.549510 
2.236068 
2.236068 
0.000000 
0.000000 
3.041381 
3.041381 
1.000000 
1.000000 
3.354102 
3.354102 
4.472136 
4.472136 
2.549510 
2.549510 
1.802776 
1.802776 
1.118034 
1.118034 
2.061553 
2.061553 
1.000000 
1.000000 
3.354102 
3.354102 
4.472136 
4.472136 
2.549510 
2.549510 
1.802776 
1.802776 
1.581139 
1.581139 
2.061553 
2.061553 
1.000000 
1.000000 
3.354102 
3.354102 
4.472136 
4.472136 
2.549510 
2.549510 
1.118034 
1.118034 
0.500000 
0.500000 
2.549510 
2.549510 
1.000000 
1.000000 
3.354102 
3.354102 
4.472136 
4.472136 
1.000000 
1.000000 
0.707107 
0.707107 
4.123106 
4.123106 
1.000000 
1.000000 
3.354102 
3.354102 
4.472136 
4.472136 
0.500000 
0.500000 
0.000000 
0.000000 
2.061553 
2.061553 
1.000000 
1.000000 
3.354102 
3.354102 
4.472136 
4.472136 
1.581139 
1.581139 
0.707107 
0.707107 
2.061553 
2.061553 
1.000000 
1.000000 
3.354102 
3.354102 
4.472136 
4.472136 
0.500000 
0.500000 
0.707107 
0.707107 
2.061553 
2.061553 
1.000000 
1.000000 
3.354102 
3.354102 
4.472136 
4.472136 
0.000000 
0.000000 
1.000000 
1.000000 
2.061553 
2.061553 
1.000000 
1.000000 
3.354102 
3.354102 
0.707107 
0.707107 
0.500000 
0.500000 
2.061553 
2.061553 
1.000000 
1.000000 
3.354102 
3.354102 
1.414214 
1.414214 
0.000000 
0.000000 
0.500000 
0.500000 
2.061553 
2.061553 
1.000000 
1.000000 
3.354102 
3.354102 
0.500000 
0.500000 
1.414214 
1.414214 
1.000000 
1.000000 
2.061553 
2.061553 
1.000000 
1.000000 
3.354102 
3.354102 
0.500000 
0.500000 
1.414214 
1.414214 
0.707107 
0.707107 
2.061553 
2.061553 
1.000000 
1.000000 
1.414214 
1.414214 
0.000000 
0.000000 
1.414214 
1.414214 
0.707107 
0.707107 
2.061553 
2.061553 
1.000000 
1.000000 
1.118034 
1.118034 
0.500000 
0.500000 
1.414214 
1.414214 
1.000000 
1.000000 
2.061553 
2.061553 
1.000000 
1.000000 
1.118034 
1.118034 
3.000000 
3.000000 
1.414214 
1.414214 
1.118034 
1.118034 
2.061553 
2.061553 
1.802776 
1.802776 
0.000000 
0.000000 
4.272002 
4.272002 
1.414214 
1.414214 
1.414214 
1.414214 
2.061553 
2.061553 
3.000000 
3.000000 
0.000000 
0.000000 
2.236068 
2.236068 
1.414214 
1.414214 
1.118034 
1.118034 
2.061553 
2.061553 
3.535534 
3.535534 
1.000000 
1.000000 
1.414214 
1.414214 
1.414214 
1.414214 
1.118034 
1.118034 
2.061553 
2.061553 
11.704700 
11.704700 
1.000000 
1.000000 
1.000000 
1.000000 
1.414214 
1.414214 
1.118034 
1.118034 
2.061553 
2.061553 
3.535534 
3.535534 
1.000000 
1.000000 
1.414214 
1.414214 
1.414214 
1.414214 
1.118034 
1.118034 
5.522681 
5.522681 
1.000000 
1.000000 
1.414214 
1.414214 
1.414214 
1.414214 
1.118034 
1.118034 
4.272002 
4.272002 
25.480385 
25.480385 
1.118034 
1.118034 
1.414214 
1.414214 
1.118034 
1.118034 
4.272002 
4.272002 
2.549510 
2.549510 
0.707107 
0.707107 
1.414214 
1.414214 
1.118034 
1.118034 
4.272002 
4.272002 
3.500000 
3.500000 
1.000000 
1.000000 
1.414214 
1.414214 
1.118034 
1.118034 
4.272002 
4.272002 
