0.000000 
0.000000 
1.118034 
1.118034 
1.118034 
1.118034 
1.581139 
1.581139 
1.802776 
1.802776 
15.041609 
15.041609 
15.041609 
15.041609 
15.041609 
15.041609 
15.041609 
15.041609 
15.041609 
15.041609 
15.041609 
15.041609 
0.000000 
0.000000 
15.041609 
15.041609 
0.500000 
0.500000 
15.041609 
15.041609 
11.236103 
11.236103 
15.041609 
15.041609 
11.236103 
11.236103 
15.041609 
15.041609 
11.236103 
11.236103 
15.041609 
15.041609 
11.236103 
11.236103 
15.041609 
15.041609 
11.236103 
11.236103 
15.041609 
15.041609 
11.236103 
11.236103 
15.041609 
15.041609 
11.236103 
11.236103 
15.041609 
15.041609 
11.236103 
11.236103 
19.924859 
19.924859 
19.924859 
19.924859 
19.924859 
19.924859 
19.924859 
19.924859 
0.000000 
0.000000 
19.924859 
19.924859 
1.118034 
1.118034 
19.924859 
19.924859 
0.707107 
0.707107 
19.924859 
19.924859 
2.121320 
2.121320 
19.924859 
19.924859 
0.000000 
0.000000 
2.121320 
2.121320 
19.924859 
19.924859 
0.000000 
0.000000 
0.500000 
0.500000 
2.121320 
2.121320 
19.924859 
19.924859 
2.915476 
2.915476 
1.500000 
1.500000 
2.121320 
2.121320 
19.924859 
19.924859 
2.915476 
2.915476 
3.041381 
3.041381 
2.121320 
2.121320 
19.924859 
19.924859 
2.915476 
2.915476 
5.147815 
5.147815 
2.121320 
2.121320 
19.924859 
19.924859 
2.915476 
2.915476 
0.500000 
0.500000 
2.121320 
2.121320 
19.924859 
19.924859 
2.915476 
2.915476 
1.118034 
1.118034 
2.121320 
2.121320 
19.924859 
19.924859 
2.915476 
2.915476 
0.500000 
0.500000 
2.121320 
2.121320 
2.915476 
2.915476 
1.118034 
1.118034 
2.121320 
2.121320 
2.915476 
2.915476 
2.828427 
2.828427 
2.121320 
2.121320 
