0.000000 
0.000000 
0.000000 
0.000000 
0.000000 
0.000000 
0.000000 
0.000000 
0.000000 
0.000000 
0.000000 
0.000000 
0.000000 
0.000000 
0.000000 
0.000000 
0.000000 
0.000000 
0.000000 
0.000000 
0.000000 
0.000000 
0.000000 
0.000000 
0.000000 
0.000000 
0.000000 
0.000000 
0.000000 
0.000000 
0.000000 
0.000000 
0.000000 
0.000000 
0.000000 
0.000000 
0.000000 
0.000000 
0.000000 
0.000000 
1.802776 
1.802776 
0.707107 
0.707107 
2.828427 
2.828427 
3.535534 
3.535534 
2.236068 
2.236068 
4.242641 
4.242641 
2.915476 
2.915476 
2.500000 
2.500000 
0.000000 
0.000000 
0.000000 
0.000000 
0.000000 
0.000000 
0.000000 
0.000000 
0.000000 
0.000000 
0.000000 
0.000000 
1.118034 
1.118034 
2.236068 
2.236068 
0.707107 
0.707107 
1.118034 
1.118034 
0.000000 
0.000000 
0.000000 
0.000000 
13.086252 
13.086252 
0.000000 
0.000000 
1.414214 
1.414214 
1.000000 
1.000000 
0.000000 
0.000000 
0.000000 
0.000000 
0.000000 
0.000000 
0.000000 
0.000000 
0.000000 
0.000000 
3.605551 
3.605551 
0.500000 
0.500000 
1.000000 
1.000000 
0.707107 
0.707107 
0.500000 
0.500000 
1.000000 
1.000000 
0.000000 
0.000000 
0.000000 
0.000000 
0.500000 
0.500000 
0.000000 
0.000000 
1.118034 
1.118034 
0.000000 
0.000000 
0.000000 
0.000000 
0.000000 
0.000000 
0.000000 
0.000000 
0.000000 
0.000000 
5.024938 
5.024938 
2.236068 
2.236068 
2.828427 
2.828427 
0.500000 
0.500000 
0.707107 
0.707107 
1.500000 
1.500000 
0.500000 
0.500000 
0.500000 
0.500000 
0.500000 
0.500000 
1.118034 
1.118034 
0.500000 
0.500000 
0.000000 
0.000000 
0.000000 
0.000000 
0.000000 
0.000000 
0.000000 
0.000000 
0.000000 
0.000000 
5.024938 
5.024938 
2.236068 
2.236068 
4.500000 
4.500000 
0.500000 
0.500000 
1.581139 
1.581139 
1.118034 
1.118034 
0.500000 
0.500000 
12.509996 
12.509996 
0.707107 
0.707107 
1.581139 
1.581139 
10.012492 
10.012492 
0.000000 
0.000000 
0.000000 
0.000000 
0.000000 
0.000000 
0.000000 
0.000000 
0.000000 
0.000000 
5.024938 
5.024938 
2.236068 
2.236068 
3.162278 
3.162278 
0.500000 
0.500000 
1.414214 
1.414214 
1.581139 
1.581139 
0.707107 
0.707107 
0.707107 
0.707107 
0.707107 
0.707107 
1.581139 
1.581139 
2.061553 
2.061553 
0.000000 
0.000000 
0.000000 
0.000000 
0.000000 
0.000000 
0.000000 
0.000000 
0.000000 
0.000000 
5.024938 
5.024938 
2.236068 
2.236068 
3.807887 
3.807887 
0.500000 
0.500000 
2.061553 
2.061553 
0.707107 
0.707107 
0.500000 
0.500000 
14.317821 
14.317821 
0.707107 
0.707107 
3.354102 
3.354102 
1.118034 
1.118034 
0.000000 
0.000000 
0.000000 
0.000000 
0.000000 
0.000000 
0.000000 
0.000000 
0.000000 
0.000000 
5.024938 
5.024938 
2.236068 
2.236068 
5.220153 
5.220153 
1.000000 
1.000000 
2.549510 
2.549510 
1.000000 
1.000000 
0.500000 
0.500000 
0.707107 
0.707107 
0.500000 
0.500000 
2.549510 
2.549510 
1.581139 
1.581139 
0.000000 
0.000000 
0.000000 
0.000000 
0.000000 
0.000000 
0.000000 
0.000000 
0.000000 
0.000000 
5.024938 
5.024938 
0.000000 
0.000000 
17.867568 
17.867568 
0.500000 
0.500000 
2.236068 
2.236068 
1.118034 
1.118034 
0.500000 
0.500000 
1.118034 
1.118034 
0.500000 
0.500000 
18.560711 
18.560711 
1.500000 
1.500000 
0.000000 
0.000000 
0.000000 
0.000000 
0.000000 
0.000000 
0.000000 
0.000000 
0.000000 
0.000000 
5.024938 
5.024938 
1.118034 
1.118034 
9.394147 
9.394147 
0.500000 
0.500000 
1.500000 
1.500000 
1.118034 
1.118034 
6.020797 
6.020797 
0.500000 
0.500000 
13.341664 
13.341664 
1.000000 
1.000000 
16.568042 
16.568042 
0.000000 
0.000000 
0.000000 
0.000000 
0.000000 
0.000000 
0.000000 
0.000000 
0.000000 
0.000000 
0.000000 
0.000000 
5.024938 
5.024938 
1.118034 
1.118034 
8.631338 
8.631338 
0.500000 
0.500000 
1.500000 
1.500000 
1.118034 
1.118034 
6.020797 
6.020797 
1.118034 
1.118034 
13.341664 
13.341664 
0.707107 
0.707107 
1.802776 
1.802776 
0.000000 
0.000000 
0.000000 
0.000000 
0.000000 
0.000000 
0.000000 
0.000000 
0.000000 
0.000000 
0.000000 
0.000000 
5.024938 
5.024938 
1.000000 
1.000000 
7.071068 
7.071068 
0.500000 
0.500000 
2.121320 
2.121320 
3.500000 
3.500000 
6.020797 
6.020797 
1.414214 
1.414214 
13.341664 
13.341664 
0.707107 
0.707107 
4.743416 
4.743416 
0.000000 
0.000000 
0.000000 
0.000000 
0.000000 
0.000000 
0.000000 
0.000000 
0.000000 
0.000000 
0.000000 
0.000000 
5.024938 
5.024938 
1.000000 
1.000000 
18.553975 
18.553975 
0.500000 
0.500000 
2.061553 
2.061553 
3.500000 
3.500000 
6.020797 
6.020797 
1.500000 
1.500000 
13.341664 
13.341664 
0.707107 
0.707107 
2.915476 
2.915476 
0.000000 
0.000000 
0.000000 
0.000000 
0.000000 
0.000000 
0.000000 
0.000000 
0.000000 
0.000000 
0.000000 
0.000000 
0.000000 
0.000000 
5.024938 
5.024938 
1.000000 
1.000000 
1.500000 
1.500000 
0.500000 
0.500000 
2.061553 
2.061553 
3.500000 
3.500000 
6.020797 
6.020797 
3.807887 
3.807887 
13.341664 
13.341664 
0.707107 
0.707107 
3.201562 
3.201562 
0.000000 
0.000000 
0.000000 
0.000000 
21.708293 
21.708293 
0.000000 
0.000000 
5.024938 
5.024938 
1.000000 
1.000000 
6.964194 
6.964194 
0.500000 
0.500000 
2.061553 
2.061553 
29.504237 
29.504237 
6.020797 
6.020797 
1.000000 
1.000000 
13.341664 
13.341664 
0.707107 
0.707107 
4.527693 
4.527693 
0.000000 
0.000000 
2.692582 
2.692582 
4.716991 
4.716991 
12.649111 
12.649111 
0.000000 
0.000000 
5.024938 
5.024938 
1.000000 
1.000000 
9.552487 
9.552487 
0.500000 
0.500000 
2.061553 
2.061553 
2.692582 
2.692582 
6.020797 
6.020797 
0.000000 
0.000000 
13.341664 
13.341664 
0.707107 
0.707107 
2.500000 
2.500000 
1.581139 
1.581139 
1.000000 
1.000000 
22.005681 
22.005681 
3.535534 
3.535534 
0.000000 
0.000000 
5.024938 
5.024938 
1.000000 
1.000000 
30.413813 
30.413813 
0.500000 
0.500000 
2.061553 
2.061553 
2.061553 
2.061553 
6.020797 
6.020797 
2.061553 
2.061553 
13.341664 
13.341664 
0.707107 
0.707107 
20.056171 
20.056171 
1.802776 
1.802776 
4.000000 
4.000000 
2.828427 
2.828427 
3.354102 
3.354102 
0.000000 
0.000000 
5.024938 
5.024938 
1.000000 
1.000000 
6.184658 
6.184658 
0.500000 
0.500000 
2.061553 
2.061553 
2.061553 
2.061553 
6.020797 
6.020797 
0.500000 
0.500000 
13.341664 
13.341664 
0.707107 
0.707107 
19.525624 
19.525624 
0.000000 
0.000000 
0.000000 
0.000000 
2.915476 
2.915476 
38.512985 
38.512985 
2.549510 
2.549510 
3.354102 
3.354102 
0.000000 
0.000000 
1.000000 
1.000000 
13.756816 
13.756816 
0.500000 
0.500000 
2.061553 
2.061553 
2.061553 
2.061553 
6.020797 
6.020797 
0.707107 
0.707107 
13.341664 
13.341664 
0.707107 
0.707107 
19.525624 
19.525624 
2.236068 
2.236068 
24.748737 
24.748737 
6.519202 
6.519202 
38.512985 
38.512985 
1.000000 
1.000000 
3.354102 
3.354102 
0.000000 
0.000000 
1.000000 
1.000000 
3.640055 
3.640055 
0.500000 
0.500000 
5.385165 
5.385165 
2.061553 
2.061553 
6.020797 
6.020797 
0.000000 
0.000000 
13.341664 
13.341664 
0.707107 
0.707107 
19.525624 
19.525624 
1.118034 
1.118034 
3.354102 
3.354102 
1.414214 
1.414214 
38.512985 
38.512985 
0.500000 
0.500000 
3.354102 
3.354102 
0.000000 
0.000000 
1.000000 
1.000000 
2.915476 
2.915476 
0.500000 
0.500000 
2.500000 
2.500000 
2.061553 
2.061553 
6.020797 
6.020797 
0.500000 
0.500000 
13.341664 
13.341664 
0.707107 
0.707107 
19.525624 
19.525624 
0.500000 
0.500000 
2.549510 
2.549510 
2.500000 
2.500000 
38.512985 
38.512985 
1.118034 
1.118034 
3.354102 
3.354102 
0.000000 
0.000000 
1.000000 
1.000000 
4.301163 
4.301163 
0.500000 
0.500000 
1.581139 
1.581139 
2.061553 
2.061553 
6.020797 
6.020797 
0.500000 
0.500000 
13.341664 
13.341664 
0.707107 
0.707107 
19.525624 
19.525624 
0.500000 
0.500000 
6.020797 
6.020797 
2.500000 
2.500000 
38.512985 
38.512985 
0.500000 
0.500000 
3.354102 
3.354102 
0.000000 
0.000000 
1.000000 
1.000000 
2.549510 
2.549510 
0.500000 
0.500000 
0.500000 
0.500000 
2.061553 
2.061553 
6.020797 
6.020797 
0.707107 
0.707107 
13.341664 
13.341664 
0.707107 
0.707107 
19.525624 
19.525624 
0.500000 
0.500000 
8.558621 
8.558621 
2.500000 
2.500000 
38.512985 
38.512985 
1.414214 
1.414214 
3.354102 
3.354102 
0.000000 
0.000000 
1.000000 
1.000000 
3.201562 
3.201562 
0.500000 
0.500000 
2.061553 
2.061553 
6.020797 
6.020797 
0.500000 
0.500000 
13.341664 
13.341664 
0.707107 
0.707107 
19.525624 
19.525624 
0.000000 
0.000000 
3.535534 
3.535534 
2.500000 
2.500000 
53.037722 
53.037722 
1.500000 
1.500000 
3.354102 
3.354102 
0.000000 
0.000000 
1.000000 
1.000000 
16.286497 
16.286497 
0.500000 
0.500000 
2.061553 
2.061553 
16.007811 
16.007811 
0.707107 
0.707107 
19.525624 
19.525624 
2.121320 
2.121320 
2.692582 
2.692582 
2.500000 
2.500000 
12.854960 
12.854960 
1.118034 
1.118034 
3.354102 
3.354102 
1.000000 
1.000000 
23.500000 
23.500000 
0.500000 
0.500000 
2.061553 
2.061553 
1.802776 
1.802776 
19.525624 
19.525624 
1.000000 
1.000000 
2.692582 
2.692582 
2.500000 
2.500000 
38.890873 
38.890873 
2.061553 
2.061553 
3.354102 
3.354102 
1.000000 
1.000000 
0.500000 
0.500000 
2.061553 
2.061553 
17.356555 
17.356555 
19.525624 
19.525624 
0.500000 
0.500000 
2.692582 
2.692582 
2.500000 
2.500000 
8.000000 
8.000000 
2.500000 
2.500000 
3.354102 
3.354102 
1.118034 
1.118034 
0.500000 
0.500000 
2.061553 
2.061553 
17.356555 
17.356555 
19.525624 
19.525624 
1.000000 
1.000000 
2.692582 
2.692582 
2.500000 
2.500000 
3.640055 
3.640055 
1.118034 
1.118034 
3.354102 
3.354102 
1.000000 
1.000000 
0.500000 
0.500000 
2.061553 
2.061553 
17.356555 
17.356555 
19.525624 
19.525624 
0.000000 
0.000000 
3.535534 
3.535534 
2.692582 
2.692582 
2.500000 
2.500000 
15.402922 
15.402922 
1.000000 
1.000000 
3.354102 
3.354102 
17.528548 
17.528548 
0.500000 
0.500000 
2.061553 
2.061553 
19.729420 
19.729420 
19.525624 
19.525624 
2.692582 
2.692582 
3.000000 
3.000000 
2.692582 
2.692582 
2.500000 
2.500000 
10.630146 
10.630146 
18.006943 
18.006943 
3.354102 
3.354102 
4.123106 
4.123106 
0.500000 
0.500000 
2.061553 
2.061553 
1.118034 
1.118034 
19.525624 
19.525624 
2.692582 
2.692582 
2.000000 
2.000000 
2.692582 
2.692582 
2.500000 
2.500000 
2.236068 
2.236068 
1.500000 
1.500000 
3.354102 
3.354102 
2.061553 
2.061553 
0.500000 
0.500000 
1.000000 
1.000000 
19.525624 
19.525624 
26.730133 
26.730133 
0.500000 
0.500000 
2.692582 
2.692582 
2.500000 
2.500000 
36.500000 
36.500000 
19.525624 
19.525624 
0.000000 
0.000000 
0.500000 
0.500000 
21.523243 
21.523243 
6.103278 
6.103278 
0.707107 
0.707107 
2.692582 
2.692582 
2.500000 
2.500000 
11.236103 
11.236103 
1.581139 
1.581139 
0.500000 
0.500000 
0.500000 
0.500000 
0.500000 
0.500000 
9.604686 
9.604686 
0.500000 
0.500000 
2.692582 
2.692582 
2.500000 
2.500000 
47.762433 
47.762433 
1.802776 
1.802776 
1.414214 
1.414214 
0.500000 
0.500000 
19.500000 
19.500000 
6.103278 
6.103278 
0.500000 
0.500000 
2.692582 
2.692582 
2.500000 
2.500000 
10.770330 
10.770330 
0.707107 
0.707107 
1.000000 
1.000000 
0.500000 
0.500000 
0.707107 
0.707107 
8.139410 
8.139410 
1.414214 
1.414214 
2.692582 
2.692582 
6.519202 
6.519202 
1.802776 
1.802776 
1.118034 
1.118034 
0.500000 
0.500000 
1.414214 
1.414214 
5.024938 
5.024938 
1.118034 
1.118034 
2.692582 
2.692582 
7.158911 
7.158911 
1.500000 
1.500000 
1.118034 
1.118034 
2.000000 
2.000000 
27.372431 
27.372431 
0.000000 
0.000000 
2.692582 
2.692582 
7.158911 
7.158911 
0.707107 
0.707107 
1.118034 
1.118034 
2.000000 
2.000000 
0.000000 
0.000000 
27.372431 
27.372431 
4.031129 
4.031129 
2.692582 
2.692582 
7.158911 
7.158911 
4.527693 
4.527693 
14.713939 
14.713939 
2.000000 
2.000000 
4.031129 
4.031129 
27.372431 
27.372431 
4.123106 
4.123106 
8.000000 
8.000000 
4.031129 
4.031129 
4.031129 
4.031129 
2.000000 
2.000000 
1.581139 
1.581139 
27.372431 
27.372431 
13.000000 
13.000000 
2.000000 
2.000000 
1.118034 
1.118034 
4.031129 
4.031129 
2.000000 
2.000000 
0.000000 
0.000000 
0.000000 
0.000000 
4.609772 
4.609772 
27.372431 
27.372431 
13.000000 
13.000000 
4.716991 
4.716991 
1.118034 
1.118034 
4.031129 
4.031129 
2.000000 
2.000000 
0.000000 
0.000000 
0.000000 
0.000000 
0.000000 
0.000000 
2.915476 
2.915476 
15.572412 
15.572412 
4.609772 
4.609772 
27.372431 
27.372431 
13.000000 
13.000000 
4.716991 
4.716991 
1.118034 
1.118034 
4.031129 
4.031129 
2.000000 
2.000000 
0.000000 
0.000000 
0.000000 
0.000000 
0.000000 
0.000000 
0.000000 
0.000000 
1.581139 
1.581139 
16.530275 
16.530275 
4.472136 
4.472136 
1.414214 
1.414214 
15.572412 
15.572412 
4.609772 
4.609772 
27.372431 
27.372431 
13.000000 
13.000000 
4.716991 
4.716991 
1.118034 
1.118034 
4.031129 
4.031129 
2.000000 
2.000000 
4.242641 
4.242641 
6.264982 
6.264982 
2.236068 
2.236068 
9.000000 
9.000000 
15.000000 
15.000000 
0.500000 
0.500000 
2.061553 
2.061553 
1.118034 
1.118034 
15.572412 
15.572412 
4.609772 
4.609772 
27.372431 
27.372431 
13.000000 
13.000000 
4.716991 
4.716991 
1.118034 
1.118034 
4.031129 
4.031129 
2.000000 
2.000000 
