0.000000 
0.000000 
0.000000 
0.000000 
0.000000 
0.000000 
6.708204 
6.708204 
0.500000 
0.500000 
60.000000 
60.000000 
2.500000 
2.500000 
1.000000 
1.000000 
61.508130 
61.508130 
4.949747 
4.949747 
0.000000 
0.000000 
1.414214 
1.414214 
6.184658 
6.184658 
0.500000 
0.500000 
1.118034 
1.118034 
1.118034 
1.118034 
0.500000 
0.500000 
2.500000 
2.500000 
3.041381 
3.041381 
0.500000 
0.500000 
1.000000 
1.000000 
4.924429 
4.924429 
0.707107 
0.707107 
2.549510 
2.549510 
7.566373 
7.566373 
1.118034 
1.118034 
14.000000 
14.000000 
4.031129 
4.031129 
1.118034 
1.118034 
2.061553 
2.061553 
29.025851 
29.025851 
0.500000 
0.500000 
1.118034 
1.118034 
2.061553 
2.061553 
0.500000 
0.500000 
40.672472 
40.672472 
4.031129 
4.031129 
0.500000 
0.500000 
2.000000 
2.000000 
2.500000 
2.500000 
0.500000 
0.500000 
4.609772 
4.609772 
2.061553 
2.061553 
1.414214 
1.414214 
8.544004 
8.544004 
2.692582 
2.692582 
0.707107 
0.707107 
3.000000 
3.000000 
31.693848 
31.693848 
0.707107 
0.707107 
5.590170 
5.590170 
1.000000 
1.000000 
0.707107 
0.707107 
1.500000 
1.500000 
0.500000 
0.500000 
0.707107 
0.707107 
5.408327 
5.408327 
0.500000 
0.500000 
0.707107 
0.707107 
5.315073 
5.315073 
0.500000 
0.500000 
0.707107 
0.707107 
7.632169 
7.632169 
0.500000 
0.500000 
2.000000 
2.000000 
0.500000 
0.500000 
0.500000 
0.500000 
1.000000 
1.000000 
58.019393 
58.019393 
0.500000 
0.500000 
0.000000 
0.000000 
52.038447 
52.038447 
0.500000 
0.500000 
0.000000 
0.000000 
3.535534 
3.535534 
0.500000 
0.500000 
0.500000 
0.500000 
1.118034 
1.118034 
0.500000 
0.500000 
0.500000 
0.500000 
4.527693 
4.527693 
0.500000 
0.500000 
0.500000 
0.500000 
2.500000 
2.500000 
0.500000 
0.500000 
1.118034 
1.118034 
2.915476 
2.915476 
0.500000 
0.500000 
1.000000 
1.000000 
6.576473 
6.576473 
0.500000 
0.500000 
1.118034 
1.118034 
3.041381 
3.041381 
0.500000 
0.500000 
0.000000 
0.000000 
0.500000 
0.500000 
0.500000 
0.500000 
0.000000 
0.000000 
51.509708 
51.509708 
0.500000 
0.500000 
57.107355 
57.107355 
0.500000 
0.500000 
0.707107 
0.707107 
0.707107 
0.707107 
0.707107 
0.707107 
0.000000 
0.000000 
109.500000 
109.500000 
0.000000 
0.000000 
109.500000 
109.500000 
0.000000 
0.000000 
0.000000 
0.000000 
109.500000 
109.500000 
1.414214 
1.414214 
0.000000 
0.000000 
109.500000 
109.500000 
