0.000000 
0.000000 
0.000000 
0.000000 
0.000000 
0.000000 
2.692582 
2.692582 
15.500000 
15.500000 
18.248288 
18.248288 
3.201562 
3.201562 
3.041381 
3.041381 
2.061553 
2.061553 
3.201562 
3.201562 
17.000000 
17.000000 
2.000000 
2.000000 
0.000000 
0.000000 
2.500000 
2.500000 
2.000000 
2.000000 
2.500000 
2.500000 
4.500000 
4.500000 
2.000000 
2.000000 
3.535534 
3.535534 
3.807887 
3.807887 
2.000000 
2.000000 
2.549510 
2.549510 
18.006943 
18.006943 
2.000000 
2.000000 
4.527693 
4.527693 
1.581139 
1.581139 
2.000000 
2.000000 
35.503521 
35.503521 
1.581139 
1.581139 
2.000000 
2.000000 
10.012492 
10.012492 
1.581139 
1.581139 
2.000000 
2.000000 
0.000000 
0.000000 
46.524187 
46.524187 
1.581139 
1.581139 
2.000000 
2.000000 
3.354102 
3.354102 
46.524187 
46.524187 
1.581139 
1.581139 
2.000000 
2.000000 
1.118034 
1.118034 
46.524187 
46.524187 
1.581139 
1.581139 
2.000000 
2.000000 
50.509900 
50.509900 
46.524187 
46.524187 
1.581139 
1.581139 
2.000000 
2.000000 
1.118034 
1.118034 
46.524187 
46.524187 
1.581139 
1.581139 
2.000000 
2.000000 
7.648529 
7.648529 
46.524187 
46.524187 
1.581139 
1.581139 
2.000000 
2.000000 
1.581139 
1.581139 
46.524187 
46.524187 
1.581139 
1.581139 
2.000000 
2.000000 
1.500000 
1.500000 
46.524187 
46.524187 
1.581139 
1.581139 
1.500000 
1.500000 
46.524187 
46.524187 
1.581139 
1.581139 
1.500000 
1.500000 
46.524187 
46.524187 
1.581139 
1.581139 
44.502809 
44.502809 
46.524187 
46.524187 
1.581139 
1.581139 
0.707107 
0.707107 
46.524187 
46.524187 
1.581139 
1.581139 
5.024938 
5.024938 
46.524187 
46.524187 
5.024938 
5.024938 
46.524187 
46.524187 
0.000000 
0.000000 
5.024938 
5.024938 
46.524187 
46.524187 
7.158911 
7.158911 
5.024938 
5.024938 
7.158911 
7.158911 
5.024938 
5.024938 
7.158911 
7.158911 
5.024938 
5.024938 
7.158911 
7.158911 
5.024938 
5.024938 
0.000000 
0.000000 
0.000000 
0.000000 
7.158911 
7.158911 
5.024938 
5.024938 
5.590170 
5.590170 
6.670832 
6.670832 
7.158911 
7.158911 
5.024938 
5.024938 
12.619429 
12.619429 
7.280110 
7.280110 
7.158911 
7.158911 
5.024938 
5.024938 
45.705580 
45.705580 
6.184658 
6.184658 
7.158911 
7.158911 
5.024938 
5.024938 
5.220153 
5.220153 
4.527693 
4.527693 
7.158911 
7.158911 
5.024938 
5.024938 
2.500000 
2.500000 
3.162278 
3.162278 
7.158911 
7.158911 
5.024938 
5.024938 
6.964194 
6.964194 
4.031129 
4.031129 
7.158911 
7.158911 
5.024938 
5.024938 
6.670832 
6.670832 
28.217902 
28.217902 
7.158911 
7.158911 
5.024938 
5.024938 
