0.000000 
0.000000 
0.000000 
0.000000 
0.000000 
0.000000 
0.000000 
0.000000 
0.000000 
0.000000 
0.000000 
0.000000 
2.549510 
2.549510 
0.707107 
0.707107 
1.000000 
1.000000 
3.201562 
3.201562 
0.707107 
0.707107 
0.000000 
0.000000 
2.549510 
2.549510 
0.500000 
0.500000 
0.500000 
0.500000 
22.522211 
22.522211 
2.236068 
2.236068 
0.707107 
0.707107 
2.549510 
2.549510 
1.581139 
1.581139 
0.707107 
0.707107 
0.707107 
0.707107 
4.609772 
4.609772 
0.707107 
0.707107 
0.000000 
0.000000 
2.549510 
2.549510 
0.500000 
0.500000 
1.500000 
1.500000 
2.061553 
2.061553 
5.220153 
5.220153 
1.118034 
1.118034 
2.236068 
2.236068 
2.549510 
2.549510 
1.000000 
1.000000 
2.061553 
2.061553 
3.605551 
3.605551 
2.549510 
2.549510 
0.707107 
0.707107 
0.000000 
0.000000 
1.802776 
1.802776 
2.549510 
2.549510 
2.236068 
2.236068 
0.500000 
0.500000 
3.041381 
3.041381 
2.500000 
2.500000 
1.118034 
1.118034 
2.236068 
2.236068 
2.915476 
2.915476 
2.549510 
2.549510 
22.051077 
22.051077 
1.500000 
1.500000 
1.000000 
1.000000 
4.031129 
4.031129 
2.061553 
2.061553 
0.000000 
0.000000 
2.121320 
2.121320 
2.915476 
2.915476 
2.549510 
2.549510 
2.000000 
2.000000 
2.061553 
2.061553 
4.031129 
4.031129 
3.807887 
3.807887 
1.414214 
1.414214 
3.354102 
3.354102 
2.121320 
2.121320 
2.915476 
2.915476 
2.549510 
2.549510 
1.581139 
1.581139 
0.000000 
0.000000 
5.522681 
5.522681 
2.061553 
2.061553 
2.692582 
2.692582 
2.236068 
2.236068 
2.121320 
2.121320 
2.915476 
2.915476 
2.549510 
2.549510 
3.000000 
3.000000 
12.529964 
12.529964 
5.099020 
5.099020 
1.118034 
1.118034 
1.500000 
1.500000 
2.549510 
2.549510 
2.121320 
2.121320 
2.915476 
2.915476 
2.549510 
2.549510 
2.500000 
2.500000 
1.500000 
1.500000 
26.000000 
26.000000 
4.301163 
4.301163 
1.000000 
1.000000 
2.061553 
2.061553 
2.121320 
2.121320 
2.915476 
2.915476 
2.549510 
2.549510 
11.011358 
11.011358 
1.581139 
1.581139 
3.605551 
3.605551 
7.615773 
7.615773 
15.500000 
15.500000 
3.201562 
3.201562 
2.121320 
2.121320 
2.915476 
2.915476 
2.549510 
2.549510 
3.807887 
3.807887 
2.000000 
2.000000 
4.716991 
4.716991 
6.000000 
6.000000 
2.500000 
2.500000 
0.000000 
0.000000 
3.201562 
3.201562 
2.121320 
2.121320 
2.915476 
2.915476 
2.549510 
2.549510 
15.692355 
15.692355 
3.000000 
3.000000 
4.123106 
4.123106 
5.408327 
5.408327 
3.354102 
3.354102 
0.000000 
0.000000 
2.500000 
2.500000 
3.201562 
3.201562 
2.121320 
2.121320 
2.915476 
2.915476 
2.549510 
2.549510 
1.000000 
1.000000 
3.000000 
3.000000 
2.500000 
2.500000 
1.118034 
1.118034 
6.020797 
6.020797 
2.915476 
2.915476 
5.099020 
5.099020 
3.201562 
3.201562 
2.121320 
2.121320 
2.915476 
2.915476 
5.099020 
5.099020 
3.000000 
3.000000 
4.242641 
4.242641 
3.500000 
3.500000 
3.000000 
3.000000 
0.000000 
0.000000 
5.024938 
5.024938 
10.198039 
10.198039 
3.201562 
3.201562 
2.121320 
2.121320 
2.915476 
2.915476 
5.099020 
5.099020 
3.000000 
3.000000 
5.590170 
5.590170 
3.000000 
3.000000 
4.031129 
4.031129 
8.500000 
8.500000 
3.535534 
3.535534 
0.000000 
0.000000 
3.201562 
3.201562 
2.121320 
2.121320 
2.915476 
2.915476 
5.099020 
5.099020 
3.000000 
3.000000 
5.852350 
5.852350 
22.203603 
22.203603 
15.000000 
15.000000 
0.000000 
0.000000 
5.700877 
5.700877 
3.535534 
3.535534 
1.802776 
1.802776 
3.201562 
3.201562 
2.121320 
2.121320 
2.915476 
2.915476 
5.099020 
5.099020 
3.000000 
3.000000 
6.670832 
6.670832 
4.527693 
4.527693 
4.000000 
4.000000 
6.726812 
6.726812 
4.031129 
4.031129 
3.535534 
3.535534 
1.802776 
1.802776 
3.201562 
3.201562 
2.121320 
2.121320 
2.915476 
2.915476 
5.099020 
5.099020 
3.000000 
3.000000 
3.041381 
3.041381 
5.099020 
5.099020 
2.549510 
2.549510 
4.500000 
4.500000 
1.581139 
1.581139 
3.535534 
3.535534 
0.707107 
0.707107 
3.201562 
3.201562 
2.121320 
2.121320 
2.915476 
2.915476 
5.099020 
5.099020 
3.000000 
3.000000 
2.000000 
2.000000 
8.015610 
8.015610 
16.007811 
16.007811 
3.640055 
3.640055 
12.000000 
12.000000 
3.535534 
3.535534 
0.707107 
0.707107 
3.201562 
3.201562 
2.121320 
2.121320 
5.099020 
5.099020 
3.000000 
3.000000 
5.590170 
5.590170 
5.024938 
5.024938 
2.061553 
2.061553 
2.236068 
2.236068 
3.041381 
3.041381 
3.535534 
3.535534 
0.707107 
0.707107 
3.201562 
3.201562 
5.099020 
5.099020 
3.000000 
3.000000 
7.516648 
7.516648 
4.609772 
4.609772 
2.236068 
2.236068 
8.246211 
8.246211 
10.965856 
10.965856 
3.535534 
3.535534 
0.707107 
0.707107 
3.201562 
3.201562 
5.099020 
5.099020 
3.000000 
3.000000 
6.519202 
6.519202 
1.414214 
1.414214 
3.000000 
3.000000 
2.061553 
2.061553 
2.549510 
2.549510 
3.535534 
3.535534 
0.707107 
0.707107 
3.201562 
3.201562 
5.099020 
5.099020 
3.000000 
3.000000 
17.066048 
17.066048 
1.500000 
1.500000 
2.061553 
2.061553 
3.162278 
3.162278 
3.000000 
3.000000 
3.535534 
3.535534 
0.707107 
0.707107 
3.201562 
3.201562 
5.099020 
5.099020 
3.000000 
3.000000 
6.670832 
6.670832 
2.500000 
2.500000 
1.581139 
1.581139 
0.000000 
0.000000 
4.000000 
4.000000 
0.500000 
0.500000 
3.535534 
3.535534 
0.707107 
0.707107 
3.201562 
3.201562 
5.099020 
5.099020 
3.000000 
3.000000 
4.031129 
4.031129 
3.535534 
3.535534 
0.707107 
0.707107 
0.000000 
0.000000 
3.354102 
3.354102 
16.278821 
16.278821 
1.414214 
1.414214 
3.535534 
3.535534 
0.707107 
0.707107 
5.099020 
5.099020 
3.000000 
3.000000 
2.061553 
2.061553 
1.118034 
1.118034 
15.572412 
15.572412 
0.500000 
0.500000 
3.354102 
3.354102 
3.807887 
3.807887 
1.414214 
1.414214 
3.535534 
3.535534 
0.707107 
0.707107 
5.099020 
5.099020 
47.500000 
47.500000 
6.800735 
6.800735 
1.802776 
1.802776 
14.142136 
14.142136 
3.354102 
3.354102 
3.807887 
3.807887 
14.000000 
14.000000 
3.535534 
3.535534 
0.707107 
0.707107 
5.099020 
5.099020 
10.111874 
10.111874 
3.041381 
3.041381 
2.061553 
2.061553 
1.118034 
1.118034 
3.354102 
3.354102 
3.807887 
3.807887 
4.000000 
4.000000 
3.535534 
3.535534 
0.707107 
0.707107 
3.905125 
3.905125 
3.041381 
3.041381 
2.061553 
2.061553 
1.581139 
1.581139 
3.354102 
3.354102 
3.807887 
3.807887 
4.000000 
4.000000 
3.535534 
3.535534 
0.707107 
0.707107 
9.219544 
9.219544 
3.041381 
3.041381 
2.500000 
2.500000 
0.000000 
0.000000 
2.692582 
2.692582 
3.354102 
3.354102 
3.807887 
3.807887 
4.000000 
4.000000 
0.707107 
0.707107 
5.852350 
5.852350 
3.041381 
3.041381 
2.061553 
2.061553 
0.000000 
0.000000 
2.000000 
2.000000 
1.118034 
1.118034 
3.354102 
3.354102 
3.807887 
3.807887 
4.000000 
4.000000 
0.707107 
0.707107 
4.500000 
4.500000 
36.585516 
36.585516 
5.700877 
5.700877 
0.000000 
0.000000 
0.000000 
0.000000 
9.013878 
9.013878 
1.802776 
1.802776 
1.118034 
1.118034 
3.354102 
3.354102 
3.807887 
3.807887 
4.000000 
4.000000 
0.707107 
0.707107 
3.201562 
3.201562 
2.692582 
2.692582 
2.236068 
2.236068 
0.707107 
0.707107 
1.000000 
1.000000 
1.118034 
1.118034 
3.535534 
3.535534 
0.707107 
0.707107 
3.354102 
3.354102 
3.807887 
3.807887 
4.000000 
4.000000 
2.692582 
2.692582 
4.031129 
4.031129 
0.707107 
0.707107 
0.500000 
0.500000 
0.707107 
0.707107 
0.707107 
0.707107 
2.061553 
2.061553 
2.500000 
2.500000 
3.354102 
3.354102 
3.807887 
3.807887 
4.000000 
4.000000 
37.583241 
37.583241 
21.644861 
21.644861 
1.118034 
1.118034 
0.707107 
0.707107 
1.414214 
1.414214 
0.707107 
0.707107 
2.061553 
2.061553 
2.692582 
2.692582 
3.354102 
3.354102 
3.807887 
3.807887 
4.000000 
4.000000 
21.053503 
21.053503 
3.000000 
3.000000 
1.000000 
1.000000 
0.000000 
0.000000 
0.500000 
0.500000 
0.500000 
0.500000 
0.707107 
0.707107 
2.061553 
2.061553 
0.500000 
0.500000 
3.354102 
3.354102 
3.807887 
3.807887 
4.000000 
4.000000 
0.500000 
0.500000 
2.000000 
2.000000 
1.802776 
1.802776 
0.000000 
0.000000 
0.707107 
0.707107 
0.707107 
0.707107 
17.029386 
17.029386 
0.707107 
0.707107 
6.576473 
6.576473 
1.414214 
1.414214 
3.354102 
3.354102 
3.807887 
3.807887 
4.000000 
4.000000 
26.669271 
26.669271 
0.000000 
0.000000 
1.414214 
1.414214 
0.000000 
0.000000 
0.000000 
0.000000 
1.802776 
1.802776 
0.500000 
0.500000 
18.027756 
18.027756 
0.707107 
0.707107 
6.576473 
6.576473 
12.539936 
12.539936 
3.354102 
3.354102 
3.807887 
3.807887 
4.000000 
4.000000 
25.243811 
25.243811 
2.500000 
2.500000 
1.118034 
1.118034 
0.000000 
0.000000 
0.000000 
0.000000 
1.802776 
1.802776 
1.000000 
1.000000 
1.118034 
1.118034 
0.707107 
0.707107 
6.576473 
6.576473 
2.915476 
2.915476 
3.354102 
3.354102 
3.807887 
3.807887 
4.000000 
4.000000 
25.243811 
25.243811 
3.201562 
3.201562 
5.590170 
5.590170 
0.000000 
0.000000 
0.000000 
0.000000 
1.802776 
1.802776 
0.707107 
0.707107 
0.707107 
0.707107 
0.707107 
0.707107 
6.576473 
6.576473 
3.354102 
3.354102 
3.807887 
3.807887 
4.000000 
4.000000 
25.243811 
25.243811 
4.924429 
4.924429 
8.544004 
8.544004 
0.000000 
0.000000 
0.000000 
0.000000 
2.121320 
2.121320 
1.802776 
1.802776 
0.707107 
0.707107 
0.707107 
0.707107 
6.576473 
6.576473 
28.257742 
28.257742 
4.000000 
4.000000 
1.500000 
1.500000 
4.527693 
4.527693 
1.414214 
1.414214 
0.000000 
0.000000 
0.000000 
0.000000 
1.118034 
1.118034 
1.414214 
1.414214 
0.707107 
0.707107 
0.707107 
0.707107 
3.201562 
3.201562 
1.414214 
1.414214 
4.000000 
4.000000 
4.472136 
4.472136 
5.099020 
5.099020 
0.000000 
0.000000 
0.000000 
0.000000 
0.000000 
0.000000 
1.000000 
1.000000 
1.000000 
1.000000 
0.707107 
0.707107 
0.707107 
0.707107 
2.500000 
2.500000 
1.414214 
1.414214 
18.110770 
18.110770 
4.609772 
4.609772 
8.077747 
8.077747 
0.000000 
0.000000 
0.000000 
0.000000 
0.000000 
0.000000 
1.000000 
1.000000 
0.707107 
0.707107 
0.707107 
0.707107 
1.000000 
1.000000 
2.061553 
2.061553 
1.581139 
1.581139 
1.500000 
1.500000 
1.802776 
1.802776 
0.000000 
0.000000 
0.000000 
0.000000 
1.118034 
1.118034 
1.118034 
1.118034 
0.707107 
0.707107 
0.707107 
0.707107 
0.000000 
0.000000 
2.236068 
2.236068 
1.414214 
1.414214 
4.301163 
4.301163 
0.707107 
0.707107 
0.000000 
0.000000 
0.000000 
0.000000 
11.597414 
11.597414 
0.500000 
0.500000 
0.707107 
0.707107 
0.707107 
0.707107 
1.802776 
1.802776 
1.000000 
1.000000 
21.523243 
21.523243 
8.631338 
8.631338 
1.802776 
1.802776 
0.000000 
0.000000 
0.000000 
0.000000 
2.500000 
2.500000 
0.500000 
0.500000 
0.707107 
0.707107 
0.707107 
0.707107 
0.707107 
0.707107 
1.802776 
1.802776 
4.301163 
4.301163 
9.192388 
9.192388 
1.500000 
1.500000 
0.000000 
0.000000 
0.000000 
0.000000 
2.500000 
2.500000 
0.500000 
0.500000 
16.620770 
16.620770 
0.707107 
0.707107 
0.707107 
0.707107 
1.802776 
1.802776 
5.315073 
5.315073 
4.924429 
4.924429 
1.500000 
1.500000 
0.000000 
0.000000 
0.000000 
0.000000 
12.010412 
12.010412 
2.500000 
2.500000 
0.500000 
0.500000 
18.027756 
18.027756 
0.707107 
0.707107 
1.802776 
1.802776 
5.000000 
5.000000 
3.807887 
3.807887 
3.605551 
3.605551 
3.354102 
3.354102 
0.000000 
0.000000 
3.201562 
3.201562 
2.500000 
2.500000 
0.500000 
0.500000 
4.609772 
4.609772 
0.707107 
0.707107 
24.150569 
24.150569 
5.099020 
5.099020 
3.640055 
3.640055 
5.000000 
5.000000 
3.354102 
3.354102 
0.000000 
0.000000 
12.165525 
12.165525 
2.500000 
2.500000 
0.500000 
0.500000 
4.301163 
4.301163 
0.707107 
0.707107 
2.828427 
2.828427 
5.830952 
5.830952 
18.000000 
18.000000 
3.605551 
3.605551 
0.000000 
0.000000 
3.354102 
3.354102 
0.000000 
0.000000 
3.605551 
3.605551 
2.500000 
2.500000 
0.500000 
0.500000 
16.378339 
16.378339 
0.707107 
0.707107 
3.640055 
3.640055 
5.590170 
5.590170 
8.544004 
8.544004 
4.609772 
4.609772 
0.000000 
0.000000 
0.000000 
0.000000 
3.354102 
3.354102 
15.337862 
15.337862 
2.500000 
2.500000 
0.500000 
0.500000 
3.162278 
3.162278 
0.707107 
0.707107 
3.640055 
3.640055 
5.590170 
5.590170 
9.500000 
9.500000 
4.609772 
4.609772 
24.418231 
24.418231 
0.000000 
0.000000 
3.354102 
3.354102 
3.354102 
3.354102 
2.500000 
2.500000 
0.500000 
0.500000 
2.236068 
2.236068 
0.707107 
0.707107 
3.640055 
3.640055 
19.912308 
19.912308 
8.558621 
8.558621 
5.000000 
5.000000 
