0.000000 
0.000000 
6.946222 
6.946222 
6.403124 
6.403124 
7.566373 
7.566373 
11.597414 
11.597414 
10.770330 
10.770330 
1.118034 
1.118034 
0.000000 
0.000000 
9.340771 
9.340771 
2.061553 
2.061553 
3.000000 
3.000000 
13.536986 
13.536986 
7.211103 
7.211103 
4.272002 
4.272002 
12.816006 
12.816006 
4.031129 
4.031129 
10.404326 
10.404326 
3.201562 
3.201562 
6.020797 
6.020797 
10.111874 
10.111874 
22.022716 
22.022716 
10.511898 
10.511898 
14.983324 
14.983324 
11.510864 
11.510864 
14.773287 
14.773287 
11.510864 
11.510864 
29.920729 
29.920729 
11.510864 
11.510864 
5.000000 
5.000000 
11.510864 
11.510864 
21.965883 
21.965883 
0.000000 
0.000000 
11.510864 
11.510864 
6.800735 
6.800735 
0.000000 
0.000000 
11.510864 
11.510864 
13.285330 
13.285330 
0.000000 
0.000000 
11.510864 
11.510864 
10.307764 
10.307764 
0.000000 
0.000000 
11.510864 
11.510864 
8.381527 
8.381527 
0.000000 
0.000000 
11.510864 
11.510864 
3.201562 
3.201562 
0.000000 
0.000000 
11.510864 
11.510864 
1.581139 
1.581139 
0.000000 
0.000000 
11.510864 
11.510864 
44.544921 
44.544921 
0.000000 
0.000000 
11.510864 
11.510864 
4.301163 
4.301163 
29.504237 
29.504237 
11.510864 
11.510864 
1.581139 
1.581139 
11.101802 
11.101802 
11.510864 
11.510864 
4.924429 
4.924429 
4.031129 
4.031129 
11.510864 
11.510864 
8.732125 
8.732125 
15.000000 
15.000000 
17.007351 
17.007351 
12.854960 
12.854960 
22.192341 
22.192341 
2.692582 
2.692582 
16.070159 
16.070159 
0.000000 
0.000000 
2.061553 
2.061553 
16.070159 
16.070159 
27.663152 
27.663152 
2.236068 
2.236068 
16.070159 
16.070159 
2.236068 
2.236068 
3.354102 
3.354102 
16.070159 
16.070159 
5.590170 
5.590170 
1.118034 
1.118034 
16.070159 
16.070159 
4.123106 
4.123106 
1.118034 
1.118034 
16.070159 
16.070159 
23.584953 
23.584953 
1.118034 
1.118034 
16.070159 
16.070159 
23.584953 
23.584953 
1.118034 
1.118034 
16.070159 
16.070159 
23.584953 
23.584953 
1.118034 
1.118034 
16.070159 
16.070159 
23.584953 
23.584953 
1.118034 
1.118034 
16.070159 
16.070159 
23.584953 
23.584953 
28.306360 
28.306360 
16.070159 
16.070159 
0.000000 
0.000000 
23.584953 
23.584953 
2.692582 
2.692582 
16.070159 
16.070159 
2.500000 
2.500000 
23.584953 
23.584953 
2.692582 
2.692582 
16.070159 
16.070159 
12.093387 
12.093387 
23.584953 
23.584953 
2.692582 
2.692582 
16.070159 
16.070159 
0.000000 
0.000000 
23.584953 
23.584953 
2.692582 
2.692582 
16.070159 
16.070159 
14.230249 
14.230249 
23.584953 
23.584953 
2.692582 
2.692582 
