0.000000 
0.000000 
0.000000 
0.000000 
0.000000 
0.000000 
6.708204 
6.708204 
0.000000 
0.000000 
44.544921 
44.544921 
0.000000 
0.000000 
4.123106 
4.123106 
0.000000 
0.000000 
0.000000 
0.000000 
5.590170 
5.590170 
0.000000 
0.000000 
0.000000 
0.000000 
0.000000 
0.000000 
3.354102 
3.354102 
0.000000 
0.000000 
1.414214 
1.414214 
0.000000 
0.000000 
0.000000 
0.000000 
6.082763 
6.082763 
0.000000 
0.000000 
1.118034 
1.118034 
0.000000 
0.000000 
23.500000 
23.500000 
6.082763 
6.082763 
0.000000 
0.000000 
10.688779 
10.688779 
0.000000 
0.000000 
39.044846 
39.044846 
6.082763 
6.082763 
0.000000 
0.000000 
14.430870 
14.430870 
0.000000 
0.000000 
1.118034 
1.118034 
6.082763 
6.082763 
0.000000 
0.000000 
14.430870 
14.430870 
0.000000 
0.000000 
36.989863 
36.989863 
6.082763 
6.082763 
0.000000 
0.000000 
14.430870 
14.430870 
0.000000 
0.000000 
6.800735 
6.800735 
6.082763 
6.082763 
0.000000 
0.000000 
14.430870 
14.430870 
0.000000 
0.000000 
47.628773 
47.628773 
6.082763 
6.082763 
0.000000 
0.000000 
14.430870 
14.430870 
0.000000 
0.000000 
47.628773 
47.628773 
6.082763 
6.082763 
0.000000 
0.000000 
14.430870 
14.430870 
0.000000 
0.000000 
47.628773 
47.628773 
6.082763 
6.082763 
0.000000 
0.000000 
14.430870 
14.430870 
0.000000 
0.000000 
47.628773 
47.628773 
6.082763 
6.082763 
0.000000 
0.000000 
0.000000 
0.000000 
14.430870 
14.430870 
0.000000 
0.000000 
47.628773 
47.628773 
6.082763 
6.082763 
1.802776 
1.802776 
0.000000 
0.000000 
14.430870 
14.430870 
0.000000 
0.000000 
47.628773 
47.628773 
6.082763 
6.082763 
1.802776 
1.802776 
0.000000 
0.000000 
14.430870 
14.430870 
0.000000 
0.000000 
47.628773 
47.628773 
6.082763 
6.082763 
1.802776 
1.802776 
0.000000 
0.000000 
14.430870 
14.430870 
47.628773 
47.628773 
6.082763 
6.082763 
1.802776 
1.802776 
0.000000 
0.000000 
14.430870 
14.430870 
47.628773 
47.628773 
6.082763 
6.082763 
1.802776 
1.802776 
14.430870 
14.430870 
47.628773 
47.628773 
1.802776 
1.802776 
14.430870 
14.430870 
40.844216 
40.844216 
1.802776 
1.802776 
14.430870 
14.430870 
1.802776 
1.802776 
0.000000 
0.000000 
1.802776 
1.802776 
9.486833 
9.486833 
6.020797 
6.020797 
1.802776 
1.802776 
1.000000 
1.000000 
20.554805 
20.554805 
1.802776 
1.802776 
3.162278 
3.162278 
0.000000 
0.000000 
3.640055 
3.640055 
1.802776 
1.802776 
13.462912 
13.462912 
0.000000 
0.000000 
3.041381 
3.041381 
9.656604 
9.656604 
1.802776 
1.802776 
7.500000 
7.500000 
0.000000 
0.000000 
0.000000 
0.000000 
0.000000 
0.000000 
15.532225 
15.532225 
16.278821 
16.278821 
14.713939 
14.713939 
1.802776 
1.802776 
8.514693 
8.514693 
0.000000 
0.000000 
0.000000 
0.000000 
0.000000 
0.000000 
0.000000 
0.000000 
0.000000 
0.000000 
1.118034 
1.118034 
2.000000 
2.000000 
2.236068 
2.236068 
14.713939 
14.713939 
1.802776 
1.802776 
5.852350 
5.852350 
0.000000 
0.000000 
8.062258 
8.062258 
0.000000 
0.000000 
0.000000 
0.000000 
0.000000 
0.000000 
2.500000 
2.500000 
6.103278 
6.103278 
2.236068 
2.236068 
14.713939 
14.713939 
1.802776 
1.802776 
5.099020 
5.099020 
0.000000 
0.000000 
0.000000 
0.000000 
8.062258 
8.062258 
0.000000 
0.000000 
0.000000 
0.000000 
0.000000 
0.000000 
1.581139 
1.581139 
6.103278 
6.103278 
2.236068 
2.236068 
14.713939 
14.713939 
1.581139 
1.581139 
1.500000 
1.500000 
0.000000 
0.000000 
8.062258 
8.062258 
0.000000 
0.000000 
0.000000 
0.000000 
0.000000 
0.000000 
2.000000 
2.000000 
6.103278 
6.103278 
2.236068 
2.236068 
14.713939 
14.713939 
2.915476 
2.915476 
0.500000 
0.500000 
0.000000 
0.000000 
5.385165 
5.385165 
0.000000 
0.000000 
0.000000 
0.000000 
0.000000 
0.000000 
1.414214 
1.414214 
6.103278 
6.103278 
2.236068 
2.236068 
14.713939 
14.713939 
6.324555 
6.324555 
0.000000 
0.000000 
1.118034 
1.118034 
0.000000 
0.000000 
1.118034 
1.118034 
14.221463 
14.221463 
0.000000 
0.000000 
0.000000 
0.000000 
1.000000 
1.000000 
2.000000 
2.000000 
12.349089 
12.349089 
14.713939 
14.713939 
6.020797 
6.020797 
0.000000 
0.000000 
0.000000 
0.000000 
0.000000 
0.000000 
0.000000 
0.000000 
1.000000 
1.000000 
0.000000 
0.000000 
8.000000 
8.000000 
1.118034 
1.118034 
0.000000 
0.000000 
0.000000 
0.000000 
0.500000 
0.500000 
2.549510 
2.549510 
1.000000 
1.000000 
14.713939 
14.713939 
3.807887 
3.807887 
0.000000 
0.000000 
0.000000 
0.000000 
0.000000 
0.000000 
0.000000 
0.000000 
1.000000 
1.000000 
0.000000 
0.000000 
8.000000 
8.000000 
1.118034 
1.118034 
0.000000 
0.000000 
0.000000 
0.000000 
0.500000 
0.500000 
2.549510 
2.549510 
1.000000 
1.000000 
14.713939 
14.713939 
3.807887 
3.807887 
0.000000 
0.000000 
0.000000 
0.000000 
0.000000 
0.000000 
0.000000 
0.000000 
1.000000 
1.000000 
0.000000 
0.000000 
8.000000 
8.000000 
1.118034 
1.118034 
0.000000 
0.000000 
0.000000 
0.000000 
0.500000 
0.500000 
2.549510 
2.549510 
1.000000 
1.000000 
14.713939 
14.713939 
3.807887 
3.807887 
0.000000 
0.000000 
0.000000 
0.000000 
0.000000 
0.000000 
0.000000 
0.000000 
1.000000 
1.000000 
0.000000 
0.000000 
8.000000 
8.000000 
1.118034 
1.118034 
0.000000 
0.000000 
0.000000 
0.000000 
0.500000 
0.500000 
2.549510 
2.549510 
1.000000 
1.000000 
14.713939 
14.713939 
3.807887 
3.807887 
0.000000 
0.000000 
0.000000 
0.000000 
0.000000 
0.000000 
0.000000 
0.000000 
0.000000 
0.000000 
1.000000 
1.000000 
0.000000 
0.000000 
8.000000 
8.000000 
1.118034 
1.118034 
0.000000 
0.000000 
0.000000 
0.000000 
0.500000 
0.500000 
2.500000 
2.500000 
1.000000 
1.000000 
14.713939 
14.713939 
31.400637 
31.400637 
0.000000 
0.000000 
2.061553 
2.061553 
0.000000 
0.000000 
0.000000 
0.000000 
0.000000 
0.000000 
0.000000 
0.000000 
1.000000 
1.000000 
0.000000 
0.000000 
8.000000 
8.000000 
1.118034 
1.118034 
0.000000 
0.000000 
0.000000 
0.000000 
0.500000 
0.500000 
3.640055 
3.640055 
5.385165 
5.385165 
14.713939 
14.713939 
2.500000 
2.500000 
1.500000 
1.500000 
3.162278 
3.162278 
0.000000 
0.000000 
0.000000 
0.000000 
0.000000 
0.000000 
0.000000 
0.000000 
1.000000 
1.000000 
0.000000 
0.000000 
7.566373 
7.566373 
12.010412 
12.010412 
0.000000 
0.000000 
8.732125 
8.732125 
0.500000 
0.500000 
11.800424 
11.800424 
1.500000 
1.500000 
14.713939 
14.713939 
11.011358 
11.011358 
1.500000 
1.500000 
2.121320 
2.121320 
0.000000 
0.000000 
0.000000 
0.000000 
0.000000 
0.000000 
0.000000 
0.000000 
1.000000 
1.000000 
0.000000 
0.000000 
7.566373 
7.566373 
2.500000 
2.500000 
0.000000 
0.000000 
8.732125 
8.732125 
0.500000 
0.500000 
5.024938 
5.024938 
1.500000 
1.500000 
14.713939 
14.713939 
3.905125 
3.905125 
1.500000 
1.500000 
1.802776 
1.802776 
0.000000 
0.000000 
0.000000 
0.000000 
0.000000 
0.000000 
0.000000 
0.000000 
1.000000 
1.000000 
0.000000 
0.000000 
7.566373 
7.566373 
2.500000 
2.500000 
8.732125 
8.732125 
0.500000 
0.500000 
1.581139 
1.581139 
1.500000 
1.500000 
3.201562 
3.201562 
0.000000 
0.000000 
1.500000 
1.500000 
2.236068 
2.236068 
0.000000 
0.000000 
0.000000 
0.000000 
0.000000 
0.000000 
0.000000 
0.000000 
1.000000 
1.000000 
7.566373 
7.566373 
5.000000 
5.000000 
8.732125 
8.732125 
0.500000 
0.500000 
1.581139 
1.581139 
1.500000 
1.500000 
6.726812 
6.726812 
0.000000 
0.000000 
1.118034 
1.118034 
1.500000 
1.500000 
1.118034 
1.118034 
0.000000 
0.000000 
0.000000 
0.000000 
0.000000 
0.000000 
0.000000 
0.000000 
1.000000 
1.000000 
6.324555 
6.324555 
2.000000 
2.000000 
15.008331 
15.008331 
0.500000 
0.500000 
2.500000 
2.500000 
1.500000 
1.500000 
2.500000 
2.500000 
0.000000 
0.000000 
0.000000 
0.000000 
0.500000 
0.500000 
0.707107 
0.707107 
1.500000 
1.500000 
1.118034 
1.118034 
0.000000 
0.000000 
0.000000 
0.000000 
0.000000 
0.000000 
0.000000 
0.000000 
1.000000 
1.000000 
1.581139 
1.581139 
3.500000 
3.500000 
1.000000 
1.000000 
0.500000 
0.500000 
0.000000 
0.000000 
1.500000 
1.500000 
3.201562 
3.201562 
0.000000 
0.000000 
1.118034 
1.118034 
0.707107 
0.707107 
1.500000 
1.500000 
1.581139 
1.581139 
1.500000 
1.500000 
1.118034 
1.118034 
0.000000 
0.000000 
0.000000 
0.000000 
0.000000 
0.000000 
0.000000 
0.000000 
1.000000 
1.000000 
0.707107 
0.707107 
3.354102 
3.354102 
0.000000 
0.000000 
0.500000 
0.500000 
0.500000 
0.500000 
1.500000 
1.500000 
1.802776 
1.802776 
0.000000 
0.000000 
1.118034 
1.118034 
0.707107 
0.707107 
1.500000 
1.500000 
1.581139 
1.581139 
1.500000 
1.500000 
1.000000 
1.000000 
0.000000 
0.000000 
0.000000 
0.000000 
0.000000 
0.000000 
0.000000 
0.000000 
1.000000 
1.000000 
0.707107 
0.707107 
3.354102 
3.354102 
0.000000 
0.000000 
0.500000 
0.500000 
0.500000 
0.500000 
1.500000 
1.500000 
1.118034 
1.118034 
0.000000 
0.000000 
1.118034 
1.118034 
0.707107 
0.707107 
1.500000 
1.500000 
1.581139 
1.581139 
1.500000 
1.500000 
1.000000 
1.000000 
0.000000 
0.000000 
0.000000 
0.000000 
0.000000 
0.000000 
0.000000 
0.000000 
1.000000 
1.000000 
0.707107 
0.707107 
3.354102 
3.354102 
0.000000 
0.000000 
0.500000 
0.500000 
0.500000 
0.500000 
1.500000 
1.500000 
3.640055 
3.640055 
0.000000 
0.000000 
1.118034 
1.118034 
0.707107 
0.707107 
1.500000 
1.500000 
1.581139 
1.581139 
1.500000 
1.500000 
1.000000 
1.000000 
0.707107 
0.707107 
3.354102 
3.354102 
0.000000 
0.000000 
0.500000 
0.500000 
1.500000 
1.500000 
4.000000 
4.000000 
0.000000 
0.000000 
1.118034 
1.118034 
0.707107 
0.707107 
1.500000 
1.500000 
1.581139 
1.581139 
1.500000 
1.500000 
1.000000 
1.000000 
0.707107 
0.707107 
3.354102 
3.354102 
0.000000 
0.000000 
0.500000 
0.500000 
1.500000 
1.500000 
8.602325 
8.602325 
0.000000 
0.000000 
1.118034 
1.118034 
0.707107 
0.707107 
1.500000 
1.500000 
1.581139 
1.581139 
1.500000 
1.500000 
1.000000 
1.000000 
0.707107 
0.707107 
3.354102 
3.354102 
0.000000 
0.000000 
0.500000 
0.500000 
1.500000 
1.500000 
6.020797 
6.020797 
0.000000 
0.000000 
1.118034 
1.118034 
0.707107 
0.707107 
1.500000 
1.500000 
1.581139 
1.581139 
1.500000 
1.500000 
1.000000 
1.000000 
0.707107 
0.707107 
3.354102 
3.354102 
0.000000 
0.000000 
0.500000 
0.500000 
1.500000 
1.500000 
16.770510 
16.770510 
0.000000 
0.000000 
1.118034 
1.118034 
0.707107 
0.707107 
1.500000 
1.500000 
1.581139 
1.581139 
1.500000 
1.500000 
1.000000 
1.000000 
0.707107 
0.707107 
3.354102 
3.354102 
0.000000 
0.000000 
0.500000 
0.500000 
1.500000 
1.500000 
8.514693 
8.514693 
0.000000 
0.000000 
1.118034 
1.118034 
0.707107 
0.707107 
1.500000 
1.500000 
1.581139 
1.581139 
1.500000 
1.500000 
1.000000 
1.000000 
0.707107 
0.707107 
3.354102 
3.354102 
0.000000 
0.000000 
0.500000 
0.500000 
1.500000 
1.500000 
3.605551 
3.605551 
0.000000 
0.000000 
1.118034 
1.118034 
0.707107 
0.707107 
1.500000 
1.500000 
1.581139 
1.581139 
1.000000 
1.000000 
0.707107 
0.707107 
3.354102 
3.354102 
0.000000 
0.000000 
0.500000 
0.500000 
4.031129 
4.031129 
