0.000000 
0.000000 
0.000000 
0.000000 
4.472136 
4.472136 
4.609772 
4.609772 
5.852350 
5.852350 
8.062258 
8.062258 
2.692582 
2.692582 
8.062258 
8.062258 
2.692582 
2.692582 
8.062258 
8.062258 
0.000000 
0.000000 
2.692582 
2.692582 
8.062258 
8.062258 
20.651876 
20.651876 
2.692582 
2.692582 
8.062258 
8.062258 
39.115214 
39.115214 
2.692582 
2.692582 
8.062258 
8.062258 
3.905125 
3.905125 
2.692582 
2.692582 
8.062258 
8.062258 
2.000000 
2.000000 
2.692582 
2.692582 
8.062258 
8.062258 
6.103278 
6.103278 
2.692582 
2.692582 
8.062258 
8.062258 
2.549510 
2.549510 
2.692582 
2.692582 
8.062258 
8.062258 
2.236068 
2.236068 
2.692582 
2.692582 
8.062258 
8.062258 
2.500000 
2.500000 
2.692582 
2.692582 
8.062258 
8.062258 
4.716991 
4.716991 
2.692582 
2.692582 
8.062258 
8.062258 
4.716991 
4.716991 
2.692582 
2.692582 
8.062258 
8.062258 
4.716991 
4.716991 
2.692582 
2.692582 
8.062258 
8.062258 
4.716991 
4.716991 
2.692582 
2.692582 
4.716991 
4.716991 
4.716991 
4.716991 
4.716991 
4.716991 
4.716991 
4.716991 
4.716991 
4.716991 
4.716991 
4.716991 
4.716991 
4.716991 
4.716991 
4.716991 
4.716991 
4.716991 
4.716991 
4.716991 
4.716991 
4.716991 
