0.000000 
0.000000 
0.000000 
0.000000 
0.000000 
0.000000 
0.000000 
0.000000 
0.000000 
0.000000 
0.000000 
0.000000 
0.000000 
0.000000 
0.000000 
0.000000 
0.000000 
0.000000 
0.000000 
0.000000 
0.000000 
0.000000 
2.061553 
2.061553 
0.000000 
0.000000 
27.518176 
27.518176 
0.707107 
0.707107 
1.118034 
1.118034 
0.707107 
0.707107 
2.000000 
2.000000 
2.549510 
2.549510 
1.500000 
1.500000 
1.581139 
1.581139 
0.707107 
0.707107 
2.236068 
2.236068 
0.000000 
0.000000 
4.609772 
4.609772 
0.000000 
0.000000 
7.071068 
7.071068 
1.118034 
1.118034 
5.024938 
5.024938 
3.535534 
3.535534 
2.061553 
2.061553 
3.201562 
3.201562 
3.000000 
3.000000 
2.500000 
2.500000 
25.504901 
25.504901 
4.609772 
4.609772 
0.707107 
0.707107 
1.118034 
1.118034 
9.013878 
9.013878 
6.946222 
6.946222 
2.061553 
2.061553 
3.041381 
3.041381 
2.692582 
2.692582 
14.534442 
14.534442 
1.581139 
1.581139 
1.581139 
1.581139 
4.609772 
4.609772 
0.500000 
0.500000 
0.707107 
0.707107 
0.707107 
0.707107 
5.590170 
5.590170 
2.061553 
2.061553 
2.549510 
2.549510 
1.581139 
1.581139 
2.692582 
2.692582 
7.071068 
7.071068 
1.000000 
1.000000 
4.609772 
4.609772 
1.500000 
1.500000 
3.640055 
3.640055 
1.802776 
1.802776 
1.802776 
1.802776 
1.118034 
1.118034 
2.500000 
2.500000 
6.576473 
6.576473 
3.535534 
3.535534 
0.707107 
0.707107 
2.915476 
2.915476 
4.609772 
4.609772 
1.414214 
1.414214 
3.041381 
3.041381 
0.500000 
0.500000 
1.500000 
1.500000 
0.500000 
0.500000 
1.581139 
1.581139 
1.000000 
1.000000 
2.236068 
2.236068 
2.000000 
2.000000 
16.031220 
16.031220 
4.609772 
4.609772 
2.061553 
2.061553 
3.041381 
3.041381 
2.121320 
2.121320 
2.061553 
2.061553 
1.581139 
1.581139 
1.500000 
1.500000 
1.581139 
1.581139 
0.000000 
0.000000 
2.236068 
2.236068 
2.500000 
2.500000 
16.031220 
16.031220 
4.609772 
4.609772 
1.118034 
1.118034 
0.500000 
0.500000 
1.581139 
1.581139 
1.581139 
1.581139 
1.414214 
1.414214 
9.219544 
9.219544 
3.041381 
3.041381 
0.000000 
0.000000 
3.162278 
3.162278 
2.236068 
2.236068 
2.061553 
2.061553 
16.031220 
16.031220 
4.609772 
4.609772 
0.500000 
0.500000 
0.500000 
0.500000 
1.581139 
1.581139 
2.549510 
2.549510 
0.707107 
0.707107 
0.500000 
0.500000 
3.041381 
3.041381 
3.605551 
3.605551 
16.031220 
16.031220 
2.236068 
2.236068 
1.581139 
1.581139 
16.031220 
16.031220 
4.609772 
4.609772 
1.000000 
1.000000 
1.414214 
1.414214 
1.000000 
1.000000 
4.743416 
4.743416 
7.648529 
7.648529 
1.118034 
1.118034 
2.061553 
2.061553 
3.000000 
3.000000 
25.124689 
25.124689 
2.236068 
2.236068 
0.500000 
0.500000 
16.031220 
16.031220 
4.609772 
4.609772 
0.707107 
0.707107 
2.500000 
2.500000 
1.500000 
1.500000 
7.433034 
7.433034 
0.707107 
0.707107 
1.000000 
1.000000 
1.802776 
1.802776 
0.000000 
0.000000 
1.581139 
1.581139 
18.027756 
18.027756 
2.236068 
2.236068 
1.802776 
1.802776 
16.031220 
16.031220 
4.609772 
4.609772 
1.802776 
1.802776 
1.802776 
1.802776 
4.500000 
4.500000 
7.762087 
7.762087 
1.414214 
1.414214 
1.500000 
1.500000 
2.000000 
2.000000 
3.807887 
3.807887 
2.000000 
2.000000 
6.184658 
6.184658 
2.236068 
2.236068 
1.581139 
1.581139 
16.031220 
16.031220 
4.609772 
4.609772 
1.118034 
1.118034 
2.000000 
2.000000 
3.354102 
3.354102 
3.201562 
3.201562 
1.118034 
1.118034 
1.581139 
1.581139 
1.802776 
1.802776 
3.807887 
3.807887 
2.000000 
2.000000 
5.590170 
5.590170 
2.236068 
2.236068 
1.414214 
1.414214 
16.031220 
16.031220 
4.609772 
4.609772 
1.000000 
1.000000 
1.500000 
1.500000 
2.915476 
2.915476 
0.500000 
0.500000 
1.000000 
1.000000 
1.118034 
1.118034 
1.500000 
1.500000 
0.000000 
0.000000 
3.807887 
3.807887 
3.605551 
3.605551 
5.590170 
5.590170 
2.236068 
2.236068 
1.414214 
1.414214 
16.031220 
16.031220 
4.609772 
4.609772 
1.581139 
1.581139 
1.581139 
1.581139 
0.707107 
0.707107 
1.000000 
1.000000 
0.500000 
0.500000 
1.581139 
1.581139 
0.500000 
0.500000 
0.000000 
0.000000 
0.707107 
0.707107 
3.807887 
3.807887 
2.692582 
2.692582 
3.535534 
3.535534 
2.236068 
2.236068 
1.414214 
1.414214 
16.031220 
16.031220 
4.609772 
4.609772 
3.041381 
3.041381 
1.581139 
1.581139 
1.414214 
1.414214 
7.158911 
7.158911 
0.707107 
0.707107 
1.000000 
1.000000 
0.500000 
0.500000 
2.828427 
2.828427 
1.802776 
1.802776 
3.807887 
3.807887 
2.692582 
2.692582 
6.324555 
6.324555 
2.236068 
2.236068 
1.414214 
1.414214 
16.031220 
16.031220 
4.472136 
4.472136 
1.581139 
1.581139 
0.707107 
0.707107 
4.123106 
4.123106 
1.000000 
1.000000 
5.024938 
5.024938 
0.500000 
0.500000 
0.000000 
0.000000 
4.301163 
4.301163 
0.707107 
0.707107 
3.807887 
3.807887 
2.692582 
2.692582 
6.519202 
6.519202 
2.236068 
2.236068 
1.414214 
1.414214 
16.031220 
16.031220 
4.472136 
4.472136 
1.581139 
1.581139 
9.617692 
9.617692 
19.525624 
19.525624 
0.000000 
0.000000 
21.005952 
21.005952 
0.707107 
0.707107 
0.000000 
0.000000 
0.000000 
0.000000 
0.000000 
0.000000 
8.544004 
8.544004 
0.500000 
0.500000 
3.807887 
3.807887 
13.865425 
13.865425 
4.500000 
4.500000 
2.236068 
2.236068 
1.414214 
1.414214 
16.031220 
16.031220 
4.472136 
4.472136 
1.581139 
1.581139 
0.500000 
0.500000 
2.121320 
2.121320 
0.000000 
0.000000 
11.045361 
11.045361 
1.118034 
1.118034 
1.118034 
1.118034 
0.000000 
0.000000 
2.828427 
2.828427 
4.031129 
4.031129 
0.500000 
0.500000 
3.807887 
3.807887 
13.865425 
13.865425 
8.077747 
8.077747 
2.236068 
2.236068 
1.414214 
1.414214 
16.031220 
16.031220 
4.472136 
4.472136 
1.581139 
1.581139 
11.543396 
11.543396 
1.414214 
1.414214 
0.000000 
0.000000 
2.061553 
2.061553 
0.500000 
0.500000 
2.121320 
2.121320 
1.414214 
1.414214 
0.000000 
0.000000 
2.692582 
2.692582 
1.581139 
1.581139 
3.807887 
3.807887 
13.865425 
13.865425 
1.581139 
1.581139 
2.236068 
2.236068 
1.414214 
1.414214 
16.031220 
16.031220 
4.472136 
4.472136 
1.581139 
1.581139 
2.236068 
2.236068 
2.121320 
2.121320 
0.707107 
0.707107 
9.708244 
9.708244 
0.000000 
0.000000 
2.121320 
2.121320 
3.605551 
3.605551 
1.118034 
1.118034 
9.013878 
9.013878 
2.500000 
2.500000 
3.807887 
3.807887 
13.865425 
13.865425 
1.000000 
1.000000 
1.414214 
1.414214 
4.472136 
4.472136 
1.581139 
1.581139 
19.557607 
19.557607 
3.201562 
3.201562 
1.118034 
1.118034 
30.413813 
30.413813 
1.118034 
1.118034 
2.121320 
2.121320 
3.605551 
3.605551 
1.802776 
1.802776 
2.692582 
2.692582 
3.354102 
3.354102 
3.807887 
3.807887 
13.865425 
13.865425 
2.121320 
2.121320 
1.414214 
1.414214 
3.000000 
3.000000 
1.581139 
1.581139 
4.242641 
4.242641 
15.628500 
15.628500 
1.000000 
1.000000 
12.747549 
12.747549 
1.802776 
1.802776 
2.121320 
2.121320 
3.605551 
3.605551 
9.552487 
9.552487 
1.802776 
1.802776 
2.061553 
2.061553 
3.807887 
3.807887 
13.865425 
13.865425 
2.121320 
2.121320 
1.414214 
1.414214 
3.535534 
3.535534 
1.581139 
1.581139 
4.242641 
4.242641 
1.581139 
1.581139 
8.139410 
8.139410 
10.124228 
10.124228 
1.802776 
1.802776 
0.000000 
0.000000 
2.121320 
2.121320 
3.605551 
3.605551 
9.552487 
9.552487 
2.236068 
2.236068 
2.236068 
2.236068 
3.807887 
3.807887 
13.865425 
13.865425 
2.121320 
2.121320 
1.414214 
1.414214 
3.500000 
3.500000 
1.581139 
1.581139 
4.242641 
4.242641 
2.500000 
2.500000 
0.000000 
0.000000 
15.074813 
15.074813 
2.828427 
2.828427 
0.000000 
0.000000 
1.414214 
1.414214 
2.121320 
2.121320 
3.605551 
3.605551 
9.552487 
9.552487 
2.236068 
2.236068 
1.118034 
1.118034 
3.807887 
3.807887 
13.865425 
13.865425 
2.121320 
2.121320 
1.414214 
1.414214 
0.500000 
0.500000 
1.581139 
1.581139 
4.242641 
4.242641 
2.549510 
2.549510 
1.500000 
1.500000 
15.074813 
15.074813 
1.802776 
1.802776 
2.121320 
2.121320 
1.414214 
1.414214 
2.121320 
2.121320 
3.605551 
3.605551 
9.552487 
9.552487 
2.236068 
2.236068 
1.802776 
1.802776 
3.807887 
3.807887 
13.865425 
13.865425 
2.121320 
2.121320 
1.414214 
1.414214 
1.581139 
1.581139 
1.581139 
1.581139 
4.242641 
4.242641 
3.605551 
3.605551 
0.500000 
0.500000 
15.074813 
15.074813 
2.500000 
2.500000 
0.000000 
0.000000 
0.000000 
0.000000 
2.121320 
2.121320 
1.414214 
1.414214 
2.121320 
2.121320 
3.605551 
3.605551 
9.552487 
9.552487 
2.236068 
2.236068 
2.061553 
2.061553 
13.865425 
13.865425 
2.121320 
2.121320 
1.414214 
1.414214 
2.061553 
2.061553 
1.581139 
1.581139 
4.242641 
4.242641 
3.535534 
3.535534 
1.581139 
1.581139 
15.074813 
15.074813 
1.500000 
1.500000 
0.000000 
0.000000 
0.000000 
0.000000 
1.000000 
1.000000 
2.121320 
2.121320 
1.414214 
1.414214 
2.121320 
2.121320 
3.605551 
3.605551 
9.552487 
9.552487 
2.236068 
2.236068 
0.500000 
0.500000 
13.865425 
13.865425 
19.235384 
19.235384 
1.500000 
1.500000 
1.581139 
1.581139 
4.242641 
4.242641 
2.500000 
2.500000 
0.500000 
0.500000 
15.074813 
15.074813 
1.500000 
1.500000 
4.272002 
4.272002 
17.007351 
17.007351 
0.707107 
0.707107 
2.121320 
2.121320 
1.414214 
1.414214 
2.121320 
2.121320 
3.605551 
3.605551 
9.552487 
9.552487 
2.236068 
2.236068 
0.707107 
0.707107 
13.865425 
13.865425 
2.549510 
2.549510 
0.707107 
0.707107 
4.242641 
4.242641 
5.522681 
5.522681 
0.500000 
0.500000 
15.074813 
15.074813 
0.500000 
0.500000 
1.802776 
1.802776 
29.605743 
29.605743 
1.118034 
1.118034 
2.121320 
2.121320 
1.414214 
1.414214 
2.121320 
2.121320 
3.605551 
3.605551 
9.552487 
9.552487 
2.236068 
2.236068 
1.118034 
1.118034 
13.865425 
13.865425 
2.549510 
2.549510 
0.707107 
0.707107 
4.242641 
4.242641 
1.581139 
1.581139 
0.500000 
0.500000 
15.074813 
15.074813 
0.707107 
0.707107 
1.802776 
1.802776 
5.147815 
5.147815 
16.770510 
16.770510 
2.121320 
2.121320 
1.414214 
1.414214 
2.121320 
2.121320 
3.605551 
3.605551 
9.552487 
9.552487 
2.236068 
2.236068 
0.707107 
0.707107 
13.865425 
13.865425 
2.549510 
2.549510 
0.000000 
0.000000 
4.242641 
4.242641 
2.500000 
2.500000 
11.510864 
11.510864 
15.074813 
15.074813 
0.000000 
0.000000 
0.000000 
0.000000 
1.802776 
1.802776 
5.147815 
5.147815 
0.500000 
0.500000 
2.121320 
2.121320 
1.414214 
1.414214 
2.121320 
2.121320 
3.605551 
3.605551 
9.552487 
9.552487 
2.236068 
2.236068 
0.707107 
0.707107 
13.865425 
13.865425 
2.549510 
2.549510 
0.500000 
0.500000 
4.242641 
4.242641 
3.640055 
3.640055 
0.707107 
0.707107 
15.074813 
15.074813 
0.707107 
0.707107 
19.906029 
19.906029 
1.802776 
1.802776 
5.147815 
5.147815 
1.000000 
1.000000 
2.121320 
2.121320 
1.414214 
1.414214 
2.121320 
2.121320 
3.605551 
3.605551 
9.552487 
9.552487 
2.236068 
2.236068 
0.707107 
0.707107 
2.549510 
2.549510 
0.500000 
0.500000 
4.242641 
4.242641 
2.549510 
2.549510 
0.500000 
0.500000 
15.074813 
15.074813 
0.500000 
0.500000 
4.242641 
4.242641 
1.802776 
1.802776 
5.147815 
5.147815 
0.500000 
0.500000 
2.121320 
2.121320 
1.414214 
1.414214 
2.121320 
2.121320 
3.605551 
3.605551 
9.552487 
9.552487 
2.236068 
2.236068 
1.000000 
1.000000 
2.549510 
2.549510 
0.000000 
0.000000 
4.242641 
4.242641 
24.046829 
24.046829 
1.000000 
1.000000 
15.074813 
15.074813 
0.000000 
0.000000 
4.000000 
4.000000 
1.802776 
1.802776 
5.147815 
5.147815 
0.707107 
0.707107 
2.121320 
2.121320 
1.414214 
1.414214 
3.605551 
3.605551 
9.552487 
9.552487 
2.236068 
2.236068 
2.236068 
2.236068 
2.549510 
2.549510 
0.000000 
0.000000 
4.242641 
4.242641 
9.708244 
9.708244 
0.500000 
0.500000 
15.074813 
15.074813 
0.707107 
0.707107 
4.301163 
4.301163 
1.802776 
1.802776 
5.147815 
5.147815 
13.009612 
13.009612 
2.121320 
2.121320 
1.414214 
1.414214 
9.552487 
9.552487 
2.236068 
2.236068 
3.162278 
3.162278 
2.549510 
2.549510 
0.707107 
0.707107 
4.242641 
4.242641 
10.606602 
10.606602 
0.707107 
0.707107 
15.074813 
15.074813 
0.000000 
0.000000 
4.242641 
4.242641 
1.802776 
1.802776 
5.147815 
5.147815 
1.118034 
1.118034 
2.121320 
2.121320 
1.414214 
1.414214 
9.552487 
9.552487 
2.236068 
2.236068 
2.692582 
2.692582 
2.549510 
2.549510 
0.500000 
0.500000 
7.648529 
7.648529 
0.000000 
0.000000 
15.074813 
15.074813 
0.500000 
0.500000 
5.024938 
5.024938 
1.802776 
1.802776 
5.147815 
5.147815 
0.707107 
0.707107 
2.121320 
2.121320 
1.414214 
1.414214 
2.236068 
2.236068 
1.414214 
1.414214 
2.549510 
2.549510 
0.000000 
0.000000 
0.707107 
0.707107 
0.000000 
0.000000 
15.074813 
15.074813 
0.500000 
0.500000 
0.000000 
0.000000 
3.162278 
3.162278 
1.802776 
1.802776 
5.147815 
5.147815 
0.500000 
0.500000 
2.121320 
2.121320 
1.414214 
1.414214 
3.807887 
3.807887 
2.549510 
2.549510 
0.500000 
0.500000 
2.828427 
2.828427 
0.707107 
0.707107 
0.500000 
0.500000 
0.000000 
0.000000 
1.118034 
1.118034 
1.802776 
1.802776 
5.147815 
5.147815 
0.500000 
0.500000 
2.121320 
2.121320 
1.000000 
1.000000 
2.549510 
2.549510 
0.500000 
0.500000 
17.867568 
17.867568 
0.000000 
0.000000 
1.118034 
1.118034 
0.000000 
0.000000 
3.354102 
3.354102 
1.802776 
1.802776 
5.147815 
5.147815 
0.500000 
0.500000 
2.549510 
2.549510 
2.549510 
2.549510 
0.000000 
0.000000 
7.826238 
7.826238 
0.707107 
0.707107 
0.500000 
0.500000 
0.000000 
0.000000 
8.746428 
8.746428 
1.802776 
1.802776 
5.147815 
5.147815 
0.707107 
0.707107 
2.000000 
2.000000 
2.549510 
2.549510 
0.500000 
0.500000 
8.500000 
8.500000 
0.000000 
0.000000 
0.000000 
0.000000 
0.000000 
0.000000 
6.184658 
6.184658 
1.802776 
1.802776 
5.147815 
5.147815 
1.118034 
1.118034 
1.581139 
1.581139 
2.549510 
2.549510 
0.707107 
0.707107 
3.201562 
3.201562 
0.000000 
0.000000 
0.500000 
0.500000 
0.000000 
0.000000 
0.000000 
0.000000 
19.506409 
19.506409 
1.802776 
1.802776 
5.147815 
5.147815 
1.000000 
1.000000 
0.707107 
0.707107 
0.000000 
0.000000 
3.162278 
3.162278 
0.000000 
0.000000 
0.500000 
0.500000 
2.236068 
2.236068 
0.000000 
0.000000 
7.905694 
7.905694 
5.147815 
5.147815 
1.414214 
1.414214 
0.707107 
0.707107 
0.500000 
0.500000 
4.472136 
4.472136 
0.500000 
0.500000 
0.000000 
0.000000 
1.118034 
1.118034 
0.000000 
0.000000 
31.693848 
31.693848 
1.581139 
1.581139 
0.707107 
0.707107 
1.118034 
1.118034 
21.053503 
21.053503 
0.500000 
0.500000 
1.000000 
1.000000 
