0.000000 
0.000000 
0.000000 
0.000000 
0.000000 
0.000000 
23.500000 
23.500000 
2.500000 
2.500000 
6.000000 
6.000000 
2.692582 
2.692582 
2.500000 
2.500000 
4.500000 
4.500000 
3.000000 
3.000000 
2.500000 
2.500000 
4.527693 
4.527693 
0.000000 
0.000000 
1.500000 
1.500000 
2.500000 
2.500000 
2.549510 
2.549510 
22.360680 
22.360680 
1.802776 
1.802776 
2.500000 
2.500000 
3.000000 
3.000000 
4.527693 
4.527693 
2.915476 
2.915476 
2.500000 
2.500000 
2.549510 
2.549510 
0.000000 
0.000000 
4.527693 
4.527693 
6.082763 
6.082763 
2.500000 
2.500000 
10.594810 
10.594810 
0.500000 
0.500000 
4.527693 
4.527693 
20.303941 
20.303941 
2.500000 
2.500000 
17.691806 
17.691806 
0.500000 
0.500000 
4.527693 
4.527693 
2.236068 
2.236068 
2.500000 
2.500000 
2.549510 
2.549510 
1.500000 
1.500000 
4.527693 
4.527693 
11.510864 
11.510864 
2.500000 
2.500000 
20.886599 
20.886599 
0.707107 
0.707107 
4.527693 
4.527693 
13.086252 
13.086252 
2.500000 
2.500000 
8.860023 
8.860023 
0.000000 
0.000000 
0.500000 
0.500000 
4.527693 
4.527693 
6.500000 
6.500000 
2.500000 
2.500000 
9.178780 
9.178780 
7.516648 
7.516648 
0.707107 
0.707107 
4.527693 
4.527693 
5.220153 
5.220153 
2.500000 
2.500000 
5.590170 
5.590170 
15.033296 
15.033296 
1.000000 
1.000000 
4.527693 
4.527693 
6.000000 
6.000000 
2.500000 
2.500000 
4.000000 
4.000000 
9.000000 
9.000000 
1.000000 
1.000000 
4.527693 
4.527693 
14.035669 
14.035669 
2.500000 
2.500000 
6.264982 
6.264982 
6.500000 
6.500000 
1.118034 
1.118034 
4.527693 
4.527693 
2.915476 
2.915476 
4.472136 
4.472136 
21.213203 
21.213203 
1.500000 
1.500000 
4.527693 
4.527693 
2.915476 
2.915476 
34.503623 
34.503623 
4.123106 
4.123106 
4.000000 
4.000000 
4.527693 
4.527693 
2.915476 
2.915476 
4.924429 
4.924429 
7.158911 
7.158911 
1.581139 
1.581139 
4.527693 
4.527693 
2.915476 
2.915476 
3.041381 
3.041381 
0.000000 
0.000000 
18.668155 
18.668155 
1.581139 
1.581139 
4.527693 
4.527693 
2.915476 
2.915476 
42.426407 
42.426407 
4.031129 
4.031129 
6.082763 
6.082763 
1.581139 
1.581139 
2.915476 
2.915476 
46.567156 
46.567156 
0.000000 
0.000000 
1.118034 
1.118034 
6.082763 
6.082763 
1.581139 
1.581139 
2.915476 
2.915476 
7.566373 
7.566373 
4.031129 
4.031129 
1.000000 
1.000000 
6.082763 
6.082763 
1.581139 
1.581139 
2.915476 
2.915476 
1.414214 
1.414214 
0.000000 
0.000000 
6.020797 
6.020797 
1.118034 
1.118034 
6.082763 
6.082763 
1.581139 
1.581139 
2.915476 
2.915476 
51.618795 
51.618795 
0.000000 
0.000000 
4.609772 
4.609772 
3.535534 
3.535534 
3.000000 
3.000000 
6.082763 
6.082763 
1.581139 
1.581139 
2.915476 
2.915476 
1.581139 
1.581139 
0.000000 
0.000000 
3.500000 
3.500000 
13.536986 
13.536986 
3.000000 
3.000000 
6.082763 
6.082763 
1.581139 
1.581139 
2.915476 
2.915476 
4.123106 
4.123106 
0.000000 
0.000000 
21.053503 
21.053503 
13.285330 
13.285330 
3.000000 
3.000000 
6.082763 
6.082763 
1.581139 
1.581139 
2.915476 
2.915476 
6.500000 
6.500000 
0.000000 
0.000000 
4.527693 
4.527693 
11.000000 
11.000000 
3.000000 
3.000000 
6.082763 
6.082763 
1.581139 
1.581139 
2.915476 
2.915476 
4.609772 
4.609772 
0.000000 
0.000000 
0.000000 
0.000000 
1.581139 
1.581139 
6.519202 
6.519202 
3.000000 
3.000000 
6.082763 
6.082763 
1.581139 
1.581139 
2.915476 
2.915476 
2.121320 
2.121320 
4.500000 
4.500000 
0.000000 
0.000000 
1.500000 
1.500000 
5.522681 
5.522681 
1.581139 
1.581139 
6.082763 
6.082763 
1.581139 
1.581139 
2.915476 
2.915476 
2.500000 
2.500000 
18.000000 
18.000000 
0.000000 
0.000000 
2.692582 
2.692582 
23.005434 
23.005434 
1.500000 
1.500000 
6.082763 
6.082763 
1.581139 
1.581139 
2.549510 
2.549510 
3.535534 
3.535534 
0.000000 
0.000000 
17.755281 
17.755281 
2.692582 
2.692582 
1.581139 
1.581139 
6.082763 
6.082763 
1.581139 
1.581139 
2.061553 
2.061553 
3.535534 
3.535534 
0.000000 
0.000000 
6.020797 
6.020797 
5.099020 
5.099020 
0.000000 
0.000000 
6.082763 
6.082763 
1.581139 
1.581139 
3.905125 
3.905125 
0.000000 
0.000000 
0.000000 
0.000000 
3.535534 
3.535534 
0.000000 
0.000000 
18.500000 
18.500000 
4.272002 
4.272002 
0.707107 
0.707107 
6.082763 
6.082763 
45.135906 
45.135906 
0.500000 
0.500000 
8.558621 
8.558621 
3.535534 
3.535534 
0.000000 
0.000000 
4.527693 
4.527693 
5.024938 
5.024938 
1.118034 
1.118034 
6.082763 
6.082763 
19.300259 
19.300259 
1.500000 
1.500000 
4.500000 
4.500000 
3.535534 
3.535534 
0.000000 
0.000000 
5.522681 
5.522681 
11.543396 
11.543396 
1.118034 
1.118034 
5.099020 
5.099020 
1.118034 
1.118034 
2.549510 
2.549510 
3.535534 
3.535534 
0.000000 
0.000000 
9.656604 
9.656604 
11.543396 
11.543396 
1.118034 
1.118034 
4.527693 
4.527693 
0.000000 
0.000000 
1.581139 
1.581139 
2.061553 
2.061553 
3.535534 
3.535534 
0.000000 
0.000000 
15.508062 
15.508062 
11.543396 
11.543396 
1.118034 
1.118034 
14.080128 
14.080128 
4.123106 
4.123106 
0.500000 
0.500000 
1.000000 
1.000000 
3.535534 
3.535534 
0.000000 
0.000000 
9.617692 
9.617692 
11.543396 
11.543396 
1.118034 
1.118034 
2.061553 
2.061553 
