0.000000 
0.000000 
0.707107 
0.707107 
0.500000 
0.500000 
0.500000 
0.500000 
1.000000 
1.000000 
0.000000 
0.000000 
1.118034 
1.118034 
5.000000 
5.000000 
1.000000 
1.000000 
8.500000 
8.500000 
0.000000 
0.000000 
7.500000 
7.500000 
0.500000 
0.500000 
7.500000 
7.500000 
16.867128 
16.867128 
7.500000 
7.500000 
1.802776 
1.802776 
7.500000 
7.500000 
3.162278 
3.162278 
0.000000 
0.000000 
7.500000 
7.500000 
2.915476 
2.915476 
5.590170 
5.590170 
7.500000 
7.500000 
3.041381 
3.041381 
7.071068 
7.071068 
7.500000 
7.500000 
2.500000 
2.500000 
7.106335 
7.106335 
7.500000 
7.500000 
2.549510 
2.549510 
6.041523 
6.041523 
7.500000 
7.500000 
1.414214 
1.414214 
6.403124 
6.403124 
7.500000 
7.500000 
0.707107 
0.707107 
27.504545 
27.504545 
7.500000 
7.500000 
2.000000 
2.000000 
27.504545 
27.504545 
7.500000 
7.500000 
3.162278 
3.162278 
12.165525 
12.165525 
7.500000 
7.500000 
1.118034 
1.118034 
7.500000 
7.500000 
7.500000 
7.500000 
1.802776 
1.802776 
10.307764 
10.307764 
7.500000 
7.500000 
2.549510 
2.549510 
9.394147 
9.394147 
0.707107 
0.707107 
24.166092 
24.166092 
1.118034 
1.118034 
2.549510 
2.549510 
1.414214 
1.414214 
0.500000 
0.500000 
1.581139 
1.581139 
2.061553 
2.061553 
1.118034 
1.118034 
5.024938 
5.024938 
2.500000 
2.500000 
13.601471 
13.601471 
2.500000 
2.500000 
4.123106 
4.123106 
1.000000 
1.000000 
2.236068 
2.236068 
1.118034 
1.118034 
3.640055 
3.640055 
2.500000 
2.500000 
3.640055 
3.640055 
3.807887 
3.807887 
8.062258 
8.062258 
3.535534 
3.535534 
2.828427 
2.828427 
6.500000 
6.500000 
3.605551 
3.605551 
3.640055 
3.640055 
4.301163 
4.301163 
19.163768 
19.163768 
1.500000 
1.500000 
1.000000 
1.000000 
12.369317 
12.369317 
22.000000 
22.000000 
1.414214 
1.414214 
8.246211 
8.246211 
1.414214 
1.414214 
9.124144 
9.124144 
1.118034 
1.118034 
3.162278 
3.162278 
29.605743 
29.605743 
3.162278 
3.162278 
9.013878 
9.013878 
3.162278 
3.162278 
7.382412 
7.382412 
3.162278 
3.162278 
5.385165 
5.385165 
3.162278 
3.162278 
4.527693 
4.527693 
3.162278 
3.162278 
1.000000 
1.000000 
3.162278 
3.162278 
