0.000000 
0.000000 
0.000000 
0.000000 
0.000000 
0.000000 
0.000000 
0.000000 
0.000000 
0.000000 
0.000000 
0.000000 
0.000000 
0.000000 
0.000000 
0.000000 
0.000000 
0.000000 
0.000000 
0.000000 
0.000000 
0.000000 
0.000000 
0.000000 
0.000000 
0.000000 
0.000000 
0.000000 
1.581139 
1.581139 
2.692582 
2.692582 
2.549510 
2.549510 
1.000000 
1.000000 
17.564168 
17.564168 
1.000000 
1.000000 
0.500000 
0.500000 
1.802776 
1.802776 
2.061553 
2.061553 
10.049876 
10.049876 
0.000000 
0.000000 
0.707107 
0.707107 
4.000000 
4.000000 
0.500000 
0.500000 
1.500000 
1.500000 
2.692582 
2.692582 
2.121320 
2.121320 
0.707107 
0.707107 
2.000000 
2.000000 
1.802776 
1.802776 
0.000000 
0.000000 
2.236068 
2.236068 
2.500000 
2.500000 
1.802776 
1.802776 
0.500000 
0.500000 
1.118034 
1.118034 
2.915476 
2.915476 
0.000000 
0.000000 
10.770330 
10.770330 
1.581139 
1.581139 
2.692582 
2.692582 
2.121320 
2.121320 
1.000000 
1.000000 
1.581139 
1.581139 
1.802776 
1.802776 
0.500000 
0.500000 
1.118034 
1.118034 
2.236068 
2.236068 
1.118034 
1.118034 
0.707107 
0.707107 
2.500000 
2.500000 
6.324555 
6.324555 
0.000000 
0.000000 
0.000000 
0.000000 
1.581139 
1.581139 
10.770330 
10.770330 
1.581139 
1.581139 
2.692582 
2.692582 
2.121320 
2.121320 
0.500000 
0.500000 
1.581139 
1.581139 
1.581139 
1.581139 
1.118034 
1.118034 
0.500000 
0.500000 
2.236068 
2.236068 
1.581139 
1.581139 
0.500000 
0.500000 
25.811819 
25.811819 
3.354102 
3.354102 
0.000000 
0.000000 
0.000000 
0.000000 
2.236068 
2.236068 
6.000000 
6.000000 
10.770330 
10.770330 
1.581139 
1.581139 
2.692582 
2.692582 
2.121320 
2.121320 
0.500000 
0.500000 
1.581139 
1.581139 
1.414214 
1.414214 
2.000000 
2.000000 
0.707107 
0.707107 
2.915476 
2.915476 
0.500000 
0.500000 
0.707107 
0.707107 
10.440307 
10.440307 
3.162278 
3.162278 
0.000000 
0.000000 
0.000000 
0.000000 
1.500000 
1.500000 
3.162278 
3.162278 
10.770330 
10.770330 
1.581139 
1.581139 
2.692582 
2.692582 
2.121320 
2.121320 
0.500000 
0.500000 
1.581139 
1.581139 
1.414214 
1.414214 
2.000000 
2.000000 
1.000000 
1.000000 
3.640055 
3.640055 
2.000000 
2.000000 
0.707107 
0.707107 
7.516648 
7.516648 
3.201562 
3.201562 
1.500000 
1.500000 
0.000000 
0.000000 
1.581139 
1.581139 
2.692582 
2.692582 
10.770330 
10.770330 
1.581139 
1.581139 
2.692582 
2.692582 
2.121320 
2.121320 
0.500000 
0.500000 
1.581139 
1.581139 
1.500000 
1.500000 
0.000000 
0.000000 
1.118034 
1.118034 
4.301163 
4.301163 
13.536986 
13.536986 
0.500000 
0.500000 
4.924429 
4.924429 
22.102036 
22.102036 
1.500000 
1.500000 
0.000000 
0.000000 
1.000000 
1.000000 
1.802776 
1.802776 
10.770330 
10.770330 
1.581139 
1.581139 
2.692582 
2.692582 
2.121320 
2.121320 
0.500000 
0.500000 
1.581139 
1.581139 
1.581139 
1.581139 
1.581139 
1.581139 
0.500000 
0.500000 
4.301163 
4.301163 
1.118034 
1.118034 
0.500000 
0.500000 
5.408327 
5.408327 
0.707107 
0.707107 
1.500000 
1.500000 
0.000000 
0.000000 
1.000000 
1.000000 
0.707107 
0.707107 
10.770330 
10.770330 
1.581139 
1.581139 
2.692582 
2.692582 
2.121320 
2.121320 
0.500000 
0.500000 
1.581139 
1.581139 
1.118034 
1.118034 
0.000000 
0.000000 
0.000000 
0.000000 
4.301163 
4.301163 
1.581139 
1.581139 
0.707107 
0.707107 
5.147815 
5.147815 
0.500000 
0.500000 
0.000000 
0.000000 
0.000000 
0.000000 
1.500000 
1.500000 
0.000000 
0.000000 
0.500000 
0.500000 
0.707107 
0.707107 
10.770330 
10.770330 
1.581139 
1.581139 
2.692582 
2.692582 
2.121320 
2.121320 
0.500000 
0.500000 
1.581139 
1.581139 
1.118034 
1.118034 
1.118034 
1.118034 
1.500000 
1.500000 
6.964194 
6.964194 
0.707107 
0.707107 
1.000000 
1.000000 
4.716991 
4.716991 
16.070159 
16.070159 
0.000000 
0.000000 
14.637281 
14.637281 
1.500000 
1.500000 
0.000000 
0.000000 
1.581139 
1.581139 
0.707107 
0.707107 
10.770330 
10.770330 
1.581139 
1.581139 
2.692582 
2.692582 
2.121320 
2.121320 
0.500000 
0.500000 
1.581139 
1.581139 
0.000000 
0.000000 
0.500000 
0.500000 
0.500000 
0.500000 
0.707107 
0.707107 
0.000000 
0.000000 
0.500000 
0.500000 
17.507141 
17.507141 
11.672618 
11.672618 
0.000000 
0.000000 
1.414214 
1.414214 
3.041381 
3.041381 
0.000000 
0.000000 
1.000000 
1.000000 
0.707107 
0.707107 
10.770330 
10.770330 
1.581139 
1.581139 
2.692582 
2.692582 
2.121320 
2.121320 
0.500000 
0.500000 
1.581139 
1.581139 
0.500000 
0.500000 
1.802776 
1.802776 
1.500000 
1.500000 
7.158911 
7.158911 
0.500000 
0.500000 
0.000000 
0.000000 
6.324555 
6.324555 
3.000000 
3.000000 
0.000000 
0.000000 
1.581139 
1.581139 
3.041381 
3.041381 
0.000000 
0.000000 
0.000000 
0.000000 
0.707107 
0.707107 
10.770330 
10.770330 
1.581139 
1.581139 
2.692582 
2.692582 
2.121320 
2.121320 
0.500000 
0.500000 
1.581139 
1.581139 
0.000000 
0.000000 
2.061553 
2.061553 
1.581139 
1.581139 
2.549510 
2.549510 
1.000000 
1.000000 
0.707107 
0.707107 
12.500000 
12.500000 
3.905125 
3.905125 
0.000000 
0.000000 
0.000000 
0.000000 
1.118034 
1.118034 
3.041381 
3.041381 
0.000000 
0.000000 
1.118034 
1.118034 
0.707107 
0.707107 
10.770330 
10.770330 
1.581139 
1.581139 
2.692582 
2.692582 
2.121320 
2.121320 
0.500000 
0.500000 
1.581139 
1.581139 
0.707107 
0.707107 
1.802776 
1.802776 
2.236068 
2.236068 
4.472136 
4.472136 
2.236068 
2.236068 
0.500000 
0.500000 
2.500000 
2.500000 
1.802776 
1.802776 
0.000000 
0.000000 
24.020824 
24.020824 
0.000000 
0.000000 
0.500000 
0.500000 
3.041381 
3.041381 
0.000000 
0.000000 
0.500000 
0.500000 
0.707107 
0.707107 
10.770330 
10.770330 
1.581139 
1.581139 
2.692582 
2.692582 
2.121320 
2.121320 
0.500000 
0.500000 
1.581139 
1.581139 
0.000000 
0.000000 
1.118034 
1.118034 
1.118034 
1.118034 
2.061553 
2.061553 
1.581139 
1.581139 
1.500000 
1.500000 
11.101802 
11.101802 
0.707107 
0.707107 
0.000000 
0.000000 
0.000000 
0.000000 
24.020824 
24.020824 
0.000000 
0.000000 
0.500000 
0.500000 
3.041381 
3.041381 
0.000000 
0.000000 
1.414214 
1.414214 
0.707107 
0.707107 
10.770330 
10.770330 
1.581139 
1.581139 
2.121320 
2.121320 
0.500000 
0.500000 
1.581139 
1.581139 
0.707107 
0.707107 
1.000000 
1.000000 
1.118034 
1.118034 
2.061553 
2.061553 
1.414214 
1.414214 
1.118034 
1.118034 
6.324555 
6.324555 
3.041381 
3.041381 
27.540879 
27.540879 
0.000000 
0.000000 
24.020824 
24.020824 
0.000000 
0.000000 
1.000000 
1.000000 
3.041381 
3.041381 
0.000000 
0.000000 
0.000000 
0.000000 
0.707107 
0.707107 
10.770330 
10.770330 
1.581139 
1.581139 
0.500000 
0.500000 
1.581139 
1.581139 
0.707107 
0.707107 
9.124144 
9.124144 
0.500000 
0.500000 
2.061553 
2.061553 
1.802776 
1.802776 
0.000000 
0.000000 
7.280110 
7.280110 
15.500000 
15.500000 
25.504901 
25.504901 
0.000000 
0.000000 
24.020824 
24.020824 
0.000000 
0.000000 
1.118034 
1.118034 
3.041381 
3.041381 
0.000000 
0.000000 
0.707107 
0.707107 
0.707107 
0.707107 
0.500000 
0.500000 
0.500000 
0.500000 
0.500000 
0.500000 
1.118034 
1.118034 
2.061553 
2.061553 
1.000000 
1.000000 
0.500000 
0.500000 
22.825424 
22.825424 
2.061553 
2.061553 
2.915476 
2.915476 
0.000000 
0.000000 
24.020824 
24.020824 
0.000000 
0.000000 
0.500000 
0.500000 
3.041381 
3.041381 
0.707107 
0.707107 
0.707107 
0.707107 
0.500000 
0.500000 
0.500000 
0.500000 
1.118034 
1.118034 
0.500000 
0.500000 
2.061553 
2.061553 
1.000000 
1.000000 
0.707107 
0.707107 
5.147815 
5.147815 
1.802776 
1.802776 
0.500000 
0.500000 
0.000000 
0.000000 
24.020824 
24.020824 
0.000000 
0.000000 
0.500000 
0.500000 
3.041381 
3.041381 
1.500000 
1.500000 
0.707107 
0.707107 
1.581139 
1.581139 
0.000000 
0.000000 
1.802776 
1.802776 
2.061553 
2.061553 
0.000000 
0.000000 
1.118034 
1.118034 
6.020797 
6.020797 
0.707107 
0.707107 
0.500000 
0.500000 
0.000000 
0.000000 
24.020824 
24.020824 
0.000000 
0.000000 
1.118034 
1.118034 
3.041381 
3.041381 
0.500000 
0.500000 
0.707107 
0.707107 
1.802776 
1.802776 
1.000000 
1.000000 
1.581139 
1.581139 
2.061553 
2.061553 
15.890249 
15.890249 
1.414214 
1.414214 
4.500000 
4.500000 
2.549510 
2.549510 
0.000000 
0.000000 
0.000000 
0.000000 
24.020824 
24.020824 
0.000000 
0.000000 
13.086252 
13.086252 
3.041381 
3.041381 
1.500000 
1.500000 
0.707107 
0.707107 
2.500000 
2.500000 
11.011358 
11.011358 
2.500000 
2.500000 
2.061553 
2.061553 
3.500000 
3.500000 
1.118034 
1.118034 
2.236068 
2.236068 
3.162278 
3.162278 
14.500000 
14.500000 
0.000000 
0.000000 
24.020824 
24.020824 
0.000000 
0.000000 
0.000000 
0.000000 
3.041381 
3.041381 
2.000000 
2.000000 
0.707107 
0.707107 
2.061553 
2.061553 
1.118034 
1.118034 
1.118034 
1.118034 
2.061553 
2.061553 
2.061553 
2.061553 
1.802776 
1.802776 
2.061553 
2.061553 
19.557607 
19.557607 
0.500000 
0.500000 
0.000000 
0.000000 
24.020824 
24.020824 
0.000000 
0.000000 
0.707107 
0.707107 
3.041381 
3.041381 
2.692582 
2.692582 
1.000000 
1.000000 
12.010412 
12.010412 
2.061553 
2.061553 
2.061553 
2.061553 
3.807887 
3.807887 
1.802776 
1.802776 
2.500000 
2.500000 
3.640055 
3.640055 
0.707107 
0.707107 
0.000000 
0.000000 
24.020824 
24.020824 
1.581139 
1.581139 
3.041381 
3.041381 
17.528548 
17.528548 
1.581139 
1.581139 
2.500000 
2.500000 
10.124228 
10.124228 
2.061553 
2.061553 
1.118034 
1.118034 
8.015610 
8.015610 
2.500000 
2.500000 
6.020797 
6.020797 
1.118034 
1.118034 
0.000000 
0.000000 
24.020824 
24.020824 
0.707107 
0.707107 
3.041381 
3.041381 
0.000000 
0.000000 
12.658989 
12.658989 
1.802776 
1.802776 
4.609772 
4.609772 
2.061553 
2.061553 
2.500000 
2.500000 
0.707107 
0.707107 
2.500000 
2.500000 
6.000000 
6.000000 
0.707107 
0.707107 
0.000000 
0.000000 
24.020824 
24.020824 
0.707107 
0.707107 
1.500000 
1.500000 
3.201562 
3.201562 
1.118034 
1.118034 
1.118034 
1.118034 
2.061553 
2.061553 
1.118034 
1.118034 
0.000000 
0.000000 
2.500000 
2.500000 
7.516648 
7.516648 
3.041381 
3.041381 
0.000000 
0.000000 
24.020824 
24.020824 
1.581139 
1.581139 
1.118034 
1.118034 
0.500000 
0.500000 
1.581139 
1.581139 
2.061553 
2.061553 
2.061553 
2.061553 
2.061553 
2.061553 
0.000000 
0.000000 
2.500000 
2.500000 
2.549510 
2.549510 
0.000000 
0.000000 
0.000000 
0.000000 
0.000000 
0.000000 
2.549510 
2.549510 
0.000000 
0.000000 
24.020824 
24.020824 
2.061553 
2.061553 
2.236068 
2.236068 
2.692582 
2.692582 
1.802776 
1.802776 
2.549510 
2.549510 
2.061553 
2.061553 
11.280514 
11.280514 
0.707107 
0.707107 
2.500000 
2.500000 
1.118034 
1.118034 
0.000000 
0.000000 
0.000000 
0.000000 
1.581139 
1.581139 
2.000000 
2.000000 
3.041381 
3.041381 
0.000000 
0.000000 
2.061553 
2.061553 
1.500000 
1.500000 
3.500000 
3.500000 
2.500000 
2.500000 
3.041381 
3.041381 
2.236068 
2.236068 
1.000000 
1.000000 
2.500000 
2.500000 
5.590170 
5.590170 
3.201562 
3.201562 
0.000000 
0.000000 
1.118034 
1.118034 
2.000000 
2.000000 
2.549510 
2.549510 
21.005952 
21.005952 
1.581139 
1.581139 
1.500000 
1.500000 
3.500000 
3.500000 
2.061553 
2.061553 
2.549510 
2.549510 
2.000000 
2.000000 
1.581139 
1.581139 
2.500000 
2.500000 
1.000000 
1.000000 
3.041381 
3.041381 
0.000000 
0.000000 
1.000000 
1.000000 
2.000000 
2.000000 
1.581139 
1.581139 
1.802776 
1.802776 
1.802776 
1.802776 
1.500000 
1.500000 
4.123106 
4.123106 
2.500000 
2.500000 
3.041381 
3.041381 
2.061553 
2.061553 
1.118034 
1.118034 
2.500000 
2.500000 
1.581139 
1.581139 
0.000000 
0.000000 
3.041381 
3.041381 
0.000000 
0.000000 
2.500000 
2.500000 
2.000000 
2.000000 
12.539936 
12.539936 
1.000000 
1.000000 
1.000000 
1.000000 
1.500000 
1.500000 
2.061553 
2.061553 
2.000000 
2.000000 
1.500000 
1.500000 
2.061553 
2.061553 
0.707107 
0.707107 
2.500000 
2.500000 
4.272002 
4.272002 
0.000000 
0.000000 
0.000000 
0.000000 
1.581139 
1.581139 
0.000000 
0.000000 
3.000000 
3.000000 
2.000000 
2.000000 
1.802776 
1.802776 
1.000000 
1.000000 
2.061553 
2.061553 
1.500000 
1.500000 
1.581139 
1.581139 
1.118034 
1.118034 
2.236068 
2.236068 
1.500000 
1.500000 
1.118034 
1.118034 
2.500000 
2.500000 
3.500000 
3.500000 
0.000000 
0.000000 
0.000000 
0.000000 
0.500000 
0.500000 
0.000000 
0.000000 
3.500000 
3.500000 
0.000000 
0.000000 
3.162278 
3.162278 
2.000000 
2.000000 
1.581139 
1.581139 
0.500000 
0.500000 
13.038405 
13.038405 
1.500000 
1.500000 
10.547512 
10.547512 
1.118034 
1.118034 
2.236068 
2.236068 
0.707107 
0.707107 
1.118034 
1.118034 
2.500000 
2.500000 
4.031129 
4.031129 
1.118034 
1.118034 
0.000000 
0.000000 
1.118034 
1.118034 
0.000000 
0.000000 
2.000000 
2.000000 
0.000000 
0.000000 
2.500000 
2.500000 
2.000000 
2.000000 
1.581139 
1.581139 
1.118034 
1.118034 
0.500000 
0.500000 
1.500000 
1.500000 
3.354102 
3.354102 
1.118034 
1.118034 
13.124405 
13.124405 
2.061553 
2.061553 
2.692582 
2.692582 
2.500000 
2.500000 
2.236068 
2.236068 
1.118034 
1.118034 
0.000000 
0.000000 
9.013878 
9.013878 
0.000000 
0.000000 
8.015610 
8.015610 
0.000000 
0.000000 
1.581139 
1.581139 
2.000000 
2.000000 
2.549510 
2.549510 
1.802776 
1.802776 
1.118034 
1.118034 
1.500000 
1.500000 
4.031129 
4.031129 
1.118034 
1.118034 
3.535534 
3.535534 
2.828427 
2.828427 
2.500000 
2.500000 
31.756889 
31.756889 
2.236068 
2.236068 
1.118034 
1.118034 
0.000000 
0.000000 
1.500000 
1.500000 
0.000000 
0.000000 
3.162278 
3.162278 
0.000000 
0.000000 
12.509996 
12.509996 
2.000000 
2.000000 
2.500000 
2.500000 
10.511898 
10.511898 
2.500000 
2.500000 
1.500000 
1.500000 
3.535534 
3.535534 
1.118034 
1.118034 
3.500000 
3.500000 
3.807887 
3.807887 
1.118034 
1.118034 
3.000000 
3.000000 
2.236068 
2.236068 
0.000000 
0.000000 
1.118034 
1.118034 
0.000000 
0.000000 
2.549510 
2.549510 
0.000000 
0.000000 
4.000000 
4.000000 
0.000000 
0.000000 
2.692582 
2.692582 
2.000000 
2.000000 
2.500000 
2.500000 
1.000000 
1.000000 
2.500000 
2.500000 
1.500000 
1.500000 
3.640055 
3.640055 
1.118034 
1.118034 
3.500000 
3.500000 
27.166155 
27.166155 
1.500000 
1.500000 
3.041381 
3.041381 
2.236068 
2.236068 
4.031129 
4.031129 
1.118034 
1.118034 
0.000000 
0.000000 
1.500000 
1.500000 
0.000000 
0.000000 
4.031129 
4.031129 
0.000000 
0.000000 
2.061553 
2.061553 
2.000000 
2.000000 
2.549510 
2.549510 
1.500000 
1.500000 
5.700877 
5.700877 
1.500000 
1.500000 
3.162278 
3.162278 
1.118034 
1.118034 
3.500000 
3.500000 
2.692582 
2.692582 
11.629703 
11.629703 
3.041381 
3.041381 
2.236068 
2.236068 
1.118034 
1.118034 
1.118034 
1.118034 
0.000000 
0.000000 
27.500000 
27.500000 
0.000000 
0.000000 
4.272002 
4.272002 
0.000000 
0.000000 
3.041381 
3.041381 
2.000000 
2.000000 
12.509996 
12.509996 
1.000000 
1.000000 
3.041381 
3.041381 
1.500000 
1.500000 
3.000000 
3.000000 
1.118034 
1.118034 
3.500000 
3.500000 
26.004807 
26.004807 
2.061553 
2.061553 
3.041381 
3.041381 
2.236068 
2.236068 
0.000000 
0.000000 
1.118034 
1.118034 
1.118034 
1.118034 
0.000000 
0.000000 
27.073973 
27.073973 
0.000000 
0.000000 
3.000000 
3.000000 
0.000000 
0.000000 
2.500000 
2.500000 
2.000000 
2.000000 
2.236068 
2.236068 
1.118034 
1.118034 
1.802776 
1.802776 
1.500000 
1.500000 
7.017834 
7.017834 
1.118034 
1.118034 
3.500000 
3.500000 
2.500000 
2.500000 
3.354102 
3.354102 
2.500000 
2.500000 
2.236068 
2.236068 
0.000000 
0.000000 
1.118034 
1.118034 
1.118034 
1.118034 
0.000000 
0.000000 
10.012492 
10.012492 
0.000000 
0.000000 
2.061553 
2.061553 
0.000000 
0.000000 
2.500000 
2.500000 
2.000000 
2.000000 
2.549510 
2.549510 
1.414214 
1.414214 
11.011358 
11.011358 
1.500000 
1.500000 
2.500000 
2.500000 
1.118034 
1.118034 
3.500000 
3.500000 
2.500000 
2.500000 
4.301163 
4.301163 
3.000000 
3.000000 
2.236068 
2.236068 
0.000000 
0.000000 
1.000000 
1.000000 
1.118034 
1.118034 
0.000000 
0.000000 
2.549510 
2.549510 
0.000000 
0.000000 
7.158911 
7.158911 
1.581139 
1.581139 
2.000000 
2.000000 
2.500000 
2.500000 
2.061553 
2.061553 
2.000000 
2.000000 
1.500000 
1.500000 
1.802776 
1.802776 
1.118034 
1.118034 
3.500000 
3.500000 
24.520400 
24.520400 
3.500000 
3.500000 
1.581139 
1.581139 
2.236068 
2.236068 
0.000000 
0.000000 
0.000000 
0.000000 
0.000000 
0.000000 
0.000000 
0.000000 
1.000000 
1.000000 
1.118034 
1.118034 
0.000000 
0.000000 
3.041381 
3.041381 
0.000000 
0.000000 
0.500000 
0.500000 
13.500000 
13.500000 
2.549510 
2.549510 
2.000000 
2.000000 
3.041381 
3.041381 
2.121320 
2.121320 
1.118034 
1.118034 
3.500000 
3.500000 
24.520400 
24.520400 
6.670832 
6.670832 
2.549510 
2.549510 
2.236068 
2.236068 
0.707107 
0.707107 
18.200275 
18.200275 
4.609772 
4.609772 
0.000000 
0.000000 
1.000000 
1.000000 
1.118034 
1.118034 
0.000000 
0.000000 
3.535534 
3.535534 
0.000000 
0.000000 
2.549510 
2.549510 
2.236068 
2.236068 
2.549510 
2.549510 
3.000000 
3.000000 
3.041381 
3.041381 
1.500000 
1.500000 
1.118034 
1.118034 
3.500000 
3.500000 
24.520400 
24.520400 
9.219544 
9.219544 
3.535534 
3.535534 
2.236068 
2.236068 
0.000000 
0.000000 
1.118034 
1.118034 
2.500000 
2.500000 
4.609772 
4.609772 
0.000000 
0.000000 
6.000000 
6.000000 
1.118034 
1.118034 
0.000000 
0.000000 
3.640055 
3.640055 
0.000000 
0.000000 
3.640055 
3.640055 
1.500000 
1.500000 
2.000000 
2.000000 
1.500000 
1.500000 
4.031129 
4.031129 
2.500000 
2.500000 
1.118034 
1.118034 
3.500000 
3.500000 
24.520400 
24.520400 
2.121320 
2.121320 
6.020797 
6.020797 
2.236068 
2.236068 
0.000000 
0.000000 
0.000000 
0.000000 
2.549510 
2.549510 
2.549510 
2.549510 
2.500000 
2.500000 
4.609772 
4.609772 
0.000000 
0.000000 
2.692582 
2.692582 
1.118034 
1.118034 
0.000000 
0.000000 
3.000000 
3.000000 
4.272002 
4.272002 
12.539936 
12.539936 
1.581139 
1.581139 
1.118034 
1.118034 
2.061553 
2.061553 
3.041381 
3.041381 
1.118034 
1.118034 
3.500000 
3.500000 
24.520400 
24.520400 
1.118034 
1.118034 
18.500000 
18.500000 
2.236068 
2.236068 
0.000000 
0.000000 
1.414214 
1.414214 
2.549510 
2.549510 
1.802776 
1.802776 
2.500000 
2.500000 
4.609772 
4.609772 
0.000000 
0.000000 
2.692582 
2.692582 
1.118034 
1.118034 
0.000000 
0.000000 
2.061553 
2.061553 
9.708244 
9.708244 
0.500000 
0.500000 
13.152946 
13.152946 
0.707107 
0.707107 
17.564168 
17.564168 
1.802776 
1.802776 
3.500000 
3.500000 
24.520400 
24.520400 
4.609772 
4.609772 
3.905125 
3.905125 
2.236068 
2.236068 
0.000000 
0.000000 
1.118034 
1.118034 
2.549510 
2.549510 
1.118034 
1.118034 
2.500000 
2.500000 
4.609772 
4.609772 
0.000000 
0.000000 
2.692582 
2.692582 
1.118034 
1.118034 
8.514693 
8.514693 
3.162278 
3.162278 
1.414214 
1.414214 
1.000000 
1.000000 
1.500000 
1.500000 
1.500000 
1.500000 
1.802776 
1.802776 
3.500000 
3.500000 
24.520400 
24.520400 
0.707107 
0.707107 
1.000000 
1.000000 
2.236068 
2.236068 
0.000000 
0.000000 
0.000000 
0.000000 
2.549510 
2.549510 
2.549510 
2.549510 
1.000000 
1.000000 
2.500000 
2.500000 
4.609772 
4.609772 
0.000000 
0.000000 
8.321658 
8.321658 
1.118034 
1.118034 
4.123106 
4.123106 
1.118034 
1.118034 
1.581139 
1.581139 
1.500000 
1.500000 
2.000000 
2.000000 
1.802776 
1.802776 
3.500000 
3.500000 
24.520400 
24.520400 
1.118034 
1.118034 
21.500000 
21.500000 
0.000000 
0.000000 
0.000000 
0.000000 
2.828427 
2.828427 
0.000000 
0.000000 
17.564168 
17.564168 
5.024938 
5.024938 
2.915476 
2.915476 
2.500000 
2.500000 
4.609772 
4.609772 
0.000000 
0.000000 
3.535534 
3.535534 
3.041381 
3.041381 
4.123106 
4.123106 
2.549510 
2.549510 
2.500000 
2.500000 
1.500000 
1.500000 
1.500000 
1.500000 
1.802776 
1.802776 
3.500000 
3.500000 
24.520400 
24.520400 
6.020797 
6.020797 
1.802776 
1.802776 
2.236068 
2.236068 
2.915476 
2.915476 
2.692582 
2.692582 
0.000000 
0.000000 
1.581139 
1.581139 
1.414214 
1.414214 
0.500000 
0.500000 
2.500000 
2.500000 
4.609772 
4.609772 
0.000000 
0.000000 
2.692582 
2.692582 
2.500000 
2.500000 
4.123106 
4.123106 
3.041381 
3.041381 
2.692582 
2.692582 
1.500000 
1.500000 
2.061553 
2.061553 
1.802776 
1.802776 
24.520400 
24.520400 
1.000000 
1.000000 
2.692582 
2.692582 
1.118034 
1.118034 
2.692582 
2.692582 
2.692582 
2.692582 
0.000000 
0.000000 
1.581139 
1.581139 
1.414214 
1.414214 
2.692582 
2.692582 
2.500000 
2.500000 
4.609772 
4.609772 
0.000000 
0.000000 
1.802776 
1.802776 
4.031129 
4.031129 
4.123106 
4.123106 
3.162278 
3.162278 
2.500000 
2.500000 
1.500000 
1.500000 
3.000000 
3.000000 
1.802776 
1.802776 
24.520400 
24.520400 
1.581139 
1.581139 
0.500000 
0.500000 
2.000000 
2.000000 
2.061553 
2.061553 
2.692582 
2.692582 
0.000000 
0.000000 
1.581139 
1.581139 
1.414214 
1.414214 
21.523243 
21.523243 
2.500000 
2.500000 
4.609772 
4.609772 
0.000000 
0.000000 
1.000000 
1.000000 
4.031129 
4.031129 
4.123106 
4.123106 
11.543396 
11.543396 
2.061553 
2.061553 
1.500000 
1.500000 
1.500000 
1.500000 
1.802776 
1.802776 
24.520400 
24.520400 
1.000000 
1.000000 
2.061553 
2.061553 
0.000000 
0.000000 
2.000000 
2.000000 
2.500000 
2.500000 
2.692582 
2.692582 
0.000000 
0.000000 
1.581139 
1.581139 
1.414214 
1.414214 
2.236068 
2.236068 
2.500000 
2.500000 
4.609772 
4.609772 
0.000000 
0.000000 
2.061553 
2.061553 
3.535534 
3.535534 
4.123106 
4.123106 
1.802776 
1.802776 
2.061553 
2.061553 
1.500000 
1.500000 
1.581139 
1.581139 
1.802776 
1.802776 
24.520400 
24.520400 
1.118034 
1.118034 
3.354102 
3.354102 
0.000000 
0.000000 
0.000000 
0.000000 
1.414214 
1.414214 
2.000000 
2.000000 
3.605551 
3.605551 
2.692582 
2.692582 
0.000000 
0.000000 
1.581139 
1.581139 
1.414214 
1.414214 
1.581139 
1.581139 
2.500000 
2.500000 
4.609772 
4.609772 
2.236068 
2.236068 
9.513149 
9.513149 
4.123106 
4.123106 
12.509996 
12.509996 
1.118034 
1.118034 
12.165525 
12.165525 
1.581139 
1.581139 
1.802776 
1.802776 
24.520400 
24.520400 
2.000000 
2.000000 
13.462912 
13.462912 
