0.000000 
0.000000 
0.000000 
0.000000 
0.000000 
0.000000 
0.000000 
0.000000 
0.000000 
0.000000 
8.544004 
8.544004 
4.272002 
4.272002 
3.201562 
3.201562 
6.020797 
6.020797 
2.061553 
2.061553 
31.100643 
31.100643 
3.354102 
3.354102 
11.000000 
11.000000 
5.700877 
5.700877 
3.162278 
3.162278 
10.124228 
10.124228 
4.609772 
4.609772 
8.944272 
8.944272 
20.006249 
20.006249 
3.500000 
3.500000 
5.590170 
5.590170 
1.000000 
1.000000 
7.106335 
7.106335 
5.315073 
5.315073 
31.503968 
31.503968 
5.590170 
5.590170 
2.000000 
2.000000 
6.103278 
6.103278 
53.037722 
53.037722 
1.118034 
1.118034 
5.590170 
5.590170 
2.121320 
2.121320 
5.315073 
5.315073 
3.640055 
3.640055 
0.500000 
0.500000 
44.002841 
44.002841 
1.118034 
1.118034 
3.000000 
3.000000 
3.640055 
3.640055 
0.000000 
0.000000 
0.000000 
0.000000 
0.000000 
0.000000 
3.807887 
3.807887 
2.500000 
2.500000 
3.000000 
3.000000 
3.640055 
3.640055 
22.522211 
22.522211 
13.086252 
13.086252 
13.086252 
13.086252 
2.236068 
2.236068 
2.236068 
2.236068 
3.000000 
3.000000 
3.640055 
3.640055 
2.121320 
2.121320 
8.062258 
8.062258 
39.223717 
39.223717 
2.500000 
2.500000 
2.236068 
2.236068 
3.000000 
3.000000 
3.640055 
3.640055 
1.118034 
1.118034 
8.062258 
8.062258 
6.324555 
6.324555 
3.201562 
3.201562 
2.236068 
2.236068 
3.000000 
3.000000 
3.640055 
3.640055 
27.613403 
27.613403 
8.062258 
8.062258 
2.692582 
2.692582 
3.201562 
3.201562 
2.236068 
2.236068 
3.000000 
3.000000 
3.640055 
3.640055 
0.707107 
0.707107 
28.178006 
28.178006 
5.000000 
5.000000 
3.201562 
3.201562 
2.236068 
2.236068 
3.000000 
3.000000 
3.640055 
3.640055 
27.166155 
27.166155 
1.500000 
1.500000 
4.716991 
4.716991 
3.201562 
3.201562 
2.236068 
2.236068 
3.000000 
3.000000 
3.640055 
3.640055 
3.354102 
3.354102 
21.377558 
21.377558 
16.620770 
16.620770 
3.201562 
3.201562 
2.236068 
2.236068 
3.000000 
3.000000 
3.640055 
3.640055 
3.354102 
3.354102 
5.000000 
5.000000 
4.123106 
4.123106 
3.201562 
3.201562 
2.236068 
2.236068 
3.000000 
3.000000 
3.640055 
3.640055 
3.354102 
3.354102 
4.031129 
4.031129 
3.807887 
3.807887 
7.778175 
7.778175 
2.236068 
2.236068 
3.000000 
3.000000 
3.640055 
3.640055 
3.354102 
3.354102 
4.031129 
4.031129 
6.726812 
6.726812 
2.061553 
2.061553 
5.147815 
5.147815 
3.000000 
3.000000 
3.640055 
3.640055 
3.354102 
3.354102 
4.031129 
4.031129 
6.726812 
6.726812 
2.000000 
2.000000 
1.581139 
1.581139 
3.000000 
3.000000 
3.640055 
3.640055 
3.354102 
3.354102 
4.031129 
4.031129 
6.726812 
6.726812 
1.500000 
1.500000 
1.581139 
1.581139 
3.000000 
3.000000 
3.640055 
3.640055 
3.354102 
3.354102 
4.031129 
4.031129 
6.726812 
6.726812 
5.408327 
5.408327 
1.581139 
1.581139 
3.000000 
3.000000 
3.640055 
3.640055 
3.354102 
3.354102 
4.031129 
4.031129 
6.726812 
6.726812 
1.118034 
1.118034 
1.581139 
1.581139 
3.354102 
3.354102 
4.031129 
4.031129 
6.726812 
6.726812 
1.118034 
1.118034 
0.707107 
0.707107 
3.354102 
3.354102 
4.031129 
4.031129 
6.726812 
6.726812 
4.031129 
4.031129 
2.236068 
2.236068 
3.354102 
3.354102 
4.031129 
4.031129 
6.726812 
6.726812 
3.162278 
3.162278 
1.581139 
1.581139 
3.354102 
3.354102 
4.031129 
4.031129 
6.726812 
6.726812 
5.590170 
5.590170 
3.535534 
3.535534 
3.354102 
3.354102 
4.031129 
4.031129 
6.726812 
6.726812 
5.522681 
5.522681 
2.000000 
2.000000 
3.354102 
3.354102 
0.000000 
0.000000 
4.031129 
4.031129 
6.726812 
6.726812 
5.522681 
5.522681 
3.605551 
3.605551 
3.354102 
3.354102 
0.000000 
0.000000 
2.549510 
2.549510 
4.031129 
4.031129 
6.726812 
6.726812 
5.522681 
5.522681 
3.640055 
3.640055 
0.000000 
0.000000 
8.631338 
8.631338 
4.031129 
4.031129 
6.726812 
6.726812 
5.522681 
5.522681 
1.414214 
1.414214 
0.000000 
0.000000 
6.964194 
6.964194 
4.031129 
4.031129 
6.726812 
6.726812 
5.522681 
5.522681 
1.414214 
1.414214 
0.000000 
0.000000 
2.500000 
2.500000 
6.726812 
6.726812 
5.522681 
5.522681 
1.802776 
1.802776 
0.000000 
0.000000 
3.000000 
3.000000 
5.522681 
5.522681 
3.605551 
3.605551 
0.000000 
0.000000 
2.692582 
2.692582 
10.049876 
10.049876 
1.118034 
1.118034 
0.000000 
0.000000 
16.620770 
16.620770 
3.807887 
3.807887 
1.500000 
1.500000 
0.000000 
0.000000 
6.403124 
6.403124 
3.354102 
3.354102 
1.500000 
1.500000 
0.000000 
0.000000 
6.800735 
6.800735 
32.503846 
32.503846 
1.500000 
1.500000 
0.000000 
0.000000 
6.800735 
6.800735 
4.609772 
4.609772 
1.500000 
1.500000 
0.000000 
0.000000 
0.000000 
0.000000 
6.800735 
6.800735 
4.609772 
4.609772 
16.552945 
16.552945 
