0.000000 
0.000000 
0.000000 
0.000000 
3.535534 
3.535534 
1.581139 
1.581139 
3.535534 
3.535534 
3.201562 
3.201562 
12.509996 
12.509996 
17.951323 
17.951323 
3.905125 
3.905125 
36.086701 
36.086701 
4.242641 
4.242641 
9.513149 
9.513149 
4.242641 
4.242641 
15.239751 
15.239751 
5.000000 
5.000000 
15.239751 
15.239751 
3.535534 
3.535534 
15.239751 
15.239751 
3.535534 
3.535534 
1.414214 
1.414214 
3.535534 
3.535534 
13.509256 
13.509256 
3.535534 
3.535534 
2.915476 
2.915476 
3.535534 
3.535534 
9.300538 
9.300538 
3.535534 
3.535534 
2.549510 
2.549510 
3.535534 
3.535534 
5.000000 
5.000000 
3.535534 
3.535534 
3.041381 
3.041381 
3.535534 
3.535534 
1.802776 
1.802776 
3.535534 
3.535534 
3.201562 
3.201562 
3.535534 
3.535534 
3.807887 
3.807887 
3.535534 
3.535534 
3.535534 
3.535534 
3.535534 
3.535534 
1.500000 
1.500000 
3.535534 
3.535534 
4.716991 
4.716991 
3.535534 
3.535534 
4.743416 
4.743416 
3.640055 
3.640055 
4.472136 
4.472136 
2.061553 
2.061553 
2.236068 
2.236068 
2.500000 
2.500000 
7.762087 
7.762087 
3.640055 
3.640055 
2.236068 
2.236068 
15.033296 
15.033296 
0.707107 
0.707107 
14.713939 
14.713939 
4.031129 
4.031129 
4.609772 
4.609772 
11.045361 
11.045361 
4.272002 
4.272002 
23.048861 
23.048861 
2.915476 
2.915476 
