0.000000 
0.000000 
0.000000 
0.000000 
20.006249 
20.006249 
4.272002 
4.272002 
3.640055 
3.640055 
10.124228 
10.124228 
2.692582 
2.692582 
12.589678 
12.589678 
1.414214 
1.414214 
5.522681 
5.522681 
11.510864 
11.510864 
4.272002 
4.272002 
1.802776 
1.802776 
3.640055 
3.640055 
2.061553 
2.061553 
10.688779 
10.688779 
3.535534 
3.535534 
0.707107 
0.707107 
15.532225 
15.532225 
1.581139 
1.581139 
2.061553 
2.061553 
10.111874 
10.111874 
0.000000 
0.000000 
3.041381 
3.041381 
15.206906 
15.206906 
6.020797 
6.020797 
3.535534 
3.535534 
4.031129 
4.031129 
10.440307 
10.440307 
17.066048 
17.066048 
0.500000 
0.500000 
1.000000 
1.000000 
4.301163 
4.301163 
14.008926 
14.008926 
9.486833 
9.486833 
1.581139 
1.581139 
0.000000 
0.000000 
9.486833 
9.486833 
2.549510 
2.549510 
5.700877 
5.700877 
9.486833 
9.486833 
3.500000 
3.500000 
5.700877 
5.700877 
9.486833 
9.486833 
3.354102 
3.354102 
5.700877 
5.700877 
9.486833 
9.486833 
3.354102 
3.354102 
5.700877 
5.700877 
9.486833 
9.486833 
1.500000 
1.500000 
12.010412 
12.010412 
9.486833 
9.486833 
9.219544 
9.219544 
2.061553 
2.061553 
9.486833 
9.486833 
2.500000 
2.500000 
3.201562 
3.201562 
9.486833 
9.486833 
2.692582 
2.692582 
1.414214 
1.414214 
9.486833 
9.486833 
1.581139 
1.581139 
1.500000 
1.500000 
9.486833 
9.486833 
1.118034 
1.118034 
3.807887 
3.807887 
9.486833 
9.486833 
1.118034 
1.118034 
3.535534 
3.535534 
9.486833 
9.486833 
2.061553 
2.061553 
7.826238 
7.826238 
9.486833 
9.486833 
3.041381 
3.041381 
4.743416 
4.743416 
9.486833 
9.486833 
9.013878 
9.013878 
24.682990 
24.682990 
2.236068 
2.236068 
5.000000 
5.000000 
11.597414 
11.597414 
9.861541 
9.861541 
1.581139 
1.581139 
1.802776 
1.802776 
1.581139 
1.581139 
0.707107 
0.707107 
9.552487 
9.552487 
0.500000 
0.500000 
0.707107 
0.707107 
1.118034 
1.118034 
1.581139 
1.581139 
0.000000 
0.000000 
0.707107 
0.707107 
