0.000000 
0.000000 
0.000000 
0.000000 
2.061553 
2.061553 
1.118034 
1.118034 
2.236068 
2.236068 
2.061553 
2.061553 
3.500000 
3.500000 
2.061553 
2.061553 
20.880613 
20.880613 
3.041381 
3.041381 
19.104973 
19.104973 
2.915476 
2.915476 
2.000000 
2.000000 
3.162278 
3.162278 
2.692582 
2.692582 
1.581139 
1.581139 
2.236068 
2.236068 
0.500000 
0.500000 
18.062392 
18.062392 
1.581139 
1.581139 
3.201562 
3.201562 
1.000000 
1.000000 
0.000000 
0.000000 
2.915476 
2.915476 
2.915476 
2.915476 
7.905694 
7.905694 
2.915476 
2.915476 
3.162278 
3.162278 
26.100766 
26.100766 
2.915476 
2.915476 
2.000000 
2.000000 
7.158911 
7.158911 
2.915476 
2.915476 
0.707107 
0.707107 
6.800735 
6.800735 
2.915476 
2.915476 
0.500000 
0.500000 
5.700877 
5.700877 
2.915476 
2.915476 
2.500000 
2.500000 
4.472136 
4.472136 
2.915476 
2.915476 
3.000000 
3.000000 
0.000000 
0.000000 
0.000000 
0.000000 
4.472136 
4.472136 
2.915476 
2.915476 
3.000000 
3.000000 
6.184658 
6.184658 
10.000000 
10.000000 
4.472136 
4.472136 
2.915476 
2.915476 
3.000000 
3.000000 
18.110770 
18.110770 
3.807887 
3.807887 
4.472136 
4.472136 
2.915476 
2.915476 
3.000000 
3.000000 
4.500000 
4.500000 
2.692582 
2.692582 
4.472136 
4.472136 
2.915476 
2.915476 
3.000000 
3.000000 
12.539936 
12.539936 
16.007811 
16.007811 
4.472136 
4.472136 
2.915476 
2.915476 
3.000000 
3.000000 
12.539936 
12.539936 
4.272002 
4.272002 
4.472136 
4.472136 
2.915476 
2.915476 
3.000000 
3.000000 
12.539936 
12.539936 
7.615773 
7.615773 
4.472136 
4.472136 
2.915476 
2.915476 
3.000000 
3.000000 
12.539936 
12.539936 
6.500000 
6.500000 
4.472136 
4.472136 
2.915476 
2.915476 
3.000000 
3.000000 
12.539936 
12.539936 
14.560220 
14.560220 
4.472136 
4.472136 
3.000000 
3.000000 
0.000000 
0.000000 
12.539936 
12.539936 
2.000000 
2.000000 
4.472136 
4.472136 
3.000000 
3.000000 
7.071068 
7.071068 
12.539936 
12.539936 
3.041381 
3.041381 
4.472136 
4.472136 
3.000000 
3.000000 
28.935273 
28.935273 
12.539936 
12.539936 
2.061553 
2.061553 
4.472136 
4.472136 
3.000000 
3.000000 
1.118034 
1.118034 
12.539936 
12.539936 
1.414214 
1.414214 
4.472136 
4.472136 
3.000000 
3.000000 
1.581139 
1.581139 
12.539936 
12.539936 
1.500000 
1.500000 
4.472136 
4.472136 
3.000000 
3.000000 
3.500000 
3.500000 
12.539936 
12.539936 
1.000000 
1.000000 
0.000000 
0.000000 
2.121320 
2.121320 
12.539936 
12.539936 
1.000000 
1.000000 
10.735455 
10.735455 
3.162278 
3.162278 
12.539936 
12.539936 
1.000000 
1.000000 
6.726812 
6.726812 
4.031129 
4.031129 
12.539936 
12.539936 
1.000000 
1.000000 
6.726812 
6.726812 
6.800735 
6.800735 
12.539936 
12.539936 
1.000000 
1.000000 
6.726812 
6.726812 
3.535534 
3.535534 
1.000000 
1.000000 
6.726812 
6.726812 
2.692582 
2.692582 
1.000000 
1.000000 
6.726812 
6.726812 
5.830952 
5.830952 
1.000000 
1.000000 
6.726812 
6.726812 
5.000000 
5.000000 
1.000000 
1.000000 
6.726812 
6.726812 
3.605551 
3.605551 
1.000000 
1.000000 
6.726812 
6.726812 
2.121320 
2.121320 
1.000000 
1.000000 
6.726812 
6.726812 
0.500000 
0.500000 
1.000000 
1.000000 
6.726812 
6.726812 
3.354102 
3.354102 
1.000000 
1.000000 
6.726812 
6.726812 
6.020797 
6.020797 
1.000000 
1.000000 
6.726812 
6.726812 
5.700877 
5.700877 
1.000000 
1.000000 
6.726812 
6.726812 
3.535534 
3.535534 
