0.000000 
0.000000 
0.000000 
0.000000 
0.000000 
0.000000 
0.000000 
0.000000 
0.000000 
0.000000 
0.000000 
0.000000 
4.716991 
4.716991 
0.000000 
0.000000 
0.000000 
0.000000 
4.472136 
4.472136 
4.609772 
4.609772 
2.549510 
2.549510 
4.716991 
4.716991 
0.000000 
0.000000 
0.000000 
0.000000 
4.472136 
4.472136 
38.551913 
38.551913 
1.000000 
1.000000 
4.716991 
4.716991 
0.000000 
0.000000 
0.000000 
0.000000 
4.472136 
4.472136 
11.543396 
11.543396 
1.414214 
1.414214 
4.716991 
4.716991 
0.000000 
0.000000 
0.000000 
0.000000 
4.472136 
4.472136 
44.679414 
44.679414 
1.581139 
1.581139 
4.716991 
4.716991 
0.000000 
0.000000 
0.000000 
0.000000 
4.472136 
4.472136 
6.324555 
6.324555 
5.700877 
5.700877 
4.716991 
4.716991 
0.000000 
0.000000 
0.000000 
0.000000 
4.472136 
4.472136 
55.879334 
55.879334 
5.700877 
5.700877 
4.716991 
4.716991 
0.000000 
0.000000 
0.000000 
0.000000 
4.472136 
4.472136 
3.201562 
3.201562 
5.700877 
5.700877 
4.716991 
4.716991 
0.000000 
0.000000 
0.000000 
0.000000 
4.472136 
4.472136 
4.272002 
4.272002 
5.700877 
5.700877 
4.716991 
4.716991 
0.000000 
0.000000 
0.000000 
0.000000 
4.472136 
4.472136 
2.121320 
2.121320 
5.700877 
5.700877 
4.716991 
4.716991 
0.000000 
0.000000 
0.000000 
0.000000 
4.472136 
4.472136 
6.082763 
6.082763 
5.700877 
5.700877 
4.716991 
4.716991 
0.000000 
0.000000 
0.000000 
0.000000 
4.472136 
4.472136 
8.544004 
8.544004 
5.700877 
5.700877 
4.716991 
4.716991 
0.000000 
0.000000 
0.000000 
0.000000 
4.472136 
4.472136 
4.031129 
4.031129 
5.700877 
5.700877 
0.000000 
0.000000 
4.716991 
4.716991 
0.000000 
0.000000 
0.000000 
0.000000 
4.472136 
4.472136 
54.502294 
54.502294 
5.700877 
5.700877 
2.061553 
2.061553 
4.716991 
4.716991 
0.000000 
0.000000 
0.000000 
0.000000 
4.472136 
4.472136 
3.354102 
3.354102 
5.700877 
5.700877 
2.061553 
2.061553 
4.716991 
4.716991 
4.472136 
4.472136 
47.594643 
47.594643 
5.700877 
5.700877 
2.061553 
2.061553 
8.514693 
8.514693 
5.700877 
5.700877 
2.061553 
2.061553 
6.800735 
6.800735 
5.700877 
5.700877 
2.061553 
2.061553 
36.031236 
36.031236 
5.700877 
5.700877 
2.061553 
2.061553 
5.024938 
5.024938 
5.700877 
5.700877 
0.000000 
0.000000 
2.061553 
2.061553 
8.845903 
8.845903 
33.526109 
33.526109 
2.061553 
2.061553 
8.602325 
8.602325 
8.845903 
8.845903 
2.061553 
2.061553 
4.031129 
4.031129 
10.700467 
10.700467 
2.061553 
2.061553 
3.905125 
3.905125 
21.224985 
21.224985 
2.061553 
2.061553 
5.099020 
5.099020 
9.219544 
9.219544 
2.061553 
2.061553 
5.315073 
5.315073 
3.354102 
3.354102 
2.061553 
2.061553 
58.713286 
58.713286 
3.535534 
3.535534 
2.061553 
2.061553 
4.527693 
4.527693 
6.082763 
6.082763 
2.061553 
2.061553 
4.924429 
4.924429 
25.739075 
25.739075 
8.321658 
8.321658 
11.672618 
11.672618 
10.062306 
10.062306 
11.180340 
11.180340 
40.610959 
40.610959 
7.211103 
7.211103 
11.401754 
11.401754 
27.115494 
27.115494 
11.401754 
11.401754 
7.433034 
7.433034 
27.000000 
27.000000 
2.549510 
2.549510 
4.000000 
4.000000 
1.000000 
1.000000 
6.324555 
6.324555 
2.915476 
2.915476 
29.436372 
29.436372 
6.800735 
6.800735 
48.002604 
48.002604 
7.905694 
7.905694 
10.594810 
10.594810 
25.504901 
25.504901 
12.500000 
12.500000 
2.061553 
2.061553 
5.590170 
5.590170 
2.692582 
2.692582 
3.605551 
3.605551 
3.807887 
3.807887 
6.519202 
6.519202 
16.770510 
16.770510 
8.139410 
8.139410 
7.071068 
7.071068 
4.031129 
4.031129 
7.516648 
7.516648 
6.020797 
6.020797 
5.700877 
5.700877 
1.118034 
1.118034 
