0.000000 
0.000000 
12.010412 
12.010412 
0.000000 
0.000000 
13.536986 
13.536986 
2.061553 
2.061553 
1.581139 
1.581139 
9.013878 
9.013878 
2.000000 
2.000000 
1.500000 
1.500000 
6.020797 
6.020797 
0.500000 
0.500000 
2.236068 
2.236068 
0.707107 
0.707107 
9.013878 
9.013878 
1.118034 
1.118034 
3.905125 
3.905125 
1.118034 
1.118034 
8.139410 
8.139410 
1.118034 
1.118034 
7.000000 
7.000000 
1.118034 
1.118034 
5.099020 
5.099020 
1.118034 
1.118034 
2.061553 
2.061553 
1.118034 
1.118034 
5.000000 
5.000000 
1.118034 
1.118034 
2.915476 
2.915476 
1.118034 
1.118034 
2.915476 
2.915476 
1.118034 
1.118034 
6.041523 
6.041523 
1.118034 
1.118034 
30.203477 
30.203477 
1.118034 
1.118034 
5.147815 
5.147815 
1.118034 
1.118034 
8.139410 
8.139410 
1.118034 
1.118034 
8.139410 
8.139410 
1.118034 
1.118034 
8.139410 
8.139410 
1.118034 
1.118034 
8.139410 
8.139410 
8.139410 
8.139410 
8.139410 
8.139410 
8.139410 
8.139410 
8.139410 
8.139410 
8.139410 
8.139410 
8.139410 
8.139410 
8.139410 
8.139410 
8.139410 
8.139410 
8.139410 
8.139410 
8.139410 
8.139410 
8.139410 
8.139410 
