0.000000 
0.000000 
36.183560 
36.183560 
25.894015 
25.894015 
3.640055 
3.640055 
2.692582 
2.692582 
0.000000 
0.000000 
29.154759 
29.154759 
8.015610 
8.015610 
8.558621 
8.558621 
0.000000 
0.000000 
9.055385 
9.055385 
6.082763 
6.082763 
4.301163 
4.301163 
6.082763 
6.082763 
8.558621 
8.558621 
6.082763 
6.082763 
3.500000 
3.500000 
6.082763 
6.082763 
2.549510 
2.549510 
6.082763 
6.082763 
2.549510 
2.549510 
6.082763 
6.082763 
1.118034 
1.118034 
6.082763 
6.082763 
1.118034 
1.118034 
6.082763 
6.082763 
11.510864 
11.510864 
6.082763 
6.082763 
37.513331 
37.513331 
6.082763 
6.082763 
2.915476 
2.915476 
6.082763 
6.082763 
12.419742 
12.419742 
0.000000 
0.000000 
6.082763 
6.082763 
14.534442 
14.534442 
26.076810 
26.076810 
6.082763 
6.082763 
12.000000 
12.000000 
0.000000 
0.000000 
32.503846 
32.503846 
6.082763 
6.082763 
23.521267 
23.521267 
8.500000 
8.500000 
7.648529 
7.648529 
6.082763 
6.082763 
9.192388 
9.192388 
7.433034 
7.433034 
3.807887 
3.807887 
6.946222 
6.946222 
1.414214 
1.414214 
28.359302 
28.359302 
11.597414 
11.597414 
27.459060 
27.459060 
26.683328 
26.683328 
6.324555 
6.324555 
27.459060 
27.459060 
6.403124 
6.403124 
7.905694 
7.905694 
27.459060 
27.459060 
14.560220 
14.560220 
1.581139 
1.581139 
27.459060 
27.459060 
11.543396 
11.543396 
4.743416 
4.743416 
27.459060 
27.459060 
8.139410 
8.139410 
4.743416 
4.743416 
27.459060 
27.459060 
25.144582 
25.144582 
4.743416 
4.743416 
27.459060 
27.459060 
2.692582 
2.692582 
4.743416 
4.743416 
27.459060 
27.459060 
2.061553 
2.061553 
33.034073 
33.034073 
27.459060 
27.459060 
6.403124 
6.403124 
32.249031 
32.249031 
27.459060 
27.459060 
1.581139 
1.581139 
25.932605 
25.932605 
27.459060 
27.459060 
8.732125 
8.732125 
8.860023 
8.860023 
27.459060 
27.459060 
14.000000 
14.000000 
6.670832 
6.670832 
27.459060 
27.459060 
7.158911 
7.158911 
6.264982 
6.264982 
27.459060 
27.459060 
2.549510 
2.549510 
3.354102 
3.354102 
27.459060 
27.459060 
5.000000 
5.000000 
3.354102 
3.354102 
