0.000000 
0.000000 
0.000000 
0.000000 
0.000000 
0.000000 
7.632169 
7.632169 
0.000000 
0.000000 
58.951251 
58.951251 
0.000000 
0.000000 
58.951251 
58.951251 
0.000000 
0.000000 
58.951251 
58.951251 
0.000000 
0.000000 
58.951251 
58.951251 
0.000000 
0.000000 
58.951251 
58.951251 
0.000000 
0.000000 
58.951251 
58.951251 
0.000000 
0.000000 
58.951251 
58.951251 
0.000000 
0.000000 
58.951251 
58.951251 
0.000000 
0.000000 
58.951251 
58.951251 
0.000000 
0.000000 
58.951251 
58.951251 
0.000000 
0.000000 
58.951251 
58.951251 
0.000000 
0.000000 
58.951251 
58.951251 
0.000000 
0.000000 
58.951251 
58.951251 
58.951251 
58.951251 
58.951251 
58.951251 
0.000000 
0.000000 
9.394147 
9.394147 
9.394147 
9.394147 
9.394147 
9.394147 
9.394147 
9.394147 
18.069311 
18.069311 
5.024938 
5.024938 
7.433034 
7.433034 
32.687918 
32.687918 
0.000000 
0.000000 
10.770330 
10.770330 
1.118034 
1.118034 
10.124228 
10.124228 
0.000000 
0.000000 
1.118034 
1.118034 
6.670832 
6.670832 
8.746428 
8.746428 
1.118034 
1.118034 
5.220153 
5.220153 
8.746428 
8.746428 
1.118034 
1.118034 
6.363961 
6.363961 
8.746428 
8.746428 
1.118034 
1.118034 
16.155494 
16.155494 
8.746428 
8.746428 
13.416408 
13.416408 
11.045361 
11.045361 
8.746428 
8.746428 
3.500000 
3.500000 
24.622145 
24.622145 
8.746428 
8.746428 
3.500000 
3.500000 
8.558621 
8.558621 
8.746428 
8.746428 
3.500000 
3.500000 
2.236068 
2.236068 
8.746428 
8.746428 
3.500000 
3.500000 
4.301163 
4.301163 
8.746428 
8.746428 
3.500000 
3.500000 
8.631338 
8.631338 
8.746428 
8.746428 
3.500000 
3.500000 
26.004807 
26.004807 
8.746428 
8.746428 
3.500000 
3.500000 
2.692582 
2.692582 
