0.000000 
0.000000 
0.000000 
0.000000 
0.000000 
0.000000 
0.000000 
0.000000 
3.535534 
3.535534 
6.324555 
6.324555 
0.000000 
0.000000 
0.000000 
0.000000 
2.236068 
2.236068 
5.522681 
5.522681 
0.000000 
0.000000 
0.000000 
0.000000 
9.013878 
9.013878 
1.414214 
1.414214 
0.000000 
0.000000 
0.000000 
0.000000 
0.000000 
0.000000 
2.692582 
2.692582 
4.609772 
4.609772 
0.000000 
0.000000 
0.000000 
0.000000 
0.000000 
0.000000 
4.272002 
4.272002 
48.502577 
48.502577 
0.000000 
0.000000 
0.000000 
0.000000 
0.000000 
0.000000 
4.743416 
4.743416 
9.656604 
9.656604 
0.000000 
0.000000 
0.000000 
0.000000 
0.000000 
0.000000 
3.807887 
3.807887 
33.737961 
33.737961 
0.000000 
0.000000 
0.000000 
0.000000 
0.000000 
0.000000 
0.000000 
0.000000 
3.500000 
3.500000 
6.403124 
6.403124 
0.000000 
0.000000 
0.000000 
0.000000 
0.000000 
0.000000 
0.000000 
0.000000 
8.631338 
8.631338 
36.776351 
36.776351 
22.022716 
22.022716 
0.000000 
0.000000 
0.000000 
0.000000 
0.000000 
0.000000 
3.500000 
3.500000 
39.322385 
39.322385 
20.506097 
20.506097 
0.000000 
0.000000 
0.000000 
0.000000 
0.000000 
0.000000 
9.055385 
9.055385 
5.147815 
5.147815 
7.826238 
7.826238 
0.000000 
0.000000 
0.000000 
0.000000 
0.000000 
0.000000 
4.527693 
4.527693 
2.500000 
2.500000 
7.106335 
7.106335 
0.000000 
0.000000 
0.000000 
0.000000 
0.000000 
0.000000 
5.590170 
5.590170 
31.036269 
31.036269 
1.414214 
1.414214 
0.000000 
0.000000 
0.000000 
0.000000 
0.000000 
0.000000 
6.964194 
6.964194 
8.381527 
8.381527 
1.118034 
1.118034 
0.000000 
0.000000 
0.000000 
0.000000 
0.000000 
0.000000 
8.246211 
8.246211 
5.024938 
5.024938 
2.061553 
2.061553 
0.000000 
0.000000 
6.324555 
6.324555 
1.414214 
1.414214 
0.000000 
0.000000 
19.455076 
19.455076 
0.000000 
0.000000 
20.554805 
20.554805 
2.500000 
2.500000 
0.000000 
0.000000 
3.905125 
3.905125 
19.455076 
19.455076 
0.000000 
0.000000 
6.082763 
6.082763 
3.535534 
3.535534 
0.500000 
0.500000 
2.061553 
2.061553 
19.455076 
19.455076 
5.522681 
5.522681 
4.031129 
4.031129 
17.117243 
17.117243 
1.500000 
1.500000 
19.455076 
19.455076 
2.692582 
2.692582 
4.743416 
4.743416 
0.000000 
0.000000 
4.031129 
4.031129 
1.500000 
1.500000 
19.455076 
19.455076 
1.581139 
1.581139 
3.201562 
3.201562 
0.000000 
0.000000 
2.828427 
2.828427 
5.220153 
5.220153 
19.455076 
19.455076 
0.500000 
0.500000 
2.500000 
2.500000 
0.000000 
0.000000 
4.301163 
4.301163 
1.500000 
1.500000 
19.455076 
19.455076 
2.061553 
2.061553 
2.061553 
2.061553 
0.000000 
0.000000 
9.617692 
9.617692 
0.500000 
0.500000 
19.455076 
19.455076 
4.527693 
4.527693 
1.000000 
1.000000 
0.000000 
0.000000 
4.123106 
4.123106 
6.184658 
6.184658 
19.455076 
19.455076 
5.500000 
5.500000 
2.500000 
2.500000 
0.000000 
0.000000 
7.017834 
7.017834 
1.802776 
1.802776 
19.455076 
19.455076 
6.000000 
6.000000 
5.522681 
5.522681 
0.000000 
0.000000 
2.500000 
2.500000 
1.802776 
1.802776 
19.455076 
19.455076 
24.627221 
24.627221 
6.964194 
6.964194 
0.000000 
0.000000 
46.097722 
46.097722 
1.802776 
1.802776 
19.455076 
19.455076 
12.658989 
12.658989 
42.026777 
42.026777 
0.000000 
0.000000 
11.672618 
11.672618 
1.802776 
1.802776 
19.455076 
19.455076 
18.248288 
18.248288 
10.111874 
10.111874 
0.000000 
0.000000 
0.000000 
0.000000 
35.724641 
35.724641 
1.802776 
1.802776 
19.455076 
19.455076 
14.713939 
14.713939 
53.558379 
53.558379 
0.000000 
0.000000 
0.000000 
0.000000 
28.217902 
28.217902 
1.802776 
1.802776 
19.455076 
19.455076 
2.121320 
2.121320 
2.915476 
2.915476 
0.000000 
0.000000 
0.000000 
0.000000 
43.026155 
43.026155 
1.802776 
1.802776 
1.414214 
1.414214 
2.236068 
2.236068 
0.000000 
0.000000 
0.000000 
0.000000 
0.000000 
0.000000 
43.026155 
43.026155 
1.802776 
1.802776 
3.000000 
3.000000 
4.527693 
4.527693 
4.527693 
4.527693 
0.000000 
0.000000 
0.000000 
0.000000 
43.026155 
43.026155 
1.802776 
1.802776 
3.162278 
3.162278 
1.802776 
1.802776 
1.802776 
1.802776 
0.000000 
0.000000 
0.000000 
0.000000 
43.026155 
43.026155 
1.802776 
1.802776 
14.577380 
14.577380 
3.535534 
3.535534 
0.707107 
0.707107 
0.000000 
0.000000 
43.026155 
43.026155 
1.802776 
1.802776 
1.581139 
1.581139 
4.609772 
4.609772 
30.536863 
30.536863 
0.000000 
0.000000 
43.026155 
43.026155 
1.802776 
1.802776 
7.071068 
7.071068 
51.244512 
51.244512 
34.091788 
34.091788 
0.000000 
0.000000 
43.026155 
43.026155 
1.802776 
1.802776 
1.802776 
1.802776 
50.301590 
50.301590 
2.500000 
2.500000 
0.000000 
0.000000 
43.026155 
43.026155 
1.802776 
1.802776 
1.414214 
1.414214 
4.609772 
4.609772 
45.011110 
45.011110 
0.000000 
0.000000 
43.026155 
43.026155 
1.802776 
1.802776 
0.500000 
0.500000 
5.315073 
5.315073 
0.500000 
0.500000 
0.000000 
0.000000 
43.026155 
43.026155 
0.500000 
0.500000 
51.502427 
51.502427 
1.414214 
1.414214 
0.000000 
0.000000 
43.026155 
43.026155 
0.500000 
0.500000 
4.242641 
4.242641 
2.549510 
2.549510 
0.000000 
0.000000 
43.026155 
43.026155 
0.500000 
0.500000 
48.002604 
48.002604 
4.031129 
4.031129 
0.000000 
0.000000 
43.026155 
43.026155 
0.500000 
0.500000 
2.000000 
2.000000 
4.472136 
4.472136 
43.026155 
43.026155 
0.500000 
0.500000 
0.707107 
0.707107 
4.123106 
4.123106 
43.026155 
43.026155 
0.500000 
0.500000 
42.107007 
42.107007 
2.549510 
2.549510 
0.500000 
0.500000 
44.544921 
44.544921 
2.500000 
2.500000 
0.500000 
0.500000 
9.500000 
9.500000 
2.061553 
2.061553 
0.500000 
0.500000 
41.527100 
41.527100 
3.807887 
3.807887 
0.500000 
0.500000 
4.743416 
4.743416 
31.144823 
31.144823 
0.500000 
0.500000 
1.118034 
1.118034 
4.242641 
4.242641 
0.500000 
0.500000 
4.242641 
4.242641 
2.915476 
2.915476 
0.500000 
0.500000 
2.500000 
2.500000 
1.118034 
1.118034 
0.500000 
0.500000 
28.779333 
28.779333 
4.242641 
4.242641 
4.031129 
4.031129 
37.054015 
37.054015 
3.041381 
3.041381 
0.000000 
0.000000 
10.440307 
10.440307 
5.024938 
5.024938 
