0.000000 
0.000000 
0.000000 
0.000000 
0.000000 
0.000000 
0.707107 
0.707107 
3.807887 
3.807887 
0.707107 
0.707107 
0.500000 
0.500000 
0.707107 
0.707107 
1.118034 
1.118034 
1.000000 
1.000000 
5.147815 
5.147815 
0.707107 
0.707107 
5.000000 
5.000000 
0.500000 
0.500000 
3.640055 
3.640055 
0.500000 
0.500000 
3.535534 
3.535534 
2.000000 
2.000000 
9.055385 
9.055385 
4.743416 
4.743416 
14.534442 
14.534442 
6.500000 
6.500000 
28.217902 
28.217902 
7.158911 
7.158911 
4.949747 
4.949747 
6.041523 
6.041523 
32.380550 
32.380550 
4.000000 
4.000000 
32.534597 
32.534597 
27.004629 
27.004629 
40.650953 
40.650953 
10.111874 
10.111874 
5.590170 
5.590170 
5.590170 
5.590170 
5.500000 
5.500000 
5.590170 
5.590170 
5.500000 
5.500000 
5.590170 
5.590170 
5.500000 
5.500000 
1.802776 
1.802776 
5.500000 
5.500000 
1.802776 
1.802776 
0.000000 
0.000000 
5.500000 
5.500000 
1.802776 
1.802776 
8.514693 
8.514693 
5.500000 
5.500000 
56.678920 
56.678920 
6.000000 
6.000000 
5.500000 
5.500000 
4.301163 
4.301163 
30.565503 
30.565503 
5.500000 
5.500000 
4.272002 
4.272002 
3.201562 
3.201562 
5.500000 
5.500000 
4.272002 
4.272002 
3.201562 
3.201562 
5.500000 
5.500000 
4.272002 
4.272002 
21.360009 
21.360009 
5.500000 
5.500000 
4.272002 
4.272002 
22.022716 
22.022716 
5.500000 
5.500000 
4.272002 
4.272002 
3.000000 
3.000000 
5.500000 
5.500000 
4.272002 
4.272002 
2.061553 
2.061553 
5.500000 
5.500000 
4.272002 
4.272002 
0.500000 
0.500000 
5.500000 
5.500000 
4.272002 
4.272002 
2.236068 
2.236068 
4.272002 
4.272002 
34.532593 
34.532593 
4.272002 
4.272002 
10.000000 
10.000000 
4.272002 
4.272002 
7.211103 
7.211103 
4.272002 
4.272002 
7.632169 
7.632169 
4.272002 
4.272002 
2.549510 
2.549510 
4.272002 
4.272002 
3.640055 
3.640055 
4.272002 
4.272002 
8.139410 
8.139410 
