0.000000 
0.000000 
0.000000 
0.000000 
0.000000 
0.000000 
0.000000 
0.000000 
0.000000 
0.000000 
0.000000 
0.000000 
0.000000 
0.000000 
0.000000 
0.000000 
0.000000 
0.000000 
0.000000 
0.000000 
1.802776 
1.802776 
2.000000 
2.000000 
2.692582 
2.692582 
0.707107 
0.707107 
9.513149 
9.513149 
10.547512 
10.547512 
1.000000 
1.000000 
4.743416 
4.743416 
0.500000 
0.500000 
2.915476 
2.915476 
1.802776 
1.802776 
1.118034 
1.118034 
2.061553 
2.061553 
0.500000 
0.500000 
0.707107 
0.707107 
2.236068 
2.236068 
1.118034 
1.118034 
5.147815 
5.147815 
0.500000 
0.500000 
2.061553 
2.061553 
1.802776 
1.802776 
2.061553 
2.061553 
2.500000 
2.500000 
0.500000 
0.500000 
1.118034 
1.118034 
13.000000 
13.000000 
12.500000 
12.500000 
26.476405 
26.476405 
1.581139 
1.581139 
2.061553 
2.061553 
1.802776 
1.802776 
3.041381 
3.041381 
2.500000 
2.500000 
0.707107 
0.707107 
2.121320 
2.121320 
1.581139 
1.581139 
3.640055 
3.640055 
26.000000 
26.000000 
1.118034 
1.118034 
2.061553 
2.061553 
1.802776 
1.802776 
2.549510 
2.549510 
3.605551 
3.605551 
0.000000 
0.000000 
1.414214 
1.414214 
2.236068 
2.236068 
2.692582 
2.692582 
13.647344 
13.647344 
1.581139 
1.581139 
0.000000 
0.000000 
2.061553 
2.061553 
1.802776 
1.802776 
3.640055 
3.640055 
2.549510 
2.549510 
0.500000 
0.500000 
5.700877 
5.700877 
9.340771 
9.340771 
2.500000 
2.500000 
11.180340 
11.180340 
0.500000 
0.500000 
0.000000 
0.000000 
12.165525 
12.165525 
2.061553 
2.061553 
1.802776 
1.802776 
3.000000 
3.000000 
1.581139 
1.581139 
0.707107 
0.707107 
2.500000 
2.500000 
3.000000 
3.000000 
1.581139 
1.581139 
4.031129 
4.031129 
1.581139 
1.581139 
4.743416 
4.743416 
2.500000 
2.500000 
2.061553 
2.061553 
1.802776 
1.802776 
13.928388 
13.928388 
12.854960 
12.854960 
2.061553 
2.061553 
7.566373 
7.566373 
3.500000 
3.500000 
2.692582 
2.692582 
4.031129 
4.031129 
3.000000 
3.000000 
4.743416 
4.743416 
1.500000 
1.500000 
2.061553 
2.061553 
1.802776 
1.802776 
4.527693 
4.527693 
3.535534 
3.535534 
1.581139 
1.581139 
55.285622 
55.285622 
3.041381 
3.041381 
14.534442 
14.534442 
4.031129 
4.031129 
3.041381 
3.041381 
4.743416 
4.743416 
1.414214 
1.414214 
2.061553 
2.061553 
1.802776 
1.802776 
3.807887 
3.807887 
3.535534 
3.535534 
1.581139 
1.581139 
20.099751 
20.099751 
15.000000 
15.000000 
3.041381 
3.041381 
4.031129 
4.031129 
2.549510 
2.549510 
4.743416 
4.743416 
1.414214 
1.414214 
2.061553 
2.061553 
1.802776 
1.802776 
3.162278 
3.162278 
3.535534 
3.535534 
1.000000 
1.000000 
6.500000 
6.500000 
1.500000 
1.500000 
3.041381 
3.041381 
4.031129 
4.031129 
1.000000 
1.000000 
0.000000 
0.000000 
4.743416 
4.743416 
1.414214 
1.414214 
2.061553 
2.061553 
1.802776 
1.802776 
2.061553 
2.061553 
3.535534 
3.535534 
17.507141 
17.507141 
6.103278 
6.103278 
1.414214 
1.414214 
2.061553 
2.061553 
4.031129 
4.031129 
25.005000 
25.005000 
3.000000 
3.000000 
4.743416 
4.743416 
1.414214 
1.414214 
2.061553 
2.061553 
1.802776 
1.802776 
2.549510 
2.549510 
3.535534 
3.535534 
0.500000 
0.500000 
4.242641 
4.242641 
3.605551 
3.605551 
3.500000 
3.500000 
4.031129 
4.031129 
1.000000 
1.000000 
0.000000 
0.000000 
0.000000 
0.000000 
17.564168 
17.564168 
4.743416 
4.743416 
1.414214 
1.414214 
2.061553 
2.061553 
1.802776 
1.802776 
10.307764 
10.307764 
3.535534 
3.535534 
13.462912 
13.462912 
3.500000 
3.500000 
4.123106 
4.123106 
2.500000 
2.500000 
4.031129 
4.031129 
1.000000 
1.000000 
0.000000 
0.000000 
0.000000 
0.000000 
2.000000 
2.000000 
4.609772 
4.609772 
4.527693 
4.527693 
4.743416 
4.743416 
1.414214 
1.414214 
2.061553 
2.061553 
1.802776 
1.802776 
0.707107 
0.707107 
3.535534 
3.535534 
4.031129 
4.031129 
3.500000 
3.500000 
1.802776 
1.802776 
1.500000 
1.500000 
4.031129 
4.031129 
1.000000 
1.000000 
0.000000 
0.000000 
0.000000 
0.000000 
2.915476 
2.915476 
2.500000 
2.500000 
4.609772 
4.609772 
3.605551 
3.605551 
4.743416 
4.743416 
1.414214 
1.414214 
2.061553 
2.061553 
2.061553 
2.061553 
3.535534 
3.535534 
13.647344 
13.647344 
3.500000 
3.500000 
3.041381 
3.041381 
1.118034 
1.118034 
4.031129 
4.031129 
1.000000 
1.000000 
0.000000 
0.000000 
0.000000 
0.000000 
2.915476 
2.915476 
1.118034 
1.118034 
4.609772 
4.609772 
2.549510 
2.549510 
4.743416 
4.743416 
1.414214 
1.414214 
2.061553 
2.061553 
3.640055 
3.640055 
3.535534 
3.535534 
14.000000 
14.000000 
3.500000 
3.500000 
3.041381 
3.041381 
0.500000 
0.500000 
4.031129 
4.031129 
1.000000 
1.000000 
0.000000 
0.000000 
0.000000 
0.000000 
2.915476 
2.915476 
0.707107 
0.707107 
4.609772 
4.609772 
1.118034 
1.118034 
4.743416 
4.743416 
1.414214 
1.414214 
4.000000 
4.000000 
3.535534 
3.535534 
18.006943 
18.006943 
3.500000 
3.500000 
3.041381 
3.041381 
12.093387 
12.093387 
4.031129 
4.031129 
1.000000 
1.000000 
0.000000 
0.000000 
0.000000 
0.000000 
2.915476 
2.915476 
1.118034 
1.118034 
4.609772 
4.609772 
19.006578 
19.006578 
4.743416 
4.743416 
1.414214 
1.414214 
4.000000 
4.000000 
3.535534 
3.535534 
19.557607 
19.557607 
3.500000 
3.500000 
48.010416 
48.010416 
1.118034 
1.118034 
4.031129 
4.031129 
1.000000 
1.000000 
0.000000 
0.000000 
0.000000 
0.000000 
2.915476 
2.915476 
1.000000 
1.000000 
4.609772 
4.609772 
1.802776 
1.802776 
4.743416 
4.743416 
1.414214 
1.414214 
4.000000 
4.000000 
3.535534 
3.535534 
0.707107 
0.707107 
3.500000 
3.500000 
3.354102 
3.354102 
0.500000 
0.500000 
4.031129 
4.031129 
1.000000 
1.000000 
0.000000 
0.000000 
0.000000 
0.000000 
2.915476 
2.915476 
0.500000 
0.500000 
4.609772 
4.609772 
2.500000 
2.500000 
4.743416 
4.743416 
1.414214 
1.414214 
4.000000 
4.000000 
3.535534 
3.535534 
18.828170 
18.828170 
3.500000 
3.500000 
2.500000 
2.500000 
0.000000 
0.000000 
4.031129 
4.031129 
1.000000 
1.000000 
0.000000 
0.000000 
0.000000 
0.000000 
2.915476 
2.915476 
0.500000 
0.500000 
4.609772 
4.609772 
2.500000 
2.500000 
4.743416 
4.743416 
1.414214 
1.414214 
4.000000 
4.000000 
3.535534 
3.535534 
8.544004 
8.544004 
3.500000 
3.500000 
1.414214 
1.414214 
1.000000 
1.000000 
1.000000 
1.000000 
0.000000 
0.000000 
0.000000 
0.000000 
2.915476 
2.915476 
0.500000 
0.500000 
4.609772 
4.609772 
2.500000 
2.500000 
1.414214 
1.414214 
4.000000 
4.000000 
3.535534 
3.535534 
23.286262 
23.286262 
3.500000 
3.500000 
1.414214 
1.414214 
1.000000 
1.000000 
1.000000 
1.000000 
0.000000 
0.000000 
0.000000 
0.000000 
0.000000 
0.000000 
2.915476 
2.915476 
0.000000 
0.000000 
4.609772 
4.609772 
2.500000 
2.500000 
1.414214 
1.414214 
4.000000 
4.000000 
15.008331 
15.008331 
3.500000 
3.500000 
1.414214 
1.414214 
0.500000 
0.500000 
1.000000 
1.000000 
4.000000 
4.000000 
0.000000 
0.000000 
0.000000 
0.000000 
2.915476 
2.915476 
1.118034 
1.118034 
4.609772 
4.609772 
2.500000 
2.500000 
4.000000 
4.000000 
26.419690 
26.419690 
3.500000 
3.500000 
1.414214 
1.414214 
1.414214 
1.414214 
1.000000 
1.000000 
6.708204 
6.708204 
0.000000 
0.000000 
0.000000 
0.000000 
2.915476 
2.915476 
1.118034 
1.118034 
4.609772 
4.609772 
2.500000 
2.500000 
4.000000 
4.000000 
17.677670 
17.677670 
3.500000 
3.500000 
1.414214 
1.414214 
1.118034 
1.118034 
1.000000 
1.000000 
7.158911 
7.158911 
0.000000 
0.000000 
0.000000 
0.000000 
7.826238 
7.826238 
0.707107 
0.707107 
4.609772 
4.609772 
2.500000 
2.500000 
4.000000 
4.000000 
15.572412 
15.572412 
3.500000 
3.500000 
1.414214 
1.414214 
2.500000 
2.500000 
1.000000 
1.000000 
0.000000 
0.000000 
0.000000 
0.000000 
0.000000 
0.000000 
4.472136 
4.472136 
0.000000 
0.000000 
0.000000 
0.000000 
1.581139 
1.581139 
0.707107 
0.707107 
4.609772 
4.609772 
2.500000 
2.500000 
4.000000 
4.000000 
15.033296 
15.033296 
3.500000 
3.500000 
1.414214 
1.414214 
3.640055 
3.640055 
0.000000 
0.000000 
2.121320 
2.121320 
1.500000 
1.500000 
1.581139 
1.581139 
4.472136 
4.472136 
0.000000 
0.000000 
0.000000 
0.000000 
4.472136 
4.472136 
2.000000 
2.000000 
4.609772 
4.609772 
2.500000 
2.500000 
4.000000 
4.000000 
2.500000 
2.500000 
1.414214 
1.414214 
3.354102 
3.354102 
0.000000 
0.000000 
0.000000 
0.000000 
0.000000 
0.000000 
1.000000 
1.000000 
2.061553 
2.061553 
3.162278 
3.162278 
0.500000 
0.500000 
4.472136 
4.472136 
0.000000 
0.000000 
4.716991 
4.716991 
2.061553 
2.061553 
2.500000 
2.500000 
4.000000 
4.000000 
3.162278 
3.162278 
1.414214 
1.414214 
27.504545 
27.504545 
0.000000 
0.000000 
5.590170 
5.590170 
38.503247 
38.503247 
5.656854 
5.656854 
2.061553 
2.061553 
2.061553 
2.061553 
3.162278 
3.162278 
1.000000 
1.000000 
4.472136 
4.472136 
2.500000 
2.500000 
1.118034 
1.118034 
2.500000 
2.500000 
4.000000 
4.000000 
3.535534 
3.535534 
1.414214 
1.414214 
2.549510 
2.549510 
3.041381 
3.041381 
5.590170 
5.590170 
3.201562 
3.201562 
15.532225 
15.532225 
2.061553 
2.061553 
2.061553 
2.061553 
3.162278 
3.162278 
2.500000 
2.500000 
4.472136 
4.472136 
2.500000 
2.500000 
1.118034 
1.118034 
2.500000 
2.500000 
8.631338 
8.631338 
4.609772 
4.609772 
1.414214 
1.414214 
1.000000 
1.000000 
0.000000 
0.000000 
0.000000 
0.000000 
2.236068 
2.236068 
5.590170 
5.590170 
6.041523 
6.041523 
17.356555 
17.356555 
2.061553 
2.061553 
2.061553 
2.061553 
3.162278 
3.162278 
2.500000 
2.500000 
4.472136 
4.472136 
2.500000 
2.500000 
1.118034 
1.118034 
2.500000 
2.500000 
4.123106 
4.123106 
16.620770 
16.620770 
1.414214 
1.414214 
29.004310 
29.004310 
0.000000 
0.000000 
0.000000 
0.000000 
0.000000 
0.000000 
0.500000 
0.500000 
2.236068 
2.236068 
5.590170 
5.590170 
2.500000 
2.500000 
5.099020 
5.099020 
2.061553 
2.061553 
2.061553 
2.061553 
3.162278 
3.162278 
2.500000 
2.500000 
4.472136 
4.472136 
2.500000 
2.500000 
1.118034 
1.118034 
2.500000 
2.500000 
20.886599 
20.886599 
14.508618 
14.508618 
1.414214 
1.414214 
29.004310 
29.004310 
0.000000 
0.000000 
0.000000 
0.000000 
0.000000 
0.000000 
2.692582 
2.692582 
0.000000 
0.000000 
1.118034 
1.118034 
2.236068 
2.236068 
5.590170 
5.590170 
4.472136 
4.472136 
3.500000 
3.500000 
2.061553 
2.061553 
2.061553 
2.061553 
3.162278 
3.162278 
2.500000 
2.500000 
4.472136 
4.472136 
2.500000 
2.500000 
1.118034 
1.118034 
2.500000 
2.500000 
14.080128 
14.080128 
3.535534 
3.535534 
1.414214 
1.414214 
29.004310 
29.004310 
1.802776 
1.802776 
5.590170 
5.590170 
0.000000 
0.000000 
1.118034 
1.118034 
0.000000 
0.000000 
3.640055 
3.640055 
2.236068 
2.236068 
5.590170 
5.590170 
34.441980 
34.441980 
1.500000 
1.500000 
2.061553 
2.061553 
2.061553 
2.061553 
3.162278 
3.162278 
2.500000 
2.500000 
4.472136 
4.472136 
2.500000 
2.500000 
1.118034 
1.118034 
4.743416 
4.743416 
5.220153 
5.220153 
1.414214 
1.414214 
29.004310 
29.004310 
2.828427 
2.828427 
5.590170 
5.590170 
0.000000 
0.000000 
1.118034 
1.118034 
0.000000 
0.000000 
2.692582 
2.692582 
2.236068 
2.236068 
5.590170 
5.590170 
4.743416 
4.743416 
1.581139 
1.581139 
2.061553 
2.061553 
2.061553 
2.061553 
3.162278 
3.162278 
2.500000 
2.500000 
4.472136 
4.472136 
2.500000 
2.500000 
1.118034 
1.118034 
15.811388 
15.811388 
17.528548 
17.528548 
29.004310 
29.004310 
0.000000 
0.000000 
0.000000 
0.000000 
2.061553 
2.061553 
5.590170 
5.590170 
0.000000 
0.000000 
4.031129 
4.031129 
0.000000 
0.000000 
2.692582 
2.692582 
2.236068 
2.236068 
5.590170 
5.590170 
9.055385 
9.055385 
3.162278 
3.162278 
2.061553 
2.061553 
2.061553 
2.061553 
3.162278 
3.162278 
2.500000 
2.500000 
4.472136 
4.472136 
2.500000 
2.500000 
1.118034 
1.118034 
15.811388 
15.811388 
4.527693 
4.527693 
29.004310 
29.004310 
0.000000 
0.000000 
2.692582 
2.692582 
14.840822 
14.840822 
2.915476 
2.915476 
5.590170 
5.590170 
0.000000 
0.000000 
4.031129 
4.031129 
0.000000 
0.000000 
2.692582 
2.692582 
2.236068 
2.236068 
5.590170 
5.590170 
9.055385 
9.055385 
34.713110 
34.713110 
2.061553 
2.061553 
2.061553 
2.061553 
3.162278 
3.162278 
2.500000 
2.500000 
4.472136 
4.472136 
2.500000 
2.500000 
9.708244 
9.708244 
15.811388 
15.811388 
4.527693 
4.527693 
29.004310 
29.004310 
0.000000 
0.000000 
2.549510 
2.549510 
2.692582 
2.692582 
8.077747 
8.077747 
1.581139 
1.581139 
5.590170 
5.590170 
0.000000 
0.000000 
4.031129 
4.031129 
0.000000 
0.000000 
2.692582 
2.692582 
2.236068 
2.236068 
5.590170 
5.590170 
9.055385 
9.055385 
9.861541 
9.861541 
2.061553 
2.061553 
2.061553 
2.061553 
3.162278 
3.162278 
2.500000 
2.500000 
4.472136 
4.472136 
2.500000 
2.500000 
9.708244 
9.708244 
15.811388 
15.811388 
4.527693 
4.527693 
29.004310 
29.004310 
30.004166 
30.004166 
21.005952 
21.005952 
2.692582 
2.692582 
14.326549 
14.326549 
2.061553 
2.061553 
5.590170 
5.590170 
0.000000 
0.000000 
4.031129 
4.031129 
0.000000 
0.000000 
2.692582 
2.692582 
2.236068 
2.236068 
5.590170 
5.590170 
9.055385 
9.055385 
8.500000 
8.500000 
2.061553 
2.061553 
2.061553 
2.061553 
3.162278 
3.162278 
2.500000 
2.500000 
4.472136 
4.472136 
2.500000 
2.500000 
9.708244 
9.708244 
15.811388 
15.811388 
4.527693 
4.527693 
29.004310 
29.004310 
0.000000 
0.000000 
40.503086 
40.503086 
0.500000 
0.500000 
2.692582 
2.692582 
4.716991 
4.716991 
7.648529 
7.648529 
5.590170 
5.590170 
0.000000 
0.000000 
4.031129 
4.031129 
0.000000 
0.000000 
2.692582 
2.692582 
2.236068 
2.236068 
5.590170 
5.590170 
9.055385 
9.055385 
1.414214 
1.414214 
2.061553 
2.061553 
2.061553 
2.061553 
3.162278 
3.162278 
2.500000 
2.500000 
4.472136 
4.472136 
2.500000 
2.500000 
9.708244 
9.708244 
15.811388 
15.811388 
4.527693 
4.527693 
29.004310 
29.004310 
4.472136 
4.472136 
1.581139 
1.581139 
0.500000 
0.500000 
2.692582 
2.692582 
22.770595 
22.770595 
4.609772 
4.609772 
5.590170 
5.590170 
0.000000 
0.000000 
4.031129 
4.031129 
0.000000 
0.000000 
2.692582 
2.692582 
2.236068 
2.236068 
5.590170 
5.590170 
9.055385 
9.055385 
7.566373 
7.566373 
2.061553 
2.061553 
2.061553 
2.061553 
3.162278 
3.162278 
2.500000 
2.500000 
2.500000 
2.500000 
9.708244 
9.708244 
15.811388 
15.811388 
4.527693 
4.527693 
29.004310 
29.004310 
24.000000 
24.000000 
1.802776 
1.802776 
0.500000 
0.500000 
2.692582 
2.692582 
1.802776 
1.802776 
4.609772 
4.609772 
5.590170 
5.590170 
0.000000 
0.000000 
4.031129 
4.031129 
0.000000 
0.000000 
2.692582 
2.692582 
2.236068 
2.236068 
5.590170 
5.590170 
9.055385 
9.055385 
6.576473 
6.576473 
2.061553 
2.061553 
2.061553 
2.061553 
3.162278 
3.162278 
2.500000 
2.500000 
2.500000 
2.500000 
9.708244 
9.708244 
15.811388 
15.811388 
4.527693 
4.527693 
29.004310 
29.004310 
0.000000 
0.000000 
13.509256 
13.509256 
1.802776 
1.802776 
0.500000 
0.500000 
2.692582 
2.692582 
1.802776 
1.802776 
4.609772 
4.609772 
5.590170 
5.590170 
0.000000 
0.000000 
4.031129 
4.031129 
0.000000 
0.000000 
2.692582 
2.692582 
2.236068 
2.236068 
5.590170 
5.590170 
9.055385 
9.055385 
44.011362 
44.011362 
2.061553 
2.061553 
2.500000 
2.500000 
2.500000 
2.500000 
9.708244 
9.708244 
15.811388 
15.811388 
4.527693 
4.527693 
29.004310 
29.004310 
0.000000 
0.000000 
9.219544 
9.219544 
13.509256 
13.509256 
1.802776 
1.802776 
0.500000 
0.500000 
2.692582 
2.692582 
1.802776 
1.802776 
4.609772 
4.609772 
5.590170 
5.590170 
0.000000 
0.000000 
4.031129 
4.031129 
0.000000 
0.000000 
2.692582 
2.692582 
2.236068 
2.236068 
9.055385 
9.055385 
3.041381 
3.041381 
2.500000 
2.500000 
9.708244 
9.708244 
15.811388 
15.811388 
4.527693 
4.527693 
29.004310 
29.004310 
6.964194 
6.964194 
2.915476 
2.915476 
13.509256 
13.509256 
1.802776 
1.802776 
0.500000 
0.500000 
2.692582 
2.692582 
1.802776 
1.802776 
4.609772 
4.609772 
5.590170 
5.590170 
0.000000 
0.000000 
4.031129 
4.031129 
0.000000 
0.000000 
2.692582 
2.692582 
2.236068 
2.236068 
9.055385 
9.055385 
4.123106 
4.123106 
9.708244 
9.708244 
15.811388 
15.811388 
4.527693 
4.527693 
29.004310 
29.004310 
