0.000000 
0.000000 
1.802776 
1.802776 
3.905125 
3.905125 
9.823441 
9.823441 
2.121320 
2.121320 
0.000000 
0.000000 
2.692582 
2.692582 
0.500000 
0.500000 
20.426698 
20.426698 
0.500000 
0.500000 
5.385165 
5.385165 
0.500000 
0.500000 
1.118034 
1.118034 
0.500000 
0.500000 
3.201562 
3.201562 
11.045361 
11.045361 
2.915476 
2.915476 
6.041523 
6.041523 
4.272002 
4.272002 
4.000000 
4.000000 
3.535534 
3.535534 
4.743416 
4.743416 
11.101802 
11.101802 
12.589678 
12.589678 
1.414214 
1.414214 
0.000000 
0.000000 
1.581139 
1.581139 
1.414214 
1.414214 
26.617663 
26.617663 
3.162278 
3.162278 
1.414214 
1.414214 
11.000000 
11.000000 
4.527693 
4.527693 
1.414214 
1.414214 
22.051077 
22.051077 
4.031129 
4.031129 
1.414214 
1.414214 
9.013878 
9.013878 
15.500000 
15.500000 
1.414214 
1.414214 
12.165525 
12.165525 
0.000000 
0.000000 
1.414214 
1.414214 
12.529964 
12.529964 
1.118034 
1.118034 
1.414214 
1.414214 
2.915476 
2.915476 
2.500000 
2.500000 
1.414214 
1.414214 
19.506409 
19.506409 
4.123106 
4.123106 
1.414214 
1.414214 
6.020797 
6.020797 
14.866069 
14.866069 
1.414214 
1.414214 
17.846568 
17.846568 
1.581139 
1.581139 
1.414214 
1.414214 
1.118034 
1.118034 
1.802776 
1.802776 
1.414214 
1.414214 
1.802776 
1.802776 
2.692582 
2.692582 
1.414214 
1.414214 
1.581139 
1.581139 
4.272002 
4.272002 
1.414214 
1.414214 
3.535534 
3.535534 
9.708244 
9.708244 
10.965856 
10.965856 
5.590170 
5.590170 
15.556349 
15.556349 
5.590170 
5.590170 
27.294688 
27.294688 
12.041595 
12.041595 
13.038405 
13.038405 
7.648529 
7.648529 
12.816006 
12.816006 
5.700877 
5.700877 
7.615773 
7.615773 
4.123106 
4.123106 
7.566373 
7.566373 
22.677081 
22.677081 
7.433034 
7.433034 
4.527693 
4.527693 
4.123106 
4.123106 
3.354102 
3.354102 
2.236068 
2.236068 
1.118034 
1.118034 
5.590170 
5.590170 
0.707107 
0.707107 
10.111874 
10.111874 
0.707107 
0.707107 
6.670832 
6.670832 
6.670832 
6.670832 
6.670832 
6.670832 
5.000000 
5.000000 
6.670832 
6.670832 
5.000000 
5.000000 
6.670832 
6.670832 
5.000000 
5.000000 
18.069311 
18.069311 
19.319679 
19.319679 
4.472136 
4.472136 
2.549510 
2.549510 
4.924429 
4.924429 
2.549510 
2.549510 
2.000000 
2.000000 
2.549510 
2.549510 
1.802776 
1.802776 
2.549510 
2.549510 
2.061553 
2.061553 
2.549510 
2.549510 
9.513149 
9.513149 
2.549510 
2.549510 
2.061553 
2.061553 
2.549510 
2.549510 
1.581139 
1.581139 
2.549510 
2.549510 
1.581139 
1.581139 
2.549510 
2.549510 
0.707107 
0.707107 
2.549510 
2.549510 
4.472136 
4.472136 
2.549510 
2.549510 
