0.000000 
0.000000 
0.000000 
0.000000 
0.000000 
0.000000 
1.118034 
1.118034 
6.041523 
6.041523 
4.000000 
4.000000 
1.118034 
1.118034 
11.672618 
11.672618 
7.071068 
7.071068 
1.118034 
1.118034 
3.640055 
3.640055 
6.020797 
6.020797 
1.118034 
1.118034 
5.024938 
5.024938 
5.220153 
5.220153 
0.000000 
0.000000 
1.118034 
1.118034 
3.807887 
3.807887 
5.590170 
5.590170 
0.000000 
0.000000 
0.000000 
0.000000 
1.118034 
1.118034 
3.807887 
3.807887 
6.670832 
6.670832 
6.708204 
6.708204 
1.000000 
1.000000 
1.118034 
1.118034 
2.500000 
2.500000 
6.020797 
6.020797 
6.800735 
6.800735 
1.000000 
1.000000 
1.118034 
1.118034 
1.802776 
1.802776 
11.280514 
11.280514 
6.800735 
6.800735 
1.000000 
1.000000 
1.118034 
1.118034 
1.802776 
1.802776 
2.236068 
2.236068 
6.800735 
6.800735 
1.000000 
1.000000 
1.118034 
1.118034 
1.802776 
1.802776 
4.716991 
4.716991 
6.800735 
6.800735 
1.000000 
1.000000 
1.118034 
1.118034 
1.802776 
1.802776 
6.264982 
6.264982 
6.800735 
6.800735 
1.000000 
1.000000 
1.118034 
1.118034 
1.802776 
1.802776 
5.099020 
5.099020 
0.000000 
0.000000 
6.800735 
6.800735 
1.000000 
1.000000 
1.118034 
1.118034 
1.802776 
1.802776 
6.103278 
6.103278 
2.828427 
2.828427 
6.800735 
6.800735 
1.000000 
1.000000 
1.118034 
1.118034 
1.802776 
1.802776 
7.615773 
7.615773 
3.000000 
3.000000 
6.800735 
6.800735 
1.000000 
1.000000 
1.118034 
1.118034 
1.802776 
1.802776 
6.500000 
6.500000 
6.184658 
6.184658 
6.800735 
6.800735 
1.000000 
1.000000 
1.802776 
1.802776 
7.762087 
7.762087 
6.519202 
6.519202 
6.800735 
6.800735 
1.000000 
1.000000 
1.802776 
1.802776 
4.500000 
4.500000 
5.852350 
5.852350 
6.800735 
6.800735 
1.000000 
1.000000 
1.802776 
1.802776 
2.500000 
2.500000 
3.162278 
3.162278 
6.800735 
6.800735 
1.000000 
1.000000 
1.802776 
1.802776 
9.513149 
9.513149 
2.692582 
2.692582 
6.800735 
6.800735 
1.000000 
1.000000 
1.802776 
1.802776 
3.041381 
3.041381 
6.964194 
6.964194 
6.800735 
6.800735 
1.000000 
1.000000 
1.802776 
1.802776 
5.000000 
5.000000 
52.652160 
52.652160 
6.800735 
6.800735 
1.802776 
1.802776 
3.041381 
3.041381 
3.041381 
3.041381 
1.802776 
1.802776 
1.581139 
1.581139 
2.236068 
2.236068 
1.500000 
1.500000 
6.519202 
6.519202 
0.500000 
0.500000 
5.024938 
5.024938 
1.000000 
1.000000 
5.024938 
5.024938 
3.354102 
3.354102 
5.024938 
5.024938 
4.716991 
4.716991 
0.000000 
0.000000 
5.024938 
5.024938 
2.236068 
2.236068 
0.000000 
0.000000 
3.640055 
3.640055 
6.946222 
6.946222 
2.236068 
2.236068 
5.590170 
5.590170 
3.640055 
3.640055 
2.000000 
2.000000 
2.236068 
2.236068 
22.638463 
22.638463 
34.885527 
34.885527 
0.707107 
0.707107 
2.236068 
2.236068 
0.000000 
0.000000 
7.500000 
7.500000 
26.617663 
26.617663 
3.605551 
3.605551 
2.236068 
2.236068 
0.000000 
0.000000 
1.802776 
1.802776 
7.500000 
7.500000 
2.915476 
2.915476 
4.472136 
4.472136 
2.236068 
2.236068 
2.915476 
2.915476 
0.707107 
0.707107 
7.500000 
7.500000 
21.289669 
21.289669 
5.385165 
5.385165 
2.236068 
2.236068 
15.508062 
15.508062 
1.000000 
1.000000 
7.500000 
7.500000 
2.000000 
2.000000 
3.535534 
3.535534 
2.236068 
2.236068 
5.099020 
5.099020 
0.500000 
0.500000 
7.500000 
7.500000 
2.236068 
2.236068 
0.707107 
0.707107 
2.236068 
2.236068 
4.472136 
4.472136 
1.581139 
1.581139 
7.500000 
7.500000 
25.578311 
25.578311 
2.500000 
2.500000 
2.236068 
2.236068 
4.472136 
4.472136 
1.802776 
1.802776 
7.500000 
7.500000 
25.578311 
25.578311 
1.581139 
1.581139 
2.236068 
2.236068 
