0.000000 
0.000000 
6.403124 
6.403124 
1.000000 
1.000000 
2.828427 
2.828427 
3.535534 
3.535534 
2.915476 
2.915476 
23.759209 
23.759209 
4.272002 
4.272002 
5.590170 
5.590170 
5.024938 
5.024938 
31.036269 
31.036269 
3.905125 
3.905125 
6.500000 
6.500000 
5.656854 
5.656854 
6.082763 
6.082763 
35.057096 
35.057096 
0.000000 
0.000000 
32.500000 
32.500000 
2.500000 
2.500000 
1.000000 
1.000000 
36.390246 
36.390246 
2.692582 
2.692582 
7.632169 
7.632169 
41.527100 
41.527100 
47.095647 
47.095647 
8.381527 
8.381527 
7.648529 
7.648529 
8.732125 
8.732125 
7.158911 
7.158911 
4.301163 
4.301163 
5.147815 
5.147815 
2.915476 
2.915476 
5.315073 
5.315073 
4.924429 
4.924429 
6.500000 
6.500000 
3.041381 
3.041381 
4.031129 
4.031129 
3.162278 
3.162278 
