0.000000 
0.000000 
0.000000 
0.000000 
0.500000 
0.500000 
3.041381 
3.041381 
0.000000 
0.000000 
2.061553 
2.061553 
0.000000 
0.000000 
0.500000 
0.500000 
0.000000 
0.000000 
0.707107 
0.707107 
0.500000 
0.500000 
7.280110 
7.280110 
0.500000 
0.500000 
1.118034 
1.118034 
0.000000 
0.000000 
1.802776 
1.802776 
0.500000 
0.500000 
6.726812 
6.726812 
0.500000 
0.500000 
0.500000 
0.500000 
0.500000 
0.500000 
0.500000 
0.500000 
0.000000 
0.000000 
0.000000 
0.000000 
0.500000 
0.500000 
0.500000 
0.500000 
0.500000 
0.500000 
0.707107 
0.707107 
17.007351 
17.007351 
0.500000 
0.500000 
1.000000 
1.000000 
0.707107 
0.707107 
0.000000 
0.000000 
0.707107 
0.707107 
0.707107 
0.707107 
1.414214 
1.414214 
0.000000 
0.000000 
12.000000 
12.000000 
0.500000 
0.500000 
0.500000 
0.500000 
0.500000 
0.500000 
3.640055 
3.640055 
0.500000 
0.500000 
3.535534 
3.535534 
0.000000 
0.000000 
1.802776 
1.802776 
0.500000 
0.500000 
2.500000 
2.500000 
0.000000 
0.000000 
0.500000 
0.500000 
14.534442 
14.534442 
5.000000 
5.000000 
0.500000 
0.500000 
3.807887 
3.807887 
1.581139 
1.581139 
0.707107 
0.707107 
1.118034 
1.118034 
5.024938 
5.024938 
0.000000 
0.000000 
1.000000 
1.000000 
5.000000 
5.000000 
0.500000 
0.500000 
2.500000 
2.500000 
1.802776 
1.802776 
0.500000 
0.500000 
1.802776 
1.802776 
1.802776 
1.802776 
17.670597 
17.670597 
8.500000 
8.500000 
1.802776 
1.802776 
0.000000 
0.000000 
1.000000 
1.000000 
26.925824 
26.925824 
0.500000 
0.500000 
1.581139 
1.581139 
2.500000 
2.500000 
0.000000 
0.000000 
0.707107 
0.707107 
3.605551 
3.605551 
0.707107 
0.707107 
1.000000 
1.000000 
3.201562 
3.201562 
0.707107 
0.707107 
1.802776 
1.802776 
3.162278 
3.162278 
1.414214 
1.414214 
2.236068 
2.236068 
3.201562 
3.201562 
0.500000 
0.500000 
10.606602 
10.606602 
3.640055 
3.640055 
0.500000 
0.500000 
1.802776 
1.802776 
4.031129 
4.031129 
0.000000 
0.000000 
2.549510 
2.549510 
3.000000 
3.000000 
0.707107 
0.707107 
2.500000 
2.500000 
3.000000 
3.000000 
0.500000 
0.500000 
2.549510 
2.549510 
3.000000 
3.000000 
0.500000 
0.500000 
4.031129 
4.031129 
3.000000 
3.000000 
0.000000 
0.000000 
1.118034 
1.118034 
3.000000 
3.000000 
0.500000 
0.500000 
2.061553 
2.061553 
3.000000 
3.000000 
0.000000 
0.000000 
0.500000 
0.500000 
3.000000 
3.000000 
0.707107 
0.707107 
0.707107 
0.707107 
3.000000 
3.000000 
0.000000 
0.000000 
0.707107 
0.707107 
3.000000 
3.000000 
0.000000 
0.000000 
1.414214 
1.414214 
26.879360 
26.879360 
0.000000 
0.000000 
3.500000 
3.500000 
6.020797 
6.020797 
0.500000 
0.500000 
1.581139 
1.581139 
34.935655 
34.935655 
1.118034 
1.118034 
1.118034 
1.118034 
34.935655 
34.935655 
0.500000 
0.500000 
1.118034 
1.118034 
34.935655 
34.935655 
0.500000 
0.500000 
1.118034 
1.118034 
34.935655 
34.935655 
0.500000 
0.500000 
1.118034 
1.118034 
34.935655 
34.935655 
0.500000 
0.500000 
1.118034 
1.118034 
34.935655 
34.935655 
0.707107 
0.707107 
1.118034 
1.118034 
34.935655 
34.935655 
0.707107 
0.707107 
1.118034 
1.118034 
