0.000000 
0.000000 
0.000000 
0.000000 
0.000000 
0.000000 
9.340771 
9.340771 
0.000000 
0.000000 
8.558621 
8.558621 
0.000000 
0.000000 
23.243279 
23.243279 
0.000000 
0.000000 
2.500000 
2.500000 
0.000000 
0.000000 
3.041381 
3.041381 
0.000000 
0.000000 
1.581139 
1.581139 
0.000000 
0.000000 
2.061553 
2.061553 
0.000000 
0.000000 
30.103986 
30.103986 
0.000000 
0.000000 
33.514922 
33.514922 
0.000000 
0.000000 
1.581139 
1.581139 
0.000000 
0.000000 
38.964728 
38.964728 
0.000000 
0.000000 
38.964728 
38.964728 
0.000000 
0.000000 
38.964728 
38.964728 
0.000000 
0.000000 
38.964728 
38.964728 
38.964728 
38.964728 
38.964728 
38.964728 
38.964728 
38.964728 
38.964728 
38.964728 
38.964728 
38.964728 
40.003125 
40.003125 
2.500000 
2.500000 
6.264982 
6.264982 
7.158911 
7.158911 
5.385165 
5.385165 
2.061553 
2.061553 
13.000000 
13.000000 
2.236068 
2.236068 
6.946222 
6.946222 
5.830952 
5.830952 
2.061553 
2.061553 
1.500000 
1.500000 
3.807887 
3.807887 
2.549510 
2.549510 
3.201562 
3.201562 
7.500000 
7.500000 
6.800735 
6.800735 
8.246211 
8.246211 
12.747549 
12.747549 
7.566373 
7.566373 
