0.000000 
0.000000 
0.000000 
0.000000 
6.000000 
6.000000 
6.800735 
6.800735 
6.082763 
6.082763 
5.147815 
5.147815 
4.031129 
4.031129 
6.324555 
6.324555 
2.500000 
2.500000 
1.000000 
1.000000 
1.802776 
1.802776 
2.500000 
2.500000 
1.118034 
1.118034 
4.609772 
4.609772 
1.118034 
1.118034 
49.063734 
49.063734 
1.118034 
1.118034 
8.514693 
8.514693 
1.118034 
1.118034 
1.118034 
1.118034 
1.118034 
1.118034 
9.013878 
9.013878 
0.000000 
0.000000 
1.118034 
1.118034 
8.500000 
8.500000 
6.103278 
6.103278 
1.118034 
1.118034 
1.118034 
1.118034 
6.103278 
6.103278 
1.118034 
1.118034 
1.118034 
1.118034 
6.103278 
6.103278 
1.118034 
1.118034 
29.017236 
29.017236 
11.067972 
11.067972 
1.118034 
1.118034 
1.118034 
1.118034 
6.082763 
6.082763 
1.118034 
1.118034 
2.549510 
2.549510 
18.848077 
18.848077 
1.118034 
1.118034 
22.505555 
22.505555 
6.964194 
6.964194 
1.118034 
1.118034 
2.500000 
2.500000 
19.059119 
19.059119 
1.118034 
1.118034 
4.031129 
4.031129 
4.500000 
4.500000 
1.118034 
1.118034 
1.581139 
1.581139 
3.000000 
3.000000 
1.581139 
1.581139 
1.581139 
1.581139 
2.061553 
2.061553 
5.099020 
5.099020 
2.236068 
2.236068 
4.031129 
4.031129 
2.692582 
2.692582 
6.670832 
6.670832 
6.708204 
6.708204 
17.007351 
17.007351 
6.020797 
6.020797 
3.500000 
3.500000 
2.061553 
2.061553 
5.700877 
5.700877 
4.924429 
4.924429 
2.828427 
2.828427 
4.123106 
4.123106 
2.692582 
2.692582 
24.682990 
24.682990 
2.692582 
2.692582 
0.707107 
0.707107 
2.692582 
2.692582 
2.692582 
2.692582 
0.000000 
0.000000 
2.692582 
2.692582 
19.235384 
19.235384 
2.549510 
2.549510 
2.692582 
2.692582 
30.907119 
30.907119 
6.670832 
6.670832 
2.692582 
2.692582 
12.419742 
12.419742 
50.522272 
50.522272 
2.692582 
2.692582 
19.811613 
19.811613 
9.656604 
9.656604 
2.692582 
2.692582 
19.811613 
19.811613 
48.104054 
48.104054 
2.692582 
2.692582 
19.811613 
19.811613 
35.503521 
35.503521 
2.692582 
2.692582 
19.811613 
19.811613 
49.929951 
49.929951 
2.692582 
2.692582 
19.811613 
19.811613 
0.000000 
0.000000 
9.219544 
9.219544 
2.692582 
2.692582 
19.811613 
19.811613 
5.522681 
5.522681 
12.379418 
12.379418 
2.692582 
2.692582 
19.811613 
19.811613 
5.522681 
5.522681 
22.610838 
22.610838 
2.692582 
2.692582 
19.811613 
19.811613 
5.522681 
5.522681 
30.602287 
30.602287 
2.692582 
2.692582 
19.811613 
19.811613 
5.522681 
5.522681 
24.026028 
24.026028 
19.811613 
19.811613 
29.017236 
29.017236 
30.594117 
30.594117 
19.811613 
19.811613 
3.162278 
3.162278 
31.000000 
31.000000 
19.811613 
19.811613 
3.162278 
3.162278 
4.472136 
4.472136 
19.811613 
19.811613 
3.162278 
3.162278 
9.219544 
9.219544 
19.811613 
19.811613 
3.162278 
3.162278 
11.884864 
11.884864 
19.811613 
19.811613 
3.162278 
3.162278 
28.301943 
28.301943 
3.162278 
3.162278 
12.041595 
12.041595 
0.000000 
0.000000 
3.162278 
3.162278 
2.061553 
2.061553 
14.008926 
14.008926 
3.162278 
3.162278 
2.000000 
2.000000 
2.692582 
2.692582 
3.162278 
3.162278 
2.500000 
2.500000 
2.692582 
2.692582 
3.162278 
3.162278 
18.741665 
18.741665 
2.692582 
2.692582 
3.162278 
3.162278 
4.527693 
4.527693 
