0.000000 
0.000000 
0.000000 
0.000000 
0.000000 
0.000000 
2.236068 
2.236068 
0.500000 
0.500000 
3.605551 
3.605551 
5.700877 
5.700877 
2.549510 
2.549510 
2.500000 
2.500000 
3.162278 
3.162278 
3.905125 
3.905125 
2.236068 
2.236068 
3.000000 
3.000000 
6.324555 
6.324555 
7.211103 
7.211103 
6.020797 
6.020797 
1.581139 
1.581139 
7.158911 
7.158911 
22.505555 
22.505555 
0.707107 
0.707107 
2.828427 
2.828427 
3.535534 
3.535534 
37.003378 
37.003378 
2.915476 
2.915476 
4.609772 
4.609772 
6.363961 
6.363961 
4.949747 
4.949747 
4.609772 
4.609772 
7.158911 
7.158911 
3.640055 
3.640055 
4.609772 
4.609772 
2.915476 
2.915476 
0.500000 
0.500000 
4.609772 
4.609772 
26.076810 
26.076810 
0.500000 
0.500000 
43.786413 
43.786413 
53.000000 
53.000000 
0.500000 
0.500000 
4.031129 
4.031129 
2.236068 
2.236068 
0.500000 
0.500000 
3.535534 
3.535534 
2.236068 
2.236068 
0.500000 
0.500000 
4.527693 
4.527693 
2.236068 
2.236068 
0.500000 
0.500000 
4.716991 
4.716991 
2.236068 
2.236068 
0.500000 
0.500000 
3.000000 
3.000000 
2.236068 
2.236068 
0.500000 
0.500000 
3.201562 
3.201562 
2.236068 
2.236068 
0.500000 
0.500000 
6.500000 
6.500000 
56.142675 
56.142675 
0.500000 
0.500000 
4.924429 
4.924429 
5.852350 
5.852350 
14.080128 
14.080128 
5.000000 
5.000000 
1.581139 
1.581139 
3.605551 
3.605551 
3.201562 
3.201562 
3.354102 
3.354102 
27.018512 
27.018512 
1.118034 
1.118034 
4.000000 
4.000000 
27.018512 
27.018512 
7.158911 
7.158911 
32.882366 
32.882366 
27.018512 
27.018512 
8.514693 
8.514693 
39.051248 
39.051248 
8.062258 
8.062258 
6.500000 
6.500000 
6.670832 
6.670832 
8.062258 
8.062258 
6.041523 
6.041523 
7.826238 
7.826238 
8.062258 
8.062258 
6.082763 
6.082763 
3.201562 
3.201562 
8.062258 
8.062258 
3.640055 
3.640055 
3.605551 
3.605551 
8.062258 
8.062258 
3.041381 
3.041381 
2.915476 
2.915476 
8.062258 
8.062258 
4.949747 
4.949747 
4.500000 
4.500000 
5.099020 
5.099020 
4.949747 
4.949747 
4.242641 
4.242641 
3.807887 
3.807887 
4.949747 
4.949747 
1.802776 
1.802776 
4.743416 
4.743416 
4.949747 
4.949747 
0.000000 
0.000000 
4.031129 
4.031129 
4.949747 
4.949747 
5.147815 
5.147815 
4.031129 
4.031129 
4.949747 
4.949747 
40.447497 
40.447497 
4.031129 
4.031129 
4.949747 
4.949747 
3.000000 
3.000000 
4.031129 
4.031129 
46.002717 
46.002717 
1.802776 
1.802776 
4.031129 
4.031129 
1.802776 
1.802776 
0.707107 
0.707107 
4.031129 
4.031129 
