0.000000 
0.000000 
0.000000 
0.000000 
0.000000 
0.000000 
1.802776 
1.802776 
1.581139 
1.581139 
1.414214 
1.414214 
3.041381 
3.041381 
1.414214 
1.414214 
2.061553 
2.061553 
2.828427 
2.828427 
0.707107 
0.707107 
2.500000 
2.500000 
5.000000 
5.000000 
0.707107 
0.707107 
1.581139 
1.581139 
4.301163 
4.301163 
0.000000 
0.000000 
1.802776 
1.802776 
2.061553 
2.061553 
0.500000 
0.500000 
1.118034 
1.118034 
1.118034 
1.118034 
1.118034 
1.118034 
1.000000 
1.000000 
13.509256 
13.509256 
1.581139 
1.581139 
0.707107 
0.707107 
1.581139 
1.581139 
1.500000 
1.500000 
1.000000 
1.000000 
0.000000 
0.000000 
1.581139 
1.581139 
1.118034 
1.118034 
1.000000 
1.000000 
0.000000 
0.000000 
2.061553 
2.061553 
0.000000 
0.000000 
1.802776 
1.802776 
0.000000 
0.000000 
3.605551 
3.605551 
0.000000 
0.000000 
15.033296 
15.033296 
0.000000 
0.000000 
4.272002 
4.272002 
0.000000 
0.000000 
5.590170 
5.590170 
0.000000 
0.000000 
3.640055 
3.640055 
0.000000 
0.000000 
4.527693 
4.527693 
0.000000 
0.000000 
1.000000 
1.000000 
0.000000 
0.000000 
14.035669 
14.035669 
0.000000 
0.000000 
1.118034 
1.118034 
0.000000 
0.000000 
14.430870 
14.430870 
0.000000 
0.000000 
0.707107 
0.707107 
0.000000 
0.000000 
2.500000 
2.500000 
0.000000 
0.000000 
1.414214 
1.414214 
0.000000 
0.000000 
13.946326 
13.946326 
0.000000 
0.000000 
1.500000 
1.500000 
0.000000 
0.000000 
2.121320 
2.121320 
0.000000 
0.000000 
1.802776 
1.802776 
0.000000 
0.000000 
3.000000 
3.000000 
0.000000 
0.000000 
1.118034 
1.118034 
0.000000 
0.000000 
5.700877 
5.700877 
0.000000 
0.000000 
2.692582 
2.692582 
0.000000 
0.000000 
17.066048 
17.066048 
0.000000 
0.000000 
0.500000 
0.500000 
0.000000 
0.000000 
17.007351 
17.007351 
0.000000 
0.000000 
2.500000 
2.500000 
12.206556 
12.206556 
7.905694 
7.905694 
2.121320 
2.121320 
8.321658 
8.321658 
4.031129 
4.031129 
2.828427 
2.828427 
2.000000 
2.000000 
4.031129 
4.031129 
2.500000 
2.500000 
0.000000 
0.000000 
4.031129 
4.031129 
10.547512 
10.547512 
0.707107 
0.707107 
4.031129 
4.031129 
1.000000 
1.000000 
1.000000 
1.000000 
4.031129 
4.031129 
0.000000 
0.000000 
0.000000 
0.000000 
0.500000 
0.500000 
4.031129 
4.031129 
0.000000 
0.000000 
1.118034 
1.118034 
0.707107 
0.707107 
4.031129 
4.031129 
0.000000 
0.000000 
1.802776 
1.802776 
0.707107 
0.707107 
4.031129 
4.031129 
0.000000 
0.000000 
16.500000 
16.500000 
0.707107 
0.707107 
4.031129 
4.031129 
0.000000 
0.000000 
15.033296 
15.033296 
0.500000 
0.500000 
4.031129 
4.031129 
0.000000 
0.000000 
0.000000 
0.000000 
6.500000 
6.500000 
0.500000 
0.500000 
4.031129 
4.031129 
2.236068 
2.236068 
0.000000 
0.000000 
9.656604 
9.656604 
0.000000 
0.000000 
4.031129 
4.031129 
2.236068 
2.236068 
0.000000 
0.000000 
9.656604 
9.656604 
0.707107 
0.707107 
4.031129 
4.031129 
2.236068 
2.236068 
0.000000 
0.000000 
9.656604 
9.656604 
0.707107 
0.707107 
4.031129 
4.031129 
2.236068 
2.236068 
0.000000 
0.000000 
9.656604 
9.656604 
1.000000 
1.000000 
4.031129 
4.031129 
16.568042 
16.568042 
0.000000 
0.000000 
9.656604 
9.656604 
0.500000 
0.500000 
0.707107 
0.707107 
0.000000 
0.000000 
14.508618 
14.508618 
0.707107 
0.707107 
0.707107 
0.707107 
0.000000 
0.000000 
14.508618 
14.508618 
1.000000 
1.000000 
0.000000 
0.000000 
0.000000 
0.000000 
14.637281 
14.637281 
0.000000 
0.000000 
14.508618 
14.508618 
2.500000 
2.500000 
9.219544 
9.219544 
0.000000 
0.000000 
0.707107 
0.707107 
0.000000 
0.000000 
14.508618 
14.508618 
2.500000 
2.500000 
6.726812 
6.726812 
1.118034 
1.118034 
0.707107 
0.707107 
14.508618 
14.508618 
2.500000 
2.500000 
6.726812 
6.726812 
1.118034 
1.118034 
0.707107 
0.707107 
14.508618 
14.508618 
2.500000 
2.500000 
6.726812 
6.726812 
1.118034 
1.118034 
0.707107 
0.707107 
14.508618 
14.508618 
2.500000 
2.500000 
