0.000000 
0.000000 
5.700877 
5.700877 
5.656854 
5.656854 
4.716991 
4.716991 
1.802776 
1.802776 
8.139410 
8.139410 
8.558621 
8.558621 
8.544004 
8.544004 
4.272002 
4.272002 
17.564168 
17.564168 
4.743416 
4.743416 
0.000000 
0.000000 
0.500000 
0.500000 
1.118034 
1.118034 
1.500000 
1.500000 
6.082763 
6.082763 
4.000000 
4.000000 
4.609772 
4.609772 
1.581139 
1.581139 
3.535534 
3.535534 
1.581139 
1.581139 
0.707107 
0.707107 
1.802776 
1.802776 
4.500000 
4.500000 
18.527007 
18.527007 
4.500000 
4.500000 
18.527007 
18.527007 
4.500000 
4.500000 
18.527007 
18.527007 
4.500000 
4.500000 
18.527007 
18.527007 
4.500000 
4.500000 
18.527007 
18.527007 
4.500000 
4.500000 
18.527007 
18.527007 
0.000000 
0.000000 
4.500000 
4.500000 
18.527007 
18.527007 
7.632169 
7.632169 
43.142207 
43.142207 
18.527007 
18.527007 
23.345235 
23.345235 
4.031129 
4.031129 
18.527007 
18.527007 
21.360009 
21.360009 
4.272002 
4.272002 
18.527007 
18.527007 
8.602325 
8.602325 
4.272002 
4.272002 
18.527007 
18.527007 
4.031129 
4.031129 
4.272002 
4.272002 
18.527007 
18.527007 
1.802776 
1.802776 
4.272002 
4.272002 
18.527007 
18.527007 
9.823441 
9.823441 
4.272002 
4.272002 
18.527007 
18.527007 
10.259142 
10.259142 
4.272002 
4.272002 
18.527007 
18.527007 
24.520400 
24.520400 
12.619429 
12.619429 
24.520400 
24.520400 
12.619429 
12.619429 
24.520400 
24.520400 
16.031220 
16.031220 
24.520400 
24.520400 
1.802776 
1.802776 
24.520400 
24.520400 
0.707107 
0.707107 
24.520400 
24.520400 
0.000000 
0.000000 
20.426698 
20.426698 
2.000000 
2.000000 
6.946222 
6.946222 
3.500000 
3.500000 
7.762087 
7.762087 
1.414214 
1.414214 
6.000000 
6.000000 
2.236068 
2.236068 
2.500000 
2.500000 
2.236068 
2.236068 
2.061553 
2.061553 
15.700318 
15.700318 
2.549510 
2.549510 
2.549510 
2.549510 
6.324555 
6.324555 
4.123106 
4.123106 
6.363961 
6.363961 
3.605551 
3.605551 
7.632169 
7.632169 
4.500000 
4.500000 
6.670832 
6.670832 
3.605551 
3.605551 
3.354102 
3.354102 
4.609772 
4.609772 
4.031129 
4.031129 
0.707107 
0.707107 
6.020797 
6.020797 
0.707107 
0.707107 
6.020797 
6.020797 
2.828427 
2.828427 
4.743416 
4.743416 
1.802776 
1.802776 
1.802776 
1.802776 
1.802776 
1.802776 
3.605551 
3.605551 
3.605551 
3.605551 
3.640055 
3.640055 
3.905125 
3.905125 
3.807887 
3.807887 
0.707107 
0.707107 
