0.000000 
0.000000 
0.000000 
0.000000 
0.000000 
0.000000 
0.000000 
0.000000 
0.000000 
0.000000 
4.000000 
4.000000 
0.000000 
0.000000 
3.162278 
3.162278 
11.510864 
11.510864 
5.220153 
5.220153 
0.000000 
0.000000 
8.077747 
8.077747 
0.000000 
0.000000 
2.500000 
2.500000 
1.118034 
1.118034 
26.542419 
26.542419 
4.924429 
4.924429 
2.000000 
2.000000 
0.000000 
0.000000 
2.500000 
2.500000 
2.500000 
2.500000 
10.511898 
10.511898 
4.924429 
4.924429 
1.000000 
1.000000 
0.000000 
0.000000 
2.500000 
2.500000 
3.354102 
3.354102 
0.707107 
0.707107 
4.924429 
4.924429 
2.500000 
2.500000 
0.000000 
0.000000 
2.500000 
2.500000 
4.031129 
4.031129 
8.631338 
8.631338 
4.924429 
4.924429 
7.280110 
7.280110 
0.000000 
0.000000 
2.500000 
2.500000 
2.061553 
2.061553 
1.414214 
1.414214 
0.000000 
0.000000 
4.924429 
4.924429 
7.280110 
7.280110 
0.000000 
0.000000 
2.500000 
2.500000 
0.707107 
0.707107 
1.000000 
1.000000 
0.000000 
0.000000 
2.061553 
2.061553 
4.924429 
4.924429 
7.280110 
7.280110 
0.000000 
0.000000 
2.500000 
2.500000 
1.581139 
1.581139 
3.201562 
3.201562 
0.000000 
0.000000 
2.061553 
2.061553 
4.924429 
4.924429 
7.280110 
7.280110 
0.000000 
0.000000 
2.500000 
2.500000 
1.500000 
1.500000 
3.535534 
3.535534 
0.000000 
0.000000 
0.000000 
0.000000 
2.061553 
2.061553 
4.924429 
4.924429 
7.280110 
7.280110 
0.000000 
0.000000 
2.500000 
2.500000 
1.581139 
1.581139 
7.017834 
7.017834 
2.000000 
2.000000 
0.000000 
0.000000 
2.061553 
2.061553 
4.924429 
4.924429 
7.280110 
7.280110 
0.000000 
0.000000 
2.500000 
2.500000 
0.500000 
0.500000 
6.020797 
6.020797 
0.000000 
0.000000 
6.500000 
6.500000 
0.000000 
0.000000 
2.061553 
2.061553 
4.924429 
4.924429 
7.280110 
7.280110 
0.000000 
0.000000 
2.500000 
2.500000 
4.743416 
4.743416 
5.220153 
5.220153 
0.000000 
0.000000 
2.061553 
2.061553 
0.500000 
0.500000 
0.000000 
0.000000 
2.061553 
2.061553 
4.924429 
4.924429 
7.280110 
7.280110 
0.000000 
0.000000 
2.500000 
2.500000 
0.500000 
0.500000 
5.700877 
5.700877 
1.000000 
1.000000 
1.118034 
1.118034 
4.609772 
4.609772 
0.000000 
0.000000 
2.061553 
2.061553 
4.924429 
4.924429 
7.280110 
7.280110 
0.000000 
0.000000 
2.500000 
2.500000 
1.118034 
1.118034 
4.000000 
4.000000 
0.500000 
0.500000 
1.118034 
1.118034 
3.000000 
3.000000 
0.000000 
0.000000 
2.061553 
2.061553 
4.924429 
4.924429 
7.280110 
7.280110 
2.500000 
2.500000 
0.000000 
0.000000 
17.564168 
17.564168 
0.500000 
0.500000 
1.118034 
1.118034 
2.828427 
2.828427 
0.000000 
0.000000 
2.061553 
2.061553 
4.924429 
4.924429 
7.280110 
7.280110 
2.500000 
2.500000 
0.707107 
0.707107 
6.500000 
6.500000 
0.500000 
0.500000 
1.118034 
1.118034 
1.581139 
1.581139 
0.000000 
0.000000 
2.061553 
2.061553 
4.924429 
4.924429 
7.280110 
7.280110 
0.500000 
0.500000 
6.519202 
6.519202 
0.500000 
0.500000 
1.118034 
1.118034 
3.535534 
3.535534 
0.000000 
0.000000 
2.061553 
2.061553 
7.280110 
7.280110 
1.118034 
1.118034 
5.024938 
5.024938 
0.500000 
0.500000 
7.500000 
7.500000 
2.061553 
2.061553 
0.000000 
0.000000 
2.061553 
2.061553 
7.280110 
7.280110 
0.500000 
0.500000 
3.807887 
3.807887 
0.000000 
0.000000 
0.500000 
0.500000 
2.236068 
2.236068 
2.061553 
2.061553 
0.000000 
0.000000 
2.061553 
2.061553 
7.280110 
7.280110 
1.500000 
1.500000 
4.949747 
4.949747 
4.031129 
4.031129 
12.589678 
12.589678 
2.236068 
2.236068 
2.061553 
2.061553 
0.000000 
0.000000 
2.061553 
2.061553 
1.500000 
1.500000 
22.276669 
22.276669 
3.640055 
3.640055 
0.500000 
0.500000 
2.236068 
2.236068 
2.061553 
2.061553 
0.000000 
0.000000 
2.061553 
2.061553 
1.500000 
1.500000 
1.802776 
1.802776 
2.915476 
2.915476 
0.000000 
0.000000 
2.236068 
2.236068 
2.061553 
2.061553 
1.500000 
1.500000 
3.354102 
3.354102 
1.802776 
1.802776 
0.000000 
0.000000 
2.236068 
2.236068 
2.061553 
2.061553 
0.000000 
0.000000 
29.567719 
29.567719 
0.000000 
0.000000 
1.802776 
1.802776 
3.535534 
3.535534 
2.236068 
2.236068 
2.061553 
2.061553 
1.000000 
1.000000 
22.005681 
22.005681 
1.000000 
1.000000 
1.802776 
1.802776 
3.535534 
3.535534 
2.236068 
2.236068 
2.061553 
2.061553 
0.000000 
0.000000 
2.500000 
2.500000 
9.486833 
9.486833 
1.802776 
1.802776 
3.535534 
3.535534 
2.236068 
2.236068 
2.061553 
2.061553 
1.500000 
1.500000 
1.802776 
1.802776 
0.000000 
0.000000 
1.118034 
1.118034 
1.802776 
1.802776 
3.535534 
3.535534 
2.236068 
2.236068 
2.061553 
2.061553 
10.547512 
10.547512 
1.500000 
1.500000 
2.500000 
2.500000 
0.000000 
0.000000 
1.802776 
1.802776 
3.535534 
3.535534 
2.236068 
2.236068 
2.061553 
2.061553 
0.500000 
0.500000 
1.414214 
1.414214 
2.500000 
2.500000 
1.802776 
1.802776 
1.802776 
1.802776 
3.535534 
3.535534 
2.236068 
2.236068 
2.061553 
2.061553 
1.000000 
1.000000 
1.500000 
1.500000 
2.500000 
2.500000 
0.707107 
0.707107 
1.802776 
1.802776 
3.535534 
3.535534 
2.236068 
2.236068 
2.061553 
2.061553 
1.000000 
1.000000 
1.000000 
1.000000 
0.000000 
0.000000 
2.500000 
2.500000 
1.500000 
1.500000 
1.802776 
1.802776 
3.535534 
3.535534 
2.236068 
2.236068 
2.061553 
2.061553 
1.118034 
1.118034 
0.500000 
0.500000 
2.236068 
2.236068 
2.500000 
2.500000 
1.500000 
1.500000 
1.802776 
1.802776 
3.535534 
3.535534 
2.236068 
2.236068 
2.061553 
2.061553 
1.581139 
1.581139 
1.500000 
1.500000 
2.236068 
2.236068 
2.500000 
2.500000 
2.061553 
2.061553 
15.660460 
15.660460 
3.535534 
3.535534 
2.236068 
2.236068 
0.707107 
0.707107 
0.500000 
0.500000 
2.236068 
2.236068 
2.500000 
2.500000 
2.061553 
2.061553 
2.915476 
2.915476 
3.535534 
3.535534 
1.581139 
1.581139 
10.049876 
10.049876 
2.236068 
2.236068 
12.010412 
12.010412 
2.061553 
2.061553 
7.000000 
7.000000 
3.535534 
3.535534 
1.414214 
1.414214 
0.500000 
0.500000 
2.236068 
2.236068 
3.500000 
3.500000 
2.061553 
2.061553 
6.964194 
6.964194 
3.535534 
3.535534 
0.500000 
0.500000 
1.118034 
1.118034 
2.236068 
2.236068 
0.500000 
0.500000 
2.061553 
2.061553 
28.004464 
28.004464 
3.535534 
3.535534 
5.500000 
5.500000 
1.802776 
1.802776 
2.236068 
2.236068 
2.000000 
2.000000 
2.061553 
2.061553 
1.802776 
1.802776 
3.535534 
3.535534 
1.581139 
1.581139 
1.000000 
1.000000 
