0.000000 
0.000000 
0.500000 
0.500000 
0.500000 
0.500000 
0.000000 
0.000000 
1.802776 
1.802776 
3.041381 
3.041381 
1.581139 
1.581139 
6.184658 
6.184658 
2.061553 
2.061553 
0.500000 
0.500000 
2.061553 
2.061553 
0.000000 
0.000000 
1.000000 
1.000000 
2.061553 
2.061553 
1.118034 
1.118034 
3.162278 
3.162278 
2.061553 
2.061553 
2.500000 
2.500000 
1.581139 
1.581139 
2.061553 
2.061553 
0.000000 
0.000000 
0.707107 
0.707107 
1.000000 
1.000000 
2.061553 
2.061553 
1.000000 
1.000000 
0.000000 
0.000000 
37.030393 
37.030393 
2.061553 
2.061553 
0.707107 
0.707107 
2.236068 
2.236068 
2.061553 
2.061553 
2.061553 
2.061553 
0.707107 
0.707107 
2.061553 
2.061553 
14.705441 
14.705441 
2.061553 
2.061553 
2.500000 
2.500000 
16.530275 
16.530275 
16.324828 
16.324828 
2.061553 
2.061553 
2.500000 
2.500000 
18.681542 
18.681542 
12.103718 
12.103718 
2.061553 
2.061553 
2.692582 
2.692582 
2.121320 
2.121320 
16.918924 
16.918924 
2.061553 
2.061553 
0.707107 
0.707107 
2.121320 
2.121320 
13.124405 
13.124405 
2.061553 
2.061553 
2.121320 
2.121320 
2.121320 
2.121320 
2.500000 
2.500000 
2.061553 
2.061553 
0.500000 
0.500000 
2.121320 
2.121320 
2.121320 
2.121320 
2.061553 
2.061553 
0.000000 
0.000000 
0.707107 
0.707107 
2.121320 
2.121320 
4.716991 
4.716991 
4.123106 
4.123106 
1.581139 
1.581139 
2.121320 
2.121320 
2.915476 
2.915476 
4.924429 
4.924429 
1.000000 
1.000000 
2.121320 
2.121320 
0.500000 
0.500000 
4.924429 
4.924429 
0.500000 
0.500000 
2.121320 
2.121320 
0.500000 
0.500000 
4.924429 
4.924429 
0.500000 
0.500000 
2.121320 
2.121320 
0.500000 
0.500000 
4.924429 
4.924429 
1.118034 
1.118034 
2.121320 
2.121320 
1.581139 
1.581139 
4.924429 
4.924429 
0.000000 
0.000000 
2.121320 
2.121320 
11.543396 
11.543396 
4.924429 
4.924429 
0.000000 
0.000000 
2.121320 
2.121320 
2.061553 
2.061553 
4.924429 
4.924429 
0.707107 
0.707107 
2.121320 
2.121320 
14.008926 
14.008926 
0.000000 
0.000000 
4.924429 
4.924429 
0.000000 
0.000000 
2.121320 
2.121320 
11.543396 
11.543396 
0.000000 
0.000000 
4.924429 
4.924429 
1.000000 
1.000000 
2.121320 
2.121320 
2.828427 
2.828427 
0.000000 
0.000000 
4.924429 
4.924429 
0.500000 
0.500000 
3.354102 
3.354102 
0.000000 
0.000000 
4.924429 
4.924429 
0.500000 
0.500000 
41.003049 
41.003049 
0.000000 
0.000000 
0.000000 
0.000000 
4.924429 
4.924429 
0.500000 
0.500000 
11.597414 
11.597414 
26.800187 
26.800187 
0.000000 
0.000000 
4.924429 
4.924429 
0.500000 
0.500000 
11.597414 
11.597414 
51.022054 
51.022054 
0.000000 
0.000000 
4.924429 
4.924429 
0.500000 
0.500000 
11.597414 
11.597414 
15.811388 
15.811388 
0.000000 
0.000000 
4.924429 
4.924429 
20.524376 
20.524376 
11.597414 
11.597414 
5.700877 
5.700877 
0.000000 
0.000000 
2.915476 
2.915476 
11.597414 
11.597414 
5.700877 
5.700877 
0.000000 
0.000000 
12.165525 
12.165525 
11.597414 
11.597414 
0.000000 
0.000000 
0.000000 
0.000000 
5.700877 
5.700877 
0.000000 
0.000000 
1.581139 
1.581139 
11.597414 
11.597414 
1.802776 
1.802776 
5.099020 
5.099020 
5.700877 
5.700877 
0.000000 
0.000000 
1.581139 
1.581139 
11.597414 
11.597414 
1.802776 
1.802776 
39.115214 
39.115214 
5.700877 
5.700877 
0.000000 
0.000000 
1.581139 
1.581139 
11.597414 
11.597414 
1.802776 
1.802776 
39.115214 
39.115214 
5.700877 
5.700877 
0.000000 
0.000000 
1.581139 
1.581139 
11.597414 
11.597414 
1.802776 
1.802776 
13.583078 
13.583078 
5.700877 
5.700877 
0.000000 
0.000000 
1.581139 
1.581139 
11.597414 
11.597414 
1.802776 
1.802776 
13.583078 
13.583078 
5.700877 
5.700877 
1.581139 
1.581139 
11.597414 
11.597414 
0.000000 
0.000000 
1.802776 
1.802776 
13.583078 
13.583078 
5.700877 
5.700877 
1.581139 
1.581139 
11.597414 
11.597414 
0.000000 
0.000000 
1.802776 
1.802776 
13.583078 
13.583078 
5.700877 
5.700877 
1.581139 
1.581139 
11.597414 
11.597414 
0.000000 
0.000000 
1.802776 
1.802776 
13.583078 
13.583078 
5.700877 
5.700877 
1.581139 
1.581139 
11.597414 
11.597414 
0.000000 
0.000000 
1.802776 
1.802776 
2.915476 
2.915476 
5.700877 
5.700877 
1.581139 
1.581139 
4.031129 
4.031129 
1.802776 
1.802776 
2.500000 
2.500000 
5.700877 
5.700877 
1.581139 
1.581139 
2.236068 
2.236068 
1.802776 
1.802776 
1.414214 
1.414214 
5.700877 
5.700877 
1.581139 
1.581139 
4.301163 
4.301163 
1.802776 
1.802776 
3.162278 
3.162278 
5.700877 
5.700877 
1.581139 
1.581139 
4.242641 
4.242641 
1.802776 
1.802776 
7.211103 
7.211103 
1.581139 
1.581139 
7.433034 
7.433034 
1.802776 
1.802776 
7.211103 
7.211103 
1.581139 
1.581139 
1.802776 
1.802776 
1.802776 
1.802776 
7.211103 
7.211103 
1.581139 
1.581139 
1.802776 
1.802776 
7.211103 
7.211103 
1.802776 
1.802776 
7.211103 
7.211103 
