0.000000 
0.000000 
0.000000 
0.000000 
3.535534 
3.535534 
10.630146 
10.630146 
2.692582 
2.692582 
6.020797 
6.020797 
2.500000 
2.500000 
6.020797 
6.020797 
23.194827 
23.194827 
6.020797 
6.020797 
0.000000 
0.000000 
23.194827 
23.194827 
6.020797 
6.020797 
5.024938 
5.024938 
23.194827 
23.194827 
6.020797 
6.020797 
1.414214 
1.414214 
23.194827 
23.194827 
6.020797 
6.020797 
0.000000 
0.000000 
1.414214 
1.414214 
23.194827 
23.194827 
6.020797 
6.020797 
2.000000 
2.000000 
1.414214 
1.414214 
23.194827 
23.194827 
6.020797 
6.020797 
4.000000 
4.000000 
1.414214 
1.414214 
23.194827 
23.194827 
6.020797 
6.020797 
8.902247 
8.902247 
1.414214 
1.414214 
23.194827 
23.194827 
6.020797 
6.020797 
8.139410 
8.139410 
1.414214 
1.414214 
23.194827 
23.194827 
6.020797 
6.020797 
10.700467 
10.700467 
1.414214 
1.414214 
23.194827 
23.194827 
6.020797 
6.020797 
10.000000 
10.000000 
1.414214 
1.414214 
23.194827 
23.194827 
6.020797 
6.020797 
26.315395 
26.315395 
1.414214 
1.414214 
23.194827 
23.194827 
6.020797 
6.020797 
16.552945 
16.552945 
1.414214 
1.414214 
23.194827 
23.194827 
6.020797 
6.020797 
13.500000 
13.500000 
1.414214 
1.414214 
23.194827 
23.194827 
17.262677 
17.262677 
1.414214 
1.414214 
23.194827 
23.194827 
6.403124 
6.403124 
1.414214 
1.414214 
13.647344 
13.647344 
1.414214 
1.414214 
10.770330 
10.770330 
1.414214 
1.414214 
6.800735 
6.800735 
25.612497 
25.612497 
0.000000 
0.000000 
25.612497 
25.612497 
3.807887 
3.807887 
25.612497 
25.612497 
3.535534 
3.535534 
25.612497 
25.612497 
0.000000 
0.000000 
4.527693 
4.527693 
25.612497 
25.612497 
2.061553 
2.061553 
72.527581 
72.527581 
25.612497 
25.612497 
3.535534 
3.535534 
71.142463 
71.142463 
25.612497 
25.612497 
3.041381 
3.041381 
44.994444 
44.994444 
25.612497 
25.612497 
3.162278 
3.162278 
2.500000 
2.500000 
25.612497 
25.612497 
8.558621 
8.558621 
4.743416 
4.743416 
25.612497 
25.612497 
3.000000 
3.000000 
4.716991 
4.716991 
25.612497 
25.612497 
5.590170 
5.590170 
4.716991 
4.716991 
25.612497 
25.612497 
5.590170 
5.590170 
4.716991 
4.716991 
25.612497 
25.612497 
5.590170 
5.590170 
4.716991 
4.716991 
25.612497 
25.612497 
5.590170 
5.590170 
4.716991 
4.716991 
25.612497 
25.612497 
5.590170 
5.590170 
4.716991 
4.716991 
5.590170 
5.590170 
4.716991 
4.716991 
