0.000000 
0.000000 
0.000000 
0.000000 
0.000000 
0.000000 
0.000000 
0.000000 
0.000000 
0.000000 
0.000000 
0.000000 
2.236068 
2.236068 
2.500000 
2.500000 
0.000000 
0.000000 
0.000000 
0.000000 
0.000000 
0.000000 
0.000000 
0.000000 
0.000000 
0.000000 
0.000000 
0.000000 
2.236068 
2.236068 
6.082763 
6.082763 
1.118034 
1.118034 
2.549510 
2.549510 
3.905125 
3.905125 
0.000000 
0.000000 
0.000000 
0.000000 
0.000000 
0.000000 
2.236068 
2.236068 
2.500000 
2.500000 
0.000000 
0.000000 
3.640055 
3.640055 
2.549510 
2.549510 
3.605551 
3.605551 
0.000000 
0.000000 
0.000000 
0.000000 
0.000000 
0.000000 
2.236068 
2.236068 
4.472136 
4.472136 
0.000000 
0.000000 
2.000000 
2.000000 
3.640055 
3.640055 
2.549510 
2.549510 
8.015610 
8.015610 
0.000000 
0.000000 
0.000000 
0.000000 
0.000000 
0.000000 
2.236068 
2.236068 
2.915476 
2.915476 
0.000000 
0.000000 
2.000000 
2.000000 
3.640055 
3.640055 
2.549510 
2.549510 
8.015610 
8.015610 
0.000000 
0.000000 
0.000000 
0.000000 
0.000000 
0.000000 
2.236068 
2.236068 
2.236068 
2.236068 
0.000000 
0.000000 
0.000000 
0.000000 
2.000000 
2.000000 
3.640055 
3.640055 
2.549510 
2.549510 
8.015610 
8.015610 
0.000000 
0.000000 
0.000000 
0.000000 
0.000000 
0.000000 
2.236068 
2.236068 
7.071068 
7.071068 
0.000000 
0.000000 
0.000000 
0.000000 
0.000000 
0.000000 
2.000000 
2.000000 
3.640055 
3.640055 
2.549510 
2.549510 
8.015610 
8.015610 
0.000000 
0.000000 
0.000000 
0.000000 
0.000000 
0.000000 
2.236068 
2.236068 
2.828427 
2.828427 
0.000000 
0.000000 
2.500000 
2.500000 
0.000000 
0.000000 
0.000000 
0.000000 
2.000000 
2.000000 
3.640055 
3.640055 
2.549510 
2.549510 
8.015610 
8.015610 
0.000000 
0.000000 
0.000000 
0.000000 
0.000000 
0.000000 
2.236068 
2.236068 
1.802776 
1.802776 
1.414214 
1.414214 
3.354102 
3.354102 
0.000000 
0.000000 
0.000000 
0.000000 
2.000000 
2.000000 
3.640055 
3.640055 
2.549510 
2.549510 
8.015610 
8.015610 
0.000000 
0.000000 
0.000000 
0.000000 
0.000000 
0.000000 
2.236068 
2.236068 
0.500000 
0.500000 
0.000000 
0.000000 
1.414214 
1.414214 
3.354102 
3.354102 
0.000000 
0.000000 
0.000000 
0.000000 
2.000000 
2.000000 
3.640055 
3.640055 
2.549510 
2.549510 
8.015610 
8.015610 
0.000000 
0.000000 
0.000000 
0.000000 
0.000000 
0.000000 
2.236068 
2.236068 
2.692582 
2.692582 
3.354102 
3.354102 
1.414214 
1.414214 
3.354102 
3.354102 
0.000000 
0.000000 
0.000000 
0.000000 
2.000000 
2.000000 
3.640055 
3.640055 
2.549510 
2.549510 
8.015610 
8.015610 
0.000000 
0.000000 
0.000000 
0.000000 
0.000000 
0.000000 
2.236068 
2.236068 
7.071068 
7.071068 
0.000000 
0.000000 
3.535534 
3.535534 
1.414214 
1.414214 
3.354102 
3.354102 
0.000000 
0.000000 
0.000000 
0.000000 
2.000000 
2.000000 
3.640055 
3.640055 
2.549510 
2.549510 
8.015610 
8.015610 
0.000000 
0.000000 
0.000000 
0.000000 
0.000000 
0.000000 
2.236068 
2.236068 
2.236068 
2.236068 
0.000000 
0.000000 
0.000000 
0.000000 
3.535534 
3.535534 
1.414214 
1.414214 
3.354102 
3.354102 
0.000000 
0.000000 
0.000000 
0.000000 
2.000000 
2.000000 
3.640055 
3.640055 
2.549510 
2.549510 
8.015610 
8.015610 
0.000000 
0.000000 
0.000000 
0.000000 
0.000000 
0.000000 
2.236068 
2.236068 
2.500000 
2.500000 
0.000000 
0.000000 
3.535534 
3.535534 
0.000000 
0.000000 
3.535534 
3.535534 
1.414214 
1.414214 
3.354102 
3.354102 
0.000000 
0.000000 
0.000000 
0.000000 
2.000000 
2.000000 
3.640055 
3.640055 
2.549510 
2.549510 
8.015610 
8.015610 
0.000000 
0.000000 
0.000000 
0.000000 
2.236068 
2.236068 
2.549510 
2.549510 
0.000000 
0.000000 
3.535534 
3.535534 
0.000000 
0.000000 
3.535534 
3.535534 
1.414214 
1.414214 
3.354102 
3.354102 
0.000000 
0.000000 
0.000000 
0.000000 
2.000000 
2.000000 
3.640055 
3.640055 
2.549510 
2.549510 
8.015610 
8.015610 
7.516648 
7.516648 
0.000000 
0.000000 
0.000000 
0.000000 
0.000000 
0.000000 
0.000000 
0.000000 
3.535534 
3.535534 
0.000000 
0.000000 
3.535534 
3.535534 
1.414214 
1.414214 
3.354102 
3.354102 
0.000000 
0.000000 
0.000000 
0.000000 
2.000000 
2.000000 
3.640055 
3.640055 
2.549510 
2.549510 
8.015610 
8.015610 
2.000000 
2.000000 
0.000000 
0.000000 
3.041381 
3.041381 
10.198039 
10.198039 
0.000000 
0.000000 
3.535534 
3.535534 
0.000000 
0.000000 
3.535534 
3.535534 
1.414214 
1.414214 
3.354102 
3.354102 
0.000000 
0.000000 
0.000000 
0.000000 
2.000000 
2.000000 
3.640055 
3.640055 
8.015610 
8.015610 
3.041381 
3.041381 
0.000000 
0.000000 
0.000000 
0.000000 
3.162278 
3.162278 
9.394147 
9.394147 
0.000000 
0.000000 
3.535534 
3.535534 
0.000000 
0.000000 
3.535534 
3.535534 
1.414214 
1.414214 
3.354102 
3.354102 
0.000000 
0.000000 
0.000000 
0.000000 
2.000000 
2.000000 
8.015610 
8.015610 
9.500000 
9.500000 
0.000000 
0.000000 
0.000000 
0.000000 
0.000000 
0.000000 
0.000000 
0.000000 
3.162278 
3.162278 
9.013878 
9.013878 
0.000000 
0.000000 
3.535534 
3.535534 
0.000000 
0.000000 
3.535534 
3.535534 
1.414214 
1.414214 
3.354102 
3.354102 
0.000000 
0.000000 
2.549510 
2.549510 
1.581139 
1.581139 
3.905125 
3.905125 
0.000000 
0.000000 
0.000000 
0.000000 
3.162278 
3.162278 
9.013878 
9.013878 
0.000000 
0.000000 
3.535534 
3.535534 
0.000000 
0.000000 
3.535534 
3.535534 
1.414214 
1.414214 
3.354102 
3.354102 
0.000000 
0.000000 
2.236068 
2.236068 
0.000000 
0.000000 
1.581139 
1.581139 
3.905125 
3.905125 
0.000000 
0.000000 
0.000000 
0.000000 
3.162278 
3.162278 
9.013878 
9.013878 
0.000000 
0.000000 
3.535534 
3.535534 
0.000000 
0.000000 
3.535534 
3.535534 
1.414214 
1.414214 
3.354102 
3.354102 
2.236068 
2.236068 
0.000000 
0.000000 
0.000000 
0.000000 
3.535534 
3.535534 
1.581139 
1.581139 
3.905125 
3.905125 
0.000000 
0.000000 
0.000000 
0.000000 
3.162278 
3.162278 
9.013878 
9.013878 
0.000000 
0.000000 
3.535534 
3.535534 
0.000000 
0.000000 
3.535534 
3.535534 
1.414214 
1.414214 
3.354102 
3.354102 
2.236068 
2.236068 
0.000000 
0.000000 
0.000000 
0.000000 
0.000000 
0.000000 
3.041381 
3.041381 
2.549510 
2.549510 
1.581139 
1.581139 
3.905125 
3.905125 
0.000000 
0.000000 
0.000000 
0.000000 
3.162278 
3.162278 
9.013878 
9.013878 
0.000000 
0.000000 
3.535534 
3.535534 
0.000000 
0.000000 
3.535534 
3.535534 
1.414214 
1.414214 
3.354102 
3.354102 
2.236068 
2.236068 
0.000000 
0.000000 
0.000000 
0.000000 
0.000000 
0.000000 
8.860023 
8.860023 
0.000000 
0.000000 
0.000000 
0.000000 
9.000000 
9.000000 
2.549510 
2.549510 
1.581139 
1.581139 
3.905125 
3.905125 
0.000000 
0.000000 
0.000000 
0.000000 
3.162278 
3.162278 
9.013878 
9.013878 
0.000000 
0.000000 
3.535534 
3.535534 
0.000000 
0.000000 
3.535534 
3.535534 
2.236068 
2.236068 
1.000000 
1.000000 
0.000000 
0.000000 
2.692582 
2.692582 
7.762087 
7.762087 
0.000000 
0.000000 
0.000000 
0.000000 
1.000000 
1.000000 
2.549510 
2.549510 
1.581139 
1.581139 
3.905125 
3.905125 
0.000000 
0.000000 
0.000000 
0.000000 
3.162278 
3.162278 
9.013878 
9.013878 
0.000000 
0.000000 
3.535534 
3.535534 
0.000000 
0.000000 
3.535534 
3.535534 
2.236068 
2.236068 
0.000000 
0.000000 
0.000000 
0.000000 
4.000000 
4.000000 
0.000000 
0.000000 
2.692582 
2.692582 
2.121320 
2.121320 
0.000000 
0.000000 
0.000000 
0.000000 
3.041381 
3.041381 
2.549510 
2.549510 
1.581139 
1.581139 
3.905125 
3.905125 
0.000000 
0.000000 
0.000000 
0.000000 
3.162278 
3.162278 
9.013878 
9.013878 
0.000000 
0.000000 
3.535534 
3.535534 
0.000000 
0.000000 
3.535534 
3.535534 
2.236068 
2.236068 
4.743416 
4.743416 
3.162278 
3.162278 
1.500000 
1.500000 
0.000000 
0.000000 
2.692582 
2.692582 
2.828427 
2.828427 
0.000000 
0.000000 
0.000000 
0.000000 
2.061553 
2.061553 
2.549510 
2.549510 
1.581139 
1.581139 
3.905125 
3.905125 
0.000000 
0.000000 
0.000000 
0.000000 
3.162278 
3.162278 
9.013878 
9.013878 
0.000000 
0.000000 
3.535534 
3.535534 
2.236068 
2.236068 
0.000000 
0.000000 
3.162278 
3.162278 
4.031129 
4.031129 
2.692582 
2.692582 
0.000000 
0.000000 
2.692582 
2.692582 
7.905694 
7.905694 
0.000000 
0.000000 
0.000000 
0.000000 
2.061553 
2.061553 
2.549510 
2.549510 
1.581139 
1.581139 
3.905125 
3.905125 
0.000000 
0.000000 
0.000000 
0.000000 
3.162278 
3.162278 
9.013878 
9.013878 
0.000000 
0.000000 
3.535534 
3.535534 
2.236068 
2.236068 
0.000000 
0.000000 
3.500000 
3.500000 
2.236068 
2.236068 
4.031129 
4.031129 
2.692582 
2.692582 
0.000000 
0.000000 
2.692582 
2.692582 
7.648529 
7.648529 
0.000000 
0.000000 
0.000000 
0.000000 
2.061553 
2.061553 
2.549510 
2.549510 
1.581139 
1.581139 
3.905125 
3.905125 
0.000000 
0.000000 
0.000000 
0.000000 
3.162278 
3.162278 
9.013878 
9.013878 
2.236068 
2.236068 
0.000000 
0.000000 
1.000000 
1.000000 
1.500000 
1.500000 
2.500000 
2.500000 
4.031129 
4.031129 
2.692582 
2.692582 
0.000000 
0.000000 
2.692582 
2.692582 
2.121320 
2.121320 
0.000000 
0.000000 
0.000000 
0.000000 
2.061553 
2.061553 
2.549510 
2.549510 
1.581139 
1.581139 
3.905125 
3.905125 
0.000000 
0.000000 
0.000000 
0.000000 
3.162278 
3.162278 
9.013878 
9.013878 
2.236068 
2.236068 
0.000000 
0.000000 
1.000000 
1.000000 
5.590170 
5.590170 
1.802776 
1.802776 
4.031129 
4.031129 
2.692582 
2.692582 
0.000000 
0.000000 
2.692582 
2.692582 
3.535534 
3.535534 
0.000000 
0.000000 
0.000000 
0.000000 
2.061553 
2.061553 
2.549510 
2.549510 
1.581139 
1.581139 
3.905125 
3.905125 
0.000000 
0.000000 
3.162278 
3.162278 
9.013878 
9.013878 
2.236068 
2.236068 
0.000000 
0.000000 
1.000000 
1.000000 
1.802776 
1.802776 
2.692582 
2.692582 
4.031129 
4.031129 
2.692582 
2.692582 
0.000000 
0.000000 
2.692582 
2.692582 
2.500000 
2.500000 
0.000000 
0.000000 
0.000000 
0.000000 
2.061553 
2.061553 
2.549510 
2.549510 
1.581139 
1.581139 
3.905125 
3.905125 
0.000000 
0.000000 
3.162278 
3.162278 
9.013878 
9.013878 
2.236068 
2.236068 
0.000000 
0.000000 
0.000000 
0.000000 
1.581139 
1.581139 
0.500000 
0.500000 
4.031129 
4.031129 
2.692582 
2.692582 
0.000000 
0.000000 
2.692582 
2.692582 
1.414214 
1.414214 
0.000000 
0.000000 
0.000000 
0.000000 
2.061553 
2.061553 
2.549510 
2.549510 
1.581139 
1.581139 
3.905125 
3.905125 
9.013878 
9.013878 
2.236068 
2.236068 
0.000000 
0.000000 
0.000000 
0.000000 
1.000000 
1.000000 
2.000000 
2.000000 
1.000000 
1.000000 
4.031129 
4.031129 
2.692582 
2.692582 
0.000000 
0.000000 
2.692582 
2.692582 
6.082763 
6.082763 
0.000000 
0.000000 
0.000000 
0.000000 
2.061553 
2.061553 
2.549510 
2.549510 
1.581139 
1.581139 
3.905125 
3.905125 
2.236068 
2.236068 
0.000000 
0.000000 
1.118034 
1.118034 
0.000000 
0.000000 
0.500000 
0.500000 
0.500000 
0.500000 
1.000000 
1.000000 
4.031129 
4.031129 
2.692582 
2.692582 
0.000000 
0.000000 
2.692582 
2.692582 
1.802776 
1.802776 
0.000000 
0.000000 
0.000000 
0.000000 
2.061553 
2.061553 
2.549510 
2.549510 
1.118034 
1.118034 
1.414214 
1.414214 
0.000000 
0.000000 
2.061553 
2.061553 
0.500000 
0.500000 
0.000000 
0.000000 
4.031129 
4.031129 
2.692582 
2.692582 
0.000000 
0.000000 
2.692582 
2.692582 
1.118034 
1.118034 
0.000000 
0.000000 
0.000000 
0.000000 
2.061553 
2.061553 
2.549510 
2.549510 
1.118034 
1.118034 
1.414214 
1.414214 
0.000000 
0.000000 
2.549510 
2.549510 
0.000000 
0.000000 
0.500000 
0.500000 
4.031129 
4.031129 
2.692582 
2.692582 
0.000000 
0.000000 
2.692582 
2.692582 
5.024938 
5.024938 
0.000000 
0.000000 
2.061553 
2.061553 
2.549510 
2.549510 
