0.000000 
0.000000 
0.000000 
0.000000 
0.000000 
0.000000 
0.000000 
0.000000 
7.566373 
7.566373 
1.581139 
1.581139 
0.000000 
0.000000 
4.000000 
4.000000 
14.089003 
14.089003 
0.000000 
0.000000 
0.000000 
0.000000 
1.581139 
1.581139 
0.000000 
0.000000 
0.500000 
0.500000 
9.962429 
9.962429 
0.000000 
0.000000 
0.000000 
0.000000 
1.118034 
1.118034 
0.000000 
0.000000 
1.581139 
1.581139 
0.000000 
0.000000 
3.162278 
3.162278 
9.962429 
9.962429 
0.000000 
0.000000 
0.000000 
0.000000 
0.707107 
0.707107 
2.500000 
2.500000 
1.581139 
1.581139 
0.000000 
0.000000 
1.581139 
1.581139 
0.000000 
0.000000 
1.000000 
1.000000 
9.962429 
9.962429 
0.000000 
0.000000 
0.000000 
0.000000 
0.707107 
0.707107 
1.414214 
1.414214 
0.707107 
0.707107 
2.500000 
2.500000 
1.581139 
1.581139 
0.000000 
0.000000 
1.581139 
1.581139 
0.000000 
0.000000 
0.707107 
0.707107 
9.962429 
9.962429 
0.000000 
0.000000 
1.500000 
1.500000 
0.707107 
0.707107 
0.500000 
0.500000 
0.707107 
0.707107 
2.500000 
2.500000 
1.581139 
1.581139 
0.000000 
0.000000 
1.581139 
1.581139 
0.000000 
0.000000 
1.000000 
1.000000 
9.962429 
9.962429 
0.000000 
0.000000 
1.000000 
1.000000 
0.707107 
0.707107 
0.500000 
0.500000 
0.707107 
0.707107 
2.500000 
2.500000 
1.581139 
1.581139 
0.000000 
0.000000 
1.581139 
1.581139 
0.000000 
0.000000 
0.500000 
0.500000 
9.962429 
9.962429 
0.000000 
0.000000 
0.000000 
0.000000 
1.000000 
1.000000 
0.707107 
0.707107 
0.500000 
0.500000 
0.707107 
0.707107 
2.500000 
2.500000 
1.581139 
1.581139 
0.000000 
0.000000 
1.581139 
1.581139 
0.000000 
0.000000 
0.707107 
0.707107 
9.962429 
9.962429 
1.500000 
1.500000 
0.000000 
0.000000 
1.000000 
1.000000 
0.707107 
0.707107 
2.549510 
2.549510 
0.707107 
0.707107 
2.500000 
2.500000 
1.581139 
1.581139 
0.000000 
0.000000 
1.581139 
1.581139 
0.000000 
0.000000 
0.707107 
0.707107 
9.962429 
9.962429 
0.000000 
0.000000 
3.162278 
3.162278 
0.000000 
0.000000 
1.000000 
1.000000 
0.707107 
0.707107 
0.500000 
0.500000 
0.707107 
0.707107 
2.500000 
2.500000 
1.581139 
1.581139 
0.000000 
0.000000 
1.581139 
1.581139 
0.000000 
0.000000 
2.061553 
2.061553 
9.962429 
9.962429 
0.000000 
0.000000 
0.000000 
0.000000 
3.162278 
3.162278 
0.000000 
0.000000 
1.000000 
1.000000 
0.707107 
0.707107 
0.500000 
0.500000 
0.707107 
0.707107 
2.500000 
2.500000 
1.581139 
1.581139 
0.000000 
0.000000 
1.581139 
1.581139 
0.000000 
0.000000 
2.061553 
2.061553 
9.962429 
9.962429 
0.000000 
0.000000 
0.000000 
0.000000 
0.000000 
0.000000 
0.000000 
0.000000 
3.162278 
3.162278 
0.000000 
0.000000 
1.000000 
1.000000 
0.707107 
0.707107 
0.500000 
0.500000 
0.707107 
0.707107 
2.500000 
2.500000 
1.581139 
1.581139 
0.000000 
0.000000 
1.581139 
1.581139 
2.236068 
2.236068 
2.061553 
2.061553 
9.962429 
9.962429 
0.000000 
0.000000 
0.000000 
0.000000 
1.581139 
1.581139 
3.041381 
3.041381 
0.000000 
0.000000 
0.000000 
0.000000 
3.162278 
3.162278 
0.000000 
0.000000 
1.000000 
1.000000 
0.707107 
0.707107 
0.500000 
0.500000 
0.707107 
0.707107 
2.500000 
2.500000 
1.581139 
1.581139 
0.000000 
0.000000 
1.581139 
1.581139 
2.236068 
2.236068 
2.061553 
2.061553 
9.962429 
9.962429 
0.000000 
0.000000 
0.000000 
0.000000 
0.000000 
0.000000 
0.000000 
0.000000 
0.000000 
0.000000 
0.000000 
0.000000 
3.041381 
3.041381 
0.000000 
0.000000 
0.000000 
0.000000 
3.162278 
3.162278 
0.000000 
0.000000 
1.000000 
1.000000 
0.707107 
0.707107 
0.500000 
0.500000 
0.707107 
0.707107 
2.500000 
2.500000 
1.581139 
1.581139 
0.000000 
0.000000 
1.581139 
1.581139 
2.236068 
2.236068 
2.061553 
2.061553 
9.962429 
9.962429 
0.000000 
0.000000 
2.000000 
2.000000 
3.162278 
3.162278 
4.272002 
4.272002 
0.000000 
0.000000 
0.000000 
0.000000 
1.581139 
1.581139 
3.041381 
3.041381 
0.000000 
0.000000 
0.000000 
0.000000 
3.162278 
3.162278 
0.000000 
0.000000 
1.000000 
1.000000 
0.707107 
0.707107 
0.500000 
0.500000 
0.707107 
0.707107 
2.500000 
2.500000 
1.581139 
1.581139 
0.000000 
0.000000 
1.581139 
1.581139 
2.236068 
2.236068 
2.061553 
2.061553 
9.962429 
9.962429 
0.000000 
0.000000 
3.162278 
3.162278 
5.408327 
5.408327 
0.500000 
0.500000 
4.272002 
4.272002 
0.000000 
0.000000 
0.000000 
0.000000 
9.013878 
9.013878 
3.041381 
3.041381 
0.000000 
0.000000 
0.000000 
0.000000 
3.162278 
3.162278 
0.000000 
0.000000 
1.000000 
1.000000 
0.707107 
0.707107 
0.500000 
0.500000 
0.707107 
0.707107 
2.500000 
2.500000 
1.581139 
1.581139 
0.000000 
0.000000 
2.236068 
2.236068 
2.061553 
2.061553 
9.962429 
9.962429 
1.118034 
1.118034 
3.354102 
3.354102 
2.500000 
2.500000 
4.000000 
4.000000 
4.272002 
4.272002 
0.000000 
0.000000 
0.000000 
0.000000 
1.802776 
1.802776 
3.041381 
3.041381 
0.000000 
0.000000 
0.000000 
0.000000 
3.162278 
3.162278 
0.000000 
0.000000 
1.000000 
1.000000 
0.707107 
0.707107 
0.500000 
0.500000 
0.707107 
0.707107 
2.500000 
2.500000 
1.581139 
1.581139 
2.236068 
2.236068 
2.061553 
2.061553 
0.000000 
0.000000 
3.041381 
3.041381 
3.354102 
3.354102 
2.500000 
2.500000 
4.000000 
4.000000 
4.272002 
4.272002 
0.000000 
0.000000 
0.000000 
0.000000 
2.061553 
2.061553 
3.041381 
3.041381 
0.000000 
0.000000 
0.000000 
0.000000 
3.162278 
3.162278 
0.000000 
0.000000 
1.000000 
1.000000 
0.707107 
0.707107 
0.500000 
0.500000 
0.707107 
0.707107 
2.500000 
2.500000 
1.581139 
1.581139 
2.236068 
2.236068 
2.061553 
2.061553 
0.000000 
0.000000 
3.807887 
3.807887 
3.041381 
3.041381 
3.354102 
3.354102 
2.500000 
2.500000 
4.000000 
4.000000 
4.272002 
4.272002 
0.000000 
0.000000 
0.000000 
0.000000 
2.061553 
2.061553 
3.535534 
3.535534 
0.000000 
0.000000 
0.000000 
0.000000 
3.162278 
3.162278 
0.000000 
0.000000 
1.000000 
1.000000 
0.707107 
0.707107 
0.500000 
0.500000 
2.236068 
2.236068 
2.061553 
2.061553 
2.061553 
2.061553 
2.000000 
2.000000 
3.041381 
3.041381 
3.354102 
3.354102 
2.500000 
2.500000 
4.000000 
4.000000 
4.272002 
4.272002 
0.000000 
0.000000 
0.000000 
0.000000 
2.061553 
2.061553 
3.535534 
3.535534 
0.000000 
0.000000 
0.000000 
0.000000 
3.162278 
3.162278 
1.000000 
1.000000 
0.500000 
0.500000 
2.236068 
2.236068 
2.061553 
2.061553 
1.581139 
1.581139 
2.061553 
2.061553 
3.041381 
3.041381 
3.354102 
3.354102 
2.500000 
2.500000 
4.000000 
4.000000 
4.272002 
4.272002 
0.000000 
0.000000 
0.000000 
0.000000 
2.061553 
2.061553 
3.535534 
3.535534 
0.000000 
0.000000 
0.000000 
0.000000 
3.162278 
3.162278 
1.000000 
1.000000 
0.500000 
0.500000 
2.236068 
2.236068 
2.061553 
2.061553 
8.015610 
8.015610 
3.162278 
3.162278 
3.041381 
3.041381 
3.354102 
3.354102 
2.500000 
2.500000 
4.000000 
4.000000 
4.272002 
4.272002 
0.000000 
0.000000 
0.000000 
0.000000 
2.061553 
2.061553 
3.535534 
3.535534 
0.000000 
0.000000 
0.000000 
0.000000 
3.162278 
3.162278 
0.500000 
0.500000 
2.236068 
2.236068 
2.061553 
2.061553 
2.236068 
2.236068 
1.000000 
1.000000 
3.041381 
3.041381 
3.354102 
3.354102 
2.500000 
2.500000 
4.000000 
4.000000 
4.272002 
4.272002 
0.000000 
0.000000 
0.000000 
0.000000 
2.061553 
2.061553 
3.535534 
3.535534 
0.000000 
0.000000 
0.000000 
0.000000 
3.162278 
3.162278 
0.500000 
0.500000 
2.236068 
2.236068 
2.061553 
2.061553 
2.121320 
2.121320 
0.707107 
0.707107 
3.041381 
3.041381 
3.354102 
3.354102 
2.500000 
2.500000 
4.000000 
4.000000 
4.272002 
4.272002 
0.000000 
0.000000 
0.000000 
0.000000 
2.061553 
2.061553 
3.535534 
3.535534 
0.000000 
0.000000 
0.000000 
0.000000 
3.162278 
3.162278 
0.500000 
0.500000 
2.236068 
2.236068 
2.061553 
2.061553 
1.118034 
1.118034 
5.315073 
5.315073 
3.041381 
3.041381 
3.354102 
3.354102 
2.500000 
2.500000 
4.000000 
4.000000 
4.272002 
4.272002 
0.000000 
0.000000 
0.000000 
0.000000 
2.061553 
2.061553 
3.535534 
3.535534 
0.000000 
0.000000 
0.500000 
0.500000 
2.236068 
2.236068 
0.707107 
0.707107 
3.500000 
3.500000 
3.041381 
3.041381 
3.354102 
3.354102 
2.500000 
2.500000 
4.000000 
4.000000 
4.272002 
4.272002 
0.000000 
0.000000 
0.000000 
0.000000 
2.061553 
2.061553 
3.535534 
3.535534 
0.500000 
0.500000 
2.236068 
2.236068 
0.000000 
0.000000 
0.500000 
0.500000 
3.041381 
3.041381 
3.354102 
3.354102 
2.500000 
2.500000 
4.000000 
4.000000 
4.272002 
4.272002 
0.000000 
0.000000 
0.000000 
0.000000 
2.061553 
2.061553 
3.535534 
3.535534 
0.500000 
0.500000 
7.280110 
7.280110 
3.500000 
3.500000 
3.041381 
3.041381 
3.354102 
3.354102 
2.500000 
2.500000 
4.000000 
4.000000 
4.272002 
4.272002 
2.061553 
2.061553 
3.535534 
3.535534 
0.500000 
0.500000 
0.707107 
0.707107 
3.041381 
3.041381 
3.354102 
3.354102 
2.500000 
2.500000 
4.000000 
4.000000 
4.272002 
4.272002 
2.061553 
2.061553 
3.535534 
3.535534 
0.000000 
0.000000 
0.000000 
0.000000 
0.707107 
0.707107 
0.707107 
0.707107 
3.041381 
3.041381 
3.354102 
3.354102 
2.500000 
2.500000 
4.000000 
4.000000 
2.061553 
2.061553 
3.535534 
3.535534 
3.201562 
3.201562 
2.549510 
2.549510 
1.802776 
1.802776 
0.707107 
0.707107 
3.041381 
3.041381 
3.354102 
3.354102 
2.500000 
2.500000 
4.000000 
4.000000 
2.061553 
2.061553 
3.535534 
3.535534 
3.201562 
3.201562 
6.264982 
6.264982 
4.123106 
4.123106 
0.707107 
0.707107 
3.041381 
3.041381 
2.061553 
2.061553 
3.535534 
3.535534 
0.000000 
0.000000 
3.201562 
3.201562 
2.500000 
2.500000 
1.500000 
1.500000 
0.707107 
0.707107 
3.535534 
3.535534 
0.000000 
0.000000 
0.000000 
0.000000 
3.201562 
3.201562 
6.000000 
6.000000 
1.581139 
1.581139 
0.707107 
0.707107 
2.061553 
2.061553 
0.000000 
0.000000 
3.201562 
3.201562 
5.000000 
5.000000 
1.802776 
1.802776 
0.707107 
0.707107 
3.605551 
3.605551 
0.000000 
0.000000 
3.201562 
3.201562 
3.354102 
3.354102 
2.500000 
2.500000 
0.707107 
0.707107 
0.000000 
0.000000 
8.000000 
8.000000 
0.000000 
0.000000 
3.201562 
3.201562 
7.516648 
7.516648 
4.743416 
4.743416 
0.707107 
0.707107 
