0.000000 
0.000000 
1.118034 
1.118034 
0.000000 
0.000000 
0.000000 
0.000000 
1.118034 
1.118034 
1.000000 
1.000000 
3.000000 
3.000000 
1.118034 
1.118034 
3.354102 
3.354102 
3.000000 
3.000000 
1.118034 
1.118034 
1.802776 
1.802776 
3.000000 
3.000000 
1.118034 
1.118034 
0.000000 
0.000000 
1.802776 
1.802776 
3.000000 
3.000000 
1.118034 
1.118034 
2.000000 
2.000000 
1.802776 
1.802776 
3.000000 
3.000000 
1.118034 
1.118034 
2.000000 
2.000000 
1.802776 
1.802776 
3.000000 
3.000000 
1.118034 
1.118034 
0.000000 
0.000000 
2.000000 
2.000000 
1.802776 
1.802776 
3.000000 
3.000000 
1.118034 
1.118034 
2.061553 
2.061553 
2.000000 
2.000000 
1.802776 
1.802776 
3.000000 
3.000000 
1.118034 
1.118034 
2.061553 
2.061553 
2.000000 
2.000000 
1.802776 
1.802776 
3.000000 
3.000000 
1.118034 
1.118034 
2.061553 
2.061553 
2.000000 
2.000000 
1.802776 
1.802776 
3.000000 
3.000000 
1.118034 
1.118034 
2.061553 
2.061553 
2.000000 
2.000000 
1.802776 
1.802776 
3.000000 
3.000000 
1.118034 
1.118034 
0.000000 
0.000000 
2.061553 
2.061553 
2.000000 
2.000000 
1.802776 
1.802776 
3.000000 
3.000000 
1.118034 
1.118034 
3.041381 
3.041381 
2.061553 
2.061553 
2.000000 
2.000000 
1.802776 
1.802776 
3.000000 
3.000000 
1.118034 
1.118034 
3.041381 
3.041381 
2.061553 
2.061553 
2.000000 
2.000000 
1.802776 
1.802776 
3.000000 
3.000000 
3.041381 
3.041381 
2.061553 
2.061553 
2.000000 
2.000000 
1.802776 
1.802776 
3.000000 
3.000000 
0.000000 
0.000000 
3.041381 
3.041381 
2.061553 
2.061553 
2.000000 
2.000000 
1.802776 
1.802776 
0.000000 
0.000000 
1.581139 
1.581139 
3.041381 
3.041381 
2.061553 
2.061553 
2.000000 
2.000000 
1.802776 
1.802776 
2.061553 
2.061553 
1.000000 
1.000000 
3.041381 
3.041381 
2.061553 
2.061553 
2.000000 
2.000000 
0.000000 
0.000000 
2.061553 
2.061553 
2.500000 
2.500000 
3.041381 
3.041381 
2.061553 
2.061553 
2.000000 
2.000000 
0.000000 
0.000000 
0.000000 
0.000000 
0.000000 
0.000000 
2.061553 
2.061553 
0.500000 
0.500000 
3.041381 
3.041381 
2.061553 
2.061553 
2.000000 
2.000000 
2.061553 
2.061553 
1.581139 
1.581139 
0.000000 
0.000000 
2.061553 
2.061553 
2.236068 
2.236068 
3.041381 
3.041381 
2.061553 
2.061553 
0.000000 
0.000000 
0.500000 
0.500000 
1.581139 
1.581139 
0.000000 
0.000000 
2.061553 
2.061553 
4.031129 
4.031129 
3.041381 
3.041381 
2.061553 
2.061553 
2.061553 
2.061553 
4.000000 
4.000000 
1.581139 
1.581139 
0.000000 
0.000000 
2.061553 
2.061553 
0.000000 
0.000000 
3.041381 
3.041381 
1.581139 
1.581139 
2.692582 
2.692582 
1.581139 
1.581139 
0.000000 
0.000000 
2.061553 
2.061553 
1.118034 
1.118034 
3.041381 
3.041381 
0.000000 
0.000000 
1.581139 
1.581139 
0.707107 
0.707107 
1.581139 
1.581139 
0.000000 
0.000000 
2.061553 
2.061553 
0.707107 
0.707107 
3.041381 
3.041381 
0.000000 
0.000000 
2.061553 
2.061553 
1.581139 
1.581139 
0.500000 
0.500000 
1.581139 
1.581139 
0.000000 
0.000000 
2.061553 
2.061553 
0.500000 
0.500000 
3.041381 
3.041381 
0.000000 
0.000000 
0.000000 
0.000000 
1.500000 
1.500000 
2.061553 
2.061553 
1.581139 
1.581139 
1.118034 
1.118034 
1.581139 
1.581139 
0.000000 
0.000000 
2.061553 
2.061553 
1.000000 
1.000000 
3.041381 
3.041381 
1.414214 
1.414214 
2.061553 
2.061553 
4.500000 
4.500000 
2.061553 
2.061553 
1.581139 
1.581139 
1.118034 
1.118034 
1.581139 
1.581139 
0.000000 
0.000000 
2.061553 
2.061553 
0.707107 
0.707107 
3.041381 
3.041381 
0.000000 
0.000000 
4.500000 
4.500000 
2.061553 
2.061553 
2.549510 
2.549510 
2.061553 
2.061553 
1.581139 
1.581139 
1.118034 
1.118034 
1.581139 
1.581139 
0.000000 
0.000000 
2.061553 
2.061553 
0.500000 
0.500000 
1.000000 
1.000000 
1.000000 
1.000000 
2.061553 
2.061553 
3.041381 
3.041381 
2.061553 
2.061553 
1.581139 
1.581139 
5.700877 
5.700877 
1.581139 
1.581139 
0.000000 
0.000000 
2.061553 
2.061553 
0.500000 
0.500000 
0.000000 
0.000000 
0.000000 
0.000000 
0.000000 
0.000000 
1.000000 
1.000000 
1.118034 
1.118034 
2.061553 
2.061553 
3.041381 
3.041381 
2.061553 
2.061553 
1.581139 
1.581139 
1.500000 
1.500000 
1.581139 
1.581139 
0.000000 
0.000000 
2.061553 
2.061553 
2.236068 
2.236068 
0.000000 
0.000000 
1.000000 
1.000000 
0.000000 
0.000000 
1.581139 
1.581139 
1.000000 
1.000000 
0.500000 
0.500000 
2.061553 
2.061553 
3.041381 
3.041381 
2.061553 
2.061553 
1.581139 
1.581139 
1.118034 
1.118034 
1.581139 
1.581139 
0.000000 
0.000000 
2.061553 
2.061553 
1.118034 
1.118034 
1.581139 
1.581139 
3.041381 
3.041381 
0.000000 
0.000000 
1.581139 
1.581139 
1.000000 
1.000000 
3.535534 
3.535534 
2.061553 
2.061553 
3.041381 
3.041381 
2.061553 
2.061553 
1.581139 
1.581139 
1.000000 
1.000000 
1.581139 
1.581139 
0.000000 
0.000000 
1.000000 
1.000000 
0.000000 
0.000000 
0.000000 
0.000000 
1.581139 
1.581139 
2.000000 
2.000000 
0.000000 
0.000000 
1.581139 
1.581139 
1.000000 
1.000000 
3.535534 
3.535534 
2.061553 
2.061553 
3.041381 
3.041381 
2.061553 
2.061553 
1.581139 
1.581139 
4.609772 
4.609772 
1.581139 
1.581139 
2.061553 
2.061553 
0.000000 
0.000000 
0.000000 
0.000000 
0.000000 
0.000000 
1.581139 
1.581139 
3.000000 
3.000000 
0.000000 
0.000000 
1.581139 
1.581139 
1.000000 
1.000000 
3.535534 
3.535534 
2.061553 
2.061553 
3.041381 
3.041381 
2.061553 
2.061553 
1.581139 
1.581139 
0.500000 
0.500000 
1.581139 
1.581139 
0.707107 
0.707107 
