0.000000 
0.000000 
0.000000 
0.000000 
0.000000 
0.000000 
0.000000 
0.000000 
0.000000 
0.000000 
8.139410 
8.139410 
0.500000 
0.500000 
7.516648 
7.516648 
2.061553 
2.061553 
1.118034 
1.118034 
1.118034 
1.118034 
0.000000 
0.000000 
1.581139 
1.581139 
1.581139 
1.581139 
1.000000 
1.000000 
7.566373 
7.566373 
10.547512 
10.547512 
1.500000 
1.500000 
2.061553 
2.061553 
1.000000 
1.000000 
7.762087 
7.762087 
1.000000 
1.000000 
1.500000 
1.500000 
7.516648 
7.516648 
5.000000 
5.000000 
7.762087 
7.762087 
1.000000 
1.000000 
2.061553 
2.061553 
1.581139 
1.581139 
0.707107 
0.707107 
4.527693 
4.527693 
0.500000 
0.500000 
7.500000 
7.500000 
1.581139 
1.581139 
1.118034 
1.118034 
0.500000 
0.500000 
0.500000 
0.500000 
1.802776 
1.802776 
1.581139 
1.581139 
0.707107 
0.707107 
0.000000 
0.000000 
7.071068 
7.071068 
0.500000 
0.500000 
1.000000 
1.000000 
1.500000 
1.500000 
1.118034 
1.118034 
0.707107 
0.707107 
1.581139 
1.581139 
0.500000 
0.500000 
1.581139 
1.581139 
8.015610 
8.015610 
0.707107 
0.707107 
0.707107 
0.707107 
1.581139 
1.581139 
0.500000 
0.500000 
1.000000 
1.000000 
0.707107 
0.707107 
0.707107 
0.707107 
0.707107 
0.707107 
1.581139 
1.581139 
0.500000 
0.500000 
1.000000 
1.000000 
1.000000 
1.000000 
0.500000 
0.500000 
0.000000 
0.000000 
0.707107 
0.707107 
1.581139 
1.581139 
0.500000 
0.500000 
1.500000 
1.500000 
2.061553 
2.061553 
1.414214 
1.414214 
2.000000 
2.000000 
0.707107 
0.707107 
1.581139 
1.581139 
0.500000 
0.500000 
7.017834 
7.017834 
1.581139 
1.581139 
0.500000 
0.500000 
0.000000 
0.000000 
2.000000 
2.000000 
0.707107 
0.707107 
1.581139 
1.581139 
0.500000 
0.500000 
1.500000 
1.500000 
1.118034 
1.118034 
0.707107 
0.707107 
1.500000 
1.500000 
2.000000 
2.000000 
0.707107 
0.707107 
1.581139 
1.581139 
0.500000 
0.500000 
2.061553 
2.061553 
7.017834 
7.017834 
0.500000 
0.500000 
1.500000 
1.500000 
2.000000 
2.000000 
0.707107 
0.707107 
1.581139 
1.581139 
0.500000 
0.500000 
2.000000 
2.000000 
0.707107 
0.707107 
1.414214 
1.414214 
1.500000 
1.500000 
2.000000 
2.000000 
0.707107 
0.707107 
1.581139 
1.581139 
0.500000 
0.500000 
1.581139 
1.581139 
1.000000 
1.000000 
1.500000 
1.500000 
1.500000 
1.500000 
2.000000 
2.000000 
0.707107 
0.707107 
1.581139 
1.581139 
0.500000 
0.500000 
6.670832 
6.670832 
1.581139 
1.581139 
1.118034 
1.118034 
1.500000 
1.500000 
2.000000 
2.000000 
0.707107 
0.707107 
1.581139 
1.581139 
0.500000 
0.500000 
1.500000 
1.500000 
2.061553 
2.061553 
6.082763 
6.082763 
1.500000 
1.500000 
2.000000 
2.000000 
0.707107 
0.707107 
1.581139 
1.581139 
0.500000 
0.500000 
1.118034 
1.118034 
1.581139 
1.581139 
1.000000 
1.000000 
1.500000 
1.500000 
2.000000 
2.000000 
0.707107 
0.707107 
1.581139 
1.581139 
2.915476 
2.915476 
7.516648 
7.516648 
1.802776 
1.802776 
0.000000 
0.000000 
1.500000 
1.500000 
2.000000 
2.000000 
0.707107 
0.707107 
1.581139 
1.581139 
2.500000 
2.500000 
1.118034 
1.118034 
2.061553 
2.061553 
1.802776 
1.802776 
1.500000 
1.500000 
2.000000 
2.000000 
0.707107 
0.707107 
1.581139 
1.581139 
1.118034 
1.118034 
2.061553 
2.061553 
1.118034 
1.118034 
3.640055 
3.640055 
14.508618 
14.508618 
2.000000 
2.000000 
0.707107 
0.707107 
5.522681 
5.522681 
1.802776 
1.802776 
1.500000 
1.500000 
1.414214 
1.414214 
0.500000 
0.500000 
2.000000 
2.000000 
2.000000 
2.000000 
2.692582 
2.692582 
1.000000 
1.000000 
2.692582 
2.692582 
12.041595 
12.041595 
2.000000 
2.000000 
2.000000 
2.000000 
1.414214 
1.414214 
7.017834 
7.017834 
1.000000 
1.000000 
0.500000 
0.500000 
2.000000 
2.000000 
1.500000 
1.500000 
6.020797 
6.020797 
1.118034 
1.118034 
1.500000 
1.500000 
0.500000 
0.500000 
1.118034 
1.118034 
1.118034 
1.118034 
1.802776 
1.802776 
0.000000 
0.000000 
2.000000 
2.000000 
0.500000 
0.500000 
0.500000 
0.500000 
1.500000 
1.500000 
1.118034 
1.118034 
0.500000 
0.500000 
1.000000 
1.000000 
0.500000 
0.500000 
8.062258 
8.062258 
1.414214 
1.414214 
1.414214 
1.414214 
0.000000 
0.000000 
1.581139 
1.581139 
0.500000 
0.500000 
1.581139 
1.581139 
2.549510 
2.549510 
1.802776 
1.802776 
1.118034 
1.118034 
4.000000 
4.000000 
0.500000 
0.500000 
2.000000 
2.000000 
1.000000 
1.000000 
0.707107 
0.707107 
0.500000 
0.500000 
1.500000 
1.500000 
0.500000 
0.500000 
1.581139 
1.581139 
6.519202 
6.519202 
0.707107 
0.707107 
0.500000 
0.500000 
2.000000 
2.000000 
0.500000 
0.500000 
1.118034 
1.118034 
0.707107 
0.707107 
0.707107 
0.707107 
0.500000 
0.500000 
2.000000 
2.000000 
13.341664 
13.341664 
1.500000 
1.500000 
1.118034 
1.118034 
5.522681 
5.522681 
0.707107 
0.707107 
2.500000 
2.500000 
8.062258 
8.062258 
0.707107 
0.707107 
1.500000 
1.500000 
0.500000 
0.500000 
1.500000 
1.500000 
1.118034 
1.118034 
8.015610 
8.015610 
5.220153 
5.220153 
2.000000 
2.000000 
1.581139 
1.581139 
1.000000 
1.000000 
4.000000 
4.000000 
2.061553 
2.061553 
1.000000 
1.000000 
1.500000 
1.500000 
1.118034 
1.118034 
