0.000000 
0.000000 
1.118034 
1.118034 
1.118034 
1.118034 
0.000000 
0.000000 
0.000000 
0.000000 
1.118034 
1.118034 
0.000000 
0.000000 
0.000000 
0.000000 
1.118034 
1.118034 
0.000000 
0.000000 
0.000000 
0.000000 
1.118034 
1.118034 
0.000000 
0.000000 
0.000000 
0.000000 
1.118034 
1.118034 
0.000000 
0.000000 
0.000000 
0.000000 
0.000000 
0.000000 
1.118034 
1.118034 
2.500000 
2.500000 
0.000000 
0.000000 
0.000000 
0.000000 
1.118034 
1.118034 
7.000000 
7.000000 
0.000000 
0.000000 
0.000000 
0.000000 
1.118034 
1.118034 
2.061553 
2.061553 
0.000000 
0.000000 
0.000000 
0.000000 
1.118034 
1.118034 
2.000000 
2.000000 
0.000000 
0.000000 
0.000000 
0.000000 
1.118034 
1.118034 
0.000000 
0.000000 
2.000000 
2.000000 
0.000000 
0.000000 
0.000000 
0.000000 
1.118034 
1.118034 
0.000000 
0.000000 
2.000000 
2.000000 
0.000000 
0.000000 
0.000000 
0.000000 
1.118034 
1.118034 
0.000000 
0.000000 
2.000000 
2.000000 
0.000000 
0.000000 
0.000000 
0.000000 
1.118034 
1.118034 
0.000000 
0.000000 
0.000000 
0.000000 
2.000000 
2.000000 
0.000000 
0.000000 
0.000000 
0.000000 
1.118034 
1.118034 
2.000000 
2.000000 
0.000000 
0.000000 
2.000000 
2.000000 
0.000000 
0.000000 
0.000000 
0.000000 
1.118034 
1.118034 
0.000000 
0.000000 
2.000000 
2.000000 
0.000000 
0.000000 
0.000000 
0.000000 
7.516648 
7.516648 
0.000000 
0.000000 
2.000000 
2.000000 
0.707107 
0.707107 
0.000000 
0.000000 
2.000000 
2.000000 
1.118034 
1.118034 
0.000000 
0.000000 
2.000000 
2.000000 
2.236068 
2.236068 
0.000000 
0.000000 
2.000000 
2.000000 
2.236068 
2.236068 
0.000000 
0.000000 
2.000000 
2.000000 
2.236068 
2.236068 
0.000000 
0.000000 
2.000000 
2.000000 
12.806248 
12.806248 
0.000000 
0.000000 
2.000000 
2.000000 
2.061553 
2.061553 
0.000000 
0.000000 
2.000000 
2.000000 
2.000000 
2.000000 
0.000000 
0.000000 
2.000000 
2.000000 
2.500000 
2.500000 
6.670832 
6.670832 
2.500000 
2.500000 
0.500000 
0.500000 
13.536986 
13.536986 
3.640055 
3.640055 
0.000000 
0.000000 
3.535534 
3.535534 
0.500000 
0.500000 
5.522681 
5.522681 
1.000000 
1.000000 
5.024938 
5.024938 
7.017834 
7.017834 
12.093387 
12.093387 
1.500000 
1.500000 
4.123106 
4.123106 
0.500000 
0.500000 
4.031129 
4.031129 
