0.000000 
0.000000 
0.000000 
0.000000 
0.000000 
0.000000 
0.000000 
0.000000 
0.000000 
0.000000 
2.061553 
2.061553 
0.000000 
0.000000 
2.915476 
2.915476 
0.500000 
0.500000 
2.692582 
2.692582 
0.000000 
0.000000 
0.000000 
0.000000 
2.061553 
2.061553 
0.000000 
0.000000 
2.121320 
2.121320 
0.500000 
0.500000 
0.707107 
0.707107 
0.500000 
0.500000 
1.118034 
1.118034 
2.061553 
2.061553 
0.000000 
0.000000 
4.743416 
4.743416 
0.707107 
0.707107 
1.000000 
1.000000 
0.000000 
0.000000 
3.000000 
3.000000 
1.118034 
1.118034 
2.061553 
2.061553 
0.000000 
0.000000 
2.500000 
2.500000 
1.118034 
1.118034 
1.118034 
1.118034 
0.000000 
0.000000 
0.000000 
0.000000 
1.581139 
1.581139 
2.500000 
2.500000 
2.061553 
2.061553 
0.000000 
0.000000 
2.500000 
2.500000 
0.500000 
0.500000 
1.500000 
1.500000 
0.000000 
0.000000 
0.000000 
0.000000 
0.000000 
0.000000 
0.707107 
0.707107 
1.802776 
1.802776 
2.061553 
2.061553 
0.000000 
0.000000 
2.500000 
2.500000 
1.118034 
1.118034 
0.500000 
0.500000 
1.500000 
1.500000 
0.000000 
0.000000 
0.000000 
0.000000 
1.414214 
1.414214 
1.802776 
1.802776 
2.061553 
2.061553 
0.000000 
0.000000 
2.500000 
2.500000 
1.118034 
1.118034 
4.272002 
4.272002 
0.000000 
0.000000 
1.500000 
1.500000 
0.000000 
0.000000 
0.000000 
0.000000 
0.000000 
0.000000 
1.802776 
1.802776 
2.061553 
2.061553 
0.000000 
0.000000 
2.500000 
2.500000 
2.500000 
2.500000 
1.500000 
1.500000 
0.000000 
0.000000 
1.500000 
1.500000 
0.000000 
0.000000 
0.000000 
0.000000 
0.500000 
0.500000 
1.802776 
1.802776 
2.061553 
2.061553 
0.000000 
0.000000 
2.500000 
2.500000 
2.500000 
2.500000 
1.500000 
1.500000 
0.707107 
0.707107 
1.500000 
1.500000 
0.000000 
0.000000 
0.000000 
0.000000 
1.500000 
1.500000 
1.802776 
1.802776 
2.061553 
2.061553 
0.000000 
0.000000 
2.500000 
2.500000 
2.500000 
2.500000 
1.500000 
1.500000 
0.000000 
0.000000 
0.000000 
0.000000 
1.500000 
1.500000 
0.000000 
0.000000 
0.000000 
0.000000 
1.500000 
1.500000 
1.802776 
1.802776 
2.061553 
2.061553 
0.000000 
0.000000 
2.500000 
2.500000 
2.500000 
2.500000 
1.500000 
1.500000 
0.000000 
0.000000 
0.500000 
0.500000 
1.118034 
1.118034 
1.500000 
1.500000 
0.000000 
0.000000 
0.000000 
0.000000 
1.500000 
1.500000 
1.802776 
1.802776 
2.061553 
2.061553 
0.000000 
0.000000 
2.500000 
2.500000 
2.500000 
2.500000 
1.500000 
1.500000 
0.000000 
0.000000 
3.201562 
3.201562 
0.500000 
0.500000 
1.118034 
1.118034 
1.500000 
1.500000 
0.000000 
0.000000 
0.000000 
0.000000 
1.500000 
1.500000 
1.802776 
1.802776 
2.061553 
2.061553 
0.000000 
0.000000 
2.500000 
2.500000 
2.500000 
2.500000 
1.500000 
1.500000 
1.802776 
1.802776 
3.201562 
3.201562 
0.500000 
0.500000 
1.118034 
1.118034 
1.500000 
1.500000 
0.000000 
0.000000 
0.000000 
0.000000 
1.500000 
1.500000 
1.802776 
1.802776 
2.061553 
2.061553 
0.000000 
0.000000 
2.500000 
2.500000 
2.500000 
2.500000 
1.500000 
1.500000 
0.000000 
0.000000 
2.000000 
2.000000 
3.201562 
3.201562 
0.500000 
0.500000 
1.118034 
1.118034 
1.500000 
1.500000 
0.000000 
0.000000 
0.000000 
0.000000 
1.500000 
1.500000 
1.802776 
1.802776 
2.061553 
2.061553 
2.500000 
2.500000 
2.500000 
2.500000 
1.500000 
1.500000 
0.000000 
0.000000 
1.500000 
1.500000 
2.000000 
2.000000 
3.201562 
3.201562 
0.500000 
0.500000 
1.118034 
1.118034 
1.500000 
1.500000 
0.000000 
0.000000 
0.000000 
0.000000 
1.500000 
1.500000 
1.802776 
1.802776 
2.500000 
2.500000 
2.500000 
2.500000 
1.500000 
1.500000 
0.000000 
0.000000 
2.061553 
2.061553 
1.118034 
1.118034 
2.000000 
2.000000 
3.201562 
3.201562 
0.500000 
0.500000 
1.118034 
1.118034 
1.500000 
1.500000 
0.000000 
0.000000 
0.000000 
0.000000 
1.500000 
1.500000 
1.802776 
1.802776 
2.500000 
2.500000 
2.500000 
2.500000 
1.500000 
1.500000 
1.581139 
1.581139 
3.162278 
3.162278 
4.609772 
4.609772 
2.000000 
2.000000 
3.201562 
3.201562 
0.500000 
0.500000 
1.118034 
1.118034 
1.500000 
1.500000 
0.000000 
0.000000 
0.000000 
0.000000 
1.500000 
1.500000 
1.802776 
1.802776 
2.500000 
2.500000 
2.500000 
2.500000 
1.500000 
1.500000 
0.000000 
0.000000 
0.000000 
0.000000 
1.581139 
1.581139 
2.692582 
2.692582 
1.500000 
1.500000 
2.000000 
2.000000 
3.201562 
3.201562 
0.500000 
0.500000 
1.118034 
1.118034 
1.500000 
1.500000 
0.000000 
0.000000 
1.500000 
1.500000 
1.802776 
1.802776 
2.500000 
2.500000 
1.500000 
1.500000 
0.000000 
0.000000 
0.000000 
0.000000 
1.500000 
1.500000 
3.535534 
3.535534 
1.581139 
1.581139 
2.692582 
2.692582 
1.118034 
1.118034 
2.000000 
2.000000 
3.201562 
3.201562 
0.500000 
0.500000 
1.118034 
1.118034 
1.500000 
1.500000 
1.500000 
1.500000 
1.802776 
1.802776 
2.500000 
2.500000 
1.500000 
1.500000 
0.000000 
0.000000 
0.000000 
0.000000 
3.807887 
3.807887 
1.500000 
1.500000 
3.162278 
3.162278 
1.581139 
1.581139 
2.692582 
2.692582 
4.527693 
4.527693 
2.000000 
2.000000 
3.201562 
3.201562 
0.500000 
0.500000 
1.118034 
1.118034 
1.500000 
1.500000 
1.500000 
1.500000 
2.500000 
2.500000 
1.500000 
1.500000 
0.000000 
0.000000 
0.500000 
0.500000 
0.000000 
0.000000 
2.828427 
2.828427 
1.500000 
1.500000 
1.000000 
1.000000 
1.581139 
1.581139 
2.692582 
2.692582 
4.527693 
4.527693 
2.000000 
2.000000 
3.201562 
3.201562 
0.500000 
0.500000 
1.118034 
1.118034 
1.500000 
1.500000 
2.500000 
2.500000 
1.500000 
1.500000 
0.000000 
0.000000 
0.000000 
0.000000 
0.000000 
0.000000 
0.000000 
0.000000 
5.500000 
5.500000 
0.500000 
0.500000 
0.000000 
0.000000 
2.828427 
2.828427 
1.500000 
1.500000 
1.000000 
1.000000 
1.581139 
1.581139 
2.692582 
2.692582 
4.527693 
4.527693 
2.000000 
2.000000 
3.201562 
3.201562 
0.500000 
0.500000 
1.118034 
1.118034 
1.500000 
1.500000 
2.061553 
2.061553 
4.272002 
4.272002 
1.802776 
1.802776 
1.500000 
1.500000 
5.500000 
5.500000 
1.118034 
1.118034 
0.000000 
0.000000 
2.828427 
2.828427 
1.500000 
1.500000 
1.000000 
1.000000 
1.581139 
1.581139 
2.692582 
2.692582 
4.527693 
4.527693 
2.000000 
2.000000 
3.201562 
3.201562 
0.500000 
0.500000 
1.118034 
1.118034 
1.500000 
1.500000 
0.000000 
0.000000 
0.000000 
0.000000 
0.000000 
0.000000 
2.061553 
2.061553 
4.272002 
4.272002 
1.802776 
1.802776 
1.500000 
1.500000 
5.500000 
5.500000 
0.500000 
0.500000 
0.000000 
0.000000 
2.828427 
2.828427 
1.500000 
1.500000 
1.000000 
1.000000 
1.581139 
1.581139 
2.692582 
2.692582 
4.527693 
4.527693 
2.000000 
2.000000 
3.201562 
3.201562 
0.500000 
0.500000 
1.118034 
1.118034 
0.000000 
0.000000 
0.000000 
0.000000 
0.000000 
0.000000 
1.500000 
1.500000 
2.061553 
2.061553 
4.272002 
4.272002 
1.802776 
1.802776 
1.500000 
1.500000 
5.500000 
5.500000 
0.707107 
0.707107 
0.000000 
0.000000 
2.828427 
2.828427 
1.500000 
1.500000 
1.000000 
1.000000 
1.581139 
1.581139 
2.692582 
2.692582 
4.527693 
4.527693 
2.000000 
2.000000 
3.201562 
3.201562 
0.500000 
0.500000 
1.118034 
1.118034 
0.000000 
0.000000 
0.000000 
0.000000 
0.000000 
0.000000 
0.000000 
0.000000 
1.118034 
1.118034 
0.000000 
0.000000 
1.500000 
1.500000 
2.061553 
2.061553 
4.272002 
4.272002 
1.802776 
1.802776 
1.500000 
1.500000 
5.500000 
5.500000 
0.707107 
0.707107 
0.000000 
0.000000 
2.828427 
2.828427 
1.500000 
1.500000 
1.000000 
1.000000 
1.581139 
1.581139 
2.692582 
2.692582 
4.527693 
4.527693 
2.000000 
2.000000 
3.201562 
3.201562 
1.500000 
1.500000 
0.500000 
0.500000 
1.500000 
1.500000 
0.000000 
0.000000 
0.500000 
0.500000 
0.000000 
0.000000 
1.500000 
1.500000 
2.061553 
2.061553 
4.272002 
4.272002 
1.802776 
1.802776 
1.500000 
1.500000 
5.500000 
5.500000 
0.707107 
0.707107 
0.000000 
0.000000 
2.828427 
2.828427 
1.500000 
1.500000 
1.000000 
1.000000 
1.581139 
1.581139 
2.692582 
2.692582 
4.527693 
4.527693 
2.000000 
2.000000 
0.000000 
0.000000 
1.500000 
1.500000 
0.000000 
0.000000 
1.500000 
1.500000 
0.000000 
0.000000 
1.414214 
1.414214 
0.000000 
0.000000 
1.500000 
1.500000 
2.061553 
2.061553 
4.272002 
4.272002 
1.802776 
1.802776 
1.500000 
1.500000 
5.500000 
5.500000 
0.707107 
0.707107 
0.000000 
0.000000 
2.828427 
2.828427 
1.500000 
1.500000 
1.000000 
1.000000 
1.581139 
1.581139 
2.692582 
2.692582 
4.527693 
4.527693 
2.000000 
2.000000 
0.000000 
0.000000 
0.000000 
0.000000 
0.000000 
0.000000 
1.500000 
1.500000 
0.000000 
0.000000 
1.500000 
1.500000 
0.000000 
0.000000 
1.118034 
1.118034 
0.000000 
0.000000 
1.500000 
1.500000 
2.061553 
2.061553 
4.272002 
4.272002 
1.802776 
1.802776 
1.500000 
1.500000 
5.500000 
5.500000 
0.707107 
0.707107 
0.000000 
0.000000 
2.828427 
2.828427 
1.500000 
1.500000 
1.000000 
1.000000 
1.581139 
1.581139 
2.692582 
2.692582 
4.527693 
4.527693 
0.000000 
0.000000 
1.118034 
1.118034 
0.000000 
0.000000 
0.000000 
0.000000 
1.500000 
1.500000 
1.000000 
1.000000 
1.500000 
1.500000 
0.000000 
0.000000 
1.118034 
1.118034 
0.000000 
0.000000 
1.500000 
1.500000 
2.061553 
2.061553 
4.272002 
4.272002 
1.802776 
1.802776 
1.500000 
1.500000 
5.500000 
5.500000 
0.707107 
0.707107 
0.000000 
0.000000 
2.828427 
2.828427 
1.500000 
1.500000 
1.000000 
1.000000 
1.581139 
1.581139 
2.692582 
2.692582 
4.527693 
4.527693 
4.031129 
4.031129 
1.118034 
1.118034 
0.000000 
0.000000 
0.000000 
0.000000 
1.500000 
1.500000 
0.500000 
0.500000 
1.500000 
1.500000 
0.000000 
0.000000 
1.118034 
1.118034 
0.000000 
0.000000 
1.500000 
1.500000 
2.061553 
2.061553 
4.272002 
4.272002 
1.802776 
1.802776 
1.500000 
1.500000 
5.500000 
5.500000 
0.707107 
0.707107 
0.000000 
0.000000 
2.828427 
2.828427 
1.500000 
1.500000 
1.000000 
1.000000 
1.581139 
1.581139 
2.692582 
2.692582 
4.527693 
4.527693 
0.000000 
0.000000 
4.031129 
4.031129 
1.118034 
1.118034 
0.000000 
0.000000 
0.000000 
0.000000 
1.500000 
1.500000 
0.500000 
0.500000 
1.500000 
1.500000 
0.000000 
0.000000 
0.000000 
0.000000 
0.000000 
0.000000 
1.500000 
1.500000 
2.061553 
2.061553 
4.272002 
4.272002 
1.802776 
1.802776 
1.500000 
1.500000 
5.500000 
5.500000 
0.707107 
0.707107 
0.000000 
0.000000 
2.828427 
2.828427 
1.500000 
1.500000 
1.000000 
1.000000 
2.692582 
2.692582 
4.527693 
4.527693 
0.000000 
0.000000 
0.000000 
0.000000 
1.581139 
1.581139 
4.031129 
4.031129 
1.118034 
1.118034 
0.000000 
0.000000 
0.000000 
0.000000 
1.500000 
1.500000 
3.000000 
3.000000 
1.500000 
1.500000 
0.000000 
0.000000 
1.000000 
1.000000 
0.000000 
0.000000 
1.500000 
1.500000 
2.061553 
2.061553 
4.272002 
4.272002 
1.802776 
1.802776 
1.500000 
1.500000 
5.500000 
5.500000 
0.707107 
0.707107 
0.000000 
0.000000 
2.828427 
2.828427 
1.500000 
1.500000 
1.000000 
1.000000 
4.527693 
4.527693 
0.000000 
0.000000 
1.581139 
1.581139 
1.581139 
1.581139 
4.031129 
4.031129 
1.118034 
1.118034 
0.000000 
0.000000 
0.000000 
0.000000 
1.500000 
1.500000 
1.802776 
1.802776 
1.500000 
1.500000 
0.000000 
0.000000 
2.692582 
2.692582 
0.000000 
0.000000 
1.500000 
1.500000 
2.061553 
2.061553 
4.272002 
4.272002 
1.802776 
1.802776 
1.500000 
1.500000 
5.500000 
5.500000 
0.707107 
0.707107 
0.000000 
0.000000 
2.828427 
2.828427 
1.000000 
1.000000 
4.527693 
4.527693 
0.000000 
0.000000 
6.000000 
6.000000 
1.581139 
1.581139 
3.162278 
3.162278 
1.118034 
1.118034 
0.000000 
0.000000 
0.000000 
0.000000 
1.500000 
1.500000 
2.000000 
2.000000 
1.500000 
1.500000 
0.000000 
0.000000 
1.118034 
1.118034 
0.000000 
0.000000 
1.500000 
1.500000 
2.061553 
2.061553 
4.272002 
4.272002 
1.802776 
1.802776 
1.500000 
1.500000 
5.500000 
5.500000 
0.707107 
0.707107 
2.828427 
2.828427 
1.000000 
1.000000 
0.000000 
0.000000 
3.535534 
3.535534 
1.581139 
1.581139 
0.500000 
0.500000 
1.118034 
1.118034 
0.000000 
0.000000 
0.000000 
0.000000 
1.500000 
1.500000 
1.581139 
1.581139 
1.500000 
1.500000 
0.000000 
0.000000 
1.581139 
1.581139 
0.000000 
0.000000 
1.500000 
1.500000 
2.061553 
2.061553 
4.272002 
4.272002 
1.802776 
1.802776 
1.500000 
1.500000 
5.500000 
5.500000 
0.707107 
0.707107 
0.000000 
0.000000 
0.000000 
0.000000 
0.000000 
0.000000 
3.535534 
3.535534 
1.581139 
1.581139 
1.118034 
1.118034 
1.118034 
1.118034 
0.000000 
0.000000 
0.000000 
0.000000 
1.500000 
1.500000 
2.500000 
2.500000 
1.500000 
1.500000 
0.000000 
0.000000 
1.000000 
1.000000 
0.000000 
0.000000 
1.500000 
1.500000 
2.061553 
2.061553 
4.272002 
4.272002 
1.802776 
1.802776 
1.500000 
1.500000 
0.707107 
0.707107 
