0.000000 
0.000000 
0.000000 
0.000000 
0.000000 
0.000000 
0.000000 
0.000000 
0.000000 
0.000000 
0.000000 
0.000000 
0.000000 
0.000000 
0.000000 
0.000000 
0.000000 
0.000000 
0.000000 
0.000000 
0.000000 
0.000000 
0.000000 
0.000000 
0.000000 
0.000000 
0.000000 
0.000000 
0.000000 
0.000000 
0.000000 
0.000000 
0.000000 
0.000000 
0.000000 
0.000000 
0.000000 
0.000000 
0.000000 
0.000000 
0.000000 
0.000000 
0.000000 
0.000000 
0.000000 
0.000000 
0.000000 
0.000000 
0.000000 
0.000000 
0.000000 
0.000000 
0.000000 
0.000000 
0.000000 
0.000000 
0.000000 
0.000000 
0.000000 
0.000000 
0.000000 
0.000000 
0.000000 
0.000000 
0.000000 
0.000000 
0.000000 
0.000000 
0.000000 
0.000000 
0.000000 
0.000000 
0.000000 
0.000000 
0.000000 
0.000000 
0.000000 
0.000000 
0.000000 
0.000000 
0.000000 
0.000000 
0.000000 
0.000000 
0.000000 
0.000000 
0.000000 
0.000000 
0.000000 
0.000000 
0.000000 
0.000000 
0.000000 
0.000000 
0.000000 
0.000000 
0.000000 
0.000000 
7.158911 
7.158911 
0.000000 
0.000000 
15.297059 
15.297059 
0.000000 
0.000000 
1.581139 
1.581139 
0.000000 
0.000000 
12.206556 
12.206556 
0.000000 
0.000000 
12.206556 
12.206556 
0.000000 
0.000000 
12.206556 
12.206556 
0.000000 
0.000000 
12.206556 
12.206556 
0.000000 
0.000000 
12.206556 
12.206556 
0.000000 
0.000000 
12.206556 
12.206556 
0.000000 
0.000000 
12.206556 
12.206556 
0.000000 
0.000000 
12.206556 
12.206556 
0.000000 
0.000000 
12.206556 
12.206556 
0.000000 
0.000000 
12.206556 
12.206556 
12.206556 
12.206556 
