0.000000 
0.000000 
0.000000 
0.000000 
0.000000 
0.000000 
0.000000 
0.000000 
0.000000 
0.000000 
0.000000 
0.000000 
0.000000 
0.000000 
0.000000 
0.000000 
0.000000 
0.000000 
1.500000 
1.500000 
4.609772 
4.609772 
0.500000 
0.500000 
1.500000 
1.500000 
1.000000 
1.000000 
2.692582 
2.692582 
0.707107 
0.707107 
0.707107 
0.707107 
0.707107 
0.707107 
1.581139 
1.581139 
2.061553 
2.061553 
0.000000 
0.000000 
4.031129 
4.031129 
4.527693 
4.527693 
3.201562 
3.201562 
1.118034 
1.118034 
1.000000 
1.000000 
0.500000 
0.500000 
4.123106 
4.123106 
1.802776 
1.802776 
0.000000 
0.000000 
1.581139 
1.581139 
0.500000 
0.500000 
5.220153 
5.220153 
0.000000 
0.000000 
0.000000 
0.000000 
0.500000 
0.500000 
0.000000 
0.000000 
4.123106 
4.123106 
1.414214 
1.414214 
0.000000 
0.000000 
1.500000 
1.500000 
0.500000 
0.500000 
2.549510 
2.549510 
0.500000 
0.500000 
0.000000 
0.000000 
0.000000 
0.000000 
0.500000 
0.500000 
0.500000 
0.500000 
0.707107 
0.707107 
4.123106 
4.123106 
1.802776 
1.802776 
0.000000 
0.000000 
1.500000 
1.500000 
0.500000 
0.500000 
2.549510 
2.549510 
0.000000 
0.000000 
1.581139 
1.581139 
6.519202 
6.519202 
0.707107 
0.707107 
0.500000 
0.500000 
0.707107 
0.707107 
4.123106 
4.123106 
2.000000 
2.000000 
0.000000 
0.000000 
1.500000 
1.500000 
0.707107 
0.707107 
3.000000 
3.000000 
0.000000 
0.000000 
0.000000 
0.000000 
0.000000 
0.000000 
2.061553 
2.061553 
3.162278 
3.162278 
1.000000 
1.000000 
0.000000 
0.000000 
0.707107 
0.707107 
4.123106 
4.123106 
1.802776 
1.802776 
0.000000 
0.000000 
1.500000 
1.500000 
1.000000 
1.000000 
1.581139 
1.581139 
1.000000 
1.000000 
0.000000 
0.000000 
0.000000 
0.000000 
1.118034 
1.118034 
3.000000 
3.000000 
2.549510 
2.549510 
1.000000 
1.000000 
0.000000 
0.000000 
0.500000 
0.500000 
4.123106 
4.123106 
1.414214 
1.414214 
0.000000 
0.000000 
1.500000 
1.500000 
0.500000 
0.500000 
1.581139 
1.581139 
0.000000 
0.000000 
1.581139 
1.581139 
0.000000 
0.000000 
1.118034 
1.118034 
1.581139 
1.581139 
2.000000 
2.000000 
1.118034 
1.118034 
1.118034 
1.118034 
1.000000 
1.000000 
5.408327 
5.408327 
1.414214 
1.414214 
0.000000 
0.000000 
1.500000 
1.500000 
0.000000 
0.000000 
1.581139 
1.581139 
1.000000 
1.000000 
0.000000 
0.000000 
2.500000 
2.500000 
0.000000 
0.000000 
1.118034 
1.118034 
1.500000 
1.500000 
4.609772 
4.609772 
1.118034 
1.118034 
0.500000 
0.500000 
0.500000 
0.500000 
1.802776 
1.802776 
1.414214 
1.414214 
0.000000 
0.000000 
1.500000 
1.500000 
1.118034 
1.118034 
1.581139 
1.581139 
1.581139 
1.581139 
0.000000 
0.000000 
0.000000 
0.000000 
0.000000 
0.000000 
2.061553 
2.061553 
0.000000 
0.000000 
1.118034 
1.118034 
1.500000 
1.500000 
0.707107 
0.707107 
1.118034 
1.118034 
0.500000 
0.500000 
0.500000 
0.500000 
1.118034 
1.118034 
1.414214 
1.414214 
0.000000 
0.000000 
1.500000 
1.500000 
2.061553 
2.061553 
1.581139 
1.581139 
1.414214 
1.414214 
0.000000 
0.000000 
0.000000 
0.000000 
4.301163 
4.301163 
1.000000 
1.000000 
0.000000 
0.000000 
3.605551 
3.605551 
0.000000 
0.000000 
1.118034 
1.118034 
1.500000 
1.500000 
5.408327 
5.408327 
1.118034 
1.118034 
0.500000 
0.500000 
0.500000 
0.500000 
0.707107 
0.707107 
1.414214 
1.414214 
0.000000 
0.000000 
1.500000 
1.500000 
0.707107 
0.707107 
1.581139 
1.581139 
1.581139 
1.581139 
0.000000 
0.000000 
0.000000 
0.000000 
1.581139 
1.581139 
1.802776 
1.802776 
4.301163 
4.301163 
2.000000 
2.000000 
0.000000 
0.000000 
3.041381 
3.041381 
0.000000 
0.000000 
1.118034 
1.118034 
1.500000 
1.500000 
1.414214 
1.414214 
1.118034 
1.118034 
0.500000 
0.500000 
0.500000 
0.500000 
1.500000 
1.500000 
1.414214 
1.414214 
0.000000 
0.000000 
1.500000 
1.500000 
0.500000 
0.500000 
1.581139 
1.581139 
2.236068 
2.236068 
0.000000 
0.000000 
0.000000 
0.000000 
0.000000 
0.000000 
0.000000 
0.000000 
2.692582 
2.692582 
3.535534 
3.535534 
1.118034 
1.118034 
1.000000 
1.000000 
4.301163 
4.301163 
2.000000 
2.000000 
0.000000 
0.000000 
3.041381 
3.041381 
0.000000 
0.000000 
1.118034 
1.118034 
1.500000 
1.500000 
2.500000 
2.500000 
1.118034 
1.118034 
0.500000 
0.500000 
0.500000 
0.500000 
1.000000 
1.000000 
1.414214 
1.414214 
0.000000 
0.000000 
1.500000 
1.500000 
1.118034 
1.118034 
1.581139 
1.581139 
2.236068 
2.236068 
0.000000 
0.000000 
0.000000 
0.000000 
1.581139 
1.581139 
1.581139 
1.581139 
1.581139 
1.581139 
8.062258 
8.062258 
3.535534 
3.535534 
1.118034 
1.118034 
1.000000 
1.000000 
4.301163 
4.301163 
2.000000 
2.000000 
0.000000 
0.000000 
1.000000 
1.000000 
0.000000 
0.000000 
1.118034 
1.118034 
1.500000 
1.500000 
1.414214 
1.414214 
1.118034 
1.118034 
0.500000 
0.500000 
0.500000 
0.500000 
1.802776 
1.802776 
1.414214 
1.414214 
0.000000 
0.000000 
1.500000 
1.500000 
1.118034 
1.118034 
1.581139 
1.581139 
2.236068 
2.236068 
0.000000 
0.000000 
0.000000 
0.000000 
0.000000 
0.000000 
0.000000 
0.000000 
1.581139 
1.581139 
1.581139 
1.581139 
1.581139 
1.581139 
3.201562 
3.201562 
3.535534 
3.535534 
1.118034 
1.118034 
1.000000 
1.000000 
4.301163 
4.301163 
2.000000 
2.000000 
0.000000 
0.000000 
1.414214 
1.414214 
0.000000 
0.000000 
1.118034 
1.118034 
1.500000 
1.500000 
0.500000 
0.500000 
1.118034 
1.118034 
0.500000 
0.500000 
0.500000 
0.500000 
2.236068 
2.236068 
1.414214 
1.414214 
0.000000 
0.000000 
1.500000 
1.500000 
1.118034 
1.118034 
1.581139 
1.581139 
2.236068 
2.236068 
0.000000 
0.000000 
0.000000 
0.000000 
2.000000 
2.000000 
0.000000 
0.000000 
0.000000 
0.000000 
1.581139 
1.581139 
1.581139 
1.581139 
1.581139 
1.581139 
2.692582 
2.692582 
3.535534 
3.535534 
1.118034 
1.118034 
1.000000 
1.000000 
4.301163 
4.301163 
2.000000 
2.000000 
0.000000 
0.000000 
0.707107 
0.707107 
0.000000 
0.000000 
1.118034 
1.118034 
1.500000 
1.500000 
0.500000 
0.500000 
1.118034 
1.118034 
0.500000 
0.500000 
0.500000 
0.500000 
4.272002 
4.272002 
1.414214 
1.414214 
1.500000 
1.500000 
1.118034 
1.118034 
1.581139 
1.581139 
2.236068 
2.236068 
0.000000 
0.000000 
0.000000 
0.000000 
0.000000 
0.000000 
2.000000 
2.000000 
0.000000 
0.000000 
2.000000 
2.000000 
0.000000 
0.000000 
0.000000 
0.000000 
1.581139 
1.581139 
1.581139 
1.581139 
1.581139 
1.581139 
10.198039 
10.198039 
3.535534 
3.535534 
1.118034 
1.118034 
1.000000 
1.000000 
4.301163 
4.301163 
2.000000 
2.000000 
0.000000 
0.000000 
0.500000 
0.500000 
0.000000 
0.000000 
1.118034 
1.118034 
1.500000 
1.500000 
0.000000 
0.000000 
1.118034 
1.118034 
0.500000 
0.500000 
0.500000 
0.500000 
5.000000 
5.000000 
1.414214 
1.414214 
1.500000 
1.500000 
1.118034 
1.118034 
1.581139 
1.581139 
2.236068 
2.236068 
0.000000 
0.000000 
0.000000 
0.000000 
2.061553 
2.061553 
2.000000 
2.000000 
0.000000 
0.000000 
2.000000 
2.000000 
0.000000 
0.000000 
0.000000 
0.000000 
1.581139 
1.581139 
1.581139 
1.581139 
1.581139 
1.581139 
8.544004 
8.544004 
3.535534 
3.535534 
1.118034 
1.118034 
1.000000 
1.000000 
4.301163 
4.301163 
2.000000 
2.000000 
5.500000 
5.500000 
1.118034 
1.118034 
0.000000 
0.000000 
1.118034 
1.118034 
1.500000 
1.500000 
1.581139 
1.581139 
1.118034 
1.118034 
0.500000 
0.500000 
0.500000 
0.500000 
1.414214 
1.414214 
1.414214 
1.414214 
1.118034 
1.118034 
1.581139 
1.581139 
2.236068 
2.236068 
0.000000 
0.000000 
0.000000 
0.000000 
0.000000 
0.000000 
0.000000 
0.000000 
0.000000 
0.000000 
2.061553 
2.061553 
2.000000 
2.000000 
0.000000 
0.000000 
2.000000 
2.000000 
0.000000 
0.000000 
0.000000 
0.000000 
1.581139 
1.581139 
1.581139 
1.581139 
1.581139 
1.581139 
3.041381 
3.041381 
3.535534 
3.535534 
1.118034 
1.118034 
1.000000 
1.000000 
4.301163 
4.301163 
2.000000 
2.000000 
5.500000 
5.500000 
0.707107 
0.707107 
0.000000 
0.000000 
1.118034 
1.118034 
1.500000 
1.500000 
0.500000 
0.500000 
1.118034 
1.118034 
0.500000 
0.500000 
0.500000 
0.500000 
1.581139 
1.581139 
1.414214 
1.414214 
1.118034 
1.118034 
1.581139 
1.581139 
2.236068 
2.236068 
0.000000 
0.000000 
2.061553 
2.061553 
1.802776 
1.802776 
0.000000 
0.000000 
0.000000 
0.000000 
0.000000 
0.000000 
2.061553 
2.061553 
2.000000 
2.000000 
0.000000 
0.000000 
2.000000 
2.000000 
0.000000 
0.000000 
0.000000 
0.000000 
1.581139 
1.581139 
1.581139 
1.581139 
1.581139 
1.581139 
7.500000 
7.500000 
3.535534 
3.535534 
1.118034 
1.118034 
1.000000 
1.000000 
4.301163 
4.301163 
2.000000 
2.000000 
5.500000 
5.500000 
3.041381 
3.041381 
0.000000 
0.000000 
1.118034 
1.118034 
1.500000 
1.500000 
0.707107 
0.707107 
1.118034 
1.118034 
0.500000 
0.500000 
0.500000 
0.500000 
1.414214 
1.414214 
1.414214 
1.414214 
1.118034 
1.118034 
1.581139 
1.581139 
2.236068 
2.236068 
0.000000 
0.000000 
0.000000 
0.000000 
2.061553 
2.061553 
1.802776 
1.802776 
0.000000 
0.000000 
0.000000 
0.000000 
0.000000 
0.000000 
2.061553 
2.061553 
2.000000 
2.000000 
0.000000 
0.000000 
2.000000 
2.000000 
0.000000 
0.000000 
0.000000 
0.000000 
1.581139 
1.581139 
1.581139 
1.581139 
1.581139 
1.581139 
3.640055 
3.640055 
3.535534 
3.535534 
1.118034 
1.118034 
1.000000 
1.000000 
4.301163 
4.301163 
2.000000 
2.000000 
5.500000 
5.500000 
1.118034 
1.118034 
1.118034 
1.118034 
1.500000 
1.500000 
0.707107 
0.707107 
1.118034 
1.118034 
0.500000 
0.500000 
0.500000 
0.500000 
1.000000 
1.000000 
1.414214 
1.414214 
1.118034 
1.118034 
2.236068 
2.236068 
0.000000 
0.000000 
0.000000 
0.000000 
0.000000 
0.000000 
0.000000 
0.000000 
2.061553 
2.061553 
1.802776 
1.802776 
0.000000 
0.000000 
0.000000 
0.000000 
0.000000 
0.000000 
2.061553 
2.061553 
2.000000 
2.000000 
0.000000 
0.000000 
2.000000 
2.000000 
0.000000 
0.000000 
0.000000 
0.000000 
1.581139 
1.581139 
1.581139 
1.581139 
1.581139 
1.581139 
9.617692 
9.617692 
3.535534 
3.535534 
1.118034 
1.118034 
1.000000 
1.000000 
4.301163 
4.301163 
2.000000 
2.000000 
5.500000 
5.500000 
2.692582 
2.692582 
1.500000 
1.500000 
0.707107 
0.707107 
1.118034 
1.118034 
0.500000 
0.500000 
0.500000 
0.500000 
1.414214 
1.414214 
1.118034 
1.118034 
2.236068 
2.236068 
0.000000 
0.000000 
0.000000 
0.000000 
0.000000 
0.000000 
1.500000 
1.500000 
0.000000 
0.000000 
0.000000 
0.000000 
0.000000 
0.000000 
2.061553 
2.061553 
1.802776 
1.802776 
0.000000 
0.000000 
0.000000 
0.000000 
0.000000 
0.000000 
2.061553 
2.061553 
2.000000 
2.000000 
0.000000 
0.000000 
2.000000 
2.000000 
0.000000 
0.000000 
0.000000 
0.000000 
1.581139 
1.581139 
1.581139 
1.581139 
1.581139 
1.581139 
3.354102 
3.354102 
3.535534 
3.535534 
1.118034 
1.118034 
1.000000 
1.000000 
4.301163 
4.301163 
2.000000 
2.000000 
5.500000 
5.500000 
2.236068 
2.236068 
1.500000 
1.500000 
0.707107 
0.707107 
0.500000 
0.500000 
0.500000 
0.500000 
1.118034 
1.118034 
1.118034 
1.118034 
2.236068 
2.236068 
1.500000 
1.500000 
0.000000 
0.000000 
1.581139 
1.581139 
1.500000 
1.500000 
0.000000 
0.000000 
0.000000 
0.000000 
0.000000 
0.000000 
2.061553 
2.061553 
1.802776 
1.802776 
0.000000 
0.000000 
0.000000 
0.000000 
0.000000 
0.000000 
2.061553 
2.061553 
2.000000 
2.000000 
0.000000 
0.000000 
2.000000 
2.000000 
0.000000 
0.000000 
0.000000 
0.000000 
1.581139 
1.581139 
1.581139 
1.581139 
1.581139 
1.581139 
3.354102 
3.354102 
3.535534 
3.535534 
1.118034 
1.118034 
1.000000 
1.000000 
4.301163 
4.301163 
2.000000 
2.000000 
5.500000 
5.500000 
2.500000 
2.500000 
0.707107 
0.707107 
0.500000 
0.500000 
1.802776 
1.802776 
1.118034 
1.118034 
2.236068 
2.236068 
0.000000 
0.000000 
0.000000 
0.000000 
1.500000 
1.500000 
0.000000 
0.000000 
1.581139 
1.581139 
1.500000 
1.500000 
0.000000 
0.000000 
0.000000 
0.000000 
0.000000 
0.000000 
2.061553 
2.061553 
1.802776 
1.802776 
0.000000 
0.000000 
0.000000 
0.000000 
0.000000 
0.000000 
2.061553 
2.061553 
2.000000 
2.000000 
0.000000 
0.000000 
2.000000 
2.000000 
0.000000 
0.000000 
0.000000 
0.000000 
1.581139 
1.581139 
1.581139 
1.581139 
1.581139 
1.581139 
3.354102 
3.354102 
3.535534 
3.535534 
1.118034 
1.118034 
1.000000 
1.000000 
4.301163 
4.301163 
2.000000 
2.000000 
5.500000 
5.500000 
2.500000 
2.500000 
0.707107 
0.707107 
6.184658 
6.184658 
1.118034 
1.118034 
2.236068 
2.236068 
0.000000 
0.000000 
4.242641 
4.242641 
1.802776 
1.802776 
1.500000 
1.500000 
0.000000 
0.000000 
1.581139 
1.581139 
1.500000 
1.500000 
0.000000 
0.000000 
0.000000 
0.000000 
0.000000 
0.000000 
2.061553 
2.061553 
1.802776 
1.802776 
0.000000 
0.000000 
0.000000 
0.000000 
0.000000 
0.000000 
2.061553 
2.061553 
2.000000 
2.000000 
0.000000 
0.000000 
2.000000 
2.000000 
0.000000 
0.000000 
0.000000 
0.000000 
1.581139 
1.581139 
1.581139 
1.581139 
1.581139 
1.581139 
3.354102 
3.354102 
3.535534 
3.535534 
1.118034 
1.118034 
1.000000 
1.000000 
2.000000 
2.000000 
5.500000 
5.500000 
2.500000 
2.500000 
0.707107 
0.707107 
1.802776 
1.802776 
1.118034 
1.118034 
2.236068 
2.236068 
0.000000 
0.000000 
0.000000 
0.000000 
0.000000 
0.000000 
1.000000 
1.000000 
4.242641 
4.242641 
1.802776 
1.802776 
1.500000 
1.500000 
0.000000 
0.000000 
1.581139 
1.581139 
1.500000 
1.500000 
0.000000 
0.000000 
0.000000 
0.000000 
0.000000 
0.000000 
2.061553 
2.061553 
1.802776 
1.802776 
0.000000 
0.000000 
0.000000 
0.000000 
0.000000 
0.000000 
2.061553 
2.061553 
2.000000 
2.000000 
0.000000 
0.000000 
2.000000 
2.000000 
0.000000 
0.000000 
0.000000 
0.000000 
1.581139 
1.581139 
1.581139 
1.581139 
1.581139 
1.581139 
3.354102 
3.354102 
3.535534 
3.535534 
1.118034 
1.118034 
1.000000 
1.000000 
5.500000 
5.500000 
2.500000 
2.500000 
0.707107 
0.707107 
2.061553 
2.061553 
1.118034 
1.118034 
0.000000 
0.000000 
0.000000 
0.000000 
0.000000 
0.000000 
8.631338 
8.631338 
1.581139 
1.581139 
0.000000 
0.000000 
1.000000 
1.000000 
4.242641 
4.242641 
1.802776 
1.802776 
1.500000 
1.500000 
0.000000 
0.000000 
1.581139 
1.581139 
1.500000 
1.500000 
0.000000 
0.000000 
0.000000 
0.000000 
0.000000 
0.000000 
2.061553 
2.061553 
1.802776 
1.802776 
0.000000 
0.000000 
0.000000 
0.000000 
0.000000 
0.000000 
2.061553 
2.061553 
2.000000 
2.000000 
0.000000 
0.000000 
2.000000 
2.000000 
0.000000 
0.000000 
1.581139 
1.581139 
1.581139 
1.581139 
1.581139 
1.581139 
3.354102 
3.354102 
5.500000 
5.500000 
2.500000 
2.500000 
0.707107 
0.707107 
3.640055 
3.640055 
1.118034 
1.118034 
0.000000 
0.000000 
0.000000 
0.000000 
0.000000 
0.000000 
1.118034 
1.118034 
2.236068 
2.236068 
8.631338 
8.631338 
1.500000 
1.500000 
0.000000 
0.000000 
1.000000 
1.000000 
4.242641 
4.242641 
1.802776 
1.802776 
1.500000 
1.500000 
0.000000 
0.000000 
1.581139 
1.581139 
1.500000 
1.500000 
0.000000 
0.000000 
0.000000 
0.000000 
0.000000 
0.000000 
2.061553 
2.061553 
1.802776 
1.802776 
0.000000 
0.000000 
0.000000 
0.000000 
0.000000 
0.000000 
2.061553 
2.061553 
2.000000 
2.000000 
0.000000 
0.000000 
2.000000 
2.000000 
3.354102 
3.354102 
5.500000 
5.500000 
2.500000 
2.500000 
0.707107 
0.707107 
8.015610 
8.015610 
0.000000 
0.000000 
0.000000 
0.000000 
4.031129 
4.031129 
0.000000 
0.000000 
0.000000 
0.000000 
2.236068 
2.236068 
2.236068 
2.236068 
8.631338 
8.631338 
1.500000 
1.500000 
0.000000 
0.000000 
1.000000 
1.000000 
4.242641 
4.242641 
1.802776 
1.802776 
1.500000 
1.500000 
0.000000 
0.000000 
1.581139 
1.581139 
1.500000 
1.500000 
0.000000 
0.000000 
0.000000 
0.000000 
0.000000 
0.000000 
2.061553 
2.061553 
1.802776 
1.802776 
0.000000 
0.000000 
0.000000 
0.000000 
0.000000 
0.000000 
2.061553 
2.061553 
2.000000 
2.000000 
2.000000 
2.000000 
3.354102 
3.354102 
5.500000 
5.500000 
2.500000 
2.500000 
0.707107 
0.707107 
1.500000 
1.500000 
0.000000 
0.000000 
0.000000 
0.000000 
1.118034 
1.118034 
2.915476 
2.915476 
4.031129 
4.031129 
0.000000 
0.000000 
0.000000 
0.000000 
1.581139 
1.581139 
2.236068 
2.236068 
8.631338 
8.631338 
1.500000 
1.500000 
0.000000 
0.000000 
1.000000 
1.000000 
4.242641 
4.242641 
1.802776 
1.802776 
1.500000 
1.500000 
0.000000 
0.000000 
1.581139 
1.581139 
1.500000 
1.500000 
0.000000 
0.000000 
0.000000 
0.000000 
0.000000 
0.000000 
2.061553 
2.061553 
1.802776 
1.802776 
0.000000 
0.000000 
0.000000 
0.000000 
0.000000 
0.000000 
2.061553 
2.061553 
2.000000 
2.000000 
3.354102 
3.354102 
5.500000 
5.500000 
2.500000 
2.500000 
0.707107 
0.707107 
2.000000 
2.000000 
0.000000 
0.000000 
0.707107 
0.707107 
4.031129 
4.031129 
1.118034 
1.118034 
1.414214 
1.414214 
4.031129 
4.031129 
0.000000 
0.000000 
0.000000 
0.000000 
2.061553 
2.061553 
2.236068 
2.236068 
8.631338 
8.631338 
1.500000 
1.500000 
0.000000 
0.000000 
1.000000 
1.000000 
4.242641 
4.242641 
1.802776 
1.802776 
1.500000 
1.500000 
0.000000 
0.000000 
1.581139 
1.581139 
1.500000 
1.500000 
0.000000 
0.000000 
0.000000 
0.000000 
0.000000 
0.000000 
2.061553 
2.061553 
1.802776 
1.802776 
0.000000 
0.000000 
2.061553 
2.061553 
3.354102 
3.354102 
5.500000 
5.500000 
2.500000 
2.500000 
0.707107 
0.707107 
1.500000 
1.500000 
0.000000 
0.000000 
0.000000 
0.000000 
0.000000 
0.000000 
1.500000 
1.500000 
0.707107 
0.707107 
4.031129 
4.031129 
1.118034 
1.118034 
1.414214 
1.414214 
4.031129 
4.031129 
0.000000 
0.000000 
0.000000 
0.000000 
1.500000 
1.500000 
2.236068 
2.236068 
8.631338 
8.631338 
1.500000 
1.500000 
0.000000 
0.000000 
1.000000 
1.000000 
4.242641 
4.242641 
1.802776 
1.802776 
1.500000 
1.500000 
0.000000 
0.000000 
1.581139 
1.581139 
1.500000 
1.500000 
0.000000 
0.000000 
0.000000 
0.000000 
0.000000 
0.000000 
2.061553 
2.061553 
1.802776 
1.802776 
0.000000 
0.000000 
3.354102 
3.354102 
2.500000 
2.500000 
0.707107 
0.707107 
1.118034 
1.118034 
1.118034 
1.118034 
3.905125 
3.905125 
1.118034 
1.118034 
5.522681 
5.522681 
0.707107 
0.707107 
4.031129 
4.031129 
1.118034 
1.118034 
1.414214 
1.414214 
4.031129 
4.031129 
0.000000 
0.000000 
0.000000 
0.000000 
1.581139 
1.581139 
2.236068 
2.236068 
8.631338 
8.631338 
1.500000 
1.500000 
0.000000 
0.000000 
1.000000 
1.000000 
4.242641 
4.242641 
1.802776 
1.802776 
1.500000 
1.500000 
0.000000 
0.000000 
1.581139 
1.581139 
1.500000 
1.500000 
0.000000 
0.000000 
0.000000 
0.000000 
0.000000 
0.000000 
2.061553 
2.061553 
1.802776 
1.802776 
3.354102 
3.354102 
2.500000 
2.500000 
0.707107 
0.707107 
9.000000 
9.000000 
0.000000 
0.000000 
0.000000 
0.000000 
1.118034 
1.118034 
4.031129 
4.031129 
1.581139 
1.581139 
1.581139 
1.581139 
0.707107 
0.707107 
4.031129 
4.031129 
1.118034 
1.118034 
1.414214 
1.414214 
4.031129 
4.031129 
0.000000 
0.000000 
0.000000 
0.000000 
3.000000 
3.000000 
2.236068 
2.236068 
8.631338 
8.631338 
1.500000 
1.500000 
0.000000 
0.000000 
1.000000 
1.000000 
4.242641 
4.242641 
1.802776 
1.802776 
1.500000 
1.500000 
0.000000 
0.000000 
1.581139 
1.581139 
1.500000 
1.500000 
0.000000 
0.000000 
0.000000 
0.000000 
3.354102 
3.354102 
2.500000 
2.500000 
2.061553 
2.061553 
0.000000 
0.000000 
2.061553 
2.061553 
1.581139 
1.581139 
1.118034 
1.118034 
4.031129 
4.031129 
1.581139 
1.581139 
3.500000 
3.500000 
0.707107 
0.707107 
4.031129 
4.031129 
1.118034 
1.118034 
1.414214 
1.414214 
4.031129 
4.031129 
0.000000 
0.000000 
0.000000 
0.000000 
1.118034 
1.118034 
2.236068 
2.236068 
8.631338 
8.631338 
1.500000 
1.500000 
0.000000 
0.000000 
1.000000 
1.000000 
4.242641 
4.242641 
1.802776 
1.802776 
1.500000 
1.500000 
0.000000 
0.000000 
1.581139 
1.581139 
1.500000 
1.500000 
0.000000 
0.000000 
3.354102 
3.354102 
2.500000 
2.500000 
2.061553 
2.061553 
0.000000 
0.000000 
0.000000 
0.000000 
1.500000 
1.500000 
2.061553 
2.061553 
1.581139 
1.581139 
1.118034 
1.118034 
4.031129 
4.031129 
1.581139 
1.581139 
4.000000 
4.000000 
0.707107 
0.707107 
4.031129 
4.031129 
1.118034 
1.118034 
1.414214 
1.414214 
4.031129 
4.031129 
0.000000 
0.000000 
0.000000 
0.000000 
1.000000 
1.000000 
2.236068 
2.236068 
8.631338 
8.631338 
1.500000 
1.500000 
0.000000 
0.000000 
1.000000 
1.000000 
4.242641 
4.242641 
1.802776 
1.802776 
1.500000 
1.500000 
0.000000 
0.000000 
1.581139 
1.581139 
1.500000 
1.500000 
3.354102 
3.354102 
2.500000 
2.500000 
2.061553 
2.061553 
