0.000000 
0.000000 
0.000000 
0.000000 
0.000000 
0.000000 
0.000000 
0.000000 
0.000000 
0.000000 
1.414214 
1.414214 
1.000000 
1.000000 
1.118034 
1.118034 
1.000000 
1.000000 
0.000000 
0.000000 
1.802776 
1.802776 
1.414214 
1.414214 
0.000000 
0.000000 
0.500000 
0.500000 
1.118034 
1.118034 
0.000000 
0.000000 
0.000000 
0.000000 
0.000000 
0.000000 
2.236068 
2.236068 
3.535534 
3.535534 
1.414214 
1.414214 
0.000000 
0.000000 
0.500000 
0.500000 
0.707107 
0.707107 
0.000000 
0.000000 
1.000000 
1.000000 
1.500000 
1.500000 
2.061553 
2.061553 
2.000000 
2.000000 
1.414214 
1.414214 
0.000000 
0.000000 
1.000000 
1.000000 
2.549510 
2.549510 
0.000000 
0.000000 
1.000000 
1.000000 
4.000000 
4.000000 
1.118034 
1.118034 
1.581139 
1.581139 
2.000000 
2.000000 
1.414214 
1.414214 
0.000000 
0.000000 
1.000000 
1.000000 
2.549510 
2.549510 
0.000000 
0.000000 
2.549510 
2.549510 
1.000000 
1.000000 
1.581139 
1.581139 
1.118034 
1.118034 
1.414214 
1.414214 
2.000000 
2.000000 
1.414214 
1.414214 
0.000000 
0.000000 
2.061553 
2.061553 
2.549510 
2.549510 
0.000000 
0.000000 
0.707107 
0.707107 
1.118034 
1.118034 
1.000000 
1.000000 
1.500000 
1.500000 
1.118034 
1.118034 
1.414214 
1.414214 
2.000000 
2.000000 
1.414214 
1.414214 
0.000000 
0.000000 
1.118034 
1.118034 
2.549510 
2.549510 
0.000000 
0.000000 
1.118034 
1.118034 
1.802776 
1.802776 
4.000000 
4.000000 
1.000000 
1.000000 
4.000000 
4.000000 
1.118034 
1.118034 
1.414214 
1.414214 
2.000000 
2.000000 
1.414214 
1.414214 
0.000000 
0.000000 
3.535534 
3.535534 
2.549510 
2.549510 
0.000000 
0.000000 
1.802776 
1.802776 
0.707107 
0.707107 
1.802776 
1.802776 
1.500000 
1.500000 
1.000000 
1.000000 
1.581139 
1.581139 
1.118034 
1.118034 
1.414214 
1.414214 
2.000000 
2.000000 
1.414214 
1.414214 
0.000000 
0.000000 
0.707107 
0.707107 
2.549510 
2.549510 
1.118034 
1.118034 
1.118034 
1.118034 
0.707107 
0.707107 
1.802776 
1.802776 
2.121320 
2.121320 
1.000000 
1.000000 
2.000000 
2.000000 
1.118034 
1.118034 
1.414214 
1.414214 
2.000000 
2.000000 
1.414214 
1.414214 
0.000000 
0.000000 
4.000000 
4.000000 
2.549510 
2.549510 
1.118034 
1.118034 
2.000000 
2.000000 
0.707107 
0.707107 
1.802776 
1.802776 
2.500000 
2.500000 
1.000000 
1.000000 
3.535534 
3.535534 
1.118034 
1.118034 
1.414214 
1.414214 
2.000000 
2.000000 
1.414214 
1.414214 
0.000000 
0.000000 
1.581139 
1.581139 
2.549510 
2.549510 
1.118034 
1.118034 
1.581139 
1.581139 
0.707107 
0.707107 
1.802776 
1.802776 
3.807887 
3.807887 
1.000000 
1.000000 
2.000000 
2.000000 
1.118034 
1.118034 
1.414214 
1.414214 
2.000000 
2.000000 
1.414214 
1.414214 
0.000000 
0.000000 
1.802776 
1.802776 
2.549510 
2.549510 
0.000000 
0.000000 
0.000000 
0.000000 
0.000000 
0.000000 
1.118034 
1.118034 
2.061553 
2.061553 
0.707107 
0.707107 
1.802776 
1.802776 
3.807887 
3.807887 
1.000000 
1.000000 
2.000000 
2.000000 
1.118034 
1.118034 
1.414214 
1.414214 
2.000000 
2.000000 
1.414214 
1.414214 
0.000000 
0.000000 
1.802776 
1.802776 
2.549510 
2.549510 
0.000000 
0.000000 
1.118034 
1.118034 
5.099020 
5.099020 
1.581139 
1.581139 
1.118034 
1.118034 
2.121320 
2.121320 
0.707107 
0.707107 
1.802776 
1.802776 
3.807887 
3.807887 
1.000000 
1.000000 
2.000000 
2.000000 
1.118034 
1.118034 
1.414214 
1.414214 
2.000000 
2.000000 
1.414214 
1.414214 
0.000000 
0.000000 
1.802776 
1.802776 
2.549510 
2.549510 
0.707107 
0.707107 
3.605551 
3.605551 
2.061553 
2.061553 
1.802776 
1.802776 
1.118034 
1.118034 
4.500000 
4.500000 
0.707107 
0.707107 
1.802776 
1.802776 
3.807887 
3.807887 
1.000000 
1.000000 
2.000000 
2.000000 
1.118034 
1.118034 
1.414214 
1.414214 
2.000000 
2.000000 
1.414214 
1.414214 
0.000000 
0.000000 
1.802776 
1.802776 
2.549510 
2.549510 
0.000000 
0.000000 
0.000000 
0.000000 
0.000000 
0.000000 
0.707107 
0.707107 
4.272002 
4.272002 
2.061553 
2.061553 
1.802776 
1.802776 
1.118034 
1.118034 
1.581139 
1.581139 
0.707107 
0.707107 
1.802776 
1.802776 
3.807887 
3.807887 
1.000000 
1.000000 
2.000000 
2.000000 
1.118034 
1.118034 
1.414214 
1.414214 
2.000000 
2.000000 
0.000000 
0.000000 
1.802776 
1.802776 
2.549510 
2.549510 
1.581139 
1.581139 
1.802776 
1.802776 
1.000000 
1.000000 
0.707107 
0.707107 
1.581139 
1.581139 
2.061553 
2.061553 
1.802776 
1.802776 
1.118034 
1.118034 
2.061553 
2.061553 
0.707107 
0.707107 
1.802776 
1.802776 
3.807887 
3.807887 
1.000000 
1.000000 
2.000000 
2.000000 
1.118034 
1.118034 
1.414214 
1.414214 
2.000000 
2.000000 
1.802776 
1.802776 
2.549510 
2.549510 
0.000000 
0.000000 
0.000000 
0.000000 
1.581139 
1.581139 
2.692582 
2.692582 
1.000000 
1.000000 
0.707107 
0.707107 
1.581139 
1.581139 
2.061553 
2.061553 
1.802776 
1.802776 
1.118034 
1.118034 
1.802776 
1.802776 
0.707107 
0.707107 
1.802776 
1.802776 
3.807887 
3.807887 
1.000000 
1.000000 
2.000000 
2.000000 
1.118034 
1.118034 
1.414214 
1.414214 
2.000000 
2.000000 
1.802776 
1.802776 
2.549510 
2.549510 
0.000000 
0.000000 
0.000000 
0.000000 
0.000000 
0.000000 
1.118034 
1.118034 
1.414214 
1.414214 
1.581139 
1.581139 
2.692582 
2.692582 
1.000000 
1.000000 
0.707107 
0.707107 
1.581139 
1.581139 
2.061553 
2.061553 
1.802776 
1.802776 
1.118034 
1.118034 
1.802776 
1.802776 
0.707107 
0.707107 
1.802776 
1.802776 
3.807887 
3.807887 
1.000000 
1.000000 
2.000000 
2.000000 
1.118034 
1.118034 
1.414214 
1.414214 
1.802776 
1.802776 
0.000000 
0.000000 
0.000000 
0.000000 
0.707107 
0.707107 
1.118034 
1.118034 
1.118034 
1.118034 
1.581139 
1.581139 
1.581139 
1.581139 
2.692582 
2.692582 
1.000000 
1.000000 
0.707107 
0.707107 
1.581139 
1.581139 
2.061553 
2.061553 
1.802776 
1.802776 
1.118034 
1.118034 
1.000000 
1.000000 
0.707107 
0.707107 
1.802776 
1.802776 
3.807887 
3.807887 
2.000000 
2.000000 
1.414214 
1.414214 
1.802776 
1.802776 
0.000000 
0.000000 
0.000000 
0.000000 
0.000000 
0.000000 
0.707107 
0.707107 
5.000000 
5.000000 
1.118034 
1.118034 
1.414214 
1.414214 
1.581139 
1.581139 
2.692582 
2.692582 
1.000000 
1.000000 
0.707107 
0.707107 
1.581139 
1.581139 
2.061553 
2.061553 
1.802776 
1.802776 
1.118034 
1.118034 
1.000000 
1.000000 
0.707107 
0.707107 
1.802776 
1.802776 
3.807887 
3.807887 
2.000000 
2.000000 
1.802776 
1.802776 
0.000000 
0.000000 
1.581139 
1.581139 
0.000000 
0.000000 
0.000000 
0.000000 
0.707107 
0.707107 
1.000000 
1.000000 
1.118034 
1.118034 
3.500000 
3.500000 
1.581139 
1.581139 
2.692582 
2.692582 
1.000000 
1.000000 
0.707107 
0.707107 
1.581139 
1.581139 
2.061553 
2.061553 
1.802776 
1.802776 
1.118034 
1.118034 
1.000000 
1.000000 
0.707107 
0.707107 
1.802776 
1.802776 
3.807887 
3.807887 
2.000000 
2.000000 
1.802776 
1.802776 
0.000000 
0.000000 
0.000000 
0.000000 
0.000000 
0.000000 
0.000000 
0.000000 
0.000000 
0.000000 
1.581139 
1.581139 
0.000000 
0.000000 
0.000000 
0.000000 
0.707107 
0.707107 
5.500000 
5.500000 
1.118034 
1.118034 
1.581139 
1.581139 
1.581139 
1.581139 
2.692582 
2.692582 
1.000000 
1.000000 
0.707107 
0.707107 
1.581139 
1.581139 
2.061553 
2.061553 
1.802776 
1.802776 
1.118034 
1.118034 
1.000000 
1.000000 
0.707107 
0.707107 
3.807887 
3.807887 
2.000000 
2.000000 
1.802776 
1.802776 
0.000000 
0.000000 
0.000000 
0.000000 
1.581139 
1.581139 
0.000000 
0.000000 
2.500000 
2.500000 
1.802776 
1.802776 
0.000000 
0.000000 
1.581139 
1.581139 
0.000000 
0.000000 
0.000000 
0.000000 
0.707107 
0.707107 
1.414214 
1.414214 
1.118034 
1.118034 
1.118034 
1.118034 
1.581139 
1.581139 
2.692582 
2.692582 
1.000000 
1.000000 
0.707107 
0.707107 
1.581139 
1.581139 
2.061553 
2.061553 
1.802776 
1.802776 
1.118034 
1.118034 
1.000000 
1.000000 
3.807887 
3.807887 
2.000000 
2.000000 
1.802776 
1.802776 
0.000000 
0.000000 
0.000000 
0.000000 
2.061553 
2.061553 
1.000000 
1.000000 
1.581139 
1.581139 
0.000000 
0.000000 
2.500000 
2.500000 
1.802776 
1.802776 
0.000000 
0.000000 
1.581139 
1.581139 
0.000000 
0.000000 
0.000000 
0.000000 
0.707107 
0.707107 
1.414214 
1.414214 
1.118034 
1.118034 
1.118034 
1.118034 
1.581139 
1.581139 
2.692582 
2.692582 
1.000000 
1.000000 
0.707107 
0.707107 
1.581139 
1.581139 
2.061553 
2.061553 
1.802776 
1.802776 
1.000000 
1.000000 
3.807887 
3.807887 
2.000000 
2.000000 
1.802776 
1.802776 
0.000000 
0.000000 
2.000000 
2.000000 
1.118034 
1.118034 
2.061553 
2.061553 
1.581139 
1.581139 
1.581139 
1.581139 
0.000000 
0.000000 
2.692582 
2.692582 
1.802776 
1.802776 
0.000000 
0.000000 
1.581139 
1.581139 
0.000000 
0.000000 
0.000000 
0.000000 
0.707107 
0.707107 
1.414214 
1.414214 
1.118034 
1.118034 
2.500000 
2.500000 
1.581139 
1.581139 
2.692582 
2.692582 
1.000000 
1.000000 
0.707107 
0.707107 
1.581139 
1.581139 
2.061553 
2.061553 
1.802776 
1.802776 
1.000000 
1.000000 
3.807887 
3.807887 
2.000000 
2.000000 
1.802776 
1.802776 
0.000000 
0.000000 
1.414214 
1.414214 
2.000000 
2.000000 
1.118034 
1.118034 
2.061553 
2.061553 
1.581139 
1.581139 
1.581139 
1.581139 
0.000000 
0.000000 
2.549510 
2.549510 
1.802776 
1.802776 
2.500000 
2.500000 
1.581139 
1.581139 
0.000000 
0.000000 
0.000000 
0.000000 
0.707107 
0.707107 
1.414214 
1.414214 
1.118034 
1.118034 
1.118034 
1.118034 
1.581139 
1.581139 
2.692582 
2.692582 
1.000000 
1.000000 
0.707107 
0.707107 
1.581139 
1.581139 
2.061553 
2.061553 
1.802776 
1.802776 
1.000000 
1.000000 
0.000000 
0.000000 
1.500000 
1.500000 
1.414214 
1.414214 
2.000000 
2.000000 
1.118034 
1.118034 
2.061553 
2.061553 
1.581139 
1.581139 
1.581139 
1.581139 
0.000000 
0.000000 
5.590170 
5.590170 
1.802776 
1.802776 
1.000000 
1.000000 
1.581139 
1.581139 
0.000000 
0.000000 
0.000000 
0.000000 
0.707107 
0.707107 
1.414214 
1.414214 
1.118034 
1.118034 
1.414214 
1.414214 
1.581139 
1.581139 
2.692582 
2.692582 
1.000000 
1.000000 
0.707107 
0.707107 
1.581139 
1.581139 
2.061553 
2.061553 
1.802776 
1.802776 
1.000000 
1.000000 
0.000000 
0.000000 
3.640055 
3.640055 
1.500000 
1.500000 
1.414214 
1.414214 
2.000000 
2.000000 
1.118034 
1.118034 
2.061553 
2.061553 
1.581139 
1.581139 
1.581139 
1.581139 
0.000000 
0.000000 
1.118034 
1.118034 
1.802776 
1.802776 
2.000000 
2.000000 
1.581139 
1.581139 
0.000000 
0.000000 
0.000000 
0.000000 
0.707107 
0.707107 
1.414214 
1.414214 
1.118034 
1.118034 
1.581139 
1.581139 
1.581139 
1.581139 
2.692582 
2.692582 
1.000000 
1.000000 
0.707107 
0.707107 
1.581139 
1.581139 
2.061553 
2.061553 
1.802776 
1.802776 
1.000000 
1.000000 
0.000000 
0.000000 
1.500000 
1.500000 
2.500000 
2.500000 
1.500000 
1.500000 
1.414214 
1.414214 
2.000000 
2.000000 
1.118034 
1.118034 
2.061553 
2.061553 
1.581139 
1.581139 
1.581139 
1.581139 
0.000000 
0.000000 
0.500000 
0.500000 
1.802776 
1.802776 
2.000000 
2.000000 
1.581139 
1.581139 
0.000000 
0.000000 
0.000000 
0.000000 
0.707107 
0.707107 
1.414214 
1.414214 
1.118034 
1.118034 
3.640055 
3.640055 
1.581139 
1.581139 
2.692582 
2.692582 
1.000000 
1.000000 
1.581139 
1.581139 
1.000000 
1.000000 
1.500000 
1.500000 
1.500000 
1.500000 
1.118034 
1.118034 
1.500000 
1.500000 
1.414214 
1.414214 
2.000000 
2.000000 
1.118034 
1.118034 
2.061553 
2.061553 
1.581139 
1.581139 
1.581139 
1.581139 
0.000000 
0.000000 
1.118034 
1.118034 
1.802776 
1.802776 
2.000000 
2.000000 
1.581139 
1.581139 
0.000000 
0.000000 
0.000000 
0.000000 
0.707107 
0.707107 
1.414214 
1.414214 
1.118034 
1.118034 
1.000000 
1.000000 
1.581139 
1.581139 
2.692582 
2.692582 
1.000000 
1.000000 
1.581139 
1.581139 
1.000000 
1.000000 
1.500000 
1.500000 
1.500000 
1.500000 
2.236068 
2.236068 
1.500000 
1.500000 
1.414214 
1.414214 
2.000000 
2.000000 
1.118034 
1.118034 
2.061553 
2.061553 
1.581139 
1.581139 
1.581139 
1.581139 
0.000000 
0.000000 
4.924429 
4.924429 
1.802776 
1.802776 
2.000000 
2.000000 
1.581139 
1.581139 
0.000000 
0.000000 
0.000000 
0.000000 
0.707107 
0.707107 
1.414214 
1.414214 
1.118034 
1.118034 
3.000000 
3.000000 
2.692582 
2.692582 
1.000000 
1.000000 
0.000000 
0.000000 
1.500000 
1.500000 
1.500000 
1.500000 
1.802776 
1.802776 
1.500000 
1.500000 
1.414214 
1.414214 
2.000000 
2.000000 
1.118034 
1.118034 
2.061553 
2.061553 
1.581139 
1.581139 
1.581139 
1.581139 
0.000000 
0.000000 
1.118034 
1.118034 
1.802776 
1.802776 
2.000000 
2.000000 
1.581139 
1.581139 
0.000000 
0.000000 
0.000000 
0.000000 
0.707107 
0.707107 
1.414214 
1.414214 
1.118034 
1.118034 
0.000000 
0.000000 
1.000000 
1.000000 
2.061553 
2.061553 
1.500000 
1.500000 
1.500000 
1.500000 
1.118034 
1.118034 
1.500000 
1.500000 
1.414214 
1.414214 
2.000000 
2.000000 
1.118034 
1.118034 
2.061553 
2.061553 
1.581139 
1.581139 
1.581139 
1.581139 
0.000000 
0.000000 
1.000000 
1.000000 
1.802776 
1.802776 
2.000000 
2.000000 
1.581139 
1.581139 
0.000000 
0.000000 
0.707107 
0.707107 
1.414214 
1.414214 
1.000000 
1.000000 
1.000000 
1.000000 
0.000000 
0.000000 
2.915476 
2.915476 
1.500000 
1.500000 
1.500000 
1.500000 
1.118034 
1.118034 
1.500000 
1.500000 
1.414214 
1.414214 
2.000000 
2.000000 
1.118034 
1.118034 
2.061553 
2.061553 
1.581139 
1.581139 
2.121320 
2.121320 
0.000000 
0.000000 
1.118034 
1.118034 
1.802776 
1.802776 
2.000000 
2.000000 
1.581139 
1.581139 
0.000000 
0.000000 
1.414214 
1.414214 
1.118034 
1.118034 
3.041381 
3.041381 
1.581139 
1.581139 
1.500000 
1.500000 
1.500000 
1.500000 
1.118034 
1.118034 
1.500000 
1.500000 
1.414214 
1.414214 
2.000000 
2.000000 
1.118034 
1.118034 
2.061553 
2.061553 
1.581139 
1.581139 
0.500000 
0.500000 
0.000000 
0.000000 
1.118034 
1.118034 
1.802776 
1.802776 
2.000000 
2.000000 
1.581139 
1.581139 
1.414214 
1.414214 
0.500000 
0.500000 
0.707107 
0.707107 
3.535534 
3.535534 
1.500000 
1.500000 
1.500000 
1.500000 
1.118034 
1.118034 
1.500000 
1.500000 
1.414214 
1.414214 
2.000000 
2.000000 
1.118034 
1.118034 
2.061553 
2.061553 
1.581139 
1.581139 
0.000000 
0.000000 
0.000000 
0.000000 
0.500000 
0.500000 
1.802776 
1.802776 
2.000000 
2.000000 
1.414214 
1.414214 
0.500000 
0.500000 
1.414214 
1.414214 
1.118034 
1.118034 
1.500000 
1.500000 
1.500000 
1.500000 
1.118034 
1.118034 
1.500000 
1.500000 
1.414214 
1.414214 
2.000000 
2.000000 
1.118034 
1.118034 
2.061553 
2.061553 
1.581139 
1.581139 
0.000000 
0.000000 
0.500000 
0.500000 
1.802776 
1.802776 
2.000000 
2.000000 
1.414214 
1.414214 
0.500000 
0.500000 
