0.000000 
0.000000 
0.000000 
0.000000 
2.915476 
2.915476 
3.000000 
3.000000 
2.500000 
2.500000 
6.519202 
6.519202 
2.500000 
2.500000 
14.142136 
14.142136 
2.500000 
2.500000 
2.915476 
2.915476 
2.500000 
2.500000 
2.061553 
2.061553 
2.549510 
2.549510 
2.000000 
2.000000 
8.631338 
8.631338 
6.020797 
6.020797 
2.061553 
2.061553 
0.500000 
0.500000 
7.071068 
7.071068 
0.500000 
0.500000 
7.071068 
7.071068 
6.041523 
6.041523 
7.071068 
7.071068 
2.061553 
2.061553 
0.000000 
0.000000 
7.071068 
7.071068 
2.236068 
2.236068 
1.500000 
1.500000 
7.071068 
7.071068 
2.121320 
2.121320 
0.000000 
0.000000 
4.500000 
4.500000 
7.071068 
7.071068 
2.121320 
2.121320 
0.000000 
0.000000 
4.301163 
4.301163 
2.549510 
2.549510 
7.071068 
7.071068 
2.121320 
2.121320 
2.236068 
2.236068 
4.301163 
4.301163 
3.535534 
3.535534 
7.071068 
7.071068 
2.121320 
2.121320 
13.238202 
13.238202 
4.301163 
4.301163 
2.692582 
2.692582 
7.071068 
7.071068 
2.121320 
2.121320 
0.000000 
0.000000 
1.118034 
1.118034 
4.301163 
4.301163 
11.597414 
11.597414 
7.071068 
7.071068 
2.121320 
2.121320 
3.640055 
3.640055 
1.118034 
1.118034 
4.301163 
4.301163 
1.500000 
1.500000 
7.071068 
7.071068 
2.121320 
2.121320 
3.640055 
3.640055 
1.118034 
1.118034 
4.301163 
4.301163 
6.800735 
6.800735 
7.071068 
7.071068 
2.121320 
2.121320 
0.000000 
0.000000 
3.640055 
3.640055 
1.118034 
1.118034 
4.301163 
4.301163 
1.000000 
1.000000 
7.071068 
7.071068 
2.121320 
2.121320 
0.000000 
0.000000 
0.707107 
0.707107 
3.640055 
3.640055 
1.118034 
1.118034 
4.301163 
4.301163 
2.061553 
2.061553 
7.071068 
7.071068 
2.121320 
2.121320 
0.000000 
0.000000 
0.500000 
0.500000 
3.640055 
3.640055 
1.118034 
1.118034 
4.301163 
4.301163 
0.000000 
0.000000 
7.071068 
7.071068 
2.121320 
2.121320 
0.000000 
0.000000 
0.000000 
0.000000 
0.500000 
0.500000 
3.640055 
3.640055 
1.118034 
1.118034 
4.301163 
4.301163 
1.118034 
1.118034 
2.121320 
2.121320 
0.000000 
0.000000 
0.000000 
0.000000 
1.000000 
1.000000 
3.640055 
3.640055 
1.118034 
1.118034 
4.301163 
4.301163 
0.000000 
0.000000 
2.121320 
2.121320 
0.000000 
0.000000 
0.000000 
0.000000 
2.000000 
2.000000 
3.640055 
3.640055 
1.118034 
1.118034 
4.301163 
4.301163 
3.535534 
3.535534 
2.121320 
2.121320 
0.000000 
0.000000 
0.000000 
0.000000 
0.000000 
0.000000 
2.000000 
2.000000 
3.640055 
3.640055 
1.118034 
1.118034 
4.301163 
4.301163 
0.707107 
0.707107 
2.121320 
2.121320 
0.000000 
0.000000 
1.000000 
1.000000 
0.000000 
0.000000 
0.000000 
0.000000 
2.000000 
2.000000 
3.640055 
3.640055 
1.118034 
1.118034 
4.301163 
4.301163 
1.000000 
1.000000 
1.414214 
1.414214 
1.000000 
1.000000 
0.000000 
0.000000 
0.000000 
0.000000 
2.000000 
2.000000 
3.640055 
3.640055 
1.118034 
1.118034 
4.301163 
4.301163 
1.118034 
1.118034 
0.500000 
0.500000 
0.500000 
0.500000 
0.000000 
0.000000 
0.000000 
0.000000 
2.000000 
2.000000 
3.640055 
3.640055 
1.118034 
1.118034 
0.500000 
0.500000 
0.500000 
0.500000 
0.500000 
0.500000 
0.000000 
0.000000 
0.000000 
0.000000 
2.000000 
2.000000 
3.640055 
3.640055 
1.118034 
1.118034 
0.500000 
0.500000 
1.118034 
1.118034 
0.500000 
0.500000 
0.000000 
0.000000 
0.000000 
0.000000 
2.000000 
2.000000 
3.640055 
3.640055 
1.118034 
1.118034 
2.692582 
2.692582 
1.802776 
1.802776 
0.500000 
0.500000 
0.000000 
0.000000 
0.000000 
0.000000 
2.000000 
2.000000 
3.640055 
3.640055 
3.000000 
3.000000 
1.581139 
1.581139 
0.000000 
0.000000 
0.000000 
0.000000 
0.000000 
0.000000 
2.000000 
2.000000 
0.707107 
0.707107 
0.500000 
0.500000 
0.000000 
0.000000 
0.000000 
0.000000 
0.000000 
0.000000 
2.000000 
2.000000 
8.631338 
8.631338 
0.500000 
0.500000 
0.000000 
0.000000 
0.000000 
0.000000 
0.000000 
0.000000 
2.000000 
2.000000 
3.041381 
3.041381 
0.707107 
0.707107 
0.000000 
0.000000 
0.000000 
0.000000 
2.000000 
2.000000 
7.433034 
7.433034 
0.707107 
0.707107 
0.000000 
0.000000 
0.000000 
0.000000 
2.000000 
2.000000 
6.670832 
6.670832 
