0.000000 
0.000000 
0.000000 
0.000000 
0.000000 
0.000000 
0.000000 
0.000000 
0.000000 
0.000000 
0.000000 
0.000000 
0.000000 
0.000000 
2.500000 
2.500000 
0.000000 
0.000000 
0.000000 
0.000000 
3.041381 
3.041381 
0.000000 
0.000000 
0.000000 
0.000000 
3.041381 
3.041381 
0.000000 
0.000000 
0.000000 
0.000000 
3.041381 
3.041381 
0.000000 
0.000000 
0.000000 
0.000000 
3.041381 
3.041381 
0.000000 
0.000000 
0.000000 
0.000000 
3.041381 
3.041381 
0.000000 
0.000000 
0.000000 
0.000000 
3.041381 
3.041381 
0.000000 
0.000000 
0.000000 
0.000000 
3.041381 
3.041381 
0.000000 
0.000000 
0.000000 
0.000000 
3.041381 
3.041381 
0.000000 
0.000000 
0.000000 
0.000000 
3.041381 
3.041381 
0.000000 
0.000000 
0.000000 
0.000000 
3.041381 
3.041381 
0.000000 
0.000000 
0.000000 
0.000000 
3.041381 
3.041381 
0.000000 
0.000000 
0.000000 
0.000000 
3.041381 
3.041381 
3.041381 
3.041381 
3.041381 
3.041381 
3.041381 
3.041381 
0.000000 
0.000000 
0.000000 
0.000000 
1.802776 
1.802776 
0.000000 
0.000000 
0.000000 
0.000000 
4.123106 
4.123106 
1.802776 
1.802776 
0.000000 
0.000000 
1.000000 
1.000000 
0.000000 
0.000000 
1.802776 
1.802776 
0.000000 
0.000000 
2.236068 
2.236068 
0.000000 
0.000000 
1.802776 
1.802776 
0.000000 
0.000000 
1.000000 
1.000000 
0.000000 
0.000000 
0.000000 
0.000000 
1.802776 
1.802776 
0.000000 
0.000000 
3.201562 
3.201562 
