0.000000 
0.000000 
0.000000 
0.000000 
0.000000 
0.000000 
0.000000 
0.000000 
0.000000 
0.000000 
2.061553 
2.061553 
0.000000 
0.000000 
2.549510 
2.549510 
1.500000 
1.500000 
4.242641 
4.242641 
1.414214 
1.414214 
0.000000 
0.000000 
2.236068 
2.236068 
3.354102 
3.354102 
0.000000 
0.000000 
0.000000 
0.000000 
0.000000 
0.000000 
4.242641 
4.242641 
1.414214 
1.414214 
0.000000 
0.000000 
6.576473 
6.576473 
3.354102 
3.354102 
0.000000 
0.000000 
3.905125 
3.905125 
1.118034 
1.118034 
4.242641 
4.242641 
1.414214 
1.414214 
0.000000 
0.000000 
6.103278 
6.103278 
9.552487 
9.552487 
0.000000 
0.000000 
0.000000 
0.000000 
0.000000 
0.000000 
3.905125 
3.905125 
0.500000 
0.500000 
4.242641 
4.242641 
1.414214 
1.414214 
0.000000 
0.000000 
3.500000 
3.500000 
2.000000 
2.000000 
0.000000 
0.000000 
3.041381 
3.041381 
0.500000 
0.500000 
0.000000 
0.000000 
3.905125 
3.905125 
0.500000 
0.500000 
4.242641 
4.242641 
1.414214 
1.414214 
0.000000 
0.000000 
1.500000 
1.500000 
2.000000 
2.000000 
0.000000 
0.000000 
3.535534 
3.535534 
3.041381 
3.041381 
0.500000 
0.500000 
0.000000 
0.000000 
3.905125 
3.905125 
0.500000 
0.500000 
4.242641 
4.242641 
1.414214 
1.414214 
0.000000 
0.000000 
4.500000 
4.500000 
2.000000 
2.000000 
0.000000 
0.000000 
3.041381 
3.041381 
3.535534 
3.535534 
3.041381 
3.041381 
0.500000 
0.500000 
0.000000 
0.000000 
3.905125 
3.905125 
0.500000 
0.500000 
4.242641 
4.242641 
1.414214 
1.414214 
0.000000 
0.000000 
1.118034 
1.118034 
2.000000 
2.000000 
0.000000 
0.000000 
2.549510 
2.549510 
3.640055 
3.640055 
3.535534 
3.535534 
3.041381 
3.041381 
0.500000 
0.500000 
0.000000 
0.000000 
3.905125 
3.905125 
1.118034 
1.118034 
4.242641 
4.242641 
1.414214 
1.414214 
0.000000 
0.000000 
0.500000 
0.500000 
2.000000 
2.000000 
0.000000 
0.000000 
0.500000 
0.500000 
3.162278 
3.162278 
8.139410 
8.139410 
3.535534 
3.535534 
3.041381 
3.041381 
0.500000 
0.500000 
0.000000 
0.000000 
3.905125 
3.905125 
0.000000 
0.000000 
4.242641 
4.242641 
1.414214 
1.414214 
0.000000 
0.000000 
1.802776 
1.802776 
2.000000 
2.000000 
0.000000 
0.000000 
0.707107 
0.707107 
2.236068 
2.236068 
2.549510 
2.549510 
3.535534 
3.535534 
3.041381 
3.041381 
0.500000 
0.500000 
0.000000 
0.000000 
3.905125 
3.905125 
3.041381 
3.041381 
4.242641 
4.242641 
1.414214 
1.414214 
0.000000 
0.000000 
1.000000 
1.000000 
2.000000 
2.000000 
4.031129 
4.031129 
0.707107 
0.707107 
2.236068 
2.236068 
3.041381 
3.041381 
3.535534 
3.535534 
3.041381 
3.041381 
0.500000 
0.500000 
0.000000 
0.000000 
3.905125 
3.905125 
1.000000 
1.000000 
4.242641 
4.242641 
1.414214 
1.414214 
0.000000 
0.000000 
1.581139 
1.581139 
2.000000 
2.000000 
1.581139 
1.581139 
1.581139 
1.581139 
2.236068 
2.236068 
1.118034 
1.118034 
3.535534 
3.535534 
3.041381 
3.041381 
0.500000 
0.500000 
0.000000 
0.000000 
3.905125 
3.905125 
1.000000 
1.000000 
4.242641 
4.242641 
1.414214 
1.414214 
0.000000 
0.000000 
0.500000 
0.500000 
2.000000 
2.000000 
1.581139 
1.581139 
1.000000 
1.000000 
2.236068 
2.236068 
1.118034 
1.118034 
3.535534 
3.535534 
3.041381 
3.041381 
0.500000 
0.500000 
0.000000 
0.000000 
3.905125 
3.905125 
1.000000 
1.000000 
4.242641 
4.242641 
1.414214 
1.414214 
0.000000 
0.000000 
1.581139 
1.581139 
2.000000 
2.000000 
0.000000 
0.000000 
0.000000 
0.000000 
1.581139 
1.581139 
0.500000 
0.500000 
2.236068 
2.236068 
2.549510 
2.549510 
3.535534 
3.535534 
3.041381 
3.041381 
0.500000 
0.500000 
0.000000 
0.000000 
3.905125 
3.905125 
1.000000 
1.000000 
4.242641 
4.242641 
1.414214 
1.414214 
1.118034 
1.118034 
2.000000 
2.000000 
1.581139 
1.581139 
0.707107 
0.707107 
1.581139 
1.581139 
2.061553 
2.061553 
2.236068 
2.236068 
3.201562 
3.201562 
3.535534 
3.535534 
3.041381 
3.041381 
0.500000 
0.500000 
0.000000 
0.000000 
3.905125 
3.905125 
1.000000 
1.000000 
4.242641 
4.242641 
1.414214 
1.414214 
1.500000 
1.500000 
2.000000 
2.000000 
1.581139 
1.581139 
1.118034 
1.118034 
1.581139 
1.581139 
1.000000 
1.000000 
2.236068 
2.236068 
1.581139 
1.581139 
3.535534 
3.535534 
3.041381 
3.041381 
0.500000 
0.500000 
0.000000 
0.000000 
3.905125 
3.905125 
1.000000 
1.000000 
10.198039 
10.198039 
2.000000 
2.000000 
1.581139 
1.581139 
1.118034 
1.118034 
1.581139 
1.581139 
0.707107 
0.707107 
2.236068 
2.236068 
1.118034 
1.118034 
3.535534 
3.535534 
3.041381 
3.041381 
0.500000 
0.500000 
3.905125 
3.905125 
1.000000 
1.000000 
1.581139 
1.581139 
2.000000 
2.000000 
0.000000 
0.000000 
1.581139 
1.581139 
1.118034 
1.118034 
1.581139 
1.581139 
0.500000 
0.500000 
2.236068 
2.236068 
0.000000 
0.000000 
3.535534 
3.535534 
3.041381 
3.041381 
0.500000 
0.500000 
1.000000 
1.000000 
1.802776 
1.802776 
2.000000 
2.000000 
1.414214 
1.414214 
1.581139 
1.581139 
1.118034 
1.118034 
1.581139 
1.581139 
0.000000 
0.000000 
2.236068 
2.236068 
0.000000 
0.000000 
3.535534 
3.535534 
3.041381 
3.041381 
0.500000 
0.500000 
1.000000 
1.000000 
1.414214 
1.414214 
0.000000 
0.000000 
0.000000 
0.000000 
1.414214 
1.414214 
1.581139 
1.581139 
1.118034 
1.118034 
1.581139 
1.581139 
0.000000 
0.000000 
2.236068 
2.236068 
4.031129 
4.031129 
3.535534 
3.535534 
1.000000 
1.000000 
1.414214 
1.414214 
0.000000 
0.000000 
1.118034 
1.118034 
1.118034 
1.118034 
1.414214 
1.414214 
1.581139 
1.581139 
1.118034 
1.118034 
1.581139 
1.581139 
0.500000 
0.500000 
2.236068 
2.236068 
2.000000 
2.000000 
1.000000 
1.000000 
1.414214 
1.414214 
0.000000 
0.000000 
1.500000 
1.500000 
1.118034 
1.118034 
1.414214 
1.414214 
1.581139 
1.581139 
1.118034 
1.118034 
1.581139 
1.581139 
0.500000 
0.500000 
2.236068 
2.236068 
6.519202 
6.519202 
1.000000 
1.000000 
1.414214 
1.414214 
0.000000 
0.000000 
1.118034 
1.118034 
0.707107 
0.707107 
1.414214 
1.414214 
1.581139 
1.581139 
1.118034 
1.118034 
1.581139 
1.581139 
0.500000 
0.500000 
2.236068 
2.236068 
4.301163 
4.301163 
1.000000 
1.000000 
1.414214 
1.414214 
12.529964 
12.529964 
0.707107 
0.707107 
1.000000 
1.000000 
1.414214 
1.414214 
1.581139 
1.581139 
1.118034 
1.118034 
1.581139 
1.581139 
0.500000 
0.500000 
2.236068 
2.236068 
5.315073 
5.315073 
1.000000 
1.000000 
1.414214 
1.414214 
0.500000 
0.500000 
1.414214 
1.414214 
1.414214 
1.414214 
1.414214 
1.414214 
1.581139 
1.581139 
1.118034 
1.118034 
1.581139 
1.581139 
0.500000 
0.500000 
5.000000 
5.000000 
1.000000 
1.000000 
1.414214 
1.414214 
0.500000 
0.500000 
0.500000 
0.500000 
2.000000 
2.000000 
1.414214 
1.414214 
1.581139 
1.581139 
1.118034 
1.118034 
1.581139 
1.581139 
0.500000 
0.500000 
1.118034 
1.118034 
1.000000 
1.000000 
1.414214 
1.414214 
0.500000 
0.500000 
0.000000 
0.000000 
0.707107 
0.707107 
1.414214 
1.414214 
1.581139 
1.581139 
1.118034 
1.118034 
0.500000 
0.500000 
0.707107 
0.707107 
1.414214 
1.414214 
0.500000 
0.500000 
1.118034 
1.118034 
0.000000 
0.000000 
1.414214 
1.414214 
1.581139 
1.581139 
1.118034 
1.118034 
0.500000 
0.500000 
1.118034 
1.118034 
1.414214 
1.414214 
0.500000 
0.500000 
1.118034 
1.118034 
6.500000 
6.500000 
1.414214 
1.414214 
1.581139 
1.581139 
1.118034 
1.118034 
0.500000 
0.500000 
1.000000 
1.000000 
1.414214 
1.414214 
0.000000 
0.000000 
0.500000 
0.500000 
0.000000 
0.000000 
3.041381 
3.041381 
1.414214 
1.414214 
1.118034 
1.118034 
0.500000 
0.500000 
1.500000 
1.500000 
1.414214 
1.414214 
2.236068 
2.236068 
0.500000 
0.500000 
5.852350 
5.852350 
3.041381 
3.041381 
1.414214 
1.414214 
0.500000 
0.500000 
1.000000 
1.000000 
1.414214 
1.414214 
0.000000 
0.000000 
1.414214 
1.414214 
0.500000 
0.500000 
1.000000 
1.000000 
3.041381 
3.041381 
1.414214 
1.414214 
0.500000 
0.500000 
1.118034 
1.118034 
1.414214 
1.414214 
1.118034 
1.118034 
1.118034 
1.118034 
0.500000 
0.500000 
1.581139 
1.581139 
3.041381 
3.041381 
1.414214 
1.414214 
0.500000 
0.500000 
1.118034 
1.118034 
1.414214 
1.414214 
0.000000 
0.000000 
1.500000 
1.500000 
1.118034 
1.118034 
0.500000 
0.500000 
1.414214 
1.414214 
3.041381 
3.041381 
0.500000 
0.500000 
1.118034 
1.118034 
2.549510 
2.549510 
1.118034 
1.118034 
2.236068 
2.236068 
0.500000 
0.500000 
1.118034 
1.118034 
3.041381 
3.041381 
0.500000 
0.500000 
1.118034 
1.118034 
2.549510 
2.549510 
0.000000 
0.000000 
3.000000 
3.000000 
0.500000 
0.500000 
0.500000 
0.500000 
3.041381 
3.041381 
0.500000 
0.500000 
1.118034 
1.118034 
0.000000 
0.000000 
2.549510 
2.549510 
1.802776 
1.802776 
2.236068 
2.236068 
0.500000 
0.500000 
0.500000 
0.500000 
3.041381 
3.041381 
0.500000 
0.500000 
1.118034 
1.118034 
