0.000000 
0.000000 
0.000000 
0.000000 
0.000000 
0.000000 
3.535534 
3.535534 
0.000000 
0.000000 
3.535534 
3.535534 
0.000000 
0.000000 
3.535534 
3.535534 
0.000000 
0.000000 
3.535534 
3.535534 
0.000000 
0.000000 
3.535534 
3.535534 
0.000000 
0.000000 
3.535534 
3.535534 
0.000000 
0.000000 
3.535534 
3.535534 
0.000000 
0.000000 
3.535534 
3.535534 
0.000000 
0.000000 
3.535534 
3.535534 
0.000000 
0.000000 
3.535534 
3.535534 
0.000000 
0.000000 
3.535534 
3.535534 
0.000000 
0.000000 
0.000000 
0.000000 
3.535534 
3.535534 
0.000000 
0.000000 
2.236068 
2.236068 
3.535534 
3.535534 
0.000000 
0.000000 
2.236068 
2.236068 
3.535534 
3.535534 
2.236068 
2.236068 
3.535534 
3.535534 
2.236068 
2.236068 
0.000000 
0.000000 
2.236068 
2.236068 
1.581139 
1.581139 
2.236068 
2.236068 
2.061553 
2.061553 
2.236068 
2.236068 
1.500000 
1.500000 
2.236068 
2.236068 
5.590170 
5.590170 
2.236068 
2.236068 
0.500000 
0.500000 
2.236068 
2.236068 
0.000000 
0.000000 
2.236068 
2.236068 
0.000000 
0.000000 
2.549510 
2.549510 
2.236068 
2.236068 
0.000000 
0.000000 
0.000000 
0.000000 
0.500000 
0.500000 
2.236068 
2.236068 
0.707107 
0.707107 
0.000000 
0.000000 
0.500000 
0.500000 
2.236068 
2.236068 
0.707107 
0.707107 
0.000000 
0.000000 
0.500000 
0.500000 
2.236068 
2.236068 
0.707107 
0.707107 
0.000000 
0.000000 
0.500000 
0.500000 
4.031129 
4.031129 
0.000000 
0.000000 
1.500000 
1.500000 
1.000000 
1.000000 
0.000000 
0.000000 
0.000000 
0.000000 
1.414214 
1.414214 
0.000000 
0.000000 
0.500000 
0.500000 
3.354102 
3.354102 
0.000000 
0.000000 
0.500000 
0.500000 
1.118034 
1.118034 
0.000000 
0.000000 
0.500000 
0.500000 
1.118034 
1.118034 
0.000000 
0.000000 
0.500000 
0.500000 
1.118034 
1.118034 
0.000000 
0.000000 
0.500000 
0.500000 
5.099020 
5.099020 
0.000000 
0.000000 
0.500000 
0.500000 
0.000000 
0.000000 
0.500000 
0.500000 
0.000000 
0.000000 
0.500000 
0.500000 
