0.000000 
0.000000 
0.000000 
0.000000 
0.000000 
0.000000 
7.905694 
7.905694 
2.500000 
2.500000 
4.031129 
4.031129 
1.414214 
1.414214 
2.061553 
2.061553 
1.802776 
1.802776 
7.566373 
7.566373 
11.101802 
11.101802 
1.118034 
1.118034 
3.535534 
3.535534 
8.139410 
8.139410 
2.000000 
2.000000 
2.061553 
2.061553 
1.414214 
1.414214 
2.061553 
2.061553 
2.500000 
2.500000 
2.500000 
2.500000 
2.061553 
2.061553 
4.500000 
4.500000 
9.219544 
9.219544 
1.414214 
1.414214 
1.118034 
1.118034 
1.118034 
1.118034 
5.830952 
5.830952 
1.118034 
1.118034 
1.118034 
1.118034 
1.500000 
1.500000 
1.118034 
1.118034 
0.707107 
0.707107 
2.236068 
2.236068 
0.707107 
0.707107 
0.707107 
0.707107 
1.802776 
1.802776 
0.707107 
0.707107 
0.707107 
0.707107 
2.236068 
2.236068 
1.118034 
1.118034 
1.000000 
1.000000 
2.236068 
2.236068 
1.118034 
1.118034 
1.118034 
1.118034 
2.236068 
2.236068 
2.828427 
2.828427 
0.500000 
0.500000 
2.236068 
2.236068 
6.041523 
6.041523 
1.118034 
1.118034 
2.236068 
2.236068 
1.581139 
1.581139 
1.000000 
1.000000 
2.236068 
2.236068 
0.500000 
0.500000 
0.707107 
0.707107 
2.236068 
2.236068 
2.000000 
2.000000 
7.516648 
7.516648 
2.236068 
2.236068 
4.743416 
4.743416 
1.581139 
1.581139 
2.236068 
2.236068 
2.000000 
2.000000 
1.500000 
1.500000 
2.236068 
2.236068 
1.000000 
1.000000 
2.061553 
2.061553 
2.236068 
2.236068 
7.017834 
7.017834 
1.118034 
1.118034 
2.236068 
2.236068 
5.385165 
5.385165 
1.581139 
1.581139 
2.236068 
2.236068 
0.000000 
0.000000 
1.802776 
1.802776 
5.590170 
5.590170 
2.236068 
2.236068 
0.000000 
0.000000 
1.802776 
1.802776 
5.522681 
5.522681 
2.236068 
2.236068 
0.000000 
0.000000 
0.500000 
0.500000 
7.566373 
7.566373 
1.414214 
1.414214 
1.802776 
1.802776 
1.118034 
1.118034 
10.500000 
10.500000 
1.414214 
1.414214 
1.118034 
1.118034 
0.500000 
0.500000 
6.576473 
6.576473 
2.121320 
2.121320 
0.500000 
0.500000 
0.500000 
0.500000 
1.500000 
1.500000 
0.500000 
0.500000 
1.118034 
1.118034 
2.236068 
2.236068 
0.000000 
0.000000 
0.500000 
0.500000 
1.500000 
1.500000 
3.500000 
3.500000 
1.414214 
1.414214 
0.500000 
0.500000 
1.802776 
1.802776 
6.519202 
6.519202 
1.414214 
1.414214 
0.500000 
0.500000 
2.000000 
2.000000 
1.581139 
1.581139 
1.414214 
1.414214 
0.500000 
0.500000 
1.500000 
1.500000 
2.500000 
2.500000 
1.414214 
1.414214 
0.500000 
0.500000 
7.500000 
7.500000 
1.581139 
1.581139 
0.000000 
0.000000 
1.414214 
1.414214 
0.500000 
0.500000 
2.000000 
2.000000 
7.500000 
7.500000 
