0.000000 
0.000000 
0.000000 
0.000000 
0.000000 
0.000000 
1.500000 
1.500000 
0.000000 
0.000000 
0.707107 
0.707107 
1.500000 
1.500000 
0.000000 
0.000000 
0.707107 
0.707107 
1.500000 
1.500000 
0.000000 
0.000000 
0.707107 
0.707107 
0.000000 
0.000000 
1.500000 
1.500000 
0.000000 
0.000000 
4.242641 
4.242641 
0.000000 
0.000000 
1.500000 
1.500000 
0.000000 
0.000000 
1.000000 
1.000000 
0.000000 
0.000000 
0.000000 
0.000000 
1.500000 
1.500000 
0.000000 
0.000000 
1.000000 
1.000000 
0.000000 
0.000000 
0.000000 
0.000000 
1.500000 
1.500000 
0.000000 
0.000000 
1.000000 
1.000000 
0.000000 
0.000000 
0.000000 
0.000000 
1.500000 
1.500000 
0.000000 
0.000000 
1.000000 
1.000000 
0.000000 
0.000000 
0.000000 
0.000000 
1.500000 
1.500000 
0.000000 
0.000000 
1.000000 
1.000000 
0.000000 
0.000000 
0.000000 
0.000000 
1.500000 
1.500000 
0.000000 
0.000000 
1.000000 
1.000000 
0.000000 
0.000000 
0.000000 
0.000000 
0.000000 
0.000000 
1.500000 
1.500000 
0.000000 
0.000000 
1.000000 
1.000000 
2.915476 
2.915476 
0.000000 
0.000000 
0.000000 
0.000000 
1.500000 
1.500000 
0.000000 
0.000000 
1.000000 
1.000000 
2.500000 
2.500000 
0.000000 
0.000000 
0.000000 
0.000000 
1.500000 
1.500000 
0.000000 
0.000000 
1.000000 
1.000000 
2.500000 
2.500000 
0.000000 
0.000000 
0.000000 
0.000000 
1.500000 
1.500000 
0.000000 
0.000000 
1.000000 
1.000000 
2.500000 
2.500000 
0.000000 
0.000000 
0.000000 
0.000000 
1.500000 
1.500000 
1.000000 
1.000000 
2.500000 
2.500000 
0.000000 
0.000000 
0.000000 
0.000000 
1.000000 
1.000000 
2.500000 
2.500000 
0.000000 
0.000000 
0.000000 
0.000000 
1.000000 
1.000000 
0.000000 
0.000000 
2.500000 
2.500000 
0.000000 
0.000000 
0.000000 
0.000000 
1.000000 
1.000000 
5.590170 
5.590170 
2.500000 
2.500000 
0.000000 
0.000000 
1.000000 
1.000000 
5.522681 
5.522681 
2.500000 
2.500000 
0.000000 
0.000000 
1.000000 
1.000000 
4.000000 
4.000000 
2.500000 
2.500000 
4.000000 
4.000000 
2.500000 
2.500000 
4.000000 
4.000000 
2.500000 
2.500000 
0.000000 
0.000000 
4.000000 
4.000000 
2.500000 
2.500000 
3.640055 
3.640055 
4.000000 
4.000000 
2.500000 
2.500000 
3.640055 
3.640055 
4.000000 
4.000000 
2.500000 
2.500000 
3.640055 
3.640055 
4.000000 
4.000000 
2.500000 
2.500000 
3.640055 
3.640055 
4.000000 
4.000000 
3.640055 
3.640055 
4.000000 
4.000000 
3.640055 
3.640055 
4.000000 
4.000000 
3.640055 
3.640055 
4.000000 
4.000000 
3.640055 
3.640055 
4.000000 
4.000000 
3.640055 
3.640055 
4.000000 
4.000000 
0.000000 
0.000000 
3.640055 
3.640055 
4.000000 
4.000000 
0.000000 
0.000000 
0.000000 
0.000000 
2.236068 
2.236068 
3.640055 
3.640055 
4.000000 
4.000000 
0.000000 
0.000000 
4.301163 
4.301163 
3.162278 
3.162278 
2.236068 
2.236068 
3.640055 
3.640055 
0.000000 
0.000000 
3.162278 
3.162278 
3.807887 
3.807887 
3.162278 
3.162278 
2.236068 
2.236068 
3.640055 
3.640055 
0.000000 
0.000000 
3.162278 
3.162278 
3.162278 
3.162278 
3.162278 
3.162278 
2.236068 
2.236068 
3.640055 
3.640055 
