0.000000 
0.000000 
0.000000 
0.000000 
0.000000 
0.000000 
5.024938 
5.024938 
0.000000 
0.000000 
21.095023 
21.095023 
0.000000 
0.000000 
10.012492 
10.012492 
0.000000 
0.000000 
0.000000 
0.000000 
11.543396 
11.543396 
0.000000 
0.000000 
0.000000 
0.000000 
0.000000 
0.000000 
0.000000 
0.000000 
11.543396 
11.543396 
0.000000 
0.000000 
0.000000 
0.000000 
1.581139 
1.581139 
5.830952 
5.830952 
5.522681 
5.522681 
11.543396 
11.543396 
0.000000 
0.000000 
1.581139 
1.581139 
0.707107 
0.707107 
13.086252 
13.086252 
5.522681 
5.522681 
11.543396 
11.543396 
0.000000 
0.000000 
0.000000 
0.000000 
1.581139 
1.581139 
2.000000 
2.000000 
2.121320 
2.121320 
5.522681 
5.522681 
11.543396 
11.543396 
0.000000 
0.000000 
0.000000 
0.000000 
0.000000 
0.000000 
0.500000 
0.500000 
1.581139 
1.581139 
1.500000 
1.500000 
2.000000 
2.000000 
5.522681 
5.522681 
11.543396 
11.543396 
0.000000 
0.000000 
0.000000 
0.000000 
0.500000 
0.500000 
0.000000 
0.000000 
0.000000 
0.000000 
1.581139 
1.581139 
1.500000 
1.500000 
1.118034 
1.118034 
6.500000 
6.500000 
11.543396 
11.543396 
0.000000 
0.000000 
3.500000 
3.500000 
0.500000 
0.500000 
0.000000 
0.000000 
0.000000 
0.000000 
1.581139 
1.581139 
1.500000 
1.500000 
1.118034 
1.118034 
6.500000 
6.500000 
11.543396 
11.543396 
0.000000 
0.000000 
0.000000 
0.000000 
6.500000 
6.500000 
0.500000 
0.500000 
0.000000 
0.000000 
0.000000 
0.000000 
2.500000 
2.500000 
1.500000 
1.500000 
1.118034 
1.118034 
6.500000 
6.500000 
11.543396 
11.543396 
0.000000 
0.000000 
0.000000 
0.000000 
0.000000 
0.000000 
3.535534 
3.535534 
3.000000 
3.000000 
0.500000 
0.500000 
0.000000 
0.000000 
0.000000 
0.000000 
0.500000 
0.500000 
1.500000 
1.500000 
1.118034 
1.118034 
6.500000 
6.500000 
11.543396 
11.543396 
0.000000 
0.000000 
0.000000 
0.000000 
2.236068 
2.236068 
3.041381 
3.041381 
3.000000 
3.000000 
0.500000 
0.500000 
0.000000 
0.000000 
0.000000 
0.000000 
0.500000 
0.500000 
1.500000 
1.500000 
1.118034 
1.118034 
6.500000 
6.500000 
11.543396 
11.543396 
0.000000 
0.000000 
2.236068 
2.236068 
3.041381 
3.041381 
3.000000 
3.000000 
0.500000 
0.500000 
0.000000 
0.000000 
0.000000 
0.000000 
0.500000 
0.500000 
1.500000 
1.500000 
1.118034 
1.118034 
6.500000 
6.500000 
11.543396 
11.543396 
0.000000 
0.000000 
2.236068 
2.236068 
3.041381 
3.041381 
3.000000 
3.000000 
0.500000 
0.500000 
0.000000 
0.000000 
0.000000 
0.000000 
0.500000 
0.500000 
1.500000 
1.500000 
1.118034 
1.118034 
6.500000 
6.500000 
11.543396 
11.543396 
0.000000 
0.000000 
2.236068 
2.236068 
3.041381 
3.041381 
3.000000 
3.000000 
0.500000 
0.500000 
0.000000 
0.000000 
0.000000 
0.000000 
0.500000 
0.500000 
1.500000 
1.500000 
1.118034 
1.118034 
6.500000 
6.500000 
11.543396 
11.543396 
0.000000 
0.000000 
0.000000 
0.000000 
2.236068 
2.236068 
3.041381 
3.041381 
3.000000 
3.000000 
0.500000 
0.500000 
0.000000 
0.000000 
0.000000 
0.000000 
0.500000 
0.500000 
1.500000 
1.500000 
1.118034 
1.118034 
6.500000 
6.500000 
11.543396 
11.543396 
3.041381 
3.041381 
0.000000 
0.000000 
2.236068 
2.236068 
3.041381 
3.041381 
3.000000 
3.000000 
0.500000 
0.500000 
0.000000 
0.000000 
0.000000 
0.000000 
0.500000 
0.500000 
1.500000 
1.500000 
1.118034 
1.118034 
6.500000 
6.500000 
3.041381 
3.041381 
0.000000 
0.000000 
2.236068 
2.236068 
3.041381 
3.041381 
3.000000 
3.000000 
0.500000 
0.500000 
0.000000 
0.000000 
0.000000 
0.000000 
0.500000 
0.500000 
1.500000 
1.500000 
1.118034 
1.118034 
6.500000 
6.500000 
3.041381 
3.041381 
0.000000 
0.000000 
2.236068 
2.236068 
3.041381 
3.041381 
3.000000 
3.000000 
0.500000 
0.500000 
0.000000 
0.000000 
0.000000 
0.000000 
0.500000 
0.500000 
1.500000 
1.500000 
1.118034 
1.118034 
6.500000 
6.500000 
3.041381 
3.041381 
0.000000 
0.000000 
2.236068 
2.236068 
3.041381 
3.041381 
3.000000 
3.000000 
0.500000 
0.500000 
0.000000 
0.000000 
0.000000 
0.000000 
0.500000 
0.500000 
1.500000 
1.500000 
1.118034 
1.118034 
6.500000 
6.500000 
0.000000 
0.000000 
3.041381 
3.041381 
0.000000 
0.000000 
2.236068 
2.236068 
3.041381 
3.041381 
3.000000 
3.000000 
0.500000 
0.500000 
0.000000 
0.000000 
0.000000 
0.000000 
0.500000 
0.500000 
1.500000 
1.500000 
1.118034 
1.118034 
6.500000 
6.500000 
0.000000 
0.000000 
0.000000 
0.000000 
3.041381 
3.041381 
0.000000 
0.000000 
2.236068 
2.236068 
3.041381 
3.041381 
3.000000 
3.000000 
0.500000 
0.500000 
0.000000 
0.000000 
0.500000 
0.500000 
1.118034 
1.118034 
6.500000 
6.500000 
1.500000 
1.500000 
0.000000 
0.000000 
3.041381 
3.041381 
0.000000 
0.000000 
2.236068 
2.236068 
3.041381 
3.041381 
3.000000 
3.000000 
0.500000 
0.500000 
0.000000 
0.000000 
1.500000 
1.500000 
0.000000 
0.000000 
3.041381 
3.041381 
0.000000 
0.000000 
2.236068 
2.236068 
3.041381 
3.041381 
3.000000 
3.000000 
0.500000 
0.500000 
2.549510 
2.549510 
1.500000 
1.500000 
0.000000 
0.000000 
3.041381 
3.041381 
0.000000 
0.000000 
2.236068 
2.236068 
3.041381 
3.041381 
3.000000 
3.000000 
0.500000 
0.500000 
0.000000 
0.000000 
2.549510 
2.549510 
1.500000 
1.500000 
0.000000 
0.000000 
3.041381 
3.041381 
2.236068 
2.236068 
3.041381 
3.041381 
0.500000 
0.500000 
4.924429 
4.924429 
2.549510 
2.549510 
1.500000 
1.500000 
0.000000 
0.000000 
3.041381 
3.041381 
3.041381 
3.041381 
2.549510 
2.549510 
1.500000 
1.500000 
0.000000 
0.000000 
3.041381 
3.041381 
9.513149 
9.513149 
2.549510 
2.549510 
1.500000 
1.500000 
0.000000 
0.000000 
3.041381 
3.041381 
0.000000 
0.000000 
3.041381 
3.041381 
2.549510 
2.549510 
1.500000 
1.500000 
0.000000 
0.000000 
3.041381 
3.041381 
0.000000 
0.000000 
3.354102 
3.354102 
3.041381 
3.041381 
2.549510 
2.549510 
1.500000 
1.500000 
0.000000 
0.000000 
3.041381 
3.041381 
2.061553 
2.061553 
2.000000 
2.000000 
3.041381 
3.041381 
2.549510 
2.549510 
1.500000 
1.500000 
0.000000 
0.000000 
1.581139 
1.581139 
8.845903 
8.845903 
3.041381 
3.041381 
2.549510 
2.549510 
1.500000 
1.500000 
0.000000 
0.000000 
1.118034 
1.118034 
2.549510 
2.549510 
3.041381 
3.041381 
2.549510 
2.549510 
1.500000 
1.500000 
0.000000 
0.000000 
1.000000 
1.000000 
1.581139 
1.581139 
3.041381 
3.041381 
2.549510 
2.549510 
1.500000 
1.500000 
0.000000 
0.000000 
