0.000000 
0.000000 
0.000000 
0.000000 
0.000000 
0.000000 
0.000000 
0.000000 
0.000000 
0.000000 
0.000000 
0.000000 
0.000000 
0.000000 
0.000000 
0.000000 
0.000000 
0.000000 
0.000000 
0.000000 
1.500000 
1.500000 
0.000000 
0.000000 
5.024938 
5.024938 
3.041381 
3.041381 
0.500000 
0.500000 
3.041381 
3.041381 
0.000000 
0.000000 
0.000000 
0.000000 
0.707107 
0.707107 
0.000000 
0.000000 
2.061553 
2.061553 
8.631338 
8.631338 
0.000000 
0.000000 
2.236068 
2.236068 
0.000000 
0.000000 
0.000000 
0.000000 
0.707107 
0.707107 
0.000000 
0.000000 
2.549510 
2.549510 
4.031129 
4.031129 
1.414214 
1.414214 
8.558621 
8.558621 
0.000000 
0.000000 
0.000000 
0.000000 
0.500000 
0.500000 
0.000000 
0.000000 
3.000000 
3.000000 
3.041381 
3.041381 
1.500000 
1.500000 
3.640055 
3.640055 
0.000000 
0.000000 
0.000000 
0.000000 
1.414214 
1.414214 
0.000000 
0.000000 
1.581139 
1.581139 
9.013878 
9.013878 
2.236068 
2.236068 
0.000000 
0.000000 
3.640055 
3.640055 
0.000000 
0.000000 
0.000000 
0.000000 
1.118034 
1.118034 
0.000000 
0.000000 
5.852350 
5.852350 
3.041381 
3.041381 
2.236068 
2.236068 
0.000000 
0.000000 
0.000000 
0.000000 
3.640055 
3.640055 
0.000000 
0.000000 
0.000000 
0.000000 
2.549510 
2.549510 
0.000000 
0.000000 
3.041381 
3.041381 
3.041381 
3.041381 
2.236068 
2.236068 
0.000000 
0.000000 
0.000000 
0.000000 
0.000000 
0.000000 
0.000000 
0.000000 
0.000000 
0.000000 
3.640055 
3.640055 
0.000000 
0.000000 
0.000000 
0.000000 
2.549510 
2.549510 
0.000000 
0.000000 
3.162278 
3.162278 
3.041381 
3.041381 
2.236068 
2.236068 
0.000000 
0.000000 
3.905125 
3.905125 
0.000000 
0.000000 
0.000000 
0.000000 
0.000000 
0.000000 
0.000000 
0.000000 
3.640055 
3.640055 
0.000000 
0.000000 
14.534442 
14.534442 
2.549510 
2.549510 
0.000000 
0.000000 
9.124144 
9.124144 
3.041381 
3.041381 
2.236068 
2.236068 
3.041381 
3.041381 
7.382412 
7.382412 
1.118034 
1.118034 
0.000000 
0.000000 
0.000000 
0.000000 
0.000000 
0.000000 
3.640055 
3.640055 
0.000000 
0.000000 
3.500000 
3.500000 
2.549510 
2.549510 
0.000000 
0.000000 
9.124144 
9.124144 
3.041381 
3.041381 
2.236068 
2.236068 
0.000000 
0.000000 
0.000000 
0.000000 
0.000000 
0.000000 
3.041381 
3.041381 
7.382412 
7.382412 
1.581139 
1.581139 
0.000000 
0.000000 
0.000000 
0.000000 
0.000000 
0.000000 
3.640055 
3.640055 
0.000000 
0.000000 
3.500000 
3.500000 
2.549510 
2.549510 
0.000000 
0.000000 
9.124144 
9.124144 
3.041381 
3.041381 
2.236068 
2.236068 
3.535534 
3.535534 
10.198039 
10.198039 
3.162278 
3.162278 
3.041381 
3.041381 
7.382412 
7.382412 
7.648529 
7.648529 
0.000000 
0.000000 
0.000000 
0.000000 
0.000000 
0.000000 
3.640055 
3.640055 
0.000000 
0.000000 
3.500000 
3.500000 
2.549510 
2.549510 
0.000000 
0.000000 
9.124144 
9.124144 
3.041381 
3.041381 
2.236068 
2.236068 
0.000000 
0.000000 
0.000000 
0.000000 
3.535534 
3.535534 
10.198039 
10.198039 
2.549510 
2.549510 
3.041381 
3.041381 
7.382412 
7.382412 
1.000000 
1.000000 
0.000000 
0.000000 
0.000000 
0.000000 
0.000000 
0.000000 
3.640055 
3.640055 
0.000000 
0.000000 
3.500000 
3.500000 
2.549510 
2.549510 
0.000000 
0.000000 
9.124144 
9.124144 
3.041381 
3.041381 
2.236068 
2.236068 
0.000000 
0.000000 
0.000000 
0.000000 
4.272002 
4.272002 
0.000000 
0.000000 
3.535534 
3.535534 
10.198039 
10.198039 
2.549510 
2.549510 
3.041381 
3.041381 
7.382412 
7.382412 
2.236068 
2.236068 
0.000000 
0.000000 
0.000000 
0.000000 
0.000000 
0.000000 
3.640055 
3.640055 
0.000000 
0.000000 
3.500000 
3.500000 
2.549510 
2.549510 
0.000000 
0.000000 
9.124144 
9.124144 
3.041381 
3.041381 
2.236068 
2.236068 
3.041381 
3.041381 
1.500000 
1.500000 
11.011358 
11.011358 
0.000000 
0.000000 
3.535534 
3.535534 
10.198039 
10.198039 
2.549510 
2.549510 
3.041381 
3.041381 
7.382412 
7.382412 
0.707107 
0.707107 
0.000000 
0.000000 
0.000000 
0.000000 
0.000000 
0.000000 
3.640055 
3.640055 
3.500000 
3.500000 
2.549510 
2.549510 
9.124144 
9.124144 
3.041381 
3.041381 
2.236068 
2.236068 
3.041381 
3.041381 
3.000000 
3.000000 
8.276473 
8.276473 
0.000000 
0.000000 
3.535534 
3.535534 
10.198039 
10.198039 
2.549510 
2.549510 
3.041381 
3.041381 
7.382412 
7.382412 
0.707107 
0.707107 
0.000000 
0.000000 
0.000000 
0.000000 
0.000000 
0.000000 
3.640055 
3.640055 
3.500000 
3.500000 
2.549510 
2.549510 
9.124144 
9.124144 
3.041381 
3.041381 
2.236068 
2.236068 
3.041381 
3.041381 
2.061553 
2.061553 
11.543396 
11.543396 
0.000000 
0.000000 
3.535534 
3.535534 
10.198039 
10.198039 
2.549510 
2.549510 
3.041381 
3.041381 
7.382412 
7.382412 
0.707107 
0.707107 
0.000000 
0.000000 
0.000000 
0.000000 
0.000000 
0.000000 
3.640055 
3.640055 
3.500000 
3.500000 
2.549510 
2.549510 
9.124144 
9.124144 
3.041381 
3.041381 
2.236068 
2.236068 
0.000000 
0.000000 
3.041381 
3.041381 
2.549510 
2.549510 
12.509996 
12.509996 
0.000000 
0.000000 
3.535534 
3.535534 
10.198039 
10.198039 
2.549510 
2.549510 
3.041381 
3.041381 
7.382412 
7.382412 
0.707107 
0.707107 
0.000000 
0.000000 
0.000000 
0.000000 
0.000000 
0.000000 
3.640055 
3.640055 
3.500000 
3.500000 
2.549510 
2.549510 
9.124144 
9.124144 
3.041381 
3.041381 
2.236068 
2.236068 
0.000000 
0.000000 
3.041381 
3.041381 
4.527693 
4.527693 
3.500000 
3.500000 
0.000000 
0.000000 
3.535534 
3.535534 
10.198039 
10.198039 
2.549510 
2.549510 
3.041381 
3.041381 
7.382412 
7.382412 
0.707107 
0.707107 
0.000000 
0.000000 
0.000000 
0.000000 
0.000000 
0.000000 
3.640055 
3.640055 
3.500000 
3.500000 
2.549510 
2.549510 
9.124144 
9.124144 
3.041381 
3.041381 
2.236068 
2.236068 
0.000000 
0.000000 
3.041381 
3.041381 
2.236068 
2.236068 
11.045361 
11.045361 
0.000000 
0.000000 
3.535534 
3.535534 
10.198039 
10.198039 
2.549510 
2.549510 
3.041381 
3.041381 
7.382412 
7.382412 
0.707107 
0.707107 
0.000000 
0.000000 
0.000000 
0.000000 
0.000000 
0.000000 
3.500000 
3.500000 
2.549510 
2.549510 
9.124144 
9.124144 
3.041381 
3.041381 
0.000000 
0.000000 
0.000000 
0.000000 
3.041381 
3.041381 
2.500000 
2.500000 
11.045361 
11.045361 
0.000000 
0.000000 
3.535534 
3.535534 
10.198039 
10.198039 
2.549510 
2.549510 
3.041381 
3.041381 
7.382412 
7.382412 
0.707107 
0.707107 
0.000000 
0.000000 
0.000000 
0.000000 
3.500000 
3.500000 
2.549510 
2.549510 
9.124144 
9.124144 
1.000000 
1.000000 
0.000000 
0.000000 
3.041381 
3.041381 
2.549510 
2.549510 
11.045361 
11.045361 
0.000000 
0.000000 
3.535534 
3.535534 
10.198039 
10.198039 
2.549510 
2.549510 
3.041381 
3.041381 
7.382412 
7.382412 
0.707107 
0.707107 
0.000000 
0.000000 
3.500000 
3.500000 
9.124144 
9.124144 
0.000000 
0.000000 
0.000000 
0.000000 
0.000000 
0.000000 
1.000000 
1.000000 
0.000000 
0.000000 
3.041381 
3.041381 
3.000000 
3.000000 
11.045361 
11.045361 
0.000000 
0.000000 
3.535534 
3.535534 
10.198039 
10.198039 
2.549510 
2.549510 
3.041381 
3.041381 
7.382412 
7.382412 
0.707107 
0.707107 
3.500000 
3.500000 
9.124144 
9.124144 
0.000000 
0.000000 
0.000000 
0.000000 
2.549510 
2.549510 
2.915476 
2.915476 
11.543396 
11.543396 
2.828427 
2.828427 
0.000000 
0.000000 
3.041381 
3.041381 
0.500000 
0.500000 
11.045361 
11.045361 
0.000000 
0.000000 
3.535534 
3.535534 
10.198039 
10.198039 
2.549510 
2.549510 
3.041381 
3.041381 
7.382412 
7.382412 
0.707107 
0.707107 
3.500000 
3.500000 
0.000000 
0.000000 
0.707107 
0.707107 
8.015610 
8.015610 
2.549510 
2.549510 
2.061553 
2.061553 
3.000000 
3.000000 
2.828427 
2.828427 
0.000000 
0.000000 
3.041381 
3.041381 
0.707107 
0.707107 
11.045361 
11.045361 
0.000000 
0.000000 
3.535534 
3.535534 
10.198039 
10.198039 
2.549510 
2.549510 
0.707107 
0.707107 
7.648529 
7.648529 
1.118034 
1.118034 
2.061553 
2.061553 
2.549510 
2.549510 
3.500000 
3.500000 
8.732125 
8.732125 
2.828427 
2.828427 
0.000000 
0.000000 
3.041381 
3.041381 
0.000000 
0.000000 
11.045361 
11.045361 
0.000000 
0.000000 
3.535534 
3.535534 
10.198039 
10.198039 
2.549510 
2.549510 
0.707107 
0.707107 
1.500000 
1.500000 
1.000000 
1.000000 
1.500000 
1.500000 
2.549510 
2.549510 
1.414214 
1.414214 
3.162278 
3.162278 
2.828427 
2.828427 
0.000000 
0.000000 
3.041381 
3.041381 
0.500000 
0.500000 
11.045361 
11.045361 
0.000000 
0.000000 
2.549510 
2.549510 
0.707107 
0.707107 
6.576473 
6.576473 
1.414214 
1.414214 
0.500000 
0.500000 
2.549510 
2.549510 
4.031129 
4.031129 
3.807887 
3.807887 
2.828427 
2.828427 
0.000000 
0.000000 
3.041381 
3.041381 
0.707107 
0.707107 
11.045361 
11.045361 
0.707107 
0.707107 
0.707107 
0.707107 
1.414214 
1.414214 
0.500000 
0.500000 
2.549510 
2.549510 
3.605551 
3.605551 
7.071068 
7.071068 
2.828427 
2.828427 
0.000000 
0.000000 
3.041381 
3.041381 
1.000000 
1.000000 
11.045361 
11.045361 
0.707107 
0.707107 
1.581139 
1.581139 
1.000000 
1.000000 
1.118034 
1.118034 
2.549510 
2.549510 
1.581139 
1.581139 
1.581139 
1.581139 
2.828427 
2.828427 
0.000000 
0.000000 
1.000000 
1.000000 
11.045361 
11.045361 
0.000000 
0.000000 
0.000000 
0.000000 
1.581139 
1.581139 
1.118034 
1.118034 
0.500000 
0.500000 
2.549510 
2.549510 
2.236068 
2.236068 
3.162278 
3.162278 
2.828427 
2.828427 
0.000000 
0.000000 
0.707107 
0.707107 
11.045361 
11.045361 
1.118034 
1.118034 
1.500000 
1.500000 
1.581139 
1.581139 
1.118034 
1.118034 
0.500000 
0.500000 
2.549510 
2.549510 
1.500000 
1.500000 
2.692582 
2.692582 
2.828427 
2.828427 
0.000000 
0.000000 
1.500000 
1.500000 
11.045361 
11.045361 
0.707107 
0.707107 
1.581139 
1.581139 
1.581139 
1.581139 
1.118034 
1.118034 
1.000000 
1.000000 
2.549510 
2.549510 
1.802776 
1.802776 
4.272002 
4.272002 
2.828427 
2.828427 
1.118034 
1.118034 
11.045361 
11.045361 
1.118034 
1.118034 
3.354102 
3.354102 
1.581139 
1.581139 
1.118034 
1.118034 
1.118034 
1.118034 
2.549510 
2.549510 
1.802776 
1.802776 
6.184658 
6.184658 
2.828427 
2.828427 
1.118034 
1.118034 
11.045361 
11.045361 
0.000000 
0.000000 
3.535534 
3.535534 
1.581139 
1.581139 
1.118034 
1.118034 
1.118034 
1.118034 
2.549510 
2.549510 
4.743416 
4.743416 
2.828427 
2.828427 
2.828427 
2.828427 
1.118034 
1.118034 
1.118034 
1.118034 
1.118034 
1.118034 
1.581139 
1.581139 
1.118034 
1.118034 
1.118034 
1.118034 
2.549510 
2.549510 
2.236068 
2.236068 
3.605551 
3.605551 
2.828427 
2.828427 
1.802776 
1.802776 
0.707107 
0.707107 
1.500000 
1.500000 
1.581139 
1.581139 
1.118034 
1.118034 
1.118034 
1.118034 
2.549510 
2.549510 
2.236068 
2.236068 
3.535534 
3.535534 
2.828427 
2.828427 
1.118034 
1.118034 
1.000000 
1.000000 
1.500000 
1.500000 
1.581139 
1.581139 
1.118034 
1.118034 
5.385165 
5.385165 
2.549510 
2.549510 
1.802776 
1.802776 
5.099020 
5.099020 
3.535534 
3.535534 
1.414214 
1.414214 
