0.000000 
0.000000 
0.000000 
0.000000 
0.000000 
0.000000 
0.000000 
0.000000 
0.000000 
0.000000 
0.000000 
0.000000 
0.000000 
0.000000 
3.354102 
3.354102 
2.061553 
2.061553 
2.692582 
2.692582 
0.707107 
0.707107 
0.000000 
0.000000 
0.000000 
0.000000 
4.031129 
4.031129 
1.118034 
1.118034 
2.061553 
2.061553 
11.011358 
11.011358 
0.000000 
0.000000 
0.000000 
0.000000 
0.000000 
0.000000 
7.071068 
7.071068 
1.118034 
1.118034 
6.082763 
6.082763 
1.802776 
1.802776 
0.000000 
0.000000 
0.000000 
0.000000 
0.000000 
0.000000 
0.000000 
0.000000 
0.000000 
0.000000 
5.000000 
5.000000 
1.118034 
1.118034 
2.500000 
2.500000 
1.802776 
1.802776 
1.118034 
1.118034 
3.000000 
3.000000 
0.000000 
0.000000 
0.000000 
0.000000 
0.000000 
0.000000 
3.354102 
3.354102 
1.118034 
1.118034 
3.354102 
3.354102 
1.802776 
1.802776 
1.414214 
1.414214 
3.000000 
3.000000 
0.000000 
0.000000 
0.000000 
0.000000 
0.000000 
0.000000 
8.062258 
8.062258 
1.118034 
1.118034 
2.061553 
2.061553 
1.802776 
1.802776 
1.414214 
1.414214 
3.000000 
3.000000 
0.000000 
0.000000 
0.000000 
0.000000 
0.000000 
0.000000 
8.062258 
8.062258 
1.118034 
1.118034 
2.061553 
2.061553 
1.802776 
1.802776 
1.414214 
1.414214 
3.000000 
3.000000 
0.000000 
0.000000 
0.000000 
0.000000 
0.000000 
0.000000 
8.062258 
8.062258 
1.118034 
1.118034 
2.061553 
2.061553 
1.802776 
1.802776 
0.000000 
0.000000 
0.000000 
0.000000 
4.716991 
4.716991 
3.000000 
3.000000 
0.000000 
0.000000 
0.000000 
0.000000 
0.000000 
0.000000 
8.062258 
8.062258 
1.118034 
1.118034 
2.061553 
2.061553 
1.802776 
1.802776 
0.000000 
0.000000 
1.118034 
1.118034 
4.000000 
4.000000 
1.118034 
1.118034 
3.000000 
3.000000 
0.000000 
0.000000 
0.000000 
0.000000 
0.000000 
0.000000 
8.062258 
8.062258 
1.118034 
1.118034 
2.061553 
2.061553 
1.802776 
1.802776 
0.000000 
0.000000 
0.500000 
0.500000 
4.000000 
4.000000 
8.000000 
8.000000 
3.000000 
3.000000 
0.000000 
0.000000 
0.000000 
0.000000 
0.000000 
0.000000 
8.062258 
8.062258 
1.118034 
1.118034 
2.061553 
2.061553 
1.802776 
1.802776 
0.000000 
0.000000 
0.000000 
0.000000 
0.000000 
0.000000 
1.118034 
1.118034 
4.000000 
4.000000 
1.118034 
1.118034 
3.000000 
3.000000 
0.000000 
0.000000 
0.000000 
0.000000 
0.000000 
0.000000 
8.062258 
8.062258 
1.118034 
1.118034 
2.061553 
2.061553 
1.802776 
1.802776 
0.000000 
0.000000 
0.000000 
0.000000 
0.000000 
0.000000 
1.414214 
1.414214 
0.000000 
0.000000 
1.500000 
1.500000 
4.000000 
4.000000 
1.000000 
1.000000 
3.000000 
3.000000 
0.000000 
0.000000 
0.000000 
0.000000 
0.000000 
0.000000 
8.062258 
8.062258 
1.118034 
1.118034 
2.061553 
2.061553 
1.802776 
1.802776 
0.000000 
0.000000 
0.000000 
0.000000 
0.000000 
0.000000 
4.123106 
4.123106 
1.581139 
1.581139 
0.000000 
0.000000 
1.118034 
1.118034 
0.000000 
0.000000 
1.000000 
1.000000 
4.000000 
4.000000 
1.118034 
1.118034 
3.000000 
3.000000 
0.000000 
0.000000 
0.000000 
0.000000 
0.000000 
0.000000 
8.062258 
8.062258 
1.118034 
1.118034 
2.061553 
2.061553 
1.802776 
1.802776 
0.000000 
0.000000 
1.581139 
1.581139 
1.581139 
1.581139 
0.000000 
0.000000 
9.055385 
9.055385 
1.581139 
1.581139 
0.000000 
0.000000 
1.118034 
1.118034 
0.000000 
0.000000 
1.118034 
1.118034 
4.000000 
4.000000 
1.118034 
1.118034 
3.000000 
3.000000 
0.000000 
0.000000 
0.000000 
0.000000 
8.062258 
8.062258 
1.118034 
1.118034 
2.061553 
2.061553 
1.802776 
1.802776 
1.000000 
1.000000 
4.609772 
4.609772 
1.802776 
1.802776 
0.000000 
0.000000 
3.000000 
3.000000 
1.581139 
1.581139 
0.000000 
0.000000 
1.118034 
1.118034 
0.000000 
0.000000 
5.000000 
5.000000 
4.000000 
4.000000 
1.118034 
1.118034 
3.000000 
3.000000 
0.000000 
0.000000 
8.062258 
8.062258 
1.118034 
1.118034 
2.061553 
2.061553 
1.802776 
1.802776 
0.000000 
0.000000 
0.000000 
0.000000 
0.000000 
0.000000 
0.000000 
0.000000 
0.000000 
0.000000 
0.000000 
0.000000 
1.000000 
1.000000 
1.118034 
1.118034 
1.802776 
1.802776 
0.000000 
0.000000 
12.509996 
12.509996 
4.031129 
4.031129 
0.000000 
0.000000 
1.118034 
1.118034 
0.000000 
0.000000 
5.000000 
5.000000 
4.000000 
4.000000 
1.581139 
1.581139 
3.000000 
3.000000 
0.000000 
0.000000 
8.062258 
8.062258 
2.061553 
2.061553 
1.802776 
1.802776 
0.000000 
0.000000 
0.000000 
0.000000 
0.500000 
0.500000 
1.118034 
1.118034 
0.707107 
0.707107 
0.500000 
0.500000 
1.414214 
1.414214 
1.581139 
1.581139 
1.000000 
1.000000 
3.535534 
3.535534 
1.802776 
1.802776 
0.000000 
0.000000 
5.830952 
5.830952 
1.118034 
1.118034 
0.000000 
0.000000 
1.118034 
1.118034 
0.000000 
0.000000 
5.000000 
5.000000 
4.000000 
4.000000 
1.500000 
1.500000 
3.000000 
3.000000 
8.062258 
8.062258 
2.061553 
2.061553 
0.500000 
0.500000 
9.513149 
9.513149 
0.707107 
0.707107 
1.581139 
1.581139 
0.000000 
0.000000 
1.118034 
1.118034 
3.041381 
3.041381 
3.000000 
3.000000 
1.000000 
1.000000 
1.118034 
1.118034 
1.802776 
1.802776 
0.000000 
0.000000 
6.800735 
6.800735 
1.802776 
1.802776 
0.000000 
0.000000 
1.118034 
1.118034 
0.000000 
0.000000 
5.000000 
5.000000 
4.000000 
4.000000 
1.500000 
1.500000 
3.000000 
3.000000 
8.062258 
8.062258 
2.061553 
2.061553 
0.000000 
0.000000 
0.500000 
0.500000 
2.549510 
2.549510 
1.118034 
1.118034 
1.000000 
1.000000 
1.000000 
1.000000 
1.000000 
1.000000 
1.118034 
1.118034 
1.118034 
1.118034 
1.000000 
1.000000 
1.000000 
1.000000 
1.802776 
1.802776 
0.000000 
0.000000 
2.692582 
2.692582 
1.118034 
1.118034 
0.000000 
0.000000 
1.118034 
1.118034 
0.000000 
0.000000 
5.000000 
5.000000 
4.000000 
4.000000 
4.743416 
4.743416 
8.062258 
8.062258 
2.061553 
2.061553 
1.118034 
1.118034 
0.500000 
0.500000 
3.041381 
3.041381 
1.000000 
1.000000 
1.000000 
1.000000 
0.707107 
0.707107 
1.581139 
1.581139 
0.500000 
0.500000 
2.000000 
2.000000 
1.000000 
1.000000 
0.707107 
0.707107 
1.802776 
1.802776 
0.000000 
0.000000 
2.915476 
2.915476 
0.707107 
0.707107 
0.000000 
0.000000 
1.118034 
1.118034 
0.000000 
0.000000 
5.000000 
5.000000 
4.000000 
4.000000 
2.061553 
2.061553 
0.000000 
0.000000 
0.000000 
0.000000 
0.000000 
0.000000 
0.000000 
0.000000 
0.500000 
0.500000 
3.041381 
3.041381 
1.000000 
1.000000 
1.000000 
1.000000 
0.000000 
0.000000 
1.581139 
1.581139 
1.118034 
1.118034 
6.082763 
6.082763 
1.000000 
1.000000 
1.118034 
1.118034 
1.802776 
1.802776 
0.000000 
0.000000 
3.354102 
3.354102 
2.500000 
2.500000 
0.000000 
0.000000 
1.118034 
1.118034 
0.000000 
0.000000 
5.000000 
5.000000 
4.000000 
4.000000 
2.915476 
2.915476 
0.707107 
0.707107 
2.500000 
2.500000 
1.500000 
1.500000 
1.000000 
1.000000 
0.500000 
0.500000 
3.041381 
3.041381 
1.000000 
1.000000 
1.000000 
1.000000 
0.500000 
0.500000 
1.581139 
1.581139 
2.915476 
2.915476 
2.061553 
2.061553 
1.000000 
1.000000 
4.123106 
4.123106 
1.802776 
1.802776 
0.000000 
0.000000 
2.236068 
2.236068 
1.000000 
1.000000 
0.000000 
0.000000 
1.118034 
1.118034 
0.000000 
0.000000 
5.000000 
5.000000 
4.000000 
4.000000 
2.500000 
2.500000 
0.500000 
0.500000 
4.242641 
4.242641 
1.581139 
1.581139 
0.000000 
0.000000 
0.500000 
0.500000 
3.041381 
3.041381 
0.000000 
0.000000 
1.000000 
1.000000 
0.500000 
0.500000 
1.581139 
1.581139 
0.500000 
0.500000 
1.000000 
1.000000 
1.000000 
1.000000 
0.707107 
0.707107 
1.802776 
1.802776 
0.000000 
0.000000 
2.236068 
2.236068 
1.118034 
1.118034 
0.000000 
0.000000 
1.118034 
1.118034 
0.000000 
0.000000 
5.000000 
5.000000 
4.000000 
4.000000 
1.802776 
1.802776 
1.000000 
1.000000 
7.762087 
7.762087 
3.000000 
3.000000 
1.000000 
1.000000 
0.500000 
0.500000 
3.041381 
3.041381 
0.000000 
0.000000 
1.000000 
1.000000 
0.000000 
0.000000 
1.581139 
1.581139 
1.118034 
1.118034 
1.500000 
1.500000 
1.000000 
1.000000 
0.707107 
0.707107 
1.802776 
1.802776 
0.000000 
0.000000 
2.236068 
2.236068 
0.000000 
0.000000 
0.000000 
0.000000 
1.118034 
1.118034 
5.000000 
5.000000 
0.707107 
0.707107 
0.000000 
0.000000 
0.500000 
0.500000 
4.609772 
4.609772 
1.118034 
1.118034 
0.000000 
0.000000 
0.500000 
0.500000 
3.041381 
3.041381 
0.000000 
0.000000 
1.000000 
1.000000 
1.000000 
1.000000 
1.581139 
1.581139 
1.000000 
1.000000 
1.500000 
1.500000 
1.000000 
1.000000 
0.707107 
0.707107 
1.802776 
1.802776 
0.000000 
0.000000 
2.236068 
2.236068 
0.500000 
0.500000 
0.000000 
0.000000 
1.118034 
1.118034 
5.000000 
5.000000 
0.707107 
0.707107 
0.000000 
0.000000 
2.000000 
2.000000 
0.500000 
0.500000 
2.500000 
2.500000 
1.581139 
1.581139 
0.500000 
0.500000 
0.500000 
0.500000 
3.041381 
3.041381 
1.000000 
1.000000 
1.000000 
1.000000 
0.500000 
0.500000 
1.581139 
1.581139 
1.500000 
1.500000 
3.535534 
3.535534 
1.000000 
1.000000 
3.000000 
3.000000 
1.802776 
1.802776 
0.000000 
0.000000 
2.236068 
2.236068 
0.500000 
0.500000 
1.118034 
1.118034 
5.000000 
5.000000 
0.500000 
0.500000 
3.162278 
3.162278 
2.061553 
2.061553 
0.500000 
0.500000 
4.527693 
4.527693 
1.000000 
1.000000 
1.000000 
1.000000 
0.500000 
0.500000 
3.041381 
3.041381 
0.000000 
0.000000 
1.000000 
1.000000 
0.707107 
0.707107 
1.581139 
1.581139 
1.118034 
1.118034 
1.118034 
1.118034 
1.000000 
1.000000 
0.500000 
0.500000 
1.802776 
1.802776 
0.000000 
0.000000 
2.236068 
2.236068 
0.000000 
0.000000 
1.118034 
1.118034 
5.000000 
5.000000 
3.535534 
3.535534 
1.118034 
1.118034 
4.500000 
4.500000 
0.000000 
0.000000 
9.000000 
9.000000 
0.500000 
0.500000 
1.000000 
1.000000 
0.500000 
0.500000 
3.041381 
3.041381 
0.500000 
0.500000 
1.000000 
1.000000 
0.500000 
0.500000 
1.581139 
1.581139 
1.414214 
1.414214 
1.118034 
1.118034 
1.000000 
1.000000 
0.500000 
0.500000 
1.802776 
1.802776 
2.236068 
2.236068 
0.500000 
0.500000 
5.000000 
5.000000 
1.000000 
1.000000 
2.061553 
2.061553 
2.061553 
2.061553 
0.500000 
0.500000 
3.162278 
3.162278 
1.000000 
1.000000 
1.000000 
1.000000 
0.500000 
0.500000 
3.041381 
3.041381 
1.118034 
1.118034 
1.000000 
1.000000 
1.000000 
1.000000 
1.581139 
1.581139 
1.000000 
1.000000 
1.414214 
1.414214 
1.000000 
1.000000 
0.500000 
0.500000 
1.802776 
1.802776 
2.236068 
2.236068 
0.000000 
0.000000 
5.000000 
5.000000 
1.000000 
1.000000 
4.743416 
4.743416 
3.500000 
3.500000 
0.000000 
0.000000 
3.162278 
3.162278 
0.000000 
0.000000 
1.000000 
1.000000 
0.500000 
0.500000 
3.041381 
3.041381 
1.500000 
1.500000 
1.000000 
1.000000 
1.414214 
1.414214 
1.581139 
1.581139 
1.118034 
1.118034 
1.118034 
1.118034 
1.000000 
1.000000 
2.236068 
2.236068 
1.118034 
1.118034 
0.707107 
0.707107 
0.000000 
0.000000 
2.061553 
2.061553 
2.236068 
2.236068 
0.500000 
0.500000 
3.162278 
3.162278 
1.000000 
1.000000 
1.000000 
1.000000 
0.500000 
0.500000 
3.041381 
3.041381 
1.581139 
1.581139 
1.000000 
1.000000 
1.118034 
1.118034 
1.581139 
1.581139 
4.031129 
4.031129 
1.414214 
1.414214 
1.118034 
1.118034 
2.236068 
2.236068 
0.707107 
0.707107 
0.707107 
0.707107 
2.236068 
2.236068 
4.609772 
4.609772 
2.500000 
2.500000 
1.000000 
1.000000 
3.162278 
3.162278 
2.000000 
2.000000 
1.000000 
1.000000 
0.500000 
0.500000 
3.041381 
3.041381 
1.581139 
1.581139 
1.000000 
1.000000 
0.500000 
0.500000 
1.581139 
1.581139 
1.000000 
1.000000 
2.121320 
2.121320 
2.692582 
2.692582 
2.236068 
2.236068 
3.535534 
3.535534 
1.118034 
1.118034 
0.000000 
0.000000 
4.924429 
4.924429 
1.500000 
1.500000 
3.640055 
3.640055 
0.500000 
0.500000 
3.162278 
3.162278 
0.707107 
0.707107 
1.000000 
1.000000 
3.041381 
3.041381 
1.581139 
1.581139 
1.000000 
1.000000 
4.500000 
4.500000 
1.581139 
1.581139 
1.581139 
1.581139 
1.414214 
1.414214 
1.414214 
1.414214 
2.236068 
2.236068 
0.500000 
0.500000 
1.118034 
1.118034 
1.500000 
1.500000 
7.158911 
7.158911 
1.500000 
1.500000 
5.220153 
5.220153 
0.707107 
0.707107 
3.162278 
3.162278 
0.000000 
0.000000 
1.000000 
1.000000 
3.041381 
3.041381 
1.581139 
1.581139 
1.000000 
1.000000 
0.707107 
0.707107 
1.581139 
1.581139 
1.118034 
1.118034 
2.500000 
2.500000 
1.802776 
1.802776 
2.236068 
2.236068 
1.000000 
1.000000 
3.000000 
3.000000 
1.581139 
1.581139 
2.500000 
2.500000 
1.500000 
1.500000 
1.802776 
1.802776 
0.500000 
0.500000 
3.162278 
3.162278 
0.500000 
0.500000 
1.000000 
1.000000 
1.581139 
1.581139 
0.707107 
0.707107 
0.500000 
0.500000 
1.414214 
1.414214 
1.581139 
1.581139 
2.500000 
2.500000 
2.236068 
2.236068 
2.692582 
2.692582 
0.500000 
0.500000 
0.000000 
0.000000 
1.581139 
1.581139 
2.915476 
2.915476 
6.000000 
6.000000 
1.118034 
1.118034 
0.500000 
0.500000 
3.162278 
3.162278 
2.549510 
2.549510 
1.000000 
1.000000 
1.581139 
1.581139 
0.707107 
0.707107 
0.500000 
0.500000 
1.581139 
1.581139 
1.000000 
1.000000 
1.581139 
1.581139 
2.236068 
2.236068 
1.118034 
1.118034 
0.500000 
0.500000 
1.000000 
1.000000 
1.581139 
1.581139 
3.535534 
3.535534 
1.500000 
1.500000 
2.236068 
2.236068 
0.500000 
0.500000 
3.162278 
3.162278 
0.500000 
0.500000 
1.000000 
1.000000 
1.581139 
1.581139 
0.707107 
0.707107 
1.000000 
1.000000 
2.000000 
2.000000 
5.000000 
5.000000 
3.162278 
3.162278 
1.802776 
1.802776 
0.500000 
0.500000 
