0.000000 
0.000000 
0.000000 
0.000000 
0.000000 
0.000000 
0.000000 
0.000000 
0.000000 
0.000000 
0.000000 
0.000000 
0.000000 
0.000000 
8.077747 
8.077747 
1.000000 
1.000000 
1.000000 
1.000000 
1.000000 
1.000000 
0.707107 
0.707107 
1.802776 
1.802776 
2.500000 
2.500000 
1.414214 
1.414214 
1.000000 
1.000000 
1.500000 
1.500000 
1.500000 
1.500000 
1.500000 
1.500000 
1.500000 
1.500000 
1.500000 
1.500000 
1.500000 
1.500000 
1.500000 
1.500000 
1.500000 
1.500000 
1.500000 
1.500000 
1.500000 
1.500000 
1.500000 
1.500000 
1.500000 
1.500000 
1.500000 
1.500000 
1.500000 
1.500000 
1.500000 
1.500000 
