0.000000 
0.000000 
0.000000 
0.000000 
0.000000 
0.000000 
0.000000 
0.000000 
0.000000 
0.000000 
0.000000 
0.000000 
0.707107 
0.707107 
3.041381 
3.041381 
0.500000 
0.500000 
0.000000 
0.000000 
0.500000 
0.500000 
1.500000 
1.500000 
0.500000 
0.500000 
1.500000 
1.500000 
0.500000 
0.500000 
0.500000 
0.500000 
0.707107 
0.707107 
1.500000 
1.500000 
1.000000 
1.000000 
1.581139 
1.581139 
1.118034 
1.118034 
0.500000 
0.500000 
0.500000 
0.500000 
4.031129 
4.031129 
1.000000 
1.000000 
1.118034 
1.118034 
0.707107 
0.707107 
1.000000 
1.000000 
0.000000 
0.000000 
1.581139 
1.581139 
0.000000 
0.000000 
0.000000 
0.000000 
1.000000 
1.000000 
1.118034 
1.118034 
4.000000 
4.000000 
1.000000 
1.000000 
5.000000 
5.000000 
1.581139 
1.581139 
0.000000 
0.000000 
0.000000 
0.000000 
1.000000 
1.000000 
1.118034 
1.118034 
2.549510 
2.549510 
1.000000 
1.000000 
5.000000 
5.000000 
1.581139 
1.581139 
0.000000 
0.000000 
0.000000 
0.000000 
1.000000 
1.000000 
1.118034 
1.118034 
2.549510 
2.549510 
1.000000 
1.000000 
5.000000 
5.000000 
1.581139 
1.581139 
0.000000 
0.000000 
0.000000 
0.000000 
1.000000 
1.000000 
1.118034 
1.118034 
2.549510 
2.549510 
1.000000 
1.000000 
5.000000 
5.000000 
1.581139 
1.581139 
0.000000 
0.000000 
0.000000 
0.000000 
1.000000 
1.000000 
1.118034 
1.118034 
2.549510 
2.549510 
1.000000 
1.000000 
5.000000 
5.000000 
1.581139 
1.581139 
0.000000 
0.000000 
0.000000 
0.000000 
1.000000 
1.000000 
1.118034 
1.118034 
2.549510 
2.549510 
1.000000 
1.000000 
5.000000 
5.000000 
1.581139 
1.581139 
0.000000 
0.000000 
0.000000 
0.000000 
1.000000 
1.000000 
1.118034 
1.118034 
2.549510 
2.549510 
1.000000 
1.000000 
5.000000 
5.000000 
1.581139 
1.581139 
0.000000 
0.000000 
0.000000 
0.000000 
1.000000 
1.000000 
1.118034 
1.118034 
2.549510 
2.549510 
1.000000 
1.000000 
5.000000 
5.000000 
1.581139 
1.581139 
0.000000 
0.000000 
0.000000 
0.000000 
1.000000 
1.000000 
1.118034 
1.118034 
2.549510 
2.549510 
1.000000 
1.000000 
5.000000 
5.000000 
1.581139 
1.581139 
0.000000 
0.000000 
0.000000 
0.000000 
1.000000 
1.000000 
1.118034 
1.118034 
2.549510 
2.549510 
1.000000 
1.000000 
5.000000 
5.000000 
1.581139 
1.581139 
0.000000 
0.000000 
0.000000 
0.000000 
1.000000 
1.000000 
1.118034 
1.118034 
2.549510 
2.549510 
1.000000 
1.000000 
5.000000 
5.000000 
1.581139 
1.581139 
0.000000 
0.000000 
0.000000 
0.000000 
1.000000 
1.000000 
1.118034 
1.118034 
2.549510 
2.549510 
1.000000 
1.000000 
5.000000 
5.000000 
1.581139 
1.581139 
0.000000 
0.000000 
0.000000 
0.000000 
1.000000 
1.000000 
1.118034 
1.118034 
2.549510 
2.549510 
1.000000 
1.000000 
5.000000 
5.000000 
1.581139 
1.581139 
0.000000 
0.000000 
0.000000 
0.000000 
1.118034 
1.118034 
2.549510 
2.549510 
1.000000 
1.000000 
5.000000 
5.000000 
1.581139 
1.581139 
0.000000 
0.000000 
0.000000 
0.000000 
2.549510 
2.549510 
1.000000 
1.000000 
5.000000 
5.000000 
2.549510 
2.549510 
0.000000 
0.000000 
0.000000 
0.000000 
0.000000 
0.000000 
2.500000 
2.500000 
0.000000 
0.000000 
3.041381 
3.041381 
3.041381 
3.041381 
0.000000 
0.000000 
0.000000 
0.000000 
0.000000 
0.000000 
3.041381 
3.041381 
3.041381 
3.041381 
0.000000 
0.000000 
0.000000 
0.000000 
0.000000 
0.000000 
1.414214 
1.414214 
1.802776 
1.802776 
3.041381 
3.041381 
3.041381 
3.041381 
0.000000 
0.000000 
0.000000 
0.000000 
1.581139 
1.581139 
1.581139 
1.581139 
1.581139 
1.581139 
3.041381 
3.041381 
3.041381 
3.041381 
3.041381 
3.041381 
0.000000 
0.000000 
0.000000 
0.000000 
0.000000 
0.000000 
1.802776 
1.802776 
1.500000 
1.500000 
1.118034 
1.118034 
1.581139 
1.581139 
1.000000 
1.000000 
3.041381 
3.041381 
3.041381 
3.041381 
0.000000 
0.000000 
1.500000 
1.500000 
1.118034 
1.118034 
5.099020 
5.099020 
3.000000 
3.000000 
1.118034 
1.118034 
1.581139 
1.581139 
1.581139 
1.581139 
3.041381 
3.041381 
3.041381 
3.041381 
0.000000 
0.000000 
1.581139 
1.581139 
1.000000 
1.000000 
1.118034 
1.118034 
0.500000 
0.500000 
1.500000 
1.500000 
1.581139 
1.581139 
1.118034 
1.118034 
3.041381 
3.041381 
3.041381 
3.041381 
0.000000 
0.000000 
4.301163 
4.301163 
0.500000 
0.500000 
1.118034 
1.118034 
0.500000 
0.500000 
1.581139 
1.581139 
1.581139 
1.581139 
1.118034 
1.118034 
3.041381 
3.041381 
3.041381 
3.041381 
0.000000 
0.000000 
0.000000 
0.000000 
0.000000 
0.000000 
0.500000 
0.500000 
0.000000 
0.000000 
0.500000 
0.500000 
1.581139 
1.581139 
1.581139 
1.581139 
0.707107 
0.707107 
3.041381 
3.041381 
3.041381 
3.041381 
0.000000 
0.000000 
0.000000 
0.000000 
0.000000 
0.000000 
2.061553 
2.061553 
0.500000 
0.500000 
0.500000 
0.500000 
3.041381 
3.041381 
1.581139 
1.581139 
1.581139 
1.581139 
1.500000 
1.500000 
3.041381 
3.041381 
3.041381 
3.041381 
0.000000 
0.000000 
0.000000 
0.000000 
1.500000 
1.500000 
0.000000 
0.000000 
1.118034 
1.118034 
1.802776 
1.802776 
0.500000 
0.500000 
0.707107 
0.707107 
1.581139 
1.581139 
1.581139 
1.581139 
1.500000 
1.500000 
3.041381 
3.041381 
3.041381 
3.041381 
0.000000 
0.000000 
1.581139 
1.581139 
1.500000 
1.500000 
0.000000 
0.000000 
0.500000 
0.500000 
2.000000 
2.000000 
0.500000 
0.500000 
0.707107 
0.707107 
1.581139 
1.581139 
1.581139 
1.581139 
1.581139 
1.581139 
3.041381 
3.041381 
3.041381 
3.041381 
0.000000 
0.000000 
0.000000 
0.000000 
1.118034 
1.118034 
1.500000 
1.500000 
0.000000 
0.000000 
0.000000 
0.000000 
2.500000 
2.500000 
1.581139 
1.581139 
0.707107 
0.707107 
1.581139 
1.581139 
1.581139 
1.581139 
1.581139 
1.581139 
3.041381 
3.041381 
3.041381 
3.041381 
0.000000 
0.000000 
