0.000000 
0.000000 
0.000000 
0.000000 
0.000000 
0.000000 
2.915476 
2.915476 
0.000000 
0.000000 
1.118034 
1.118034 
0.000000 
0.000000 
2.915476 
2.915476 
2.692582 
2.692582 
1.581139 
1.581139 
1.500000 
1.500000 
2.915476 
2.915476 
0.000000 
0.000000 
1.118034 
1.118034 
0.000000 
0.000000 
1.000000 
1.000000 
2.915476 
2.915476 
0.000000 
0.000000 
1.414214 
1.414214 
0.000000 
0.000000 
1.000000 
1.000000 
2.915476 
2.915476 
0.000000 
0.000000 
3.354102 
3.354102 
0.000000 
0.000000 
1.000000 
1.000000 
2.915476 
2.915476 
0.000000 
0.000000 
1.118034 
1.118034 
0.000000 
0.000000 
1.000000 
1.000000 
2.915476 
2.915476 
0.000000 
0.000000 
2.061553 
2.061553 
0.000000 
0.000000 
1.000000 
1.000000 
2.915476 
2.915476 
0.000000 
0.000000 
2.000000 
2.000000 
0.000000 
0.000000 
1.000000 
1.000000 
2.915476 
2.915476 
0.000000 
0.000000 
3.000000 
3.000000 
0.000000 
0.000000 
0.000000 
0.000000 
1.000000 
1.000000 
2.915476 
2.915476 
0.000000 
0.000000 
3.000000 
3.000000 
3.500000 
3.500000 
0.000000 
0.000000 
1.000000 
1.000000 
2.915476 
2.915476 
0.000000 
0.000000 
3.000000 
3.000000 
3.162278 
3.162278 
0.000000 
0.000000 
1.000000 
1.000000 
2.915476 
2.915476 
0.000000 
0.000000 
3.000000 
3.000000 
0.000000 
0.000000 
3.162278 
3.162278 
0.000000 
0.000000 
1.000000 
1.000000 
2.915476 
2.915476 
0.000000 
0.000000 
3.000000 
3.000000 
3.640055 
3.640055 
3.162278 
3.162278 
0.000000 
0.000000 
1.000000 
1.000000 
2.915476 
2.915476 
0.000000 
0.000000 
3.000000 
3.000000 
0.000000 
0.000000 
3.640055 
3.640055 
3.162278 
3.162278 
0.000000 
0.000000 
1.000000 
1.000000 
2.915476 
2.915476 
0.000000 
0.000000 
3.000000 
3.000000 
0.000000 
0.000000 
3.640055 
3.640055 
3.162278 
3.162278 
0.000000 
0.000000 
1.000000 
1.000000 
0.000000 
0.000000 
3.000000 
3.000000 
0.000000 
0.000000 
3.640055 
3.640055 
3.162278 
3.162278 
0.000000 
0.000000 
1.000000 
1.000000 
0.000000 
0.000000 
3.000000 
3.000000 
0.000000 
0.000000 
0.000000 
0.000000 
3.640055 
3.640055 
3.162278 
3.162278 
0.000000 
0.000000 
1.000000 
1.000000 
0.000000 
0.000000 
3.000000 
3.000000 
2.549510 
2.549510 
0.000000 
0.000000 
3.640055 
3.640055 
3.162278 
3.162278 
3.000000 
3.000000 
2.549510 
2.549510 
0.000000 
0.000000 
3.640055 
3.640055 
3.162278 
3.162278 
3.000000 
3.000000 
2.061553 
2.061553 
0.000000 
0.000000 
3.640055 
3.640055 
3.162278 
3.162278 
3.000000 
3.000000 
0.000000 
0.000000 
1.500000 
1.500000 
0.000000 
0.000000 
3.640055 
3.640055 
3.162278 
3.162278 
3.000000 
3.000000 
1.118034 
1.118034 
4.527693 
4.527693 
0.000000 
0.000000 
3.640055 
3.640055 
3.162278 
3.162278 
3.000000 
3.000000 
6.020797 
6.020797 
2.549510 
2.549510 
0.000000 
0.000000 
3.640055 
3.640055 
3.162278 
3.162278 
6.500000 
6.500000 
3.041381 
3.041381 
0.000000 
0.000000 
3.640055 
3.640055 
3.162278 
3.162278 
6.500000 
6.500000 
2.000000 
2.000000 
0.000000 
0.000000 
3.640055 
3.640055 
3.162278 
3.162278 
6.500000 
6.500000 
6.020797 
6.020797 
0.000000 
0.000000 
3.640055 
3.640055 
0.000000 
0.000000 
6.500000 
6.500000 
3.000000 
3.000000 
0.000000 
0.000000 
3.640055 
3.640055 
0.000000 
0.000000 
0.000000 
0.000000 
6.500000 
6.500000 
3.041381 
3.041381 
0.000000 
0.000000 
1.581139 
1.581139 
0.000000 
0.000000 
6.500000 
6.500000 
1.581139 
1.581139 
0.000000 
0.000000 
1.581139 
1.581139 
0.000000 
0.000000 
6.500000 
6.500000 
1.802776 
1.802776 
0.000000 
0.000000 
0.000000 
0.000000 
1.581139 
1.581139 
0.000000 
0.000000 
6.500000 
6.500000 
0.500000 
0.500000 
1.581139 
1.581139 
0.000000 
0.000000 
1.581139 
1.581139 
0.000000 
0.000000 
6.500000 
6.500000 
3.041381 
3.041381 
0.000000 
0.000000 
1.581139 
1.581139 
0.000000 
0.000000 
1.581139 
1.581139 
0.000000 
0.000000 
6.500000 
6.500000 
1.118034 
1.118034 
0.000000 
0.000000 
2.500000 
2.500000 
1.581139 
1.581139 
0.000000 
0.000000 
1.581139 
1.581139 
0.000000 
0.000000 
6.500000 
6.500000 
1.000000 
1.000000 
0.000000 
0.000000 
2.000000 
2.000000 
2.500000 
2.500000 
1.581139 
1.581139 
0.000000 
0.000000 
1.581139 
1.581139 
0.000000 
0.000000 
6.500000 
6.500000 
1.118034 
1.118034 
0.000000 
0.000000 
1.000000 
1.000000 
1.581139 
1.581139 
2.500000 
2.500000 
1.581139 
1.581139 
0.000000 
0.000000 
1.581139 
1.581139 
0.000000 
0.000000 
6.500000 
6.500000 
1.118034 
1.118034 
4.031129 
4.031129 
1.000000 
1.000000 
1.581139 
1.581139 
2.500000 
2.500000 
1.581139 
1.581139 
0.000000 
0.000000 
1.581139 
1.581139 
0.000000 
0.000000 
6.500000 
6.500000 
0.707107 
0.707107 
