0.000000 
0.000000 
0.500000 
0.500000 
7.017834 
7.017834 
1.118034 
1.118034 
8.558621 
8.558621 
3.535534 
3.535534 
4.716991 
4.716991 
5.385165 
5.385165 
2.692582 
2.692582 
2.692582 
2.692582 
2.692582 
2.692582 
2.692582 
2.692582 
2.692582 
2.692582 
5.700877 
5.700877 
1.000000 
1.000000 
13.509256 
13.509256 
3.041381 
3.041381 
6.000000 
6.000000 
0.000000 
0.000000 
3.354102 
3.354102 
3.807887 
3.807887 
0.500000 
0.500000 
2.236068 
2.236068 
5.000000 
5.000000 
1.414214 
1.414214 
12.041595 
12.041595 
1.414214 
1.414214 
2.915476 
2.915476 
1.414214 
1.414214 
3.640055 
3.640055 
1.414214 
1.414214 
3.640055 
3.640055 
1.414214 
1.414214 
3.640055 
3.640055 
1.414214 
1.414214 
3.640055 
3.640055 
1.414214 
1.414214 
3.640055 
3.640055 
1.414214 
1.414214 
3.640055 
3.640055 
1.414214 
1.414214 
3.640055 
3.640055 
1.414214 
1.414214 
3.640055 
3.640055 
1.414214 
1.414214 
3.640055 
3.640055 
1.414214 
1.414214 
3.640055 
3.640055 
1.414214 
1.414214 
3.640055 
3.640055 
1.414214 
1.414214 
3.640055 
3.640055 
0.000000 
0.000000 
1.414214 
1.414214 
3.640055 
3.640055 
4.609772 
4.609772 
3.640055 
3.640055 
10.793517 
10.793517 
3.640055 
3.640055 
5.024938 
5.024938 
