0.000000 
0.000000 
0.000000 
0.000000 
0.000000 
0.000000 
0.000000 
0.000000 
0.000000 
0.000000 
0.000000 
0.000000 
0.000000 
0.000000 
0.000000 
0.000000 
1.581139 
1.581139 
0.000000 
0.000000 
1.581139 
1.581139 
0.500000 
0.500000 
1.500000 
1.500000 
0.000000 
0.000000 
1.118034 
1.118034 
1.000000 
1.000000 
1.118034 
1.118034 
0.000000 
0.000000 
0.500000 
0.500000 
1.500000 
1.500000 
2.000000 
2.000000 
0.500000 
0.500000 
0.500000 
0.500000 
1.000000 
1.000000 
1.118034 
1.118034 
0.000000 
0.000000 
1.581139 
1.581139 
1.802776 
1.802776 
2.828427 
2.828427 
1.118034 
1.118034 
1.118034 
1.118034 
2.061553 
2.061553 
2.549510 
2.549510 
0.000000 
0.000000 
1.118034 
1.118034 
1.000000 
1.000000 
1.000000 
1.000000 
0.500000 
0.500000 
3.500000 
3.500000 
1.500000 
1.500000 
5.700877 
5.700877 
0.000000 
0.000000 
4.527693 
4.527693 
2.500000 
2.500000 
3.535534 
3.535534 
0.707107 
0.707107 
1.118034 
1.118034 
1.802776 
1.802776 
1.500000 
1.500000 
0.000000 
0.000000 
1.802776 
1.802776 
1.118034 
1.118034 
1.118034 
1.118034 
0.500000 
0.500000 
1.581139 
1.581139 
2.061553 
2.061553 
1.000000 
1.000000 
0.000000 
0.000000 
0.707107 
0.707107 
1.118034 
1.118034 
1.581139 
1.581139 
0.000000 
0.000000 
1.000000 
1.000000 
4.743416 
4.743416 
3.041381 
3.041381 
0.000000 
0.000000 
0.707107 
0.707107 
1.118034 
1.118034 
1.500000 
1.500000 
0.500000 
0.500000 
2.061553 
2.061553 
2.061553 
2.061553 
1.414214 
1.414214 
0.000000 
0.000000 
0.500000 
0.500000 
1.118034 
1.118034 
2.061553 
2.061553 
0.000000 
0.000000 
1.500000 
1.500000 
0.000000 
0.000000 
3.535534 
3.535534 
1.118034 
1.118034 
0.000000 
0.000000 
1.000000 
1.000000 
1.118034 
1.118034 
1.000000 
1.000000 
0.500000 
0.500000 
1.581139 
1.581139 
0.000000 
0.000000 
1.802776 
1.802776 
2.549510 
2.549510 
1.118034 
1.118034 
0.000000 
0.000000 
2.500000 
2.500000 
1.118034 
1.118034 
1.118034 
1.118034 
0.500000 
0.500000 
0.707107 
0.707107 
0.000000 
0.000000 
0.500000 
0.500000 
5.220153 
5.220153 
0.707107 
0.707107 
0.000000 
0.000000 
0.500000 
0.500000 
1.118034 
1.118034 
1.000000 
1.000000 
0.000000 
0.000000 
1.500000 
1.500000 
0.000000 
0.000000 
0.000000 
0.000000 
1.581139 
1.581139 
0.707107 
0.707107 
0.000000 
0.000000 
0.500000 
0.500000 
1.118034 
1.118034 
0.000000 
0.000000 
0.500000 
0.500000 
2.549510 
2.549510 
0.000000 
0.000000 
0.500000 
0.500000 
1.118034 
1.118034 
3.535534 
3.535534 
0.000000 
0.000000 
0.707107 
0.707107 
1.118034 
1.118034 
0.707107 
0.707107 
0.000000 
0.000000 
0.500000 
0.500000 
0.000000 
0.000000 
1.000000 
1.000000 
2.549510 
2.549510 
0.707107 
0.707107 
1.000000 
1.000000 
1.118034 
1.118034 
0.000000 
0.000000 
0.500000 
0.500000 
1.000000 
1.000000 
0.000000 
0.000000 
1.000000 
1.000000 
1.581139 
1.581139 
0.500000 
0.500000 
1.000000 
1.000000 
1.118034 
1.118034 
0.500000 
0.500000 
0.500000 
0.500000 
1.118034 
1.118034 
0.000000 
0.000000 
1.581139 
1.581139 
2.061553 
2.061553 
1.118034 
1.118034 
1.000000 
1.000000 
1.118034 
1.118034 
0.500000 
0.500000 
0.500000 
0.500000 
1.118034 
1.118034 
0.000000 
0.000000 
0.000000 
0.000000 
0.500000 
0.500000 
1.802776 
1.802776 
4.272002 
4.272002 
1.000000 
1.000000 
1.118034 
1.118034 
0.000000 
0.000000 
0.500000 
0.500000 
1.118034 
1.118034 
0.707107 
0.707107 
0.000000 
0.000000 
0.500000 
0.500000 
6.500000 
6.500000 
0.707107 
0.707107 
1.000000 
1.000000 
1.118034 
1.118034 
0.500000 
0.500000 
0.500000 
0.500000 
1.500000 
1.500000 
2.692582 
2.692582 
4.000000 
4.000000 
4.031129 
4.031129 
1.581139 
1.581139 
1.000000 
1.000000 
1.000000 
1.000000 
1.118034 
1.118034 
0.500000 
0.500000 
1.000000 
1.000000 
1.118034 
1.118034 
2.061553 
2.061553 
4.000000 
4.000000 
0.000000 
0.000000 
6.500000 
6.500000 
0.500000 
0.500000 
1.000000 
1.000000 
0.500000 
0.500000 
0.500000 
0.500000 
1.118034 
1.118034 
1.581139 
1.581139 
4.000000 
4.000000 
0.500000 
0.500000 
6.500000 
6.500000 
0.500000 
0.500000 
1.000000 
1.000000 
1.414214 
1.414214 
0.500000 
0.500000 
1.500000 
1.500000 
0.000000 
0.000000 
1.581139 
1.581139 
4.000000 
4.000000 
0.000000 
0.000000 
6.500000 
6.500000 
1.118034 
1.118034 
1.000000 
1.000000 
0.500000 
0.500000 
0.500000 
0.500000 
0.707107 
0.707107 
0.000000 
0.000000 
1.581139 
1.581139 
1.581139 
1.581139 
4.000000 
4.000000 
0.500000 
0.500000 
6.500000 
6.500000 
1.500000 
1.500000 
1.000000 
1.000000 
0.707107 
0.707107 
0.000000 
0.000000 
1.000000 
1.000000 
0.000000 
0.000000 
0.000000 
0.000000 
2.000000 
2.000000 
3.041381 
3.041381 
4.000000 
4.000000 
0.000000 
0.000000 
6.500000 
6.500000 
0.500000 
0.500000 
1.000000 
1.000000 
0.000000 
0.000000 
0.500000 
0.500000 
0.707107 
0.707107 
0.000000 
0.000000 
0.000000 
0.000000 
0.000000 
0.000000 
2.000000 
2.000000 
0.500000 
0.500000 
4.000000 
4.000000 
0.500000 
0.500000 
6.500000 
6.500000 
3.041381 
3.041381 
1.000000 
1.000000 
0.500000 
0.500000 
0.500000 
0.500000 
3.535534 
3.535534 
1.118034 
1.118034 
0.707107 
0.707107 
0.000000 
0.000000 
2.000000 
2.000000 
2.000000 
2.000000 
4.000000 
4.000000 
1.000000 
1.000000 
6.500000 
6.500000 
3.354102 
3.354102 
1.000000 
1.000000 
0.500000 
0.500000 
0.707107 
0.707107 
0.707107 
0.707107 
0.000000 
0.000000 
1.118034 
1.118034 
2.121320 
2.121320 
0.000000 
0.000000 
2.000000 
2.000000 
1.000000 
1.000000 
4.000000 
4.000000 
0.500000 
0.500000 
6.500000 
6.500000 
1.581139 
1.581139 
1.000000 
1.000000 
0.500000 
0.500000 
0.707107 
0.707107 
2.061553 
2.061553 
4.609772 
4.609772 
1.118034 
1.118034 
0.707107 
0.707107 
0.000000 
0.000000 
2.000000 
2.000000 
0.707107 
0.707107 
4.000000 
4.000000 
2.061553 
2.061553 
6.500000 
6.500000 
0.707107 
0.707107 
1.000000 
1.000000 
0.000000 
0.000000 
1.000000 
1.000000 
1.581139 
1.581139 
2.061553 
2.061553 
1.118034 
1.118034 
0.500000 
0.500000 
0.000000 
0.000000 
2.000000 
2.000000 
1.000000 
1.000000 
4.000000 
4.000000 
0.500000 
0.500000 
6.500000 
6.500000 
2.000000 
2.000000 
1.118034 
1.118034 
0.707107 
0.707107 
1.581139 
1.581139 
2.236068 
2.236068 
1.118034 
1.118034 
0.500000 
0.500000 
0.000000 
0.000000 
2.000000 
2.000000 
1.118034 
1.118034 
4.000000 
4.000000 
1.118034 
1.118034 
6.500000 
6.500000 
0.500000 
0.500000 
1.000000 
1.000000 
0.000000 
0.000000 
1.500000 
1.500000 
2.692582 
2.692582 
1.118034 
1.118034 
3.535534 
3.535534 
0.000000 
0.000000 
2.000000 
2.000000 
1.118034 
1.118034 
4.000000 
4.000000 
0.500000 
0.500000 
6.500000 
6.500000 
0.707107 
0.707107 
1.118034 
1.118034 
0.000000 
0.000000 
1.000000 
1.000000 
1.500000 
1.500000 
1.118034 
1.118034 
0.707107 
0.707107 
0.000000 
0.000000 
2.000000 
2.000000 
2.061553 
2.061553 
4.000000 
4.000000 
0.500000 
0.500000 
6.500000 
6.500000 
1.000000 
1.000000 
1.000000 
1.000000 
0.707107 
0.707107 
1.000000 
1.000000 
0.000000 
0.000000 
1.500000 
1.500000 
1.118034 
1.118034 
1.000000 
1.000000 
0.000000 
0.000000 
2.000000 
2.000000 
2.236068 
2.236068 
4.000000 
4.000000 
0.707107 
0.707107 
6.500000 
6.500000 
0.000000 
0.000000 
1.118034 
1.118034 
0.500000 
0.500000 
0.707107 
0.707107 
0.000000 
0.000000 
0.000000 
0.000000 
1.500000 
1.500000 
1.118034 
1.118034 
0.707107 
0.707107 
0.000000 
0.000000 
2.000000 
2.000000 
2.236068 
2.236068 
0.500000 
0.500000 
6.500000 
6.500000 
0.707107 
0.707107 
1.000000 
1.000000 
0.500000 
0.500000 
0.707107 
0.707107 
0.000000 
0.000000 
0.000000 
0.000000 
1.500000 
1.500000 
1.118034 
1.118034 
2.061553 
2.061553 
0.000000 
0.000000 
2.000000 
2.000000 
3.535534 
3.535534 
0.000000 
0.000000 
1.581139 
1.581139 
0.707107 
0.707107 
2.915476 
2.915476 
0.500000 
0.500000 
0.000000 
0.000000 
0.000000 
0.000000 
1.500000 
1.500000 
1.118034 
1.118034 
0.500000 
0.500000 
0.000000 
0.000000 
2.000000 
2.000000 
2.549510 
2.549510 
1.118034 
1.118034 
0.500000 
0.500000 
3.640055 
3.640055 
0.000000 
0.000000 
0.000000 
0.000000 
0.000000 
0.000000 
0.000000 
0.000000 
1.500000 
1.500000 
1.118034 
1.118034 
0.000000 
0.000000 
0.000000 
0.000000 
2.000000 
2.000000 
2.061553 
2.061553 
2.061553 
2.061553 
0.707107 
0.707107 
1.581139 
1.581139 
0.500000 
0.500000 
0.500000 
0.500000 
