0.000000 
0.000000 
0.000000 
0.000000 
0.000000 
0.000000 
0.000000 
0.000000 
0.000000 
0.000000 
0.500000 
0.500000 
2.500000 
2.500000 
3.000000 
3.000000 
0.500000 
0.500000 
0.707107 
0.707107 
0.500000 
0.500000 
2.500000 
2.500000 
1.500000 
1.500000 
0.707107 
0.707107 
1.414214 
1.414214 
0.000000 
0.000000 
0.500000 
0.500000 
2.500000 
2.500000 
0.707107 
0.707107 
2.692582 
2.692582 
1.118034 
1.118034 
1.581139 
1.581139 
0.500000 
0.500000 
2.500000 
2.500000 
1.581139 
1.581139 
1.118034 
1.118034 
1.000000 
1.000000 
1.581139 
1.581139 
0.500000 
0.500000 
2.500000 
2.500000 
1.118034 
1.118034 
0.707107 
0.707107 
1.118034 
1.118034 
0.000000 
0.000000 
1.581139 
1.581139 
0.500000 
0.500000 
2.500000 
2.500000 
1.118034 
1.118034 
1.118034 
1.118034 
1.118034 
1.118034 
0.000000 
0.000000 
0.000000 
0.000000 
1.581139 
1.581139 
1.581139 
1.581139 
0.500000 
0.500000 
2.500000 
2.500000 
0.500000 
0.500000 
2.061553 
2.061553 
1.118034 
1.118034 
1.000000 
1.000000 
2.000000 
2.000000 
1.581139 
1.581139 
1.581139 
1.581139 
0.500000 
0.500000 
2.500000 
2.500000 
1.000000 
1.000000 
2.692582 
2.692582 
1.118034 
1.118034 
0.707107 
0.707107 
2.236068 
2.236068 
2.915476 
2.915476 
1.581139 
1.581139 
0.500000 
0.500000 
2.500000 
2.500000 
0.500000 
0.500000 
1.802776 
1.802776 
1.118034 
1.118034 
2.061553 
2.061553 
2.236068 
2.236068 
2.061553 
2.061553 
1.581139 
1.581139 
0.500000 
0.500000 
2.500000 
2.500000 
0.000000 
0.000000 
4.123106 
4.123106 
1.118034 
1.118034 
1.802776 
1.802776 
2.236068 
2.236068 
1.581139 
1.581139 
1.581139 
1.581139 
0.500000 
0.500000 
2.500000 
2.500000 
1.118034 
1.118034 
1.500000 
1.500000 
1.118034 
1.118034 
0.000000 
0.000000 
1.802776 
1.802776 
2.236068 
2.236068 
6.020797 
6.020797 
1.581139 
1.581139 
0.500000 
0.500000 
2.500000 
2.500000 
0.707107 
0.707107 
1.500000 
1.500000 
1.118034 
1.118034 
2.000000 
2.000000 
1.802776 
1.802776 
2.236068 
2.236068 
1.581139 
1.581139 
1.581139 
1.581139 
0.500000 
0.500000 
2.500000 
2.500000 
0.000000 
0.000000 
1.500000 
1.500000 
1.118034 
1.118034 
0.000000 
0.000000 
4.031129 
4.031129 
1.802776 
1.802776 
2.236068 
2.236068 
2.500000 
2.500000 
1.581139 
1.581139 
0.500000 
0.500000 
2.500000 
2.500000 
0.500000 
0.500000 
1.500000 
1.500000 
1.118034 
1.118034 
2.061553 
2.061553 
2.236068 
2.236068 
1.802776 
1.802776 
2.236068 
2.236068 
2.692582 
2.692582 
1.581139 
1.581139 
0.500000 
0.500000 
2.500000 
2.500000 
1.118034 
1.118034 
1.500000 
1.500000 
1.118034 
1.118034 
1.414214 
1.414214 
2.000000 
2.000000 
1.802776 
1.802776 
2.236068 
2.236068 
7.566373 
7.566373 
1.581139 
1.581139 
0.500000 
0.500000 
2.000000 
2.000000 
1.500000 
1.500000 
1.118034 
1.118034 
0.000000 
0.000000 
0.000000 
0.000000 
0.000000 
0.000000 
0.000000 
0.000000 
0.000000 
0.000000 
1.414214 
1.414214 
2.000000 
2.000000 
1.802776 
1.802776 
2.236068 
2.236068 
7.566373 
7.566373 
1.581139 
1.581139 
2.000000 
2.000000 
1.500000 
1.500000 
1.118034 
1.118034 
0.500000 
0.500000 
2.500000 
2.500000 
0.000000 
0.000000 
1.581139 
1.581139 
4.242641 
4.242641 
1.414214 
1.414214 
2.000000 
2.000000 
1.802776 
1.802776 
2.236068 
2.236068 
7.566373 
7.566373 
1.581139 
1.581139 
2.000000 
2.000000 
1.500000 
1.500000 
1.118034 
1.118034 
0.000000 
0.000000 
0.500000 
0.500000 
1.118034 
1.118034 
0.000000 
0.000000 
1.118034 
1.118034 
3.000000 
3.000000 
1.414214 
1.414214 
2.000000 
2.000000 
1.802776 
1.802776 
2.236068 
2.236068 
7.566373 
7.566373 
1.581139 
1.581139 
2.000000 
2.000000 
1.500000 
1.500000 
1.118034 
1.118034 
1.581139 
1.581139 
0.500000 
0.500000 
1.118034 
1.118034 
0.000000 
0.000000 
2.549510 
2.549510 
3.605551 
3.605551 
1.414214 
1.414214 
2.000000 
2.000000 
1.802776 
1.802776 
2.236068 
2.236068 
7.566373 
7.566373 
2.000000 
2.000000 
1.500000 
1.500000 
0.000000 
0.000000 
0.000000 
0.000000 
0.707107 
0.707107 
0.500000 
0.500000 
1.581139 
1.581139 
0.000000 
0.000000 
1.118034 
1.118034 
3.605551 
3.605551 
1.414214 
1.414214 
2.000000 
2.000000 
1.802776 
1.802776 
2.236068 
2.236068 
7.566373 
7.566373 
2.000000 
2.000000 
1.500000 
1.500000 
0.000000 
0.000000 
3.500000 
3.500000 
0.707107 
0.707107 
5.385165 
5.385165 
0.500000 
0.500000 
1.581139 
1.581139 
0.000000 
0.000000 
1.118034 
1.118034 
3.605551 
3.605551 
1.414214 
1.414214 
2.000000 
2.000000 
1.802776 
1.802776 
2.236068 
2.236068 
7.566373 
7.566373 
2.000000 
2.000000 
1.500000 
1.500000 
3.000000 
3.000000 
3.500000 
3.500000 
0.707107 
0.707107 
1.118034 
1.118034 
6.184658 
6.184658 
2.121320 
2.121320 
0.000000 
0.000000 
1.118034 
1.118034 
3.605551 
3.605551 
1.414214 
1.414214 
2.000000 
2.000000 
1.802776 
1.802776 
2.236068 
2.236068 
7.566373 
7.566373 
2.000000 
2.000000 
1.500000 
1.500000 
0.000000 
0.000000 
0.000000 
0.000000 
2.549510 
2.549510 
3.500000 
3.500000 
4.031129 
4.031129 
0.500000 
0.500000 
6.964194 
6.964194 
2.121320 
2.121320 
0.000000 
0.000000 
1.118034 
1.118034 
3.605551 
3.605551 
1.414214 
1.414214 
2.000000 
2.000000 
1.802776 
1.802776 
7.566373 
7.566373 
2.000000 
2.000000 
1.500000 
1.500000 
0.000000 
0.000000 
0.500000 
0.500000 
0.000000 
0.000000 
2.549510 
2.549510 
3.500000 
3.500000 
0.500000 
0.500000 
2.236068 
2.236068 
6.964194 
6.964194 
0.707107 
0.707107 
6.500000 
6.500000 
1.118034 
1.118034 
3.605551 
3.605551 
1.414214 
1.414214 
2.000000 
2.000000 
1.802776 
1.802776 
7.566373 
7.566373 
2.000000 
2.000000 
1.500000 
1.500000 
0.000000 
0.000000 
1.000000 
1.000000 
0.000000 
0.000000 
2.549510 
2.549510 
3.500000 
3.500000 
0.707107 
0.707107 
1.581139 
1.581139 
6.964194 
6.964194 
1.118034 
1.118034 
6.500000 
6.500000 
1.118034 
1.118034 
3.605551 
3.605551 
1.414214 
1.414214 
2.000000 
2.000000 
7.566373 
7.566373 
2.000000 
2.000000 
0.000000 
0.000000 
0.000000 
0.000000 
0.500000 
0.500000 
0.000000 
0.000000 
2.549510 
2.549510 
3.500000 
3.500000 
0.707107 
0.707107 
1.118034 
1.118034 
6.964194 
6.964194 
1.118034 
1.118034 
6.500000 
6.500000 
1.118034 
1.118034 
3.605551 
3.605551 
1.414214 
1.414214 
2.000000 
2.000000 
7.566373 
7.566373 
2.000000 
2.000000 
0.000000 
0.000000 
1.118034 
1.118034 
0.000000 
0.000000 
1.000000 
1.000000 
0.000000 
0.000000 
2.549510 
2.549510 
3.500000 
3.500000 
3.640055 
3.640055 
1.000000 
1.000000 
6.964194 
6.964194 
0.500000 
0.500000 
6.500000 
6.500000 
1.118034 
1.118034 
3.605551 
3.605551 
1.414214 
1.414214 
2.000000 
2.000000 
7.566373 
7.566373 
2.000000 
2.000000 
0.000000 
0.000000 
8.015610 
8.015610 
0.000000 
0.000000 
0.500000 
0.500000 
0.000000 
0.000000 
2.549510 
2.549510 
3.500000 
3.500000 
3.041381 
3.041381 
0.707107 
0.707107 
6.964194 
6.964194 
6.020797 
6.020797 
6.500000 
6.500000 
1.118034 
1.118034 
3.605551 
3.605551 
1.414214 
1.414214 
2.000000 
2.000000 
7.566373 
7.566373 
2.000000 
2.000000 
0.000000 
0.000000 
2.000000 
2.000000 
0.000000 
0.000000 
0.500000 
0.500000 
0.000000 
0.000000 
2.549510 
2.549510 
3.500000 
3.500000 
0.500000 
0.500000 
1.000000 
1.000000 
6.964194 
6.964194 
1.802776 
1.802776 
6.500000 
6.500000 
1.118034 
1.118034 
3.605551 
3.605551 
1.414214 
1.414214 
2.000000 
2.000000 
7.566373 
7.566373 
2.000000 
2.000000 
0.000000 
0.000000 
2.000000 
2.000000 
0.000000 
0.000000 
2.549510 
2.549510 
0.000000 
0.000000 
2.549510 
2.549510 
3.500000 
3.500000 
3.000000 
3.000000 
1.581139 
1.581139 
1.000000 
1.000000 
2.000000 
2.000000 
6.500000 
6.500000 
1.118034 
1.118034 
3.605551 
3.605551 
0.000000 
0.000000 
2.000000 
2.000000 
0.000000 
0.000000 
1.000000 
1.000000 
0.000000 
0.000000 
2.549510 
2.549510 
3.500000 
3.500000 
0.500000 
0.500000 
1.118034 
1.118034 
4.123106 
4.123106 
2.236068 
2.236068 
6.500000 
6.500000 
1.118034 
1.118034 
3.605551 
3.605551 
0.000000 
0.000000 
2.915476 
2.915476 
2.000000 
2.000000 
0.000000 
0.000000 
0.500000 
0.500000 
0.000000 
0.000000 
2.549510 
2.549510 
3.500000 
3.500000 
0.707107 
0.707107 
2.000000 
2.000000 
4.123106 
4.123106 
2.549510 
2.549510 
6.500000 
6.500000 
1.118034 
1.118034 
3.605551 
3.605551 
4.031129 
4.031129 
1.118034 
1.118034 
2.000000 
2.000000 
0.000000 
0.000000 
4.031129 
4.031129 
0.000000 
0.000000 
2.549510 
2.549510 
3.500000 
3.500000 
0.500000 
0.500000 
0.500000 
0.500000 
4.123106 
4.123106 
4.743416 
4.743416 
6.500000 
6.500000 
1.118034 
1.118034 
3.605551 
3.605551 
3.000000 
3.000000 
0.500000 
0.500000 
2.000000 
2.000000 
0.000000 
0.000000 
1.802776 
1.802776 
0.000000 
0.000000 
2.549510 
2.549510 
3.500000 
3.500000 
0.500000 
0.500000 
0.500000 
0.500000 
4.123106 
4.123106 
1.118034 
1.118034 
6.500000 
6.500000 
1.118034 
1.118034 
0.000000 
0.000000 
3.000000 
3.000000 
2.000000 
2.000000 
2.000000 
2.000000 
0.000000 
0.000000 
1.000000 
1.000000 
0.000000 
0.000000 
2.549510 
2.549510 
3.500000 
3.500000 
0.707107 
0.707107 
0.500000 
0.500000 
4.123106 
4.123106 
3.354102 
3.354102 
6.500000 
6.500000 
4.031129 
4.031129 
3.000000 
3.000000 
2.549510 
2.549510 
2.000000 
2.000000 
0.000000 
0.000000 
1.000000 
1.000000 
0.000000 
0.000000 
2.549510 
2.549510 
3.500000 
3.500000 
1.118034 
1.118034 
0.707107 
0.707107 
4.123106 
4.123106 
2.121320 
2.121320 
6.500000 
6.500000 
0.000000 
0.000000 
4.031129 
4.031129 
3.000000 
3.000000 
1.581139 
1.581139 
2.000000 
2.000000 
0.000000 
0.000000 
2.061553 
2.061553 
0.000000 
0.000000 
2.549510 
2.549510 
0.707107 
0.707107 
0.500000 
0.500000 
4.123106 
4.123106 
1.581139 
1.581139 
6.500000 
6.500000 
