0.000000 
0.000000 
0.000000 
0.000000 
0.000000 
0.000000 
3.162278 
3.162278 
3.162278 
3.162278 
2.000000 
2.000000 
0.500000 
0.500000 
1.500000 
1.500000 
3.041381 
3.041381 
0.000000 
0.000000 
0.500000 
0.500000 
1.000000 
1.000000 
2.692582 
2.692582 
0.000000 
0.000000 
1.414214 
1.414214 
0.500000 
0.500000 
0.500000 
0.500000 
1.414214 
1.414214 
0.707107 
0.707107 
2.236068 
2.236068 
0.500000 
0.500000 
0.500000 
0.500000 
11.510864 
11.510864 
1.118034 
1.118034 
1.000000 
1.000000 
0.500000 
0.500000 
0.500000 
0.500000 
1.802776 
1.802776 
0.000000 
0.000000 
1.118034 
1.118034 
7.516648 
7.516648 
0.500000 
0.500000 
3.354102 
3.354102 
1.802776 
1.802776 
9.617692 
9.617692 
4.123106 
4.123106 
1.000000 
1.000000 
0.500000 
0.500000 
1.118034 
1.118034 
1.802776 
1.802776 
2.692582 
2.692582 
1.414214 
1.414214 
2.500000 
2.500000 
0.500000 
0.500000 
0.500000 
0.500000 
1.802776 
1.802776 
0.000000 
0.000000 
1.581139 
1.581139 
2.236068 
2.236068 
5.099020 
5.099020 
0.500000 
0.500000 
1.118034 
1.118034 
1.802776 
1.802776 
0.000000 
0.000000 
2.000000 
2.000000 
1.581139 
1.581139 
1.581139 
1.581139 
2.692582 
2.692582 
0.500000 
0.500000 
4.609772 
4.609772 
1.802776 
1.802776 
3.500000 
3.500000 
2.061553 
2.061553 
1.581139 
1.581139 
2.549510 
2.549510 
9.013878 
9.013878 
0.500000 
0.500000 
1.581139 
1.581139 
1.802776 
1.802776 
3.500000 
3.500000 
2.500000 
2.500000 
1.581139 
1.581139 
1.500000 
1.500000 
4.000000 
4.000000 
0.500000 
0.500000 
1.581139 
1.581139 
1.802776 
1.802776 
0.000000 
0.000000 
0.000000 
0.000000 
3.500000 
3.500000 
2.500000 
2.500000 
1.581139 
1.581139 
1.500000 
1.500000 
4.000000 
4.000000 
0.500000 
0.500000 
5.000000 
5.000000 
1.802776 
1.802776 
3.500000 
3.500000 
3.000000 
3.000000 
3.500000 
3.500000 
2.500000 
2.500000 
1.581139 
1.581139 
1.500000 
1.500000 
4.000000 
4.000000 
0.500000 
0.500000 
4.242641 
4.242641 
1.802776 
1.802776 
3.500000 
3.500000 
3.000000 
3.000000 
3.500000 
3.500000 
2.500000 
2.500000 
1.581139 
1.581139 
1.500000 
1.500000 
4.000000 
4.000000 
0.500000 
0.500000 
3.640055 
3.640055 
1.802776 
1.802776 
0.000000 
0.000000 
3.500000 
3.500000 
3.000000 
3.000000 
3.500000 
3.500000 
2.500000 
2.500000 
1.581139 
1.581139 
1.500000 
1.500000 
4.000000 
4.000000 
3.640055 
3.640055 
1.802776 
1.802776 
4.272002 
4.272002 
3.500000 
3.500000 
3.000000 
3.000000 
3.500000 
3.500000 
2.500000 
2.500000 
1.581139 
1.581139 
1.500000 
1.500000 
4.000000 
4.000000 
3.640055 
3.640055 
1.802776 
1.802776 
0.000000 
0.000000 
4.272002 
4.272002 
3.500000 
3.500000 
3.000000 
3.000000 
3.500000 
3.500000 
2.500000 
2.500000 
1.581139 
1.581139 
1.500000 
1.500000 
4.000000 
4.000000 
3.640055 
3.640055 
1.802776 
1.802776 
4.716991 
4.716991 
4.272002 
4.272002 
3.500000 
3.500000 
3.000000 
3.000000 
3.500000 
3.500000 
2.500000 
2.500000 
1.581139 
1.581139 
1.500000 
1.500000 
4.000000 
4.000000 
3.640055 
3.640055 
1.802776 
1.802776 
0.000000 
0.000000 
4.716991 
4.716991 
4.272002 
4.272002 
3.500000 
3.500000 
3.000000 
3.000000 
3.500000 
3.500000 
2.500000 
2.500000 
1.581139 
1.581139 
1.500000 
1.500000 
4.000000 
4.000000 
3.640055 
3.640055 
6.020797 
6.020797 
4.716991 
4.716991 
4.272002 
4.272002 
3.500000 
3.500000 
3.000000 
3.000000 
3.500000 
3.500000 
2.500000 
2.500000 
1.581139 
1.581139 
1.500000 
1.500000 
4.000000 
4.000000 
3.640055 
3.640055 
0.000000 
0.000000 
6.020797 
6.020797 
4.716991 
4.716991 
4.272002 
4.272002 
3.500000 
3.500000 
3.000000 
3.000000 
3.500000 
3.500000 
2.500000 
2.500000 
1.581139 
1.581139 
1.500000 
1.500000 
4.000000 
4.000000 
3.640055 
3.640055 
3.500000 
3.500000 
6.020797 
6.020797 
4.716991 
4.716991 
4.272002 
4.272002 
3.500000 
3.500000 
3.000000 
3.000000 
3.500000 
3.500000 
2.500000 
2.500000 
1.581139 
1.581139 
1.500000 
1.500000 
4.000000 
4.000000 
3.640055 
3.640055 
3.000000 
3.000000 
6.020797 
6.020797 
4.716991 
4.716991 
4.272002 
4.272002 
3.500000 
3.500000 
3.000000 
3.000000 
3.500000 
3.500000 
2.500000 
2.500000 
1.500000 
1.500000 
4.000000 
4.000000 
3.640055 
3.640055 
0.000000 
0.000000 
3.000000 
3.000000 
6.020797 
6.020797 
4.716991 
4.716991 
4.272002 
4.272002 
3.500000 
3.500000 
3.000000 
3.000000 
3.500000 
3.500000 
2.500000 
2.500000 
4.500000 
4.500000 
4.000000 
4.000000 
3.640055 
3.640055 
4.031129 
4.031129 
3.000000 
3.000000 
6.020797 
6.020797 
4.716991 
4.716991 
4.272002 
4.272002 
3.500000 
3.500000 
3.000000 
3.000000 
2.500000 
2.500000 
3.807887 
3.807887 
4.000000 
4.000000 
3.640055 
3.640055 
2.061553 
2.061553 
3.000000 
3.000000 
6.020797 
6.020797 
4.716991 
4.716991 
4.272002 
4.272002 
3.500000 
3.500000 
3.000000 
3.000000 
1.581139 
1.581139 
3.640055 
3.640055 
0.000000 
0.000000 
2.061553 
2.061553 
3.000000 
3.000000 
6.020797 
6.020797 
4.716991 
4.716991 
4.272002 
4.272002 
3.500000 
3.500000 
3.000000 
3.000000 
8.139410 
8.139410 
3.640055 
3.640055 
1.500000 
1.500000 
2.061553 
2.061553 
3.000000 
3.000000 
6.020797 
6.020797 
4.716991 
4.716991 
4.272002 
4.272002 
2.061553 
2.061553 
3.640055 
3.640055 
1.500000 
1.500000 
2.061553 
2.061553 
3.000000 
3.000000 
6.020797 
6.020797 
4.716991 
4.716991 
4.272002 
4.272002 
2.061553 
2.061553 
1.118034 
1.118034 
2.061553 
2.061553 
3.000000 
3.000000 
6.020797 
6.020797 
4.716991 
4.716991 
4.272002 
4.272002 
2.061553 
2.061553 
0.000000 
0.000000 
1.118034 
1.118034 
2.061553 
2.061553 
3.000000 
3.000000 
6.020797 
6.020797 
4.716991 
4.716991 
2.061553 
2.061553 
0.000000 
0.000000 
1.118034 
1.118034 
1.118034 
1.118034 
2.061553 
2.061553 
3.000000 
3.000000 
6.020797 
6.020797 
4.716991 
4.716991 
2.061553 
2.061553 
1.000000 
1.000000 
1.118034 
1.118034 
1.118034 
1.118034 
2.061553 
2.061553 
3.000000 
3.000000 
6.020797 
6.020797 
2.061553 
2.061553 
0.707107 
0.707107 
1.118034 
1.118034 
1.118034 
1.118034 
2.061553 
2.061553 
3.000000 
3.000000 
6.020797 
6.020797 
2.061553 
2.061553 
0.707107 
0.707107 
1.118034 
1.118034 
1.118034 
1.118034 
2.061553 
2.061553 
3.000000 
3.000000 
2.061553 
2.061553 
0.500000 
0.500000 
1.118034 
1.118034 
1.118034 
1.118034 
2.061553 
2.061553 
3.000000 
3.000000 
2.061553 
2.061553 
