0.000000 
0.000000 
0.000000 
0.000000 
0.000000 
0.000000 
0.000000 
0.000000 
0.000000 
0.000000 
1.414214 
1.414214 
0.000000 
0.000000 
4.031129 
4.031129 
2.236068 
2.236068 
0.000000 
0.000000 
0.000000 
0.000000 
0.000000 
0.000000 
2.000000 
2.000000 
2.236068 
2.236068 
0.000000 
0.000000 
0.000000 
0.000000 
0.000000 
0.000000 
0.000000 
0.000000 
0.000000 
0.000000 
2.000000 
2.000000 
3.354102 
3.354102 
0.000000 
0.000000 
5.000000 
5.000000 
0.000000 
0.000000 
0.000000 
0.000000 
0.000000 
0.000000 
2.000000 
2.000000 
3.605551 
3.605551 
0.000000 
0.000000 
0.000000 
0.000000 
0.000000 
0.000000 
5.000000 
5.000000 
0.000000 
0.000000 
0.000000 
0.000000 
0.000000 
0.000000 
2.000000 
2.000000 
5.590170 
5.590170 
4.031129 
4.031129 
3.000000 
3.000000 
0.000000 
0.000000 
5.000000 
5.000000 
0.000000 
0.000000 
0.000000 
0.000000 
0.000000 
0.000000 
2.000000 
2.000000 
3.162278 
3.162278 
0.000000 
0.000000 
4.031129 
4.031129 
4.000000 
4.000000 
0.000000 
0.000000 
5.000000 
5.000000 
0.000000 
0.000000 
0.000000 
0.000000 
0.000000 
0.000000 
2.000000 
2.000000 
3.162278 
3.162278 
0.000000 
0.000000 
4.000000 
4.000000 
4.031129 
4.031129 
4.000000 
4.000000 
0.000000 
0.000000 
5.000000 
5.000000 
0.000000 
0.000000 
0.000000 
0.000000 
0.000000 
0.000000 
2.000000 
2.000000 
2.915476 
2.915476 
0.000000 
0.000000 
3.500000 
3.500000 
4.000000 
4.000000 
4.031129 
4.031129 
4.000000 
4.000000 
0.000000 
0.000000 
5.000000 
5.000000 
0.000000 
0.000000 
0.000000 
0.000000 
0.000000 
0.000000 
2.000000 
2.000000 
2.915476 
2.915476 
3.162278 
3.162278 
3.500000 
3.500000 
4.000000 
4.000000 
4.031129 
4.031129 
4.000000 
4.000000 
0.000000 
0.000000 
5.000000 
5.000000 
0.000000 
0.000000 
0.000000 
0.000000 
0.000000 
0.000000 
2.000000 
2.000000 
2.915476 
2.915476 
4.031129 
4.031129 
3.500000 
3.500000 
4.000000 
4.000000 
4.031129 
4.031129 
4.000000 
4.000000 
0.000000 
0.000000 
5.000000 
5.000000 
0.000000 
0.000000 
0.000000 
0.000000 
0.000000 
0.000000 
2.000000 
2.000000 
2.915476 
2.915476 
7.566373 
7.566373 
3.500000 
3.500000 
4.000000 
4.000000 
4.031129 
4.031129 
4.000000 
4.000000 
0.000000 
0.000000 
5.000000 
5.000000 
0.000000 
0.000000 
0.000000 
0.000000 
0.000000 
0.000000 
2.000000 
2.000000 
2.915476 
2.915476 
0.000000 
0.000000 
0.000000 
0.000000 
3.640055 
3.640055 
3.500000 
3.500000 
4.000000 
4.000000 
4.031129 
4.031129 
4.000000 
4.000000 
0.000000 
0.000000 
5.000000 
5.000000 
0.000000 
0.000000 
0.000000 
0.000000 
0.000000 
0.000000 
2.000000 
2.000000 
2.915476 
2.915476 
0.000000 
0.000000 
3.535534 
3.535534 
3.605551 
3.605551 
3.640055 
3.640055 
3.500000 
3.500000 
4.000000 
4.000000 
4.031129 
4.031129 
4.000000 
4.000000 
0.000000 
0.000000 
5.000000 
5.000000 
0.000000 
0.000000 
0.000000 
0.000000 
0.000000 
0.000000 
2.000000 
2.000000 
2.915476 
2.915476 
0.000000 
0.000000 
0.000000 
0.000000 
3.535534 
3.535534 
4.123106 
4.123106 
3.640055 
3.640055 
3.500000 
3.500000 
4.000000 
4.000000 
4.031129 
4.031129 
4.000000 
4.000000 
0.000000 
0.000000 
5.000000 
5.000000 
0.000000 
0.000000 
0.000000 
0.000000 
2.000000 
2.000000 
2.915476 
2.915476 
0.000000 
0.000000 
0.000000 
0.000000 
0.000000 
0.000000 
3.535534 
3.535534 
4.123106 
4.123106 
3.640055 
3.640055 
3.500000 
3.500000 
4.000000 
4.000000 
4.031129 
4.031129 
4.000000 
4.000000 
0.000000 
0.000000 
5.000000 
5.000000 
0.000000 
0.000000 
2.000000 
2.000000 
2.915476 
2.915476 
3.041381 
3.041381 
0.000000 
0.000000 
0.000000 
0.000000 
3.535534 
3.535534 
4.123106 
4.123106 
3.640055 
3.640055 
3.500000 
3.500000 
4.000000 
4.000000 
4.031129 
4.031129 
4.000000 
4.000000 
0.000000 
0.000000 
5.000000 
5.000000 
2.915476 
2.915476 
0.000000 
0.000000 
0.000000 
0.000000 
3.041381 
3.041381 
0.000000 
0.000000 
0.000000 
0.000000 
3.535534 
3.535534 
4.123106 
4.123106 
3.640055 
3.640055 
3.500000 
3.500000 
4.000000 
4.000000 
4.031129 
4.031129 
4.000000 
4.000000 
5.000000 
5.000000 
2.915476 
2.915476 
2.061553 
2.061553 
3.000000 
3.000000 
3.041381 
3.041381 
0.000000 
0.000000 
0.000000 
0.000000 
3.535534 
3.535534 
4.123106 
4.123106 
3.640055 
3.640055 
3.500000 
3.500000 
4.000000 
4.000000 
4.031129 
4.031129 
4.000000 
4.000000 
2.915476 
2.915476 
2.121320 
2.121320 
4.031129 
4.031129 
3.041381 
3.041381 
0.000000 
0.000000 
0.000000 
0.000000 
3.535534 
3.535534 
4.123106 
4.123106 
3.640055 
3.640055 
3.500000 
3.500000 
4.000000 
4.000000 
4.031129 
4.031129 
4.000000 
4.000000 
2.915476 
2.915476 
0.000000 
0.000000 
2.236068 
2.236068 
4.031129 
4.031129 
3.041381 
3.041381 
0.000000 
0.000000 
0.000000 
0.000000 
3.535534 
3.535534 
4.123106 
4.123106 
3.640055 
3.640055 
3.500000 
3.500000 
4.000000 
4.000000 
4.000000 
4.000000 
2.915476 
2.915476 
3.640055 
3.640055 
1.802776 
1.802776 
4.031129 
4.031129 
3.041381 
3.041381 
0.000000 
0.000000 
0.000000 
0.000000 
3.535534 
3.535534 
4.123106 
4.123106 
3.640055 
3.640055 
3.500000 
3.500000 
4.000000 
4.000000 
2.915476 
2.915476 
0.000000 
0.000000 
3.640055 
3.640055 
1.802776 
1.802776 
4.031129 
4.031129 
3.041381 
3.041381 
0.000000 
0.000000 
0.000000 
0.000000 
3.535534 
3.535534 
4.123106 
4.123106 
3.640055 
3.640055 
3.500000 
3.500000 
3.640055 
3.640055 
3.640055 
3.640055 
1.802776 
1.802776 
4.031129 
4.031129 
3.041381 
3.041381 
0.000000 
0.000000 
0.000000 
0.000000 
3.535534 
3.535534 
4.123106 
4.123106 
3.640055 
3.640055 
0.000000 
0.000000 
3.041381 
3.041381 
3.640055 
3.640055 
1.802776 
1.802776 
4.031129 
4.031129 
3.041381 
3.041381 
0.000000 
0.000000 
0.000000 
0.000000 
3.535534 
3.535534 
4.123106 
4.123106 
3.640055 
3.640055 
0.000000 
0.000000 
1.118034 
1.118034 
3.041381 
3.041381 
3.640055 
3.640055 
1.802776 
1.802776 
4.031129 
4.031129 
3.041381 
3.041381 
0.000000 
0.000000 
0.000000 
0.000000 
3.535534 
3.535534 
4.123106 
4.123106 
3.640055 
3.640055 
3.807887 
3.807887 
0.707107 
0.707107 
3.041381 
3.041381 
3.640055 
3.640055 
1.802776 
1.802776 
4.031129 
4.031129 
3.041381 
3.041381 
0.000000 
0.000000 
0.000000 
0.000000 
3.535534 
3.535534 
4.123106 
4.123106 
3.640055 
3.640055 
0.000000 
0.000000 
3.807887 
3.807887 
0.500000 
0.500000 
3.041381 
3.041381 
3.640055 
3.640055 
1.802776 
1.802776 
4.031129 
4.031129 
3.041381 
3.041381 
0.000000 
0.000000 
0.000000 
0.000000 
3.535534 
3.535534 
4.123106 
4.123106 
3.807887 
3.807887 
3.807887 
3.807887 
0.500000 
0.500000 
3.041381 
3.041381 
3.640055 
3.640055 
1.802776 
1.802776 
4.031129 
4.031129 
3.041381 
3.041381 
0.000000 
0.000000 
4.123106 
4.123106 
3.807887 
3.807887 
3.807887 
3.807887 
1.414214 
1.414214 
3.041381 
3.041381 
3.640055 
3.640055 
1.802776 
1.802776 
4.031129 
4.031129 
3.041381 
3.041381 
3.807887 
3.807887 
3.807887 
3.807887 
1.500000 
1.500000 
3.041381 
3.041381 
3.640055 
3.640055 
1.802776 
1.802776 
4.031129 
4.031129 
3.041381 
3.041381 
3.807887 
3.807887 
3.807887 
3.807887 
1.581139 
1.581139 
3.041381 
3.041381 
3.640055 
3.640055 
1.802776 
1.802776 
4.031129 
4.031129 
0.000000 
0.000000 
3.807887 
3.807887 
3.807887 
3.807887 
0.707107 
0.707107 
3.041381 
3.041381 
3.640055 
3.640055 
1.802776 
1.802776 
4.031129 
4.031129 
0.000000 
0.000000 
0.000000 
0.000000 
3.807887 
3.807887 
3.807887 
3.807887 
1.000000 
1.000000 
3.041381 
3.041381 
3.640055 
3.640055 
1.802776 
1.802776 
4.031129 
4.031129 
2.500000 
2.500000 
0.000000 
0.000000 
3.807887 
3.807887 
3.807887 
3.807887 
1.118034 
1.118034 
3.041381 
3.041381 
3.640055 
3.640055 
1.802776 
1.802776 
2.061553 
2.061553 
0.000000 
0.000000 
3.807887 
3.807887 
3.807887 
3.807887 
4.272002 
4.272002 
3.041381 
3.041381 
3.640055 
3.640055 
1.802776 
1.802776 
0.000000 
0.000000 
2.061553 
2.061553 
0.000000 
0.000000 
3.807887 
3.807887 
3.807887 
3.807887 
4.272002 
4.272002 
3.041381 
3.041381 
0.000000 
0.000000 
1.581139 
1.581139 
1.414214 
1.414214 
0.000000 
0.000000 
3.807887 
3.807887 
3.807887 
3.807887 
4.272002 
4.272002 
3.041381 
3.041381 
