0.000000 
0.000000 
0.000000 
0.000000 
0.000000 
0.000000 
0.000000 
0.000000 
0.000000 
0.000000 
0.000000 
0.000000 
0.000000 
0.000000 
0.000000 
0.000000 
0.000000 
0.000000 
1.802776 
1.802776 
0.000000 
0.000000 
2.000000 
2.000000 
1.581139 
1.581139 
0.000000 
0.000000 
0.000000 
0.000000 
0.000000 
0.000000 
1.118034 
1.118034 
0.000000 
0.000000 
0.000000 
0.000000 
0.000000 
0.000000 
0.000000 
0.000000 
2.000000 
2.000000 
1.581139 
1.581139 
0.000000 
0.000000 
0.000000 
0.000000 
0.000000 
0.000000 
1.118034 
1.118034 
1.414214 
1.414214 
1.581139 
1.581139 
1.118034 
1.118034 
0.000000 
0.000000 
2.000000 
2.000000 
1.581139 
1.581139 
0.000000 
0.000000 
0.000000 
0.000000 
0.000000 
0.000000 
1.118034 
1.118034 
4.031129 
4.031129 
1.500000 
1.500000 
1.581139 
1.581139 
0.000000 
0.000000 
2.000000 
2.000000 
1.581139 
1.581139 
0.000000 
0.000000 
0.000000 
0.000000 
0.000000 
0.000000 
1.118034 
1.118034 
0.707107 
0.707107 
3.041381 
3.041381 
0.000000 
0.000000 
0.000000 
0.000000 
2.000000 
2.000000 
1.581139 
1.581139 
0.000000 
0.000000 
0.000000 
0.000000 
0.000000 
0.000000 
1.118034 
1.118034 
3.041381 
3.041381 
0.500000 
0.500000 
1.000000 
1.000000 
0.000000 
0.000000 
2.000000 
2.000000 
1.581139 
1.581139 
0.000000 
0.000000 
0.000000 
0.000000 
0.000000 
0.000000 
1.118034 
1.118034 
0.707107 
0.707107 
3.535534 
3.535534 
0.707107 
0.707107 
0.000000 
0.000000 
2.000000 
2.000000 
1.581139 
1.581139 
0.000000 
0.000000 
0.000000 
0.000000 
0.000000 
0.000000 
1.118034 
1.118034 
0.000000 
0.000000 
1.000000 
1.000000 
0.707107 
0.707107 
1.581139 
1.581139 
0.000000 
0.000000 
2.000000 
2.000000 
1.581139 
1.581139 
0.000000 
0.000000 
0.000000 
0.000000 
0.000000 
0.000000 
1.118034 
1.118034 
0.707107 
0.707107 
0.000000 
0.000000 
0.500000 
0.500000 
4.743416 
4.743416 
0.000000 
0.000000 
2.000000 
2.000000 
1.581139 
1.581139 
0.000000 
0.000000 
0.000000 
0.000000 
0.000000 
0.000000 
1.118034 
1.118034 
1.118034 
1.118034 
3.000000 
3.000000 
1.500000 
1.500000 
1.414214 
1.414214 
0.000000 
0.000000 
2.000000 
2.000000 
1.581139 
1.581139 
0.000000 
0.000000 
0.000000 
0.000000 
0.000000 
0.000000 
1.118034 
1.118034 
5.220153 
5.220153 
0.707107 
0.707107 
0.500000 
0.500000 
2.549510 
2.549510 
0.000000 
0.000000 
2.000000 
2.000000 
1.581139 
1.581139 
0.000000 
0.000000 
0.000000 
0.000000 
0.000000 
0.000000 
1.118034 
1.118034 
5.220153 
5.220153 
0.707107 
0.707107 
4.123106 
4.123106 
3.000000 
3.000000 
0.000000 
0.000000 
2.000000 
2.000000 
1.581139 
1.581139 
0.000000 
0.000000 
0.000000 
0.000000 
0.000000 
0.000000 
1.118034 
1.118034 
0.000000 
0.000000 
5.220153 
5.220153 
0.707107 
0.707107 
1.581139 
1.581139 
2.549510 
2.549510 
0.000000 
0.000000 
2.000000 
2.000000 
1.581139 
1.581139 
0.000000 
0.000000 
0.000000 
0.000000 
0.000000 
0.000000 
1.118034 
1.118034 
0.000000 
0.000000 
0.000000 
0.000000 
1.802776 
1.802776 
5.220153 
5.220153 
0.707107 
0.707107 
3.000000 
3.000000 
2.549510 
2.549510 
0.000000 
0.000000 
2.000000 
2.000000 
1.581139 
1.581139 
1.118034 
1.118034 
0.707107 
0.707107 
4.242641 
4.242641 
1.581139 
1.581139 
5.220153 
5.220153 
0.707107 
0.707107 
3.041381 
3.041381 
2.549510 
2.549510 
0.000000 
0.000000 
2.000000 
2.000000 
1.581139 
1.581139 
1.118034 
1.118034 
0.000000 
0.000000 
1.500000 
1.500000 
3.535534 
3.535534 
1.581139 
1.581139 
5.220153 
5.220153 
0.707107 
0.707107 
3.041381 
3.041381 
2.549510 
2.549510 
0.000000 
0.000000 
0.707107 
0.707107 
1.581139 
1.581139 
1.581139 
1.581139 
5.220153 
5.220153 
0.707107 
0.707107 
3.041381 
3.041381 
2.549510 
2.549510 
0.000000 
0.000000 
0.000000 
0.000000 
1.000000 
1.000000 
1.581139 
1.581139 
1.581139 
1.581139 
5.220153 
5.220153 
0.707107 
0.707107 
3.041381 
3.041381 
2.549510 
2.549510 
0.000000 
0.000000 
0.000000 
0.000000 
3.000000 
3.000000 
1.581139 
1.581139 
1.581139 
1.581139 
5.220153 
5.220153 
0.707107 
0.707107 
3.041381 
3.041381 
2.549510 
2.549510 
0.000000 
0.000000 
0.000000 
0.000000 
3.000000 
3.000000 
1.581139 
1.581139 
1.581139 
1.581139 
5.220153 
5.220153 
0.707107 
0.707107 
3.041381 
3.041381 
2.549510 
2.549510 
0.000000 
0.000000 
0.000000 
0.000000 
3.000000 
3.000000 
1.581139 
1.581139 
1.581139 
1.581139 
5.220153 
5.220153 
0.707107 
0.707107 
3.041381 
3.041381 
2.549510 
2.549510 
0.000000 
0.000000 
0.000000 
0.000000 
3.000000 
3.000000 
1.581139 
1.581139 
1.581139 
1.581139 
5.220153 
5.220153 
0.707107 
0.707107 
3.041381 
3.041381 
2.549510 
2.549510 
0.000000 
0.000000 
0.000000 
0.000000 
3.000000 
3.000000 
1.581139 
1.581139 
1.581139 
1.581139 
5.220153 
5.220153 
0.707107 
0.707107 
3.041381 
3.041381 
2.549510 
2.549510 
0.000000 
0.000000 
0.000000 
0.000000 
3.000000 
3.000000 
1.581139 
1.581139 
1.581139 
1.581139 
5.220153 
5.220153 
0.707107 
0.707107 
3.041381 
3.041381 
2.549510 
2.549510 
0.000000 
0.000000 
0.000000 
0.000000 
3.000000 
3.000000 
1.581139 
1.581139 
1.581139 
1.581139 
5.220153 
5.220153 
0.707107 
0.707107 
3.041381 
3.041381 
2.549510 
2.549510 
0.000000 
0.000000 
0.000000 
0.000000 
3.000000 
3.000000 
1.581139 
1.581139 
1.581139 
1.581139 
3.041381 
3.041381 
2.549510 
2.549510 
0.000000 
0.000000 
0.000000 
0.000000 
3.000000 
3.000000 
1.581139 
1.581139 
1.581139 
1.581139 
3.041381 
3.041381 
2.549510 
2.549510 
0.000000 
0.000000 
0.000000 
0.000000 
3.000000 
3.000000 
1.581139 
1.581139 
1.581139 
1.581139 
3.041381 
3.041381 
0.000000 
0.000000 
0.000000 
0.000000 
3.000000 
3.000000 
1.581139 
1.581139 
1.581139 
1.581139 
3.041381 
3.041381 
0.000000 
0.000000 
0.000000 
0.000000 
3.000000 
3.000000 
1.581139 
1.581139 
0.000000 
0.000000 
3.000000 
3.000000 
1.581139 
1.581139 
0.000000 
0.000000 
3.000000 
3.000000 
3.000000 
3.000000 
