0.000000 
0.000000 
0.000000 
0.000000 
0.000000 
0.000000 
0.000000 
0.000000 
0.000000 
0.000000 
0.000000 
0.000000 
0.000000 
0.000000 
1.500000 
1.500000 
0.000000 
0.000000 
1.500000 
1.500000 
0.500000 
0.500000 
0.000000 
0.000000 
0.000000 
0.000000 
1.500000 
1.500000 
0.000000 
0.000000 
0.707107 
0.707107 
1.000000 
1.000000 
0.000000 
0.000000 
0.000000 
0.000000 
4.000000 
4.000000 
0.000000 
0.000000 
0.500000 
0.500000 
0.500000 
0.500000 
0.500000 
0.500000 
0.000000 
0.000000 
0.000000 
0.000000 
1.000000 
1.000000 
0.000000 
0.000000 
0.500000 
0.500000 
0.500000 
0.500000 
0.707107 
0.707107 
0.500000 
0.500000 
0.000000 
0.000000 
0.707107 
0.707107 
0.000000 
0.000000 
0.500000 
0.500000 
1.118034 
1.118034 
0.707107 
0.707107 
1.581139 
1.581139 
0.000000 
0.000000 
0.707107 
0.707107 
0.000000 
0.000000 
0.500000 
0.500000 
3.640055 
3.640055 
0.707107 
0.707107 
1.000000 
1.000000 
0.000000 
0.000000 
3.000000 
3.000000 
0.000000 
0.000000 
0.500000 
0.500000 
1.000000 
1.000000 
1.500000 
1.500000 
0.000000 
0.000000 
1.000000 
1.000000 
0.000000 
0.000000 
3.000000 
3.000000 
0.000000 
0.000000 
0.500000 
0.500000 
1.000000 
1.000000 
2.061553 
2.061553 
0.000000 
0.000000 
0.000000 
0.000000 
0.000000 
0.000000 
1.000000 
1.000000 
0.000000 
0.000000 
3.000000 
3.000000 
0.000000 
0.000000 
0.500000 
0.500000 
1.802776 
1.802776 
2.061553 
2.061553 
3.354102 
3.354102 
1.500000 
1.500000 
0.000000 
0.000000 
1.000000 
1.000000 
0.000000 
0.000000 
3.000000 
3.000000 
0.000000 
0.000000 
0.500000 
0.500000 
1.500000 
1.500000 
2.061553 
2.061553 
3.354102 
3.354102 
1.581139 
1.581139 
0.000000 
0.000000 
1.000000 
1.000000 
0.000000 
0.000000 
3.000000 
3.000000 
0.000000 
0.000000 
0.500000 
0.500000 
2.061553 
2.061553 
2.061553 
2.061553 
0.000000 
0.000000 
3.354102 
3.354102 
1.581139 
1.581139 
0.000000 
0.000000 
1.000000 
1.000000 
0.000000 
0.000000 
3.000000 
3.000000 
0.000000 
0.000000 
0.500000 
0.500000 
3.201562 
3.201562 
2.061553 
2.061553 
1.500000 
1.500000 
3.354102 
3.354102 
1.581139 
1.581139 
0.000000 
0.000000 
1.000000 
1.000000 
0.000000 
0.000000 
3.000000 
3.000000 
0.000000 
0.000000 
0.500000 
0.500000 
1.581139 
1.581139 
2.061553 
2.061553 
0.000000 
0.000000 
1.500000 
1.500000 
3.354102 
3.354102 
1.581139 
1.581139 
0.000000 
0.000000 
1.000000 
1.000000 
6.519202 
6.519202 
3.000000 
3.000000 
0.000000 
0.000000 
0.500000 
0.500000 
1.581139 
1.581139 
2.061553 
2.061553 
2.000000 
2.000000 
1.500000 
1.500000 
3.354102 
3.354102 
1.581139 
1.581139 
0.000000 
0.000000 
1.000000 
1.000000 
2.236068 
2.236068 
3.000000 
3.000000 
0.500000 
0.500000 
1.581139 
1.581139 
2.061553 
2.061553 
0.000000 
0.000000 
2.000000 
2.000000 
1.500000 
1.500000 
3.354102 
3.354102 
1.581139 
1.581139 
0.000000 
0.000000 
1.000000 
1.000000 
2.236068 
2.236068 
3.000000 
3.000000 
0.500000 
0.500000 
1.581139 
1.581139 
2.061553 
2.061553 
0.000000 
0.000000 
0.000000 
0.000000 
1.581139 
1.581139 
2.000000 
2.000000 
1.500000 
1.500000 
3.354102 
3.354102 
1.581139 
1.581139 
0.000000 
0.000000 
1.000000 
1.000000 
2.236068 
2.236068 
3.000000 
3.000000 
0.500000 
0.500000 
1.581139 
1.581139 
2.061553 
2.061553 
1.118034 
1.118034 
4.123106 
4.123106 
1.581139 
1.581139 
2.000000 
2.000000 
1.500000 
1.500000 
3.354102 
3.354102 
1.581139 
1.581139 
0.000000 
0.000000 
1.000000 
1.000000 
2.236068 
2.236068 
3.000000 
3.000000 
1.581139 
1.581139 
2.061553 
2.061553 
0.000000 
0.000000 
0.000000 
0.000000 
2.000000 
2.000000 
1.581139 
1.581139 
2.000000 
2.000000 
1.500000 
1.500000 
3.354102 
3.354102 
1.581139 
1.581139 
0.000000 
0.000000 
1.000000 
1.000000 
2.236068 
2.236068 
3.000000 
3.000000 
1.581139 
1.581139 
2.061553 
2.061553 
0.000000 
0.000000 
1.118034 
1.118034 
0.000000 
0.000000 
2.000000 
2.000000 
1.581139 
1.581139 
2.000000 
2.000000 
1.500000 
1.500000 
3.354102 
3.354102 
1.581139 
1.581139 
0.000000 
0.000000 
1.000000 
1.000000 
2.236068 
2.236068 
3.000000 
3.000000 
1.581139 
1.581139 
2.061553 
2.061553 
0.000000 
0.000000 
3.535534 
3.535534 
1.118034 
1.118034 
0.500000 
0.500000 
2.000000 
2.000000 
1.581139 
1.581139 
2.000000 
2.000000 
1.500000 
1.500000 
3.354102 
3.354102 
1.581139 
1.581139 
0.000000 
0.000000 
1.000000 
1.000000 
2.236068 
2.236068 
3.000000 
3.000000 
1.581139 
1.581139 
2.061553 
2.061553 
1.000000 
1.000000 
2.549510 
2.549510 
1.118034 
1.118034 
0.500000 
0.500000 
2.000000 
2.000000 
1.581139 
1.581139 
2.000000 
2.000000 
1.500000 
1.500000 
3.354102 
3.354102 
1.581139 
1.581139 
0.000000 
0.000000 
2.236068 
2.236068 
1.581139 
1.581139 
2.061553 
2.061553 
0.000000 
0.000000 
1.500000 
1.500000 
2.549510 
2.549510 
1.118034 
1.118034 
0.500000 
0.500000 
2.000000 
2.000000 
1.581139 
1.581139 
2.000000 
2.000000 
1.500000 
1.500000 
3.354102 
3.354102 
1.581139 
1.581139 
2.236068 
2.236068 
1.581139 
1.581139 
0.000000 
0.000000 
0.000000 
0.000000 
1.581139 
1.581139 
1.500000 
1.500000 
2.549510 
2.549510 
1.118034 
1.118034 
0.000000 
0.000000 
2.000000 
2.000000 
1.581139 
1.581139 
2.000000 
2.000000 
1.500000 
1.500000 
3.354102 
3.354102 
1.581139 
1.581139 
2.236068 
2.236068 
1.581139 
1.581139 
1.118034 
1.118034 
1.500000 
1.500000 
2.500000 
2.500000 
1.500000 
1.500000 
2.549510 
2.549510 
1.118034 
1.118034 
1.500000 
1.500000 
2.000000 
2.000000 
1.581139 
1.581139 
2.000000 
2.000000 
1.500000 
1.500000 
1.581139 
1.581139 
2.236068 
2.236068 
1.581139 
1.581139 
1.000000 
1.000000 
5.500000 
5.500000 
2.500000 
2.500000 
1.500000 
1.500000 
2.549510 
2.549510 
1.118034 
1.118034 
1.118034 
1.118034 
2.000000 
2.000000 
1.581139 
1.581139 
2.000000 
2.000000 
1.500000 
1.500000 
2.236068 
2.236068 
1.581139 
1.581139 
1.000000 
1.000000 
1.581139 
1.581139 
2.000000 
2.000000 
1.500000 
1.500000 
2.549510 
2.549510 
1.118034 
1.118034 
2.692582 
2.692582 
2.000000 
2.000000 
1.581139 
1.581139 
2.000000 
2.000000 
1.500000 
1.500000 
2.236068 
2.236068 
1.581139 
1.581139 
0.000000 
0.000000 
0.000000 
0.000000 
0.500000 
0.500000 
4.527693 
4.527693 
2.000000 
2.000000 
1.500000 
1.500000 
2.549510 
2.549510 
1.118034 
1.118034 
1.118034 
1.118034 
2.000000 
2.000000 
1.581139 
1.581139 
2.000000 
2.000000 
2.236068 
2.236068 
3.500000 
3.500000 
1.118034 
1.118034 
0.000000 
0.000000 
1.500000 
1.500000 
2.000000 
2.000000 
1.500000 
1.500000 
2.549510 
2.549510 
1.118034 
1.118034 
3.500000 
3.500000 
2.000000 
2.000000 
1.581139 
1.581139 
2.000000 
2.000000 
2.236068 
2.236068 
0.000000 
0.000000 
2.549510 
2.549510 
4.000000 
4.000000 
0.000000 
0.000000 
1.500000 
1.500000 
2.000000 
2.000000 
1.500000 
1.500000 
2.549510 
2.549510 
1.118034 
1.118034 
2.000000 
2.000000 
2.000000 
2.000000 
1.581139 
1.581139 
0.000000 
0.000000 
0.000000 
0.000000 
0.000000 
0.000000 
6.324555 
6.324555 
0.707107 
0.707107 
2.000000 
2.000000 
1.500000 
1.500000 
2.000000 
2.000000 
1.500000 
1.500000 
2.549510 
2.549510 
1.118034 
1.118034 
2.000000 
2.000000 
2.000000 
2.000000 
1.581139 
1.581139 
0.000000 
0.000000 
3.041381 
3.041381 
0.500000 
0.500000 
0.000000 
0.000000 
2.692582 
2.692582 
2.549510 
2.549510 
0.500000 
0.500000 
1.500000 
1.500000 
2.000000 
2.000000 
1.500000 
1.500000 
2.549510 
2.549510 
1.118034 
1.118034 
2.000000 
2.000000 
2.000000 
2.000000 
1.581139 
1.581139 
1.000000 
1.000000 
1.581139 
1.581139 
1.118034 
1.118034 
0.000000 
0.000000 
4.000000 
4.000000 
0.500000 
0.500000 
0.000000 
0.000000 
1.500000 
1.500000 
2.000000 
2.000000 
1.500000 
1.500000 
2.549510 
2.549510 
1.118034 
1.118034 
2.000000 
2.000000 
2.000000 
2.000000 
1.000000 
1.000000 
5.000000 
5.000000 
1.118034 
1.118034 
0.000000 
0.000000 
8.246211 
8.246211 
1.500000 
1.500000 
0.707107 
0.707107 
1.500000 
1.500000 
2.000000 
2.000000 
1.500000 
1.500000 
2.549510 
2.549510 
1.118034 
1.118034 
2.000000 
2.000000 
0.000000 
0.000000 
1.581139 
1.581139 
5.000000 
5.000000 
1.000000 
1.000000 
0.000000 
0.000000 
2.915476 
2.915476 
1.118034 
1.118034 
1.000000 
1.000000 
1.500000 
1.500000 
2.000000 
2.000000 
1.500000 
1.500000 
2.549510 
2.549510 
2.000000 
2.000000 
2.692582 
2.692582 
0.000000 
0.000000 
5.000000 
5.000000 
0.000000 
0.000000 
0.000000 
0.000000 
1.414214 
1.414214 
0.000000 
0.000000 
0.500000 
0.500000 
1.500000 
1.500000 
2.000000 
2.000000 
1.500000 
1.500000 
2.549510 
2.549510 
2.000000 
2.000000 
2.692582 
2.692582 
2.061553 
2.061553 
5.000000 
5.000000 
2.061553 
2.061553 
0.000000 
0.000000 
3.354102 
3.354102 
0.707107 
0.707107 
1.118034 
1.118034 
1.500000 
1.500000 
2.000000 
2.000000 
1.500000 
1.500000 
2.000000 
2.000000 
0.000000 
0.000000 
2.692582 
2.692582 
0.000000 
0.000000 
5.000000 
5.000000 
0.000000 
0.000000 
0.000000 
0.000000 
3.354102 
3.354102 
0.500000 
0.500000 
0.500000 
0.500000 
1.500000 
1.500000 
2.000000 
2.000000 
2.000000 
2.000000 
