0.000000 
0.000000 
3.807887 
3.807887 
3.354102 
3.354102 
10.000000 
10.000000 
1.802776 
1.802776 
2.061553 
2.061553 
1.802776 
1.802776 
2.121320 
2.121320 
1.118034 
1.118034 
0.500000 
0.500000 
0.500000 
0.500000 
1.118034 
1.118034 
0.707107 
0.707107 
0.500000 
0.500000 
0.500000 
0.500000 
0.500000 
0.500000 
1.118034 
1.118034 
1.581139 
1.581139 
1.118034 
1.118034 
0.500000 
0.500000 
2.549510 
2.549510 
2.061553 
2.061553 
0.000000 
0.000000 
0.500000 
0.500000 
2.500000 
2.500000 
0.500000 
0.500000 
1.000000 
1.000000 
3.162278 
3.162278 
3.041381 
3.041381 
1.000000 
1.000000 
0.707107 
0.707107 
0.500000 
0.500000 
1.000000 
1.000000 
14.035669 
14.035669 
1.500000 
1.500000 
0.707107 
0.707107 
0.500000 
0.500000 
2.236068 
2.236068 
0.707107 
0.707107 
