0.000000 
0.000000 
0.000000 
0.000000 
3.162278 
3.162278 
1.581139 
1.581139 
2.692582 
2.692582 
1.500000 
1.500000 
8.558621 
8.558621 
1.414214 
1.414214 
2.061553 
2.061553 
0.500000 
0.500000 
4.000000 
4.000000 
1.581139 
1.581139 
4.527693 
4.527693 
1.414214 
1.414214 
4.000000 
4.000000 
1.500000 
1.500000 
2.061553 
2.061553 
7.500000 
7.500000 
0.707107 
0.707107 
8.732125 
8.732125 
12.509996 
12.509996 
16.446884 
16.446884 
1.000000 
1.000000 
3.535534 
3.535534 
1.581139 
1.581139 
3.041381 
3.041381 
0.707107 
0.707107 
1.000000 
1.000000 
0.707107 
0.707107 
2.692582 
2.692582 
0.707107 
0.707107 
2.500000 
2.500000 
0.707107 
0.707107 
3.041381 
3.041381 
0.707107 
0.707107 
2.692582 
2.692582 
0.707107 
0.707107 
2.549510 
2.549510 
0.707107 
0.707107 
0.500000 
0.500000 
0.707107 
0.707107 
0.500000 
0.500000 
0.707107 
0.707107 
1.118034 
1.118034 
0.707107 
0.707107 
0.707107 
0.707107 
0.000000 
0.000000 
0.707107 
0.707107 
0.000000 
0.000000 
0.000000 
0.000000 
0.707107 
0.707107 
1.581139 
1.581139 
0.000000 
0.000000 
0.707107 
0.707107 
3.535534 
3.535534 
0.000000 
0.000000 
0.000000 
0.000000 
0.707107 
0.707107 
3.000000 
3.000000 
3.640055 
3.640055 
0.000000 
0.000000 
0.707107 
0.707107 
2.500000 
2.500000 
4.031129 
4.031129 
0.000000 
0.000000 
1.118034 
1.118034 
1.581139 
1.581139 
0.000000 
0.000000 
0.500000 
0.500000 
10.500000 
10.500000 
0.000000 
0.000000 
0.500000 
0.500000 
3.162278 
3.162278 
0.000000 
0.000000 
4.500000 
4.500000 
5.000000 
5.000000 
0.000000 
0.000000 
0.707107 
0.707107 
4.031129 
4.031129 
0.000000 
0.000000 
0.500000 
0.500000 
4.031129 
4.031129 
0.000000 
0.000000 
0.000000 
0.000000 
4.031129 
4.031129 
0.000000 
0.000000 
0.707107 
0.707107 
14.866069 
14.866069 
0.000000 
0.000000 
0.707107 
0.707107 
1.414214 
1.414214 
0.000000 
0.000000 
0.707107 
0.707107 
1.118034 
1.118034 
0.707107 
0.707107 
