0.000000 
0.000000 
0.000000 
0.000000 
0.000000 
0.000000 
0.000000 
0.000000 
0.000000 
0.000000 
0.000000 
0.000000 
0.000000 
0.000000 
0.000000 
0.000000 
0.000000 
0.000000 
0.000000 
0.000000 
0.000000 
0.000000 
0.000000 
0.000000 
0.000000 
0.000000 
0.000000 
0.000000 
0.500000 
0.500000 
1.414214 
1.414214 
0.500000 
0.500000 
1.414214 
1.414214 
1.581139 
1.581139 
0.000000 
0.000000 
0.000000 
0.000000 
3.640055 
3.640055 
0.000000 
0.000000 
0.000000 
0.000000 
0.000000 
0.000000 
0.000000 
0.000000 
2.236068 
2.236068 
1.414214 
1.414214 
0.500000 
0.500000 
1.414214 
1.414214 
1.414214 
1.414214 
0.000000 
0.000000 
1.500000 
1.500000 
0.000000 
0.000000 
3.640055 
3.640055 
0.000000 
0.000000 
0.000000 
0.000000 
0.000000 
0.000000 
0.000000 
0.000000 
1.414214 
1.414214 
1.414214 
1.414214 
1.118034 
1.118034 
0.707107 
0.707107 
0.000000 
0.000000 
0.000000 
0.000000 
1.000000 
1.000000 
1.000000 
1.000000 
0.000000 
0.000000 
3.640055 
3.640055 
0.000000 
0.000000 
0.000000 
0.000000 
0.000000 
0.000000 
0.000000 
0.000000 
1.414214 
1.414214 
1.414214 
1.414214 
0.707107 
0.707107 
2.500000 
2.500000 
1.118034 
1.118034 
0.000000 
0.000000 
2.061553 
2.061553 
1.118034 
1.118034 
1.000000 
1.000000 
0.000000 
0.000000 
3.640055 
3.640055 
0.000000 
0.000000 
0.000000 
0.000000 
0.000000 
0.000000 
0.000000 
0.000000 
1.414214 
1.414214 
1.414214 
1.414214 
0.000000 
0.000000 
2.500000 
2.500000 
0.500000 
0.500000 
0.000000 
0.000000 
4.031129 
4.031129 
3.354102 
3.354102 
1.118034 
1.118034 
1.000000 
1.000000 
0.000000 
0.000000 
3.640055 
3.640055 
0.000000 
0.000000 
0.000000 
0.000000 
0.000000 
0.000000 
0.000000 
0.000000 
1.414214 
1.414214 
1.414214 
1.414214 
0.500000 
0.500000 
0.500000 
0.500000 
1.414214 
1.414214 
0.000000 
0.000000 
1.802776 
1.802776 
4.031129 
4.031129 
2.500000 
2.500000 
1.118034 
1.118034 
1.000000 
1.000000 
0.000000 
0.000000 
3.640055 
3.640055 
0.000000 
0.000000 
0.000000 
0.000000 
0.000000 
0.000000 
0.000000 
0.000000 
1.414214 
1.414214 
1.414214 
1.414214 
0.000000 
0.000000 
0.707107 
0.707107 
0.500000 
0.500000 
0.000000 
0.000000 
2.000000 
2.000000 
1.802776 
1.802776 
4.031129 
4.031129 
2.500000 
2.500000 
1.118034 
1.118034 
1.000000 
1.000000 
0.000000 
0.000000 
3.640055 
3.640055 
0.000000 
0.000000 
0.000000 
0.000000 
0.000000 
0.000000 
0.000000 
0.000000 
1.414214 
1.414214 
1.414214 
1.414214 
0.707107 
0.707107 
2.236068 
2.236068 
0.707107 
0.707107 
0.000000 
0.000000 
0.000000 
0.000000 
2.915476 
2.915476 
2.000000 
2.000000 
1.802776 
1.802776 
4.031129 
4.031129 
2.500000 
2.500000 
1.118034 
1.118034 
1.000000 
1.000000 
0.000000 
0.000000 
3.640055 
3.640055 
0.000000 
0.000000 
0.000000 
0.000000 
0.000000 
0.000000 
0.000000 
0.000000 
1.414214 
1.414214 
1.414214 
1.414214 
0.000000 
0.000000 
0.707107 
0.707107 
1.000000 
1.000000 
0.000000 
0.000000 
4.000000 
4.000000 
1.500000 
1.500000 
3.354102 
3.354102 
2.000000 
2.000000 
1.802776 
1.802776 
4.031129 
4.031129 
2.500000 
2.500000 
1.118034 
1.118034 
1.000000 
1.000000 
0.000000 
0.000000 
3.640055 
3.640055 
0.000000 
0.000000 
0.000000 
0.000000 
0.000000 
0.000000 
0.000000 
0.000000 
1.414214 
1.414214 
1.414214 
1.414214 
0.500000 
0.500000 
1.000000 
1.000000 
0.500000 
0.500000 
0.000000 
0.000000 
1.802776 
1.802776 
4.000000 
4.000000 
1.500000 
1.500000 
2.692582 
2.692582 
2.000000 
2.000000 
1.802776 
1.802776 
4.031129 
4.031129 
2.500000 
2.500000 
1.118034 
1.118034 
1.000000 
1.000000 
0.000000 
0.000000 
3.640055 
3.640055 
0.000000 
0.000000 
0.000000 
0.000000 
0.000000 
0.000000 
0.000000 
0.000000 
1.414214 
1.414214 
1.414214 
1.414214 
0.500000 
0.500000 
1.802776 
1.802776 
0.500000 
0.500000 
0.000000 
0.000000 
0.000000 
0.000000 
0.000000 
0.000000 
1.000000 
1.000000 
4.000000 
4.000000 
1.500000 
1.500000 
2.692582 
2.692582 
2.000000 
2.000000 
1.802776 
1.802776 
4.031129 
4.031129 
2.500000 
2.500000 
1.118034 
1.118034 
1.000000 
1.000000 
0.000000 
0.000000 
3.640055 
3.640055 
0.000000 
0.000000 
0.000000 
0.000000 
0.000000 
0.000000 
0.000000 
0.000000 
1.414214 
1.414214 
1.414214 
1.414214 
0.707107 
0.707107 
1.500000 
1.500000 
1.581139 
1.581139 
0.000000 
0.000000 
2.000000 
2.000000 
3.535534 
3.535534 
0.000000 
0.000000 
1.000000 
1.000000 
4.000000 
4.000000 
1.500000 
1.500000 
2.692582 
2.692582 
2.000000 
2.000000 
1.802776 
1.802776 
4.031129 
4.031129 
2.500000 
2.500000 
1.118034 
1.118034 
1.000000 
1.000000 
0.000000 
0.000000 
3.640055 
3.640055 
0.000000 
0.000000 
0.000000 
0.000000 
0.000000 
0.000000 
0.000000 
0.000000 
1.414214 
1.414214 
1.414214 
1.414214 
2.236068 
2.236068 
3.640055 
3.640055 
0.500000 
0.500000 
0.000000 
0.000000 
1.000000 
1.000000 
2.000000 
2.000000 
4.716991 
4.716991 
0.000000 
0.000000 
1.000000 
1.000000 
4.000000 
4.000000 
1.500000 
1.500000 
2.692582 
2.692582 
2.000000 
2.000000 
1.802776 
1.802776 
4.031129 
4.031129 
2.500000 
2.500000 
1.118034 
1.118034 
1.000000 
1.000000 
0.000000 
0.000000 
3.640055 
3.640055 
0.000000 
0.000000 
0.000000 
0.000000 
0.000000 
0.000000 
0.000000 
0.000000 
1.414214 
1.414214 
1.414214 
1.414214 
0.000000 
0.000000 
1.000000 
1.000000 
1.581139 
1.581139 
0.000000 
0.000000 
2.061553 
2.061553 
2.061553 
2.061553 
2.000000 
2.000000 
4.716991 
4.716991 
0.000000 
0.000000 
1.000000 
1.000000 
4.000000 
4.000000 
1.500000 
1.500000 
2.692582 
2.692582 
2.000000 
2.000000 
1.802776 
1.802776 
4.031129 
4.031129 
2.500000 
2.500000 
1.118034 
1.118034 
1.000000 
1.000000 
0.000000 
0.000000 
3.640055 
3.640055 
0.000000 
0.000000 
1.414214 
1.414214 
1.414214 
1.414214 
1.118034 
1.118034 
1.581139 
1.581139 
1.000000 
1.000000 
0.000000 
0.000000 
0.000000 
0.000000 
2.000000 
2.000000 
2.061553 
2.061553 
2.061553 
2.061553 
2.000000 
2.000000 
4.716991 
4.716991 
0.000000 
0.000000 
1.000000 
1.000000 
4.000000 
4.000000 
1.500000 
1.500000 
2.692582 
2.692582 
2.000000 
2.000000 
1.802776 
1.802776 
4.031129 
4.031129 
2.500000 
2.500000 
1.118034 
1.118034 
1.000000 
1.000000 
3.640055 
3.640055 
1.414214 
1.414214 
0.707107 
0.707107 
1.581139 
1.581139 
1.118034 
1.118034 
0.000000 
0.000000 
0.000000 
0.000000 
2.692582 
2.692582 
2.000000 
2.000000 
2.061553 
2.061553 
2.061553 
2.061553 
2.000000 
2.000000 
4.716991 
4.716991 
0.000000 
0.000000 
1.000000 
1.000000 
4.000000 
4.000000 
1.500000 
1.500000 
2.692582 
2.692582 
2.000000 
2.000000 
1.802776 
1.802776 
4.031129 
4.031129 
2.500000 
2.500000 
1.118034 
1.118034 
1.000000 
1.000000 
1.414214 
1.414214 
0.707107 
0.707107 
1.581139 
1.581139 
0.000000 
0.000000 
2.549510 
2.549510 
0.000000 
0.000000 
1.500000 
1.500000 
2.000000 
2.000000 
2.061553 
2.061553 
2.061553 
2.061553 
2.000000 
2.000000 
4.716991 
4.716991 
0.000000 
0.000000 
1.000000 
1.000000 
4.000000 
4.000000 
1.500000 
1.500000 
2.692582 
2.692582 
2.000000 
2.000000 
1.802776 
1.802776 
4.031129 
4.031129 
2.500000 
2.500000 
1.118034 
1.118034 
1.000000 
1.000000 
0.707107 
0.707107 
1.581139 
1.581139 
3.041381 
3.041381 
0.000000 
0.000000 
2.549510 
2.549510 
0.000000 
0.000000 
1.000000 
1.000000 
2.000000 
2.000000 
2.061553 
2.061553 
2.061553 
2.061553 
2.000000 
2.000000 
4.716991 
4.716991 
0.000000 
0.000000 
1.000000 
1.000000 
4.000000 
4.000000 
1.500000 
1.500000 
2.692582 
2.692582 
2.000000 
2.000000 
1.802776 
1.802776 
4.031129 
4.031129 
2.500000 
2.500000 
1.118034 
1.118034 
1.000000 
1.000000 
1.581139 
1.581139 
1.118034 
1.118034 
0.000000 
0.000000 
4.000000 
4.000000 
2.549510 
2.549510 
0.000000 
0.000000 
3.000000 
3.000000 
2.000000 
2.000000 
2.061553 
2.061553 
2.061553 
2.061553 
2.000000 
2.000000 
4.716991 
4.716991 
0.000000 
0.000000 
1.000000 
1.000000 
4.000000 
4.000000 
1.500000 
1.500000 
2.692582 
2.692582 
2.000000 
2.000000 
1.802776 
1.802776 
4.031129 
4.031129 
2.500000 
2.500000 
1.118034 
1.118034 
1.581139 
1.581139 
1.000000 
1.000000 
0.000000 
0.000000 
0.000000 
0.000000 
4.000000 
4.000000 
2.549510 
2.549510 
0.000000 
0.000000 
0.707107 
0.707107 
2.000000 
2.000000 
2.061553 
2.061553 
2.061553 
2.061553 
2.000000 
2.000000 
4.716991 
4.716991 
0.000000 
0.000000 
1.000000 
1.000000 
4.000000 
4.000000 
1.500000 
1.500000 
2.692582 
2.692582 
2.000000 
2.000000 
1.802776 
1.802776 
2.500000 
2.500000 
4.527693 
4.527693 
1.581139 
1.581139 
1.581139 
1.581139 
0.000000 
0.000000 
1.500000 
1.500000 
0.000000 
0.000000 
4.000000 
4.000000 
2.549510 
2.549510 
0.000000 
0.000000 
1.414214 
1.414214 
2.000000 
2.000000 
2.061553 
2.061553 
2.061553 
2.061553 
2.000000 
2.000000 
4.716991 
4.716991 
0.000000 
0.000000 
1.000000 
1.000000 
4.000000 
4.000000 
1.500000 
1.500000 
2.692582 
2.692582 
2.000000 
2.000000 
1.802776 
1.802776 
1.581139 
1.581139 
2.236068 
2.236068 
0.500000 
0.500000 
2.500000 
2.500000 
0.000000 
0.000000 
4.000000 
4.000000 
2.549510 
2.549510 
0.000000 
0.000000 
0.707107 
0.707107 
2.000000 
2.000000 
2.061553 
2.061553 
2.061553 
2.061553 
2.000000 
2.000000 
4.716991 
4.716991 
0.000000 
0.000000 
1.000000 
1.000000 
4.000000 
4.000000 
1.500000 
1.500000 
2.692582 
2.692582 
1.118034 
1.118034 
1.581139 
1.581139 
2.692582 
2.692582 
0.000000 
0.000000 
0.500000 
0.500000 
1.500000 
1.500000 
0.000000 
0.000000 
4.000000 
4.000000 
2.549510 
2.549510 
0.000000 
0.000000 
1.118034 
1.118034 
2.000000 
2.000000 
2.061553 
2.061553 
2.061553 
2.061553 
2.000000 
2.000000 
4.716991 
4.716991 
0.000000 
0.000000 
1.000000 
1.000000 
4.000000 
4.000000 
1.500000 
1.500000 
2.692582 
2.692582 
5.590170 
5.590170 
1.581139 
1.581139 
0.707107 
0.707107 
0.000000 
0.000000 
0.500000 
0.500000 
2.549510 
2.549510 
0.000000 
0.000000 
4.000000 
4.000000 
2.549510 
2.549510 
0.000000 
0.000000 
1.000000 
1.000000 
2.000000 
2.000000 
2.061553 
2.061553 
2.061553 
2.061553 
2.000000 
2.000000 
4.716991 
4.716991 
0.000000 
0.000000 
1.000000 
1.000000 
2.692582 
2.692582 
1.500000 
1.500000 
1.581139 
1.581139 
0.707107 
0.707107 
0.000000 
0.000000 
0.000000 
0.000000 
0.500000 
0.500000 
2.549510 
2.549510 
0.000000 
0.000000 
4.000000 
4.000000 
2.549510 
2.549510 
0.000000 
0.000000 
0.707107 
0.707107 
2.000000 
2.000000 
2.061553 
2.061553 
2.061553 
2.061553 
2.000000 
2.000000 
4.716991 
4.716991 
1.000000 
1.000000 
1.118034 
1.118034 
1.581139 
1.581139 
0.707107 
0.707107 
0.707107 
0.707107 
0.000000 
0.000000 
0.500000 
0.500000 
6.082763 
6.082763 
0.000000 
0.000000 
4.000000 
4.000000 
2.549510 
2.549510 
0.000000 
0.000000 
0.500000 
0.500000 
2.000000 
2.000000 
2.061553 
2.061553 
2.061553 
2.061553 
2.000000 
2.000000 
4.716991 
4.716991 
1.118034 
1.118034 
1.581139 
1.581139 
0.707107 
0.707107 
0.707107 
0.707107 
0.000000 
0.000000 
0.500000 
0.500000 
2.236068 
2.236068 
0.000000 
0.000000 
4.000000 
4.000000 
2.549510 
2.549510 
0.000000 
0.000000 
1.581139 
1.581139 
2.000000 
2.000000 
2.061553 
2.061553 
2.061553 
2.061553 
4.716991 
4.716991 
1.118034 
1.118034 
1.581139 
1.581139 
0.707107 
0.707107 
0.000000 
0.000000 
0.707107 
0.707107 
0.000000 
0.000000 
0.500000 
0.500000 
2.061553 
2.061553 
0.000000 
0.000000 
4.000000 
4.000000 
2.549510 
2.549510 
0.000000 
0.000000 
1.000000 
1.000000 
2.000000 
2.000000 
2.061553 
2.061553 
2.061553 
2.061553 
0.707107 
0.707107 
1.581139 
1.581139 
0.707107 
0.707107 
1.000000 
1.000000 
0.707107 
0.707107 
0.000000 
0.000000 
0.500000 
0.500000 
1.414214 
1.414214 
0.000000 
0.000000 
4.000000 
4.000000 
2.549510 
2.549510 
0.000000 
0.000000 
0.500000 
0.500000 
2.000000 
2.000000 
1.118034 
1.118034 
0.707107 
0.707107 
0.707107 
0.707107 
0.707107 
0.707107 
0.000000 
0.000000 
0.500000 
0.500000 
1.414214 
1.414214 
0.000000 
0.000000 
4.000000 
4.000000 
2.549510 
2.549510 
1.000000 
1.000000 
1.118034 
1.118034 
0.707107 
0.707107 
1.118034 
1.118034 
0.707107 
0.707107 
0.000000 
0.000000 
0.500000 
0.500000 
1.414214 
1.414214 
0.000000 
0.000000 
4.000000 
4.000000 
2.549510 
2.549510 
2.500000 
2.500000 
0.500000 
0.500000 
0.707107 
0.707107 
0.500000 
0.500000 
0.707107 
0.707107 
0.000000 
0.000000 
0.500000 
0.500000 
1.414214 
1.414214 
0.000000 
0.000000 
4.000000 
4.000000 
0.500000 
0.500000 
0.500000 
0.500000 
0.707107 
0.707107 
0.000000 
0.000000 
0.500000 
0.500000 
0.707107 
0.707107 
0.000000 
0.000000 
0.500000 
0.500000 
1.414214 
1.414214 
0.000000 
0.000000 
4.000000 
4.000000 
0.707107 
0.707107 
1.118034 
1.118034 
0.707107 
0.707107 
0.707107 
0.707107 
0.500000 
0.500000 
0.707107 
0.707107 
0.000000 
0.000000 
0.500000 
0.500000 
3.640055 
3.640055 
0.500000 
0.500000 
1.118034 
1.118034 
0.707107 
0.707107 
0.500000 
0.500000 
0.500000 
0.500000 
0.707107 
0.707107 
0.000000 
0.000000 
0.500000 
0.500000 
2.061553 
2.061553 
0.707107 
0.707107 
1.118034 
1.118034 
0.707107 
0.707107 
1.118034 
1.118034 
0.500000 
0.500000 
0.707107 
0.707107 
0.000000 
0.000000 
0.500000 
0.500000 
1.000000 
1.000000 
2.915476 
2.915476 
1.118034 
1.118034 
0.707107 
0.707107 
0.000000 
0.000000 
1.000000 
1.000000 
0.500000 
0.500000 
0.707107 
0.707107 
0.000000 
0.000000 
4.123106 
4.123106 
1.414214 
1.414214 
1.118034 
1.118034 
0.707107 
0.707107 
