0.000000 
0.000000 
0.000000 
0.000000 
0.000000 
0.000000 
0.000000 
0.000000 
0.000000 
0.000000 
0.000000 
0.000000 
0.000000 
0.000000 
0.000000 
0.000000 
3.535534 
3.535534 
1.118034 
1.118034 
2.000000 
2.000000 
0.000000 
0.000000 
1.000000 
1.000000 
0.500000 
0.500000 
0.000000 
0.000000 
1.000000 
1.000000 
3.535534 
3.535534 
1.000000 
1.000000 
0.500000 
0.500000 
0.500000 
0.500000 
2.061553 
2.061553 
0.707107 
0.707107 
1.581139 
1.581139 
1.118034 
1.118034 
0.000000 
0.000000 
3.535534 
3.535534 
0.500000 
0.500000 
3.000000 
3.000000 
0.500000 
0.500000 
2.500000 
2.500000 
2.500000 
2.500000 
2.915476 
2.915476 
5.024938 
5.024938 
0.000000 
0.000000 
3.535534 
3.535534 
1.118034 
1.118034 
3.000000 
3.000000 
0.500000 
0.500000 
2.236068 
2.236068 
1.581139 
1.581139 
3.041381 
3.041381 
3.500000 
3.500000 
0.000000 
0.000000 
0.000000 
0.000000 
0.000000 
0.000000 
3.535534 
3.535534 
1.118034 
1.118034 
3.000000 
3.000000 
0.500000 
0.500000 
2.236068 
2.236068 
1.581139 
1.581139 
3.041381 
3.041381 
3.000000 
3.000000 
0.000000 
0.000000 
0.000000 
0.000000 
0.000000 
0.000000 
3.535534 
3.535534 
1.118034 
1.118034 
3.000000 
3.000000 
0.500000 
0.500000 
2.236068 
2.236068 
1.581139 
1.581139 
3.041381 
3.041381 
3.000000 
3.000000 
0.000000 
0.000000 
0.000000 
0.000000 
0.000000 
0.000000 
3.535534 
3.535534 
1.118034 
1.118034 
3.000000 
3.000000 
0.500000 
0.500000 
2.236068 
2.236068 
1.581139 
1.581139 
3.041381 
3.041381 
3.000000 
3.000000 
0.000000 
0.000000 
0.000000 
0.000000 
0.000000 
0.000000 
3.535534 
3.535534 
1.118034 
1.118034 
3.000000 
3.000000 
0.500000 
0.500000 
2.236068 
2.236068 
1.581139 
1.581139 
3.041381 
3.041381 
3.000000 
3.000000 
0.000000 
0.000000 
0.000000 
0.000000 
0.000000 
0.000000 
0.000000 
0.000000 
3.535534 
3.535534 
1.118034 
1.118034 
3.000000 
3.000000 
0.500000 
0.500000 
2.236068 
2.236068 
1.581139 
1.581139 
3.041381 
3.041381 
3.000000 
3.000000 
3.000000 
3.000000 
0.000000 
0.000000 
0.000000 
0.000000 
0.000000 
0.000000 
3.535534 
3.535534 
1.118034 
1.118034 
3.000000 
3.000000 
0.500000 
0.500000 
2.236068 
2.236068 
1.581139 
1.581139 
3.041381 
3.041381 
3.000000 
3.000000 
0.000000 
0.000000 
3.000000 
3.000000 
0.000000 
0.000000 
0.000000 
0.000000 
0.000000 
0.000000 
3.535534 
3.535534 
1.118034 
1.118034 
3.000000 
3.000000 
0.500000 
0.500000 
2.236068 
2.236068 
1.581139 
1.581139 
3.041381 
3.041381 
3.000000 
3.000000 
0.000000 
0.000000 
3.000000 
3.000000 
0.000000 
0.000000 
0.000000 
0.000000 
0.000000 
0.000000 
3.535534 
3.535534 
1.118034 
1.118034 
3.000000 
3.000000 
0.500000 
0.500000 
2.236068 
2.236068 
1.581139 
1.581139 
3.041381 
3.041381 
3.000000 
3.000000 
0.000000 
0.000000 
3.000000 
3.000000 
0.000000 
0.000000 
0.000000 
0.000000 
0.000000 
0.000000 
3.535534 
3.535534 
1.118034 
1.118034 
3.000000 
3.000000 
0.500000 
0.500000 
2.236068 
2.236068 
1.581139 
1.581139 
3.041381 
3.041381 
3.000000 
3.000000 
0.000000 
0.000000 
0.000000 
0.000000 
0.000000 
0.000000 
0.000000 
0.000000 
3.000000 
3.000000 
0.000000 
0.000000 
0.000000 
0.000000 
0.000000 
0.000000 
3.535534 
3.535534 
1.118034 
1.118034 
3.000000 
3.000000 
0.500000 
0.500000 
2.236068 
2.236068 
1.581139 
1.581139 
3.041381 
3.041381 
3.000000 
3.000000 
0.000000 
0.000000 
0.000000 
0.000000 
0.000000 
0.000000 
0.000000 
0.000000 
0.000000 
0.000000 
3.000000 
3.000000 
0.000000 
0.000000 
0.000000 
0.000000 
0.000000 
0.000000 
3.535534 
3.535534 
1.118034 
1.118034 
3.000000 
3.000000 
0.500000 
0.500000 
2.236068 
2.236068 
1.581139 
1.581139 
3.041381 
3.041381 
3.000000 
3.000000 
0.000000 
0.000000 
0.000000 
0.000000 
0.000000 
0.000000 
0.000000 
0.000000 
0.000000 
0.000000 
0.000000 
0.000000 
0.000000 
0.000000 
3.000000 
3.000000 
0.000000 
0.000000 
0.000000 
0.000000 
0.000000 
0.000000 
1.118034 
1.118034 
3.000000 
3.000000 
0.500000 
0.500000 
2.236068 
2.236068 
1.581139 
1.581139 
3.041381 
3.041381 
3.000000 
3.000000 
0.000000 
0.000000 
0.000000 
0.000000 
0.000000 
0.000000 
0.000000 
0.000000 
1.500000 
1.500000 
0.000000 
0.000000 
0.000000 
0.000000 
0.000000 
0.000000 
0.000000 
0.000000 
0.000000 
0.000000 
3.000000 
3.000000 
0.000000 
0.000000 
0.000000 
0.000000 
0.000000 
0.000000 
1.118034 
1.118034 
3.000000 
3.000000 
2.236068 
2.236068 
1.581139 
1.581139 
3.041381 
3.041381 
3.000000 
3.000000 
1.118034 
1.118034 
1.802776 
1.802776 
1.581139 
1.581139 
0.000000 
0.000000 
1.500000 
1.500000 
0.000000 
0.000000 
0.000000 
0.000000 
0.000000 
0.000000 
0.000000 
0.000000 
0.000000 
0.000000 
3.000000 
3.000000 
0.000000 
0.000000 
0.000000 
0.000000 
1.118034 
1.118034 
2.236068 
2.236068 
1.581139 
1.581139 
3.041381 
3.041381 
3.000000 
3.000000 
0.500000 
0.500000 
2.500000 
2.500000 
0.707107 
0.707107 
0.000000 
0.000000 
0.707107 
0.707107 
0.000000 
0.000000 
0.000000 
0.000000 
0.000000 
0.000000 
0.000000 
0.000000 
0.000000 
0.000000 
3.000000 
3.000000 
0.000000 
0.000000 
0.000000 
0.000000 
3.000000 
3.000000 
0.000000 
0.000000 
1.118034 
1.118034 
1.000000 
1.000000 
0.707107 
0.707107 
0.000000 
0.000000 
1.118034 
1.118034 
0.000000 
0.000000 
0.000000 
0.000000 
0.000000 
0.000000 
0.000000 
0.000000 
0.000000 
0.000000 
3.000000 
3.000000 
0.000000 
0.000000 
3.500000 
3.500000 
0.500000 
0.500000 
1.118034 
1.118034 
0.000000 
0.000000 
1.118034 
1.118034 
0.000000 
0.000000 
0.000000 
0.000000 
0.000000 
0.000000 
0.000000 
0.000000 
0.000000 
0.000000 
3.000000 
3.000000 
0.000000 
0.000000 
1.581139 
1.581139 
3.535534 
3.535534 
2.061553 
2.061553 
0.000000 
0.000000 
1.118034 
1.118034 
0.000000 
0.000000 
0.000000 
0.000000 
0.000000 
0.000000 
0.000000 
0.000000 
0.000000 
0.000000 
3.000000 
3.000000 
0.000000 
0.000000 
1.802776 
1.802776 
1.581139 
1.581139 
2.061553 
2.061553 
0.000000 
0.000000 
1.118034 
1.118034 
0.000000 
0.000000 
0.000000 
0.000000 
0.000000 
0.000000 
0.000000 
0.000000 
0.000000 
0.000000 
3.000000 
3.000000 
0.000000 
0.000000 
0.000000 
0.000000 
0.000000 
0.000000 
1.802776 
1.802776 
1.581139 
1.581139 
2.061553 
2.061553 
0.000000 
0.000000 
1.118034 
1.118034 
0.000000 
0.000000 
0.000000 
0.000000 
0.000000 
0.000000 
0.000000 
0.000000 
0.000000 
0.000000 
3.000000 
3.000000 
4.609772 
4.609772 
2.061553 
2.061553 
0.000000 
0.000000 
1.802776 
1.802776 
1.581139 
1.581139 
2.061553 
2.061553 
0.000000 
0.000000 
1.118034 
1.118034 
0.000000 
0.000000 
0.000000 
0.000000 
0.000000 
0.000000 
0.000000 
0.000000 
0.000000 
0.000000 
0.000000 
0.000000 
0.000000 
0.000000 
4.609772 
4.609772 
2.061553 
2.061553 
0.000000 
0.000000 
1.802776 
1.802776 
1.581139 
1.581139 
2.061553 
2.061553 
0.000000 
0.000000 
1.118034 
1.118034 
0.000000 
0.000000 
0.000000 
0.000000 
0.000000 
0.000000 
0.000000 
0.000000 
0.000000 
0.000000 
0.000000 
0.000000 
3.000000 
3.000000 
4.609772 
4.609772 
2.061553 
2.061553 
0.000000 
0.000000 
1.802776 
1.802776 
1.581139 
1.581139 
2.061553 
2.061553 
0.000000 
0.000000 
1.118034 
1.118034 
0.000000 
0.000000 
0.000000 
0.000000 
0.000000 
0.000000 
0.000000 
0.000000 
0.000000 
0.000000 
0.000000 
0.000000 
0.000000 
0.000000 
0.000000 
0.000000 
0.000000 
0.000000 
0.000000 
0.000000 
2.692582 
2.692582 
4.609772 
4.609772 
2.061553 
2.061553 
0.000000 
0.000000 
1.802776 
1.802776 
1.581139 
1.581139 
6.670832 
6.670832 
0.000000 
0.000000 
1.118034 
1.118034 
0.000000 
0.000000 
0.000000 
0.000000 
0.000000 
0.000000 
0.000000 
0.000000 
0.000000 
0.000000 
1.500000 
1.500000 
0.707107 
0.707107 
1.118034 
1.118034 
1.581139 
1.581139 
0.000000 
0.000000 
0.000000 
0.000000 
0.707107 
0.707107 
4.609772 
4.609772 
2.061553 
2.061553 
0.000000 
0.000000 
1.802776 
1.802776 
1.581139 
1.581139 
1.581139 
1.581139 
0.000000 
0.000000 
1.118034 
1.118034 
0.000000 
0.000000 
0.000000 
0.000000 
0.500000 
0.500000 
1.118034 
1.118034 
0.000000 
0.000000 
5.147815 
5.147815 
0.000000 
0.000000 
0.000000 
0.000000 
0.000000 
0.000000 
1.414214 
1.414214 
4.609772 
4.609772 
2.061553 
2.061553 
0.000000 
0.000000 
1.802776 
1.802776 
1.581139 
1.581139 
1.581139 
1.581139 
0.000000 
0.000000 
1.118034 
1.118034 
0.000000 
0.000000 
0.500000 
0.500000 
0.707107 
0.707107 
0.000000 
0.000000 
5.147815 
5.147815 
0.000000 
0.000000 
0.000000 
0.000000 
0.000000 
0.000000 
3.000000 
3.000000 
4.609772 
4.609772 
2.061553 
2.061553 
0.000000 
0.000000 
1.802776 
1.802776 
1.581139 
1.581139 
1.581139 
1.581139 
1.118034 
1.118034 
0.000000 
0.000000 
0.500000 
0.500000 
0.707107 
0.707107 
0.000000 
0.000000 
5.147815 
5.147815 
0.000000 
0.000000 
0.000000 
0.000000 
0.000000 
0.000000 
3.000000 
3.000000 
4.609772 
4.609772 
2.061553 
2.061553 
0.000000 
0.000000 
1.802776 
1.802776 
1.581139 
1.581139 
1.581139 
1.581139 
1.118034 
1.118034 
0.000000 
0.000000 
0.500000 
0.500000 
0.707107 
0.707107 
0.000000 
0.000000 
5.147815 
5.147815 
0.000000 
0.000000 
0.000000 
0.000000 
0.000000 
0.000000 
3.000000 
3.000000 
4.609772 
4.609772 
2.061553 
2.061553 
0.000000 
0.000000 
1.802776 
1.802776 
1.581139 
1.581139 
1.581139 
1.581139 
1.118034 
1.118034 
0.000000 
0.000000 
0.500000 
0.500000 
0.707107 
0.707107 
0.000000 
0.000000 
5.147815 
5.147815 
0.000000 
0.000000 
0.000000 
0.000000 
0.000000 
0.000000 
3.000000 
3.000000 
4.609772 
4.609772 
2.061553 
2.061553 
0.000000 
0.000000 
1.802776 
1.802776 
1.581139 
1.581139 
1.581139 
1.581139 
1.118034 
1.118034 
0.000000 
0.000000 
0.500000 
0.500000 
0.707107 
0.707107 
0.000000 
0.000000 
5.147815 
5.147815 
0.000000 
0.000000 
0.000000 
0.000000 
0.000000 
0.000000 
3.000000 
3.000000 
4.609772 
4.609772 
2.061553 
2.061553 
1.802776 
1.802776 
1.581139 
1.581139 
1.581139 
1.581139 
1.118034 
1.118034 
0.000000 
0.000000 
0.500000 
0.500000 
0.707107 
0.707107 
0.000000 
0.000000 
5.147815 
5.147815 
0.000000 
0.000000 
0.000000 
0.000000 
0.000000 
0.000000 
3.000000 
3.000000 
4.609772 
4.609772 
2.061553 
2.061553 
1.802776 
1.802776 
1.581139 
1.581139 
1.581139 
1.581139 
0.000000 
0.000000 
0.500000 
0.500000 
0.707107 
0.707107 
0.000000 
0.000000 
5.147815 
5.147815 
0.000000 
0.000000 
0.000000 
0.000000 
0.000000 
0.000000 
3.000000 
3.000000 
4.609772 
4.609772 
2.061553 
2.061553 
1.802776 
1.802776 
1.581139 
1.581139 
1.581139 
1.581139 
0.000000 
0.000000 
0.500000 
0.500000 
0.707107 
0.707107 
0.000000 
0.000000 
5.147815 
5.147815 
0.000000 
0.000000 
0.000000 
0.000000 
0.000000 
0.000000 
3.000000 
3.000000 
4.609772 
4.609772 
2.061553 
2.061553 
1.581139 
1.581139 
