0.000000 
0.000000 
0.000000 
0.000000 
0.000000 
0.000000 
0.000000 
0.000000 
0.000000 
0.000000 
0.500000 
0.500000 
0.500000 
0.500000 
1.000000 
1.000000 
0.000000 
0.000000 
0.707107 
0.707107 
0.500000 
0.500000 
0.000000 
0.000000 
2.061553 
2.061553 
1.118034 
1.118034 
0.707107 
0.707107 
0.000000 
0.000000 
1.118034 
1.118034 
0.000000 
0.000000 
2.061553 
2.061553 
1.000000 
1.000000 
4.500000 
4.500000 
0.000000 
0.000000 
1.000000 
1.000000 
0.500000 
0.500000 
1.000000 
1.000000 
2.061553 
2.061553 
0.500000 
0.500000 
1.118034 
1.118034 
4.031129 
4.031129 
0.500000 
0.500000 
1.802776 
1.802776 
1.000000 
1.000000 
2.061553 
2.061553 
0.500000 
0.500000 
1.802776 
1.802776 
1.414214 
1.414214 
1.414214 
1.414214 
1.118034 
1.118034 
0.500000 
0.500000 
2.061553 
2.061553 
0.500000 
0.500000 
0.500000 
0.500000 
1.118034 
1.118034 
1.118034 
1.118034 
2.061553 
2.061553 
0.500000 
0.500000 
2.061553 
2.061553 
0.500000 
0.500000 
1.118034 
1.118034 
1.414214 
1.414214 
0.707107 
0.707107 
2.061553 
2.061553 
0.500000 
0.500000 
2.061553 
2.061553 
0.707107 
0.707107 
4.031129 
4.031129 
0.000000 
0.000000 
1.581139 
1.581139 
0.707107 
0.707107 
1.581139 
1.581139 
0.500000 
0.500000 
2.061553 
2.061553 
0.000000 
0.000000 
2.000000 
2.000000 
0.707107 
0.707107 
2.549510 
2.549510 
0.707107 
0.707107 
2.061553 
2.061553 
0.500000 
0.500000 
2.061553 
2.061553 
0.500000 
0.500000 
1.000000 
1.000000 
0.500000 
0.500000 
1.000000 
1.000000 
0.707107 
0.707107 
2.061553 
2.061553 
0.500000 
0.500000 
2.061553 
2.061553 
0.500000 
0.500000 
1.414214 
1.414214 
0.707107 
0.707107 
1.414214 
1.414214 
0.707107 
0.707107 
1.414214 
1.414214 
0.500000 
0.500000 
2.061553 
2.061553 
0.500000 
0.500000 
1.118034 
1.118034 
1.000000 
1.000000 
3.162278 
3.162278 
0.707107 
0.707107 
2.061553 
2.061553 
0.500000 
0.500000 
2.061553 
2.061553 
0.707107 
0.707107 
3.162278 
3.162278 
0.000000 
0.000000 
1.118034 
1.118034 
1.118034 
1.118034 
0.707107 
0.707107 
2.121320 
2.121320 
4.000000 
4.000000 
2.061553 
2.061553 
1.000000 
1.000000 
1.414214 
1.414214 
0.000000 
0.000000 
3.201562 
3.201562 
1.414214 
1.414214 
0.707107 
0.707107 
1.118034 
1.118034 
0.500000 
0.500000 
2.061553 
2.061553 
1.500000 
1.500000 
1.581139 
1.581139 
0.000000 
0.000000 
6.576473 
6.576473 
1.118034 
1.118034 
0.707107 
0.707107 
0.500000 
0.500000 
0.000000 
0.000000 
2.061553 
2.061553 
2.692582 
2.692582 
1.118034 
1.118034 
0.000000 
0.000000 
1.581139 
1.581139 
0.500000 
0.500000 
0.707107 
0.707107 
2.061553 
2.061553 
0.000000 
0.000000 
1.118034 
1.118034 
2.549510 
2.549510 
0.000000 
0.000000 
2.000000 
2.000000 
1.581139 
1.581139 
0.707107 
0.707107 
1.414214 
1.414214 
0.000000 
0.000000 
4.031129 
4.031129 
3.535534 
3.535534 
0.000000 
0.000000 
3.041381 
3.041381 
4.031129 
4.031129 
0.707107 
0.707107 
1.500000 
1.500000 
0.000000 
0.000000 
1.118034 
1.118034 
1.581139 
1.581139 
0.000000 
0.000000 
2.915476 
2.915476 
1.000000 
1.000000 
0.707107 
0.707107 
1.118034 
1.118034 
0.000000 
0.000000 
1.000000 
1.000000 
1.802776 
1.802776 
0.000000 
0.000000 
1.581139 
1.581139 
4.123106 
4.123106 
0.707107 
0.707107 
1.581139 
1.581139 
0.000000 
0.000000 
1.118034 
1.118034 
1.118034 
1.118034 
0.000000 
0.000000 
4.272002 
4.272002 
1.000000 
1.000000 
0.707107 
0.707107 
1.118034 
1.118034 
0.000000 
0.000000 
1.118034 
1.118034 
3.535534 
3.535534 
0.000000 
0.000000 
0.500000 
0.500000 
1.000000 
1.000000 
1.581139 
1.581139 
0.000000 
0.000000 
1.118034 
1.118034 
1.500000 
1.500000 
0.000000 
0.000000 
0.000000 
0.000000 
1.500000 
1.500000 
1.000000 
1.000000 
2.692582 
2.692582 
0.000000 
0.000000 
1.118034 
1.118034 
2.915476 
2.915476 
1.581139 
1.581139 
0.000000 
0.000000 
1.118034 
1.118034 
0.707107 
0.707107 
0.707107 
0.707107 
0.000000 
0.000000 
1.118034 
1.118034 
1.802776 
1.802776 
1.581139 
1.581139 
0.000000 
0.000000 
1.500000 
1.500000 
1.118034 
1.118034 
1.802776 
1.802776 
0.000000 
0.000000 
1.118034 
1.118034 
1.118034 
1.118034 
1.581139 
1.581139 
0.000000 
0.000000 
1.581139 
1.581139 
1.000000 
1.000000 
1.500000 
1.500000 
0.000000 
0.000000 
1.118034 
1.118034 
1.118034 
1.118034 
1.581139 
1.581139 
0.000000 
0.000000 
2.236068 
2.236068 
1.000000 
1.000000 
1.802776 
1.802776 
0.000000 
0.000000 
1.118034 
1.118034 
1.000000 
1.000000 
1.581139 
1.581139 
1.000000 
1.000000 
1.000000 
1.000000 
1.581139 
1.581139 
0.000000 
0.000000 
1.118034 
1.118034 
1.414214 
1.414214 
1.581139 
1.581139 
5.099020 
5.099020 
1.000000 
1.000000 
1.118034 
1.118034 
0.000000 
0.000000 
1.118034 
1.118034 
1.414214 
1.414214 
1.581139 
1.581139 
1.000000 
1.000000 
1.000000 
1.000000 
4.500000 
4.500000 
1.118034 
1.118034 
1.414214 
1.414214 
1.581139 
1.581139 
2.236068 
2.236068 
1.000000 
1.000000 
3.354102 
3.354102 
1.118034 
1.118034 
1.414214 
1.414214 
1.581139 
1.581139 
2.236068 
2.236068 
1.000000 
1.000000 
0.707107 
0.707107 
1.118034 
1.118034 
1.414214 
1.414214 
1.581139 
1.581139 
3.000000 
3.000000 
1.000000 
1.000000 
1.414214 
1.414214 
1.118034 
1.118034 
1.414214 
1.414214 
1.581139 
1.581139 
1.581139 
1.581139 
1.000000 
1.000000 
3.535534 
3.535534 
1.118034 
1.118034 
1.414214 
1.414214 
1.581139 
1.581139 
0.500000 
0.500000 
1.000000 
1.000000 
1.581139 
1.581139 
1.414214 
1.414214 
1.581139 
1.581139 
0.500000 
0.500000 
1.000000 
1.000000 
1.581139 
1.581139 
1.414214 
1.414214 
1.581139 
1.581139 
0.500000 
0.500000 
1.000000 
1.000000 
1.581139 
1.581139 
1.414214 
1.414214 
