0.000000 
0.000000 
0.000000 
0.000000 
0.000000 
0.000000 
0.000000 
0.000000 
0.000000 
0.000000 
0.000000 
0.000000 
0.000000 
0.000000 
0.000000 
0.000000 
0.000000 
0.000000 
0.000000 
0.000000 
0.500000 
0.500000 
3.041381 
3.041381 
0.000000 
0.000000 
0.000000 
0.000000 
1.118034 
1.118034 
1.118034 
1.118034 
2.061553 
2.061553 
0.500000 
0.500000 
1.118034 
1.118034 
0.000000 
0.000000 
1.118034 
1.118034 
5.099020 
5.099020 
0.500000 
0.500000 
0.000000 
0.000000 
1.118034 
1.118034 
1.118034 
1.118034 
1.118034 
1.118034 
1.414214 
1.414214 
1.414214 
1.414214 
4.031129 
4.031129 
0.000000 
0.000000 
0.000000 
0.000000 
0.000000 
0.000000 
2.236068 
2.236068 
0.500000 
0.500000 
0.707107 
0.707107 
0.500000 
0.500000 
0.000000 
0.000000 
0.000000 
0.000000 
1.118034 
1.118034 
1.118034 
1.118034 
1.414214 
1.414214 
0.500000 
0.500000 
2.000000 
2.000000 
1.000000 
1.000000 
2.549510 
2.549510 
1.118034 
1.118034 
1.500000 
1.500000 
1.500000 
1.500000 
1.414214 
1.414214 
0.500000 
0.500000 
0.000000 
0.000000 
0.707107 
0.707107 
1.118034 
1.118034 
1.118034 
1.118034 
1.414214 
1.414214 
1.581139 
1.581139 
1.500000 
1.500000 
1.000000 
1.000000 
1.000000 
1.000000 
1.118034 
1.118034 
1.118034 
1.118034 
1.118034 
1.118034 
1.118034 
1.118034 
0.500000 
0.500000 
0.000000 
0.000000 
0.500000 
0.500000 
1.118034 
1.118034 
1.118034 
1.118034 
1.414214 
1.414214 
1.581139 
1.581139 
4.031129 
4.031129 
0.000000 
0.000000 
0.500000 
0.500000 
1.000000 
1.000000 
4.123106 
4.123106 
3.000000 
3.000000 
1.118034 
1.118034 
3.535534 
3.535534 
0.500000 
0.500000 
0.000000 
0.000000 
0.500000 
0.500000 
1.118034 
1.118034 
1.118034 
1.118034 
1.414214 
1.414214 
1.581139 
1.581139 
1.000000 
1.000000 
0.000000 
0.000000 
1.118034 
1.118034 
1.000000 
1.000000 
0.707107 
0.707107 
1.118034 
1.118034 
0.500000 
0.500000 
1.118034 
1.118034 
1.000000 
1.000000 
0.500000 
0.500000 
0.000000 
0.000000 
0.000000 
0.000000 
1.118034 
1.118034 
1.118034 
1.118034 
1.414214 
1.414214 
1.581139 
1.581139 
1.000000 
1.000000 
1.500000 
1.500000 
1.118034 
1.118034 
0.707107 
0.707107 
0.707107 
0.707107 
1.500000 
1.500000 
0.500000 
0.500000 
1.118034 
1.118034 
0.707107 
0.707107 
0.500000 
0.500000 
0.000000 
0.000000 
3.500000 
3.500000 
1.118034 
1.118034 
1.118034 
1.118034 
1.414214 
1.414214 
1.581139 
1.581139 
1.000000 
1.000000 
0.000000 
0.000000 
1.500000 
1.500000 
1.118034 
1.118034 
0.000000 
0.000000 
3.500000 
3.500000 
1.118034 
1.118034 
0.707107 
0.707107 
1.118034 
1.118034 
0.707107 
0.707107 
0.500000 
0.500000 
0.000000 
0.000000 
0.500000 
0.500000 
1.118034 
1.118034 
1.118034 
1.118034 
1.414214 
1.414214 
1.581139 
1.581139 
1.000000 
1.000000 
1.118034 
1.118034 
1.118034 
1.118034 
1.118034 
1.118034 
0.000000 
0.000000 
0.500000 
0.500000 
1.118034 
1.118034 
0.707107 
0.707107 
1.118034 
1.118034 
0.707107 
0.707107 
0.500000 
0.500000 
0.000000 
0.000000 
0.000000 
0.000000 
1.118034 
1.118034 
1.118034 
1.118034 
1.414214 
1.414214 
1.581139 
1.581139 
1.000000 
1.000000 
0.000000 
0.000000 
1.000000 
1.000000 
3.535534 
3.535534 
1.118034 
1.118034 
0.500000 
0.500000 
0.000000 
0.000000 
1.000000 
1.000000 
0.500000 
0.500000 
1.118034 
1.118034 
0.707107 
0.707107 
0.500000 
0.500000 
0.000000 
0.000000 
0.000000 
0.000000 
1.118034 
1.118034 
1.118034 
1.118034 
1.414214 
1.414214 
1.581139 
1.581139 
1.000000 
1.000000 
1.118034 
1.118034 
1.000000 
1.000000 
1.581139 
1.581139 
1.118034 
1.118034 
0.500000 
0.500000 
0.707107 
0.707107 
1.000000 
1.000000 
0.000000 
0.000000 
1.118034 
1.118034 
0.707107 
0.707107 
0.500000 
0.500000 
0.000000 
0.000000 
0.000000 
0.000000 
1.118034 
1.118034 
1.118034 
1.118034 
1.414214 
1.414214 
1.581139 
1.581139 
1.000000 
1.000000 
0.000000 
0.000000 
3.041381 
3.041381 
0.000000 
0.000000 
1.000000 
1.000000 
1.118034 
1.118034 
0.000000 
0.000000 
0.500000 
0.500000 
0.707107 
0.707107 
0.500000 
0.500000 
1.118034 
1.118034 
0.707107 
0.707107 
0.500000 
0.500000 
0.000000 
0.000000 
0.000000 
0.000000 
1.118034 
1.118034 
1.118034 
1.118034 
1.414214 
1.414214 
1.581139 
1.581139 
1.000000 
1.000000 
1.118034 
1.118034 
0.500000 
0.500000 
0.500000 
0.500000 
1.118034 
1.118034 
1.118034 
1.118034 
0.707107 
0.707107 
0.500000 
0.500000 
0.500000 
0.500000 
0.707107 
0.707107 
1.118034 
1.118034 
0.707107 
0.707107 
0.500000 
0.500000 
0.000000 
0.000000 
0.000000 
0.000000 
1.118034 
1.118034 
1.118034 
1.118034 
1.414214 
1.414214 
1.581139 
1.581139 
1.000000 
1.000000 
0.000000 
0.000000 
3.041381 
3.041381 
0.500000 
0.500000 
0.707107 
0.707107 
2.549510 
2.549510 
1.118034 
1.118034 
1.000000 
1.000000 
0.500000 
0.500000 
2.061553 
2.061553 
1.118034 
1.118034 
1.118034 
1.118034 
0.707107 
0.707107 
0.500000 
0.500000 
0.000000 
0.000000 
1.118034 
1.118034 
1.118034 
1.118034 
1.414214 
1.414214 
1.581139 
1.581139 
1.000000 
1.000000 
0.500000 
0.500000 
0.000000 
0.000000 
0.500000 
0.500000 
1.118034 
1.118034 
1.118034 
1.118034 
1.118034 
1.118034 
0.000000 
0.000000 
0.500000 
0.500000 
1.000000 
1.000000 
2.061553 
2.061553 
1.118034 
1.118034 
0.707107 
0.707107 
0.500000 
0.500000 
0.000000 
0.000000 
1.118034 
1.118034 
1.414214 
1.414214 
1.581139 
1.581139 
1.000000 
1.000000 
0.500000 
0.500000 
3.605551 
3.605551 
0.500000 
0.500000 
1.802776 
1.802776 
0.500000 
0.500000 
1.118034 
1.118034 
0.500000 
0.500000 
2.236068 
2.236068 
0.500000 
0.500000 
2.915476 
2.915476 
1.118034 
1.118034 
0.707107 
0.707107 
0.000000 
0.000000 
1.581139 
1.581139 
1.000000 
1.000000 
0.000000 
0.000000 
0.707107 
0.707107 
0.500000 
0.500000 
0.000000 
0.000000 
3.354102 
3.354102 
1.118034 
1.118034 
0.000000 
0.000000 
0.500000 
0.500000 
1.500000 
1.500000 
1.581139 
1.581139 
1.118034 
1.118034 
0.707107 
0.707107 
0.000000 
0.000000 
1.581139 
1.581139 
1.000000 
1.000000 
1.118034 
1.118034 
1.000000 
1.000000 
0.500000 
0.500000 
0.500000 
0.500000 
1.118034 
1.118034 
1.118034 
1.118034 
1.000000 
1.000000 
0.500000 
0.500000 
0.500000 
0.500000 
1.118034 
1.118034 
1.118034 
1.118034 
0.707107 
0.707107 
0.000000 
0.000000 
1.000000 
1.000000 
0.000000 
0.000000 
0.000000 
0.000000 
1.118034 
1.118034 
0.707107 
0.707107 
0.500000 
0.500000 
3.162278 
3.162278 
0.707107 
0.707107 
1.118034 
1.118034 
0.000000 
0.000000 
1.000000 
1.000000 
0.500000 
0.500000 
0.707107 
0.707107 
0.707107 
0.707107 
0.000000 
0.000000 
1.000000 
1.000000 
0.000000 
0.000000 
1.000000 
1.000000 
0.707107 
0.707107 
1.118034 
1.118034 
0.000000 
0.000000 
0.500000 
0.500000 
1.500000 
1.500000 
0.500000 
0.500000 
1.118034 
1.118034 
3.535534 
3.535534 
1.118034 
1.118034 
0.500000 
0.500000 
0.707107 
0.707107 
1.118034 
1.118034 
0.000000 
0.000000 
0.000000 
0.000000 
1.000000 
1.000000 
1.118034 
1.118034 
0.707107 
0.707107 
1.118034 
1.118034 
1.118034 
1.118034 
0.500000 
0.500000 
0.000000 
0.000000 
0.500000 
0.500000 
1.000000 
1.000000 
1.000000 
1.000000 
0.500000 
0.500000 
0.707107 
0.707107 
1.118034 
1.118034 
0.000000 
0.000000 
2.061553 
2.061553 
1.802776 
1.802776 
1.000000 
1.000000 
0.707107 
0.707107 
1.118034 
1.118034 
1.118034 
1.118034 
0.500000 
0.500000 
0.000000 
0.000000 
0.000000 
0.000000 
0.500000 
0.500000 
1.000000 
1.000000 
0.500000 
0.500000 
0.707107 
0.707107 
0.000000 
0.000000 
0.000000 
0.000000 
0.000000 
0.000000 
3.041381 
3.041381 
0.707107 
0.707107 
1.000000 
1.000000 
0.707107 
0.707107 
1.118034 
1.118034 
1.118034 
1.118034 
0.500000 
0.500000 
0.707107 
0.707107 
0.707107 
0.707107 
0.000000 
0.000000 
0.707107 
0.707107 
0.500000 
0.500000 
0.707107 
0.707107 
0.000000 
0.000000 
0.000000 
0.000000 
0.000000 
0.000000 
0.000000 
0.000000 
1.000000 
1.000000 
2.549510 
2.549510 
3.535534 
3.535534 
0.707107 
0.707107 
1.118034 
1.118034 
1.118034 
1.118034 
0.500000 
0.500000 
1.118034 
1.118034 
0.500000 
0.500000 
0.500000 
0.500000 
2.500000 
2.500000 
0.500000 
0.500000 
0.707107 
0.707107 
0.000000 
0.000000 
0.000000 
0.000000 
0.000000 
0.000000 
0.500000 
0.500000 
0.000000 
0.000000 
1.000000 
1.000000 
1.118034 
1.118034 
1.581139 
1.581139 
0.707107 
0.707107 
1.118034 
1.118034 
1.118034 
1.118034 
0.500000 
0.500000 
2.500000 
2.500000 
3.201562 
3.201562 
1.118034 
1.118034 
0.500000 
0.500000 
0.500000 
0.500000 
0.707107 
0.707107 
0.000000 
0.000000 
0.000000 
0.000000 
0.707107 
0.707107 
1.581139 
1.581139 
1.118034 
1.118034 
0.000000 
0.000000 
1.000000 
1.000000 
1.581139 
1.581139 
1.414214 
1.414214 
0.707107 
0.707107 
1.118034 
1.118034 
1.118034 
1.118034 
0.500000 
0.500000 
0.500000 
0.500000 
0.500000 
0.500000 
1.118034 
1.118034 
1.118034 
1.118034 
0.500000 
0.500000 
0.707107 
0.707107 
0.000000 
0.000000 
0.000000 
0.000000 
1.000000 
1.000000 
0.500000 
0.500000 
1.802776 
1.802776 
1.581139 
1.581139 
0.000000 
0.000000 
1.000000 
1.000000 
1.581139 
1.581139 
1.000000 
1.000000 
0.707107 
0.707107 
1.118034 
1.118034 
1.118034 
1.118034 
0.500000 
0.500000 
3.354102 
3.354102 
0.000000 
0.000000 
1.118034 
1.118034 
1.118034 
1.118034 
0.500000 
0.500000 
0.707107 
0.707107 
0.000000 
0.000000 
0.000000 
0.000000 
0.000000 
0.000000 
1.000000 
1.000000 
1.000000 
1.000000 
4.031129 
4.031129 
1.581139 
1.581139 
0.000000 
0.000000 
1.000000 
1.000000 
1.581139 
1.581139 
3.041381 
3.041381 
0.707107 
0.707107 
1.118034 
1.118034 
1.118034 
1.118034 
0.707107 
0.707107 
0.707107 
0.707107 
1.118034 
1.118034 
1.118034 
1.118034 
0.500000 
0.500000 
0.707107 
0.707107 
0.000000 
0.000000 
0.000000 
0.000000 
0.000000 
0.000000 
0.000000 
0.000000 
0.500000 
0.500000 
2.236068 
2.236068 
1.581139 
1.581139 
1.581139 
1.581139 
0.000000 
0.000000 
1.000000 
1.000000 
1.581139 
1.581139 
1.118034 
1.118034 
0.707107 
0.707107 
1.118034 
1.118034 
1.118034 
1.118034 
0.500000 
0.500000 
0.500000 
0.500000 
1.118034 
1.118034 
1.000000 
1.000000 
0.500000 
0.500000 
0.707107 
0.707107 
0.000000 
0.000000 
0.000000 
0.000000 
0.000000 
0.000000 
0.500000 
0.500000 
0.000000 
0.000000 
5.590170 
5.590170 
2.000000 
2.000000 
1.581139 
1.581139 
1.581139 
1.581139 
0.000000 
0.000000 
1.000000 
1.000000 
1.581139 
1.581139 
2.000000 
2.000000 
0.707107 
0.707107 
1.118034 
1.118034 
1.118034 
1.118034 
0.500000 
0.500000 
3.162278 
3.162278 
1.118034 
1.118034 
3.000000 
3.000000 
0.500000 
0.500000 
0.707107 
0.707107 
0.000000 
0.000000 
0.000000 
0.000000 
1.581139 
1.581139 
0.000000 
0.000000 
0.500000 
0.500000 
0.000000 
0.000000 
2.549510 
2.549510 
2.000000 
2.000000 
1.581139 
1.581139 
1.581139 
1.581139 
0.000000 
0.000000 
1.000000 
1.000000 
1.581139 
1.581139 
2.000000 
2.000000 
0.707107 
0.707107 
1.118034 
1.118034 
1.118034 
1.118034 
0.500000 
0.500000 
1.000000 
1.000000 
1.118034 
1.118034 
2.061553 
2.061553 
0.500000 
0.500000 
0.707107 
0.707107 
0.000000 
0.000000 
0.000000 
0.000000 
0.000000 
0.000000 
1.581139 
1.581139 
0.000000 
0.000000 
0.000000 
0.000000 
0.000000 
0.000000 
2.692582 
2.692582 
2.000000 
2.000000 
1.581139 
1.581139 
1.581139 
1.581139 
0.000000 
0.000000 
1.000000 
1.000000 
1.581139 
1.581139 
2.000000 
2.000000 
0.707107 
0.707107 
1.118034 
1.118034 
1.118034 
1.118034 
0.500000 
0.500000 
1.000000 
1.000000 
1.118034 
1.118034 
2.915476 
2.915476 
0.500000 
0.500000 
0.707107 
0.707107 
0.000000 
0.000000 
0.000000 
0.000000 
1.500000 
1.500000 
0.000000 
0.000000 
1.581139 
1.581139 
0.000000 
0.000000 
0.500000 
0.500000 
0.000000 
0.000000 
2.692582 
2.692582 
2.000000 
2.000000 
1.581139 
1.581139 
1.581139 
1.581139 
0.000000 
0.000000 
1.000000 
1.000000 
1.581139 
1.581139 
2.000000 
2.000000 
0.707107 
0.707107 
1.118034 
1.118034 
0.500000 
0.500000 
1.000000 
1.000000 
1.118034 
1.118034 
2.915476 
2.915476 
0.707107 
0.707107 
0.000000 
0.000000 
0.000000 
0.000000 
0.000000 
0.000000 
2.236068 
2.236068 
1.500000 
1.500000 
0.000000 
0.000000 
1.581139 
1.581139 
0.000000 
0.000000 
1.581139 
1.581139 
0.000000 
0.000000 
2.692582 
2.692582 
2.000000 
2.000000 
1.581139 
1.581139 
1.581139 
1.581139 
0.000000 
0.000000 
1.000000 
1.000000 
1.581139 
1.581139 
2.000000 
2.000000 
0.707107 
0.707107 
1.118034 
1.118034 
0.500000 
0.500000 
1.000000 
1.000000 
1.118034 
1.118034 
2.915476 
2.915476 
0.000000 
0.000000 
0.000000 
0.000000 
0.000000 
0.000000 
0.000000 
0.000000 
2.236068 
2.236068 
1.500000 
1.500000 
0.000000 
0.000000 
1.581139 
1.581139 
0.000000 
0.000000 
1.581139 
1.581139 
0.000000 
0.000000 
2.692582 
2.692582 
2.000000 
2.000000 
1.581139 
1.581139 
1.581139 
1.581139 
0.000000 
0.000000 
1.000000 
1.000000 
1.581139 
1.581139 
2.000000 
2.000000 
1.118034 
1.118034 
0.500000 
0.500000 
1.000000 
1.000000 
1.118034 
1.118034 
2.915476 
2.915476 
0.000000 
0.000000 
0.000000 
0.000000 
0.000000 
0.000000 
0.000000 
0.000000 
2.236068 
2.236068 
1.500000 
1.500000 
0.000000 
0.000000 
1.581139 
1.581139 
0.000000 
0.000000 
1.581139 
1.581139 
0.000000 
0.000000 
2.692582 
2.692582 
2.000000 
2.000000 
1.581139 
1.581139 
1.581139 
1.581139 
0.000000 
0.000000 
1.000000 
1.000000 
1.581139 
1.581139 
2.000000 
2.000000 
0.500000 
0.500000 
1.000000 
1.000000 
1.118034 
1.118034 
2.915476 
2.915476 
0.000000 
0.000000 
0.000000 
0.000000 
0.000000 
0.000000 
0.000000 
0.000000 
2.236068 
2.236068 
1.500000 
1.500000 
0.000000 
0.000000 
1.581139 
1.581139 
0.000000 
0.000000 
1.581139 
1.581139 
0.000000 
0.000000 
2.692582 
2.692582 
2.000000 
2.000000 
1.581139 
1.581139 
1.581139 
1.581139 
0.000000 
0.000000 
1.000000 
1.000000 
1.581139 
1.581139 
2.000000 
2.000000 
0.500000 
0.500000 
1.000000 
1.000000 
1.118034 
1.118034 
2.915476 
2.915476 
