0.000000 
0.000000 
0.000000 
0.000000 
0.000000 
0.000000 
0.000000 
0.000000 
0.000000 
0.000000 
2.121320 
2.121320 
0.000000 
0.000000 
3.535534 
3.535534 
0.500000 
0.500000 
2.061553 
2.061553 
0.707107 
0.707107 
0.000000 
0.000000 
2.000000 
2.000000 
1.000000 
1.000000 
0.000000 
0.000000 
0.000000 
0.000000 
2.061553 
2.061553 
4.500000 
4.500000 
0.000000 
0.000000 
2.000000 
2.000000 
5.024938 
5.024938 
2.000000 
2.000000 
2.000000 
2.000000 
2.061553 
2.061553 
1.581139 
1.581139 
0.000000 
0.000000 
2.000000 
2.000000 
3.000000 
3.000000 
1.500000 
1.500000 
1.581139 
1.581139 
2.061553 
2.061553 
2.692582 
2.692582 
0.000000 
0.000000 
2.000000 
2.000000 
3.500000 
3.500000 
0.000000 
0.000000 
1.500000 
1.500000 
0.500000 
0.500000 
2.061553 
2.061553 
3.162278 
3.162278 
0.000000 
0.000000 
2.000000 
2.000000 
2.061553 
2.061553 
0.000000 
0.000000 
0.000000 
0.000000 
1.500000 
1.500000 
0.500000 
0.500000 
2.061553 
2.061553 
2.061553 
2.061553 
0.000000 
0.000000 
2.000000 
2.000000 
6.020797 
6.020797 
0.707107 
0.707107 
0.000000 
0.000000 
1.500000 
1.500000 
0.500000 
0.500000 
2.061553 
2.061553 
4.527693 
4.527693 
0.000000 
0.000000 
2.000000 
2.000000 
2.500000 
2.500000 
0.500000 
0.500000 
0.000000 
0.000000 
1.500000 
1.500000 
0.500000 
0.500000 
2.061553 
2.061553 
0.707107 
0.707107 
0.000000 
0.000000 
2.000000 
2.000000 
2.915476 
2.915476 
2.500000 
2.500000 
0.000000 
0.000000 
1.500000 
1.500000 
0.500000 
0.500000 
2.061553 
2.061553 
0.707107 
0.707107 
0.000000 
0.000000 
2.000000 
2.000000 
1.414214 
1.414214 
1.000000 
1.000000 
0.000000 
0.000000 
1.500000 
1.500000 
0.500000 
0.500000 
2.061553 
2.061553 
0.707107 
0.707107 
0.000000 
0.000000 
2.000000 
2.000000 
0.707107 
0.707107 
0.000000 
0.000000 
0.500000 
0.500000 
0.000000 
0.000000 
1.500000 
1.500000 
0.500000 
0.500000 
2.061553 
2.061553 
0.707107 
0.707107 
0.000000 
0.000000 
2.000000 
2.000000 
1.802776 
1.802776 
0.000000 
0.000000 
0.000000 
0.000000 
1.000000 
1.000000 
0.000000 
0.000000 
1.500000 
1.500000 
0.500000 
0.500000 
2.061553 
2.061553 
0.707107 
0.707107 
0.000000 
0.000000 
2.000000 
2.000000 
1.581139 
1.581139 
0.000000 
0.000000 
0.000000 
0.000000 
0.000000 
0.000000 
0.707107 
0.707107 
0.000000 
0.000000 
1.500000 
1.500000 
0.500000 
0.500000 
2.061553 
2.061553 
0.707107 
0.707107 
0.000000 
0.000000 
2.000000 
2.000000 
2.236068 
2.236068 
0.000000 
0.000000 
0.000000 
0.000000 
0.000000 
0.000000 
0.000000 
0.000000 
0.707107 
0.707107 
0.000000 
0.000000 
1.500000 
1.500000 
0.500000 
0.500000 
2.061553 
2.061553 
0.707107 
0.707107 
2.000000 
2.000000 
2.236068 
2.236068 
0.000000 
0.000000 
0.000000 
0.000000 
0.000000 
0.000000 
0.000000 
0.000000 
0.000000 
0.000000 
3.640055 
3.640055 
0.000000 
0.000000 
1.500000 
1.500000 
0.500000 
0.500000 
2.061553 
2.061553 
0.707107 
0.707107 
2.000000 
2.000000 
2.236068 
2.236068 
0.000000 
0.000000 
2.692582 
2.692582 
0.000000 
0.000000 
0.000000 
0.000000 
0.000000 
0.000000 
0.000000 
0.000000 
3.640055 
3.640055 
0.000000 
0.000000 
1.500000 
1.500000 
0.500000 
0.500000 
0.707107 
0.707107 
2.236068 
2.236068 
1.581139 
1.581139 
3.807887 
3.807887 
0.000000 
0.000000 
0.000000 
0.000000 
0.000000 
0.000000 
0.000000 
0.000000 
3.640055 
3.640055 
0.000000 
0.000000 
1.500000 
1.500000 
0.500000 
0.500000 
0.707107 
0.707107 
2.236068 
2.236068 
1.581139 
1.581139 
2.500000 
2.500000 
0.000000 
0.000000 
0.000000 
0.000000 
0.000000 
0.000000 
0.000000 
0.000000 
3.640055 
3.640055 
0.000000 
0.000000 
1.500000 
1.500000 
0.500000 
0.500000 
0.707107 
0.707107 
2.236068 
2.236068 
0.000000 
0.000000 
1.500000 
1.500000 
2.000000 
2.000000 
0.000000 
0.000000 
0.000000 
0.000000 
0.000000 
0.000000 
0.000000 
0.000000 
3.640055 
3.640055 
0.000000 
0.000000 
0.500000 
0.500000 
0.707107 
0.707107 
2.236068 
2.236068 
0.000000 
0.000000 
2.549510 
2.549510 
5.099020 
5.099020 
0.000000 
0.000000 
0.000000 
0.000000 
0.000000 
0.000000 
0.000000 
0.000000 
3.640055 
3.640055 
0.707107 
0.707107 
2.236068 
2.236068 
0.000000 
0.000000 
0.000000 
0.000000 
0.500000 
0.500000 
2.000000 
2.000000 
0.000000 
0.000000 
0.000000 
0.000000 
0.000000 
0.000000 
0.000000 
0.000000 
3.640055 
3.640055 
0.707107 
0.707107 
2.236068 
2.236068 
0.000000 
0.000000 
2.549510 
2.549510 
0.000000 
0.000000 
1.581139 
1.581139 
3.041381 
3.041381 
0.000000 
0.000000 
0.000000 
0.000000 
0.000000 
0.000000 
0.000000 
0.000000 
3.640055 
3.640055 
0.707107 
0.707107 
2.236068 
2.236068 
1.581139 
1.581139 
3.162278 
3.162278 
0.000000 
0.000000 
1.000000 
1.000000 
2.692582 
2.692582 
0.000000 
0.000000 
0.000000 
0.000000 
0.000000 
0.000000 
0.000000 
0.000000 
3.640055 
3.640055 
2.236068 
2.236068 
1.581139 
1.581139 
3.201562 
3.201562 
0.000000 
0.000000 
3.500000 
3.500000 
5.522681 
5.522681 
0.000000 
0.000000 
0.000000 
0.000000 
0.000000 
0.000000 
0.000000 
0.000000 
3.640055 
3.640055 
2.236068 
2.236068 
0.000000 
0.000000 
1.581139 
1.581139 
1.414214 
1.414214 
0.000000 
0.000000 
1.414214 
1.414214 
2.061553 
2.061553 
0.000000 
0.000000 
0.000000 
0.000000 
0.000000 
0.000000 
0.000000 
0.000000 
3.640055 
3.640055 
2.236068 
2.236068 
0.000000 
0.000000 
0.000000 
0.000000 
1.581139 
1.581139 
6.020797 
6.020797 
0.000000 
0.000000 
1.118034 
1.118034 
2.061553 
2.061553 
0.000000 
0.000000 
0.000000 
0.000000 
0.000000 
0.000000 
3.640055 
3.640055 
2.236068 
2.236068 
0.000000 
0.000000 
0.000000 
0.000000 
0.000000 
0.000000 
1.581139 
1.581139 
2.236068 
2.236068 
0.000000 
0.000000 
1.581139 
1.581139 
3.000000 
3.000000 
0.000000 
0.000000 
0.000000 
0.000000 
3.640055 
3.640055 
2.236068 
2.236068 
4.609772 
4.609772 
0.000000 
0.000000 
0.000000 
0.000000 
1.581139 
1.581139 
2.500000 
2.500000 
0.000000 
0.000000 
4.031129 
4.031129 
2.549510 
2.549510 
0.000000 
0.000000 
3.640055 
3.640055 
4.123106 
4.123106 
0.000000 
0.000000 
0.000000 
0.000000 
1.581139 
1.581139 
2.549510 
2.549510 
0.000000 
0.000000 
3.041381 
3.041381 
5.024938 
5.024938 
3.640055 
3.640055 
0.000000 
0.000000 
0.000000 
0.000000 
6.020797 
6.020797 
0.000000 
0.000000 
0.000000 
0.000000 
1.581139 
1.581139 
2.549510 
2.549510 
0.000000 
0.000000 
1.414214 
1.414214 
4.272002 
4.272002 
2.061553 
2.061553 
1.500000 
1.500000 
4.609772 
4.609772 
0.000000 
0.000000 
0.000000 
0.000000 
1.581139 
1.581139 
2.549510 
2.549510 
0.000000 
0.000000 
1.000000 
1.000000 
4.272002 
4.272002 
2.692582 
2.692582 
4.527693 
4.527693 
2.549510 
2.549510 
0.000000 
0.000000 
0.000000 
0.000000 
1.581139 
1.581139 
2.549510 
2.549510 
0.000000 
0.000000 
0.500000 
0.500000 
4.272002 
4.272002 
3.041381 
3.041381 
1.000000 
1.000000 
5.024938 
5.024938 
0.000000 
0.000000 
0.000000 
0.000000 
1.581139 
1.581139 
2.549510 
2.549510 
0.000000 
0.000000 
0.707107 
0.707107 
4.272002 
4.272002 
1.500000 
1.500000 
2.061553 
2.061553 
2.061553 
2.061553 
0.000000 
0.000000 
0.000000 
0.000000 
1.581139 
1.581139 
2.549510 
2.549510 
0.500000 
0.500000 
4.272002 
4.272002 
0.000000 
0.000000 
0.000000 
0.000000 
1.500000 
1.500000 
2.061553 
2.061553 
1.500000 
1.500000 
0.000000 
0.000000 
0.000000 
0.000000 
1.581139 
1.581139 
2.549510 
2.549510 
0.500000 
0.500000 
4.272002 
4.272002 
4.924429 
4.924429 
0.707107 
0.707107 
1.500000 
1.500000 
2.061553 
2.061553 
2.000000 
2.000000 
0.000000 
0.000000 
0.000000 
0.000000 
1.581139 
1.581139 
2.549510 
2.549510 
0.500000 
0.500000 
4.272002 
4.272002 
1.118034 
1.118034 
0.500000 
0.500000 
1.500000 
1.500000 
2.061553 
2.061553 
3.354102 
3.354102 
0.000000 
0.000000 
0.000000 
0.000000 
1.581139 
1.581139 
2.549510 
2.549510 
0.500000 
0.500000 
4.272002 
4.272002 
