0.000000 
0.000000 
0.000000 
0.000000 
0.000000 
0.000000 
0.000000 
0.000000 
0.000000 
0.000000 
0.000000 
0.000000 
0.000000 
0.000000 
0.000000 
0.000000 
2.000000 
2.000000 
0.000000 
0.000000 
0.707107 
0.707107 
0.000000 
0.000000 
1.118034 
1.118034 
0.500000 
0.500000 
1.500000 
1.500000 
1.000000 
1.000000 
2.000000 
2.000000 
0.500000 
0.500000 
0.707107 
0.707107 
1.000000 
1.000000 
1.000000 
1.000000 
0.000000 
0.000000 
1.414214 
1.414214 
0.500000 
0.500000 
2.000000 
2.000000 
4.527693 
4.527693 
0.707107 
0.707107 
3.162278 
3.162278 
0.500000 
0.500000 
1.000000 
1.000000 
2.500000 
2.500000 
3.162278 
3.162278 
0.000000 
0.000000 
2.000000 
2.000000 
0.707107 
0.707107 
0.707107 
0.707107 
1.000000 
1.000000 
0.000000 
0.000000 
0.000000 
0.000000 
1.118034 
1.118034 
1.118034 
1.118034 
0.000000 
0.000000 
1.000000 
1.000000 
2.000000 
2.000000 
0.500000 
0.500000 
0.707107 
0.707107 
3.000000 
3.000000 
1.000000 
1.000000 
2.236068 
2.236068 
1.581139 
1.581139 
1.581139 
1.581139 
0.000000 
0.000000 
1.581139 
1.581139 
1.000000 
1.000000 
2.000000 
2.000000 
0.500000 
0.500000 
0.707107 
0.707107 
3.162278 
3.162278 
0.500000 
0.500000 
1.118034 
1.118034 
0.707107 
0.707107 
1.118034 
1.118034 
0.000000 
0.000000 
0.000000 
0.000000 
0.000000 
0.000000 
8.631338 
8.631338 
1.000000 
1.000000 
2.000000 
2.000000 
0.500000 
0.500000 
0.707107 
0.707107 
0.707107 
0.707107 
0.000000 
0.000000 
1.000000 
1.000000 
0.000000 
0.000000 
4.031129 
4.031129 
1.000000 
1.000000 
1.118034 
1.118034 
0.000000 
0.000000 
1.802776 
1.802776 
1.000000 
1.000000 
2.000000 
2.000000 
0.500000 
0.500000 
0.707107 
0.707107 
1.000000 
1.000000 
0.707107 
0.707107 
2.000000 
2.000000 
1.581139 
1.581139 
1.414214 
1.414214 
1.000000 
1.000000 
1.118034 
1.118034 
0.000000 
0.000000 
1.500000 
1.500000 
1.000000 
1.000000 
2.000000 
2.000000 
0.500000 
0.500000 
0.707107 
0.707107 
0.500000 
0.500000 
0.500000 
0.500000 
1.118034 
1.118034 
0.500000 
0.500000 
1.000000 
1.000000 
0.000000 
0.000000 
1.000000 
1.000000 
1.118034 
1.118034 
0.000000 
0.000000 
1.500000 
1.500000 
3.162278 
3.162278 
2.000000 
2.000000 
0.500000 
0.500000 
0.707107 
0.707107 
1.000000 
1.000000 
0.500000 
0.500000 
1.118034 
1.118034 
1.581139 
1.581139 
1.118034 
1.118034 
1.581139 
1.581139 
1.000000 
1.000000 
1.118034 
1.118034 
0.000000 
0.000000 
1.500000 
1.500000 
0.707107 
0.707107 
2.000000 
2.000000 
0.500000 
0.500000 
0.707107 
0.707107 
1.500000 
1.500000 
0.707107 
0.707107 
1.118034 
1.118034 
1.414214 
1.414214 
4.500000 
4.500000 
1.581139 
1.581139 
1.000000 
1.000000 
1.118034 
1.118034 
0.000000 
0.000000 
1.500000 
1.500000 
1.000000 
1.000000 
2.000000 
2.000000 
0.500000 
0.500000 
0.707107 
0.707107 
2.061553 
2.061553 
4.031129 
4.031129 
1.118034 
1.118034 
2.061553 
2.061553 
4.500000 
4.500000 
1.581139 
1.581139 
1.000000 
1.000000 
1.118034 
1.118034 
0.000000 
0.000000 
1.500000 
1.500000 
1.500000 
1.500000 
2.000000 
2.000000 
0.500000 
0.500000 
0.707107 
0.707107 
2.061553 
2.061553 
1.581139 
1.581139 
1.118034 
1.118034 
3.905125 
3.905125 
4.500000 
4.500000 
0.000000 
0.000000 
1.581139 
1.581139 
1.000000 
1.000000 
1.118034 
1.118034 
0.000000 
0.000000 
1.500000 
1.500000 
1.500000 
1.500000 
2.000000 
2.000000 
0.500000 
0.500000 
0.707107 
0.707107 
2.061553 
2.061553 
2.061553 
2.061553 
1.118034 
1.118034 
2.549510 
2.549510 
4.500000 
4.500000 
0.000000 
0.000000 
0.707107 
0.707107 
1.581139 
1.581139 
1.000000 
1.000000 
1.118034 
1.118034 
0.000000 
0.000000 
1.500000 
1.500000 
1.500000 
1.500000 
2.000000 
2.000000 
0.500000 
0.500000 
0.707107 
0.707107 
2.061553 
2.061553 
2.061553 
2.061553 
1.118034 
1.118034 
2.549510 
2.549510 
4.500000 
4.500000 
3.807887 
3.807887 
0.707107 
0.707107 
1.581139 
1.581139 
1.000000 
1.000000 
1.118034 
1.118034 
0.000000 
0.000000 
1.500000 
1.500000 
1.500000 
1.500000 
0.500000 
0.500000 
0.707107 
0.707107 
2.061553 
2.061553 
2.061553 
2.061553 
1.118034 
1.118034 
2.549510 
2.549510 
4.500000 
4.500000 
3.807887 
3.807887 
0.707107 
0.707107 
1.581139 
1.581139 
1.000000 
1.000000 
1.118034 
1.118034 
0.000000 
0.000000 
1.500000 
1.500000 
1.500000 
1.500000 
0.500000 
0.500000 
2.061553 
2.061553 
2.061553 
2.061553 
1.118034 
1.118034 
2.549510 
2.549510 
4.500000 
4.500000 
3.807887 
3.807887 
0.707107 
0.707107 
1.581139 
1.581139 
1.000000 
1.000000 
1.118034 
1.118034 
0.000000 
0.000000 
1.500000 
1.500000 
1.500000 
1.500000 
0.500000 
0.500000 
2.061553 
2.061553 
2.061553 
2.061553 
1.118034 
1.118034 
2.549510 
2.549510 
4.500000 
4.500000 
0.000000 
0.000000 
3.807887 
3.807887 
0.707107 
0.707107 
1.581139 
1.581139 
1.000000 
1.000000 
1.118034 
1.118034 
0.000000 
0.000000 
1.500000 
1.500000 
1.500000 
1.500000 
0.500000 
0.500000 
2.061553 
2.061553 
2.061553 
2.061553 
1.118034 
1.118034 
2.549510 
2.549510 
4.500000 
4.500000 
0.000000 
0.000000 
3.041381 
3.041381 
3.807887 
3.807887 
0.707107 
0.707107 
1.581139 
1.581139 
1.000000 
1.000000 
1.118034 
1.118034 
0.000000 
0.000000 
1.500000 
1.500000 
1.500000 
1.500000 
0.500000 
0.500000 
2.061553 
2.061553 
2.061553 
2.061553 
1.118034 
1.118034 
2.549510 
2.549510 
4.500000 
4.500000 
0.000000 
0.000000 
4.272002 
4.272002 
3.041381 
3.041381 
3.807887 
3.807887 
0.707107 
0.707107 
1.581139 
1.581139 
1.000000 
1.000000 
1.118034 
1.118034 
1.500000 
1.500000 
1.500000 
1.500000 
2.061553 
2.061553 
2.061553 
2.061553 
1.118034 
1.118034 
2.549510 
2.549510 
4.500000 
4.500000 
0.000000 
0.000000 
4.031129 
4.031129 
2.915476 
2.915476 
3.041381 
3.041381 
3.807887 
3.807887 
0.707107 
0.707107 
1.581139 
1.581139 
1.000000 
1.000000 
1.118034 
1.118034 
1.500000 
1.500000 
1.500000 
1.500000 
2.061553 
2.061553 
2.061553 
2.061553 
1.118034 
1.118034 
2.549510 
2.549510 
4.500000 
4.500000 
0.000000 
0.000000 
0.000000 
0.000000 
0.000000 
0.000000 
0.000000 
0.000000 
4.031129 
4.031129 
4.743416 
4.743416 
3.041381 
3.041381 
3.807887 
3.807887 
0.707107 
0.707107 
1.581139 
1.581139 
1.118034 
1.118034 
1.500000 
1.500000 
1.500000 
1.500000 
2.061553 
2.061553 
2.061553 
2.061553 
1.118034 
1.118034 
2.549510 
2.549510 
4.500000 
4.500000 
1.500000 
1.500000 
1.581139 
1.581139 
2.000000 
2.000000 
0.000000 
0.000000 
4.031129 
4.031129 
0.500000 
0.500000 
3.041381 
3.041381 
3.807887 
3.807887 
0.707107 
0.707107 
1.581139 
1.581139 
1.118034 
1.118034 
1.500000 
1.500000 
2.061553 
2.061553 
2.061553 
2.061553 
2.549510 
2.549510 
4.500000 
4.500000 
0.000000 
0.000000 
1.500000 
1.500000 
2.500000 
2.500000 
2.000000 
2.000000 
0.000000 
0.000000 
4.031129 
4.031129 
4.272002 
4.272002 
3.041381 
3.041381 
3.807887 
3.807887 
0.707107 
0.707107 
1.581139 
1.581139 
1.500000 
1.500000 
2.061553 
2.061553 
2.061553 
2.061553 
2.549510 
2.549510 
4.500000 
4.500000 
0.000000 
0.000000 
0.707107 
0.707107 
0.500000 
0.500000 
1.000000 
1.000000 
2.915476 
2.915476 
0.000000 
0.000000 
4.031129 
4.031129 
1.581139 
1.581139 
3.041381 
3.041381 
3.807887 
3.807887 
0.707107 
0.707107 
1.500000 
1.500000 
2.061553 
2.061553 
2.061553 
2.061553 
2.549510 
2.549510 
0.000000 
0.000000 
0.500000 
0.500000 
1.802776 
1.802776 
1.118034 
1.118034 
0.500000 
0.500000 
1.118034 
1.118034 
0.000000 
0.000000 
4.031129 
4.031129 
2.000000 
2.000000 
3.041381 
3.041381 
3.807887 
3.807887 
0.707107 
0.707107 
1.500000 
1.500000 
2.061553 
2.061553 
2.549510 
2.549510 
0.500000 
0.500000 
0.500000 
0.500000 
0.500000 
0.500000 
0.000000 
0.000000 
1.802776 
1.802776 
1.500000 
1.500000 
0.000000 
0.000000 
4.031129 
4.031129 
2.500000 
2.500000 
3.041381 
3.041381 
3.807887 
3.807887 
0.707107 
0.707107 
2.061553 
2.061553 
2.549510 
2.549510 
0.500000 
0.500000 
0.000000 
0.000000 
0.707107 
0.707107 
1.500000 
1.500000 
2.236068 
2.236068 
2.500000 
2.500000 
0.000000 
0.000000 
4.031129 
4.031129 
2.549510 
2.549510 
3.041381 
3.041381 
3.807887 
3.807887 
0.707107 
0.707107 
0.000000 
0.000000 
0.707107 
0.707107 
0.000000 
0.000000 
1.118034 
1.118034 
1.500000 
1.500000 
2.236068 
2.236068 
3.000000 
3.000000 
0.000000 
0.000000 
4.031129 
4.031129 
2.549510 
2.549510 
3.041381 
3.041381 
3.807887 
3.807887 
2.500000 
2.500000 
0.500000 
0.500000 
0.500000 
0.500000 
2.236068 
2.236068 
1.500000 
1.500000 
2.236068 
2.236068 
2.549510 
2.549510 
0.000000 
0.000000 
5.590170 
5.590170 
2.549510 
2.549510 
3.041381 
3.041381 
0.000000 
0.000000 
2.500000 
2.500000 
3.162278 
3.162278 
1.118034 
1.118034 
3.640055 
3.640055 
1.500000 
1.500000 
2.236068 
2.236068 
2.549510 
2.549510 
0.000000 
0.000000 
2.061553 
2.061553 
2.549510 
2.549510 
3.041381 
3.041381 
3.500000 
3.500000 
2.500000 
2.500000 
0.000000 
0.000000 
0.500000 
0.500000 
1.118034 
1.118034 
1.500000 
1.500000 
2.236068 
2.236068 
2.549510 
2.549510 
0.000000 
0.000000 
2.061553 
2.061553 
2.549510 
2.549510 
3.041381 
3.041381 
3.000000 
3.000000 
2.500000 
2.500000 
3.605551 
3.605551 
1.581139 
1.581139 
0.707107 
0.707107 
1.500000 
1.500000 
2.236068 
2.236068 
2.549510 
2.549510 
0.000000 
0.000000 
2.061553 
2.061553 
2.549510 
2.549510 
3.041381 
3.041381 
0.000000 
0.000000 
0.000000 
0.000000 
3.000000 
3.000000 
2.500000 
2.500000 
1.000000 
1.000000 
1.581139 
1.581139 
0.707107 
0.707107 
1.500000 
1.500000 
2.236068 
2.236068 
2.549510 
2.549510 
0.000000 
0.000000 
2.061553 
2.061553 
2.549510 
2.549510 
6.500000 
6.500000 
2.500000 
2.500000 
1.118034 
1.118034 
3.000000 
3.000000 
2.500000 
2.500000 
1.414214 
1.414214 
1.581139 
1.581139 
3.500000 
3.500000 
1.500000 
1.500000 
2.236068 
2.236068 
2.549510 
2.549510 
0.000000 
0.000000 
2.061553 
2.061553 
2.549510 
2.549510 
6.500000 
6.500000 
0.000000 
0.000000 
0.000000 
0.000000 
3.535534 
3.535534 
1.118034 
1.118034 
3.000000 
3.000000 
2.500000 
2.500000 
0.707107 
0.707107 
1.581139 
1.581139 
2.000000 
2.000000 
1.500000 
1.500000 
2.236068 
2.236068 
2.549510 
2.549510 
2.061553 
2.061553 
2.549510 
2.549510 
6.500000 
6.500000 
0.000000 
0.000000 
0.000000 
0.000000 
0.000000 
0.000000 
3.500000 
3.500000 
3.535534 
3.535534 
1.118034 
1.118034 
3.000000 
3.000000 
2.500000 
2.500000 
3.041381 
3.041381 
1.581139 
1.581139 
3.500000 
3.500000 
1.500000 
1.500000 
2.236068 
2.236068 
2.549510 
2.549510 
2.061553 
2.061553 
2.549510 
2.549510 
6.500000 
6.500000 
