0.000000 
0.000000 
0.000000 
0.000000 
0.000000 
0.000000 
0.000000 
0.000000 
0.000000 
0.000000 
0.000000 
0.000000 
0.000000 
0.000000 
0.000000 
0.000000 
1.500000 
1.500000 
8.514693 
8.514693 
0.000000 
0.000000 
3.162278 
3.162278 
0.500000 
0.500000 
1.414214 
1.414214 
0.000000 
0.000000 
1.118034 
1.118034 
3.041381 
3.041381 
0.500000 
0.500000 
0.500000 
0.500000 
1.000000 
1.000000 
0.707107 
0.707107 
0.000000 
0.000000 
1.000000 
1.000000 
3.535534 
3.535534 
0.000000 
0.000000 
1.118034 
1.118034 
1.118034 
1.118034 
1.118034 
1.118034 
0.000000 
0.000000 
1.581139 
1.581139 
9.219544 
9.219544 
0.500000 
0.500000 
0.707107 
0.707107 
1.118034 
1.118034 
1.000000 
1.000000 
0.000000 
0.000000 
0.000000 
0.000000 
3.640055 
3.640055 
9.219544 
9.219544 
1.000000 
1.000000 
0.707107 
0.707107 
1.118034 
1.118034 
1.500000 
1.500000 
2.500000 
2.500000 
0.000000 
0.000000 
1.000000 
1.000000 
9.219544 
9.219544 
1.000000 
1.000000 
3.535534 
3.535534 
3.605551 
3.605551 
1.500000 
1.500000 
0.000000 
0.000000 
2.500000 
2.500000 
0.000000 
0.000000 
0.707107 
0.707107 
9.219544 
9.219544 
0.500000 
0.500000 
0.707107 
0.707107 
0.500000 
0.500000 
0.500000 
0.500000 
2.236068 
2.236068 
2.500000 
2.500000 
0.000000 
0.000000 
0.500000 
0.500000 
9.219544 
9.219544 
0.000000 
0.000000 
1.000000 
1.000000 
1.118034 
1.118034 
1.000000 
1.000000 
1.118034 
1.118034 
2.500000 
2.500000 
0.000000 
0.000000 
1.000000 
1.000000 
9.219544 
9.219544 
0.707107 
0.707107 
1.500000 
1.500000 
0.500000 
0.500000 
0.500000 
0.500000 
0.707107 
0.707107 
2.500000 
2.500000 
0.000000 
0.000000 
0.500000 
0.500000 
9.219544 
9.219544 
0.707107 
0.707107 
1.581139 
1.581139 
1.581139 
1.581139 
0.500000 
0.500000 
1.118034 
1.118034 
2.500000 
2.500000 
0.000000 
0.000000 
0.500000 
0.500000 
9.219544 
9.219544 
1.118034 
1.118034 
1.500000 
1.500000 
0.707107 
0.707107 
3.500000 
3.500000 
0.707107 
0.707107 
2.500000 
2.500000 
0.000000 
0.000000 
0.500000 
0.500000 
9.219544 
9.219544 
0.500000 
0.500000 
1.581139 
1.581139 
0.000000 
0.000000 
0.000000 
0.000000 
1.118034 
1.118034 
2.500000 
2.500000 
0.000000 
0.000000 
0.500000 
0.500000 
9.219544 
9.219544 
1.581139 
1.581139 
1.118034 
1.118034 
0.000000 
0.000000 
0.000000 
0.000000 
0.000000 
0.000000 
2.500000 
2.500000 
0.000000 
0.000000 
0.500000 
0.500000 
9.219544 
9.219544 
0.500000 
0.500000 
3.807887 
3.807887 
0.500000 
0.500000 
1.118034 
1.118034 
0.707107 
0.707107 
2.500000 
2.500000 
0.500000 
0.500000 
9.219544 
9.219544 
3.807887 
3.807887 
1.000000 
1.000000 
1.581139 
1.581139 
0.500000 
0.500000 
0.500000 
0.500000 
2.500000 
2.500000 
0.500000 
0.500000 
9.219544 
9.219544 
0.500000 
0.500000 
4.031129 
4.031129 
0.707107 
0.707107 
1.118034 
1.118034 
1.000000 
1.000000 
2.500000 
2.500000 
0.500000 
0.500000 
9.219544 
9.219544 
1.000000 
1.000000 
1.118034 
1.118034 
0.707107 
0.707107 
0.000000 
0.000000 
1.118034 
1.118034 
2.500000 
2.500000 
0.500000 
0.500000 
9.219544 
9.219544 
0.500000 
0.500000 
1.118034 
1.118034 
2.061553 
2.061553 
0.500000 
0.500000 
1.581139 
1.581139 
2.500000 
2.500000 
0.500000 
0.500000 
0.500000 
0.500000 
1.414214 
1.414214 
0.707107 
0.707107 
1.118034 
1.118034 
0.000000 
0.000000 
1.118034 
1.118034 
2.500000 
2.500000 
0.500000 
0.500000 
0.500000 
0.500000 
0.707107 
0.707107 
0.500000 
0.500000 
0.707107 
0.707107 
0.000000 
0.000000 
0.000000 
0.000000 
0.000000 
0.000000 
0.000000 
0.000000 
1.118034 
1.118034 
0.500000 
0.500000 
0.000000 
0.000000 
1.414214 
1.414214 
1.000000 
1.000000 
0.000000 
0.000000 
3.605551 
3.605551 
0.500000 
0.500000 
1.802776 
1.802776 
0.000000 
0.000000 
1.118034 
1.118034 
0.500000 
0.500000 
1.000000 
1.000000 
1.118034 
1.118034 
1.000000 
1.000000 
0.707107 
0.707107 
3.041381 
3.041381 
0.500000 
0.500000 
1.000000 
1.000000 
0.000000 
0.000000 
1.118034 
1.118034 
0.500000 
0.500000 
1.581139 
1.581139 
1.000000 
1.000000 
1.581139 
1.581139 
0.000000 
0.000000 
0.000000 
0.000000 
3.041381 
3.041381 
0.500000 
0.500000 
0.707107 
0.707107 
0.000000 
0.000000 
1.118034 
1.118034 
0.500000 
0.500000 
0.500000 
0.500000 
1.118034 
1.118034 
2.000000 
2.000000 
0.500000 
0.500000 
3.807887 
3.807887 
3.041381 
3.041381 
0.500000 
0.500000 
1.414214 
1.414214 
0.000000 
0.000000 
1.118034 
1.118034 
1.000000 
1.000000 
0.707107 
0.707107 
1.118034 
1.118034 
0.500000 
0.500000 
3.807887 
3.807887 
3.041381 
3.041381 
0.500000 
0.500000 
1.414214 
1.414214 
0.000000 
0.000000 
1.118034 
1.118034 
3.640055 
3.640055 
1.118034 
1.118034 
1.000000 
1.000000 
0.500000 
0.500000 
0.000000 
0.000000 
3.807887 
3.807887 
3.041381 
3.041381 
0.500000 
0.500000 
4.527693 
4.527693 
0.000000 
0.000000 
1.118034 
1.118034 
1.581139 
1.581139 
1.118034 
1.118034 
0.500000 
0.500000 
0.707107 
0.707107 
0.000000 
0.000000 
0.000000 
0.000000 
3.807887 
3.807887 
3.041381 
3.041381 
0.500000 
0.500000 
0.500000 
0.500000 
0.000000 
0.000000 
1.118034 
1.118034 
1.802776 
1.802776 
0.500000 
0.500000 
1.500000 
1.500000 
0.707107 
0.707107 
0.000000 
0.000000 
1.000000 
1.000000 
0.000000 
0.000000 
3.807887 
3.807887 
3.041381 
3.041381 
0.500000 
0.500000 
1.000000 
1.000000 
0.000000 
0.000000 
1.118034 
1.118034 
2.121320 
2.121320 
0.500000 
0.500000 
0.500000 
0.500000 
2.500000 
2.500000 
3.000000 
3.000000 
1.581139 
1.581139 
0.000000 
0.000000 
3.807887 
3.807887 
3.041381 
3.041381 
0.500000 
0.500000 
1.500000 
1.500000 
0.000000 
0.000000 
1.118034 
1.118034 
0.707107 
0.707107 
0.500000 
0.500000 
3.041381 
3.041381 
1.118034 
1.118034 
8.514693 
8.514693 
1.000000 
1.000000 
0.000000 
0.000000 
3.807887 
3.807887 
3.041381 
3.041381 
0.500000 
0.500000 
1.500000 
1.500000 
0.000000 
0.000000 
1.118034 
1.118034 
1.802776 
1.802776 
0.000000 
0.000000 
0.707107 
0.707107 
1.802776 
1.802776 
1.000000 
1.000000 
4.123106 
4.123106 
0.000000 
0.000000 
3.807887 
3.807887 
3.041381 
3.041381 
0.500000 
0.500000 
1.500000 
1.500000 
0.000000 
0.000000 
1.118034 
1.118034 
1.802776 
1.802776 
4.527693 
4.527693 
5.852350 
5.852350 
0.000000 
0.000000 
0.000000 
0.000000 
10.688779 
10.688779 
2.549510 
2.549510 
0.000000 
0.000000 
3.807887 
3.807887 
3.041381 
3.041381 
0.500000 
0.500000 
1.500000 
1.500000 
0.000000 
0.000000 
1.118034 
1.118034 
1.802776 
1.802776 
1.118034 
1.118034 
1.000000 
1.000000 
1.000000 
1.000000 
0.000000 
0.000000 
0.500000 
0.500000 
3.162278 
3.162278 
0.000000 
0.000000 
3.807887 
3.807887 
3.041381 
3.041381 
0.500000 
0.500000 
1.500000 
1.500000 
0.000000 
0.000000 
1.118034 
1.118034 
1.802776 
1.802776 
1.414214 
1.414214 
1.802776 
1.802776 
0.500000 
0.500000 
0.000000 
0.000000 
1.414214 
1.414214 
3.162278 
3.162278 
0.000000 
0.000000 
3.807887 
3.807887 
3.041381 
3.041381 
0.500000 
0.500000 
1.500000 
1.500000 
1.802776 
1.802776 
1.581139 
1.581139 
0.500000 
0.500000 
1.581139 
1.581139 
0.000000 
0.000000 
0.000000 
0.000000 
1.414214 
1.414214 
3.162278 
3.162278 
0.000000 
0.000000 
3.807887 
3.807887 
3.041381 
3.041381 
0.500000 
0.500000 
1.500000 
1.500000 
1.802776 
1.802776 
1.500000 
1.500000 
5.024938 
5.024938 
2.000000 
2.000000 
0.000000 
0.000000 
0.000000 
0.000000 
0.000000 
0.000000 
2.000000 
2.000000 
0.000000 
0.000000 
1.414214 
1.414214 
3.162278 
3.162278 
0.000000 
0.000000 
3.807887 
3.807887 
3.041381 
3.041381 
1.500000 
1.500000 
1.802776 
1.802776 
1.500000 
1.500000 
1.581139 
1.581139 
2.000000 
2.000000 
1.581139 
1.581139 
0.000000 
0.000000 
4.609772 
4.609772 
3.500000 
3.500000 
0.000000 
0.000000 
1.414214 
1.414214 
3.162278 
3.162278 
0.000000 
0.000000 
3.807887 
3.807887 
1.500000 
1.500000 
1.802776 
1.802776 
1.500000 
1.500000 
1.581139 
1.581139 
2.000000 
2.000000 
