0.000000 
0.000000 
1.414214 
1.414214 
2.915476 
2.915476 
2.915476 
2.915476 
2.915476 
2.915476 
2.915476 
2.915476 
2.915476 
2.915476 
2.915476 
2.915476 
2.915476 
2.915476 
2.915476 
2.915476 
2.915476 
2.915476 
2.915476 
2.915476 
2.915476 
2.915476 
2.915476 
2.915476 
0.000000 
0.000000 
2.915476 
2.915476 
2.500000 
2.500000 
2.915476 
2.915476 
2.500000 
2.500000 
2.915476 
2.915476 
2.500000 
2.500000 
0.000000 
0.000000 
2.500000 
2.500000 
3.535534 
3.535534 
2.500000 
2.500000 
3.535534 
3.535534 
2.500000 
2.500000 
3.535534 
3.535534 
2.500000 
2.500000 
3.535534 
3.535534 
2.500000 
2.500000 
3.535534 
3.535534 
2.500000 
2.500000 
3.535534 
3.535534 
2.500000 
2.500000 
3.535534 
3.535534 
2.500000 
2.500000 
3.535534 
3.535534 
2.500000 
2.500000 
3.535534 
3.535534 
2.500000 
2.500000 
0.000000 
0.000000 
3.535534 
3.535534 
2.500000 
2.500000 
0.500000 
0.500000 
3.535534 
3.535534 
2.500000 
2.500000 
0.500000 
0.500000 
3.535534 
3.535534 
0.500000 
0.500000 
3.535534 
3.535534 
0.000000 
0.000000 
0.000000 
0.000000 
3.535534 
3.535534 
1.581139 
1.581139 
0.500000 
0.500000 
3.535534 
3.535534 
1.414214 
1.414214 
0.500000 
0.500000 
1.414214 
1.414214 
0.500000 
0.500000 
1.414214 
1.414214 
1.118034 
1.118034 
1.414214 
1.414214 
0.500000 
0.500000 
1.414214 
1.414214 
0.707107 
0.707107 
