0.000000 
0.000000 
0.000000 
0.000000 
1.802776 
1.802776 
0.000000 
0.000000 
0.000000 
0.000000 
1.802776 
1.802776 
1.000000 
1.000000 
0.000000 
0.000000 
3.640055 
3.640055 
0.000000 
0.000000 
1.500000 
1.500000 
0.000000 
0.000000 
0.500000 
0.500000 
0.000000 
0.000000 
0.500000 
0.500000 
3.000000 
3.000000 
0.000000 
0.000000 
2.500000 
2.500000 
1.802776 
1.802776 
0.000000 
0.000000 
1.000000 
1.000000 
0.000000 
0.000000 
2.500000 
2.500000 
1.118034 
1.118034 
1.118034 
1.118034 
1.118034 
1.118034 
0.000000 
0.000000 
6.184658 
6.184658 
2.061553 
2.061553 
0.707107 
0.707107 
0.500000 
0.500000 
0.000000 
0.000000 
3.605551 
3.605551 
2.500000 
2.500000 
1.118034 
1.118034 
0.500000 
0.500000 
0.000000 
0.000000 
4.031129 
4.031129 
0.000000 
0.000000 
4.031129 
4.031129 
0.707107 
0.707107 
0.000000 
0.000000 
0.000000 
0.000000 
4.031129 
4.031129 
3.807887 
3.807887 
5.220153 
5.220153 
0.000000 
0.000000 
0.000000 
0.000000 
0.000000 
0.000000 
4.031129 
4.031129 
0.000000 
0.000000 
0.000000 
0.000000 
3.807887 
3.807887 
1.414214 
1.414214 
2.000000 
2.000000 
0.500000 
0.500000 
0.000000 
0.000000 
4.031129 
4.031129 
0.000000 
0.000000 
1.000000 
1.000000 
4.472136 
4.472136 
3.807887 
3.807887 
2.236068 
2.236068 
0.707107 
0.707107 
0.500000 
0.500000 
0.000000 
0.000000 
4.031129 
4.031129 
0.000000 
0.000000 
0.000000 
0.000000 
0.000000 
0.000000 
2.121320 
2.121320 
1.000000 
1.000000 
4.472136 
4.472136 
3.807887 
3.807887 
2.236068 
2.236068 
3.041381 
3.041381 
0.500000 
0.500000 
0.000000 
0.000000 
4.031129 
4.031129 
3.640055 
3.640055 
3.905125 
3.905125 
1.000000 
1.000000 
2.000000 
2.000000 
1.000000 
1.000000 
4.472136 
4.472136 
3.807887 
3.807887 
2.236068 
2.236068 
1.118034 
1.118034 
0.500000 
0.500000 
0.000000 
0.000000 
4.031129 
4.031129 
3.640055 
3.640055 
3.905125 
3.905125 
1.118034 
1.118034 
2.236068 
2.236068 
1.000000 
1.000000 
4.472136 
4.472136 
3.807887 
3.807887 
2.236068 
2.236068 
1.118034 
1.118034 
0.500000 
0.500000 
4.031129 
4.031129 
0.000000 
0.000000 
3.640055 
3.640055 
3.905125 
3.905125 
4.031129 
4.031129 
2.061553 
2.061553 
4.031129 
4.031129 
4.472136 
4.472136 
3.807887 
3.807887 
2.236068 
2.236068 
1.118034 
1.118034 
0.500000 
0.500000 
4.031129 
4.031129 
0.000000 
0.000000 
3.640055 
3.640055 
3.905125 
3.905125 
2.692582 
2.692582 
2.061553 
2.061553 
1.118034 
1.118034 
4.472136 
4.472136 
3.807887 
3.807887 
2.236068 
2.236068 
1.118034 
1.118034 
0.500000 
0.500000 
4.031129 
4.031129 
0.000000 
0.000000 
0.000000 
0.000000 
0.000000 
0.000000 
3.640055 
3.640055 
3.905125 
3.905125 
0.707107 
0.707107 
2.061553 
2.061553 
1.118034 
1.118034 
4.472136 
4.472136 
3.807887 
3.807887 
2.236068 
2.236068 
1.118034 
1.118034 
0.500000 
0.500000 
4.031129 
4.031129 
0.000000 
0.000000 
0.000000 
0.000000 
0.000000 
0.000000 
5.700877 
5.700877 
0.000000 
0.000000 
3.640055 
3.640055 
3.905125 
3.905125 
0.500000 
0.500000 
2.061553 
2.061553 
1.118034 
1.118034 
4.472136 
4.472136 
3.807887 
3.807887 
2.236068 
2.236068 
1.118034 
1.118034 
0.500000 
0.500000 
4.031129 
4.031129 
0.000000 
0.000000 
1.500000 
1.500000 
1.802776 
1.802776 
0.000000 
0.000000 
2.828427 
2.828427 
0.000000 
0.000000 
3.640055 
3.640055 
3.905125 
3.905125 
0.500000 
0.500000 
2.061553 
2.061553 
1.118034 
1.118034 
4.472136 
4.472136 
3.807887 
3.807887 
2.236068 
2.236068 
1.118034 
1.118034 
0.500000 
0.500000 
4.031129 
4.031129 
1.000000 
1.000000 
1.500000 
1.500000 
2.121320 
2.121320 
0.000000 
0.000000 
5.385165 
5.385165 
0.000000 
0.000000 
3.640055 
3.640055 
3.905125 
3.905125 
0.500000 
0.500000 
2.061553 
2.061553 
1.118034 
1.118034 
4.472136 
4.472136 
3.807887 
3.807887 
2.236068 
2.236068 
1.802776 
1.802776 
0.500000 
0.500000 
4.031129 
4.031129 
2.061553 
2.061553 
1.500000 
1.500000 
2.000000 
2.000000 
0.000000 
0.000000 
1.118034 
1.118034 
0.000000 
0.000000 
3.640055 
3.640055 
3.905125 
3.905125 
0.707107 
0.707107 
2.061553 
2.061553 
1.118034 
1.118034 
4.472136 
4.472136 
3.807887 
3.807887 
2.236068 
2.236068 
1.802776 
1.802776 
0.500000 
0.500000 
4.031129 
4.031129 
2.061553 
2.061553 
1.500000 
1.500000 
1.581139 
1.581139 
0.000000 
0.000000 
1.500000 
1.500000 
0.000000 
0.000000 
3.640055 
3.640055 
3.905125 
3.905125 
0.500000 
0.500000 
2.061553 
2.061553 
1.118034 
1.118034 
4.472136 
4.472136 
3.807887 
3.807887 
2.236068 
2.236068 
1.802776 
1.802776 
0.500000 
0.500000 
2.061553 
2.061553 
1.500000 
1.500000 
5.000000 
5.000000 
0.000000 
0.000000 
1.500000 
1.500000 
0.000000 
0.000000 
3.640055 
3.640055 
3.905125 
3.905125 
3.162278 
3.162278 
2.061553 
2.061553 
1.118034 
1.118034 
4.472136 
4.472136 
3.807887 
3.807887 
2.236068 
2.236068 
1.802776 
1.802776 
0.500000 
0.500000 
2.061553 
2.061553 
1.500000 
1.500000 
2.236068 
2.236068 
0.000000 
0.000000 
1.500000 
1.500000 
0.000000 
0.000000 
3.640055 
3.640055 
3.905125 
3.905125 
1.000000 
1.000000 
2.061553 
2.061553 
1.118034 
1.118034 
4.472136 
4.472136 
2.236068 
2.236068 
1.802776 
1.802776 
0.500000 
0.500000 
2.061553 
2.061553 
1.500000 
1.500000 
3.201562 
3.201562 
0.000000 
0.000000 
1.500000 
1.500000 
0.000000 
0.000000 
3.640055 
3.640055 
3.905125 
3.905125 
1.500000 
1.500000 
2.061553 
2.061553 
1.118034 
1.118034 
4.472136 
4.472136 
2.236068 
2.236068 
1.802776 
1.802776 
0.500000 
0.500000 
0.000000 
0.000000 
2.061553 
2.061553 
1.500000 
1.500000 
2.915476 
2.915476 
0.000000 
0.000000 
1.500000 
1.500000 
0.000000 
0.000000 
3.640055 
3.640055 
3.905125 
3.905125 
1.581139 
1.581139 
2.061553 
2.061553 
1.118034 
1.118034 
1.802776 
1.802776 
0.000000 
0.000000 
4.031129 
4.031129 
2.061553 
2.061553 
1.500000 
1.500000 
2.915476 
2.915476 
0.000000 
0.000000 
1.500000 
1.500000 
0.000000 
0.000000 
3.640055 
3.640055 
3.905125 
3.905125 
1.581139 
1.581139 
2.061553 
2.061553 
1.118034 
1.118034 
1.802776 
1.802776 
0.000000 
0.000000 
6.500000 
6.500000 
4.031129 
4.031129 
2.061553 
2.061553 
1.500000 
1.500000 
2.915476 
2.915476 
0.000000 
0.000000 
1.500000 
1.500000 
0.000000 
0.000000 
1.414214 
1.414214 
2.061553 
2.061553 
1.118034 
1.118034 
1.802776 
1.802776 
3.000000 
3.000000 
3.354102 
3.354102 
4.031129 
4.031129 
2.061553 
2.061553 
1.500000 
1.500000 
2.915476 
2.915476 
0.000000 
0.000000 
1.500000 
1.500000 
0.000000 
0.000000 
1.118034 
1.118034 
2.061553 
2.061553 
1.118034 
1.118034 
1.802776 
1.802776 
3.640055 
3.640055 
3.201562 
3.201562 
4.031129 
4.031129 
2.061553 
2.061553 
1.500000 
1.500000 
2.915476 
2.915476 
0.000000 
0.000000 
1.500000 
1.500000 
1.000000 
1.000000 
1.118034 
1.118034 
1.802776 
1.802776 
0.000000 
0.000000 
3.640055 
3.640055 
3.201562 
3.201562 
4.031129 
4.031129 
2.061553 
2.061553 
1.500000 
1.500000 
2.915476 
2.915476 
0.000000 
0.000000 
1.500000 
1.500000 
0.707107 
0.707107 
1.118034 
1.118034 
1.802776 
1.802776 
0.000000 
0.000000 
0.000000 
0.000000 
0.500000 
0.500000 
3.640055 
3.640055 
3.201562 
3.201562 
4.031129 
4.031129 
2.061553 
2.061553 
1.500000 
1.500000 
2.915476 
2.915476 
1.500000 
1.500000 
0.707107 
0.707107 
1.802776 
1.802776 
3.807887 
3.807887 
0.000000 
0.000000 
1.000000 
1.000000 
3.640055 
3.640055 
3.201562 
3.201562 
4.031129 
4.031129 
2.061553 
2.061553 
1.500000 
1.500000 
2.915476 
2.915476 
3.041381 
3.041381 
1.500000 
1.500000 
1.802776 
1.802776 
0.000000 
0.000000 
0.000000 
0.000000 
3.162278 
3.162278 
0.000000 
0.000000 
3.500000 
3.500000 
3.640055 
3.640055 
3.201562 
3.201562 
4.031129 
4.031129 
2.061553 
2.061553 
2.915476 
2.915476 
0.500000 
0.500000 
1.500000 
1.500000 
1.802776 
1.802776 
1.581139 
1.581139 
0.000000 
0.000000 
5.024938 
5.024938 
0.000000 
0.000000 
1.414214 
1.414214 
3.640055 
3.640055 
3.201562 
3.201562 
4.031129 
4.031129 
2.061553 
2.061553 
2.915476 
2.915476 
0.500000 
0.500000 
1.500000 
1.500000 
0.000000 
0.000000 
2.000000 
2.000000 
0.000000 
0.000000 
2.500000 
2.500000 
0.000000 
0.000000 
1.414214 
1.414214 
3.640055 
3.640055 
3.201562 
3.201562 
4.031129 
4.031129 
2.915476 
2.915476 
3.640055 
3.640055 
1.500000 
1.500000 
