0.000000 
0.000000 
4.500000 
4.500000 
0.500000 
0.500000 
0.500000 
0.500000 
5.024938 
5.024938 
0.500000 
0.500000 
0.500000 
0.500000 
1.000000 
1.000000 
1.000000 
1.000000 
0.500000 
0.500000 
1.414214 
1.414214 
0.500000 
0.500000 
0.707107 
0.707107 
0.500000 
0.500000 
0.707107 
0.707107 
0.707107 
0.707107 
1.118034 
1.118034 
0.707107 
0.707107 
0.000000 
0.000000 
0.707107 
0.707107 
0.707107 
0.707107 
0.500000 
0.500000 
0.500000 
0.500000 
0.000000 
0.000000 
0.500000 
0.500000 
0.500000 
0.500000 
0.707107 
0.707107 
0.500000 
0.500000 
1.414214 
1.414214 
1.118034 
1.118034 
1.000000 
1.000000 
1.118034 
1.118034 
2.000000 
2.000000 
1.802776 
1.802776 
5.522681 
5.522681 
1.414214 
1.414214 
1.500000 
1.500000 
1.118034 
1.118034 
1.118034 
1.118034 
