0.000000 
0.000000 
0.000000 
0.000000 
0.000000 
0.000000 
3.500000 
3.500000 
0.000000 
0.000000 
3.000000 
3.000000 
0.000000 
0.000000 
0.000000 
0.000000 
0.000000 
0.000000 
3.000000 
3.000000 
0.000000 
0.000000 
4.272002 
4.272002 
0.000000 
0.000000 
3.000000 
3.000000 
0.000000 
0.000000 
0.000000 
0.000000 
4.272002 
4.272002 
0.000000 
0.000000 
3.000000 
3.000000 
5.000000 
5.000000 
0.000000 
0.000000 
4.272002 
4.272002 
0.000000 
0.000000 
3.000000 
3.000000 
5.000000 
5.000000 
0.000000 
0.000000 
4.272002 
4.272002 
0.000000 
0.000000 
3.000000 
3.000000 
5.000000 
5.000000 
0.000000 
0.000000 
4.272002 
4.272002 
0.000000 
0.000000 
3.000000 
3.000000 
0.000000 
0.000000 
5.000000 
5.000000 
0.000000 
0.000000 
4.272002 
4.272002 
0.000000 
0.000000 
3.000000 
3.000000 
3.535534 
3.535534 
5.000000 
5.000000 
0.000000 
0.000000 
4.272002 
4.272002 
0.000000 
0.000000 
3.000000 
3.000000 
3.535534 
3.535534 
5.000000 
5.000000 
0.000000 
0.000000 
4.272002 
4.272002 
0.000000 
0.000000 
3.000000 
3.000000 
0.000000 
0.000000 
3.535534 
3.535534 
5.000000 
5.000000 
0.000000 
0.000000 
4.272002 
4.272002 
0.000000 
0.000000 
3.000000 
3.000000 
0.000000 
0.000000 
3.605551 
3.605551 
3.535534 
3.535534 
5.000000 
5.000000 
0.000000 
0.000000 
4.272002 
4.272002 
0.000000 
0.000000 
3.000000 
3.000000 
4.031129 
4.031129 
3.605551 
3.605551 
3.535534 
3.535534 
5.000000 
5.000000 
0.000000 
0.000000 
4.272002 
4.272002 
0.000000 
0.000000 
3.000000 
3.000000 
0.000000 
0.000000 
0.000000 
0.000000 
4.031129 
4.031129 
3.605551 
3.605551 
3.535534 
3.535534 
5.000000 
5.000000 
0.000000 
0.000000 
4.272002 
4.272002 
3.000000 
3.000000 
0.000000 
0.000000 
0.000000 
0.000000 
2.121320 
2.121320 
4.031129 
4.031129 
3.605551 
3.605551 
3.535534 
3.535534 
5.000000 
5.000000 
0.000000 
0.000000 
4.272002 
4.272002 
3.000000 
3.000000 
0.000000 
0.000000 
0.000000 
0.000000 
0.000000 
0.000000 
2.121320 
2.121320 
4.031129 
4.031129 
3.605551 
3.605551 
3.535534 
3.535534 
5.000000 
5.000000 
0.000000 
0.000000 
4.272002 
4.272002 
0.000000 
0.000000 
0.000000 
0.000000 
0.000000 
0.000000 
1.414214 
1.414214 
0.000000 
0.000000 
0.000000 
0.000000 
2.121320 
2.121320 
4.031129 
4.031129 
3.605551 
3.605551 
3.535534 
3.535534 
5.000000 
5.000000 
4.272002 
4.272002 
0.000000 
0.000000 
0.000000 
0.000000 
0.000000 
0.000000 
1.802776 
1.802776 
3.201562 
3.201562 
2.236068 
2.236068 
0.000000 
0.000000 
0.000000 
0.000000 
2.121320 
2.121320 
4.031129 
4.031129 
3.605551 
3.605551 
3.535534 
3.535534 
5.000000 
5.000000 
0.000000 
0.000000 
1.118034 
1.118034 
0.000000 
0.000000 
0.000000 
0.000000 
1.802776 
1.802776 
4.301163 
4.301163 
3.807887 
3.807887 
0.000000 
0.000000 
0.000000 
0.000000 
2.121320 
2.121320 
4.031129 
4.031129 
3.605551 
3.605551 
3.535534 
3.535534 
5.000000 
5.000000 
0.000000 
0.000000 
0.000000 
0.000000 
2.061553 
2.061553 
2.061553 
2.061553 
0.000000 
0.000000 
0.000000 
0.000000 
1.802776 
1.802776 
2.500000 
2.500000 
1.500000 
1.500000 
0.000000 
0.000000 
0.000000 
0.000000 
2.121320 
2.121320 
4.031129 
4.031129 
3.605551 
3.605551 
3.535534 
3.535534 
0.000000 
0.000000 
0.000000 
0.000000 
0.000000 
0.000000 
0.000000 
0.000000 
1.581139 
1.581139 
2.061553 
2.061553 
2.061553 
2.061553 
2.061553 
2.061553 
0.000000 
0.000000 
0.000000 
0.000000 
1.802776 
1.802776 
2.500000 
2.500000 
1.500000 
1.500000 
0.000000 
0.000000 
0.000000 
0.000000 
2.121320 
2.121320 
4.031129 
4.031129 
3.605551 
3.605551 
3.535534 
3.535534 
0.000000 
0.000000 
1.414214 
1.414214 
2.000000 
2.000000 
1.118034 
1.118034 
2.828427 
2.828427 
1.414214 
1.414214 
2.061553 
2.061553 
2.061553 
2.061553 
2.061553 
2.061553 
0.000000 
0.000000 
0.000000 
0.000000 
1.802776 
1.802776 
2.500000 
2.500000 
1.500000 
1.500000 
0.000000 
0.000000 
0.000000 
0.000000 
2.121320 
2.121320 
4.031129 
4.031129 
3.605551 
3.605551 
3.535534 
3.535534 
0.000000 
0.000000 
1.414214 
1.414214 
4.272002 
4.272002 
2.121320 
2.121320 
1.581139 
1.581139 
2.828427 
2.828427 
1.414214 
1.414214 
2.061553 
2.061553 
2.061553 
2.061553 
2.061553 
2.061553 
0.000000 
0.000000 
0.000000 
0.000000 
1.802776 
1.802776 
2.500000 
2.500000 
1.500000 
1.500000 
0.000000 
0.000000 
0.000000 
0.000000 
2.121320 
2.121320 
4.031129 
4.031129 
3.605551 
3.605551 
3.535534 
3.535534 
1.118034 
1.118034 
1.414214 
1.414214 
3.162278 
3.162278 
3.162278 
3.162278 
1.118034 
1.118034 
2.915476 
2.915476 
1.414214 
1.414214 
2.061553 
2.061553 
2.061553 
2.061553 
2.061553 
2.061553 
0.000000 
0.000000 
0.000000 
0.000000 
1.802776 
1.802776 
2.500000 
2.500000 
1.500000 
1.500000 
0.000000 
0.000000 
0.000000 
0.000000 
2.121320 
2.121320 
4.031129 
4.031129 
3.605551 
3.605551 
0.000000 
0.000000 
1.414214 
1.414214 
1.414214 
1.414214 
1.118034 
1.118034 
4.609772 
4.609772 
3.605551 
3.605551 
1.802776 
1.802776 
1.414214 
1.414214 
2.061553 
2.061553 
2.061553 
2.061553 
2.061553 
2.061553 
0.000000 
0.000000 
0.000000 
0.000000 
1.802776 
1.802776 
2.500000 
2.500000 
1.500000 
1.500000 
0.000000 
0.000000 
0.000000 
0.000000 
2.121320 
2.121320 
4.031129 
4.031129 
3.605551 
3.605551 
1.000000 
1.000000 
0.707107 
0.707107 
1.414214 
1.414214 
1.118034 
1.118034 
1.414214 
1.414214 
1.414214 
1.414214 
1.000000 
1.000000 
1.414214 
1.414214 
2.061553 
2.061553 
2.061553 
2.061553 
2.061553 
2.061553 
0.000000 
0.000000 
0.000000 
0.000000 
1.802776 
1.802776 
2.500000 
2.500000 
1.500000 
1.500000 
0.000000 
0.000000 
0.000000 
0.000000 
2.121320 
2.121320 
4.031129 
4.031129 
3.605551 
3.605551 
0.707107 
0.707107 
3.535534 
3.535534 
1.414214 
1.414214 
0.500000 
0.500000 
5.590170 
5.590170 
1.802776 
1.802776 
5.220153 
5.220153 
1.414214 
1.414214 
2.061553 
2.061553 
2.061553 
2.061553 
2.061553 
2.061553 
0.000000 
0.000000 
0.000000 
0.000000 
1.802776 
1.802776 
2.500000 
2.500000 
1.500000 
1.500000 
0.000000 
0.000000 
0.000000 
0.000000 
2.121320 
2.121320 
4.031129 
4.031129 
4.031129 
4.031129 
1.118034 
1.118034 
1.414214 
1.414214 
4.000000 
4.000000 
1.414214 
1.414214 
1.802776 
1.802776 
1.581139 
1.581139 
1.414214 
1.414214 
2.061553 
2.061553 
2.061553 
2.061553 
2.061553 
2.061553 
0.000000 
0.000000 
0.000000 
0.000000 
1.802776 
1.802776 
2.500000 
2.500000 
1.500000 
1.500000 
0.000000 
0.000000 
0.000000 
0.000000 
2.121320 
2.121320 
1.414214 
1.414214 
0.500000 
0.500000 
1.414214 
1.414214 
1.000000 
1.000000 
1.118034 
1.118034 
3.162278 
3.162278 
2.500000 
2.500000 
1.414214 
1.414214 
2.061553 
2.061553 
2.061553 
2.061553 
2.061553 
2.061553 
0.000000 
0.000000 
0.000000 
0.000000 
1.802776 
1.802776 
2.500000 
2.500000 
1.500000 
1.500000 
0.000000 
0.000000 
2.121320 
2.121320 
1.118034 
1.118034 
0.500000 
0.500000 
1.414214 
1.414214 
0.500000 
0.500000 
2.236068 
2.236068 
2.692582 
2.692582 
1.581139 
1.581139 
1.414214 
1.414214 
2.061553 
2.061553 
2.061553 
2.061553 
2.061553 
2.061553 
0.000000 
0.000000 
0.000000 
0.000000 
1.802776 
1.802776 
2.500000 
2.500000 
1.500000 
1.500000 
1.414214 
1.414214 
1.000000 
1.000000 
1.414214 
1.414214 
1.118034 
1.118034 
0.707107 
0.707107 
2.061553 
2.061553 
2.500000 
2.500000 
1.414214 
1.414214 
2.061553 
2.061553 
2.061553 
2.061553 
2.061553 
2.061553 
0.000000 
0.000000 
0.000000 
0.000000 
1.802776 
1.802776 
2.500000 
2.500000 
1.500000 
1.500000 
0.000000 
0.000000 
0.707107 
0.707107 
0.500000 
0.500000 
1.414214 
1.414214 
0.707107 
0.707107 
4.123106 
4.123106 
2.061553 
2.061553 
1.118034 
1.118034 
1.414214 
1.414214 
2.061553 
2.061553 
2.061553 
2.061553 
2.061553 
2.061553 
0.000000 
0.000000 
1.802776 
1.802776 
2.500000 
2.500000 
1.500000 
1.500000 
2.121320 
2.121320 
3.535534 
3.535534 
2.000000 
2.000000 
1.414214 
1.414214 
4.527693 
4.527693 
1.118034 
1.118034 
2.061553 
2.061553 
1.414214 
1.414214 
1.414214 
1.414214 
2.061553 
2.061553 
2.061553 
2.061553 
2.061553 
2.061553 
2.500000 
2.500000 
1.500000 
1.500000 
1.802776 
1.802776 
0.000000 
0.000000 
3.500000 
3.500000 
1.414214 
1.414214 
4.527693 
4.527693 
1.118034 
1.118034 
2.061553 
2.061553 
3.041381 
3.041381 
1.414214 
1.414214 
2.061553 
2.061553 
2.061553 
2.061553 
2.061553 
2.061553 
2.500000 
2.500000 
1.500000 
1.500000 
0.000000 
0.000000 
1.802776 
1.802776 
0.500000 
0.500000 
1.500000 
1.500000 
1.414214 
1.414214 
1.414214 
1.414214 
1.118034 
1.118034 
2.061553 
2.061553 
1.581139 
1.581139 
1.414214 
1.414214 
2.061553 
2.061553 
0.000000 
0.000000 
0.000000 
0.000000 
4.272002 
4.272002 
1.118034 
1.118034 
1.118034 
1.118034 
1.414214 
1.414214 
0.500000 
0.500000 
1.118034 
1.118034 
2.061553 
2.061553 
1.581139 
1.581139 
1.414214 
1.414214 
1.500000 
1.500000 
0.000000 
0.000000 
3.041381 
3.041381 
0.707107 
0.707107 
1.000000 
1.000000 
1.414214 
1.414214 
1.000000 
1.000000 
1.118034 
1.118034 
2.061553 
2.061553 
5.590170 
5.590170 
