0.000000 
0.000000 
0.000000 
0.000000 
0.000000 
0.000000 
0.000000 
0.000000 
0.000000 
0.000000 
0.000000 
0.000000 
2.000000 
2.000000 
0.707107 
0.707107 
0.000000 
0.000000 
1.118034 
1.118034 
2.236068 
2.236068 
0.707107 
0.707107 
0.000000 
0.000000 
0.500000 
0.500000 
1.581139 
1.581139 
1.118034 
1.118034 
0.000000 
0.000000 
2.236068 
2.236068 
2.549510 
2.549510 
0.500000 
0.500000 
0.000000 
0.000000 
1.581139 
1.581139 
1.118034 
1.118034 
1.118034 
1.118034 
0.000000 
0.000000 
1.581139 
1.581139 
4.500000 
4.500000 
0.500000 
0.500000 
0.000000 
0.000000 
1.581139 
1.581139 
1.500000 
1.500000 
0.000000 
0.000000 
0.000000 
0.000000 
1.581139 
1.581139 
0.500000 
0.500000 
1.000000 
1.000000 
0.000000 
0.000000 
5.500000 
5.500000 
2.000000 
2.000000 
1.118034 
1.118034 
0.000000 
0.000000 
0.707107 
0.707107 
6.020797 
6.020797 
1.000000 
1.000000 
0.000000 
0.000000 
2.061553 
2.061553 
2.000000 
2.000000 
1.581139 
1.581139 
0.000000 
0.000000 
1.581139 
1.581139 
1.000000 
1.000000 
1.000000 
1.000000 
0.000000 
0.000000 
4.031129 
4.031129 
1.118034 
1.118034 
0.707107 
0.707107 
0.000000 
0.000000 
1.581139 
1.581139 
6.500000 
6.500000 
5.522681 
5.522681 
1.581139 
1.581139 
2.000000 
2.000000 
1.000000 
1.000000 
1.118034 
1.118034 
3.000000 
3.000000 
1.118034 
1.118034 
1.500000 
1.500000 
2.000000 
2.000000 
1.118034 
1.118034 
0.500000 
0.500000 
4.301163 
4.301163 
1.581139 
1.581139 
0.500000 
0.500000 
3.000000 
3.000000 
1.000000 
1.000000 
1.000000 
1.000000 
3.535534 
3.535534 
2.061553 
2.061553 
1.118034 
1.118034 
1.581139 
1.581139 
1.500000 
1.500000 
1.118034 
1.118034 
4.123106 
4.123106 
4.527693 
4.527693 
0.500000 
0.500000 
1.802776 
1.802776 
1.118034 
1.118034 
1.118034 
1.118034 
2.061553 
2.061553 
3.354102 
3.354102 
0.000000 
0.000000 
1.000000 
1.000000 
1.581139 
1.581139 
1.118034 
1.118034 
0.000000 
0.000000 
1.118034 
1.118034 
5.024938 
5.024938 
1.500000 
1.500000 
1.500000 
1.500000 
0.000000 
0.000000 
2.915476 
2.915476 
1.500000 
1.500000 
1.000000 
1.000000 
1.000000 
1.000000 
1.500000 
1.500000 
1.000000 
1.000000 
5.385165 
5.385165 
1.500000 
1.500000 
1.802776 
1.802776 
0.500000 
0.500000 
9.486833 
9.486833 
1.500000 
1.500000 
1.118034 
1.118034 
4.527693 
4.527693 
1.414214 
1.414214 
0.000000 
0.000000 
1.000000 
1.000000 
0.707107 
0.707107 
1.118034 
1.118034 
1.000000 
1.000000 
1.414214 
1.414214 
1.118034 
1.118034 
2.121320 
2.121320 
1.118034 
1.118034 
4.500000 
4.500000 
2.236068 
2.236068 
0.500000 
0.500000 
1.000000 
1.000000 
2.549510 
2.549510 
1.118034 
1.118034 
1.581139 
1.581139 
0.500000 
0.500000 
