0.000000 
0.000000 
0.000000 
0.000000 
0.000000 
0.000000 
0.000000 
0.000000 
0.000000 
0.000000 
2.000000 
2.000000 
1.802776 
1.802776 
2.915476 
2.915476 
2.121320 
2.121320 
3.162278 
3.162278 
5.220153 
5.220153 
1.414214 
1.414214 
4.123106 
4.123106 
3.905125 
3.905125 
2.692582 
2.692582 
0.000000 
0.000000 
5.220153 
5.220153 
5.220153 
5.220153 
9.055385 
9.055385 
5.315073 
5.315073 
1.581139 
1.581139 
0.000000 
0.000000 
3.605551 
3.605551 
5.220153 
5.220153 
1.118034 
1.118034 
3.041381 
3.041381 
5.315073 
5.315073 
1.414214 
1.414214 
2.236068 
2.236068 
2.692582 
2.692582 
5.220153 
5.220153 
5.500000 
5.500000 
5.147815 
5.147815 
5.315073 
5.315073 
5.852350 
5.852350 
2.121320 
2.121320 
1.581139 
1.581139 
5.220153 
5.220153 
1.414214 
1.414214 
8.015610 
8.015610 
5.315073 
5.315073 
2.061553 
2.061553 
1.414214 
1.414214 
1.581139 
1.581139 
5.220153 
5.220153 
1.581139 
1.581139 
3.162278 
3.162278 
5.315073 
5.315073 
2.915476 
2.915476 
1.802776 
1.802776 
1.581139 
1.581139 
5.220153 
5.220153 
1.000000 
1.000000 
3.000000 
3.000000 
5.315073 
5.315073 
2.061553 
2.061553 
0.000000 
0.000000 
1.581139 
1.581139 
1.581139 
1.581139 
5.220153 
5.220153 
1.118034 
1.118034 
1.802776 
1.802776 
5.315073 
5.315073 
5.700877 
5.700877 
2.061553 
2.061553 
1.581139 
1.581139 
1.581139 
1.581139 
5.220153 
5.220153 
1.000000 
1.000000 
1.581139 
1.581139 
5.315073 
5.315073 
0.707107 
0.707107 
1.500000 
1.500000 
4.123106 
4.123106 
1.581139 
1.581139 
5.220153 
5.220153 
1.802776 
1.802776 
2.061553 
2.061553 
5.315073 
5.315073 
0.707107 
0.707107 
1.500000 
1.500000 
2.061553 
2.061553 
1.581139 
1.581139 
5.220153 
5.220153 
1.802776 
1.802776 
5.385165 
5.385165 
5.315073 
5.315073 
0.707107 
0.707107 
2.000000 
2.000000 
3.162278 
3.162278 
1.581139 
1.581139 
5.220153 
5.220153 
1.000000 
1.000000 
2.236068 
2.236068 
5.315073 
5.315073 
0.707107 
0.707107 
2.500000 
2.500000 
3.905125 
3.905125 
1.581139 
1.581139 
5.220153 
5.220153 
2.236068 
2.236068 
6.800735 
6.800735 
5.315073 
5.315073 
0.707107 
0.707107 
0.000000 
0.000000 
2.500000 
2.500000 
2.121320 
2.121320 
1.581139 
1.581139 
5.220153 
5.220153 
3.640055 
3.640055 
3.201562 
3.201562 
5.315073 
5.315073 
0.707107 
0.707107 
0.000000 
0.000000 
1.118034 
1.118034 
2.500000 
2.500000 
2.121320 
2.121320 
1.581139 
1.581139 
5.220153 
5.220153 
3.354102 
3.354102 
6.264982 
6.264982 
5.315073 
5.315073 
0.707107 
0.707107 
2.121320 
2.121320 
2.061553 
2.061553 
2.500000 
2.500000 
2.121320 
2.121320 
1.581139 
1.581139 
3.201562 
3.201562 
4.301163 
4.301163 
5.315073 
5.315073 
0.707107 
0.707107 
2.121320 
2.121320 
2.061553 
2.061553 
2.500000 
2.500000 
2.121320 
2.121320 
1.581139 
1.581139 
2.500000 
2.500000 
7.280110 
7.280110 
0.707107 
0.707107 
2.121320 
2.121320 
2.061553 
2.061553 
2.500000 
2.500000 
2.121320 
2.121320 
1.581139 
1.581139 
1.581139 
1.581139 
2.121320 
2.121320 
0.707107 
0.707107 
2.121320 
2.121320 
2.061553 
2.061553 
2.500000 
2.500000 
2.121320 
2.121320 
1.581139 
1.581139 
5.500000 
5.500000 
2.692582 
2.692582 
0.707107 
0.707107 
2.121320 
2.121320 
2.061553 
2.061553 
2.500000 
2.500000 
2.121320 
2.121320 
1.414214 
1.414214 
1.500000 
1.500000 
0.707107 
0.707107 
2.121320 
2.121320 
2.061553 
2.061553 
2.500000 
2.500000 
2.121320 
2.121320 
4.123106 
4.123106 
0.707107 
0.707107 
0.707107 
0.707107 
2.121320 
2.121320 
2.061553 
2.061553 
2.500000 
2.500000 
2.121320 
2.121320 
2.061553 
2.061553 
2.000000 
2.000000 
0.707107 
0.707107 
0.000000 
0.000000 
2.121320 
2.121320 
2.061553 
2.061553 
2.500000 
2.500000 
2.121320 
2.121320 
1.118034 
1.118034 
0.707107 
0.707107 
0.707107 
0.707107 
1.118034 
1.118034 
2.121320 
2.121320 
2.061553 
2.061553 
2.500000 
2.500000 
2.121320 
2.121320 
1.414214 
1.414214 
7.905694 
7.905694 
0.707107 
0.707107 
1.118034 
1.118034 
2.121320 
2.121320 
2.061553 
2.061553 
2.500000 
2.500000 
2.121320 
2.121320 
1.118034 
1.118034 
1.414214 
1.414214 
0.707107 
0.707107 
1.581139 
1.581139 
2.121320 
2.121320 
2.061553 
2.061553 
2.500000 
2.500000 
2.121320 
2.121320 
1.581139 
1.581139 
5.656854 
5.656854 
1.118034 
1.118034 
2.121320 
2.121320 
2.061553 
2.061553 
2.500000 
2.500000 
2.121320 
2.121320 
1.581139 
1.581139 
4.031129 
4.031129 
6.000000 
6.000000 
2.121320 
2.121320 
2.061553 
2.061553 
2.121320 
2.121320 
2.000000 
2.000000 
7.158911 
7.158911 
5.000000 
5.000000 
2.121320 
2.121320 
2.061553 
2.061553 
6.500000 
6.500000 
2.692582 
2.692582 
3.354102 
3.354102 
2.121320 
2.121320 
2.061553 
2.061553 
2.692582 
2.692582 
9.617692 
9.617692 
9.513149 
9.513149 
3.500000 
3.500000 
2.549510 
2.549510 
0.000000 
0.000000 
9.513149 
9.513149 
8.514693 
8.514693 
2.828427 
2.828427 
0.000000 
0.000000 
9.513149 
9.513149 
3.041381 
3.041381 
5.522681 
5.522681 
0.000000 
0.000000 
9.513149 
9.513149 
3.041381 
3.041381 
8.631338 
8.631338 
0.000000 
0.000000 
9.513149 
9.513149 
3.041381 
3.041381 
2.692582 
2.692582 
0.000000 
0.000000 
9.513149 
9.513149 
3.041381 
3.041381 
1.500000 
1.500000 
0.000000 
0.000000 
9.513149 
9.513149 
3.041381 
3.041381 
3.535534 
3.535534 
