0.000000 
0.000000 
0.000000 
0.000000 
0.000000 
0.000000 
0.000000 
0.000000 
0.000000 
0.000000 
0.000000 
0.000000 
0.000000 
0.000000 
0.000000 
0.000000 
0.000000 
0.000000 
0.000000 
0.000000 
0.500000 
0.500000 
1.000000 
1.000000 
1.500000 
1.500000 
0.000000 
0.000000 
0.500000 
0.500000 
3.640055 
3.640055 
0.000000 
0.000000 
0.000000 
0.000000 
1.500000 
1.500000 
0.500000 
0.500000 
4.743416 
4.743416 
0.000000 
0.000000 
0.000000 
0.000000 
1.581139 
1.581139 
0.000000 
0.000000 
0.500000 
0.500000 
1.118034 
1.118034 
1.000000 
1.000000 
0.500000 
0.500000 
0.000000 
0.000000 
0.707107 
0.707107 
1.000000 
1.000000 
0.000000 
0.000000 
0.000000 
0.000000 
1.000000 
1.000000 
1.000000 
1.000000 
2.500000 
2.500000 
0.000000 
0.000000 
0.000000 
0.000000 
0.500000 
0.500000 
1.500000 
1.500000 
0.000000 
0.000000 
1.118034 
1.118034 
1.118034 
1.118034 
1.118034 
1.118034 
0.707107 
0.707107 
1.581139 
1.581139 
0.000000 
0.000000 
1.000000 
1.000000 
1.500000 
1.500000 
0.000000 
0.000000 
0.500000 
0.500000 
1.414214 
1.414214 
1.000000 
1.000000 
0.707107 
0.707107 
2.000000 
2.000000 
0.000000 
0.000000 
0.000000 
0.000000 
2.000000 
2.000000 
0.000000 
0.000000 
0.500000 
0.500000 
3.162278 
3.162278 
1.581139 
1.581139 
0.707107 
0.707107 
2.000000 
2.000000 
0.000000 
0.000000 
0.000000 
0.000000 
2.061553 
2.061553 
0.000000 
0.000000 
0.500000 
0.500000 
1.500000 
1.500000 
0.707107 
0.707107 
0.500000 
0.500000 
2.000000 
2.000000 
0.000000 
0.000000 
0.000000 
0.000000 
1.118034 
1.118034 
0.000000 
0.000000 
0.500000 
0.500000 
1.000000 
1.000000 
1.000000 
1.000000 
0.707107 
0.707107 
0.000000 
0.000000 
2.000000 
2.000000 
0.000000 
0.000000 
0.000000 
0.000000 
0.707107 
0.707107 
0.000000 
0.000000 
0.500000 
0.500000 
1.000000 
1.000000 
1.500000 
1.500000 
0.500000 
0.500000 
0.000000 
0.000000 
2.000000 
2.000000 
0.000000 
0.000000 
0.000000 
0.000000 
3.162278 
3.162278 
0.000000 
0.000000 
0.500000 
0.500000 
1.000000 
1.000000 
2.061553 
2.061553 
0.000000 
0.000000 
2.915476 
2.915476 
2.000000 
2.000000 
0.000000 
0.000000 
0.000000 
0.000000 
1.802776 
1.802776 
0.000000 
0.000000 
0.500000 
0.500000 
0.500000 
0.500000 
0.000000 
0.000000 
2.692582 
2.692582 
1.118034 
1.118034 
2.000000 
2.000000 
0.000000 
0.000000 
0.000000 
0.000000 
1.581139 
1.581139 
0.000000 
0.000000 
0.500000 
0.500000 
1.118034 
1.118034 
2.500000 
2.500000 
1.000000 
1.000000 
0.707107 
0.707107 
2.000000 
2.000000 
0.000000 
0.000000 
0.000000 
0.000000 
1.000000 
1.000000 
0.000000 
0.000000 
0.500000 
0.500000 
0.707107 
0.707107 
1.118034 
1.118034 
1.581139 
1.581139 
0.500000 
0.500000 
2.000000 
2.000000 
0.000000 
0.000000 
0.000000 
0.000000 
5.385165 
5.385165 
0.500000 
0.500000 
0.500000 
0.500000 
0.500000 
0.500000 
1.581139 
1.581139 
5.000000 
5.000000 
2.000000 
2.000000 
0.000000 
0.000000 
0.000000 
0.000000 
1.118034 
1.118034 
0.500000 
0.500000 
1.414214 
1.414214 
0.707107 
0.707107 
0.500000 
0.500000 
0.000000 
0.000000 
5.000000 
5.000000 
2.000000 
2.000000 
0.000000 
0.000000 
1.581139 
1.581139 
0.500000 
0.500000 
0.500000 
0.500000 
0.500000 
0.500000 
2.549510 
2.549510 
1.118034 
1.118034 
5.000000 
5.000000 
2.000000 
2.000000 
0.000000 
0.000000 
1.000000 
1.000000 
0.500000 
0.500000 
1.118034 
1.118034 
0.500000 
0.500000 
1.000000 
1.000000 
1.118034 
1.118034 
5.000000 
5.000000 
2.000000 
2.000000 
0.000000 
0.000000 
0.500000 
0.500000 
0.500000 
0.500000 
0.707107 
0.707107 
0.707107 
0.707107 
1.000000 
1.000000 
0.000000 
0.000000 
1.118034 
1.118034 
5.000000 
5.000000 
2.000000 
2.000000 
0.000000 
0.000000 
0.500000 
0.500000 
0.500000 
0.500000 
0.500000 
0.500000 
1.118034 
1.118034 
2.500000 
2.500000 
1.000000 
1.000000 
1.118034 
1.118034 
5.000000 
5.000000 
2.000000 
2.000000 
0.000000 
0.000000 
0.500000 
0.500000 
0.500000 
0.500000 
0.707107 
0.707107 
0.500000 
0.500000 
0.500000 
0.500000 
1.118034 
1.118034 
1.118034 
1.118034 
5.000000 
5.000000 
0.500000 
0.500000 
1.118034 
1.118034 
1.118034 
1.118034 
0.000000 
0.000000 
1.802776 
1.802776 
1.118034 
1.118034 
5.000000 
5.000000 
0.500000 
0.500000 
4.031129 
4.031129 
1.000000 
1.000000 
1.118034 
1.118034 
5.852350 
5.852350 
1.118034 
1.118034 
5.000000 
5.000000 
0.500000 
0.500000 
4.527693 
4.527693 
1.000000 
1.000000 
4.031129 
4.031129 
2.236068 
2.236068 
1.118034 
1.118034 
5.000000 
5.000000 
0.500000 
0.500000 
0.707107 
0.707107 
1.118034 
1.118034 
0.500000 
0.500000 
2.121320 
2.121320 
1.118034 
1.118034 
5.000000 
5.000000 
0.500000 
0.500000 
1.000000 
1.000000 
0.707107 
0.707107 
0.500000 
0.500000 
1.581139 
1.581139 
1.118034 
1.118034 
5.000000 
5.000000 
0.500000 
0.500000 
1.118034 
1.118034 
1.000000 
1.000000 
0.500000 
0.500000 
1.802776 
1.802776 
1.118034 
1.118034 
5.000000 
5.000000 
0.500000 
0.500000 
0.707107 
0.707107 
1.000000 
1.000000 
0.500000 
0.500000 
1.581139 
1.581139 
1.118034 
1.118034 
5.000000 
5.000000 
0.500000 
0.500000 
0.707107 
0.707107 
0.500000 
0.500000 
0.500000 
0.500000 
3.535534 
3.535534 
1.118034 
1.118034 
5.000000 
5.000000 
0.500000 
0.500000 
0.707107 
0.707107 
0.500000 
0.500000 
0.500000 
0.500000 
1.414214 
1.414214 
1.118034 
1.118034 
0.500000 
0.500000 
0.500000 
0.500000 
1.118034 
1.118034 
1.000000 
1.000000 
4.609772 
4.609772 
1.118034 
1.118034 
0.500000 
0.500000 
0.000000 
0.000000 
0.000000 
0.000000 
0.500000 
0.500000 
0.000000 
0.000000 
1.581139 
1.581139 
0.500000 
0.500000 
0.500000 
0.500000 
0.500000 
0.500000 
1.000000 
1.000000 
0.000000 
0.000000 
1.000000 
1.000000 
1.581139 
1.581139 
0.500000 
0.500000 
0.500000 
0.500000 
0.500000 
0.500000 
0.000000 
0.000000 
1.000000 
1.000000 
0.707107 
0.707107 
0.500000 
0.500000 
1.000000 
1.000000 
0.500000 
0.500000 
0.000000 
0.000000 
0.500000 
0.500000 
1.802776 
1.802776 
1.118034 
1.118034 
0.000000 
0.000000 
0.000000 
0.000000 
0.000000 
0.000000 
0.707107 
0.707107 
1.118034 
1.118034 
0.707107 
0.707107 
0.000000 
0.000000 
0.500000 
0.500000 
0.000000 
0.000000 
0.707107 
0.707107 
2.236068 
2.236068 
3.500000 
3.500000 
2.000000 
2.000000 
0.707107 
0.707107 
