0.000000 
0.000000 
0.000000 
0.000000 
2.915476 
2.915476 
2.000000 
2.000000 
3.640055 
3.640055 
6.800735 
6.800735 
6.082763 
6.082763 
1.118034 
1.118034 
2.500000 
2.500000 
7.762087 
7.762087 
3.807887 
3.807887 
1.414214 
1.414214 
3.162278 
3.162278 
1.118034 
1.118034 
3.162278 
3.162278 
1.118034 
1.118034 
3.162278 
3.162278 
6.324555 
6.324555 
3.162278 
3.162278 
14.317821 
14.317821 
3.162278 
3.162278 
2.549510 
2.549510 
3.162278 
3.162278 
2.500000 
2.500000 
3.162278 
3.162278 
2.061553 
2.061553 
3.162278 
3.162278 
2.236068 
2.236068 
3.162278 
3.162278 
2.500000 
2.500000 
3.162278 
3.162278 
3.500000 
3.500000 
3.162278 
3.162278 
2.000000 
2.000000 
3.162278 
3.162278 
3.162278 
3.162278 
3.162278 
3.162278 
1.000000 
1.000000 
3.162278 
3.162278 
0.707107 
0.707107 
3.162278 
3.162278 
1.802776 
1.802776 
2.061553 
2.061553 
1.414214 
1.414214 
0.000000 
0.000000 
8.732125 
8.732125 
0.000000 
0.000000 
0.000000 
0.000000 
1.118034 
1.118034 
3.500000 
3.500000 
0.000000 
0.000000 
1.581139 
1.581139 
0.000000 
0.000000 
3.500000 
3.500000 
0.000000 
0.000000 
9.617692 
9.617692 
0.000000 
0.000000 
0.000000 
0.000000 
3.500000 
3.500000 
0.000000 
0.000000 
2.236068 
2.236068 
0.000000 
0.000000 
0.000000 
0.000000 
0.000000 
0.000000 
3.500000 
3.500000 
0.000000 
0.000000 
2.061553 
2.061553 
0.000000 
0.000000 
0.000000 
0.000000 
0.000000 
0.000000 
0.000000 
0.000000 
3.500000 
3.500000 
0.000000 
0.000000 
3.500000 
3.500000 
3.162278 
3.162278 
0.000000 
0.000000 
0.000000 
0.000000 
0.000000 
0.000000 
3.500000 
3.500000 
0.000000 
0.000000 
1.118034 
1.118034 
3.162278 
3.162278 
0.000000 
0.000000 
0.000000 
0.000000 
0.000000 
0.000000 
3.500000 
3.500000 
0.000000 
0.000000 
1.500000 
1.500000 
3.162278 
3.162278 
0.000000 
0.000000 
0.000000 
0.000000 
0.000000 
0.000000 
3.500000 
3.500000 
0.000000 
0.000000 
6.082763 
6.082763 
3.162278 
3.162278 
0.000000 
0.000000 
0.000000 
0.000000 
0.000000 
0.000000 
3.500000 
3.500000 
0.000000 
0.000000 
1.000000 
1.000000 
3.162278 
3.162278 
0.000000 
0.000000 
0.000000 
0.000000 
0.000000 
0.000000 
3.500000 
3.500000 
0.000000 
0.000000 
2.000000 
2.000000 
3.162278 
3.162278 
0.000000 
0.000000 
0.000000 
0.000000 
0.000000 
0.000000 
3.500000 
3.500000 
0.000000 
0.000000 
2.061553 
2.061553 
3.162278 
3.162278 
0.000000 
0.000000 
0.000000 
0.000000 
0.000000 
0.000000 
3.500000 
3.500000 
0.000000 
0.000000 
2.061553 
2.061553 
3.162278 
3.162278 
0.000000 
0.000000 
0.000000 
0.000000 
0.000000 
0.000000 
3.500000 
3.500000 
0.000000 
0.000000 
6.020797 
6.020797 
3.162278 
3.162278 
0.000000 
0.000000 
0.000000 
0.000000 
0.000000 
0.000000 
3.500000 
3.500000 
2.061553 
2.061553 
