0.000000 
0.000000 
0.000000 
0.000000 
2.061553 
2.061553 
7.500000 
7.500000 
1.802776 
1.802776 
2.061553 
2.061553 
2.500000 
2.500000 
2.500000 
2.500000 
2.500000 
2.500000 
2.061553 
2.061553 
2.500000 
2.500000 
0.000000 
0.000000 
3.000000 
3.000000 
2.500000 
2.500000 
1.118034 
1.118034 
1.000000 
1.000000 
2.500000 
2.500000 
5.590170 
5.590170 
1.000000 
1.000000 
2.500000 
2.500000 
0.000000 
0.000000 
1.000000 
1.000000 
2.500000 
2.500000 
0.000000 
0.000000 
1.000000 
1.000000 
2.500000 
2.500000 
0.000000 
0.000000 
1.000000 
1.000000 
2.500000 
2.500000 
0.000000 
0.000000 
1.000000 
1.000000 
2.500000 
2.500000 
0.000000 
0.000000 
1.000000 
1.000000 
2.500000 
2.500000 
0.000000 
0.000000 
1.000000 
1.000000 
2.500000 
2.500000 
0.000000 
0.000000 
1.000000 
1.000000 
2.500000 
2.500000 
0.000000 
0.000000 
1.000000 
1.000000 
2.500000 
2.500000 
0.000000 
0.000000 
0.000000 
0.000000 
1.000000 
1.000000 
2.500000 
2.500000 
0.000000 
0.000000 
0.000000 
0.000000 
1.000000 
1.000000 
0.000000 
0.000000 
0.000000 
0.000000 
1.000000 
1.000000 
0.000000 
0.000000 
0.000000 
0.000000 
1.000000 
1.000000 
0.000000 
0.000000 
0.000000 
0.000000 
1.000000 
1.000000 
0.000000 
0.000000 
0.000000 
0.000000 
0.000000 
0.000000 
0.000000 
0.000000 
0.000000 
0.000000 
0.000000 
0.000000 
0.000000 
0.000000 
0.000000 
0.000000 
0.000000 
0.000000 
0.000000 
0.000000 
0.000000 
0.000000 
0.000000 
0.000000 
0.000000 
0.000000 
