0.000000 
0.000000 
0.000000 
0.000000 
0.000000 
0.000000 
23.926972 
23.926972 
0.000000 
0.000000 
0.500000 
0.500000 
1.802776 
1.802776 
0.000000 
0.000000 
0.000000 
0.000000 
1.802776 
1.802776 
0.000000 
0.000000 
0.707107 
0.707107 
3.535534 
3.535534 
0.000000 
0.000000 
0.500000 
0.500000 
0.500000 
0.500000 
3.354102 
3.354102 
0.500000 
0.500000 
2.500000 
2.500000 
0.500000 
0.500000 
0.500000 
0.500000 
1.414214 
1.414214 
1.414214 
1.414214 
0.500000 
0.500000 
2.500000 
2.500000 
1.414214 
1.414214 
0.500000 
0.500000 
2.000000 
2.000000 
1.414214 
1.414214 
0.500000 
0.500000 
4.000000 
4.000000 
1.414214 
1.414214 
0.500000 
0.500000 
23.000000 
23.000000 
1.414214 
1.414214 
0.500000 
0.500000 
2.061553 
2.061553 
1.414214 
1.414214 
0.500000 
0.500000 
25.519600 
25.519600 
1.414214 
1.414214 
0.500000 
0.500000 
3.535534 
3.535534 
1.414214 
1.414214 
0.500000 
0.500000 
1.802776 
1.802776 
1.414214 
1.414214 
0.500000 
0.500000 
1.802776 
1.802776 
1.414214 
1.414214 
0.500000 
0.500000 
1.802776 
1.802776 
1.414214 
1.414214 
0.500000 
0.500000 
1.802776 
1.802776 
1.414214 
1.414214 
0.500000 
0.500000 
1.802776 
1.802776 
1.414214 
1.414214 
1.802776 
1.802776 
1.414214 
1.414214 
1.802776 
1.802776 
1.414214 
1.414214 
1.802776 
1.802776 
1.802776 
1.802776 
1.802776 
1.802776 
1.802776 
1.802776 
1.802776 
1.802776 
1.802776 
1.802776 
0.000000 
0.000000 
1.802776 
1.802776 
2.549510 
2.549510 
1.802776 
1.802776 
2.549510 
2.549510 
13.453624 
13.453624 
2.549510 
2.549510 
13.453624 
13.453624 
2.549510 
2.549510 
13.453624 
13.453624 
2.549510 
2.549510 
13.453624 
13.453624 
2.549510 
2.549510 
13.453624 
13.453624 
2.549510 
2.549510 
13.453624 
13.453624 
2.549510 
2.549510 
13.453624 
13.453624 
2.549510 
2.549510 
13.453624 
13.453624 
2.549510 
2.549510 
13.453624 
13.453624 
