0.000000 
0.000000 
0.000000 
0.000000 
0.000000 
0.000000 
0.000000 
0.000000 
0.000000 
0.000000 
0.000000 
0.000000 
1.118034 
1.118034 
1.414214 
1.414214 
3.807887 
3.807887 
0.000000 
0.000000 
1.581139 
1.581139 
0.000000 
0.000000 
0.000000 
0.000000 
0.000000 
0.000000 
0.000000 
0.000000 
0.000000 
0.000000 
1.118034 
1.118034 
1.500000 
1.500000 
2.236068 
2.236068 
0.000000 
0.000000 
1.581139 
1.581139 
0.000000 
0.000000 
0.000000 
0.000000 
1.414214 
1.414214 
2.061553 
2.061553 
0.000000 
0.000000 
0.000000 
0.000000 
1.118034 
1.118034 
1.581139 
1.581139 
2.061553 
2.061553 
0.000000 
0.000000 
1.581139 
1.581139 
0.000000 
0.000000 
2.061553 
2.061553 
0.000000 
0.000000 
1.118034 
1.118034 
1.500000 
1.500000 
0.000000 
0.000000 
0.000000 
0.000000 
1.118034 
1.118034 
1.118034 
1.118034 
2.000000 
2.000000 
0.000000 
0.000000 
1.581139 
1.581139 
0.000000 
0.000000 
0.000000 
0.000000 
2.061553 
2.061553 
1.500000 
1.500000 
0.000000 
0.000000 
1.118034 
1.118034 
1.802776 
1.802776 
0.000000 
0.000000 
0.000000 
0.000000 
1.118034 
1.118034 
2.061553 
2.061553 
1.802776 
1.802776 
0.000000 
0.000000 
1.581139 
1.581139 
0.000000 
0.000000 
0.000000 
0.000000 
1.500000 
1.500000 
1.500000 
1.500000 
4.031129 
4.031129 
1.500000 
1.500000 
0.000000 
0.000000 
1.118034 
1.118034 
0.500000 
0.500000 
0.000000 
0.000000 
0.000000 
0.000000 
1.118034 
1.118034 
2.061553 
2.061553 
1.802776 
1.802776 
0.000000 
0.000000 
1.581139 
1.581139 
0.000000 
0.000000 
0.000000 
0.000000 
1.581139 
1.581139 
1.581139 
1.581139 
4.527693 
4.527693 
1.118034 
1.118034 
1.500000 
1.500000 
0.000000 
0.000000 
1.118034 
1.118034 
0.500000 
0.500000 
0.000000 
0.000000 
0.000000 
0.000000 
1.118034 
1.118034 
5.500000 
5.500000 
1.802776 
1.802776 
0.000000 
0.000000 
1.581139 
1.581139 
2.828427 
2.828427 
0.000000 
0.000000 
2.000000 
2.000000 
1.581139 
1.581139 
1.500000 
1.500000 
1.118034 
1.118034 
1.500000 
1.500000 
0.000000 
0.000000 
1.118034 
1.118034 
0.500000 
0.500000 
0.000000 
0.000000 
0.000000 
0.000000 
1.118034 
1.118034 
5.500000 
5.500000 
1.802776 
1.802776 
0.000000 
0.000000 
1.581139 
1.581139 
0.000000 
0.000000 
1.500000 
1.500000 
0.000000 
0.000000 
2.061553 
2.061553 
1.581139 
1.581139 
0.500000 
0.500000 
1.118034 
1.118034 
1.500000 
1.500000 
0.000000 
0.000000 
1.118034 
1.118034 
0.500000 
0.500000 
0.000000 
0.000000 
0.000000 
0.000000 
1.118034 
1.118034 
5.500000 
5.500000 
1.802776 
1.802776 
0.000000 
0.000000 
1.581139 
1.581139 
2.061553 
2.061553 
0.707107 
0.707107 
0.000000 
0.000000 
1.802776 
1.802776 
1.581139 
1.581139 
1.414214 
1.414214 
1.118034 
1.118034 
1.500000 
1.500000 
0.000000 
0.000000 
1.118034 
1.118034 
0.500000 
0.500000 
0.000000 
0.000000 
0.000000 
0.000000 
1.118034 
1.118034 
5.500000 
5.500000 
1.802776 
1.802776 
0.000000 
0.000000 
1.581139 
1.581139 
2.061553 
2.061553 
0.500000 
0.500000 
0.000000 
0.000000 
1.500000 
1.500000 
1.581139 
1.581139 
1.414214 
1.414214 
1.118034 
1.118034 
1.500000 
1.500000 
0.000000 
0.000000 
1.118034 
1.118034 
0.500000 
0.500000 
0.000000 
0.000000 
0.000000 
0.000000 
1.118034 
1.118034 
5.500000 
5.500000 
1.802776 
1.802776 
0.000000 
0.000000 
1.581139 
1.581139 
0.000000 
0.000000 
2.061553 
2.061553 
1.000000 
1.000000 
0.000000 
0.000000 
3.041381 
3.041381 
1.581139 
1.581139 
1.414214 
1.414214 
1.118034 
1.118034 
1.500000 
1.500000 
0.000000 
0.000000 
1.118034 
1.118034 
0.500000 
0.500000 
0.000000 
0.000000 
0.000000 
0.000000 
1.118034 
1.118034 
5.500000 
5.500000 
1.802776 
1.802776 
0.000000 
0.000000 
1.581139 
1.581139 
0.000000 
0.000000 
1.581139 
1.581139 
2.061553 
2.061553 
1.414214 
1.414214 
0.000000 
0.000000 
1.414214 
1.414214 
1.581139 
1.581139 
1.414214 
1.414214 
1.118034 
1.118034 
1.500000 
1.500000 
0.000000 
0.000000 
1.118034 
1.118034 
0.500000 
0.500000 
0.000000 
0.000000 
0.000000 
0.000000 
1.118034 
1.118034 
5.500000 
5.500000 
1.802776 
1.802776 
0.000000 
0.000000 
1.581139 
1.581139 
1.802776 
1.802776 
3.354102 
3.354102 
2.061553 
2.061553 
1.802776 
1.802776 
0.000000 
0.000000 
1.414214 
1.414214 
1.581139 
1.581139 
1.414214 
1.414214 
1.118034 
1.118034 
1.500000 
1.500000 
0.000000 
0.000000 
1.118034 
1.118034 
0.500000 
0.500000 
0.000000 
0.000000 
0.000000 
0.000000 
1.118034 
1.118034 
5.500000 
5.500000 
1.802776 
1.802776 
0.000000 
0.000000 
1.581139 
1.581139 
0.000000 
0.000000 
1.802776 
1.802776 
3.354102 
3.354102 
2.061553 
2.061553 
5.099020 
5.099020 
0.000000 
0.000000 
1.118034 
1.118034 
1.581139 
1.581139 
1.414214 
1.414214 
1.118034 
1.118034 
1.500000 
1.500000 
0.000000 
0.000000 
1.118034 
1.118034 
0.500000 
0.500000 
0.000000 
0.000000 
0.000000 
0.000000 
1.118034 
1.118034 
5.500000 
5.500000 
1.802776 
1.802776 
1.581139 
1.581139 
0.000000 
0.000000 
1.414214 
1.414214 
1.802776 
1.802776 
3.354102 
3.354102 
2.061553 
2.061553 
1.500000 
1.500000 
0.000000 
0.000000 
1.802776 
1.802776 
1.581139 
1.581139 
1.414214 
1.414214 
1.118034 
1.118034 
1.500000 
1.500000 
0.000000 
0.000000 
1.118034 
1.118034 
0.500000 
0.500000 
0.000000 
0.000000 
5.500000 
5.500000 
1.802776 
1.802776 
0.000000 
0.000000 
0.000000 
0.000000 
1.414214 
1.414214 
1.802776 
1.802776 
3.354102 
3.354102 
2.061553 
2.061553 
1.500000 
1.500000 
0.000000 
0.000000 
4.123106 
4.123106 
1.581139 
1.581139 
1.414214 
1.414214 
1.118034 
1.118034 
1.500000 
1.500000 
1.118034 
1.118034 
0.500000 
0.500000 
5.500000 
5.500000 
1.802776 
1.802776 
0.000000 
0.000000 
0.000000 
0.000000 
6.082763 
6.082763 
0.000000 
0.000000 
1.414214 
1.414214 
1.802776 
1.802776 
3.354102 
3.354102 
2.061553 
2.061553 
0.500000 
0.500000 
0.000000 
0.000000 
1.118034 
1.118034 
1.581139 
1.581139 
1.414214 
1.414214 
1.118034 
1.118034 
1.500000 
1.500000 
1.118034 
1.118034 
0.500000 
0.500000 
5.500000 
5.500000 
1.802776 
1.802776 
0.000000 
0.000000 
1.000000 
1.000000 
2.549510 
2.549510 
4.123106 
4.123106 
0.000000 
0.000000 
1.414214 
1.414214 
1.802776 
1.802776 
3.354102 
3.354102 
2.061553 
2.061553 
0.000000 
0.000000 
0.000000 
0.000000 
1.802776 
1.802776 
1.581139 
1.581139 
1.414214 
1.414214 
1.118034 
1.118034 
1.500000 
1.500000 
0.500000 
0.500000 
5.500000 
5.500000 
1.802776 
1.802776 
0.000000 
0.000000 
1.581139 
1.581139 
1.000000 
1.000000 
6.082763 
6.082763 
0.000000 
0.000000 
1.414214 
1.414214 
1.802776 
1.802776 
3.354102 
3.354102 
2.061553 
2.061553 
1.000000 
1.000000 
0.000000 
0.000000 
2.500000 
2.500000 
1.581139 
1.581139 
1.414214 
1.414214 
1.118034 
1.118034 
0.500000 
0.500000 
5.500000 
5.500000 
0.000000 
0.000000 
1.000000 
1.000000 
0.500000 
0.500000 
6.082763 
6.082763 
0.000000 
0.000000 
1.414214 
1.414214 
1.802776 
1.802776 
3.354102 
3.354102 
2.061553 
2.061553 
1.414214 
1.414214 
2.500000 
2.500000 
1.581139 
1.581139 
1.414214 
1.414214 
1.118034 
1.118034 
5.500000 
5.500000 
0.000000 
0.000000 
0.000000 
0.000000 
8.015610 
8.015610 
0.500000 
0.500000 
6.082763 
6.082763 
0.000000 
0.000000 
1.414214 
1.414214 
1.802776 
1.802776 
3.354102 
3.354102 
2.061553 
2.061553 
1.118034 
1.118034 
2.500000 
2.500000 
1.414214 
1.414214 
0.000000 
0.000000 
0.000000 
0.000000 
0.000000 
0.000000 
8.015610 
8.015610 
0.500000 
0.500000 
6.082763 
6.082763 
0.000000 
0.000000 
1.414214 
1.414214 
1.802776 
1.802776 
3.354102 
3.354102 
2.061553 
2.061553 
1.581139 
1.581139 
2.500000 
2.500000 
1.414214 
1.414214 
0.000000 
0.000000 
0.000000 
0.000000 
5.590170 
5.590170 
0.000000 
0.000000 
0.000000 
0.000000 
8.015610 
8.015610 
0.500000 
0.500000 
6.082763 
6.082763 
0.000000 
0.000000 
1.414214 
1.414214 
1.802776 
1.802776 
3.354102 
3.354102 
2.061553 
2.061553 
1.802776 
1.802776 
2.500000 
2.500000 
1.414214 
1.414214 
0.000000 
0.000000 
1.000000 
1.000000 
1.802776 
1.802776 
1.414214 
1.414214 
0.000000 
0.000000 
0.000000 
0.000000 
8.015610 
8.015610 
0.500000 
0.500000 
6.082763 
6.082763 
0.000000 
0.000000 
1.414214 
1.414214 
1.802776 
1.802776 
3.354102 
3.354102 
2.121320 
2.121320 
2.500000 
2.500000 
0.000000 
0.000000 
0.000000 
0.000000 
5.099020 
5.099020 
1.000000 
1.000000 
1.802776 
1.802776 
1.414214 
1.414214 
0.000000 
0.000000 
0.000000 
0.000000 
8.015610 
8.015610 
0.500000 
0.500000 
6.082763 
6.082763 
0.000000 
0.000000 
1.414214 
1.414214 
1.802776 
1.802776 
3.354102 
3.354102 
4.031129 
4.031129 
2.500000 
2.500000 
1.802776 
1.802776 
1.581139 
1.581139 
5.099020 
5.099020 
1.000000 
1.000000 
1.802776 
1.802776 
1.414214 
1.414214 
0.000000 
0.000000 
0.000000 
0.000000 
8.015610 
8.015610 
0.500000 
0.500000 
6.082763 
6.082763 
0.000000 
0.000000 
1.414214 
1.414214 
1.802776 
1.802776 
3.354102 
3.354102 
0.707107 
0.707107 
2.500000 
2.500000 
0.000000 
0.000000 
1.802776 
1.802776 
0.707107 
0.707107 
5.099020 
5.099020 
1.000000 
1.000000 
1.802776 
1.802776 
1.414214 
1.414214 
0.000000 
0.000000 
0.000000 
0.000000 
8.015610 
8.015610 
0.500000 
0.500000 
6.082763 
6.082763 
0.000000 
0.000000 
1.414214 
1.414214 
1.802776 
1.802776 
3.354102 
3.354102 
2.500000 
2.500000 
2.500000 
2.500000 
0.000000 
0.000000 
1.802776 
1.802776 
7.762087 
7.762087 
5.099020 
5.099020 
1.000000 
1.000000 
1.802776 
1.802776 
1.414214 
1.414214 
0.000000 
0.000000 
0.000000 
0.000000 
8.015610 
8.015610 
0.500000 
0.500000 
6.082763 
6.082763 
0.000000 
0.000000 
1.414214 
1.414214 
1.500000 
1.500000 
2.500000 
2.500000 
0.000000 
0.000000 
0.000000 
0.000000 
1.802776 
1.802776 
1.802776 
1.802776 
5.099020 
5.099020 
1.000000 
1.000000 
1.802776 
1.802776 
1.414214 
1.414214 
0.000000 
0.000000 
0.000000 
0.000000 
8.015610 
8.015610 
0.500000 
0.500000 
6.082763 
6.082763 
0.000000 
0.000000 
1.414214 
1.414214 
3.201562 
3.201562 
2.500000 
2.500000 
0.000000 
0.000000 
0.000000 
0.000000 
0.000000 
0.000000 
1.802776 
1.802776 
1.414214 
1.414214 
5.099020 
5.099020 
1.000000 
1.000000 
1.802776 
1.802776 
1.414214 
1.414214 
0.000000 
0.000000 
0.000000 
0.000000 
8.015610 
8.015610 
0.500000 
0.500000 
6.082763 
6.082763 
1.581139 
1.581139 
2.500000 
2.500000 
2.236068 
2.236068 
0.000000 
0.000000 
0.000000 
0.000000 
1.802776 
1.802776 
6.082763 
6.082763 
5.099020 
5.099020 
1.000000 
1.000000 
1.802776 
1.802776 
1.414214 
1.414214 
0.000000 
0.000000 
0.000000 
0.000000 
8.015610 
8.015610 
0.500000 
0.500000 
6.082763 
6.082763 
1.000000 
1.000000 
2.500000 
2.500000 
0.000000 
0.000000 
2.236068 
2.236068 
0.000000 
0.000000 
0.000000 
0.000000 
1.802776 
1.802776 
0.500000 
0.500000 
5.099020 
5.099020 
1.000000 
1.000000 
1.802776 
1.802776 
1.414214 
1.414214 
0.000000 
0.000000 
0.000000 
0.000000 
8.015610 
8.015610 
0.500000 
0.500000 
6.082763 
6.082763 
1.000000 
1.000000 
2.500000 
2.500000 
1.414214 
1.414214 
2.236068 
2.236068 
0.000000 
0.000000 
0.000000 
0.000000 
1.802776 
1.802776 
5.024938 
5.024938 
5.099020 
5.099020 
1.000000 
1.000000 
1.802776 
1.802776 
1.414214 
1.414214 
0.000000 
0.000000 
8.015610 
8.015610 
0.500000 
0.500000 
6.082763 
6.082763 
1.000000 
1.000000 
2.500000 
2.500000 
1.414214 
1.414214 
2.236068 
2.236068 
0.000000 
0.000000 
0.000000 
0.000000 
1.802776 
1.802776 
0.707107 
0.707107 
5.099020 
5.099020 
1.000000 
1.000000 
1.802776 
1.802776 
1.414214 
1.414214 
0.000000 
0.000000 
8.015610 
8.015610 
0.500000 
0.500000 
1.000000 
1.000000 
2.500000 
2.500000 
0.000000 
0.000000 
1.414214 
1.414214 
2.236068 
2.236068 
0.000000 
0.000000 
0.000000 
0.000000 
1.802776 
1.802776 
1.000000 
1.000000 
5.099020 
5.099020 
1.000000 
1.000000 
1.802776 
1.802776 
1.414214 
1.414214 
0.000000 
0.000000 
8.015610 
8.015610 
1.000000 
1.000000 
0.000000 
0.000000 
1.414214 
1.414214 
2.236068 
2.236068 
0.000000 
0.000000 
0.000000 
0.000000 
1.802776 
1.802776 
1.000000 
1.000000 
5.099020 
5.099020 
1.000000 
1.000000 
1.802776 
1.802776 
1.414214 
1.414214 
1.000000 
1.000000 
0.000000 
0.000000 
1.414214 
1.414214 
2.236068 
2.236068 
0.000000 
0.000000 
0.000000 
0.000000 
1.802776 
1.802776 
1.000000 
1.000000 
5.099020 
5.099020 
1.000000 
1.000000 
1.802776 
1.802776 
1.414214 
1.414214 
1.000000 
1.000000 
