0.000000 
0.000000 
0.000000 
0.000000 
0.000000 
0.000000 
0.000000 
0.000000 
4.924429 
4.924429 
1.118034 
1.118034 
0.500000 
0.500000 
5.024938 
5.024938 
1.000000 
1.000000 
1.000000 
1.000000 
2.692582 
2.692582 
2.061553 
2.061553 
1.500000 
1.500000 
1.000000 
1.000000 
0.707107 
0.707107 
3.000000 
3.000000 
1.500000 
1.500000 
1.000000 
1.000000 
2.121320 
2.121320 
2.000000 
2.000000 
0.000000 
0.000000 
1.500000 
1.500000 
1.000000 
1.000000 
1.802776 
1.802776 
2.061553 
2.061553 
0.000000 
0.000000 
0.000000 
0.000000 
5.099020 
5.099020 
1.500000 
1.500000 
1.000000 
1.000000 
2.061553 
2.061553 
5.590170 
5.590170 
1.118034 
1.118034 
0.707107 
0.707107 
1.118034 
1.118034 
1.500000 
1.500000 
1.000000 
1.000000 
1.500000 
1.500000 
1.500000 
1.500000 
0.500000 
0.500000 
0.707107 
0.707107 
1.118034 
1.118034 
1.500000 
1.500000 
1.000000 
1.000000 
0.707107 
0.707107 
1.802776 
1.802776 
2.500000 
2.500000 
5.590170 
5.590170 
1.118034 
1.118034 
1.500000 
1.500000 
1.000000 
1.000000 
1.118034 
1.118034 
2.121320 
2.121320 
0.000000 
0.000000 
1.118034 
1.118034 
0.000000 
0.000000 
1.500000 
1.500000 
1.500000 
1.500000 
1.000000 
1.000000 
0.707107 
0.707107 
2.236068 
2.236068 
2.236068 
2.236068 
4.031129 
4.031129 
0.000000 
0.000000 
1.000000 
1.000000 
1.500000 
1.500000 
1.000000 
1.000000 
0.000000 
0.000000 
4.609772 
4.609772 
3.640055 
3.640055 
2.500000 
2.500000 
1.500000 
1.500000 
1.802776 
1.802776 
1.500000 
1.500000 
1.000000 
1.000000 
1.500000 
1.500000 
3.000000 
3.000000 
0.000000 
0.000000 
3.640055 
3.640055 
0.707107 
0.707107 
0.500000 
0.500000 
1.118034 
1.118034 
1.500000 
1.500000 
1.000000 
1.000000 
0.707107 
0.707107 
3.000000 
3.000000 
1.581139 
1.581139 
3.640055 
3.640055 
0.707107 
0.707107 
0.707107 
0.707107 
0.500000 
0.500000 
1.500000 
1.500000 
1.000000 
1.000000 
1.000000 
1.000000 
3.000000 
3.000000 
0.000000 
0.000000 
3.535534 
3.535534 
3.640055 
3.640055 
0.500000 
0.500000 
0.500000 
0.500000 
0.000000 
0.000000 
1.500000 
1.500000 
1.000000 
1.000000 
0.707107 
0.707107 
3.000000 
3.000000 
0.000000 
0.000000 
1.581139 
1.581139 
3.640055 
3.640055 
1.581139 
1.581139 
1.118034 
1.118034 
0.000000 
0.000000 
1.500000 
1.500000 
1.000000 
1.000000 
1.118034 
1.118034 
3.000000 
3.000000 
0.000000 
0.000000 
0.000000 
0.000000 
1.581139 
1.581139 
3.640055 
3.640055 
2.236068 
2.236068 
1.802776 
1.802776 
0.000000 
0.000000 
1.500000 
1.500000 
1.118034 
1.118034 
3.000000 
3.000000 
0.000000 
0.000000 
2.549510 
2.549510 
0.000000 
0.000000 
1.581139 
1.581139 
3.640055 
3.640055 
1.802776 
1.802776 
1.118034 
1.118034 
3.807887 
3.807887 
1.118034 
1.118034 
3.000000 
3.000000 
0.000000 
0.000000 
2.549510 
2.549510 
0.000000 
0.000000 
1.581139 
1.581139 
3.640055 
3.640055 
1.581139 
1.581139 
1.802776 
1.802776 
1.581139 
1.581139 
1.118034 
1.118034 
3.000000 
3.000000 
0.000000 
0.000000 
2.549510 
2.549510 
0.000000 
0.000000 
1.581139 
1.581139 
3.640055 
3.640055 
1.581139 
1.581139 
0.500000 
0.500000 
1.581139 
1.581139 
1.118034 
1.118034 
3.000000 
3.000000 
0.000000 
0.000000 
0.000000 
0.000000 
0.000000 
0.000000 
0.000000 
0.000000 
2.549510 
2.549510 
0.000000 
0.000000 
1.581139 
1.581139 
3.640055 
3.640055 
1.118034 
1.118034 
1.581139 
1.581139 
1.581139 
1.581139 
1.118034 
1.118034 
3.000000 
3.000000 
0.000000 
0.000000 
1.118034 
1.118034 
2.061553 
2.061553 
3.041381 
3.041381 
0.000000 
0.000000 
2.549510 
2.549510 
0.000000 
0.000000 
1.581139 
1.581139 
3.640055 
3.640055 
1.118034 
1.118034 
0.707107 
0.707107 
1.581139 
1.581139 
1.118034 
1.118034 
3.000000 
3.000000 
1.118034 
1.118034 
0.707107 
0.707107 
2.061553 
2.061553 
2.500000 
2.500000 
0.000000 
0.000000 
2.549510 
2.549510 
0.000000 
0.000000 
1.581139 
1.581139 
3.640055 
3.640055 
1.118034 
1.118034 
1.118034 
1.118034 
1.581139 
1.581139 
1.118034 
1.118034 
3.000000 
3.000000 
0.000000 
0.000000 
1.414214 
1.414214 
0.500000 
0.500000 
2.061553 
2.061553 
2.500000 
2.500000 
0.000000 
0.000000 
2.549510 
2.549510 
0.000000 
0.000000 
1.581139 
1.581139 
3.640055 
3.640055 
1.118034 
1.118034 
0.500000 
0.500000 
1.581139 
1.581139 
1.118034 
1.118034 
3.000000 
3.000000 
0.000000 
0.000000 
0.000000 
0.000000 
2.500000 
2.500000 
1.414214 
1.414214 
0.500000 
0.500000 
2.061553 
2.061553 
2.500000 
2.500000 
0.000000 
0.000000 
2.549510 
2.549510 
0.000000 
0.000000 
1.581139 
1.581139 
3.640055 
3.640055 
1.118034 
1.118034 
0.707107 
0.707107 
1.581139 
1.581139 
1.118034 
1.118034 
3.000000 
3.000000 
0.000000 
0.000000 
0.000000 
0.000000 
2.061553 
2.061553 
2.500000 
2.500000 
1.414214 
1.414214 
0.500000 
0.500000 
2.061553 
2.061553 
2.500000 
2.500000 
0.000000 
0.000000 
2.549510 
2.549510 
0.000000 
0.000000 
1.581139 
1.581139 
3.640055 
3.640055 
1.118034 
1.118034 
1.118034 
1.118034 
1.581139 
1.581139 
1.118034 
1.118034 
3.000000 
3.000000 
0.000000 
0.000000 
0.000000 
0.000000 
2.061553 
2.061553 
2.500000 
2.500000 
1.581139 
1.581139 
0.500000 
0.500000 
2.061553 
2.061553 
2.500000 
2.500000 
0.000000 
0.000000 
2.549510 
2.549510 
0.000000 
0.000000 
1.581139 
1.581139 
1.118034 
1.118034 
1.118034 
1.118034 
1.581139 
1.581139 
1.118034 
1.118034 
0.000000 
0.000000 
0.000000 
0.000000 
0.000000 
0.000000 
0.000000 
0.000000 
2.061553 
2.061553 
2.500000 
2.500000 
0.500000 
0.500000 
0.500000 
0.500000 
2.061553 
2.061553 
2.500000 
2.500000 
0.000000 
0.000000 
2.549510 
2.549510 
0.000000 
0.000000 
1.581139 
1.581139 
1.118034 
1.118034 
1.118034 
1.118034 
1.581139 
1.581139 
1.118034 
1.118034 
0.000000 
0.000000 
0.000000 
0.000000 
2.549510 
2.549510 
2.236068 
2.236068 
0.000000 
0.000000 
0.000000 
0.000000 
2.061553 
2.061553 
2.500000 
2.500000 
0.500000 
0.500000 
0.500000 
0.500000 
2.061553 
2.061553 
2.500000 
2.500000 
0.000000 
0.000000 
2.549510 
2.549510 
0.000000 
0.000000 
1.581139 
1.581139 
1.118034 
1.118034 
8.246211 
8.246211 
1.581139 
1.581139 
1.118034 
1.118034 
0.000000 
0.000000 
0.000000 
0.000000 
1.802776 
1.802776 
1.414214 
1.414214 
2.549510 
2.549510 
2.236068 
2.236068 
0.000000 
0.000000 
0.000000 
0.000000 
2.061553 
2.061553 
2.500000 
2.500000 
0.500000 
0.500000 
0.500000 
0.500000 
2.061553 
2.061553 
2.500000 
2.500000 
0.000000 
0.000000 
2.549510 
2.549510 
1.581139 
1.581139 
1.118034 
1.118034 
4.527693 
4.527693 
1.581139 
1.581139 
1.118034 
1.118034 
1.581139 
1.581139 
1.118034 
1.118034 
1.802776 
1.802776 
1.581139 
1.581139 
2.549510 
2.549510 
2.236068 
2.236068 
0.000000 
0.000000 
0.000000 
0.000000 
2.061553 
2.061553 
2.500000 
2.500000 
0.500000 
0.500000 
0.500000 
0.500000 
2.061553 
2.061553 
2.500000 
2.500000 
0.000000 
0.000000 
2.549510 
2.549510 
1.118034 
1.118034 
2.061553 
2.061553 
1.581139 
1.581139 
2.236068 
2.236068 
2.061553 
2.061553 
1.802776 
1.802776 
1.500000 
1.500000 
2.549510 
2.549510 
2.236068 
2.236068 
0.000000 
0.000000 
0.000000 
0.000000 
2.061553 
2.061553 
2.500000 
2.500000 
0.500000 
0.500000 
0.500000 
0.500000 
2.061553 
2.061553 
2.500000 
2.500000 
0.000000 
0.000000 
2.549510 
2.549510 
1.118034 
1.118034 
2.061553 
2.061553 
1.581139 
1.581139 
0.000000 
0.000000 
3.000000 
3.000000 
2.061553 
2.061553 
1.802776 
1.802776 
1.500000 
1.500000 
2.549510 
2.549510 
2.236068 
2.236068 
0.000000 
0.000000 
0.000000 
0.000000 
2.061553 
2.061553 
2.500000 
2.500000 
0.500000 
0.500000 
0.500000 
0.500000 
2.061553 
2.061553 
2.500000 
2.500000 
1.118034 
1.118034 
3.041381 
3.041381 
1.581139 
1.581139 
0.000000 
0.000000 
0.000000 
0.000000 
2.061553 
2.061553 
3.000000 
3.000000 
2.061553 
2.061553 
1.802776 
1.802776 
1.500000 
1.500000 
2.549510 
2.549510 
2.236068 
2.236068 
0.000000 
0.000000 
0.000000 
0.000000 
2.061553 
2.061553 
2.500000 
2.500000 
0.500000 
0.500000 
0.500000 
0.500000 
2.061553 
2.061553 
2.500000 
2.500000 
1.118034 
1.118034 
6.519202 
6.519202 
0.000000 
0.000000 
0.000000 
0.000000 
1.118034 
1.118034 
2.061553 
2.061553 
3.000000 
3.000000 
2.061553 
2.061553 
1.802776 
1.802776 
1.500000 
1.500000 
2.549510 
2.549510 
2.236068 
2.236068 
0.000000 
0.000000 
0.000000 
0.000000 
2.061553 
2.061553 
2.500000 
2.500000 
0.500000 
0.500000 
0.500000 
0.500000 
2.061553 
2.061553 
2.500000 
2.500000 
1.118034 
1.118034 
2.061553 
2.061553 
0.000000 
0.000000 
0.000000 
0.000000 
2.121320 
2.121320 
0.000000 
0.000000 
1.118034 
1.118034 
2.061553 
2.061553 
3.000000 
3.000000 
2.061553 
2.061553 
1.802776 
1.802776 
1.500000 
1.500000 
2.549510 
2.549510 
2.236068 
2.236068 
0.000000 
0.000000 
0.000000 
0.000000 
2.061553 
2.061553 
2.500000 
2.500000 
0.500000 
0.500000 
0.500000 
0.500000 
2.061553 
2.061553 
2.500000 
2.500000 
2.549510 
2.549510 
0.000000 
0.000000 
2.692582 
2.692582 
1.000000 
1.000000 
2.236068 
2.236068 
0.000000 
0.000000 
1.118034 
1.118034 
2.061553 
2.061553 
3.000000 
3.000000 
2.061553 
2.061553 
1.802776 
1.802776 
1.500000 
1.500000 
2.549510 
2.549510 
2.236068 
2.236068 
0.000000 
0.000000 
0.000000 
0.000000 
2.061553 
2.061553 
2.500000 
2.500000 
0.500000 
0.500000 
0.500000 
0.500000 
2.500000 
2.500000 
3.162278 
3.162278 
0.000000 
0.000000 
1.000000 
1.000000 
3.605551 
3.605551 
1.581139 
1.581139 
2.236068 
2.236068 
0.000000 
0.000000 
1.118034 
1.118034 
2.061553 
2.061553 
3.000000 
3.000000 
2.061553 
2.061553 
1.802776 
1.802776 
1.500000 
1.500000 
2.549510 
2.549510 
2.236068 
2.236068 
0.000000 
0.000000 
0.000000 
0.000000 
2.061553 
2.061553 
2.500000 
2.500000 
0.500000 
0.500000 
0.500000 
0.500000 
7.071068 
7.071068 
