0.000000 
0.000000 
0.000000 
0.000000 
0.000000 
0.000000 
0.000000 
0.000000 
2.500000 
2.500000 
2.061553 
2.061553 
0.000000 
0.000000 
3.905125 
3.905125 
0.500000 
0.500000 
0.000000 
0.000000 
0.000000 
0.000000 
0.000000 
0.000000 
3.905125 
3.905125 
0.500000 
0.500000 
2.915476 
2.915476 
3.640055 
3.640055 
0.000000 
0.000000 
3.905125 
3.905125 
2.061553 
2.061553 
2.915476 
2.915476 
3.640055 
3.640055 
0.000000 
0.000000 
3.905125 
3.905125 
2.500000 
2.500000 
2.915476 
2.915476 
3.640055 
3.640055 
0.000000 
0.000000 
3.905125 
3.905125 
2.500000 
2.500000 
2.915476 
2.915476 
3.640055 
3.640055 
0.000000 
0.000000 
3.905125 
3.905125 
2.500000 
2.500000 
2.915476 
2.915476 
3.640055 
3.640055 
0.000000 
0.000000 
3.905125 
3.905125 
2.500000 
2.500000 
2.915476 
2.915476 
3.640055 
3.640055 
0.000000 
0.000000 
3.905125 
3.905125 
2.500000 
2.500000 
2.915476 
2.915476 
3.640055 
3.640055 
0.000000 
0.000000 
3.905125 
3.905125 
2.500000 
2.500000 
2.915476 
2.915476 
3.640055 
3.640055 
0.000000 
0.000000 
3.905125 
3.905125 
2.500000 
2.500000 
2.915476 
2.915476 
3.640055 
3.640055 
0.000000 
0.000000 
3.905125 
3.905125 
2.500000 
2.500000 
2.915476 
2.915476 
3.640055 
3.640055 
0.000000 
0.000000 
3.905125 
3.905125 
2.500000 
2.500000 
2.915476 
2.915476 
3.640055 
3.640055 
0.000000 
0.000000 
3.905125 
3.905125 
2.500000 
2.500000 
2.915476 
2.915476 
3.640055 
3.640055 
3.905125 
3.905125 
2.500000 
2.500000 
2.915476 
2.915476 
3.640055 
3.640055 
3.905125 
3.905125 
2.500000 
2.500000 
2.915476 
2.915476 
3.640055 
3.640055 
2.500000 
2.500000 
2.915476 
2.915476 
3.640055 
3.640055 
2.500000 
2.500000 
2.500000 
2.500000 
0.000000 
0.000000 
1.000000 
1.000000 
0.500000 
0.500000 
1.802776 
1.802776 
0.707107 
0.707107 
0.707107 
0.707107 
0.000000 
0.000000 
0.707107 
0.707107 
1.802776 
1.802776 
0.707107 
0.707107 
4.527693 
4.527693 
0.707107 
0.707107 
2.121320 
2.121320 
0.707107 
0.707107 
3.162278 
3.162278 
0.707107 
0.707107 
0.000000 
0.000000 
3.162278 
3.162278 
0.707107 
0.707107 
0.000000 
0.000000 
0.000000 
0.000000 
3.535534 
3.535534 
3.162278 
3.162278 
0.707107 
0.707107 
0.000000 
0.000000 
0.000000 
0.000000 
5.315073 
5.315073 
3.162278 
3.162278 
0.707107 
0.707107 
0.000000 
0.000000 
0.000000 
0.000000 
2.692582 
2.692582 
3.162278 
3.162278 
0.707107 
0.707107 
0.000000 
0.000000 
0.000000 
0.000000 
2.692582 
2.692582 
3.162278 
3.162278 
0.707107 
0.707107 
0.000000 
0.000000 
0.000000 
0.000000 
2.692582 
2.692582 
3.162278 
3.162278 
0.707107 
0.707107 
0.000000 
0.000000 
0.000000 
0.000000 
2.692582 
2.692582 
3.162278 
3.162278 
0.707107 
0.707107 
0.000000 
0.000000 
0.000000 
0.000000 
2.692582 
2.692582 
3.162278 
3.162278 
0.707107 
0.707107 
