0.000000 
0.000000 
0.000000 
0.000000 
0.000000 
0.000000 
1.581139 
1.581139 
10.049876 
10.049876 
3.640055 
3.640055 
2.000000 
2.000000 
2.121320 
2.121320 
2.692582 
2.692582 
4.500000 
4.500000 
2.121320 
2.121320 
6.964194 
6.964194 
2.500000 
2.500000 
2.121320 
2.121320 
3.201562 
3.201562 
17.500000 
17.500000 
2.121320 
2.121320 
3.201562 
3.201562 
10.307764 
10.307764 
2.121320 
2.121320 
3.201562 
3.201562 
10.012492 
10.012492 
2.121320 
2.121320 
3.201562 
3.201562 
10.012492 
10.012492 
2.121320 
2.121320 
3.201562 
3.201562 
10.012492 
10.012492 
2.121320 
2.121320 
3.201562 
3.201562 
10.012492 
10.012492 
2.121320 
2.121320 
3.201562 
3.201562 
10.012492 
10.012492 
0.000000 
0.000000 
2.121320 
2.121320 
3.201562 
3.201562 
9.178780 
9.178780 
0.000000 
0.000000 
12.854960 
12.854960 
2.121320 
2.121320 
3.201562 
3.201562 
3.162278 
3.162278 
1.581139 
1.581139 
0.707107 
0.707107 
2.121320 
2.121320 
3.201562 
3.201562 
2.692582 
2.692582 
2.500000 
2.500000 
0.707107 
0.707107 
2.121320 
2.121320 
3.201562 
3.201562 
2.692582 
2.692582 
2.121320 
2.121320 
0.707107 
0.707107 
2.121320 
2.121320 
3.201562 
3.201562 
2.692582 
2.692582 
0.707107 
0.707107 
0.707107 
0.707107 
2.121320 
2.121320 
3.201562 
3.201562 
2.692582 
2.692582 
1.118034 
1.118034 
0.707107 
0.707107 
3.201562 
3.201562 
2.692582 
2.692582 
1.118034 
1.118034 
0.707107 
0.707107 
3.201562 
3.201562 
2.692582 
2.692582 
2.121320 
2.121320 
0.707107 
0.707107 
2.692582 
2.692582 
2.121320 
2.121320 
2.692582 
2.692582 
2.692582 
2.692582 
2.121320 
2.121320 
1.500000 
1.500000 
2.692582 
2.692582 
0.000000 
0.000000 
2.121320 
2.121320 
1.500000 
1.500000 
2.692582 
2.692582 
3.201562 
3.201562 
2.121320 
2.121320 
1.500000 
1.500000 
2.692582 
2.692582 
0.000000 
0.000000 
2.121320 
2.121320 
2.121320 
2.121320 
1.500000 
1.500000 
2.692582 
2.692582 
0.000000 
0.000000 
6.184658 
6.184658 
2.121320 
2.121320 
1.500000 
1.500000 
2.692582 
2.692582 
0.000000 
0.000000 
6.184658 
6.184658 
2.121320 
2.121320 
1.500000 
1.500000 
2.692582 
2.692582 
0.000000 
0.000000 
6.184658 
6.184658 
2.121320 
2.121320 
1.500000 
1.500000 
2.692582 
2.692582 
0.000000 
0.000000 
6.184658 
6.184658 
2.121320 
2.121320 
1.500000 
1.500000 
0.000000 
0.000000 
6.184658 
6.184658 
2.121320 
2.121320 
1.500000 
1.500000 
0.000000 
0.000000 
5.385165 
5.385165 
2.121320 
2.121320 
1.500000 
1.500000 
0.000000 
0.000000 
2.828427 
2.828427 
2.121320 
2.121320 
1.500000 
1.500000 
0.000000 
0.000000 
2.549510 
2.549510 
2.121320 
2.121320 
1.500000 
1.500000 
0.000000 
0.000000 
0.000000 
0.000000 
2.549510 
2.549510 
2.121320 
2.121320 
1.500000 
1.500000 
0.000000 
0.000000 
0.000000 
0.000000 
2.549510 
2.549510 
1.500000 
1.500000 
0.000000 
0.000000 
0.000000 
0.000000 
0.000000 
0.000000 
2.549510 
2.549510 
1.500000 
1.500000 
2.549510 
2.549510 
0.000000 
0.000000 
0.000000 
0.000000 
2.549510 
2.549510 
0.000000 
0.000000 
2.692582 
2.692582 
0.000000 
0.000000 
0.000000 
0.000000 
2.549510 
2.549510 
