0.000000 
0.000000 
0.000000 
0.000000 
0.000000 
0.000000 
0.000000 
0.000000 
0.000000 
0.000000 
0.000000 
0.000000 
1.802776 
1.802776 
1.118034 
1.118034 
0.500000 
0.500000 
4.031129 
4.031129 
0.000000 
0.000000 
1.118034 
1.118034 
3.535534 
3.535534 
0.000000 
0.000000 
1.000000 
1.000000 
4.031129 
4.031129 
0.000000 
0.000000 
1.414214 
1.414214 
2.549510 
2.549510 
0.000000 
0.000000 
3.605551 
3.605551 
1.000000 
1.000000 
4.031129 
4.031129 
0.000000 
0.000000 
1.118034 
1.118034 
2.549510 
2.549510 
0.000000 
0.000000 
6.576473 
6.576473 
1.802776 
1.802776 
1.000000 
1.000000 
4.031129 
4.031129 
0.000000 
0.000000 
0.500000 
0.500000 
1.414214 
1.414214 
1.581139 
1.581139 
2.500000 
2.500000 
3.201562 
3.201562 
1.000000 
1.000000 
4.031129 
4.031129 
0.000000 
0.000000 
5.024938 
5.024938 
2.236068 
2.236068 
0.000000 
0.000000 
0.000000 
0.000000 
2.121320 
2.121320 
1.802776 
1.802776 
2.828427 
2.828427 
1.000000 
1.000000 
4.031129 
4.031129 
0.000000 
0.000000 
0.000000 
0.000000 
2.549510 
2.549510 
1.581139 
1.581139 
1.500000 
1.500000 
2.121320 
2.121320 
1.802776 
1.802776 
2.828427 
2.828427 
1.000000 
1.000000 
4.031129 
4.031129 
0.000000 
0.000000 
0.500000 
0.500000 
2.549510 
2.549510 
0.000000 
0.000000 
1.802776 
1.802776 
1.414214 
1.414214 
2.121320 
2.121320 
1.802776 
1.802776 
3.354102 
3.354102 
1.000000 
1.000000 
4.031129 
4.031129 
0.000000 
0.000000 
0.500000 
0.500000 
1.581139 
1.581139 
0.000000 
0.000000 
1.118034 
1.118034 
1.414214 
1.414214 
1.414214 
1.414214 
2.121320 
2.121320 
1.802776 
1.802776 
1.500000 
1.500000 
1.000000 
1.000000 
4.031129 
4.031129 
0.000000 
0.000000 
1.414214 
1.414214 
1.000000 
1.000000 
0.707107 
0.707107 
1.000000 
1.000000 
1.118034 
1.118034 
1.414214 
1.414214 
2.121320 
2.121320 
1.802776 
1.802776 
1.118034 
1.118034 
1.000000 
1.000000 
4.031129 
4.031129 
0.000000 
0.000000 
4.527693 
4.527693 
4.500000 
4.500000 
1.000000 
1.000000 
0.500000 
0.500000 
0.707107 
0.707107 
1.414214 
1.414214 
2.121320 
2.121320 
1.802776 
1.802776 
1.414214 
1.414214 
1.000000 
1.000000 
4.031129 
4.031129 
0.000000 
0.000000 
1.581139 
1.581139 
1.118034 
1.118034 
0.500000 
0.500000 
1.000000 
1.000000 
1.802776 
1.802776 
1.414214 
1.414214 
2.121320 
2.121320 
1.802776 
1.802776 
1.414214 
1.414214 
1.000000 
1.000000 
4.031129 
4.031129 
0.000000 
0.000000 
1.414214 
1.414214 
1.500000 
1.500000 
0.000000 
0.000000 
0.500000 
0.500000 
0.500000 
0.500000 
1.500000 
1.500000 
1.414214 
1.414214 
2.121320 
2.121320 
1.802776 
1.802776 
2.500000 
2.500000 
1.000000 
1.000000 
4.031129 
4.031129 
0.000000 
0.000000 
0.500000 
0.500000 
1.000000 
1.000000 
0.000000 
0.000000 
1.118034 
1.118034 
0.500000 
0.500000 
0.707107 
0.707107 
0.707107 
0.707107 
1.414214 
1.414214 
2.121320 
2.121320 
1.802776 
1.802776 
0.707107 
0.707107 
1.000000 
1.000000 
4.031129 
4.031129 
0.707107 
0.707107 
1.000000 
1.000000 
0.500000 
0.500000 
7.905694 
7.905694 
0.500000 
0.500000 
1.118034 
1.118034 
0.000000 
0.000000 
1.414214 
1.414214 
2.121320 
2.121320 
1.802776 
1.802776 
1.500000 
1.500000 
1.000000 
1.000000 
4.031129 
4.031129 
2.500000 
2.500000 
2.549510 
2.549510 
0.707107 
0.707107 
6.324555 
6.324555 
0.500000 
0.500000 
1.118034 
1.118034 
1.118034 
1.118034 
1.414214 
1.414214 
2.121320 
2.121320 
1.802776 
1.802776 
1.581139 
1.581139 
1.000000 
1.000000 
0.500000 
0.500000 
1.581139 
1.581139 
0.707107 
0.707107 
2.236068 
2.236068 
0.500000 
0.500000 
1.118034 
1.118034 
1.000000 
1.000000 
1.414214 
1.414214 
2.121320 
2.121320 
1.802776 
1.802776 
3.500000 
3.500000 
0.000000 
0.000000 
1.581139 
1.581139 
0.707107 
0.707107 
0.707107 
0.707107 
0.500000 
0.500000 
1.802776 
1.802776 
0.707107 
0.707107 
1.414214 
1.414214 
2.121320 
2.121320 
1.802776 
1.802776 
1.118034 
1.118034 
0.500000 
0.500000 
1.581139 
1.581139 
0.000000 
0.000000 
0.707107 
0.707107 
0.707107 
0.707107 
0.500000 
0.500000 
2.500000 
2.500000 
1.000000 
1.000000 
1.414214 
1.414214 
2.121320 
2.121320 
1.802776 
1.802776 
2.500000 
2.500000 
3.041381 
3.041381 
1.000000 
1.000000 
0.000000 
0.000000 
2.000000 
2.000000 
0.707107 
0.707107 
0.707107 
0.707107 
0.500000 
0.500000 
2.121320 
2.121320 
0.500000 
0.500000 
1.414214 
1.414214 
2.121320 
2.121320 
1.802776 
1.802776 
1.581139 
1.581139 
1.000000 
1.000000 
1.118034 
1.118034 
0.000000 
0.000000 
1.118034 
1.118034 
0.707107 
0.707107 
0.707107 
0.707107 
0.500000 
0.500000 
3.535534 
3.535534 
1.000000 
1.000000 
1.414214 
1.414214 
2.000000 
2.000000 
1.118034 
1.118034 
2.236068 
2.236068 
0.000000 
0.000000 
1.118034 
1.118034 
0.707107 
0.707107 
0.707107 
0.707107 
0.500000 
0.500000 
5.522681 
5.522681 
1.000000 
1.000000 
1.414214 
1.414214 
2.061553 
2.061553 
2.000000 
2.000000 
4.609772 
4.609772 
0.000000 
0.000000 
0.000000 
0.000000 
0.000000 
0.000000 
1.118034 
1.118034 
0.707107 
0.707107 
0.707107 
0.707107 
0.500000 
0.500000 
2.061553 
2.061553 
1.581139 
1.581139 
2.000000 
2.000000 
3.000000 
3.000000 
1.000000 
1.000000 
0.000000 
0.000000 
0.000000 
0.000000 
0.000000 
0.000000 
1.414214 
1.414214 
0.000000 
0.000000 
1.118034 
1.118034 
0.707107 
0.707107 
0.707107 
0.707107 
0.500000 
0.500000 
2.061553 
2.061553 
1.581139 
1.581139 
4.123106 
4.123106 
2.061553 
2.061553 
1.118034 
1.118034 
1.802776 
1.802776 
0.707107 
0.707107 
0.000000 
0.000000 
0.707107 
0.707107 
0.000000 
0.000000 
1.118034 
1.118034 
0.707107 
0.707107 
0.707107 
0.707107 
0.500000 
0.500000 
2.061553 
2.061553 
1.581139 
1.581139 
4.949747 
4.949747 
1.118034 
1.118034 
2.121320 
2.121320 
0.000000 
0.000000 
1.118034 
1.118034 
0.500000 
0.500000 
0.000000 
0.000000 
0.500000 
0.500000 
0.000000 
0.000000 
1.118034 
1.118034 
0.707107 
0.707107 
0.707107 
0.707107 
0.500000 
0.500000 
2.061553 
2.061553 
1.581139 
1.581139 
5.099020 
5.099020 
5.385165 
5.385165 
1.802776 
1.802776 
0.707107 
0.707107 
0.500000 
0.500000 
0.500000 
0.500000 
0.000000 
0.000000 
0.500000 
0.500000 
0.000000 
0.000000 
1.118034 
1.118034 
0.707107 
0.707107 
0.707107 
0.707107 
2.061553 
2.061553 
1.581139 
1.581139 
2.121320 
2.121320 
4.609772 
4.609772 
1.581139 
1.581139 
0.000000 
0.000000 
0.000000 
0.000000 
5.408327 
5.408327 
0.500000 
0.500000 
1.118034 
1.118034 
0.000000 
0.000000 
0.500000 
0.500000 
0.000000 
0.000000 
1.118034 
1.118034 
0.707107 
0.707107 
11.011358 
11.011358 
2.061553 
2.061553 
1.581139 
1.581139 
2.500000 
2.500000 
4.242641 
4.242641 
1.581139 
1.581139 
0.000000 
0.000000 
0.707107 
0.707107 
3.041381 
3.041381 
1.118034 
1.118034 
0.500000 
0.500000 
5.000000 
5.000000 
0.000000 
0.000000 
0.500000 
0.500000 
0.000000 
0.000000 
1.118034 
1.118034 
0.707107 
0.707107 
1.500000 
1.500000 
2.061553 
2.061553 
1.581139 
1.581139 
2.500000 
2.500000 
2.828427 
2.828427 
1.581139 
1.581139 
0.000000 
0.000000 
0.000000 
0.000000 
1.581139 
1.581139 
1.802776 
1.802776 
2.061553 
2.061553 
0.500000 
0.500000 
1.118034 
1.118034 
0.000000 
0.000000 
0.500000 
0.500000 
0.000000 
0.000000 
1.118034 
1.118034 
0.707107 
0.707107 
1.500000 
1.500000 
2.061553 
2.061553 
1.581139 
1.581139 
1.118034 
1.118034 
2.828427 
2.828427 
1.581139 
1.581139 
1.118034 
1.118034 
0.000000 
0.000000 
0.000000 
0.000000 
0.000000 
0.000000 
1.118034 
1.118034 
0.500000 
0.500000 
1.118034 
1.118034 
0.000000 
0.000000 
0.500000 
0.500000 
0.000000 
0.000000 
1.118034 
1.118034 
1.500000 
1.500000 
2.061553 
2.061553 
1.581139 
1.581139 
1.581139 
1.581139 
2.828427 
2.828427 
1.581139 
1.581139 
0.707107 
0.707107 
0.000000 
0.000000 
0.000000 
0.000000 
0.500000 
0.500000 
0.707107 
0.707107 
0.500000 
0.500000 
1.118034 
1.118034 
0.000000 
0.000000 
0.500000 
0.500000 
0.000000 
0.000000 
1.118034 
1.118034 
1.500000 
1.500000 
2.061553 
2.061553 
1.581139 
1.581139 
0.500000 
0.500000 
2.828427 
2.828427 
1.581139 
1.581139 
7.071068 
7.071068 
0.000000 
0.000000 
1.000000 
1.000000 
3.000000 
3.000000 
1.414214 
1.414214 
0.500000 
0.500000 
1.118034 
1.118034 
0.000000 
0.000000 
0.500000 
0.500000 
0.000000 
0.000000 
1.118034 
1.118034 
1.500000 
1.500000 
2.061553 
2.061553 
1.581139 
1.581139 
0.707107 
0.707107 
2.828427 
2.828427 
1.581139 
1.581139 
1.118034 
1.118034 
0.000000 
0.000000 
1.000000 
1.000000 
3.000000 
3.000000 
1.118034 
1.118034 
0.500000 
0.500000 
1.118034 
1.118034 
0.000000 
0.000000 
0.500000 
0.500000 
0.000000 
0.000000 
1.118034 
1.118034 
1.500000 
1.500000 
2.061553 
2.061553 
1.581139 
1.581139 
2.061553 
2.061553 
2.828427 
2.828427 
1.581139 
1.581139 
2.915476 
2.915476 
0.000000 
0.000000 
1.000000 
1.000000 
3.000000 
3.000000 
5.500000 
5.500000 
0.500000 
0.500000 
1.118034 
1.118034 
0.000000 
0.000000 
0.500000 
0.500000 
1.118034 
1.118034 
1.500000 
1.500000 
2.061553 
2.061553 
1.581139 
1.581139 
1.581139 
1.581139 
2.828427 
2.828427 
1.581139 
1.581139 
2.915476 
2.915476 
0.000000 
0.000000 
1.000000 
1.000000 
3.000000 
3.000000 
2.236068 
2.236068 
0.500000 
0.500000 
1.118034 
1.118034 
0.000000 
0.000000 
0.500000 
0.500000 
1.500000 
1.500000 
2.061553 
2.061553 
1.581139 
1.581139 
5.000000 
5.000000 
2.828427 
2.828427 
1.581139 
1.581139 
2.915476 
2.915476 
0.000000 
0.000000 
1.000000 
1.000000 
3.000000 
3.000000 
3.162278 
3.162278 
0.500000 
0.500000 
1.118034 
1.118034 
0.000000 
0.000000 
0.500000 
0.500000 
1.500000 
1.500000 
2.061553 
2.061553 
1.581139 
1.581139 
2.500000 
2.500000 
2.828427 
2.828427 
1.581139 
1.581139 
