0.000000 
0.000000 
0.000000 
0.000000 
2.692582 
2.692582 
1.581139 
1.581139 
6.324555 
6.324555 
2.000000 
2.000000 
2.692582 
2.692582 
2.549510 
2.549510 
4.031129 
4.031129 
2.061553 
2.061553 
2.500000 
2.500000 
1.581139 
1.581139 
0.000000 
0.000000 
8.558621 
8.558621 
1.581139 
1.581139 
0.000000 
0.000000 
6.519202 
6.519202 
1.581139 
1.581139 
0.000000 
0.000000 
2.692582 
2.692582 
9.604686 
9.604686 
0.000000 
0.000000 
1.414214 
1.414214 
2.236068 
2.236068 
0.000000 
0.000000 
4.123106 
4.123106 
5.408327 
5.408327 
0.000000 
0.000000 
1.802776 
1.802776 
4.609772 
4.609772 
0.000000 
0.000000 
0.500000 
0.500000 
1.414214 
1.414214 
0.000000 
0.000000 
2.692582 
2.692582 
1.802776 
1.802776 
0.000000 
0.000000 
1.118034 
1.118034 
1.802776 
1.802776 
0.000000 
0.000000 
1.581139 
1.581139 
1.118034 
1.118034 
0.000000 
0.000000 
2.000000 
2.000000 
1.581139 
1.581139 
0.000000 
0.000000 
4.527693 
4.527693 
6.000000 
6.000000 
0.000000 
0.000000 
2.000000 
2.000000 
0.500000 
0.500000 
0.000000 
0.000000 
2.549510 
2.549510 
1.581139 
1.581139 
0.000000 
0.000000 
2.500000 
2.500000 
2.061553 
2.061553 
1.500000 
1.500000 
4.031129 
4.031129 
1.802776 
1.802776 
1.581139 
1.581139 
1.118034 
1.118034 
1.000000 
1.000000 
4.272002 
4.272002 
0.707107 
0.707107 
0.707107 
0.707107 
0.500000 
0.500000 
1.414214 
1.414214 
0.500000 
0.500000 
3.807887 
3.807887 
0.500000 
0.500000 
1.802776 
1.802776 
1.118034 
1.118034 
4.472136 
4.472136 
1.118034 
1.118034 
4.472136 
4.472136 
1.118034 
1.118034 
4.472136 
4.472136 
1.118034 
1.118034 
4.472136 
4.472136 
1.118034 
1.118034 
4.472136 
4.472136 
1.118034 
1.118034 
