0.000000 
0.000000 
1.118034 
1.118034 
0.000000 
0.000000 
0.500000 
0.500000 
0.500000 
0.500000 
1.118034 
1.118034 
0.500000 
0.500000 
1.118034 
1.118034 
0.500000 
0.500000 
0.000000 
0.000000 
0.500000 
0.500000 
0.000000 
0.000000 
9.513149 
9.513149 
11.011358 
11.011358 
1.118034 
1.118034 
0.707107 
0.707107 
2.121320 
2.121320 
2.121320 
2.121320 
0.707107 
0.707107 
2.236068 
2.236068 
2.692582 
2.692582 
4.472136 
4.472136 
3.000000 
3.000000 
2.915476 
2.915476 
10.606602 
10.606602 
2.549510 
2.549510 
2.500000 
2.500000 
1.414214 
1.414214 
0.000000 
0.000000 
2.692582 
2.692582 
2.500000 
2.500000 
2.236068 
2.236068 
1.118034 
1.118034 
0.500000 
0.500000 
1.118034 
1.118034 
0.500000 
0.500000 
1.118034 
1.118034 
0.707107 
0.707107 
0.707107 
0.707107 
0.707107 
0.707107 
0.707107 
0.707107 
1.118034 
1.118034 
0.707107 
0.707107 
0.707107 
0.707107 
0.707107 
0.707107 
10.511898 
10.511898 
0.707107 
0.707107 
1.581139 
1.581139 
0.707107 
0.707107 
7.071068 
7.071068 
