0.000000 
0.000000 
0.000000 
0.000000 
0.000000 
0.000000 
0.000000 
0.000000 
1.500000 
1.500000 
2.236068 
2.236068 
0.000000 
0.000000 
3.041381 
3.041381 
1.118034 
1.118034 
6.020797 
6.020797 
0.000000 
0.000000 
0.000000 
0.000000 
0.500000 
0.500000 
4.031129 
4.031129 
2.692582 
2.692582 
2.061553 
2.061553 
0.000000 
0.000000 
0.707107 
0.707107 
1.118034 
1.118034 
4.242641 
4.242641 
0.000000 
0.000000 
2.061553 
2.061553 
0.000000 
0.000000 
1.118034 
1.118034 
1.000000 
1.000000 
2.236068 
2.236068 
0.000000 
0.000000 
2.061553 
2.061553 
0.000000 
0.000000 
0.707107 
0.707107 
0.707107 
0.707107 
5.590170 
5.590170 
0.000000 
0.000000 
2.061553 
2.061553 
0.000000 
0.000000 
1.118034 
1.118034 
1.802776 
1.802776 
2.549510 
2.549510 
0.000000 
0.000000 
2.061553 
2.061553 
0.000000 
0.000000 
1.000000 
1.000000 
2.500000 
2.500000 
4.031129 
4.031129 
0.000000 
0.000000 
0.000000 
0.000000 
0.000000 
0.000000 
2.061553 
2.061553 
0.000000 
0.000000 
1.000000 
1.000000 
2.500000 
2.500000 
4.031129 
4.031129 
3.500000 
3.500000 
2.500000 
2.500000 
0.000000 
0.000000 
2.061553 
2.061553 
0.000000 
0.000000 
1.000000 
1.000000 
2.500000 
2.500000 
4.031129 
4.031129 
3.500000 
3.500000 
2.500000 
2.500000 
0.000000 
0.000000 
2.061553 
2.061553 
0.000000 
0.000000 
1.000000 
1.000000 
2.500000 
2.500000 
4.031129 
4.031129 
3.500000 
3.500000 
2.500000 
2.500000 
0.000000 
0.000000 
2.061553 
2.061553 
0.000000 
0.000000 
1.000000 
1.000000 
2.500000 
2.500000 
4.031129 
4.031129 
3.500000 
3.500000 
2.500000 
2.500000 
0.000000 
0.000000 
2.061553 
2.061553 
0.000000 
0.000000 
1.000000 
1.000000 
2.500000 
2.500000 
4.031129 
4.031129 
3.500000 
3.500000 
2.500000 
2.500000 
0.000000 
0.000000 
2.061553 
2.061553 
0.000000 
0.000000 
1.000000 
1.000000 
2.500000 
2.500000 
4.031129 
4.031129 
3.500000 
3.500000 
2.500000 
2.500000 
0.000000 
0.000000 
2.061553 
2.061553 
0.000000 
0.000000 
1.000000 
1.000000 
2.500000 
2.500000 
4.031129 
4.031129 
3.500000 
3.500000 
2.500000 
2.500000 
0.000000 
0.000000 
2.061553 
2.061553 
0.000000 
0.000000 
1.000000 
1.000000 
2.500000 
2.500000 
4.031129 
4.031129 
3.500000 
3.500000 
2.500000 
2.500000 
0.000000 
0.000000 
2.061553 
2.061553 
1.000000 
1.000000 
2.500000 
2.500000 
4.031129 
4.031129 
3.500000 
3.500000 
2.500000 
2.500000 
0.000000 
0.000000 
2.061553 
2.061553 
1.000000 
1.000000 
2.500000 
2.500000 
4.031129 
4.031129 
3.500000 
3.500000 
2.500000 
2.500000 
0.000000 
0.000000 
1.000000 
1.000000 
2.500000 
2.500000 
4.031129 
4.031129 
3.500000 
3.500000 
2.500000 
2.500000 
1.000000 
1.000000 
2.500000 
2.500000 
4.031129 
4.031129 
0.000000 
0.000000 
3.500000 
3.500000 
2.500000 
2.500000 
1.000000 
1.000000 
2.500000 
2.500000 
4.031129 
4.031129 
0.000000 
0.000000 
0.000000 
0.000000 
3.500000 
3.500000 
2.500000 
2.500000 
1.000000 
1.000000 
2.500000 
2.500000 
4.031129 
4.031129 
0.000000 
0.000000 
0.000000 
0.000000 
0.000000 
0.000000 
3.500000 
3.500000 
2.500000 
2.500000 
4.000000 
4.000000 
0.000000 
0.000000 
0.000000 
0.000000 
3.500000 
3.500000 
2.500000 
2.500000 
0.000000 
0.000000 
0.000000 
0.000000 
4.000000 
4.000000 
0.000000 
0.000000 
0.000000 
0.000000 
0.000000 
0.000000 
0.000000 
0.000000 
4.716991 
4.716991 
4.000000 
4.000000 
0.000000 
0.000000 
0.000000 
0.000000 
0.000000 
0.000000 
1.500000 
1.500000 
0.000000 
0.000000 
4.716991 
4.716991 
4.000000 
4.000000 
0.000000 
0.000000 
0.000000 
0.000000 
2.915476 
2.915476 
1.118034 
1.118034 
0.000000 
0.000000 
4.716991 
4.716991 
4.000000 
4.000000 
0.000000 
0.000000 
0.000000 
0.000000 
0.000000 
0.000000 
1.414214 
1.414214 
1.000000 
1.000000 
0.000000 
0.000000 
4.716991 
4.716991 
4.000000 
4.000000 
0.000000 
0.000000 
0.000000 
0.000000 
0.500000 
0.500000 
1.500000 
1.500000 
1.118034 
1.118034 
0.000000 
0.000000 
4.716991 
4.716991 
4.000000 
4.000000 
0.000000 
0.000000 
0.000000 
0.000000 
0.707107 
0.707107 
1.500000 
1.500000 
1.118034 
1.118034 
0.000000 
0.000000 
4.716991 
4.716991 
4.000000 
4.000000 
0.000000 
0.000000 
0.000000 
0.000000 
0.500000 
0.500000 
1.581139 
1.581139 
1.118034 
1.118034 
0.000000 
0.000000 
4.716991 
4.716991 
4.000000 
4.000000 
0.000000 
0.000000 
0.000000 
0.000000 
0.500000 
0.500000 
1.581139 
1.581139 
1.118034 
1.118034 
0.000000 
0.000000 
4.716991 
4.716991 
4.000000 
4.000000 
0.000000 
0.000000 
0.000000 
0.000000 
0.500000 
0.500000 
1.118034 
1.118034 
1.118034 
1.118034 
0.000000 
0.000000 
4.716991 
4.716991 
4.000000 
4.000000 
0.000000 
0.000000 
0.000000 
0.000000 
3.640055 
3.640055 
1.414214 
1.414214 
1.118034 
1.118034 
0.000000 
0.000000 
4.716991 
4.716991 
4.000000 
4.000000 
0.000000 
0.000000 
0.000000 
0.000000 
0.000000 
0.000000 
3.041381 
3.041381 
1.118034 
1.118034 
0.000000 
0.000000 
4.716991 
4.716991 
4.000000 
4.000000 
0.000000 
0.000000 
0.000000 
0.000000 
1.000000 
1.000000 
1.118034 
1.118034 
0.000000 
0.000000 
4.716991 
4.716991 
4.000000 
4.000000 
0.000000 
0.000000 
1.118034 
1.118034 
1.118034 
1.118034 
0.000000 
0.000000 
4.716991 
4.716991 
4.000000 
4.000000 
