0.000000 
0.000000 
10.511898 
10.511898 
10.511898 
10.511898 
10.511898 
10.511898 
10.511898 
10.511898 
10.511898 
10.511898 
10.511898 
10.511898 
10.511898 
10.511898 
10.511898 
10.511898 
10.511898 
10.511898 
10.511898 
10.511898 
14.705441 
14.705441 
2.236068 
2.236068 
3.905125 
3.905125 
0.000000 
0.000000 
4.031129 
4.031129 
7.000000 
7.000000 
1.118034 
1.118034 
7.000000 
7.000000 
1.581139 
1.581139 
7.000000 
7.000000 
2.549510 
2.549510 
7.000000 
7.000000 
2.061553 
2.061553 
7.000000 
7.000000 
1.581139 
1.581139 
7.000000 
7.000000 
1.000000 
1.000000 
7.000000 
7.000000 
1.000000 
1.000000 
7.000000 
7.000000 
1.000000 
1.000000 
7.000000 
7.000000 
1.000000 
1.000000 
7.000000 
7.000000 
1.000000 
1.000000 
7.000000 
7.000000 
1.000000 
1.000000 
7.000000 
7.000000 
1.000000 
1.000000 
7.000000 
7.000000 
1.000000 
1.000000 
7.000000 
7.000000 
4.472136 
4.472136 
7.000000 
7.000000 
0.500000 
0.500000 
0.000000 
0.000000 
0.500000 
0.500000 
0.000000 
0.000000 
1.581139 
1.581139 
0.000000 
0.000000 
1.414214 
1.414214 
0.000000 
0.000000 
1.581139 
1.581139 
0.000000 
0.000000 
0.500000 
0.500000 
0.000000 
0.000000 
0.500000 
0.500000 
0.000000 
0.000000 
1.118034 
1.118034 
0.000000 
0.000000 
0.500000 
0.500000 
0.000000 
0.000000 
0.000000 
0.000000 
