0.000000 
0.000000 
4.527693 
4.527693 
5.220153 
5.220153 
4.609772 
4.609772 
1.414214 
1.414214 
2.061553 
2.061553 
3.000000 
3.000000 
4.272002 
4.272002 
2.236068 
2.236068 
0.707107 
0.707107 
1.118034 
1.118034 
1.581139 
1.581139 
3.535534 
3.535534 
3.807887 
3.807887 
6.800735 
6.800735 
2.828427 
2.828427 
3.162278 
3.162278 
6.964194 
6.964194 
1.500000 
1.500000 
3.000000 
3.000000 
2.915476 
2.915476 
2.236068 
2.236068 
1.581139 
1.581139 
0.707107 
0.707107 
1.581139 
1.581139 
2.500000 
2.500000 
3.905125 
3.905125 
5.700877 
5.700877 
4.272002 
4.272002 
1.802776 
1.802776 
6.082763 
6.082763 
3.041381 
3.041381 
2.236068 
2.236068 
10.259142 
10.259142 
3.354102 
3.354102 
2.915476 
2.915476 
2.236068 
2.236068 
3.640055 
3.640055 
5.522681 
5.522681 
