0.000000 
0.000000 
0.000000 
0.000000 
0.000000 
0.000000 
0.000000 
0.000000 
0.707107 
0.707107 
1.802776 
1.802776 
2.061553 
2.061553 
0.000000 
0.000000 
0.707107 
0.707107 
1.581139 
1.581139 
1.500000 
1.500000 
0.000000 
0.000000 
1.118034 
1.118034 
4.123106 
4.123106 
1.500000 
1.500000 
0.000000 
0.000000 
0.707107 
0.707107 
0.500000 
0.500000 
1.500000 
1.500000 
0.000000 
0.000000 
5.700877 
5.700877 
0.500000 
0.500000 
1.500000 
1.500000 
0.000000 
0.000000 
1.581139 
1.581139 
1.000000 
1.000000 
1.500000 
1.500000 
0.000000 
0.000000 
4.743416 
4.743416 
1.000000 
1.000000 
1.500000 
1.500000 
0.000000 
0.000000 
4.743416 
4.743416 
6.363961 
6.363961 
1.500000 
1.500000 
0.000000 
0.000000 
4.743416 
4.743416 
6.363961 
6.363961 
1.500000 
1.500000 
0.000000 
0.000000 
0.000000 
0.000000 
4.743416 
4.743416 
6.403124 
6.403124 
1.500000 
1.500000 
0.000000 
0.000000 
0.000000 
0.000000 
4.743416 
4.743416 
6.403124 
6.403124 
1.500000 
1.500000 
0.000000 
0.000000 
0.000000 
0.000000 
4.743416 
4.743416 
6.403124 
6.403124 
1.500000 
1.500000 
2.000000 
2.000000 
0.000000 
0.000000 
4.743416 
4.743416 
6.041523 
6.041523 
1.500000 
1.500000 
1.414214 
1.414214 
0.000000 
0.000000 
4.743416 
4.743416 
0.707107 
0.707107 
1.500000 
1.500000 
0.000000 
0.000000 
1.118034 
1.118034 
0.000000 
0.000000 
4.743416 
4.743416 
0.500000 
0.500000 
1.500000 
1.500000 
2.061553 
2.061553 
1.500000 
1.500000 
4.743416 
4.743416 
1.118034 
1.118034 
1.500000 
1.500000 
2.061553 
2.061553 
1.500000 
1.500000 
4.743416 
4.743416 
1.118034 
1.118034 
2.061553 
2.061553 
1.500000 
1.500000 
4.743416 
4.743416 
5.220153 
5.220153 
2.061553 
2.061553 
1.500000 
1.500000 
4.743416 
4.743416 
3.640055 
3.640055 
2.061553 
2.061553 
1.500000 
1.500000 
4.743416 
4.743416 
4.031129 
4.031129 
2.061553 
2.061553 
1.500000 
1.500000 
4.743416 
4.743416 
4.031129 
4.031129 
2.061553 
2.061553 
1.500000 
1.500000 
4.031129 
4.031129 
2.061553 
2.061553 
1.500000 
1.500000 
4.031129 
4.031129 
2.061553 
2.061553 
1.500000 
1.500000 
4.031129 
4.031129 
0.000000 
0.000000 
2.061553 
2.061553 
1.500000 
1.500000 
4.031129 
4.031129 
3.640055 
3.640055 
2.061553 
2.061553 
1.500000 
1.500000 
4.031129 
4.031129 
6.103278 
6.103278 
2.061553 
2.061553 
1.500000 
1.500000 
4.031129 
4.031129 
1.802776 
1.802776 
2.061553 
2.061553 
1.500000 
1.500000 
4.031129 
4.031129 
3.041381 
3.041381 
2.061553 
2.061553 
1.500000 
1.500000 
4.031129 
4.031129 
1.414214 
1.414214 
2.061553 
2.061553 
1.500000 
1.500000 
4.031129 
4.031129 
1.118034 
1.118034 
4.031129 
4.031129 
1.118034 
1.118034 
4.031129 
4.031129 
0.500000 
0.500000 
4.031129 
4.031129 
0.000000 
0.000000 
4.031129 
4.031129 
0.000000 
0.000000 
0.000000 
0.000000 
1.581139 
1.581139 
2.500000 
2.500000 
1.581139 
1.581139 
3.162278 
3.162278 
1.581139 
1.581139 
