0.000000 
0.000000 
12.649111 
12.649111 
2.549510 
2.549510 
0.000000 
0.000000 
0.000000 
0.000000 
0.000000 
0.000000 
0.000000 
0.000000 
0.000000 
0.000000 
0.000000 
0.000000 
0.000000 
0.000000 
0.000000 
0.000000 
0.000000 
0.000000 
0.000000 
0.000000 
0.000000 
0.000000 
0.000000 
0.000000 
0.000000 
0.000000 
0.000000 
0.000000 
0.000000 
0.000000 
0.000000 
0.000000 
0.500000 
0.500000 
0.000000 
0.000000 
0.000000 
0.000000 
0.000000 
0.000000 
1.581139 
1.581139 
2.549510 
2.549510 
2.828427 
2.828427 
1.581139 
1.581139 
0.000000 
0.000000 
2.549510 
2.549510 
2.828427 
2.828427 
1.581139 
1.581139 
0.000000 
0.000000 
2.549510 
2.549510 
2.828427 
2.828427 
1.581139 
1.581139 
0.000000 
0.000000 
2.549510 
2.549510 
2.828427 
2.828427 
1.581139 
1.581139 
0.000000 
0.000000 
2.549510 
2.549510 
2.828427 
2.828427 
1.581139 
1.581139 
0.000000 
0.000000 
2.549510 
2.549510 
2.828427 
2.828427 
1.581139 
1.581139 
0.000000 
0.000000 
2.549510 
2.549510 
2.828427 
2.828427 
1.581139 
1.581139 
0.000000 
0.000000 
2.549510 
2.549510 
2.828427 
2.828427 
1.581139 
1.581139 
0.000000 
0.000000 
2.549510 
2.549510 
2.828427 
2.828427 
1.581139 
1.581139 
0.000000 
0.000000 
2.549510 
2.549510 
2.828427 
2.828427 
1.581139 
1.581139 
0.000000 
0.000000 
2.549510 
2.549510 
2.828427 
2.828427 
1.581139 
1.581139 
0.000000 
0.000000 
2.549510 
2.549510 
2.828427 
2.828427 
1.581139 
1.581139 
0.000000 
0.000000 
2.549510 
2.549510 
2.828427 
2.828427 
1.581139 
1.581139 
0.000000 
0.000000 
2.549510 
2.549510 
2.828427 
2.828427 
1.581139 
1.581139 
0.000000 
0.000000 
2.549510 
2.549510 
2.828427 
2.828427 
0.000000 
0.000000 
