0.000000 
0.000000 
0.000000 
0.000000 
0.000000 
0.000000 
0.000000 
0.000000 
0.000000 
0.000000 
0.000000 
0.000000 
0.000000 
0.000000 
0.000000 
0.000000 
0.000000 
0.000000 
0.000000 
0.000000 
1.581139 
1.581139 
2.000000 
2.000000 
2.121320 
2.121320 
0.000000 
0.000000 
0.000000 
0.000000 
0.000000 
0.000000 
0.000000 
0.000000 
0.000000 
0.000000 
4.527693 
4.527693 
2.000000 
2.000000 
2.121320 
2.121320 
2.692582 
2.692582 
0.000000 
0.000000 
0.000000 
0.000000 
0.000000 
0.000000 
0.000000 
0.000000 
1.118034 
1.118034 
2.000000 
2.000000 
2.121320 
2.121320 
3.162278 
3.162278 
0.000000 
0.000000 
0.000000 
0.000000 
0.000000 
0.000000 
0.000000 
0.000000 
4.716991 
4.716991 
2.000000 
2.000000 
2.121320 
2.121320 
3.162278 
3.162278 
0.000000 
0.000000 
0.000000 
0.000000 
0.000000 
0.000000 
0.000000 
0.000000 
2.236068 
2.236068 
2.000000 
2.000000 
2.121320 
2.121320 
0.000000 
0.000000 
3.162278 
3.162278 
0.000000 
0.000000 
0.000000 
0.000000 
0.000000 
0.000000 
0.000000 
0.000000 
2.000000 
2.000000 
2.000000 
2.000000 
2.121320 
2.121320 
3.354102 
3.354102 
3.162278 
3.162278 
0.000000 
0.000000 
0.000000 
0.000000 
0.000000 
0.000000 
0.000000 
0.000000 
2.121320 
2.121320 
2.000000 
2.000000 
2.121320 
2.121320 
0.000000 
0.000000 
3.354102 
3.354102 
3.162278 
3.162278 
0.000000 
0.000000 
0.000000 
0.000000 
0.000000 
0.000000 
0.000000 
0.000000 
2.500000 
2.500000 
2.000000 
2.000000 
2.121320 
2.121320 
4.123106 
4.123106 
3.354102 
3.354102 
3.162278 
3.162278 
0.000000 
0.000000 
0.000000 
0.000000 
0.000000 
0.000000 
0.000000 
0.000000 
1.581139 
1.581139 
2.000000 
2.000000 
2.121320 
2.121320 
4.123106 
4.123106 
3.354102 
3.354102 
3.162278 
3.162278 
0.000000 
0.000000 
0.000000 
0.000000 
0.000000 
0.000000 
0.000000 
0.000000 
5.522681 
5.522681 
2.000000 
2.000000 
2.121320 
2.121320 
4.123106 
4.123106 
3.354102 
3.354102 
3.162278 
3.162278 
0.000000 
0.000000 
0.000000 
0.000000 
0.000000 
0.000000 
0.000000 
0.000000 
1.802776 
1.802776 
2.000000 
2.000000 
2.121320 
2.121320 
4.123106 
4.123106 
3.354102 
3.354102 
3.162278 
3.162278 
0.000000 
0.000000 
0.000000 
0.000000 
0.000000 
0.000000 
0.000000 
0.000000 
2.121320 
2.121320 
2.000000 
2.000000 
2.121320 
2.121320 
0.000000 
0.000000 
0.000000 
0.000000 
4.123106 
4.123106 
3.354102 
3.354102 
3.162278 
3.162278 
0.000000 
0.000000 
0.000000 
0.000000 
0.000000 
0.000000 
0.000000 
0.000000 
2.828427 
2.828427 
2.000000 
2.000000 
2.121320 
2.121320 
2.828427 
2.828427 
3.640055 
3.640055 
4.123106 
4.123106 
3.354102 
3.354102 
3.162278 
3.162278 
0.000000 
0.000000 
0.000000 
0.000000 
0.000000 
0.000000 
0.000000 
0.000000 
7.158911 
7.158911 
2.000000 
2.000000 
2.121320 
2.121320 
11.011358 
11.011358 
3.000000 
3.000000 
4.123106 
4.123106 
3.354102 
3.354102 
3.162278 
3.162278 
0.000000 
0.000000 
1.802776 
1.802776 
2.000000 
2.000000 
2.121320 
2.121320 
3.535534 
3.535534 
3.000000 
3.000000 
4.123106 
4.123106 
3.354102 
3.354102 
3.162278 
3.162278 
1.802776 
1.802776 
0.000000 
0.000000 
8.000000 
8.000000 
3.000000 
3.000000 
4.123106 
4.123106 
3.354102 
3.354102 
3.162278 
3.162278 
2.061553 
2.061553 
0.000000 
0.000000 
2.500000 
2.500000 
2.061553 
2.061553 
3.000000 
3.000000 
4.123106 
4.123106 
3.354102 
3.354102 
3.162278 
3.162278 
2.061553 
2.061553 
1.802776 
1.802776 
2.500000 
2.500000 
3.041381 
3.041381 
3.000000 
3.000000 
4.123106 
4.123106 
3.354102 
3.354102 
2.061553 
2.061553 
0.000000 
0.000000 
3.807887 
3.807887 
2.500000 
2.500000 
3.041381 
3.041381 
3.000000 
3.000000 
4.123106 
4.123106 
3.354102 
3.354102 
2.061553 
2.061553 
2.236068 
2.236068 
3.605551 
3.605551 
2.500000 
2.500000 
3.041381 
3.041381 
3.000000 
3.000000 
4.123106 
4.123106 
3.354102 
3.354102 
2.061553 
2.061553 
2.236068 
2.236068 
6.184658 
6.184658 
7.648529 
7.648529 
3.041381 
3.041381 
3.000000 
3.000000 
4.123106 
4.123106 
2.061553 
2.061553 
0.000000 
0.000000 
2.236068 
2.236068 
2.915476 
2.915476 
1.802776 
1.802776 
3.041381 
3.041381 
3.000000 
3.000000 
4.123106 
4.123106 
2.061553 
2.061553 
0.000000 
0.000000 
3.640055 
3.640055 
2.236068 
2.236068 
2.915476 
2.915476 
1.414214 
1.414214 
3.041381 
3.041381 
3.000000 
3.000000 
2.061553 
2.061553 
1.500000 
1.500000 
3.640055 
3.640055 
2.236068 
2.236068 
2.915476 
2.915476 
5.099020 
5.099020 
3.041381 
3.041381 
3.000000 
3.000000 
2.061553 
2.061553 
1.500000 
1.500000 
3.640055 
3.640055 
2.236068 
2.236068 
2.915476 
2.915476 
0.707107 
0.707107 
3.041381 
3.041381 
3.000000 
3.000000 
2.061553 
2.061553 
1.500000 
1.500000 
3.640055 
3.640055 
2.236068 
2.236068 
2.915476 
2.915476 
1.802776 
1.802776 
3.041381 
3.041381 
3.000000 
3.000000 
2.061553 
2.061553 
0.000000 
0.000000 
0.000000 
0.000000 
1.500000 
1.500000 
3.640055 
3.640055 
2.236068 
2.236068 
2.915476 
2.915476 
1.802776 
1.802776 
3.041381 
3.041381 
3.000000 
3.000000 
2.061553 
2.061553 
2.061553 
2.061553 
2.061553 
2.061553 
1.500000 
1.500000 
3.640055 
3.640055 
2.236068 
2.236068 
2.915476 
2.915476 
1.802776 
1.802776 
3.041381 
3.041381 
3.000000 
3.000000 
2.061553 
2.061553 
2.061553 
2.061553 
1.118034 
1.118034 
1.500000 
1.500000 
3.640055 
3.640055 
2.236068 
2.236068 
2.915476 
2.915476 
1.802776 
1.802776 
3.041381 
3.041381 
2.061553 
2.061553 
2.061553 
2.061553 
2.549510 
2.549510 
1.500000 
1.500000 
3.640055 
3.640055 
2.236068 
2.236068 
2.915476 
2.915476 
1.802776 
1.802776 
3.041381 
3.041381 
2.061553 
2.061553 
2.061553 
2.061553 
2.549510 
2.549510 
1.500000 
1.500000 
3.640055 
3.640055 
2.236068 
2.236068 
2.915476 
2.915476 
1.802776 
1.802776 
3.041381 
3.041381 
2.061553 
2.061553 
2.549510 
2.549510 
1.500000 
1.500000 
3.640055 
3.640055 
2.236068 
2.236068 
2.915476 
2.915476 
1.802776 
1.802776 
3.041381 
3.041381 
2.061553 
2.061553 
2.549510 
2.549510 
1.500000 
1.500000 
3.640055 
3.640055 
2.236068 
2.236068 
2.915476 
2.915476 
1.802776 
1.802776 
2.061553 
2.061553 
2.549510 
2.549510 
1.500000 
1.500000 
3.640055 
3.640055 
2.236068 
2.236068 
2.915476 
2.915476 
1.802776 
1.802776 
2.061553 
2.061553 
2.549510 
2.549510 
1.500000 
1.500000 
3.640055 
3.640055 
2.915476 
2.915476 
1.802776 
1.802776 
2.061553 
2.061553 
2.549510 
2.549510 
1.500000 
1.500000 
3.640055 
3.640055 
2.915476 
2.915476 
1.802776 
1.802776 
0.000000 
0.000000 
2.061553 
2.061553 
2.549510 
2.549510 
1.500000 
1.500000 
3.640055 
3.640055 
1.802776 
1.802776 
