0.000000 
0.000000 
0.000000 
0.000000 
0.000000 
0.000000 
0.000000 
0.000000 
0.000000 
0.000000 
0.000000 
0.000000 
0.000000 
0.000000 
0.707107 
0.707107 
9.708244 
9.708244 
0.000000 
0.000000 
6.000000 
6.000000 
2.549510 
2.549510 
0.000000 
0.000000 
0.000000 
0.000000 
1.414214 
1.414214 
0.707107 
0.707107 
1.802776 
1.802776 
2.549510 
2.549510 
0.000000 
0.000000 
0.707107 
0.707107 
1.581139 
1.581139 
0.500000 
0.500000 
2.000000 
2.000000 
0.000000 
0.000000 
2.549510 
2.549510 
0.000000 
0.000000 
1.581139 
1.581139 
8.631338 
8.631338 
0.500000 
0.500000 
2.500000 
2.500000 
0.000000 
0.000000 
3.041381 
3.041381 
2.549510 
2.549510 
0.000000 
0.000000 
0.000000 
0.000000 
7.905694 
7.905694 
1.000000 
1.000000 
2.061553 
2.061553 
0.000000 
0.000000 
0.500000 
0.500000 
3.041381 
3.041381 
2.549510 
2.549510 
0.000000 
0.000000 
4.272002 
4.272002 
2.121320 
2.121320 
0.500000 
0.500000 
7.017834 
7.017834 
0.000000 
0.000000 
0.000000 
0.000000 
0.000000 
0.000000 
0.500000 
0.500000 
3.041381 
3.041381 
2.549510 
2.549510 
0.000000 
0.000000 
4.272002 
4.272002 
3.000000 
3.000000 
0.500000 
0.500000 
1.500000 
1.500000 
2.000000 
2.000000 
1.000000 
1.000000 
0.000000 
0.000000 
1.500000 
1.500000 
3.041381 
3.041381 
2.549510 
2.549510 
0.000000 
0.000000 
4.272002 
4.272002 
1.802776 
1.802776 
1.000000 
1.000000 
3.041381 
3.041381 
0.000000 
0.000000 
5.220153 
5.220153 
1.000000 
1.000000 
0.000000 
0.000000 
0.500000 
0.500000 
3.041381 
3.041381 
2.549510 
2.549510 
0.000000 
0.000000 
4.272002 
4.272002 
14.142136 
14.142136 
1.000000 
1.000000 
2.000000 
2.000000 
1.500000 
1.500000 
0.500000 
0.500000 
1.000000 
1.000000 
0.000000 
0.000000 
1.118034 
1.118034 
3.041381 
3.041381 
2.549510 
2.549510 
0.000000 
0.000000 
4.272002 
4.272002 
5.408327 
5.408327 
1.000000 
1.000000 
6.519202 
6.519202 
1.500000 
1.500000 
1.581139 
1.581139 
1.000000 
1.000000 
0.000000 
0.000000 
1.414214 
1.414214 
3.041381 
3.041381 
2.549510 
2.549510 
0.000000 
0.000000 
4.272002 
4.272002 
4.743416 
4.743416 
1.000000 
1.000000 
1.118034 
1.118034 
0.000000 
0.000000 
1.500000 
1.500000 
1.000000 
1.000000 
1.000000 
1.000000 
0.000000 
0.000000 
0.500000 
0.500000 
3.041381 
3.041381 
2.549510 
2.549510 
0.000000 
0.000000 
4.272002 
4.272002 
2.915476 
2.915476 
1.000000 
1.000000 
0.500000 
0.500000 
0.000000 
0.000000 
3.162278 
3.162278 
1.500000 
1.500000 
1.000000 
1.000000 
1.000000 
1.000000 
0.000000 
0.000000 
0.707107 
0.707107 
3.041381 
3.041381 
2.549510 
2.549510 
0.000000 
0.000000 
4.272002 
4.272002 
2.915476 
2.915476 
1.000000 
1.000000 
8.514693 
8.514693 
0.000000 
0.000000 
0.000000 
0.000000 
0.707107 
0.707107 
1.118034 
1.118034 
1.500000 
1.500000 
1.000000 
1.000000 
1.000000 
1.000000 
0.000000 
0.000000 
0.707107 
0.707107 
3.041381 
3.041381 
2.549510 
2.549510 
0.000000 
0.000000 
4.272002 
4.272002 
2.915476 
2.915476 
1.000000 
1.000000 
7.280110 
7.280110 
0.000000 
0.000000 
0.000000 
0.000000 
3.000000 
3.000000 
1.000000 
1.000000 
0.707107 
0.707107 
1.118034 
1.118034 
1.500000 
1.500000 
1.000000 
1.000000 
1.000000 
1.000000 
0.000000 
0.000000 
0.707107 
0.707107 
3.041381 
3.041381 
2.549510 
2.549510 
4.272002 
4.272002 
2.915476 
2.915476 
1.000000 
1.000000 
2.121320 
2.121320 
1.118034 
1.118034 
0.707107 
0.707107 
1.118034 
1.118034 
1.414214 
1.414214 
0.707107 
0.707107 
1.118034 
1.118034 
1.500000 
1.500000 
1.000000 
1.000000 
1.000000 
1.000000 
0.000000 
0.000000 
0.707107 
0.707107 
3.041381 
3.041381 
2.549510 
2.549510 
4.272002 
4.272002 
2.915476 
2.915476 
1.000000 
1.000000 
5.590170 
5.590170 
0.000000 
0.000000 
0.707107 
0.707107 
2.549510 
2.549510 
5.024938 
5.024938 
1.414214 
1.414214 
0.707107 
0.707107 
1.118034 
1.118034 
1.500000 
1.500000 
1.000000 
1.000000 
1.000000 
1.000000 
0.000000 
0.000000 
0.707107 
0.707107 
3.041381 
3.041381 
4.272002 
4.272002 
2.915476 
2.915476 
1.000000 
1.000000 
7.158911 
7.158911 
0.000000 
0.000000 
0.707107 
0.707107 
0.500000 
0.500000 
1.581139 
1.581139 
1.802776 
1.802776 
1.414214 
1.414214 
0.707107 
0.707107 
1.118034 
1.118034 
1.500000 
1.500000 
1.000000 
1.000000 
1.000000 
1.000000 
0.000000 
0.000000 
0.707107 
0.707107 
3.041381 
3.041381 
4.272002 
4.272002 
2.915476 
2.915476 
1.000000 
1.000000 
12.000000 
12.000000 
0.000000 
0.000000 
2.236068 
2.236068 
0.500000 
0.500000 
0.500000 
0.500000 
2.000000 
2.000000 
1.118034 
1.118034 
1.414214 
1.414214 
0.707107 
0.707107 
1.118034 
1.118034 
1.500000 
1.500000 
1.000000 
1.000000 
1.000000 
1.000000 
0.000000 
0.000000 
0.707107 
0.707107 
3.041381 
3.041381 
4.272002 
4.272002 
2.915476 
2.915476 
1.000000 
1.000000 
7.280110 
7.280110 
0.707107 
0.707107 
1.581139 
1.581139 
0.500000 
0.500000 
0.707107 
0.707107 
1.581139 
1.581139 
1.118034 
1.118034 
1.414214 
1.414214 
0.707107 
0.707107 
1.118034 
1.118034 
1.500000 
1.500000 
1.000000 
1.000000 
1.000000 
1.000000 
0.000000 
0.000000 
0.707107 
0.707107 
4.272002 
4.272002 
2.915476 
2.915476 
1.000000 
1.000000 
11.000000 
11.000000 
0.707107 
0.707107 
7.017834 
7.017834 
0.500000 
0.500000 
8.514693 
8.514693 
3.535534 
3.535534 
1.118034 
1.118034 
1.414214 
1.414214 
0.707107 
0.707107 
1.118034 
1.118034 
1.500000 
1.500000 
1.000000 
1.000000 
1.000000 
1.000000 
0.707107 
0.707107 
2.915476 
2.915476 
1.000000 
1.000000 
2.549510 
2.549510 
0.707107 
0.707107 
6.184658 
6.184658 
0.500000 
0.500000 
1.118034 
1.118034 
3.041381 
3.041381 
1.118034 
1.118034 
1.414214 
1.414214 
0.707107 
0.707107 
1.118034 
1.118034 
1.500000 
1.500000 
1.000000 
1.000000 
1.000000 
1.000000 
0.707107 
0.707107 
2.915476 
2.915476 
1.000000 
1.000000 
12.000000 
12.000000 
0.000000 
0.000000 
0.707107 
0.707107 
0.707107 
0.707107 
0.500000 
0.500000 
1.118034 
1.118034 
1.802776 
1.802776 
1.118034 
1.118034 
1.414214 
1.414214 
0.707107 
0.707107 
1.118034 
1.118034 
1.500000 
1.500000 
1.000000 
1.000000 
0.707107 
0.707107 
2.915476 
2.915476 
8.139410 
8.139410 
0.000000 
0.000000 
0.000000 
0.000000 
0.000000 
0.000000 
0.707107 
0.707107 
6.041523 
6.041523 
0.500000 
0.500000 
0.500000 
0.500000 
1.802776 
1.802776 
1.118034 
1.118034 
1.414214 
1.414214 
0.707107 
0.707107 
1.118034 
1.118034 
1.500000 
1.500000 
1.000000 
1.000000 
0.707107 
0.707107 
2.915476 
2.915476 
8.139410 
8.139410 
0.000000 
0.000000 
8.321658 
8.321658 
0.000000 
0.000000 
0.707107 
0.707107 
4.272002 
4.272002 
0.500000 
0.500000 
1.000000 
1.000000 
2.000000 
2.000000 
1.118034 
1.118034 
1.414214 
1.414214 
0.707107 
0.707107 
1.118034 
1.118034 
1.500000 
1.500000 
1.000000 
1.000000 
0.707107 
0.707107 
2.915476 
2.915476 
8.139410 
8.139410 
0.000000 
0.000000 
0.000000 
0.000000 
7.158911 
7.158911 
0.000000 
0.000000 
0.707107 
0.707107 
1.500000 
1.500000 
0.500000 
0.500000 
2.000000 
2.000000 
0.707107 
0.707107 
1.118034 
1.118034 
1.414214 
1.414214 
0.707107 
0.707107 
1.118034 
1.118034 
1.000000 
1.000000 
0.707107 
0.707107 
2.915476 
2.915476 
8.139410 
8.139410 
0.000000 
0.000000 
0.707107 
0.707107 
0.000000 
0.000000 
4.272002 
4.272002 
0.000000 
0.000000 
0.707107 
0.707107 
2.061553 
2.061553 
0.500000 
0.500000 
2.000000 
2.000000 
1.802776 
1.802776 
1.118034 
1.118034 
1.414214 
1.414214 
0.707107 
0.707107 
1.118034 
1.118034 
0.707107 
0.707107 
8.139410 
8.139410 
0.000000 
0.000000 
0.707107 
0.707107 
0.000000 
0.000000 
2.236068 
2.236068 
0.000000 
0.000000 
0.707107 
0.707107 
6.020797 
6.020797 
0.500000 
0.500000 
2.000000 
2.000000 
0.500000 
0.500000 
1.118034 
1.118034 
1.414214 
1.414214 
0.707107 
0.707107 
1.118034 
1.118034 
8.139410 
8.139410 
0.000000 
0.000000 
4.716991 
4.716991 
0.000000 
0.000000 
13.009612 
13.009612 
0.000000 
0.000000 
0.707107 
0.707107 
0.500000 
0.500000 
0.500000 
0.500000 
2.000000 
2.000000 
4.500000 
4.500000 
1.118034 
1.118034 
1.414214 
1.414214 
8.139410 
8.139410 
0.000000 
0.000000 
1.118034 
1.118034 
0.000000 
0.000000 
4.527693 
4.527693 
0.000000 
0.000000 
0.707107 
0.707107 
1.118034 
1.118034 
0.500000 
0.500000 
2.000000 
2.000000 
0.707107 
0.707107 
1.118034 
1.118034 
1.414214 
1.414214 
8.139410 
8.139410 
0.000000 
0.000000 
1.118034 
1.118034 
0.000000 
0.000000 
3.535534 
3.535534 
0.000000 
0.000000 
0.707107 
0.707107 
0.707107 
0.707107 
0.500000 
0.500000 
2.000000 
2.000000 
0.707107 
0.707107 
1.118034 
1.118034 
8.139410 
8.139410 
0.000000 
0.000000 
1.802776 
1.802776 
0.000000 
0.000000 
4.527693 
4.527693 
0.000000 
0.000000 
0.707107 
0.707107 
2.549510 
2.549510 
0.500000 
0.500000 
2.000000 
2.000000 
4.123106 
4.123106 
1.118034 
1.118034 
8.139410 
8.139410 
0.000000 
0.000000 
0.000000 
0.000000 
1.802776 
1.802776 
0.000000 
0.000000 
2.549510 
2.549510 
0.000000 
0.000000 
0.707107 
0.707107 
4.609772 
4.609772 
0.500000 
0.500000 
2.000000 
2.000000 
1.802776 
1.802776 
1.118034 
1.118034 
8.139410 
8.139410 
0.707107 
0.707107 
0.000000 
0.000000 
1.802776 
1.802776 
0.000000 
0.000000 
9.055385 
9.055385 
0.000000 
0.000000 
0.707107 
0.707107 
5.590170 
5.590170 
2.000000 
2.000000 
2.121320 
2.121320 
8.139410 
8.139410 
1.118034 
1.118034 
0.000000 
0.000000 
1.802776 
1.802776 
0.000000 
0.000000 
3.041381 
3.041381 
0.000000 
0.000000 
3.905125 
3.905125 
2.000000 
2.000000 
2.121320 
2.121320 
8.139410 
8.139410 
1.802776 
1.802776 
0.000000 
0.000000 
1.802776 
1.802776 
0.000000 
0.000000 
0.707107 
0.707107 
0.000000 
0.000000 
2.500000 
2.500000 
2.000000 
2.000000 
1.000000 
1.000000 
8.139410 
8.139410 
1.118034 
1.118034 
0.000000 
0.000000 
1.802776 
1.802776 
0.000000 
0.000000 
1.000000 
1.000000 
0.000000 
0.000000 
1.118034 
1.118034 
2.000000 
2.000000 
0.500000 
0.500000 
8.139410 
8.139410 
6.576473 
6.576473 
0.000000 
0.000000 
1.802776 
1.802776 
0.000000 
0.000000 
1.414214 
1.414214 
0.707107 
0.707107 
2.000000 
2.000000 
0.707107 
0.707107 
