0.000000 
0.000000 
6.264982 
6.264982 
15.231546 
15.231546 
6.363961 
6.363961 
3.500000 
3.500000 
2.121320 
2.121320 
5.024938 
5.024938 
4.472136 
4.472136 
4.472136 
4.472136 
4.472136 
4.472136 
4.472136 
4.472136 
4.472136 
4.472136 
4.472136 
4.472136 
4.472136 
4.472136 
4.472136 
4.472136 
4.472136 
4.472136 
4.472136 
4.472136 
4.472136 
4.472136 
4.472136 
4.472136 
4.472136 
4.472136 
4.472136 
4.472136 
0.000000 
0.000000 
0.000000 
0.000000 
0.000000 
0.000000 
4.472136 
4.472136 
8.077747 
8.077747 
2.692582 
2.692582 
6.519202 
6.519202 
6.500000 
6.500000 
10.012492 
10.012492 
12.349089 
12.349089 
1.414214 
1.414214 
2.692582 
2.692582 
2.828427 
2.828427 
1.118034 
1.118034 
3.201562 
3.201562 
0.500000 
0.500000 
1.581139 
1.581139 
8.514693 
8.514693 
6.000000 
6.000000 
0.000000 
0.000000 
1.581139 
1.581139 
8.514693 
8.514693 
6.000000 
6.000000 
6.103278 
6.103278 
1.581139 
1.581139 
8.514693 
8.514693 
6.000000 
6.000000 
2.915476 
2.915476 
1.581139 
1.581139 
8.514693 
8.514693 
6.000000 
6.000000 
3.162278 
3.162278 
1.581139 
1.581139 
8.514693 
8.514693 
6.000000 
6.000000 
0.707107 
0.707107 
1.581139 
1.581139 
8.514693 
8.514693 
6.000000 
6.000000 
2.061553 
2.061553 
1.581139 
1.581139 
8.514693 
8.514693 
6.000000 
6.000000 
0.000000 
0.000000 
17.117243 
17.117243 
1.581139 
1.581139 
8.514693 
8.514693 
6.000000 
6.000000 
0.000000 
0.000000 
1.414214 
1.414214 
1.802776 
1.802776 
1.581139 
1.581139 
8.514693 
8.514693 
6.000000 
6.000000 
2.061553 
2.061553 
1.000000 
1.000000 
0.707107 
0.707107 
1.581139 
1.581139 
8.514693 
8.514693 
6.000000 
6.000000 
