0.000000 
0.000000 
0.000000 
0.000000 
0.000000 
0.000000 
0.000000 
0.000000 
0.000000 
0.000000 
0.000000 
0.000000 
0.000000 
0.000000 
2.500000 
2.500000 
4.609772 
4.609772 
1.581139 
1.581139 
0.000000 
0.000000 
0.000000 
0.000000 
0.000000 
0.000000 
0.000000 
0.000000 
1.118034 
1.118034 
5.024938 
5.024938 
1.581139 
1.581139 
0.000000 
0.000000 
0.707107 
0.707107 
0.000000 
0.000000 
0.000000 
0.000000 
0.000000 
0.000000 
1.118034 
1.118034 
2.061553 
2.061553 
1.581139 
1.581139 
0.000000 
0.000000 
2.500000 
2.500000 
5.700877 
5.700877 
0.000000 
0.000000 
0.000000 
0.000000 
0.000000 
0.000000 
1.000000 
1.000000 
5.500000 
5.500000 
1.581139 
1.581139 
0.000000 
0.000000 
2.000000 
2.000000 
2.500000 
2.500000 
0.500000 
0.500000 
0.000000 
0.000000 
0.000000 
0.000000 
0.000000 
0.000000 
2.500000 
2.500000 
2.061553 
2.061553 
1.581139 
1.581139 
0.000000 
0.000000 
2.061553 
2.061553 
2.000000 
2.000000 
2.500000 
2.500000 
0.500000 
0.500000 
0.000000 
0.000000 
0.000000 
0.000000 
0.000000 
0.000000 
2.061553 
2.061553 
4.000000 
4.000000 
1.581139 
1.581139 
0.000000 
0.000000 
0.000000 
0.000000 
0.000000 
0.000000 
2.061553 
2.061553 
2.000000 
2.000000 
2.500000 
2.500000 
0.500000 
0.500000 
0.000000 
0.000000 
0.000000 
0.000000 
0.000000 
0.000000 
2.061553 
2.061553 
2.061553 
2.061553 
1.581139 
1.581139 
0.000000 
0.000000 
0.000000 
0.000000 
0.000000 
0.000000 
0.000000 
0.000000 
3.535534 
3.535534 
0.000000 
0.000000 
0.000000 
0.000000 
2.061553 
2.061553 
2.000000 
2.000000 
2.500000 
2.500000 
0.707107 
0.707107 
0.000000 
0.000000 
0.000000 
0.000000 
0.000000 
0.000000 
1.802776 
1.802776 
4.500000 
4.500000 
1.581139 
1.581139 
3.041381 
3.041381 
1.581139 
1.581139 
0.000000 
0.000000 
2.000000 
2.000000 
3.535534 
3.535534 
0.000000 
0.000000 
0.000000 
0.000000 
2.061553 
2.061553 
2.000000 
2.000000 
2.500000 
2.500000 
0.500000 
0.500000 
0.000000 
0.000000 
0.000000 
0.000000 
0.000000 
0.000000 
4.031129 
4.031129 
1.802776 
1.802776 
1.581139 
1.581139 
0.000000 
0.000000 
0.000000 
0.000000 
0.000000 
0.000000 
0.000000 
0.000000 
3.041381 
3.041381 
1.581139 
1.581139 
0.000000 
0.000000 
2.000000 
2.000000 
3.535534 
3.535534 
0.000000 
0.000000 
0.000000 
0.000000 
2.061553 
2.061553 
2.000000 
2.000000 
2.500000 
2.500000 
0.500000 
0.500000 
0.000000 
0.000000 
0.000000 
0.000000 
0.000000 
0.000000 
1.500000 
1.500000 
2.061553 
2.061553 
1.581139 
1.581139 
0.000000 
0.000000 
0.000000 
0.000000 
0.000000 
0.000000 
0.000000 
0.000000 
1.500000 
1.500000 
4.031129 
4.031129 
3.041381 
3.041381 
1.581139 
1.581139 
0.000000 
0.000000 
2.000000 
2.000000 
3.535534 
3.535534 
0.000000 
0.000000 
0.000000 
0.000000 
2.061553 
2.061553 
2.000000 
2.000000 
2.500000 
2.500000 
0.000000 
0.000000 
0.000000 
0.000000 
0.000000 
0.000000 
0.000000 
0.000000 
2.549510 
2.549510 
4.031129 
4.031129 
1.581139 
1.581139 
0.000000 
0.000000 
0.000000 
0.000000 
0.000000 
0.000000 
0.000000 
0.000000 
0.000000 
0.000000 
0.000000 
0.000000 
1.500000 
1.500000 
2.549510 
2.549510 
3.041381 
3.041381 
1.581139 
1.581139 
0.000000 
0.000000 
2.000000 
2.000000 
3.535534 
3.535534 
0.000000 
0.000000 
0.000000 
0.000000 
2.061553 
2.061553 
2.000000 
2.000000 
2.500000 
2.500000 
0.500000 
0.500000 
0.000000 
0.000000 
0.000000 
0.000000 
0.000000 
0.000000 
1.000000 
1.000000 
3.354102 
3.354102 
1.581139 
1.581139 
0.000000 
0.000000 
0.000000 
0.000000 
0.000000 
0.000000 
1.581139 
1.581139 
2.000000 
2.000000 
0.000000 
0.000000 
0.000000 
0.000000 
0.000000 
0.000000 
0.000000 
0.000000 
1.500000 
1.500000 
2.549510 
2.549510 
3.041381 
3.041381 
1.581139 
1.581139 
0.000000 
0.000000 
2.000000 
2.000000 
3.535534 
3.535534 
0.000000 
0.000000 
0.000000 
0.000000 
2.061553 
2.061553 
2.000000 
2.000000 
2.500000 
2.500000 
0.000000 
0.000000 
0.000000 
0.000000 
0.000000 
0.000000 
0.000000 
0.000000 
2.000000 
2.000000 
4.031129 
4.031129 
1.581139 
1.581139 
0.000000 
0.000000 
2.061553 
2.061553 
1.000000 
1.000000 
2.549510 
2.549510 
2.061553 
2.061553 
2.000000 
2.000000 
0.000000 
0.000000 
0.000000 
0.000000 
0.000000 
0.000000 
0.000000 
0.000000 
1.500000 
1.500000 
2.549510 
2.549510 
3.041381 
3.041381 
1.581139 
1.581139 
0.000000 
0.000000 
2.000000 
2.000000 
3.535534 
3.535534 
0.000000 
0.000000 
0.000000 
0.000000 
2.061553 
2.061553 
2.000000 
2.000000 
2.500000 
2.500000 
0.500000 
0.500000 
0.000000 
0.000000 
0.000000 
0.000000 
0.000000 
0.000000 
1.581139 
1.581139 
1.500000 
1.500000 
1.581139 
1.581139 
0.000000 
0.000000 
2.500000 
2.500000 
2.061553 
2.061553 
1.802776 
1.802776 
3.500000 
3.500000 
2.061553 
2.061553 
2.000000 
2.000000 
0.000000 
0.000000 
0.000000 
0.000000 
0.000000 
0.000000 
0.000000 
0.000000 
1.500000 
1.500000 
2.549510 
2.549510 
3.041381 
3.041381 
1.581139 
1.581139 
0.000000 
0.000000 
2.000000 
2.000000 
3.535534 
3.535534 
0.000000 
0.000000 
0.000000 
0.000000 
2.061553 
2.061553 
2.000000 
2.000000 
2.500000 
2.500000 
0.500000 
0.500000 
0.000000 
0.000000 
1.118034 
1.118034 
1.581139 
1.581139 
1.581139 
1.581139 
1.414214 
1.414214 
1.000000 
1.000000 
2.061553 
2.061553 
2.500000 
2.500000 
1.802776 
1.802776 
2.061553 
2.061553 
2.000000 
2.000000 
0.000000 
0.000000 
0.000000 
0.000000 
0.000000 
0.000000 
0.000000 
0.000000 
1.500000 
1.500000 
2.549510 
2.549510 
3.041381 
3.041381 
1.581139 
1.581139 
0.000000 
0.000000 
2.000000 
2.000000 
3.535534 
3.535534 
0.000000 
0.000000 
0.000000 
0.000000 
2.061553 
2.061553 
2.000000 
2.000000 
2.500000 
2.500000 
0.500000 
0.500000 
0.000000 
0.000000 
0.707107 
0.707107 
1.118034 
1.118034 
0.000000 
0.000000 
0.500000 
0.500000 
1.000000 
1.000000 
2.061553 
2.061553 
1.000000 
1.000000 
1.802776 
1.802776 
2.061553 
2.061553 
2.000000 
2.000000 
0.000000 
0.000000 
0.000000 
0.000000 
0.000000 
0.000000 
0.000000 
0.000000 
1.500000 
1.500000 
2.549510 
2.549510 
3.041381 
3.041381 
1.581139 
1.581139 
0.000000 
0.000000 
2.000000 
2.000000 
3.535534 
3.535534 
0.000000 
0.000000 
0.000000 
0.000000 
2.061553 
2.061553 
2.000000 
2.000000 
2.500000 
2.500000 
1.118034 
1.118034 
2.692582 
2.692582 
0.500000 
0.500000 
1.802776 
1.802776 
1.118034 
1.118034 
1.000000 
1.000000 
2.061553 
2.061553 
1.581139 
1.581139 
1.802776 
1.802776 
2.061553 
2.061553 
2.000000 
2.000000 
0.000000 
0.000000 
0.000000 
0.000000 
0.000000 
0.000000 
0.000000 
0.000000 
1.500000 
1.500000 
2.549510 
2.549510 
3.041381 
3.041381 
1.581139 
1.581139 
0.000000 
0.000000 
2.000000 
2.000000 
3.535534 
3.535534 
0.000000 
0.000000 
0.000000 
0.000000 
2.061553 
2.061553 
2.000000 
2.000000 
2.500000 
2.500000 
1.414214 
1.414214 
0.500000 
0.500000 
2.500000 
2.500000 
0.000000 
0.000000 
2.061553 
2.061553 
0.707107 
0.707107 
1.000000 
1.000000 
2.061553 
2.061553 
0.707107 
0.707107 
1.802776 
1.802776 
2.061553 
2.061553 
2.000000 
2.000000 
0.000000 
0.000000 
0.000000 
0.000000 
0.000000 
0.000000 
0.000000 
0.000000 
1.500000 
1.500000 
2.549510 
2.549510 
3.041381 
3.041381 
1.581139 
1.581139 
0.000000 
0.000000 
2.000000 
2.000000 
3.535534 
3.535534 
0.000000 
0.000000 
0.000000 
0.000000 
2.061553 
2.061553 
2.000000 
2.000000 
1.500000 
1.500000 
5.147815 
5.147815 
0.707107 
0.707107 
0.000000 
0.000000 
1.000000 
1.000000 
2.061553 
2.061553 
1.802776 
1.802776 
1.000000 
1.000000 
2.061553 
2.061553 
1.802776 
1.802776 
1.802776 
1.802776 
2.061553 
2.061553 
2.000000 
2.000000 
0.000000 
0.000000 
0.000000 
0.000000 
0.000000 
0.000000 
0.000000 
0.000000 
1.500000 
1.500000 
2.549510 
2.549510 
3.041381 
3.041381 
1.581139 
1.581139 
0.000000 
0.000000 
2.000000 
2.000000 
3.535534 
3.535534 
0.000000 
0.000000 
0.000000 
0.000000 
2.061553 
2.061553 
1.500000 
1.500000 
0.000000 
0.000000 
1.581139 
1.581139 
0.000000 
0.000000 
1.802776 
1.802776 
4.609772 
4.609772 
2.061553 
2.061553 
1.118034 
1.118034 
1.000000 
1.000000 
2.061553 
2.061553 
0.500000 
0.500000 
1.802776 
1.802776 
2.061553 
2.061553 
2.000000 
2.000000 
0.000000 
0.000000 
0.000000 
0.000000 
0.000000 
0.000000 
0.000000 
0.000000 
1.500000 
1.500000 
2.549510 
2.549510 
3.041381 
3.041381 
1.581139 
1.581139 
0.000000 
0.000000 
2.000000 
2.000000 
3.535534 
3.535534 
0.000000 
0.000000 
1.500000 
1.500000 
3.000000 
3.000000 
1.118034 
1.118034 
1.118034 
1.118034 
1.802776 
1.802776 
1.414214 
1.414214 
2.061553 
2.061553 
0.500000 
0.500000 
1.000000 
1.000000 
2.061553 
2.061553 
0.500000 
0.500000 
1.802776 
1.802776 
2.061553 
2.061553 
2.000000 
2.000000 
0.000000 
0.000000 
0.000000 
0.000000 
0.000000 
0.000000 
0.000000 
0.000000 
1.500000 
1.500000 
2.549510 
2.549510 
3.041381 
3.041381 
1.581139 
1.581139 
0.000000 
0.000000 
2.000000 
2.000000 
3.535534 
3.535534 
1.500000 
1.500000 
0.500000 
0.500000 
4.500000 
4.500000 
0.000000 
0.000000 
1.118034 
1.118034 
3.640055 
3.640055 
5.700877 
5.700877 
2.061553 
2.061553 
1.581139 
1.581139 
1.000000 
1.000000 
2.061553 
2.061553 
0.500000 
0.500000 
1.802776 
1.802776 
2.061553 
2.061553 
2.000000 
2.000000 
0.000000 
0.000000 
0.000000 
0.000000 
0.000000 
0.000000 
0.000000 
0.000000 
1.500000 
1.500000 
2.549510 
2.549510 
3.041381 
3.041381 
1.581139 
1.581139 
2.000000 
2.000000 
1.500000 
1.500000 
1.118034 
1.118034 
1.581139 
1.581139 
0.000000 
0.000000 
6.082763 
6.082763 
2.236068 
2.236068 
2.500000 
2.500000 
2.061553 
2.061553 
1.500000 
1.500000 
1.000000 
1.000000 
2.061553 
2.061553 
0.500000 
0.500000 
1.802776 
1.802776 
2.061553 
2.061553 
2.000000 
2.000000 
0.000000 
0.000000 
0.000000 
0.000000 
0.000000 
0.000000 
0.000000 
0.000000 
1.500000 
1.500000 
2.549510 
2.549510 
1.500000 
1.500000 
0.707107 
0.707107 
1.118034 
1.118034 
0.000000 
0.000000 
5.099020 
5.099020 
3.162278 
3.162278 
3.201562 
3.201562 
2.061553 
2.061553 
0.707107 
0.707107 
1.000000 
1.000000 
2.061553 
2.061553 
0.500000 
0.500000 
1.802776 
1.802776 
2.061553 
2.061553 
2.000000 
2.000000 
0.000000 
0.000000 
0.000000 
0.000000 
1.500000 
1.500000 
2.549510 
2.549510 
1.500000 
1.500000 
1.118034 
1.118034 
2.500000 
2.500000 
0.000000 
0.000000 
0.000000 
0.000000 
0.707107 
0.707107 
2.121320 
2.121320 
2.915476 
2.915476 
2.061553 
2.061553 
1.118034 
1.118034 
1.000000 
1.000000 
2.061553 
2.061553 
0.500000 
0.500000 
1.802776 
1.802776 
2.061553 
2.061553 
2.000000 
2.000000 
2.549510 
2.549510 
1.500000 
1.500000 
4.031129 
4.031129 
0.707107 
0.707107 
1.118034 
1.118034 
0.000000 
0.000000 
0.500000 
0.500000 
3.500000 
3.500000 
5.024938 
5.024938 
2.061553 
2.061553 
1.414214 
1.414214 
1.000000 
1.000000 
2.061553 
2.061553 
0.500000 
0.500000 
1.802776 
1.802776 
2.061553 
2.061553 
2.000000 
2.000000 
1.500000 
1.500000 
0.000000 
0.000000 
0.707107 
0.707107 
1.000000 
1.000000 
0.000000 
0.000000 
0.500000 
0.500000 
1.414214 
1.414214 
3.201562 
3.201562 
2.061553 
2.061553 
0.500000 
0.500000 
1.000000 
1.000000 
2.061553 
2.061553 
0.500000 
0.500000 
1.802776 
1.802776 
2.061553 
2.061553 
1.500000 
1.500000 
0.707107 
0.707107 
0.500000 
0.500000 
1.118034 
1.118034 
0.000000 
0.000000 
3.041381 
3.041381 
1.000000 
1.000000 
5.220153 
5.220153 
2.061553 
2.061553 
0.707107 
0.707107 
1.000000 
1.000000 
0.500000 
0.500000 
1.802776 
1.802776 
1.500000 
1.500000 
0.500000 
0.500000 
1.581139 
1.581139 
0.500000 
0.500000 
0.000000 
0.000000 
1.118034 
1.118034 
1.414214 
1.414214 
3.162278 
3.162278 
2.061553 
2.061553 
1.000000 
1.000000 
1.000000 
1.000000 
0.500000 
0.500000 
1.802776 
1.802776 
1.500000 
1.500000 
1.118034 
1.118034 
0.707107 
0.707107 
1.000000 
1.000000 
0.000000 
0.000000 
1.581139 
1.581139 
3.000000 
3.000000 
1.802776 
1.802776 
2.061553 
2.061553 
1.000000 
1.000000 
0.500000 
0.500000 
1.500000 
1.500000 
1.414214 
1.414214 
0.707107 
0.707107 
0.707107 
0.707107 
0.000000 
0.000000 
1.581139 
1.581139 
1.118034 
1.118034 
6.184658 
6.184658 
2.061553 
2.061553 
1.000000 
1.000000 
0.500000 
0.500000 
1.500000 
1.500000 
1.000000 
1.000000 
0.707107 
0.707107 
1.802776 
1.802776 
0.000000 
0.000000 
1.581139 
1.581139 
1.802776 
1.802776 
2.692582 
2.692582 
2.061553 
2.061553 
1.000000 
1.000000 
0.500000 
0.500000 
1.500000 
1.500000 
1.118034 
1.118034 
0.707107 
0.707107 
1.414214 
1.414214 
0.000000 
0.000000 
1.581139 
1.581139 
1.000000 
1.000000 
2.915476 
2.915476 
1.000000 
1.000000 
0.500000 
0.500000 
0.707107 
0.707107 
0.500000 
0.500000 
0.000000 
0.000000 
0.000000 
0.000000 
1.414214 
1.414214 
0.000000 
0.000000 
1.581139 
1.581139 
1.000000 
1.000000 
3.354102 
3.354102 
1.000000 
1.000000 
0.500000 
0.500000 
0.500000 
0.500000 
0.500000 
0.500000 
0.000000 
0.000000 
2.000000 
2.000000 
1.414214 
1.414214 
0.000000 
0.000000 
1.581139 
1.581139 
1.000000 
1.000000 
5.590170 
5.590170 
1.000000 
1.000000 
1.500000 
1.500000 
0.500000 
0.500000 
0.000000 
0.000000 
5.024938 
5.024938 
1.414214 
1.414214 
0.000000 
0.000000 
1.581139 
1.581139 
1.000000 
1.000000 
1.802776 
1.802776 
1.000000 
1.000000 
0.000000 
0.000000 
0.000000 
0.000000 
0.000000 
0.000000 
1.118034 
1.118034 
4.031129 
4.031129 
1.581139 
1.581139 
1.000000 
1.000000 
5.700877 
5.700877 
1.000000 
1.000000 
1.118034 
1.118034 
0.500000 
0.500000 
