0.000000 
0.000000 
0.000000 
0.000000 
0.000000 
0.000000 
2.000000 
2.000000 
2.828427 
2.828427 
0.500000 
0.500000 
2.000000 
2.000000 
2.828427 
2.828427 
1.118034 
1.118034 
0.000000 
0.000000 
2.000000 
2.000000 
2.828427 
2.828427 
0.707107 
0.707107 
2.915476 
2.915476 
2.000000 
2.000000 
2.828427 
2.828427 
3.041381 
3.041381 
0.000000 
0.000000 
2.061553 
2.061553 
2.000000 
2.000000 
2.828427 
2.828427 
1.118034 
1.118034 
2.915476 
2.915476 
2.549510 
2.549510 
2.000000 
2.000000 
2.828427 
2.828427 
1.000000 
1.000000 
2.915476 
2.915476 
2.549510 
2.549510 
2.000000 
2.000000 
2.828427 
2.828427 
1.118034 
1.118034 
5.830952 
5.830952 
2.549510 
2.549510 
2.000000 
2.000000 
2.828427 
2.828427 
0.707107 
0.707107 
1.118034 
1.118034 
2.549510 
2.549510 
2.000000 
2.000000 
2.828427 
2.828427 
0.500000 
0.500000 
0.000000 
0.000000 
0.000000 
0.000000 
0.000000 
0.000000 
0.500000 
0.500000 
2.549510 
2.549510 
2.000000 
2.000000 
2.828427 
2.828427 
3.041381 
3.041381 
0.000000 
0.000000 
0.000000 
0.000000 
0.000000 
0.000000 
1.581139 
1.581139 
1.802776 
1.802776 
2.549510 
2.549510 
2.000000 
2.000000 
2.828427 
2.828427 
0.000000 
0.000000 
0.000000 
0.000000 
2.061553 
2.061553 
0.000000 
0.000000 
0.000000 
0.000000 
3.354102 
3.354102 
1.802776 
1.802776 
2.549510 
2.549510 
2.000000 
2.000000 
2.828427 
2.828427 
0.500000 
0.500000 
2.061553 
2.061553 
3.500000 
3.500000 
0.000000 
0.000000 
0.000000 
0.000000 
1.802776 
1.802776 
1.802776 
1.802776 
2.549510 
2.549510 
2.000000 
2.000000 
2.828427 
2.828427 
0.500000 
0.500000 
0.000000 
0.000000 
2.061553 
2.061553 
2.549510 
2.549510 
0.000000 
0.000000 
0.000000 
0.000000 
1.000000 
1.000000 
1.802776 
1.802776 
2.549510 
2.549510 
2.000000 
2.000000 
2.828427 
2.828427 
0.000000 
0.000000 
0.000000 
0.000000 
2.061553 
2.061553 
2.061553 
2.061553 
0.000000 
0.000000 
0.000000 
0.000000 
4.031129 
4.031129 
1.802776 
1.802776 
2.549510 
2.549510 
2.000000 
2.000000 
2.828427 
2.828427 
0.500000 
0.500000 
0.000000 
0.000000 
0.000000 
0.000000 
2.061553 
2.061553 
2.061553 
2.061553 
0.000000 
0.000000 
0.000000 
0.000000 
1.581139 
1.581139 
1.802776 
1.802776 
2.549510 
2.549510 
0.000000 
0.000000 
2.692582 
2.692582 
0.000000 
0.000000 
2.061553 
2.061553 
2.061553 
2.061553 
0.000000 
0.000000 
0.000000 
0.000000 
2.500000 
2.500000 
1.802776 
1.802776 
2.549510 
2.549510 
3.535534 
3.535534 
3.162278 
3.162278 
0.000000 
0.000000 
2.061553 
2.061553 
2.061553 
2.061553 
0.000000 
0.000000 
0.000000 
0.000000 
2.549510 
2.549510 
1.802776 
1.802776 
2.549510 
2.549510 
0.000000 
0.000000 
3.605551 
3.605551 
0.000000 
0.000000 
2.061553 
2.061553 
2.061553 
2.061553 
0.000000 
0.000000 
0.000000 
0.000000 
2.061553 
2.061553 
1.802776 
1.802776 
2.549510 
2.549510 
0.707107 
0.707107 
0.000000 
0.000000 
0.000000 
0.000000 
0.000000 
0.000000 
3.605551 
3.605551 
0.000000 
0.000000 
2.061553 
2.061553 
2.061553 
2.061553 
0.000000 
0.000000 
0.000000 
0.000000 
2.061553 
2.061553 
1.802776 
1.802776 
2.549510 
2.549510 
0.707107 
0.707107 
3.041381 
3.041381 
0.500000 
0.500000 
4.123106 
4.123106 
3.605551 
3.605551 
0.000000 
0.000000 
2.061553 
2.061553 
2.061553 
2.061553 
0.000000 
0.000000 
0.000000 
0.000000 
2.061553 
2.061553 
1.802776 
1.802776 
0.707107 
0.707107 
0.000000 
0.000000 
2.549510 
2.549510 
1.414214 
1.414214 
4.123106 
4.123106 
3.605551 
3.605551 
0.000000 
0.000000 
2.061553 
2.061553 
2.061553 
2.061553 
0.000000 
0.000000 
0.000000 
0.000000 
2.061553 
2.061553 
1.802776 
1.802776 
0.707107 
0.707107 
0.000000 
0.000000 
5.315073 
5.315073 
2.549510 
2.549510 
0.500000 
0.500000 
4.123106 
4.123106 
3.605551 
3.605551 
0.000000 
0.000000 
2.061553 
2.061553 
2.061553 
2.061553 
0.000000 
0.000000 
0.000000 
0.000000 
2.061553 
2.061553 
1.802776 
1.802776 
0.707107 
0.707107 
4.609772 
4.609772 
3.041381 
3.041381 
2.549510 
2.549510 
0.500000 
0.500000 
4.123106 
4.123106 
3.605551 
3.605551 
0.000000 
0.000000 
2.061553 
2.061553 
2.061553 
2.061553 
0.000000 
0.000000 
0.000000 
0.000000 
2.061553 
2.061553 
1.802776 
1.802776 
0.707107 
0.707107 
0.000000 
0.000000 
0.000000 
0.000000 
4.609772 
4.609772 
3.041381 
3.041381 
2.549510 
2.549510 
0.500000 
0.500000 
4.123106 
4.123106 
3.605551 
3.605551 
0.000000 
0.000000 
2.061553 
2.061553 
2.061553 
2.061553 
2.061553 
2.061553 
1.802776 
1.802776 
0.707107 
0.707107 
3.640055 
3.640055 
0.000000 
0.000000 
4.609772 
4.609772 
3.041381 
3.041381 
2.549510 
2.549510 
0.500000 
0.500000 
4.123106 
4.123106 
3.605551 
3.605551 
0.000000 
0.000000 
2.061553 
2.061553 
2.061553 
2.061553 
2.061553 
2.061553 
0.707107 
0.707107 
3.640055 
3.640055 
0.000000 
0.000000 
4.609772 
4.609772 
3.041381 
3.041381 
2.549510 
2.549510 
0.500000 
0.500000 
4.123106 
4.123106 
3.605551 
3.605551 
0.000000 
0.000000 
2.061553 
2.061553 
2.061553 
2.061553 
2.061553 
2.061553 
0.707107 
0.707107 
0.000000 
0.000000 
3.640055 
3.640055 
0.000000 
0.000000 
4.609772 
4.609772 
3.041381 
3.041381 
2.549510 
2.549510 
0.500000 
0.500000 
4.123106 
4.123106 
3.605551 
3.605551 
0.000000 
0.000000 
2.061553 
2.061553 
2.061553 
2.061553 
0.707107 
0.707107 
3.535534 
3.535534 
3.640055 
3.640055 
0.000000 
0.000000 
4.609772 
4.609772 
3.041381 
3.041381 
2.549510 
2.549510 
0.500000 
0.500000 
4.123106 
4.123106 
3.605551 
3.605551 
0.000000 
0.000000 
2.061553 
2.061553 
2.061553 
2.061553 
0.707107 
0.707107 
3.535534 
3.535534 
3.640055 
3.640055 
0.000000 
0.000000 
4.609772 
4.609772 
3.041381 
3.041381 
2.549510 
2.549510 
0.500000 
0.500000 
4.123106 
4.123106 
3.605551 
3.605551 
2.061553 
2.061553 
0.707107 
0.707107 
0.000000 
0.000000 
3.535534 
3.535534 
3.640055 
3.640055 
0.000000 
0.000000 
4.609772 
4.609772 
3.041381 
3.041381 
2.549510 
2.549510 
0.500000 
0.500000 
4.123106 
4.123106 
3.605551 
3.605551 
2.061553 
2.061553 
0.707107 
0.707107 
3.640055 
3.640055 
3.535534 
3.535534 
3.640055 
3.640055 
0.000000 
0.000000 
4.609772 
4.609772 
3.041381 
3.041381 
2.549510 
2.549510 
0.500000 
0.500000 
4.123106 
4.123106 
3.605551 
3.605551 
2.061553 
2.061553 
0.707107 
0.707107 
0.000000 
0.000000 
3.640055 
3.640055 
3.535534 
3.535534 
3.640055 
3.640055 
0.000000 
0.000000 
4.609772 
4.609772 
3.041381 
3.041381 
2.549510 
2.549510 
0.500000 
0.500000 
4.123106 
4.123106 
3.605551 
3.605551 
2.061553 
2.061553 
0.707107 
0.707107 
0.000000 
0.000000 
3.640055 
3.640055 
3.535534 
3.535534 
3.640055 
3.640055 
0.000000 
0.000000 
4.609772 
4.609772 
3.041381 
3.041381 
2.549510 
2.549510 
0.500000 
0.500000 
4.123106 
4.123106 
0.000000 
0.000000 
3.640055 
3.640055 
3.535534 
3.535534 
3.640055 
3.640055 
0.000000 
0.000000 
4.609772 
4.609772 
3.041381 
3.041381 
2.549510 
2.549510 
0.500000 
0.500000 
4.123106 
4.123106 
0.000000 
0.000000 
0.000000 
0.000000 
3.640055 
3.640055 
3.535534 
3.535534 
3.640055 
3.640055 
0.000000 
0.000000 
4.609772 
4.609772 
3.041381 
3.041381 
2.549510 
2.549510 
0.500000 
0.500000 
1.000000 
1.000000 
0.000000 
0.000000 
3.640055 
3.640055 
3.535534 
3.535534 
3.640055 
3.640055 
0.000000 
0.000000 
4.609772 
4.609772 
3.041381 
3.041381 
0.500000 
0.500000 
0.000000 
0.000000 
0.500000 
0.500000 
0.000000 
0.000000 
3.640055 
3.640055 
3.535534 
3.535534 
3.640055 
3.640055 
0.000000 
0.000000 
4.609772 
4.609772 
3.041381 
3.041381 
