0.000000 
0.000000 
1.118034 
1.118034 
5.000000 
5.000000 
5.000000 
5.000000 
5.000000 
5.000000 
5.000000 
5.000000 
5.000000 
5.000000 
5.000000 
5.000000 
5.000000 
5.000000 
5.000000 
5.000000 
5.000000 
5.000000 
5.000000 
5.000000 
5.000000 
5.000000 
5.000000 
5.000000 
5.000000 
5.000000 
0.000000 
0.000000 
0.000000 
0.000000 
5.000000 
5.000000 
0.000000 
0.000000 
1.500000 
1.500000 
1.581139 
1.581139 
5.000000 
5.000000 
0.000000 
0.000000 
2.000000 
2.000000 
1.581139 
1.581139 
0.000000 
0.000000 
5.700877 
5.700877 
1.581139 
1.581139 
0.000000 
0.000000 
5.700877 
5.700877 
1.581139 
1.581139 
0.000000 
0.000000 
0.000000 
0.000000 
5.700877 
5.700877 
1.581139 
1.581139 
0.000000 
0.000000 
0.000000 
0.000000 
1.802776 
1.802776 
0.000000 
0.000000 
5.700877 
5.700877 
1.581139 
1.581139 
0.000000 
0.000000 
5.830952 
5.830952 
1.802776 
1.802776 
0.000000 
0.000000 
5.700877 
5.700877 
1.581139 
1.581139 
0.000000 
0.000000 
5.830952 
5.830952 
1.802776 
1.802776 
0.000000 
0.000000 
5.700877 
5.700877 
1.581139 
1.581139 
0.000000 
0.000000 
3.354102 
3.354102 
1.802776 
1.802776 
0.000000 
0.000000 
5.700877 
5.700877 
1.581139 
1.581139 
0.000000 
0.000000 
2.121320 
2.121320 
1.802776 
1.802776 
0.000000 
0.000000 
5.700877 
5.700877 
1.581139 
1.581139 
