0.000000 
0.000000 
0.000000 
0.000000 
0.000000 
0.000000 
0.000000 
0.000000 
5.024938 
5.024938 
2.236068 
2.236068 
0.000000 
0.000000 
0.000000 
0.000000 
0.707107 
0.707107 
1.118034 
1.118034 
3.807887 
3.807887 
0.000000 
0.000000 
4.472136 
4.472136 
1.581139 
1.581139 
0.000000 
0.000000 
3.807887 
3.807887 
0.000000 
0.000000 
2.061553 
2.061553 
2.061553 
2.061553 
2.500000 
2.500000 
3.807887 
3.807887 
0.000000 
0.000000 
3.000000 
3.000000 
4.527693 
4.527693 
0.000000 
0.000000 
0.000000 
0.000000 
2.000000 
2.000000 
3.807887 
3.807887 
0.000000 
0.000000 
6.500000 
6.500000 
1.000000 
1.000000 
0.000000 
0.000000 
3.640055 
3.640055 
3.162278 
3.162278 
3.807887 
3.807887 
0.000000 
0.000000 
2.000000 
2.000000 
1.000000 
1.000000 
0.000000 
0.000000 
1.802776 
1.802776 
5.500000 
5.500000 
3.807887 
3.807887 
0.000000 
0.000000 
3.041381 
3.041381 
1.118034 
1.118034 
0.000000 
0.000000 
0.000000 
0.000000 
1.581139 
1.581139 
3.535534 
3.535534 
3.807887 
3.807887 
0.000000 
0.000000 
2.692582 
2.692582 
1.118034 
1.118034 
0.000000 
0.000000 
0.000000 
0.000000 
1.414214 
1.414214 
3.041381 
3.041381 
3.807887 
3.807887 
0.000000 
0.000000 
7.516648 
7.516648 
0.500000 
0.500000 
0.000000 
0.000000 
0.000000 
0.000000 
0.000000 
0.000000 
0.000000 
0.000000 
0.000000 
0.000000 
1.802776 
1.802776 
3.041381 
3.041381 
3.807887 
3.807887 
0.000000 
0.000000 
2.915476 
2.915476 
1.500000 
1.500000 
0.000000 
0.000000 
0.000000 
0.000000 
0.707107 
0.707107 
0.000000 
0.000000 
1.500000 
1.500000 
0.000000 
0.000000 
0.000000 
0.000000 
1.581139 
1.581139 
3.041381 
3.041381 
3.807887 
3.807887 
0.000000 
0.000000 
2.915476 
2.915476 
1.118034 
1.118034 
0.000000 
0.000000 
3.905125 
3.905125 
0.500000 
0.500000 
1.500000 
1.500000 
4.000000 
4.000000 
0.000000 
0.000000 
0.000000 
0.000000 
1.802776 
1.802776 
3.041381 
3.041381 
3.807887 
3.807887 
0.000000 
0.000000 
2.915476 
2.915476 
1.000000 
1.000000 
0.000000 
0.000000 
0.000000 
0.000000 
1.500000 
1.500000 
0.500000 
0.500000 
0.000000 
0.000000 
1.000000 
1.000000 
0.000000 
0.000000 
0.000000 
0.000000 
4.031129 
4.031129 
3.041381 
3.041381 
3.807887 
3.807887 
0.000000 
0.000000 
2.915476 
2.915476 
1.581139 
1.581139 
5.024938 
5.024938 
0.000000 
0.000000 
1.581139 
1.581139 
0.500000 
0.500000 
0.500000 
0.500000 
1.500000 
1.500000 
0.000000 
0.000000 
0.000000 
0.000000 
1.802776 
1.802776 
3.041381 
3.041381 
3.807887 
3.807887 
2.915476 
2.915476 
0.707107 
0.707107 
0.000000 
0.000000 
1.581139 
1.581139 
0.000000 
0.000000 
1.581139 
1.581139 
2.000000 
2.000000 
0.000000 
0.000000 
4.031129 
4.031129 
0.000000 
0.000000 
0.000000 
0.000000 
1.118034 
1.118034 
3.041381 
3.041381 
3.807887 
3.807887 
2.915476 
2.915476 
3.041381 
3.041381 
0.000000 
0.000000 
1.802776 
1.802776 
1.581139 
1.581139 
0.000000 
0.000000 
1.581139 
1.581139 
0.000000 
0.000000 
0.000000 
0.000000 
6.000000 
6.000000 
0.000000 
0.000000 
0.000000 
0.000000 
1.802776 
1.802776 
3.041381 
3.041381 
3.807887 
3.807887 
2.915476 
2.915476 
0.000000 
0.000000 
0.000000 
0.000000 
3.000000 
3.000000 
0.707107 
0.707107 
1.581139 
1.581139 
0.000000 
0.000000 
1.581139 
1.581139 
0.000000 
0.000000 
0.500000 
0.500000 
1.500000 
1.500000 
0.000000 
0.000000 
0.000000 
0.000000 
6.082763 
6.082763 
3.041381 
3.041381 
2.915476 
2.915476 
0.000000 
0.000000 
0.500000 
0.500000 
5.000000 
5.000000 
2.121320 
2.121320 
1.581139 
1.581139 
0.000000 
0.000000 
1.581139 
1.581139 
0.500000 
0.500000 
0.500000 
0.500000 
1.500000 
1.500000 
0.000000 
0.000000 
0.000000 
0.000000 
2.121320 
2.121320 
3.041381 
3.041381 
2.915476 
2.915476 
0.000000 
0.000000 
0.000000 
0.000000 
0.500000 
0.500000 
1.118034 
1.118034 
1.118034 
1.118034 
1.581139 
1.581139 
0.000000 
0.000000 
1.581139 
1.581139 
0.500000 
0.500000 
0.000000 
0.000000 
1.500000 
1.500000 
0.000000 
0.000000 
0.000000 
0.000000 
2.236068 
2.236068 
3.041381 
3.041381 
2.915476 
2.915476 
0.000000 
0.000000 
0.000000 
0.000000 
0.000000 
0.000000 
1.118034 
1.118034 
0.500000 
0.500000 
1.118034 
1.118034 
1.118034 
1.118034 
1.581139 
1.581139 
0.000000 
0.000000 
1.581139 
1.581139 
0.500000 
0.500000 
0.500000 
0.500000 
1.500000 
1.500000 
0.000000 
0.000000 
0.000000 
0.000000 
2.500000 
2.500000 
3.041381 
3.041381 
2.915476 
2.915476 
0.000000 
0.000000 
0.000000 
0.000000 
0.000000 
0.000000 
0.000000 
0.000000 
0.500000 
0.500000 
1.000000 
1.000000 
4.031129 
4.031129 
1.500000 
1.500000 
1.581139 
1.581139 
1.581139 
1.581139 
0.000000 
0.000000 
1.581139 
1.581139 
1.000000 
1.000000 
0.000000 
0.000000 
1.500000 
1.500000 
0.000000 
0.000000 
2.236068 
2.236068 
3.041381 
3.041381 
2.915476 
2.915476 
0.000000 
0.000000 
0.500000 
0.500000 
3.500000 
3.500000 
0.000000 
0.000000 
1.414214 
1.414214 
0.500000 
0.500000 
0.500000 
0.500000 
1.118034 
1.118034 
1.581139 
1.581139 
1.581139 
1.581139 
0.000000 
0.000000 
1.581139 
1.581139 
1.000000 
1.000000 
1.000000 
1.000000 
1.500000 
1.500000 
0.000000 
0.000000 
2.236068 
2.236068 
3.041381 
3.041381 
2.915476 
2.915476 
0.000000 
0.000000 
1.500000 
1.500000 
3.500000 
3.500000 
0.000000 
0.000000 
0.500000 
0.500000 
0.707107 
0.707107 
0.500000 
0.500000 
1.118034 
1.118034 
1.000000 
1.000000 
1.581139 
1.581139 
0.000000 
0.000000 
1.581139 
1.581139 
1.000000 
1.000000 
0.500000 
0.500000 
1.500000 
1.500000 
0.000000 
0.000000 
2.236068 
2.236068 
3.041381 
3.041381 
2.915476 
2.915476 
0.000000 
0.000000 
0.000000 
0.000000 
1.118034 
1.118034 
3.500000 
3.500000 
0.000000 
0.000000 
3.162278 
3.162278 
0.000000 
0.000000 
0.500000 
0.500000 
1.118034 
1.118034 
3.535534 
3.535534 
1.581139 
1.581139 
0.000000 
0.000000 
1.581139 
1.581139 
1.000000 
1.000000 
0.500000 
0.500000 
1.500000 
1.500000 
2.236068 
2.236068 
2.915476 
2.915476 
0.000000 
0.000000 
3.535534 
3.535534 
3.000000 
3.000000 
3.500000 
3.500000 
0.000000 
0.000000 
1.802776 
1.802776 
0.500000 
0.500000 
5.315073 
5.315073 
1.118034 
1.118034 
1.000000 
1.000000 
1.581139 
1.581139 
0.000000 
0.000000 
1.581139 
1.581139 
1.000000 
1.000000 
0.000000 
0.000000 
1.500000 
1.500000 
2.236068 
2.236068 
2.915476 
2.915476 
0.000000 
0.000000 
0.000000 
0.000000 
3.535534 
3.535534 
1.118034 
1.118034 
3.500000 
3.500000 
0.000000 
0.000000 
3.000000 
3.000000 
1.118034 
1.118034 
1.118034 
1.118034 
1.000000 
1.000000 
2.061553 
2.061553 
1.581139 
1.581139 
1.581139 
1.581139 
1.000000 
1.000000 
0.000000 
0.000000 
1.500000 
1.500000 
2.236068 
2.236068 
0.000000 
0.000000 
0.000000 
0.000000 
2.236068 
2.236068 
3.535534 
3.535534 
1.118034 
1.118034 
3.500000 
3.500000 
0.000000 
0.000000 
1.802776 
1.802776 
1.414214 
1.414214 
0.500000 
0.500000 
0.500000 
0.500000 
2.061553 
2.061553 
1.581139 
1.581139 
1.581139 
1.581139 
1.000000 
1.000000 
0.000000 
0.000000 
1.500000 
1.500000 
2.236068 
2.236068 
0.000000 
0.000000 
0.000000 
0.000000 
2.236068 
2.236068 
3.535534 
3.535534 
0.500000 
0.500000 
3.500000 
3.500000 
0.000000 
0.000000 
1.000000 
1.000000 
1.414214 
1.414214 
1.118034 
1.118034 
0.000000 
0.000000 
2.000000 
2.000000 
1.581139 
1.581139 
1.581139 
1.581139 
1.000000 
1.000000 
0.000000 
0.000000 
1.500000 
1.500000 
2.236068 
2.236068 
0.000000 
0.000000 
0.000000 
0.000000 
2.236068 
2.236068 
3.535534 
3.535534 
2.915476 
2.915476 
3.500000 
3.500000 
0.000000 
0.000000 
0.500000 
0.500000 
1.414214 
1.414214 
1.118034 
1.118034 
1.500000 
1.500000 
1.500000 
1.500000 
1.581139 
1.581139 
1.000000 
1.000000 
4.272002 
4.272002 
1.500000 
1.500000 
2.236068 
2.236068 
0.000000 
0.000000 
0.000000 
0.000000 
2.236068 
2.236068 
3.535534 
3.535534 
1.000000 
1.000000 
3.500000 
3.500000 
0.000000 
0.000000 
0.500000 
0.500000 
1.414214 
1.414214 
1.118034 
1.118034 
0.500000 
0.500000 
1.500000 
1.500000 
1.000000 
1.000000 
0.500000 
0.500000 
1.500000 
1.500000 
2.236068 
2.236068 
0.000000 
0.000000 
0.000000 
0.000000 
2.236068 
2.236068 
3.535534 
3.535534 
1.802776 
1.802776 
3.500000 
3.500000 
0.000000 
0.000000 
1.118034 
1.118034 
1.414214 
1.414214 
1.118034 
1.118034 
1.000000 
1.000000 
1.500000 
1.500000 
1.000000 
1.000000 
0.500000 
0.500000 
1.500000 
1.500000 
2.236068 
2.236068 
0.000000 
0.000000 
0.000000 
0.000000 
4.123106 
4.123106 
3.535534 
3.535534 
2.500000 
2.500000 
3.500000 
3.500000 
0.000000 
0.000000 
1.581139 
1.581139 
1.414214 
1.414214 
1.118034 
1.118034 
0.500000 
0.500000 
1.500000 
1.500000 
1.000000 
1.000000 
0.500000 
0.500000 
2.236068 
2.236068 
0.000000 
0.000000 
0.500000 
0.500000 
0.000000 
0.000000 
4.123106 
4.123106 
3.535534 
3.535534 
2.500000 
2.500000 
3.500000 
3.500000 
0.000000 
0.000000 
1.802776 
1.802776 
1.414214 
1.414214 
1.118034 
1.118034 
0.000000 
0.000000 
1.500000 
1.500000 
1.000000 
1.000000 
0.500000 
0.500000 
2.236068 
2.236068 
8.500000 
8.500000 
2.236068 
2.236068 
0.000000 
0.000000 
4.123106 
4.123106 
3.535534 
3.535534 
2.500000 
2.500000 
3.500000 
3.500000 
0.000000 
0.000000 
2.121320 
2.121320 
1.414214 
1.414214 
1.118034 
1.118034 
1.118034 
1.118034 
1.500000 
1.500000 
1.000000 
1.000000 
0.500000 
0.500000 
2.236068 
2.236068 
0.000000 
0.000000 
0.000000 
0.000000 
0.500000 
0.500000 
2.236068 
2.236068 
0.000000 
0.000000 
4.123106 
4.123106 
3.535534 
3.535534 
2.500000 
2.500000 
3.500000 
3.500000 
1.414214 
1.414214 
1.414214 
1.414214 
1.118034 
1.118034 
1.000000 
1.000000 
1.500000 
1.500000 
1.000000 
1.000000 
0.500000 
0.500000 
2.236068 
2.236068 
3.000000 
3.000000 
0.500000 
0.500000 
1.802776 
1.802776 
2.236068 
2.236068 
0.000000 
0.000000 
4.123106 
4.123106 
3.535534 
3.535534 
2.500000 
2.500000 
3.500000 
3.500000 
3.535534 
3.535534 
1.414214 
1.414214 
1.118034 
1.118034 
0.000000 
0.000000 
1.500000 
1.500000 
0.500000 
0.500000 
2.915476 
2.915476 
0.707107 
0.707107 
1.802776 
1.802776 
2.236068 
2.236068 
0.000000 
0.000000 
4.123106 
4.123106 
3.535534 
3.535534 
2.500000 
2.500000 
1.802776 
1.802776 
1.414214 
1.414214 
1.118034 
1.118034 
1.414214 
1.414214 
1.500000 
1.500000 
0.500000 
0.500000 
