0.000000 
0.000000 
0.000000 
0.000000 
0.000000 
0.000000 
0.000000 
0.000000 
0.000000 
0.000000 
0.000000 
0.000000 
0.000000 
0.000000 
0.000000 
0.000000 
0.707107 
0.707107 
0.000000 
0.000000 
0.500000 
0.500000 
3.041381 
3.041381 
4.123106 
4.123106 
0.000000 
0.000000 
0.000000 
0.000000 
1.118034 
1.118034 
0.000000 
0.000000 
3.535534 
3.535534 
0.000000 
0.000000 
3.041381 
3.041381 
4.123106 
4.123106 
0.000000 
0.000000 
0.000000 
0.000000 
0.707107 
0.707107 
0.000000 
0.000000 
3.640055 
3.640055 
3.535534 
3.535534 
0.500000 
0.500000 
3.041381 
3.041381 
4.123106 
4.123106 
0.000000 
0.000000 
0.000000 
0.000000 
0.500000 
0.500000 
4.031129 
4.031129 
3.000000 
3.000000 
3.535534 
3.535534 
0.500000 
0.500000 
3.041381 
3.041381 
4.123106 
4.123106 
0.000000 
0.000000 
0.000000 
0.000000 
1.118034 
1.118034 
0.000000 
0.000000 
4.031129 
4.031129 
3.000000 
3.000000 
3.535534 
3.535534 
3.162278 
3.162278 
3.041381 
3.041381 
4.123106 
4.123106 
0.000000 
0.000000 
0.000000 
0.000000 
0.000000 
0.000000 
0.000000 
0.000000 
3.640055 
3.640055 
4.031129 
4.031129 
3.000000 
3.000000 
3.535534 
3.535534 
0.500000 
0.500000 
3.041381 
3.041381 
4.123106 
4.123106 
0.000000 
0.000000 
0.000000 
0.000000 
1.118034 
1.118034 
0.000000 
0.000000 
0.000000 
0.000000 
0.000000 
0.000000 
3.640055 
3.640055 
4.031129 
4.031129 
3.000000 
3.000000 
3.535534 
3.535534 
1.000000 
1.000000 
3.041381 
3.041381 
4.123106 
4.123106 
0.000000 
0.000000 
0.000000 
0.000000 
1.000000 
1.000000 
4.500000 
4.500000 
4.272002 
4.272002 
0.000000 
0.000000 
3.640055 
3.640055 
4.031129 
4.031129 
3.000000 
3.000000 
3.535534 
3.535534 
1.000000 
1.000000 
3.041381 
3.041381 
4.123106 
4.123106 
0.000000 
0.000000 
0.000000 
0.000000 
0.707107 
0.707107 
0.000000 
0.000000 
0.000000 
0.000000 
4.500000 
4.500000 
4.272002 
4.272002 
0.000000 
0.000000 
3.640055 
3.640055 
4.031129 
4.031129 
3.000000 
3.000000 
3.535534 
3.535534 
1.000000 
1.000000 
3.041381 
3.041381 
4.123106 
4.123106 
0.000000 
0.000000 
0.000000 
0.000000 
0.000000 
0.000000 
0.000000 
0.000000 
0.000000 
0.000000 
0.000000 
0.000000 
4.500000 
4.500000 
4.272002 
4.272002 
0.000000 
0.000000 
3.640055 
3.640055 
4.031129 
4.031129 
3.000000 
3.000000 
3.535534 
3.535534 
1.000000 
1.000000 
3.041381 
3.041381 
4.123106 
4.123106 
0.000000 
0.000000 
0.000000 
0.000000 
0.500000 
0.500000 
0.000000 
0.000000 
0.000000 
0.000000 
0.500000 
0.500000 
0.000000 
0.000000 
4.500000 
4.500000 
4.272002 
4.272002 
0.000000 
0.000000 
3.640055 
3.640055 
4.031129 
4.031129 
3.000000 
3.000000 
3.535534 
3.535534 
1.000000 
1.000000 
3.041381 
3.041381 
4.123106 
4.123106 
0.000000 
0.000000 
0.000000 
0.000000 
0.707107 
0.707107 
0.000000 
0.000000 
0.000000 
0.000000 
0.000000 
0.000000 
0.000000 
0.000000 
4.500000 
4.500000 
4.272002 
4.272002 
0.000000 
0.000000 
3.640055 
3.640055 
4.031129 
4.031129 
3.000000 
3.000000 
3.535534 
3.535534 
1.000000 
1.000000 
3.041381 
3.041381 
4.123106 
4.123106 
0.000000 
0.000000 
0.000000 
0.000000 
1.118034 
1.118034 
0.000000 
0.000000 
0.000000 
0.000000 
0.000000 
0.000000 
0.000000 
0.000000 
0.000000 
0.000000 
1.118034 
1.118034 
0.000000 
0.000000 
4.500000 
4.500000 
4.272002 
4.272002 
0.000000 
0.000000 
3.640055 
3.640055 
4.031129 
4.031129 
3.000000 
3.000000 
3.535534 
3.535534 
1.000000 
1.000000 
3.041381 
3.041381 
4.123106 
4.123106 
0.000000 
0.000000 
0.000000 
0.000000 
1.581139 
1.581139 
0.000000 
0.000000 
3.041381 
3.041381 
3.041381 
3.041381 
0.000000 
0.000000 
0.000000 
0.000000 
0.707107 
0.707107 
0.000000 
0.000000 
4.500000 
4.500000 
4.272002 
4.272002 
0.000000 
0.000000 
3.640055 
3.640055 
4.031129 
4.031129 
3.000000 
3.000000 
3.535534 
3.535534 
1.000000 
1.000000 
3.041381 
3.041381 
4.123106 
4.123106 
0.500000 
0.500000 
0.000000 
0.000000 
0.000000 
0.000000 
0.000000 
0.000000 
3.041381 
3.041381 
3.041381 
3.041381 
0.000000 
0.000000 
0.000000 
0.000000 
0.707107 
0.707107 
0.000000 
0.000000 
4.500000 
4.500000 
4.272002 
4.272002 
0.000000 
0.000000 
3.640055 
3.640055 
4.031129 
4.031129 
3.000000 
3.000000 
3.535534 
3.535534 
1.000000 
1.000000 
3.041381 
3.041381 
4.123106 
4.123106 
1.000000 
1.000000 
0.000000 
0.000000 
3.535534 
3.535534 
0.000000 
0.000000 
3.041381 
3.041381 
3.041381 
3.041381 
0.000000 
0.000000 
0.000000 
0.000000 
0.707107 
0.707107 
0.000000 
0.000000 
4.500000 
4.500000 
4.272002 
4.272002 
0.000000 
0.000000 
3.640055 
3.640055 
4.031129 
4.031129 
3.000000 
3.000000 
3.535534 
3.535534 
1.000000 
1.000000 
1.118034 
1.118034 
0.000000 
0.000000 
0.000000 
0.000000 
0.000000 
0.000000 
3.535534 
3.535534 
0.000000 
0.000000 
3.041381 
3.041381 
3.041381 
3.041381 
0.000000 
0.000000 
0.000000 
0.000000 
0.707107 
0.707107 
0.000000 
0.000000 
4.500000 
4.500000 
4.272002 
4.272002 
0.000000 
0.000000 
3.640055 
3.640055 
4.031129 
4.031129 
3.000000 
3.000000 
1.000000 
1.000000 
1.414214 
1.414214 
0.000000 
0.000000 
0.000000 
0.000000 
0.000000 
0.000000 
0.000000 
0.000000 
0.000000 
0.000000 
0.000000 
0.000000 
3.535534 
3.535534 
0.000000 
0.000000 
3.041381 
3.041381 
3.041381 
3.041381 
0.000000 
0.000000 
0.000000 
0.000000 
0.707107 
0.707107 
0.000000 
0.000000 
4.500000 
4.500000 
4.272002 
4.272002 
0.000000 
0.000000 
3.640055 
3.640055 
4.031129 
4.031129 
3.000000 
3.000000 
1.000000 
1.000000 
8.062258 
8.062258 
0.707107 
0.707107 
3.535534 
3.535534 
3.535534 
3.535534 
0.000000 
0.000000 
0.000000 
0.000000 
0.000000 
0.000000 
3.535534 
3.535534 
0.000000 
0.000000 
3.041381 
3.041381 
3.041381 
3.041381 
0.000000 
0.000000 
0.000000 
0.000000 
0.707107 
0.707107 
0.000000 
0.000000 
4.500000 
4.500000 
4.272002 
4.272002 
0.000000 
0.000000 
3.640055 
3.640055 
1.000000 
1.000000 
0.500000 
0.500000 
0.000000 
0.000000 
1.118034 
1.118034 
3.535534 
3.535534 
3.535534 
3.535534 
0.000000 
0.000000 
0.000000 
0.000000 
0.000000 
0.000000 
3.535534 
3.535534 
0.000000 
0.000000 
3.041381 
3.041381 
3.041381 
3.041381 
0.000000 
0.000000 
0.000000 
0.000000 
0.707107 
0.707107 
0.000000 
0.000000 
4.500000 
4.500000 
4.272002 
4.272002 
0.000000 
0.000000 
3.640055 
3.640055 
1.000000 
1.000000 
6.800735 
6.800735 
3.535534 
3.535534 
0.500000 
0.500000 
3.535534 
3.535534 
3.535534 
3.535534 
0.000000 
0.000000 
0.000000 
0.000000 
0.000000 
0.000000 
3.535534 
3.535534 
0.000000 
0.000000 
3.041381 
3.041381 
3.041381 
3.041381 
0.000000 
0.000000 
0.000000 
0.000000 
0.707107 
0.707107 
0.000000 
0.000000 
4.500000 
4.500000 
4.272002 
4.272002 
1.000000 
1.000000 
0.500000 
0.500000 
10.511898 
10.511898 
0.500000 
0.500000 
3.535534 
3.535534 
3.535534 
3.535534 
0.000000 
0.000000 
0.000000 
0.000000 
0.000000 
0.000000 
3.535534 
3.535534 
0.000000 
0.000000 
3.041381 
3.041381 
3.041381 
3.041381 
0.000000 
0.000000 
0.000000 
0.000000 
0.707107 
0.707107 
0.000000 
0.000000 
4.500000 
4.500000 
4.272002 
4.272002 
0.500000 
0.500000 
0.000000 
0.000000 
0.000000 
0.000000 
10.511898 
10.511898 
0.500000 
0.500000 
3.535534 
3.535534 
3.535534 
3.535534 
0.000000 
0.000000 
0.000000 
0.000000 
0.000000 
0.000000 
3.535534 
3.535534 
0.000000 
0.000000 
3.041381 
3.041381 
3.041381 
3.041381 
0.000000 
0.000000 
0.000000 
0.000000 
0.707107 
0.707107 
0.000000 
0.000000 
0.500000 
0.500000 
2.549510 
2.549510 
2.500000 
2.500000 
10.511898 
10.511898 
0.500000 
0.500000 
3.535534 
3.535534 
3.535534 
3.535534 
0.000000 
0.000000 
0.000000 
0.000000 
0.000000 
0.000000 
3.535534 
3.535534 
0.000000 
0.000000 
3.041381 
3.041381 
3.041381 
3.041381 
0.000000 
0.000000 
0.000000 
0.000000 
0.707107 
0.707107 
0.500000 
0.500000 
2.500000 
2.500000 
2.500000 
2.500000 
10.511898 
10.511898 
0.500000 
0.500000 
3.535534 
3.535534 
3.535534 
3.535534 
0.000000 
0.000000 
0.000000 
0.000000 
0.000000 
0.000000 
3.535534 
3.535534 
0.000000 
0.000000 
3.041381 
3.041381 
3.041381 
3.041381 
0.000000 
0.000000 
0.707107 
0.707107 
0.500000 
0.500000 
1.802776 
1.802776 
2.500000 
2.500000 
10.511898 
10.511898 
6.000000 
6.000000 
3.535534 
3.535534 
3.535534 
3.535534 
0.000000 
0.000000 
0.000000 
0.000000 
0.000000 
0.000000 
3.535534 
3.535534 
0.000000 
0.000000 
3.041381 
3.041381 
3.041381 
3.041381 
0.707107 
0.707107 
0.500000 
0.500000 
2.000000 
2.000000 
2.500000 
2.500000 
10.511898 
10.511898 
0.500000 
0.500000 
3.535534 
3.535534 
3.535534 
3.535534 
0.000000 
0.000000 
0.000000 
0.000000 
0.000000 
0.000000 
3.535534 
3.535534 
0.000000 
0.000000 
3.041381 
3.041381 
3.041381 
3.041381 
0.707107 
0.707107 
0.500000 
0.500000 
1.118034 
1.118034 
2.500000 
2.500000 
10.511898 
10.511898 
1.000000 
1.000000 
3.535534 
3.535534 
3.535534 
3.535534 
0.000000 
0.000000 
0.000000 
0.000000 
0.000000 
0.000000 
3.535534 
3.535534 
3.041381 
3.041381 
3.041381 
3.041381 
0.707107 
0.707107 
0.500000 
0.500000 
2.061553 
2.061553 
2.500000 
2.500000 
10.511898 
10.511898 
1.000000 
1.000000 
3.535534 
3.535534 
3.535534 
3.535534 
0.000000 
0.000000 
0.000000 
0.000000 
0.000000 
0.000000 
3.535534 
3.535534 
0.500000 
0.500000 
1.118034 
1.118034 
2.500000 
2.500000 
10.511898 
10.511898 
1.000000 
1.000000 
3.535534 
3.535534 
3.535534 
3.535534 
0.000000 
0.000000 
0.000000 
0.000000 
3.535534 
3.535534 
0.500000 
0.500000 
1.414214 
1.414214 
2.500000 
2.500000 
10.511898 
10.511898 
1.000000 
1.000000 
3.535534 
3.535534 
3.535534 
3.535534 
0.000000 
0.000000 
0.000000 
0.000000 
0.500000 
0.500000 
0.500000 
0.500000 
2.500000 
2.500000 
10.511898 
10.511898 
1.000000 
1.000000 
3.535534 
3.535534 
3.535534 
3.535534 
0.500000 
0.500000 
2.061553 
2.061553 
2.500000 
2.500000 
1.581139 
1.581139 
1.000000 
1.000000 
3.535534 
3.535534 
3.535534 
3.535534 
0.500000 
0.500000 
1.118034 
1.118034 
2.500000 
2.500000 
3.162278 
3.162278 
1.000000 
1.000000 
0.500000 
0.500000 
3.354102 
3.354102 
2.500000 
2.500000 
3.162278 
3.162278 
1.000000 
1.000000 
0.500000 
0.500000 
2.000000 
2.000000 
2.500000 
2.500000 
3.162278 
3.162278 
1.000000 
1.000000 
1.118034 
1.118034 
2.500000 
2.500000 
3.162278 
3.162278 
0.707107 
0.707107 
