0.000000 
0.000000 
2.500000 
2.500000 
2.000000 
2.000000 
0.000000 
0.000000 
1.118034 
1.118034 
12.349089 
12.349089 
2.549510 
2.549510 
3.535534 
3.535534 
3.535534 
3.535534 
4.000000 
4.000000 
7.280110 
7.280110 
1.802776 
1.802776 
10.049876 
10.049876 
1.500000 
1.500000 
3.535534 
3.535534 
2.549510 
2.549510 
3.041381 
3.041381 
1.581139 
1.581139 
1.500000 
1.500000 
1.118034 
1.118034 
0.500000 
0.500000 
1.118034 
1.118034 
1.500000 
1.500000 
2.500000 
2.500000 
2.549510 
2.549510 
2.061553 
2.061553 
0.500000 
0.500000 
2.061553 
2.061553 
2.061553 
2.061553 
7.158911 
7.158911 
2.549510 
2.549510 
2.121320 
2.121320 
1.000000 
1.000000 
0.500000 
0.500000 
1.414214 
1.414214 
0.000000 
0.000000 
1.118034 
1.118034 
1.118034 
1.118034 
1.000000 
1.000000 
