0.000000 
0.000000 
0.000000 
0.000000 
0.000000 
0.000000 
0.000000 
0.000000 
0.500000 
0.500000 
0.500000 
0.500000 
1.118034 
1.118034 
0.707107 
0.707107 
0.500000 
0.500000 
0.000000 
0.000000 
0.000000 
0.000000 
0.500000 
0.500000 
1.500000 
1.500000 
0.500000 
0.500000 
0.500000 
0.500000 
5.590170 
5.590170 
5.700877 
5.700877 
0.707107 
0.707107 
0.500000 
0.500000 
0.000000 
0.000000 
1.118034 
1.118034 
0.000000 
0.000000 
1.118034 
1.118034 
0.500000 
0.500000 
1.581139 
1.581139 
0.500000 
0.500000 
0.500000 
0.500000 
5.590170 
5.590170 
1.500000 
1.500000 
0.707107 
0.707107 
1.118034 
1.118034 
0.500000 
0.500000 
1.000000 
1.000000 
0.000000 
0.000000 
0.000000 
0.000000 
0.500000 
0.500000 
5.522681 
5.522681 
0.500000 
0.500000 
1.118034 
1.118034 
0.707107 
0.707107 
1.581139 
1.581139 
0.000000 
0.000000 
0.707107 
0.707107 
1.000000 
1.000000 
1.414214 
1.414214 
0.707107 
0.707107 
0.500000 
0.500000 
2.500000 
2.500000 
2.000000 
2.000000 
0.000000 
0.000000 
0.500000 
0.500000 
0.500000 
0.500000 
1.581139 
1.581139 
0.000000 
0.000000 
0.500000 
0.500000 
0.500000 
0.500000 
2.061553 
2.061553 
1.118034 
1.118034 
0.500000 
0.500000 
0.500000 
0.500000 
1.500000 
1.500000 
0.500000 
0.500000 
0.500000 
0.500000 
0.500000 
0.500000 
5.522681 
5.522681 
0.000000 
0.000000 
0.000000 
0.000000 
0.707107 
0.707107 
1.118034 
1.118034 
1.118034 
1.118034 
0.500000 
0.500000 
1.500000 
1.500000 
1.000000 
1.000000 
1.000000 
1.000000 
0.707107 
0.707107 
2.061553 
2.061553 
1.500000 
1.500000 
13.009612 
13.009612 
0.000000 
0.000000 
1.581139 
1.581139 
2.236068 
2.236068 
1.414214 
1.414214 
1.000000 
1.000000 
0.500000 
0.500000 
2.500000 
2.500000 
6.800735 
6.800735 
0.707107 
0.707107 
0.500000 
0.500000 
1.581139 
1.581139 
0.000000 
0.000000 
0.707107 
0.707107 
0.500000 
0.500000 
1.581139 
1.581139 
0.707107 
0.707107 
0.500000 
0.500000 
2.500000 
2.500000 
1.581139 
1.581139 
10.500000 
10.500000 
0.500000 
0.500000 
0.000000 
0.000000 
1.581139 
1.581139 
0.500000 
0.500000 
0.500000 
0.500000 
1.000000 
1.000000 
1.581139 
1.581139 
4.527693 
4.527693 
1.118034 
1.118034 
5.500000 
5.500000 
1.581139 
1.581139 
6.000000 
6.000000 
1.000000 
1.000000 
0.707107 
0.707107 
1.581139 
1.581139 
1.118034 
1.118034 
3.640055 
3.640055 
0.707107 
0.707107 
1.581139 
1.581139 
1.118034 
1.118034 
0.500000 
0.500000 
0.500000 
0.500000 
1.581139 
1.581139 
0.500000 
0.500000 
0.500000 
0.500000 
0.000000 
0.000000 
1.581139 
1.581139 
6.500000 
6.500000 
0.000000 
0.000000 
0.707107 
0.707107 
1.581139 
1.581139 
0.500000 
0.500000 
0.707107 
0.707107 
1.581139 
1.581139 
1.581139 
1.581139 
0.707107 
0.707107 
8.514693 
8.514693 
1.581139 
1.581139 
1.581139 
1.581139 
0.500000 
0.500000 
0.707107 
0.707107 
7.071068 
7.071068 
1.581139 
1.581139 
0.000000 
0.000000 
1.000000 
1.000000 
5.500000 
5.500000 
1.581139 
1.581139 
0.500000 
0.500000 
5.099020 
5.099020 
1.500000 
1.500000 
4.527693 
4.527693 
5.099020 
5.099020 
2.500000 
2.500000 
1.581139 
1.581139 
5.099020 
5.099020 
1.118034 
1.118034 
