0.000000 
0.000000 
0.000000 
0.000000 
0.000000 
0.000000 
0.000000 
0.000000 
1.500000 
1.500000 
0.500000 
0.500000 
0.000000 
0.000000 
0.000000 
0.000000 
1.118034 
1.118034 
1.000000 
1.000000 
4.000000 
4.000000 
0.000000 
0.000000 
1.000000 
1.000000 
0.500000 
0.500000 
0.000000 
0.000000 
4.000000 
4.000000 
0.000000 
0.000000 
1.000000 
1.000000 
1.500000 
1.500000 
3.500000 
3.500000 
4.000000 
4.000000 
0.000000 
0.000000 
1.000000 
1.000000 
0.500000 
0.500000 
0.000000 
0.000000 
3.500000 
3.500000 
4.000000 
4.000000 
0.000000 
0.000000 
12.658989 
12.658989 
1.581139 
1.581139 
3.640055 
3.640055 
3.500000 
3.500000 
4.000000 
4.000000 
0.000000 
0.000000 
0.707107 
0.707107 
6.726812 
6.726812 
3.201562 
3.201562 
3.500000 
3.500000 
4.000000 
4.000000 
0.000000 
0.000000 
0.707107 
0.707107 
5.590170 
5.590170 
2.500000 
2.500000 
3.500000 
3.500000 
4.000000 
4.000000 
0.000000 
0.000000 
0.707107 
0.707107 
2.549510 
2.549510 
0.000000 
0.000000 
2.500000 
2.500000 
3.500000 
3.500000 
4.000000 
4.000000 
0.000000 
0.000000 
0.707107 
0.707107 
3.000000 
3.000000 
0.000000 
0.000000 
2.500000 
2.500000 
3.500000 
3.500000 
4.000000 
4.000000 
0.000000 
0.000000 
0.707107 
0.707107 
2.549510 
2.549510 
0.000000 
0.000000 
0.000000 
0.000000 
2.500000 
2.500000 
3.500000 
3.500000 
4.000000 
4.000000 
0.000000 
0.000000 
0.707107 
0.707107 
2.549510 
2.549510 
0.000000 
0.000000 
3.640055 
3.640055 
0.000000 
0.000000 
2.500000 
2.500000 
3.500000 
3.500000 
4.000000 
4.000000 
0.000000 
0.000000 
0.707107 
0.707107 
2.549510 
2.549510 
2.000000 
2.000000 
3.000000 
3.000000 
0.000000 
0.000000 
2.500000 
2.500000 
3.500000 
3.500000 
4.000000 
4.000000 
0.000000 
0.000000 
0.707107 
0.707107 
2.549510 
2.549510 
0.000000 
0.000000 
2.000000 
2.000000 
3.000000 
3.000000 
0.000000 
0.000000 
2.500000 
2.500000 
3.500000 
3.500000 
4.000000 
4.000000 
0.707107 
0.707107 
2.549510 
2.549510 
0.000000 
0.000000 
0.000000 
0.000000 
2.000000 
2.000000 
3.000000 
3.000000 
0.000000 
0.000000 
2.500000 
2.500000 
3.500000 
3.500000 
4.000000 
4.000000 
0.707107 
0.707107 
2.549510 
2.549510 
0.000000 
0.000000 
0.000000 
0.000000 
2.000000 
2.000000 
3.000000 
3.000000 
0.000000 
0.000000 
2.500000 
2.500000 
3.500000 
3.500000 
4.000000 
4.000000 
0.707107 
0.707107 
2.549510 
2.549510 
0.000000 
0.000000 
0.000000 
0.000000 
2.000000 
2.000000 
3.000000 
3.000000 
0.000000 
0.000000 
2.500000 
2.500000 
3.500000 
3.500000 
0.707107 
0.707107 
2.549510 
2.549510 
0.000000 
0.000000 
0.000000 
0.000000 
0.000000 
0.000000 
2.000000 
2.000000 
3.000000 
3.000000 
0.000000 
0.000000 
2.500000 
2.500000 
3.500000 
3.500000 
0.707107 
0.707107 
2.549510 
2.549510 
0.000000 
0.000000 
0.000000 
0.000000 
1.500000 
1.500000 
0.000000 
0.000000 
0.000000 
0.000000 
2.000000 
2.000000 
3.000000 
3.000000 
0.000000 
0.000000 
2.500000 
2.500000 
0.707107 
0.707107 
2.549510 
2.549510 
2.692582 
2.692582 
1.802776 
1.802776 
4.609772 
4.609772 
0.000000 
0.000000 
0.000000 
0.000000 
2.000000 
2.000000 
3.000000 
3.000000 
0.000000 
0.000000 
2.500000 
2.500000 
0.707107 
0.707107 
2.549510 
2.549510 
0.000000 
0.000000 
2.061553 
2.061553 
2.061553 
2.061553 
1.581139 
1.581139 
0.000000 
0.000000 
0.000000 
0.000000 
2.000000 
2.000000 
3.000000 
3.000000 
0.000000 
0.000000 
2.500000 
2.500000 
2.549510 
2.549510 
1.802776 
1.802776 
3.162278 
3.162278 
1.500000 
1.500000 
1.802776 
1.802776 
0.000000 
0.000000 
0.000000 
0.000000 
2.000000 
2.000000 
3.000000 
3.000000 
0.000000 
0.000000 
2.500000 
2.500000 
2.549510 
2.549510 
5.000000 
5.000000 
1.500000 
1.500000 
1.118034 
1.118034 
3.535534 
3.535534 
0.000000 
0.000000 
0.000000 
0.000000 
2.000000 
2.000000 
3.000000 
3.000000 
0.000000 
0.000000 
2.549510 
2.549510 
5.000000 
5.000000 
5.099020 
5.099020 
0.000000 
0.000000 
4.031129 
4.031129 
0.000000 
0.000000 
0.000000 
0.000000 
2.000000 
2.000000 
3.000000 
3.000000 
2.549510 
2.549510 
0.000000 
0.000000 
5.000000 
5.000000 
0.500000 
0.500000 
7.648529 
7.648529 
0.500000 
0.500000 
0.000000 
0.000000 
0.000000 
0.000000 
2.000000 
2.000000 
3.000000 
3.000000 
0.000000 
0.000000 
1.118034 
1.118034 
5.000000 
5.000000 
1.118034 
1.118034 
7.500000 
7.500000 
1.118034 
1.118034 
0.000000 
0.000000 
0.000000 
0.000000 
2.000000 
2.000000 
3.000000 
3.000000 
0.000000 
0.000000 
2.061553 
2.061553 
1.118034 
1.118034 
5.000000 
5.000000 
1.500000 
1.500000 
0.000000 
0.000000 
0.500000 
0.500000 
0.000000 
0.000000 
0.000000 
0.000000 
2.000000 
2.000000 
3.000000 
3.000000 
0.000000 
0.000000 
1.000000 
1.000000 
2.061553 
2.061553 
1.118034 
1.118034 
5.000000 
5.000000 
1.414214 
1.414214 
0.707107 
0.707107 
0.500000 
0.500000 
0.000000 
0.000000 
0.000000 
0.000000 
2.061553 
2.061553 
0.707107 
0.707107 
2.061553 
2.061553 
1.118034 
1.118034 
5.000000 
5.000000 
0.500000 
0.500000 
1.581139 
1.581139 
3.162278 
3.162278 
0.000000 
0.000000 
0.000000 
0.000000 
2.061553 
2.061553 
0.000000 
0.000000 
2.061553 
2.061553 
1.118034 
1.118034 
5.000000 
5.000000 
0.707107 
0.707107 
1.581139 
1.581139 
4.123106 
4.123106 
3.354102 
3.354102 
2.061553 
2.061553 
0.000000 
0.000000 
2.061553 
2.061553 
1.118034 
1.118034 
5.000000 
5.000000 
1.414214 
1.414214 
1.802776 
1.802776 
2.000000 
2.000000 
0.000000 
0.000000 
3.354102 
3.354102 
2.061553 
2.061553 
0.000000 
0.000000 
2.061553 
2.061553 
1.118034 
1.118034 
5.000000 
5.000000 
0.707107 
0.707107 
1.802776 
1.802776 
1.500000 
1.500000 
0.000000 
0.000000 
0.000000 
0.000000 
1.802776 
1.802776 
3.354102 
3.354102 
2.061553 
2.061553 
0.000000 
0.000000 
2.061553 
2.061553 
1.118034 
1.118034 
5.000000 
5.000000 
0.707107 
0.707107 
1.802776 
1.802776 
1.500000 
1.500000 
2.061553 
2.061553 
1.500000 
1.500000 
2.236068 
2.236068 
3.354102 
3.354102 
2.061553 
2.061553 
0.000000 
0.000000 
2.061553 
2.061553 
1.118034 
1.118034 
5.000000 
5.000000 
0.707107 
0.707107 
1.802776 
1.802776 
1.500000 
1.500000 
0.000000 
0.000000 
2.236068 
2.236068 
1.118034 
1.118034 
2.236068 
2.236068 
3.354102 
3.354102 
2.061553 
2.061553 
0.000000 
0.000000 
2.061553 
2.061553 
1.118034 
1.118034 
5.000000 
5.000000 
1.118034 
1.118034 
1.802776 
1.802776 
1.500000 
1.500000 
1.000000 
1.000000 
1.802776 
1.802776 
1.118034 
1.118034 
2.236068 
2.236068 
3.354102 
3.354102 
2.061553 
2.061553 
0.000000 
0.000000 
2.061553 
2.061553 
1.118034 
1.118034 
5.000000 
5.000000 
0.707107 
0.707107 
1.802776 
1.802776 
1.500000 
1.500000 
0.000000 
0.000000 
1.000000 
1.000000 
2.061553 
2.061553 
3.500000 
3.500000 
2.236068 
2.236068 
3.354102 
3.354102 
2.061553 
2.061553 
0.000000 
0.000000 
2.061553 
2.061553 
1.118034 
1.118034 
5.000000 
5.000000 
0.500000 
0.500000 
1.802776 
1.802776 
1.500000 
1.500000 
