0.000000 
0.000000 
0.000000 
0.000000 
1.802776 
1.802776 
0.500000 
0.500000 
5.590170 
5.590170 
5.099020 
5.099020 
1.118034 
1.118034 
1.000000 
1.000000 
1.118034 
1.118034 
0.707107 
0.707107 
2.121320 
2.121320 
1.000000 
1.000000 
1.414214 
1.414214 
0.707107 
0.707107 
4.743416 
4.743416 
0.500000 
0.500000 
2.121320 
2.121320 
0.000000 
0.000000 
2.500000 
2.500000 
0.000000 
0.000000 
2.236068 
2.236068 
1.581139 
1.581139 
3.640055 
3.640055 
1.581139 
1.581139 
1.414214 
1.414214 
5.024938 
5.024938 
2.061553 
2.061553 
3.041381 
3.041381 
2.549510 
2.549510 
4.123106 
4.123106 
0.000000 
0.000000 
0.000000 
0.000000 
2.549510 
2.549510 
4.123106 
4.123106 
3.354102 
3.354102 
4.031129 
4.031129 
2.549510 
2.549510 
4.123106 
4.123106 
0.000000 
0.000000 
0.000000 
0.000000 
3.354102 
3.354102 
4.031129 
4.031129 
2.549510 
2.549510 
4.123106 
4.123106 
3.162278 
3.162278 
0.000000 
0.000000 
3.354102 
3.354102 
4.031129 
4.031129 
2.549510 
2.549510 
4.123106 
4.123106 
0.000000 
0.000000 
0.000000 
0.000000 
0.000000 
0.000000 
3.162278 
3.162278 
0.000000 
0.000000 
3.354102 
3.354102 
4.031129 
4.031129 
2.549510 
2.549510 
4.123106 
4.123106 
0.000000 
0.000000 
0.000000 
0.000000 
3.807887 
3.807887 
3.162278 
3.162278 
0.000000 
0.000000 
3.354102 
3.354102 
4.031129 
4.031129 
2.549510 
2.549510 
4.123106 
4.123106 
0.000000 
0.000000 
0.000000 
0.000000 
3.807887 
3.807887 
3.162278 
3.162278 
0.000000 
0.000000 
3.354102 
3.354102 
4.031129 
4.031129 
2.549510 
2.549510 
4.123106 
4.123106 
0.000000 
0.000000 
0.000000 
0.000000 
3.807887 
3.807887 
3.162278 
3.162278 
0.000000 
0.000000 
3.354102 
3.354102 
4.031129 
4.031129 
2.549510 
2.549510 
4.123106 
4.123106 
0.000000 
0.000000 
0.000000 
0.000000 
3.807887 
3.807887 
3.162278 
3.162278 
0.000000 
0.000000 
3.354102 
3.354102 
4.031129 
4.031129 
2.549510 
2.549510 
4.123106 
4.123106 
0.000000 
0.000000 
0.000000 
0.000000 
3.807887 
3.807887 
3.162278 
3.162278 
0.000000 
0.000000 
3.354102 
3.354102 
4.031129 
4.031129 
2.549510 
2.549510 
4.123106 
4.123106 
0.000000 
0.000000 
0.000000 
0.000000 
3.807887 
3.807887 
3.162278 
3.162278 
0.000000 
0.000000 
3.354102 
3.354102 
4.031129 
4.031129 
2.549510 
2.549510 
4.123106 
4.123106 
0.000000 
0.000000 
0.000000 
0.000000 
0.000000 
0.000000 
3.807887 
3.807887 
3.162278 
3.162278 
0.000000 
0.000000 
3.354102 
3.354102 
4.031129 
4.031129 
2.549510 
2.549510 
4.123106 
4.123106 
2.692582 
2.692582 
0.000000 
0.000000 
0.000000 
0.000000 
3.807887 
3.807887 
3.162278 
3.162278 
0.000000 
0.000000 
3.354102 
3.354102 
4.031129 
4.031129 
2.549510 
2.549510 
4.123106 
4.123106 
0.000000 
0.000000 
2.692582 
2.692582 
0.000000 
0.000000 
0.000000 
0.000000 
3.807887 
3.807887 
3.162278 
3.162278 
0.000000 
0.000000 
3.354102 
3.354102 
4.031129 
4.031129 
2.549510 
2.549510 
4.123106 
4.123106 
3.807887 
3.807887 
2.692582 
2.692582 
0.000000 
0.000000 
0.000000 
0.000000 
3.807887 
3.807887 
3.162278 
3.162278 
0.000000 
0.000000 
3.354102 
3.354102 
4.031129 
4.031129 
0.000000 
0.000000 
6.946222 
6.946222 
2.692582 
2.692582 
0.000000 
0.000000 
0.000000 
0.000000 
3.807887 
3.807887 
3.162278 
3.162278 
0.000000 
0.000000 
3.354102 
3.354102 
4.031129 
4.031129 
0.000000 
0.000000 
0.500000 
0.500000 
6.946222 
6.946222 
2.692582 
2.692582 
0.000000 
0.000000 
0.000000 
0.000000 
3.807887 
3.807887 
3.162278 
3.162278 
0.000000 
0.000000 
0.000000 
0.000000 
2.121320 
2.121320 
0.000000 
0.000000 
6.946222 
6.946222 
2.692582 
2.692582 
0.000000 
0.000000 
0.000000 
0.000000 
3.807887 
3.807887 
3.162278 
3.162278 
3.000000 
3.000000 
1.414214 
1.414214 
1.118034 
1.118034 
6.946222 
6.946222 
2.692582 
2.692582 
0.000000 
0.000000 
0.000000 
0.000000 
3.807887 
3.807887 
2.000000 
2.000000 
1.118034 
1.118034 
1.000000 
1.000000 
6.946222 
6.946222 
2.692582 
2.692582 
3.807887 
3.807887 
1.000000 
1.000000 
0.707107 
0.707107 
2.236068 
2.236068 
6.946222 
6.946222 
2.692582 
2.692582 
0.000000 
0.000000 
1.118034 
1.118034 
3.000000 
3.000000 
6.946222 
6.946222 
2.692582 
2.692582 
3.000000 
3.000000 
2.121320 
2.121320 
2.000000 
2.000000 
6.946222 
6.946222 
2.692582 
2.692582 
3.000000 
3.000000 
0.500000 
0.500000 
5.024938 
5.024938 
6.946222 
6.946222 
2.692582 
2.692582 
