0.000000 
0.000000 
0.000000 
0.000000 
0.000000 
0.000000 
0.000000 
0.000000 
0.000000 
0.000000 
0.000000 
0.000000 
1.000000 
1.000000 
3.000000 
3.000000 
1.500000 
1.500000 
2.549510 
2.549510 
1.000000 
1.000000 
1.500000 
1.500000 
0.500000 
0.500000 
2.061553 
2.061553 
1.500000 
1.500000 
3.162278 
3.162278 
1.000000 
1.000000 
1.000000 
1.000000 
0.000000 
0.000000 
1.000000 
1.000000 
2.061553 
2.061553 
1.500000 
1.500000 
2.000000 
2.000000 
4.031129 
4.031129 
1.118034 
1.118034 
0.000000 
0.000000 
3.535534 
3.535534 
0.500000 
0.500000 
2.061553 
2.061553 
1.500000 
1.500000 
2.061553 
2.061553 
0.707107 
0.707107 
1.802776 
1.802776 
2.549510 
2.549510 
3.535534 
3.535534 
0.500000 
0.500000 
2.061553 
2.061553 
1.500000 
1.500000 
3.000000 
3.000000 
3.041381 
3.041381 
1.118034 
1.118034 
2.000000 
2.000000 
3.535534 
3.535534 
4.500000 
4.500000 
2.061553 
2.061553 
1.500000 
1.500000 
1.000000 
1.000000 
0.707107 
0.707107 
3.640055 
3.640055 
2.000000 
2.000000 
3.535534 
3.535534 
0.707107 
0.707107 
2.061553 
2.061553 
1.500000 
1.500000 
2.000000 
2.000000 
1.414214 
1.414214 
1.118034 
1.118034 
6.020797 
6.020797 
3.535534 
3.535534 
0.000000 
0.000000 
2.061553 
2.061553 
1.500000 
1.500000 
2.000000 
2.000000 
2.061553 
2.061553 
1.118034 
1.118034 
2.236068 
2.236068 
3.535534 
3.535534 
1.000000 
1.000000 
2.061553 
2.061553 
1.500000 
1.500000 
1.118034 
1.118034 
1.500000 
1.500000 
0.707107 
0.707107 
2.000000 
2.000000 
3.535534 
3.535534 
4.000000 
4.000000 
2.061553 
2.061553 
1.500000 
1.500000 
1.500000 
1.500000 
1.118034 
1.118034 
0.500000 
0.500000 
0.000000 
0.000000 
0.000000 
0.000000 
2.061553 
2.061553 
3.535534 
3.535534 
1.000000 
1.000000 
2.061553 
2.061553 
1.500000 
1.500000 
0.707107 
0.707107 
0.707107 
0.707107 
2.061553 
2.061553 
0.000000 
0.000000 
0.000000 
0.000000 
0.000000 
0.000000 
0.707107 
0.707107 
1.118034 
1.118034 
3.535534 
3.535534 
1.581139 
1.581139 
2.061553 
2.061553 
1.500000 
1.500000 
0.707107 
0.707107 
0.000000 
0.000000 
2.061553 
2.061553 
0.707107 
0.707107 
1.118034 
1.118034 
0.000000 
0.000000 
0.500000 
0.500000 
0.500000 
0.500000 
3.535534 
3.535534 
2.549510 
2.549510 
2.061553 
2.061553 
1.500000 
1.500000 
1.118034 
1.118034 
1.414214 
1.414214 
2.061553 
2.061553 
0.707107 
0.707107 
1.118034 
1.118034 
0.000000 
0.000000 
2.000000 
2.000000 
0.500000 
0.500000 
3.535534 
3.535534 
3.000000 
3.000000 
2.061553 
2.061553 
1.500000 
1.500000 
1.414214 
1.414214 
1.000000 
1.000000 
2.061553 
2.061553 
0.707107 
0.707107 
1.802776 
1.802776 
0.000000 
0.000000 
3.000000 
3.000000 
0.000000 
0.000000 
3.535534 
3.535534 
2.061553 
2.061553 
2.061553 
2.061553 
1.500000 
1.500000 
1.000000 
1.000000 
0.707107 
0.707107 
2.061553 
2.061553 
0.000000 
0.000000 
0.707107 
0.707107 
1.118034 
1.118034 
0.000000 
0.000000 
0.000000 
0.000000 
0.500000 
0.500000 
3.535534 
3.535534 
2.061553 
2.061553 
2.061553 
2.061553 
0.500000 
0.500000 
1.118034 
1.118034 
2.061553 
2.061553 
2.236068 
2.236068 
0.707107 
0.707107 
4.031129 
4.031129 
0.000000 
0.000000 
1.581139 
1.581139 
1.000000 
1.000000 
3.535534 
3.535534 
2.061553 
2.061553 
2.061553 
2.061553 
1.000000 
1.000000 
0.707107 
0.707107 
2.061553 
2.061553 
1.802776 
1.802776 
0.707107 
0.707107 
1.581139 
1.581139 
0.000000 
0.000000 
1.581139 
1.581139 
0.000000 
0.000000 
3.535534 
3.535534 
2.061553 
2.061553 
0.707107 
0.707107 
1.118034 
1.118034 
2.061553 
2.061553 
0.000000 
0.000000 
1.581139 
1.581139 
0.707107 
0.707107 
2.549510 
2.549510 
0.000000 
0.000000 
1.581139 
1.581139 
1.118034 
1.118034 
2.061553 
2.061553 
0.500000 
0.500000 
1.414214 
1.414214 
2.061553 
2.061553 
0.000000 
0.000000 
0.000000 
0.000000 
1.000000 
1.000000 
0.707107 
0.707107 
2.549510 
2.549510 
0.000000 
0.000000 
1.581139 
1.581139 
0.500000 
0.500000 
2.061553 
2.061553 
0.500000 
0.500000 
1.581139 
1.581139 
2.061553 
2.061553 
0.000000 
0.000000 
1.581139 
1.581139 
0.000000 
0.000000 
1.000000 
1.000000 
0.707107 
0.707107 
2.549510 
2.549510 
0.000000 
0.000000 
1.581139 
1.581139 
4.609772 
4.609772 
2.061553 
2.061553 
0.707107 
0.707107 
1.581139 
1.581139 
2.061553 
2.061553 
1.802776 
1.802776 
1.118034 
1.118034 
0.000000 
0.000000 
1.000000 
1.000000 
0.707107 
0.707107 
2.549510 
2.549510 
0.000000 
0.000000 
1.581139 
1.581139 
0.500000 
0.500000 
2.061553 
2.061553 
1.118034 
1.118034 
1.581139 
1.581139 
2.061553 
2.061553 
2.828427 
2.828427 
1.000000 
1.000000 
0.000000 
0.000000 
1.000000 
1.000000 
0.707107 
0.707107 
2.549510 
2.549510 
0.000000 
0.000000 
1.581139 
1.581139 
1.000000 
1.000000 
2.061553 
2.061553 
1.500000 
1.500000 
3.535534 
3.535534 
2.061553 
2.061553 
0.000000 
0.000000 
2.549510 
2.549510 
0.500000 
0.500000 
0.000000 
0.000000 
1.000000 
1.000000 
0.707107 
0.707107 
2.549510 
2.549510 
0.000000 
0.000000 
1.581139 
1.581139 
0.707107 
0.707107 
2.061553 
2.061553 
0.500000 
0.500000 
1.118034 
1.118034 
2.061553 
2.061553 
1.802776 
1.802776 
2.061553 
2.061553 
0.500000 
0.500000 
0.000000 
0.000000 
1.000000 
1.000000 
0.707107 
0.707107 
2.549510 
2.549510 
0.000000 
0.000000 
1.581139 
1.581139 
0.707107 
0.707107 
2.061553 
2.061553 
0.500000 
0.500000 
0.500000 
0.500000 
2.061553 
2.061553 
0.000000 
0.000000 
0.000000 
0.000000 
1.000000 
1.000000 
6.020797 
6.020797 
0.500000 
0.500000 
0.000000 
0.000000 
1.000000 
1.000000 
0.707107 
0.707107 
2.549510 
2.549510 
1.581139 
1.581139 
0.500000 
0.500000 
2.061553 
2.061553 
0.000000 
0.000000 
1.000000 
1.000000 
1.581139 
1.581139 
0.000000 
0.000000 
2.000000 
2.000000 
2.500000 
2.500000 
0.500000 
0.500000 
0.000000 
0.000000 
1.000000 
1.000000 
0.707107 
0.707107 
2.549510 
2.549510 
1.581139 
1.581139 
0.500000 
0.500000 
2.061553 
2.061553 
0.000000 
0.000000 
1.500000 
1.500000 
1.118034 
1.118034 
4.123106 
4.123106 
1.500000 
1.500000 
1.802776 
1.802776 
0.500000 
0.500000 
0.000000 
0.000000 
1.000000 
1.000000 
2.549510 
2.549510 
1.581139 
1.581139 
1.000000 
1.000000 
2.061553 
2.061553 
0.707107 
0.707107 
2.236068 
2.236068 
0.707107 
0.707107 
1.500000 
1.500000 
0.707107 
0.707107 
2.236068 
2.236068 
0.500000 
0.500000 
0.000000 
0.000000 
1.000000 
1.000000 
2.549510 
2.549510 
1.581139 
1.581139 
0.500000 
0.500000 
2.061553 
2.061553 
0.000000 
0.000000 
1.118034 
1.118034 
4.000000 
4.000000 
1.500000 
1.500000 
3.535534 
3.535534 
1.802776 
1.802776 
0.500000 
0.500000 
0.000000 
0.000000 
1.000000 
1.000000 
2.549510 
2.549510 
1.581139 
1.581139 
0.000000 
0.000000 
0.000000 
0.000000 
1.500000 
1.500000 
0.000000 
0.000000 
0.500000 
0.500000 
1.500000 
1.500000 
0.500000 
0.500000 
1.118034 
1.118034 
0.500000 
0.500000 
0.000000 
0.000000 
1.000000 
1.000000 
2.549510 
2.549510 
1.581139 
1.581139 
0.000000 
0.000000 
0.707107 
0.707107 
2.061553 
2.061553 
1.118034 
1.118034 
0.500000 
0.500000 
1.500000 
1.500000 
0.500000 
0.500000 
4.609772 
4.609772 
0.500000 
0.500000 
0.000000 
0.000000 
1.000000 
1.000000 
2.549510 
2.549510 
0.000000 
0.000000 
0.500000 
0.500000 
1.000000 
1.000000 
3.000000 
3.000000 
0.500000 
0.500000 
1.500000 
1.500000 
1.581139 
1.581139 
1.500000 
1.500000 
0.500000 
0.500000 
0.000000 
0.000000 
1.000000 
1.000000 
2.549510 
2.549510 
0.500000 
0.500000 
0.000000 
0.000000 
0.707107 
0.707107 
3.041381 
3.041381 
0.500000 
0.500000 
1.500000 
1.500000 
0.500000 
0.500000 
1.000000 
1.000000 
0.500000 
0.500000 
1.000000 
1.000000 
0.707107 
0.707107 
0.000000 
0.000000 
3.535534 
3.535534 
0.000000 
0.000000 
3.041381 
3.041381 
0.500000 
0.500000 
1.500000 
1.500000 
1.118034 
1.118034 
2.061553 
2.061553 
0.500000 
0.500000 
0.500000 
0.500000 
0.500000 
0.500000 
1.118034 
1.118034 
0.000000 
0.000000 
2.061553 
2.061553 
3.041381 
3.041381 
0.500000 
0.500000 
1.500000 
1.500000 
1.500000 
1.500000 
1.581139 
1.581139 
0.500000 
0.500000 
1.000000 
1.000000 
0.500000 
0.500000 
2.000000 
2.000000 
0.000000 
0.000000 
3.162278 
3.162278 
3.041381 
3.041381 
0.500000 
0.500000 
1.500000 
1.500000 
1.118034 
1.118034 
1.581139 
1.581139 
0.500000 
0.500000 
0.000000 
0.000000 
0.500000 
0.500000 
1.581139 
1.581139 
0.000000 
0.000000 
0.000000 
0.000000 
2.000000 
2.000000 
3.041381 
3.041381 
0.500000 
0.500000 
1.500000 
1.500000 
1.000000 
1.000000 
1.581139 
1.581139 
0.500000 
0.500000 
1.000000 
1.000000 
1.118034 
1.118034 
1.000000 
1.000000 
