0.000000 
0.000000 
17.117243 
17.117243 
0.000000 
0.000000 
7.905694 
7.905694 
1.802776 
1.802776 
1.000000 
1.000000 
1.000000 
1.000000 
1.000000 
1.000000 
1.000000 
1.000000 
1.000000 
1.000000 
1.000000 
1.000000 
1.000000 
1.000000 
1.000000 
1.000000 
1.000000 
1.000000 
1.000000 
1.000000 
0.000000 
0.000000 
1.000000 
1.000000 
0.000000 
0.000000 
0.000000 
0.000000 
1.000000 
1.000000 
6.041523 
6.041523 
0.000000 
0.000000 
1.000000 
1.000000 
5.522681 
5.522681 
0.000000 
0.000000 
1.000000 
1.000000 
3.041381 
3.041381 
0.000000 
0.000000 
1.000000 
1.000000 
0.000000 
0.000000 
0.000000 
0.000000 
1.000000 
1.000000 
0.000000 
0.000000 
2.692582 
2.692582 
1.118034 
1.118034 
1.500000 
1.500000 
0.000000 
0.000000 
2.692582 
2.692582 
1.118034 
1.118034 
1.500000 
1.500000 
0.000000 
0.000000 
2.692582 
2.692582 
1.118034 
1.118034 
4.609772 
4.609772 
0.000000 
0.000000 
2.692582 
2.692582 
1.118034 
1.118034 
4.743416 
4.743416 
0.000000 
0.000000 
2.692582 
2.692582 
1.118034 
1.118034 
4.743416 
4.743416 
0.000000 
0.000000 
2.692582 
2.692582 
1.118034 
1.118034 
4.743416 
4.743416 
0.000000 
0.000000 
2.692582 
2.692582 
1.118034 
1.118034 
4.743416 
4.743416 
0.000000 
0.000000 
2.692582 
2.692582 
1.118034 
1.118034 
4.743416 
4.743416 
0.000000 
0.000000 
2.692582 
2.692582 
1.118034 
1.118034 
4.743416 
4.743416 
0.000000 
0.000000 
2.692582 
2.692582 
1.118034 
1.118034 
4.743416 
4.743416 
2.692582 
2.692582 
1.118034 
1.118034 
4.743416 
4.743416 
0.000000 
0.000000 
2.692582 
2.692582 
1.118034 
1.118034 
4.743416 
4.743416 
23.690715 
23.690715 
2.692582 
2.692582 
1.118034 
1.118034 
4.743416 
4.743416 
5.700877 
5.700877 
2.692582 
2.692582 
1.118034 
1.118034 
4.743416 
4.743416 
20.597330 
20.597330 
2.692582 
2.692582 
1.118034 
1.118034 
4.743416 
4.743416 
0.000000 
0.000000 
8.602325 
8.602325 
2.692582 
2.692582 
4.743416 
4.743416 
0.000000 
0.000000 
3.201562 
3.201562 
2.915476 
2.915476 
4.743416 
4.743416 
