0.000000 
0.000000 
0.000000 
0.000000 
0.000000 
0.000000 
0.000000 
0.000000 
0.000000 
0.000000 
0.000000 
0.000000 
0.000000 
0.000000 
1.118034 
1.118034 
2.549510 
2.549510 
1.118034 
1.118034 
0.500000 
0.500000 
3.162278 
3.162278 
0.000000 
0.000000 
0.500000 
0.500000 
1.118034 
1.118034 
0.707107 
0.707107 
1.000000 
1.000000 
3.535534 
3.535534 
0.000000 
0.000000 
0.500000 
0.500000 
0.707107 
0.707107 
4.527693 
4.527693 
0.500000 
0.500000 
0.000000 
0.000000 
3.535534 
3.535534 
0.000000 
0.000000 
0.500000 
0.500000 
0.707107 
0.707107 
0.500000 
0.500000 
0.707107 
0.707107 
2.549510 
2.549510 
3.535534 
3.535534 
0.000000 
0.000000 
0.000000 
0.000000 
0.707107 
0.707107 
0.000000 
0.000000 
2.549510 
2.549510 
3.535534 
3.535534 
3.535534 
3.535534 
0.000000 
0.000000 
0.000000 
0.000000 
0.500000 
0.500000 
1.000000 
1.000000 
0.500000 
0.500000 
3.535534 
3.535534 
3.535534 
3.535534 
0.000000 
0.000000 
0.500000 
0.500000 
0.000000 
0.000000 
0.500000 
0.500000 
1.000000 
1.000000 
3.535534 
3.535534 
3.535534 
3.535534 
0.000000 
0.000000 
0.500000 
0.500000 
1.118034 
1.118034 
0.500000 
0.500000 
1.000000 
1.000000 
3.535534 
3.535534 
3.535534 
3.535534 
0.000000 
0.000000 
1.118034 
1.118034 
1.000000 
1.000000 
0.500000 
0.500000 
0.500000 
0.500000 
0.000000 
0.000000 
3.535534 
3.535534 
3.535534 
3.535534 
0.000000 
0.000000 
0.500000 
0.500000 
0.000000 
0.000000 
0.500000 
0.500000 
0.500000 
0.500000 
0.000000 
0.000000 
0.500000 
0.500000 
3.535534 
3.535534 
3.535534 
3.535534 
0.000000 
0.000000 
0.707107 
0.707107 
0.000000 
0.000000 
0.500000 
0.500000 
0.500000 
0.500000 
2.000000 
2.000000 
1.118034 
1.118034 
3.535534 
3.535534 
3.535534 
3.535534 
0.000000 
0.000000 
0.500000 
0.500000 
1.000000 
1.000000 
0.500000 
0.500000 
0.500000 
0.500000 
2.549510 
2.549510 
1.118034 
1.118034 
3.535534 
3.535534 
3.535534 
3.535534 
0.000000 
0.000000 
0.500000 
0.500000 
0.500000 
0.500000 
0.500000 
0.500000 
0.500000 
0.500000 
0.000000 
0.000000 
2.000000 
2.000000 
1.118034 
1.118034 
3.535534 
3.535534 
3.535534 
3.535534 
0.000000 
0.000000 
0.500000 
0.500000 
1.000000 
1.000000 
0.500000 
0.500000 
0.500000 
0.500000 
0.500000 
0.500000 
2.000000 
2.000000 
1.118034 
1.118034 
3.535534 
3.535534 
3.535534 
3.535534 
0.500000 
0.500000 
1.000000 
1.000000 
0.500000 
0.500000 
0.500000 
0.500000 
1.118034 
1.118034 
2.000000 
2.000000 
1.118034 
1.118034 
3.535534 
3.535534 
3.535534 
3.535534 
0.500000 
0.500000 
1.500000 
1.500000 
0.500000 
0.500000 
0.500000 
0.500000 
0.707107 
0.707107 
2.000000 
2.000000 
1.118034 
1.118034 
3.535534 
3.535534 
3.535534 
3.535534 
0.500000 
0.500000 
1.118034 
1.118034 
0.500000 
0.500000 
0.500000 
0.500000 
0.500000 
0.500000 
2.000000 
2.000000 
1.118034 
1.118034 
3.535534 
3.535534 
0.500000 
0.500000 
0.000000 
0.000000 
0.500000 
0.500000 
0.500000 
0.500000 
0.707107 
0.707107 
2.000000 
2.000000 
1.118034 
1.118034 
3.535534 
3.535534 
0.500000 
0.500000 
1.414214 
1.414214 
0.500000 
0.500000 
0.500000 
0.500000 
0.000000 
0.000000 
2.000000 
2.000000 
1.118034 
1.118034 
3.535534 
3.535534 
0.500000 
0.500000 
2.121320 
2.121320 
0.500000 
0.500000 
0.500000 
0.500000 
0.500000 
0.500000 
2.000000 
2.000000 
1.118034 
1.118034 
0.500000 
0.500000 
2.915476 
2.915476 
0.500000 
0.500000 
0.500000 
0.500000 
0.000000 
0.000000 
0.500000 
0.500000 
3.640055 
3.640055 
1.118034 
1.118034 
7.516648 
7.516648 
2.061553 
2.061553 
0.500000 
0.500000 
0.000000 
0.000000 
1.000000 
1.000000 
0.000000 
0.000000 
3.640055 
3.640055 
1.118034 
1.118034 
0.500000 
0.500000 
2.061553 
2.061553 
0.500000 
0.500000 
0.000000 
0.000000 
0.500000 
0.500000 
1.000000 
1.000000 
2.549510 
2.549510 
3.640055 
3.640055 
1.118034 
1.118034 
0.500000 
0.500000 
2.061553 
2.061553 
1.000000 
1.000000 
1.000000 
1.000000 
1.000000 
1.000000 
0.000000 
0.000000 
3.640055 
3.640055 
1.118034 
1.118034 
1.581139 
1.581139 
2.061553 
2.061553 
1.118034 
1.118034 
2.000000 
2.000000 
1.000000 
1.000000 
0.707107 
0.707107 
3.640055 
3.640055 
1.118034 
1.118034 
1.000000 
1.000000 
2.061553 
2.061553 
1.000000 
1.000000 
1.581139 
1.581139 
1.000000 
1.000000 
0.500000 
0.500000 
3.640055 
3.640055 
1.118034 
1.118034 
1.581139 
1.581139 
2.061553 
2.061553 
1.802776 
1.802776 
2.061553 
2.061553 
1.000000 
1.000000 
0.500000 
0.500000 
3.640055 
3.640055 
1.118034 
1.118034 
2.061553 
2.061553 
0.000000 
0.000000 
0.000000 
0.000000 
0.500000 
0.500000 
1.500000 
1.500000 
1.000000 
1.000000 
1.000000 
1.000000 
3.640055 
3.640055 
1.118034 
1.118034 
2.061553 
2.061553 
0.000000 
0.000000 
2.549510 
2.549510 
1.802776 
1.802776 
1.118034 
1.118034 
1.000000 
1.000000 
0.500000 
0.500000 
3.640055 
3.640055 
1.118034 
1.118034 
2.061553 
2.061553 
0.000000 
0.000000 
3.041381 
3.041381 
2.236068 
2.236068 
5.099020 
5.099020 
1.000000 
1.000000 
0.707107 
0.707107 
3.640055 
3.640055 
1.118034 
1.118034 
2.061553 
2.061553 
0.000000 
0.000000 
3.041381 
3.041381 
1.802776 
1.802776 
1.414214 
1.414214 
1.000000 
1.000000 
2.500000 
2.500000 
3.640055 
3.640055 
1.118034 
1.118034 
2.061553 
2.061553 
0.000000 
0.000000 
5.000000 
5.000000 
0.500000 
0.500000 
1.118034 
1.118034 
1.000000 
1.000000 
0.500000 
0.500000 
3.640055 
3.640055 
1.118034 
1.118034 
2.061553 
2.061553 
0.000000 
0.000000 
3.000000 
3.000000 
1.000000 
1.000000 
1.000000 
1.000000 
1.000000 
1.000000 
1.581139 
1.581139 
3.640055 
3.640055 
1.118034 
1.118034 
2.061553 
2.061553 
0.000000 
0.000000 
0.000000 
0.000000 
3.041381 
3.041381 
0.500000 
0.500000 
0.500000 
0.500000 
1.000000 
1.000000 
1.414214 
1.414214 
3.640055 
3.640055 
1.118034 
1.118034 
2.061553 
2.061553 
0.500000 
0.500000 
0.000000 
0.000000 
2.915476 
2.915476 
1.000000 
1.000000 
0.707107 
0.707107 
1.000000 
1.000000 
2.500000 
2.500000 
3.640055 
3.640055 
1.118034 
1.118034 
2.061553 
2.061553 
0.000000 
0.000000 
0.500000 
0.500000 
0.000000 
0.000000 
2.915476 
2.915476 
0.707107 
0.707107 
1.581139 
1.581139 
1.000000 
1.000000 
1.500000 
1.500000 
1.118034 
1.118034 
3.535534 
3.535534 
0.500000 
0.500000 
0.000000 
0.000000 
2.915476 
2.915476 
0.000000 
0.000000 
1.000000 
1.000000 
1.500000 
1.500000 
7.516648 
7.516648 
