0.000000 
0.000000 
0.000000 
0.000000 
0.000000 
0.000000 
0.000000 
0.000000 
0.000000 
0.000000 
1.802776 
1.802776 
2.061553 
2.061553 
0.707107 
0.707107 
0.000000 
0.000000 
0.000000 
0.000000 
0.000000 
0.000000 
0.707107 
0.707107 
1.802776 
1.802776 
9.000000 
9.000000 
0.500000 
0.500000 
0.000000 
0.000000 
0.500000 
0.500000 
0.000000 
0.000000 
0.000000 
0.000000 
0.500000 
0.500000 
1.802776 
1.802776 
1.500000 
1.500000 
0.707107 
0.707107 
0.000000 
0.000000 
0.000000 
0.000000 
0.000000 
0.000000 
0.000000 
0.000000 
0.000000 
0.000000 
0.000000 
0.000000 
0.000000 
0.000000 
0.500000 
0.500000 
1.802776 
1.802776 
1.581139 
1.581139 
0.500000 
0.500000 
0.000000 
0.000000 
1.802776 
1.802776 
1.000000 
1.000000 
0.000000 
0.000000 
0.000000 
0.000000 
0.500000 
0.500000 
0.000000 
0.000000 
0.000000 
0.000000 
0.500000 
0.500000 
1.802776 
1.802776 
2.500000 
2.500000 
1.500000 
1.500000 
0.000000 
0.000000 
2.000000 
2.000000 
1.581139 
1.581139 
3.535534 
3.535534 
1.118034 
1.118034 
0.000000 
0.000000 
0.500000 
0.500000 
0.000000 
0.000000 
0.000000 
0.000000 
0.500000 
0.500000 
1.802776 
1.802776 
4.272002 
4.272002 
1.581139 
1.581139 
0.000000 
0.000000 
0.000000 
0.000000 
0.000000 
0.000000 
2.000000 
2.000000 
1.581139 
1.581139 
0.707107 
0.707107 
1.118034 
1.118034 
0.000000 
0.000000 
2.061553 
2.061553 
0.000000 
0.000000 
0.000000 
0.000000 
0.500000 
0.500000 
1.802776 
1.802776 
4.272002 
4.272002 
1.581139 
1.581139 
0.000000 
0.000000 
1.802776 
1.802776 
2.236068 
2.236068 
0.000000 
0.000000 
2.000000 
2.000000 
1.581139 
1.581139 
1.000000 
1.000000 
1.118034 
1.118034 
0.000000 
0.000000 
2.061553 
2.061553 
0.000000 
0.000000 
0.000000 
0.000000 
0.500000 
0.500000 
1.802776 
1.802776 
4.272002 
4.272002 
1.802776 
1.802776 
0.000000 
0.000000 
0.000000 
0.000000 
1.000000 
1.000000 
2.236068 
2.236068 
0.000000 
0.000000 
2.000000 
2.000000 
1.581139 
1.581139 
0.707107 
0.707107 
1.118034 
1.118034 
0.000000 
0.000000 
2.061553 
2.061553 
0.000000 
0.000000 
0.000000 
0.000000 
0.500000 
0.500000 
1.802776 
1.802776 
4.272002 
4.272002 
1.500000 
1.500000 
0.000000 
0.000000 
1.118034 
1.118034 
0.000000 
0.000000 
1.000000 
1.000000 
3.162278 
3.162278 
0.000000 
0.000000 
2.000000 
2.000000 
1.581139 
1.581139 
1.500000 
1.500000 
1.118034 
1.118034 
0.000000 
0.000000 
2.061553 
2.061553 
0.000000 
0.000000 
0.000000 
0.000000 
0.500000 
0.500000 
1.802776 
1.802776 
4.272002 
4.272002 
5.500000 
5.500000 
0.000000 
0.000000 
1.000000 
1.000000 
1.118034 
1.118034 
0.000000 
0.000000 
1.000000 
1.000000 
5.590170 
5.590170 
0.000000 
0.000000 
2.000000 
2.000000 
1.581139 
1.581139 
2.236068 
2.236068 
1.118034 
1.118034 
0.000000 
0.000000 
2.061553 
2.061553 
0.000000 
0.000000 
0.000000 
0.000000 
0.500000 
0.500000 
1.802776 
1.802776 
4.272002 
4.272002 
1.118034 
1.118034 
1.118034 
1.118034 
1.581139 
1.581139 
1.118034 
1.118034 
0.000000 
0.000000 
1.000000 
1.000000 
1.414214 
1.414214 
0.000000 
0.000000 
2.000000 
2.000000 
1.581139 
1.581139 
0.707107 
0.707107 
1.118034 
1.118034 
0.000000 
0.000000 
2.061553 
2.061553 
0.000000 
0.000000 
0.000000 
0.000000 
0.500000 
0.500000 
1.802776 
1.802776 
4.272002 
4.272002 
2.500000 
2.500000 
0.000000 
0.000000 
5.000000 
5.000000 
1.581139 
1.581139 
1.118034 
1.118034 
0.000000 
0.000000 
1.000000 
1.000000 
1.802776 
1.802776 
0.000000 
0.000000 
2.000000 
2.000000 
1.581139 
1.581139 
0.707107 
0.707107 
1.118034 
1.118034 
0.000000 
0.000000 
2.061553 
2.061553 
0.000000 
0.000000 
0.000000 
0.000000 
0.500000 
0.500000 
1.802776 
1.802776 
4.272002 
4.272002 
2.549510 
2.549510 
0.000000 
0.000000 
1.000000 
1.000000 
1.581139 
1.581139 
1.581139 
1.581139 
1.118034 
1.118034 
0.000000 
0.000000 
1.000000 
1.000000 
2.500000 
2.500000 
0.000000 
0.000000 
2.000000 
2.000000 
1.581139 
1.581139 
1.118034 
1.118034 
1.118034 
1.118034 
0.000000 
0.000000 
2.061553 
2.061553 
0.000000 
0.000000 
0.000000 
0.000000 
0.500000 
0.500000 
1.802776 
1.802776 
4.272002 
4.272002 
2.236068 
2.236068 
0.000000 
0.000000 
0.707107 
0.707107 
1.000000 
1.000000 
1.581139 
1.581139 
1.581139 
1.581139 
1.118034 
1.118034 
0.000000 
0.000000 
1.000000 
1.000000 
2.500000 
2.500000 
0.000000 
0.000000 
2.000000 
2.000000 
1.581139 
1.581139 
0.500000 
0.500000 
1.118034 
1.118034 
0.000000 
0.000000 
2.061553 
2.061553 
4.123106 
4.123106 
0.000000 
0.000000 
0.500000 
0.500000 
1.802776 
1.802776 
4.272002 
4.272002 
0.707107 
0.707107 
1.118034 
1.118034 
0.000000 
0.000000 
1.000000 
1.000000 
1.581139 
1.581139 
1.581139 
1.581139 
1.118034 
1.118034 
0.000000 
0.000000 
1.000000 
1.000000 
1.802776 
1.802776 
0.000000 
0.000000 
2.000000 
2.000000 
1.581139 
1.581139 
0.500000 
0.500000 
1.118034 
1.118034 
0.000000 
0.000000 
2.061553 
2.061553 
0.500000 
0.500000 
0.500000 
0.500000 
4.272002 
4.272002 
5.500000 
5.500000 
1.802776 
1.802776 
4.031129 
4.031129 
1.000000 
1.000000 
1.581139 
1.581139 
1.581139 
1.581139 
1.118034 
1.118034 
0.000000 
0.000000 
1.000000 
1.000000 
3.000000 
3.000000 
0.000000 
0.000000 
2.000000 
2.000000 
1.581139 
1.581139 
0.500000 
0.500000 
1.118034 
1.118034 
0.000000 
0.000000 
2.061553 
2.061553 
0.500000 
0.500000 
0.500000 
0.500000 
4.272002 
4.272002 
2.061553 
2.061553 
2.692582 
2.692582 
1.118034 
1.118034 
1.000000 
1.000000 
1.581139 
1.581139 
1.581139 
1.581139 
1.118034 
1.118034 
0.000000 
0.000000 
1.000000 
1.000000 
0.707107 
0.707107 
0.000000 
0.000000 
2.000000 
2.000000 
1.581139 
1.581139 
0.500000 
0.500000 
1.118034 
1.118034 
2.061553 
2.061553 
0.500000 
0.500000 
4.272002 
4.272002 
2.000000 
2.000000 
3.041381 
3.041381 
1.581139 
1.581139 
1.000000 
1.000000 
1.581139 
1.581139 
1.581139 
1.581139 
1.118034 
1.118034 
0.000000 
0.000000 
1.000000 
1.000000 
0.500000 
0.500000 
0.000000 
0.000000 
2.000000 
2.000000 
1.581139 
1.581139 
0.500000 
0.500000 
1.118034 
1.118034 
2.061553 
2.061553 
0.500000 
0.500000 
4.272002 
4.272002 
1.581139 
1.581139 
2.061553 
2.061553 
1.581139 
1.581139 
1.000000 
1.000000 
1.581139 
1.581139 
1.581139 
1.581139 
1.118034 
1.118034 
0.000000 
0.000000 
1.000000 
1.000000 
0.500000 
0.500000 
0.000000 
0.000000 
2.000000 
2.000000 
1.581139 
1.581139 
0.500000 
0.500000 
1.118034 
1.118034 
2.061553 
2.061553 
0.500000 
0.500000 
4.272002 
4.272002 
1.500000 
1.500000 
0.707107 
0.707107 
1.581139 
1.581139 
1.000000 
1.000000 
1.581139 
1.581139 
1.581139 
1.581139 
1.118034 
1.118034 
0.000000 
0.000000 
1.000000 
1.000000 
1.118034 
1.118034 
0.500000 
0.500000 
2.061553 
2.061553 
0.500000 
0.500000 
1.118034 
1.118034 
0.707107 
0.707107 
1.581139 
1.581139 
1.000000 
1.000000 
1.581139 
1.581139 
1.581139 
1.581139 
1.118034 
1.118034 
0.000000 
0.000000 
1.000000 
1.000000 
1.000000 
1.000000 
0.500000 
0.500000 
0.500000 
0.500000 
0.000000 
0.000000 
0.500000 
0.500000 
1.581139 
1.581139 
1.000000 
1.000000 
1.581139 
1.581139 
1.581139 
1.581139 
1.118034 
1.118034 
1.000000 
1.000000 
2.500000 
2.500000 
0.500000 
0.500000 
0.500000 
0.500000 
1.414214 
1.414214 
4.031129 
4.031129 
1.581139 
1.581139 
1.000000 
1.000000 
1.581139 
1.581139 
1.581139 
1.581139 
1.118034 
1.118034 
2.000000 
2.000000 
0.500000 
0.500000 
0.500000 
0.500000 
2.000000 
2.000000 
0.000000 
0.000000 
3.640055 
3.640055 
1.581139 
1.581139 
1.000000 
1.000000 
1.581139 
1.581139 
1.581139 
1.581139 
1.000000 
1.000000 
0.500000 
0.500000 
0.500000 
0.500000 
3.807887 
3.807887 
0.000000 
0.000000 
0.000000 
0.000000 
3.640055 
3.640055 
1.581139 
1.581139 
1.000000 
1.000000 
1.581139 
1.581139 
1.581139 
1.581139 
1.000000 
1.000000 
0.500000 
0.500000 
0.500000 
0.500000 
2.000000 
2.000000 
0.000000 
0.000000 
0.000000 
0.000000 
1.500000 
1.500000 
0.000000 
0.000000 
3.640055 
3.640055 
1.581139 
1.581139 
1.000000 
1.000000 
1.581139 
1.581139 
1.000000 
1.000000 
0.500000 
0.500000 
0.500000 
0.500000 
2.000000 
2.000000 
3.640055 
3.640055 
3.041381 
3.041381 
2.549510 
2.549510 
0.000000 
0.000000 
3.640055 
3.640055 
1.581139 
1.581139 
1.000000 
1.000000 
1.581139 
1.581139 
1.000000 
1.000000 
0.500000 
0.500000 
0.500000 
0.500000 
2.000000 
2.000000 
0.000000 
0.000000 
0.000000 
0.000000 
0.707107 
0.707107 
3.041381 
3.041381 
1.581139 
1.581139 
0.000000 
0.000000 
3.640055 
3.640055 
1.581139 
1.581139 
1.000000 
1.000000 
0.500000 
0.500000 
0.500000 
0.500000 
2.000000 
2.000000 
3.605551 
3.605551 
3.041381 
3.041381 
0.707107 
0.707107 
3.041381 
3.041381 
1.000000 
1.000000 
0.000000 
0.000000 
3.640055 
3.640055 
1.581139 
1.581139 
1.000000 
1.000000 
0.500000 
0.500000 
2.000000 
2.000000 
0.000000 
0.000000 
0.000000 
0.000000 
3.605551 
3.605551 
3.041381 
3.041381 
0.707107 
0.707107 
3.041381 
3.041381 
0.500000 
0.500000 
0.000000 
0.000000 
3.640055 
3.640055 
1.581139 
1.581139 
1.000000 
1.000000 
2.000000 
2.000000 
1.581139 
1.581139 
0.000000 
0.000000 
3.605551 
3.605551 
3.041381 
3.041381 
0.707107 
0.707107 
3.041381 
3.041381 
1.000000 
1.000000 
0.000000 
0.000000 
3.640055 
3.640055 
1.581139 
1.581139 
1.000000 
1.000000 
2.000000 
2.000000 
0.000000 
0.000000 
2.061553 
2.061553 
0.000000 
0.000000 
3.605551 
3.605551 
3.041381 
3.041381 
0.707107 
0.707107 
3.041381 
3.041381 
0.000000 
0.000000 
0.000000 
0.000000 
3.640055 
3.640055 
1.581139 
1.581139 
1.000000 
1.000000 
2.000000 
2.000000 
0.000000 
0.000000 
0.000000 
0.000000 
3.807887 
3.807887 
2.061553 
2.061553 
0.000000 
0.000000 
3.605551 
3.605551 
3.041381 
3.041381 
0.707107 
0.707107 
3.041381 
3.041381 
0.000000 
0.000000 
0.000000 
0.000000 
3.640055 
3.640055 
1.000000 
1.000000 
2.000000 
2.000000 
3.041381 
3.041381 
0.000000 
0.000000 
2.236068 
2.236068 
2.061553 
2.061553 
0.000000 
0.000000 
3.605551 
3.605551 
3.041381 
3.041381 
0.707107 
0.707107 
3.041381 
3.041381 
0.000000 
0.000000 
0.000000 
0.000000 
3.640055 
3.640055 
1.000000 
1.000000 
2.000000 
2.000000 
2.061553 
2.061553 
0.000000 
0.000000 
4.924429 
4.924429 
2.061553 
2.061553 
0.000000 
0.000000 
3.605551 
3.605551 
3.041381 
3.041381 
0.707107 
0.707107 
3.041381 
3.041381 
0.000000 
0.000000 
0.000000 
0.000000 
3.640055 
3.640055 
1.000000 
1.000000 
2.000000 
2.000000 
5.522681 
5.522681 
0.000000 
0.000000 
0.500000 
0.500000 
2.061553 
2.061553 
0.000000 
0.000000 
3.605551 
3.605551 
3.041381 
3.041381 
0.707107 
0.707107 
3.041381 
3.041381 
0.000000 
0.000000 
0.000000 
0.000000 
3.640055 
3.640055 
1.000000 
1.000000 
2.000000 
2.000000 
0.000000 
0.000000 
0.500000 
0.500000 
0.000000 
0.000000 
1.000000 
1.000000 
2.061553 
2.061553 
0.000000 
0.000000 
3.605551 
3.605551 
3.041381 
3.041381 
0.707107 
0.707107 
3.041381 
3.041381 
0.000000 
0.000000 
0.000000 
0.000000 
3.640055 
3.640055 
1.000000 
1.000000 
2.000000 
2.000000 
