0.000000 
0.000000 
0.000000 
0.000000 
0.000000 
0.000000 
0.000000 
0.000000 
3.000000 
3.000000 
0.500000 
0.500000 
1.500000 
1.500000 
0.500000 
0.500000 
0.000000 
0.000000 
7.158911 
7.158911 
0.500000 
0.500000 
1.118034 
1.118034 
0.500000 
0.500000 
5.590170 
5.590170 
7.158911 
7.158911 
1.118034 
1.118034 
1.000000 
1.000000 
1.500000 
1.500000 
2.915476 
2.915476 
7.158911 
7.158911 
1.118034 
1.118034 
1.581139 
1.581139 
1.118034 
1.118034 
0.000000 
0.000000 
2.915476 
2.915476 
7.158911 
7.158911 
1.581139 
1.581139 
1.500000 
1.500000 
1.500000 
1.500000 
3.535534 
3.535534 
2.915476 
2.915476 
7.158911 
7.158911 
0.707107 
0.707107 
0.500000 
0.500000 
0.500000 
0.500000 
3.162278 
3.162278 
2.915476 
2.915476 
7.158911 
7.158911 
1.118034 
1.118034 
3.000000 
3.000000 
1.000000 
1.000000 
0.000000 
0.000000 
3.162278 
3.162278 
2.915476 
2.915476 
7.158911 
7.158911 
0.500000 
0.500000 
1.118034 
1.118034 
0.500000 
0.500000 
3.000000 
3.000000 
3.162278 
3.162278 
2.915476 
2.915476 
7.158911 
7.158911 
1.118034 
1.118034 
0.500000 
0.500000 
4.272002 
4.272002 
0.000000 
0.000000 
3.000000 
3.000000 
3.162278 
3.162278 
2.915476 
2.915476 
7.158911 
7.158911 
1.414214 
1.414214 
3.162278 
3.162278 
0.000000 
0.000000 
0.000000 
0.000000 
2.236068 
2.236068 
3.000000 
3.000000 
3.162278 
3.162278 
2.915476 
2.915476 
7.158911 
7.158911 
1.414214 
1.414214 
3.354102 
3.354102 
5.522681 
5.522681 
0.707107 
0.707107 
3.807887 
3.807887 
3.000000 
3.000000 
3.162278 
3.162278 
2.915476 
2.915476 
7.158911 
7.158911 
1.414214 
1.414214 
2.549510 
2.549510 
1.118034 
1.118034 
0.000000 
0.000000 
2.061553 
2.061553 
3.807887 
3.807887 
3.000000 
3.000000 
3.162278 
3.162278 
2.915476 
2.915476 
7.158911 
7.158911 
1.414214 
1.414214 
2.692582 
2.692582 
2.000000 
2.000000 
0.000000 
0.000000 
3.162278 
3.162278 
2.500000 
2.500000 
3.807887 
3.807887 
3.000000 
3.000000 
3.162278 
3.162278 
2.915476 
2.915476 
7.158911 
7.158911 
1.414214 
1.414214 
1.802776 
1.802776 
2.500000 
2.500000 
1.000000 
1.000000 
3.640055 
3.640055 
2.500000 
2.500000 
3.807887 
3.807887 
3.000000 
3.000000 
3.162278 
3.162278 
2.915476 
2.915476 
7.158911 
7.158911 
1.414214 
1.414214 
5.024938 
5.024938 
4.716991 
4.716991 
0.000000 
0.000000 
5.024938 
5.024938 
3.640055 
3.640055 
1.118034 
1.118034 
3.807887 
3.807887 
3.000000 
3.000000 
3.162278 
3.162278 
2.915476 
2.915476 
7.158911 
7.158911 
1.414214 
1.414214 
2.061553 
2.061553 
7.000000 
7.000000 
0.000000 
0.000000 
3.640055 
3.640055 
3.041381 
3.041381 
3.640055 
3.640055 
1.118034 
1.118034 
3.807887 
3.807887 
3.000000 
3.000000 
3.162278 
3.162278 
2.915476 
2.915476 
1.414214 
1.414214 
2.061553 
2.061553 
1.000000 
1.000000 
0.500000 
0.500000 
3.535534 
3.535534 
2.549510 
2.549510 
3.640055 
3.640055 
1.118034 
1.118034 
3.807887 
3.807887 
3.000000 
3.000000 
3.162278 
3.162278 
7.762087 
7.762087 
1.414214 
1.414214 
1.118034 
1.118034 
1.000000 
1.000000 
0.000000 
0.000000 
0.500000 
0.500000 
3.535534 
3.535534 
1.802776 
1.802776 
3.640055 
3.640055 
1.118034 
1.118034 
3.807887 
3.807887 
3.000000 
3.000000 
3.162278 
3.162278 
0.707107 
0.707107 
1.414214 
1.414214 
1.581139 
1.581139 
1.000000 
1.000000 
1.581139 
1.581139 
0.500000 
0.500000 
3.535534 
3.535534 
1.581139 
1.581139 
3.640055 
3.640055 
1.118034 
1.118034 
3.807887 
3.807887 
3.000000 
3.000000 
3.162278 
3.162278 
0.707107 
0.707107 
1.414214 
1.414214 
0.500000 
0.500000 
1.000000 
1.000000 
1.414214 
1.414214 
0.000000 
0.000000 
3.535534 
3.535534 
1.118034 
1.118034 
3.640055 
3.640055 
1.118034 
1.118034 
3.807887 
3.807887 
3.000000 
3.000000 
3.162278 
3.162278 
0.500000 
0.500000 
1.414214 
1.414214 
0.500000 
0.500000 
1.000000 
1.000000 
0.500000 
0.500000 
0.707107 
0.707107 
3.535534 
3.535534 
3.535534 
3.535534 
3.640055 
3.640055 
1.118034 
1.118034 
3.807887 
3.807887 
3.000000 
3.000000 
0.000000 
0.000000 
1.414214 
1.414214 
0.500000 
0.500000 
1.000000 
1.000000 
0.707107 
0.707107 
0.500000 
0.500000 
3.535534 
3.535534 
0.500000 
0.500000 
3.640055 
3.640055 
1.118034 
1.118034 
3.807887 
3.807887 
3.000000 
3.000000 
0.707107 
0.707107 
1.414214 
1.414214 
0.500000 
0.500000 
1.000000 
1.000000 
0.000000 
0.000000 
0.707107 
0.707107 
3.535534 
3.535534 
1.500000 
1.500000 
3.640055 
3.640055 
1.118034 
1.118034 
3.807887 
3.807887 
3.500000 
3.500000 
1.414214 
1.414214 
4.031129 
4.031129 
1.000000 
1.000000 
0.500000 
0.500000 
4.743416 
4.743416 
3.535534 
3.535534 
1.118034 
1.118034 
3.640055 
3.640055 
1.118034 
1.118034 
3.807887 
3.807887 
0.500000 
0.500000 
1.000000 
1.000000 
1.000000 
1.000000 
1.414214 
1.414214 
1.500000 
1.500000 
3.535534 
3.535534 
3.640055 
3.640055 
3.640055 
3.640055 
1.118034 
1.118034 
3.807887 
3.807887 
1.000000 
1.000000 
2.549510 
2.549510 
1.000000 
1.000000 
1.414214 
1.414214 
3.000000 
3.000000 
0.500000 
0.500000 
1.118034 
1.118034 
3.640055 
3.640055 
1.118034 
1.118034 
1.000000 
1.000000 
2.500000 
2.500000 
1.000000 
1.000000 
0.000000 
0.000000 
1.414214 
1.414214 
2.549510 
2.549510 
2.549510 
2.549510 
1.118034 
1.118034 
3.640055 
3.640055 
1.118034 
1.118034 
1.000000 
1.000000 
2.549510 
2.549510 
1.000000 
1.000000 
1.414214 
1.414214 
1.414214 
1.414214 
1.500000 
1.500000 
2.236068 
2.236068 
5.852350 
5.852350 
3.640055 
3.640055 
1.118034 
1.118034 
1.000000 
1.000000 
6.020797 
6.020797 
1.000000 
1.000000 
2.500000 
2.500000 
1.414214 
1.414214 
5.500000 
5.500000 
2.692582 
2.692582 
2.500000 
2.500000 
1.118034 
1.118034 
1.000000 
1.000000 
3.162278 
3.162278 
1.000000 
1.000000 
0.000000 
0.000000 
1.000000 
1.000000 
1.414214 
1.414214 
2.000000 
2.000000 
2.692582 
2.692582 
2.500000 
2.500000 
1.000000 
1.000000 
2.549510 
2.549510 
1.000000 
1.000000 
0.000000 
0.000000 
1.118034 
1.118034 
1.802776 
1.802776 
1.414214 
1.414214 
2.000000 
2.000000 
2.692582 
2.692582 
2.500000 
2.500000 
1.000000 
1.000000 
2.061553 
2.061553 
0.000000 
0.000000 
0.000000 
0.000000 
1.118034 
1.118034 
1.802776 
1.802776 
1.414214 
1.414214 
1.581139 
1.581139 
2.692582 
2.692582 
4.031129 
4.031129 
1.000000 
1.000000 
1.581139 
1.581139 
0.000000 
0.000000 
0.000000 
0.000000 
0.000000 
0.000000 
0.500000 
0.500000 
1.000000 
1.000000 
1.414214 
1.414214 
1.000000 
1.000000 
2.692582 
2.692582 
1.118034 
1.118034 
1.000000 
1.000000 
3.500000 
3.500000 
4.031129 
4.031129 
0.000000 
0.000000 
0.000000 
0.000000 
3.500000 
3.500000 
0.500000 
0.500000 
1.414214 
1.414214 
1.118034 
1.118034 
2.692582 
2.692582 
1.118034 
1.118034 
1.000000 
1.000000 
0.500000 
0.500000 
0.000000 
0.000000 
3.535534 
3.535534 
0.000000 
0.000000 
0.000000 
0.000000 
0.500000 
0.500000 
0.500000 
0.500000 
1.414214 
1.414214 
0.500000 
0.500000 
2.692582 
2.692582 
1.802776 
1.802776 
5.408327 
5.408327 
0.500000 
0.500000 
0.000000 
0.000000 
9.513149 
9.513149 
3.535534 
3.535534 
0.000000 
0.000000 
0.000000 
0.000000 
0.707107 
0.707107 
1.118034 
1.118034 
1.414214 
1.414214 
0.500000 
0.500000 
2.692582 
2.692582 
1.414214 
1.414214 
5.408327 
5.408327 
0.707107 
0.707107 
0.000000 
0.000000 
0.000000 
0.000000 
0.000000 
0.000000 
3.535534 
3.535534 
0.000000 
0.000000 
0.000000 
0.000000 
1.000000 
1.000000 
1.581139 
1.581139 
1.414214 
1.414214 
0.500000 
0.500000 
2.692582 
2.692582 
1.802776 
1.802776 
5.408327 
5.408327 
0.500000 
0.500000 
