0.000000 
0.000000 
0.000000 
0.000000 
0.000000 
0.000000 
0.000000 
0.000000 
0.000000 
0.000000 
0.000000 
0.000000 
0.000000 
0.000000 
0.000000 
0.000000 
0.000000 
0.000000 
0.500000 
0.500000 
0.500000 
0.500000 
0.707107 
0.707107 
1.581139 
1.581139 
1.118034 
1.118034 
5.590170 
5.590170 
2.061553 
2.061553 
3.162278 
3.162278 
5.522681 
5.522681 
0.000000 
0.000000 
2.549510 
2.549510 
1.118034 
1.118034 
5.852350 
5.852350 
4.123106 
4.123106 
1.118034 
1.118034 
1.802776 
1.802776 
0.707107 
0.707107 
0.500000 
0.500000 
1.414214 
1.414214 
5.024938 
5.024938 
0.500000 
0.500000 
0.707107 
0.707107 
1.118034 
1.118034 
1.000000 
1.000000 
0.500000 
0.500000 
2.692582 
2.692582 
1.500000 
1.500000 
0.500000 
0.500000 
1.118034 
1.118034 
1.000000 
1.000000 
0.500000 
0.500000 
0.707107 
0.707107 
1.118034 
1.118034 
2.061553 
2.061553 
1.118034 
1.118034 
2.061553 
2.061553 
1.000000 
1.000000 
0.000000 
0.000000 
2.000000 
2.000000 
0.000000 
0.000000 
1.118034 
1.118034 
0.500000 
0.500000 
0.707107 
0.707107 
0.000000 
0.000000 
1.118034 
1.118034 
0.000000 
0.000000 
2.061553 
2.061553 
1.000000 
1.000000 
0.000000 
0.000000 
1.118034 
1.118034 
1.802776 
1.802776 
3.640055 
3.640055 
0.707107 
0.707107 
0.707107 
0.707107 
0.707107 
0.707107 
1.118034 
1.118034 
0.707107 
0.707107 
2.061553 
2.061553 
0.707107 
0.707107 
1.000000 
1.000000 
1.118034 
1.118034 
0.000000 
0.000000 
1.802776 
1.802776 
2.061553 
2.061553 
0.000000 
0.000000 
0.707107 
0.707107 
1.118034 
1.118034 
1.118034 
1.118034 
4.123106 
4.123106 
2.061553 
2.061553 
0.707107 
0.707107 
1.118034 
1.118034 
2.000000 
2.000000 
1.118034 
1.118034 
2.000000 
2.000000 
2.061553 
2.061553 
0.000000 
0.000000 
0.707107 
0.707107 
0.500000 
0.500000 
1.118034 
1.118034 
0.000000 
0.000000 
2.061553 
2.061553 
0.707107 
0.707107 
0.000000 
0.000000 
0.707107 
0.707107 
1.118034 
1.118034 
2.549510 
2.549510 
2.000000 
2.000000 
0.000000 
0.000000 
0.707107 
0.707107 
1.118034 
1.118034 
1.118034 
1.118034 
0.500000 
0.500000 
2.061553 
2.061553 
0.707107 
0.707107 
1.118034 
1.118034 
0.707107 
0.707107 
1.581139 
1.581139 
0.500000 
0.500000 
8.062258 
8.062258 
0.000000 
0.000000 
0.707107 
0.707107 
1.118034 
1.118034 
1.118034 
1.118034 
1.000000 
1.000000 
2.061553 
2.061553 
0.707107 
0.707107 
0.500000 
0.500000 
1.000000 
1.000000 
3.640055 
3.640055 
4.527693 
4.527693 
1.802776 
1.802776 
0.000000 
0.000000 
0.707107 
0.707107 
1.802776 
1.802776 
1.118034 
1.118034 
0.707107 
0.707107 
2.061553 
2.061553 
0.707107 
0.707107 
4.123106 
4.123106 
3.535534 
3.535534 
0.000000 
0.000000 
0.000000 
0.000000 
3.535534 
3.535534 
1.118034 
1.118034 
1.581139 
1.581139 
0.000000 
0.000000 
0.707107 
0.707107 
1.802776 
1.802776 
1.118034 
1.118034 
1.581139 
1.581139 
2.061553 
2.061553 
0.707107 
0.707107 
1.118034 
1.118034 
2.061553 
2.061553 
0.500000 
0.500000 
2.549510 
2.549510 
2.500000 
2.500000 
1.802776 
1.802776 
1.000000 
1.000000 
0.000000 
0.000000 
0.707107 
0.707107 
1.802776 
1.802776 
1.118034 
1.118034 
2.236068 
2.236068 
2.061553 
2.061553 
0.707107 
0.707107 
2.000000 
2.000000 
5.590170 
5.590170 
0.500000 
0.500000 
4.472136 
4.472136 
4.949747 
4.949747 
0.500000 
0.500000 
1.581139 
1.581139 
0.000000 
0.000000 
0.707107 
0.707107 
1.802776 
1.802776 
1.118034 
1.118034 
2.236068 
2.236068 
2.061553 
2.061553 
0.707107 
0.707107 
2.500000 
2.500000 
2.500000 
2.500000 
0.000000 
0.000000 
0.500000 
0.500000 
1.802776 
1.802776 
2.500000 
2.500000 
1.000000 
1.000000 
4.000000 
4.000000 
0.000000 
0.000000 
0.707107 
0.707107 
1.802776 
1.802776 
1.118034 
1.118034 
2.236068 
2.236068 
2.061553 
2.061553 
0.707107 
0.707107 
2.549510 
2.549510 
3.041381 
3.041381 
0.000000 
0.000000 
1.500000 
1.500000 
2.549510 
2.549510 
1.802776 
1.802776 
1.581139 
1.581139 
0.500000 
0.500000 
2.500000 
2.500000 
0.000000 
0.000000 
0.707107 
0.707107 
1.802776 
1.802776 
1.118034 
1.118034 
2.236068 
2.236068 
2.061553 
2.061553 
0.707107 
0.707107 
1.414214 
1.414214 
3.041381 
3.041381 
0.000000 
0.000000 
0.000000 
0.000000 
2.061553 
2.061553 
1.500000 
1.500000 
0.707107 
0.707107 
1.802776 
1.802776 
1.581139 
1.581139 
6.576473 
6.576473 
1.414214 
1.414214 
0.000000 
0.000000 
0.707107 
0.707107 
1.802776 
1.802776 
1.118034 
1.118034 
2.236068 
2.236068 
2.061553 
2.061553 
0.707107 
0.707107 
5.024938 
5.024938 
3.041381 
3.041381 
0.000000 
0.000000 
0.000000 
0.000000 
0.000000 
0.000000 
0.000000 
0.000000 
3.000000 
3.000000 
2.061553 
2.061553 
1.500000 
1.500000 
0.500000 
0.500000 
1.802776 
1.802776 
1.581139 
1.581139 
2.500000 
2.500000 
1.000000 
1.000000 
0.000000 
0.000000 
1.802776 
1.802776 
1.118034 
1.118034 
2.236068 
2.236068 
2.061553 
2.061553 
0.707107 
0.707107 
1.000000 
1.000000 
3.041381 
3.041381 
0.000000 
0.000000 
4.000000 
4.000000 
4.272002 
4.272002 
2.061553 
2.061553 
0.000000 
0.000000 
3.000000 
3.000000 
2.061553 
2.061553 
1.500000 
1.500000 
0.707107 
0.707107 
1.802776 
1.802776 
1.581139 
1.581139 
2.500000 
2.500000 
1.118034 
1.118034 
0.000000 
0.000000 
1.802776 
1.802776 
1.118034 
1.118034 
2.236068 
2.236068 
0.707107 
0.707107 
1.581139 
1.581139 
3.041381 
3.041381 
1.118034 
1.118034 
0.707107 
0.707107 
1.118034 
1.118034 
1.802776 
1.802776 
0.000000 
0.000000 
1.118034 
1.118034 
2.061553 
2.061553 
1.500000 
1.500000 
1.118034 
1.118034 
1.802776 
1.802776 
1.581139 
1.581139 
2.500000 
2.500000 
6.000000 
6.000000 
0.000000 
0.000000 
1.802776 
1.802776 
2.236068 
2.236068 
0.707107 
0.707107 
1.000000 
1.000000 
3.041381 
3.041381 
3.535534 
3.535534 
1.581139 
1.581139 
1.000000 
1.000000 
1.000000 
1.000000 
0.000000 
0.000000 
2.000000 
2.000000 
2.061553 
2.061553 
1.500000 
1.500000 
1.118034 
1.118034 
1.802776 
1.802776 
1.581139 
1.581139 
2.500000 
2.500000 
1.000000 
1.000000 
0.000000 
0.000000 
1.802776 
1.802776 
2.236068 
2.236068 
2.000000 
2.000000 
3.041381 
3.041381 
0.000000 
0.000000 
1.000000 
1.000000 
1.500000 
1.500000 
0.000000 
0.000000 
1.000000 
1.000000 
0.000000 
0.000000 
0.500000 
0.500000 
2.061553 
2.061553 
1.500000 
1.500000 
1.118034 
1.118034 
1.802776 
1.802776 
1.581139 
1.581139 
2.500000 
2.500000 
2.236068 
2.236068 
1.802776 
1.802776 
2.236068 
2.236068 
1.118034 
1.118034 
3.041381 
3.041381 
0.000000 
0.000000 
0.707107 
0.707107 
1.581139 
1.581139 
0.707107 
0.707107 
0.500000 
0.500000 
1.500000 
1.500000 
0.000000 
0.000000 
0.500000 
0.500000 
2.061553 
2.061553 
1.500000 
1.500000 
1.118034 
1.118034 
1.802776 
1.802776 
1.581139 
1.581139 
2.500000 
2.500000 
3.000000 
3.000000 
1.802776 
1.802776 
2.236068 
2.236068 
0.707107 
0.707107 
3.041381 
3.041381 
1.000000 
1.000000 
1.118034 
1.118034 
0.500000 
0.500000 
0.000000 
0.000000 
3.000000 
3.000000 
1.500000 
1.500000 
0.000000 
0.000000 
0.500000 
0.500000 
2.061553 
2.061553 
1.500000 
1.500000 
1.118034 
1.118034 
1.802776 
1.802776 
1.581139 
1.581139 
6.184658 
6.184658 
2.500000 
2.500000 
1.802776 
1.802776 
2.236068 
2.236068 
0.500000 
0.500000 
3.041381 
3.041381 
0.000000 
0.000000 
1.000000 
1.000000 
2.692582 
2.692582 
0.500000 
0.500000 
0.500000 
0.500000 
0.500000 
0.500000 
1.500000 
1.500000 
0.000000 
0.000000 
0.500000 
0.500000 
2.061553 
2.061553 
1.500000 
1.500000 
1.118034 
1.118034 
1.802776 
1.802776 
1.581139 
1.581139 
0.707107 
0.707107 
6.020797 
6.020797 
1.802776 
1.802776 
2.236068 
2.236068 
0.707107 
0.707107 
3.041381 
3.041381 
2.549510 
2.549510 
1.000000 
1.000000 
0.500000 
0.500000 
0.500000 
0.500000 
3.041381 
3.041381 
0.000000 
0.000000 
1.500000 
1.500000 
0.000000 
0.000000 
0.500000 
0.500000 
2.061553 
2.061553 
1.500000 
1.500000 
1.118034 
1.118034 
1.802776 
1.802776 
1.581139 
1.581139 
1.000000 
1.000000 
2.549510 
2.549510 
2.236068 
2.236068 
0.707107 
0.707107 
3.041381 
3.041381 
0.000000 
0.000000 
0.000000 
0.000000 
2.549510 
2.549510 
1.000000 
1.000000 
0.500000 
0.500000 
2.692582 
2.692582 
0.500000 
0.500000 
0.500000 
0.500000 
1.500000 
1.500000 
0.000000 
0.000000 
1.000000 
1.000000 
2.061553 
2.061553 
1.500000 
1.500000 
1.118034 
1.118034 
1.802776 
1.802776 
1.581139 
1.581139 
0.500000 
0.500000 
3.041381 
3.041381 
2.236068 
2.236068 
1.118034 
1.118034 
3.041381 
3.041381 
1.414214 
1.414214 
2.692582 
2.692582 
2.549510 
2.549510 
1.000000 
1.000000 
0.500000 
0.500000 
1.000000 
1.000000 
0.500000 
0.500000 
0.500000 
0.500000 
1.500000 
1.500000 
0.000000 
0.000000 
1.118034 
1.118034 
2.061553 
2.061553 
1.500000 
1.500000 
1.118034 
1.118034 
1.802776 
1.802776 
1.581139 
1.581139 
0.000000 
0.000000 
7.516648 
7.516648 
0.500000 
0.500000 
3.041381 
3.041381 
2.061553 
2.061553 
0.707107 
0.707107 
2.549510 
2.549510 
1.000000 
1.000000 
0.500000 
0.500000 
1.581139 
1.581139 
2.000000 
2.000000 
2.500000 
2.500000 
1.500000 
1.500000 
0.000000 
0.000000 
3.500000 
3.500000 
2.061553 
2.061553 
1.500000 
1.500000 
1.118034 
1.118034 
1.802776 
1.802776 
1.581139 
1.581139 
0.500000 
0.500000 
1.118034 
1.118034 
1.000000 
1.000000 
3.041381 
3.041381 
1.118034 
1.118034 
0.707107 
0.707107 
2.549510 
2.549510 
1.000000 
1.000000 
3.000000 
3.000000 
1.581139 
1.581139 
2.000000 
2.000000 
6.519202 
6.519202 
1.500000 
1.500000 
0.000000 
0.000000 
2.000000 
2.000000 
2.061553 
2.061553 
1.500000 
1.500000 
1.118034 
1.118034 
1.581139 
1.581139 
0.707107 
0.707107 
1.581139 
1.581139 
1.000000 
1.000000 
0.000000 
0.000000 
0.000000 
0.000000 
1.118034 
1.118034 
0.707107 
0.707107 
2.549510 
2.549510 
1.000000 
1.000000 
1.000000 
1.000000 
1.581139 
1.581139 
2.000000 
2.000000 
1.414214 
1.414214 
1.500000 
1.500000 
0.000000 
0.000000 
4.123106 
4.123106 
2.061553 
2.061553 
1.118034 
1.118034 
3.041381 
3.041381 
0.707107 
0.707107 
1.000000 
1.000000 
3.500000 
3.500000 
3.000000 
3.000000 
0.500000 
0.500000 
0.707107 
0.707107 
2.549510 
2.549510 
1.000000 
1.000000 
2.061553 
2.061553 
1.581139 
1.581139 
2.000000 
2.000000 
1.414214 
1.414214 
1.500000 
1.500000 
4.123106 
4.123106 
1.118034 
1.118034 
2.549510 
2.549510 
1.581139 
1.581139 
1.000000 
1.000000 
3.500000 
3.500000 
2.549510 
2.549510 
0.707107 
0.707107 
0.707107 
0.707107 
2.549510 
2.549510 
1.000000 
1.000000 
1.118034 
1.118034 
1.581139 
1.581139 
2.000000 
2.000000 
1.581139 
1.581139 
1.500000 
1.500000 
4.123106 
4.123106 
1.118034 
1.118034 
1.414214 
1.414214 
2.061553 
2.061553 
1.000000 
1.000000 
0.000000 
0.000000 
0.000000 
0.000000 
3.500000 
3.500000 
2.549510 
2.549510 
0.707107 
0.707107 
0.707107 
0.707107 
2.549510 
2.549510 
1.000000 
1.000000 
1.118034 
1.118034 
1.581139 
1.581139 
2.000000 
2.000000 
2.061553 
2.061553 
1.500000 
1.500000 
4.123106 
4.123106 
1.118034 
1.118034 
1.000000 
1.000000 
1.581139 
1.581139 
1.000000 
1.000000 
0.000000 
0.000000 
3.000000 
3.000000 
1.802776 
1.802776 
3.500000 
3.500000 
2.549510 
2.549510 
0.707107 
0.707107 
0.707107 
0.707107 
2.549510 
2.549510 
1.000000 
1.000000 
1.118034 
1.118034 
1.581139 
1.581139 
2.000000 
2.000000 
1.802776 
1.802776 
1.500000 
1.500000 
4.123106 
4.123106 
1.118034 
1.118034 
1.581139 
1.581139 
1.500000 
1.500000 
1.000000 
1.000000 
0.000000 
0.000000 
0.000000 
0.000000 
1.000000 
1.000000 
3.000000 
3.000000 
1.500000 
1.500000 
3.500000 
3.500000 
2.549510 
2.549510 
0.500000 
0.500000 
0.707107 
0.707107 
2.549510 
2.549510 
1.000000 
1.000000 
1.118034 
1.118034 
1.581139 
1.581139 
2.000000 
2.000000 
1.414214 
1.414214 
1.500000 
1.500000 
4.123106 
4.123106 
0.707107 
0.707107 
5.147815 
5.147815 
1.000000 
1.000000 
0.000000 
0.000000 
0.000000 
0.000000 
0.000000 
0.000000 
4.000000 
4.000000 
1.000000 
1.000000 
3.000000 
3.000000 
3.041381 
3.041381 
3.500000 
3.500000 
2.549510 
2.549510 
3.535534 
3.535534 
0.707107 
0.707107 
2.549510 
2.549510 
1.000000 
1.000000 
1.118034 
1.118034 
1.581139 
1.581139 
2.000000 
2.000000 
0.707107 
0.707107 
1.500000 
1.500000 
4.123106 
4.123106 
2.500000 
2.500000 
0.500000 
0.500000 
1.000000 
1.000000 
0.000000 
0.000000 
0.000000 
0.000000 
0.000000 
0.000000 
0.000000 
0.000000 
1.581139 
1.581139 
0.000000 
0.000000 
4.000000 
4.000000 
1.000000 
1.000000 
3.000000 
3.000000 
1.000000 
1.000000 
3.500000 
3.500000 
2.549510 
2.549510 
1.802776 
1.802776 
0.707107 
0.707107 
2.549510 
2.549510 
1.000000 
1.000000 
1.118034 
1.118034 
1.581139 
1.581139 
2.000000 
2.000000 
0.707107 
0.707107 
4.123106 
4.123106 
0.500000 
0.500000 
1.802776 
1.802776 
1.000000 
1.000000 
