0.000000 
0.000000 
0.000000 
0.000000 
0.000000 
0.000000 
0.000000 
0.000000 
0.000000 
0.000000 
2.500000 
2.500000 
1.000000 
1.000000 
1.581139 
1.581139 
0.000000 
0.000000 
2.000000 
2.000000 
1.118034 
1.118034 
1.414214 
1.414214 
0.000000 
0.000000 
1.118034 
1.118034 
0.500000 
0.500000 
1.118034 
1.118034 
0.000000 
0.000000 
1.414214 
1.414214 
0.707107 
0.707107 
0.707107 
0.707107 
0.000000 
0.000000 
1.118034 
1.118034 
6.500000 
6.500000 
0.500000 
0.500000 
0.000000 
0.000000 
1.000000 
1.000000 
1.000000 
1.000000 
1.118034 
1.118034 
0.000000 
0.000000 
1.500000 
1.500000 
1.414214 
1.414214 
0.500000 
0.500000 
0.000000 
0.000000 
1.581139 
1.581139 
1.414214 
1.414214 
0.500000 
0.500000 
0.000000 
0.000000 
1.500000 
1.500000 
4.609772 
4.609772 
0.707107 
0.707107 
0.000000 
0.000000 
2.000000 
2.000000 
2.121320 
2.121320 
1.118034 
1.118034 
0.000000 
0.000000 
1.500000 
1.500000 
2.236068 
2.236068 
0.000000 
0.000000 
1.118034 
1.118034 
0.000000 
0.000000 
10.547512 
10.547512 
3.162278 
3.162278 
0.000000 
0.000000 
1.118034 
1.118034 
0.000000 
0.000000 
10.547512 
10.547512 
3.162278 
3.162278 
0.000000 
0.000000 
1.118034 
1.118034 
0.000000 
0.000000 
10.547512 
10.547512 
3.162278 
3.162278 
0.000000 
0.000000 
1.118034 
1.118034 
10.547512 
10.547512 
3.162278 
3.162278 
0.000000 
0.000000 
1.118034 
1.118034 
10.547512 
10.547512 
3.162278 
3.162278 
0.000000 
0.000000 
1.118034 
1.118034 
10.547512 
10.547512 
3.162278 
3.162278 
0.000000 
0.000000 
1.118034 
1.118034 
10.547512 
10.547512 
3.162278 
3.162278 
0.000000 
0.000000 
1.118034 
1.118034 
10.547512 
10.547512 
3.162278 
3.162278 
0.000000 
0.000000 
1.118034 
1.118034 
10.547512 
10.547512 
3.162278 
3.162278 
0.000000 
0.000000 
1.118034 
1.118034 
10.547512 
10.547512 
3.162278 
3.162278 
0.000000 
0.000000 
1.118034 
1.118034 
10.547512 
10.547512 
3.162278 
3.162278 
0.000000 
0.000000 
1.118034 
1.118034 
10.547512 
10.547512 
3.162278 
3.162278 
0.000000 
0.000000 
0.000000 
0.000000 
0.000000 
0.000000 
1.118034 
1.118034 
10.547512 
10.547512 
3.162278 
3.162278 
2.549510 
2.549510 
5.099020 
5.099020 
0.000000 
0.000000 
1.118034 
1.118034 
10.547512 
10.547512 
3.162278 
3.162278 
0.000000 
0.000000 
6.184658 
6.184658 
12.083046 
12.083046 
0.000000 
0.000000 
10.547512 
10.547512 
3.162278 
3.162278 
0.000000 
0.000000 
0.000000 
0.000000 
1.000000 
1.000000 
1.118034 
1.118034 
12.083046 
12.083046 
8.514693 
8.514693 
13.009612 
13.009612 
0.000000 
0.000000 
5.000000 
5.000000 
12.083046 
12.083046 
0.000000 
0.000000 
9.000000 
9.000000 
13.009612 
13.009612 
0.000000 
0.000000 
7.648529 
7.648529 
12.083046 
12.083046 
0.000000 
0.000000 
1.118034 
1.118034 
13.509256 
13.509256 
13.009612 
13.009612 
0.000000 
0.000000 
2.549510 
2.549510 
12.083046 
12.083046 
2.000000 
2.000000 
1.118034 
1.118034 
1.118034 
1.118034 
13.009612 
13.009612 
0.000000 
0.000000 
3.041381 
3.041381 
12.083046 
12.083046 
2.000000 
2.000000 
1.118034 
1.118034 
1.118034 
1.118034 
13.009612 
13.009612 
0.000000 
0.000000 
11.045361 
11.045361 
12.083046 
12.083046 
0.000000 
0.000000 
2.000000 
2.000000 
1.118034 
1.118034 
12.041595 
12.041595 
13.009612 
13.009612 
0.000000 
0.000000 
2.692582 
2.692582 
12.083046 
12.083046 
0.000000 
0.000000 
0.000000 
0.000000 
1.000000 
1.000000 
2.000000 
2.000000 
1.118034 
1.118034 
1.581139 
1.581139 
13.009612 
13.009612 
0.000000 
0.000000 
10.012492 
10.012492 
12.083046 
12.083046 
2.061553 
2.061553 
2.061553 
2.061553 
1.118034 
1.118034 
2.000000 
2.000000 
1.118034 
1.118034 
1.581139 
1.581139 
13.009612 
13.009612 
0.000000 
0.000000 
1.581139 
1.581139 
12.083046 
12.083046 
0.000000 
0.000000 
3.500000 
3.500000 
2.061553 
2.061553 
1.118034 
1.118034 
2.000000 
2.000000 
1.118034 
1.118034 
1.581139 
1.581139 
13.009612 
13.009612 
0.000000 
0.000000 
2.236068 
2.236068 
12.083046 
12.083046 
0.000000 
0.000000 
1.500000 
1.500000 
1.118034 
1.118034 
2.061553 
2.061553 
1.118034 
1.118034 
2.000000 
2.000000 
1.118034 
1.118034 
1.581139 
1.581139 
13.009612 
13.009612 
0.000000 
0.000000 
2.061553 
2.061553 
12.083046 
12.083046 
2.061553 
2.061553 
1.000000 
1.000000 
7.516648 
7.516648 
2.061553 
2.061553 
1.118034 
1.118034 
2.000000 
2.000000 
7.905694 
7.905694 
1.581139 
1.581139 
13.009612 
13.009612 
0.000000 
0.000000 
2.061553 
2.061553 
12.083046 
12.083046 
