0.000000 
0.000000 
0.000000 
0.000000 
0.000000 
0.000000 
0.000000 
0.000000 
0.000000 
0.000000 
0.000000 
0.000000 
3.041381 
3.041381 
1.000000 
1.000000 
0.707107 
0.707107 
3.162278 
3.162278 
0.000000 
0.000000 
0.000000 
0.000000 
0.000000 
0.000000 
2.061553 
2.061553 
0.500000 
0.500000 
0.707107 
0.707107 
3.162278 
3.162278 
0.000000 
0.000000 
0.500000 
0.500000 
0.000000 
0.000000 
0.000000 
0.000000 
3.041381 
3.041381 
2.061553 
2.061553 
0.500000 
0.500000 
1.118034 
1.118034 
3.162278 
3.162278 
2.500000 
2.500000 
0.707107 
0.707107 
1.000000 
1.000000 
1.118034 
1.118034 
3.000000 
3.000000 
6.000000 
6.000000 
0.500000 
0.500000 
1.581139 
1.581139 
3.162278 
3.162278 
0.707107 
0.707107 
3.041381 
3.041381 
0.000000 
0.000000 
1.000000 
1.000000 
1.118034 
1.118034 
3.000000 
3.000000 
2.549510 
2.549510 
0.500000 
0.500000 
0.707107 
0.707107 
3.162278 
3.162278 
0.500000 
0.500000 
3.500000 
3.500000 
2.236068 
2.236068 
1.000000 
1.000000 
0.500000 
0.500000 
3.000000 
3.000000 
4.000000 
4.000000 
0.500000 
0.500000 
0.707107 
0.707107 
3.162278 
3.162278 
1.414214 
1.414214 
0.500000 
0.500000 
0.000000 
0.000000 
3.000000 
3.000000 
1.000000 
1.000000 
1.118034 
1.118034 
3.000000 
3.000000 
4.000000 
4.000000 
0.500000 
0.500000 
0.707107 
0.707107 
3.162278 
3.162278 
0.500000 
0.500000 
1.414214 
1.414214 
2.500000 
2.500000 
2.692582 
2.692582 
1.000000 
1.000000 
1.118034 
1.118034 
3.000000 
3.000000 
4.000000 
4.000000 
0.500000 
0.500000 
0.707107 
0.707107 
3.162278 
3.162278 
1.118034 
1.118034 
1.118034 
1.118034 
0.000000 
0.000000 
4.000000 
4.000000 
2.692582 
2.692582 
1.000000 
1.000000 
1.118034 
1.118034 
3.000000 
3.000000 
4.000000 
4.000000 
0.500000 
0.500000 
0.707107 
0.707107 
3.162278 
3.162278 
1.118034 
1.118034 
1.118034 
1.118034 
0.000000 
0.000000 
2.061553 
2.061553 
4.000000 
4.000000 
2.692582 
2.692582 
1.000000 
1.000000 
1.118034 
1.118034 
3.000000 
3.000000 
4.000000 
4.000000 
0.500000 
0.500000 
0.707107 
0.707107 
3.162278 
3.162278 
0.000000 
0.000000 
1.118034 
1.118034 
0.000000 
0.000000 
0.000000 
0.000000 
3.162278 
3.162278 
2.915476 
2.915476 
4.000000 
4.000000 
2.692582 
2.692582 
1.000000 
1.000000 
1.118034 
1.118034 
3.000000 
3.000000 
4.000000 
4.000000 
0.500000 
0.500000 
0.707107 
0.707107 
3.162278 
3.162278 
0.500000 
0.500000 
1.581139 
1.581139 
0.000000 
0.000000 
0.707107 
0.707107 
3.041381 
3.041381 
2.915476 
2.915476 
4.000000 
4.000000 
2.692582 
2.692582 
1.000000 
1.000000 
1.118034 
1.118034 
3.000000 
3.000000 
4.000000 
4.000000 
0.500000 
0.500000 
0.707107 
0.707107 
3.162278 
3.162278 
0.000000 
0.000000 
1.000000 
1.000000 
0.000000 
0.000000 
0.000000 
0.000000 
0.000000 
0.000000 
0.000000 
0.000000 
0.707107 
0.707107 
3.041381 
3.041381 
2.915476 
2.915476 
4.000000 
4.000000 
2.692582 
2.692582 
1.000000 
1.000000 
1.118034 
1.118034 
3.000000 
3.000000 
4.000000 
4.000000 
0.500000 
0.500000 
0.707107 
0.707107 
3.162278 
3.162278 
0.707107 
0.707107 
0.000000 
0.000000 
0.000000 
0.000000 
3.041381 
3.041381 
0.000000 
0.000000 
2.061553 
2.061553 
0.500000 
0.500000 
3.041381 
3.041381 
2.915476 
2.915476 
4.000000 
4.000000 
2.692582 
2.692582 
1.000000 
1.000000 
1.118034 
1.118034 
3.000000 
3.000000 
4.000000 
4.000000 
4.609772 
4.609772 
0.707107 
0.707107 
3.162278 
3.162278 
1.000000 
1.000000 
0.500000 
0.500000 
0.000000 
0.000000 
3.000000 
3.000000 
5.522681 
5.522681 
2.061553 
2.061553 
0.500000 
0.500000 
3.041381 
3.041381 
2.915476 
2.915476 
4.000000 
4.000000 
2.692582 
2.692582 
1.000000 
1.000000 
1.118034 
1.118034 
3.000000 
3.000000 
4.000000 
4.000000 
0.500000 
0.500000 
0.707107 
0.707107 
3.162278 
3.162278 
1.414214 
1.414214 
1.414214 
1.414214 
0.000000 
0.000000 
2.692582 
2.692582 
0.500000 
0.500000 
2.061553 
2.061553 
0.500000 
0.500000 
3.041381 
3.041381 
2.915476 
2.915476 
4.000000 
4.000000 
2.692582 
2.692582 
1.000000 
1.000000 
1.118034 
1.118034 
3.000000 
3.000000 
4.000000 
4.000000 
1.118034 
1.118034 
0.707107 
0.707107 
1.500000 
1.500000 
1.118034 
1.118034 
0.000000 
0.000000 
0.000000 
0.000000 
0.000000 
0.000000 
2.692582 
2.692582 
1.500000 
1.500000 
2.061553 
2.061553 
0.500000 
0.500000 
3.041381 
3.041381 
2.915476 
2.915476 
4.000000 
4.000000 
2.692582 
2.692582 
1.000000 
1.000000 
1.118034 
1.118034 
3.000000 
3.000000 
4.000000 
4.000000 
1.581139 
1.581139 
0.707107 
0.707107 
0.707107 
0.707107 
1.000000 
1.000000 
0.000000 
0.000000 
4.609772 
4.609772 
3.535534 
3.535534 
0.000000 
0.000000 
2.692582 
2.692582 
1.000000 
1.000000 
2.061553 
2.061553 
1.118034 
1.118034 
3.041381 
3.041381 
2.915476 
2.915476 
4.000000 
4.000000 
2.692582 
2.692582 
1.000000 
1.000000 
1.118034 
1.118034 
3.000000 
3.000000 
4.000000 
4.000000 
0.500000 
0.500000 
0.707107 
0.707107 
0.707107 
0.707107 
0.000000 
0.000000 
0.707107 
0.707107 
2.915476 
2.915476 
3.535534 
3.535534 
0.000000 
0.000000 
2.692582 
2.692582 
2.549510 
2.549510 
2.061553 
2.061553 
0.000000 
0.000000 
3.041381 
3.041381 
2.915476 
2.915476 
4.000000 
4.000000 
2.692582 
2.692582 
1.118034 
1.118034 
4.000000 
4.000000 
0.500000 
0.500000 
0.707107 
0.707107 
1.118034 
1.118034 
0.707107 
0.707107 
0.707107 
0.707107 
5.385165 
5.385165 
8.015610 
8.015610 
0.000000 
0.000000 
2.692582 
2.692582 
1.118034 
1.118034 
2.061553 
2.061553 
0.707107 
0.707107 
3.041381 
3.041381 
8.558621 
8.558621 
4.000000 
4.000000 
2.692582 
2.692582 
1.118034 
1.118034 
4.000000 
4.000000 
0.500000 
0.500000 
1.118034 
1.118034 
1.000000 
1.000000 
0.000000 
0.000000 
0.000000 
0.000000 
0.707107 
0.707107 
4.031129 
4.031129 
8.015610 
8.015610 
0.000000 
0.000000 
2.692582 
2.692582 
1.581139 
1.581139 
2.061553 
2.061553 
0.500000 
0.500000 
3.041381 
3.041381 
1.414214 
1.414214 
4.000000 
4.000000 
2.692582 
2.692582 
1.118034 
1.118034 
0.500000 
0.500000 
1.000000 
1.000000 
0.707107 
0.707107 
2.000000 
2.000000 
2.549510 
2.549510 
0.707107 
0.707107 
4.031129 
4.031129 
8.015610 
8.015610 
0.000000 
0.000000 
2.692582 
2.692582 
0.707107 
0.707107 
2.061553 
2.061553 
0.500000 
0.500000 
3.041381 
3.041381 
1.414214 
1.414214 
4.000000 
4.000000 
2.692582 
2.692582 
1.118034 
1.118034 
0.500000 
0.500000 
1.118034 
1.118034 
0.500000 
0.500000 
0.000000 
0.000000 
0.000000 
0.000000 
2.692582 
2.692582 
2.549510 
2.549510 
0.707107 
0.707107 
4.031129 
4.031129 
8.015610 
8.015610 
0.000000 
0.000000 
2.692582 
2.692582 
4.609772 
4.609772 
2.061553 
2.061553 
0.500000 
0.500000 
3.041381 
3.041381 
1.414214 
1.414214 
4.000000 
4.000000 
0.500000 
0.500000 
1.118034 
1.118034 
0.500000 
0.500000 
0.000000 
0.000000 
0.707107 
0.707107 
2.549510 
2.549510 
2.000000 
2.000000 
2.549510 
2.549510 
0.707107 
0.707107 
4.031129 
4.031129 
8.015610 
8.015610 
0.000000 
0.000000 
2.692582 
2.692582 
1.118034 
1.118034 
2.061553 
2.061553 
0.000000 
0.000000 
3.041381 
3.041381 
1.414214 
1.414214 
0.500000 
0.500000 
0.500000 
0.500000 
0.000000 
0.000000 
0.000000 
0.000000 
0.707107 
0.707107 
3.535534 
3.535534 
2.236068 
2.236068 
2.549510 
2.549510 
0.707107 
0.707107 
4.031129 
4.031129 
8.015610 
8.015610 
0.000000 
0.000000 
2.692582 
2.692582 
0.707107 
0.707107 
2.061553 
2.061553 
0.000000 
0.000000 
3.041381 
3.041381 
1.414214 
1.414214 
0.500000 
0.500000 
4.500000 
4.500000 
0.500000 
0.500000 
0.000000 
0.000000 
0.000000 
0.000000 
0.000000 
0.000000 
0.000000 
0.000000 
3.535534 
3.535534 
2.236068 
2.236068 
2.549510 
2.549510 
0.707107 
0.707107 
4.031129 
4.031129 
8.015610 
8.015610 
0.000000 
0.000000 
2.692582 
2.692582 
1.500000 
1.500000 
2.061553 
2.061553 
0.707107 
0.707107 
3.041381 
3.041381 
1.414214 
1.414214 
0.500000 
0.500000 
2.000000 
2.000000 
0.000000 
0.000000 
2.000000 
2.000000 
3.041381 
3.041381 
0.000000 
0.000000 
0.000000 
0.000000 
3.535534 
3.535534 
2.236068 
2.236068 
2.549510 
2.549510 
0.707107 
0.707107 
4.031129 
4.031129 
8.015610 
8.015610 
0.000000 
0.000000 
2.692582 
2.692582 
1.802776 
1.802776 
2.061553 
2.061553 
0.707107 
0.707107 
1.414214 
1.414214 
0.500000 
0.500000 
1.500000 
1.500000 
0.500000 
0.500000 
0.000000 
0.000000 
3.041381 
3.041381 
3.041381 
3.041381 
0.000000 
0.000000 
0.000000 
0.000000 
3.535534 
3.535534 
2.236068 
2.236068 
2.549510 
2.549510 
0.707107 
0.707107 
4.031129 
4.031129 
8.015610 
8.015610 
2.692582 
2.692582 
7.500000 
7.500000 
2.061553 
2.061553 
1.118034 
1.118034 
1.414214 
1.414214 
0.500000 
0.500000 
2.061553 
2.061553 
1.581139 
1.581139 
0.000000 
0.000000 
0.707107 
0.707107 
3.041381 
3.041381 
3.041381 
3.041381 
0.000000 
0.000000 
0.000000 
0.000000 
3.535534 
3.535534 
2.236068 
2.236068 
2.549510 
2.549510 
0.707107 
0.707107 
4.031129 
4.031129 
8.015610 
8.015610 
2.692582 
2.692582 
1.000000 
1.000000 
1.118034 
1.118034 
1.414214 
1.414214 
0.500000 
0.500000 
2.500000 
2.500000 
2.000000 
2.000000 
0.000000 
0.000000 
0.000000 
0.000000 
3.041381 
3.041381 
1.118034 
1.118034 
3.041381 
3.041381 
3.041381 
3.041381 
0.000000 
0.000000 
0.000000 
0.000000 
3.535534 
3.535534 
2.236068 
2.236068 
2.549510 
2.549510 
0.707107 
0.707107 
4.031129 
4.031129 
8.015610 
8.015610 
2.692582 
2.692582 
1.000000 
1.000000 
1.500000 
1.500000 
1.414214 
1.414214 
0.500000 
0.500000 
1.500000 
1.500000 
1.500000 
1.500000 
0.000000 
0.000000 
0.000000 
0.000000 
3.041381 
3.041381 
0.000000 
0.000000 
3.041381 
3.041381 
3.041381 
3.041381 
0.000000 
0.000000 
0.000000 
0.000000 
3.535534 
3.535534 
2.236068 
2.236068 
2.549510 
2.549510 
0.707107 
0.707107 
4.031129 
4.031129 
8.015610 
8.015610 
1.000000 
1.000000 
1.500000 
1.500000 
1.414214 
1.414214 
0.500000 
0.500000 
5.000000 
5.000000 
0.500000 
0.500000 
1.118034 
1.118034 
0.500000 
0.500000 
3.041381 
3.041381 
1.000000 
1.000000 
3.041381 
3.041381 
3.041381 
3.041381 
0.000000 
0.000000 
0.000000 
0.000000 
3.535534 
3.535534 
2.236068 
2.236068 
2.549510 
2.549510 
0.707107 
0.707107 
4.031129 
4.031129 
8.015610 
8.015610 
1.000000 
1.000000 
0.707107 
0.707107 
1.414214 
1.414214 
0.500000 
0.500000 
2.549510 
2.549510 
1.000000 
1.000000 
1.581139 
1.581139 
0.500000 
0.500000 
3.041381 
3.041381 
0.707107 
0.707107 
3.041381 
3.041381 
3.041381 
3.041381 
0.000000 
0.000000 
0.000000 
0.000000 
3.535534 
3.535534 
2.236068 
2.236068 
2.549510 
2.549510 
0.707107 
0.707107 
4.031129 
4.031129 
8.015610 
8.015610 
1.000000 
1.000000 
5.024938 
5.024938 
1.414214 
1.414214 
0.500000 
0.500000 
2.500000 
2.500000 
1.581139 
1.581139 
2.121320 
2.121320 
0.000000 
0.000000 
3.041381 
3.041381 
0.000000 
0.000000 
3.041381 
3.041381 
3.041381 
3.041381 
0.000000 
0.000000 
0.000000 
0.000000 
3.535534 
3.535534 
2.236068 
2.236068 
2.549510 
2.549510 
4.031129 
4.031129 
8.015610 
8.015610 
1.000000 
1.000000 
0.500000 
0.500000 
1.414214 
1.414214 
2.500000 
2.500000 
1.414214 
1.414214 
1.118034 
1.118034 
0.500000 
0.500000 
3.041381 
3.041381 
1.414214 
1.414214 
3.041381 
3.041381 
3.041381 
3.041381 
0.000000 
0.000000 
0.000000 
0.000000 
3.535534 
3.535534 
2.236068 
2.236068 
2.549510 
2.549510 
4.031129 
4.031129 
1.000000 
1.000000 
0.500000 
0.500000 
1.414214 
1.414214 
1.500000 
1.500000 
1.581139 
1.581139 
0.707107 
0.707107 
0.500000 
0.500000 
3.041381 
3.041381 
1.118034 
1.118034 
3.041381 
3.041381 
3.041381 
3.041381 
0.000000 
0.000000 
0.000000 
0.000000 
3.535534 
3.535534 
2.236068 
2.236068 
2.549510 
2.549510 
1.000000 
1.000000 
1.000000 
1.000000 
4.527693 
4.527693 
1.118034 
1.118034 
0.707107 
0.707107 
0.500000 
0.500000 
3.041381 
3.041381 
1.118034 
1.118034 
3.041381 
3.041381 
8.558621 
8.558621 
0.000000 
0.000000 
0.000000 
0.000000 
3.535534 
3.535534 
2.236068 
2.236068 
1.000000 
1.000000 
0.500000 
0.500000 
2.000000 
2.000000 
0.500000 
0.500000 
0.707107 
0.707107 
0.500000 
0.500000 
3.041381 
3.041381 
1.000000 
1.000000 
3.041381 
3.041381 
0.707107 
0.707107 
0.000000 
0.000000 
0.000000 
0.000000 
3.535534 
3.535534 
2.236068 
2.236068 
1.000000 
1.000000 
1.000000 
1.000000 
2.549510 
2.549510 
0.000000 
0.000000 
