0.000000 
0.000000 
0.000000 
0.000000 
0.000000 
0.000000 
0.000000 
0.000000 
0.000000 
0.000000 
0.000000 
0.000000 
0.000000 
0.000000 
2.061553 
2.061553 
0.000000 
0.000000 
2.121320 
2.121320 
0.000000 
0.000000 
0.000000 
0.000000 
0.000000 
0.000000 
0.000000 
0.000000 
2.000000 
2.000000 
0.000000 
0.000000 
0.000000 
0.000000 
3.041381 
3.041381 
0.000000 
0.000000 
2.121320 
2.121320 
0.000000 
0.000000 
0.000000 
0.000000 
0.000000 
0.000000 
0.000000 
0.000000 
1.581139 
1.581139 
4.527693 
4.527693 
3.354102 
3.354102 
6.576473 
6.576473 
0.000000 
0.000000 
0.000000 
0.000000 
2.061553 
2.061553 
0.000000 
0.000000 
2.121320 
2.121320 
0.000000 
0.000000 
0.000000 
0.000000 
0.000000 
0.000000 
0.000000 
0.000000 
2.500000 
2.500000 
0.000000 
0.000000 
1.802776 
1.802776 
0.000000 
0.000000 
1.581139 
1.581139 
2.915476 
2.915476 
3.354102 
3.354102 
0.707107 
0.707107 
0.000000 
0.000000 
0.000000 
0.000000 
2.500000 
2.500000 
0.000000 
0.000000 
2.121320 
2.121320 
2.500000 
2.500000 
3.535534 
3.535534 
3.640055 
3.640055 
4.031129 
4.031129 
3.201562 
3.201562 
0.000000 
0.000000 
3.807887 
3.807887 
0.000000 
0.000000 
1.581139 
1.581139 
2.500000 
2.500000 
3.354102 
3.354102 
1.500000 
1.500000 
0.000000 
0.000000 
0.000000 
0.000000 
1.118034 
1.118034 
0.000000 
0.000000 
2.121320 
2.121320 
0.000000 
0.000000 
0.000000 
0.000000 
0.000000 
0.000000 
0.000000 
0.000000 
0.000000 
0.000000 
2.500000 
2.500000 
11.543396 
11.543396 
2.121320 
2.121320 
4.031129 
4.031129 
2.915476 
2.915476 
0.000000 
0.000000 
1.414214 
1.414214 
0.000000 
0.000000 
1.581139 
1.581139 
2.500000 
2.500000 
3.354102 
3.354102 
1.500000 
1.500000 
0.000000 
0.000000 
0.000000 
0.000000 
1.581139 
1.581139 
0.000000 
0.000000 
2.121320 
2.121320 
0.000000 
0.000000 
0.000000 
0.000000 
0.000000 
0.000000 
0.000000 
0.000000 
3.500000 
3.500000 
0.000000 
0.000000 
0.000000 
0.000000 
2.061553 
2.061553 
1.802776 
1.802776 
2.500000 
2.500000 
2.500000 
2.500000 
3.162278 
3.162278 
4.031129 
4.031129 
2.915476 
2.915476 
0.000000 
0.000000 
1.414214 
1.414214 
0.000000 
0.000000 
1.581139 
1.581139 
2.500000 
2.500000 
3.354102 
3.354102 
2.061553 
2.061553 
0.000000 
0.000000 
0.000000 
0.000000 
5.522681 
5.522681 
0.000000 
0.000000 
2.121320 
2.121320 
0.000000 
0.000000 
0.000000 
0.000000 
0.000000 
0.000000 
0.000000 
0.000000 
1.581139 
1.581139 
4.123106 
4.123106 
1.000000 
1.000000 
2.000000 
2.000000 
0.000000 
0.000000 
0.000000 
0.000000 
2.236068 
2.236068 
4.000000 
4.000000 
2.500000 
2.500000 
1.118034 
1.118034 
3.162278 
3.162278 
4.031129 
4.031129 
2.915476 
2.915476 
0.000000 
0.000000 
1.414214 
1.414214 
0.000000 
0.000000 
1.581139 
1.581139 
2.500000 
2.500000 
3.354102 
3.354102 
1.118034 
1.118034 
0.000000 
0.000000 
0.000000 
0.000000 
1.118034 
1.118034 
0.000000 
0.000000 
2.121320 
2.121320 
1.000000 
1.000000 
1.581139 
1.581139 
1.000000 
1.000000 
0.000000 
0.000000 
4.000000 
4.000000 
0.500000 
0.500000 
2.061553 
2.061553 
1.118034 
1.118034 
0.000000 
0.000000 
0.000000 
0.000000 
5.522681 
5.522681 
1.118034 
1.118034 
2.500000 
2.500000 
1.118034 
1.118034 
3.162278 
3.162278 
4.031129 
4.031129 
2.915476 
2.915476 
0.000000 
0.000000 
1.414214 
1.414214 
0.000000 
0.000000 
1.581139 
1.581139 
2.500000 
2.500000 
3.354102 
3.354102 
8.062258 
8.062258 
0.000000 
0.000000 
0.000000 
0.000000 
1.118034 
1.118034 
0.000000 
0.000000 
2.121320 
2.121320 
0.000000 
0.000000 
2.061553 
2.061553 
2.061553 
2.061553 
1.000000 
1.000000 
0.000000 
0.000000 
1.000000 
1.000000 
0.707107 
0.707107 
1.581139 
1.581139 
1.118034 
1.118034 
0.000000 
0.000000 
0.000000 
0.000000 
4.609772 
4.609772 
1.500000 
1.500000 
2.500000 
2.500000 
0.500000 
0.500000 
3.162278 
3.162278 
4.031129 
4.031129 
2.915476 
2.915476 
0.000000 
0.000000 
1.414214 
1.414214 
0.000000 
0.000000 
1.581139 
1.581139 
2.500000 
2.500000 
3.354102 
3.354102 
2.061553 
2.061553 
0.000000 
0.000000 
0.000000 
0.000000 
2.500000 
2.500000 
0.000000 
0.000000 
2.121320 
2.121320 
0.000000 
0.000000 
1.414214 
1.414214 
0.500000 
0.500000 
3.201562 
3.201562 
1.000000 
1.000000 
0.000000 
0.000000 
1.000000 
1.000000 
0.707107 
0.707107 
2.549510 
2.549510 
1.118034 
1.118034 
0.000000 
0.000000 
0.000000 
0.000000 
1.802776 
1.802776 
1.118034 
1.118034 
2.500000 
2.500000 
6.576473 
6.576473 
3.162278 
3.162278 
4.031129 
4.031129 
2.915476 
2.915476 
0.000000 
0.000000 
1.414214 
1.414214 
0.000000 
0.000000 
1.581139 
1.581139 
2.500000 
2.500000 
3.354102 
3.354102 
1.118034 
1.118034 
0.000000 
0.000000 
0.000000 
0.000000 
1.414214 
1.414214 
0.000000 
0.000000 
2.121320 
2.121320 
0.000000 
0.000000 
1.500000 
1.500000 
1.802776 
1.802776 
4.031129 
4.031129 
1.802776 
1.802776 
1.000000 
1.000000 
0.000000 
0.000000 
1.118034 
1.118034 
0.707107 
0.707107 
2.061553 
2.061553 
1.118034 
1.118034 
0.000000 
0.000000 
0.000000 
0.000000 
2.121320 
2.121320 
1.118034 
1.118034 
2.500000 
2.500000 
1.802776 
1.802776 
3.162278 
3.162278 
4.031129 
4.031129 
2.915476 
2.915476 
0.000000 
0.000000 
1.414214 
1.414214 
0.000000 
0.000000 
1.581139 
1.581139 
2.500000 
2.500000 
3.354102 
3.354102 
3.535534 
3.535534 
0.000000 
0.000000 
0.000000 
0.000000 
2.121320 
2.121320 
0.000000 
0.000000 
2.121320 
2.121320 
0.500000 
0.500000 
1.000000 
1.000000 
1.802776 
1.802776 
1.581139 
1.581139 
2.236068 
2.236068 
1.000000 
1.000000 
0.000000 
0.000000 
0.500000 
0.500000 
0.707107 
0.707107 
1.414214 
1.414214 
1.118034 
1.118034 
0.000000 
0.000000 
0.000000 
0.000000 
1.581139 
1.581139 
1.118034 
1.118034 
2.500000 
2.500000 
0.000000 
0.000000 
3.162278 
3.162278 
4.031129 
4.031129 
2.915476 
2.915476 
0.000000 
0.000000 
1.414214 
1.414214 
0.000000 
0.000000 
1.581139 
1.581139 
2.500000 
2.500000 
3.354102 
3.354102 
1.802776 
1.802776 
0.000000 
0.000000 
0.000000 
0.000000 
1.802776 
1.802776 
0.000000 
0.000000 
2.121320 
2.121320 
0.000000 
0.000000 
1.414214 
1.414214 
1.000000 
1.000000 
3.162278 
3.162278 
2.000000 
2.000000 
2.549510 
2.549510 
1.000000 
1.000000 
0.000000 
0.000000 
4.031129 
4.031129 
0.707107 
0.707107 
3.041381 
3.041381 
1.118034 
1.118034 
0.000000 
0.000000 
0.000000 
0.000000 
2.236068 
2.236068 
1.118034 
1.118034 
2.500000 
2.500000 
1.581139 
1.581139 
3.162278 
3.162278 
4.031129 
4.031129 
2.915476 
2.915476 
0.000000 
0.000000 
1.414214 
1.414214 
0.000000 
0.000000 
1.581139 
1.581139 
2.500000 
2.500000 
3.354102 
3.354102 
2.121320 
2.121320 
0.000000 
0.000000 
0.000000 
0.000000 
1.802776 
1.802776 
0.000000 
0.000000 
2.121320 
2.121320 
0.000000 
0.000000 
0.000000 
0.000000 
0.000000 
0.000000 
0.000000 
0.000000 
1.118034 
1.118034 
1.802776 
1.802776 
1.000000 
1.000000 
1.118034 
1.118034 
3.500000 
3.500000 
2.549510 
2.549510 
1.000000 
1.000000 
0.000000 
0.000000 
1.000000 
1.000000 
0.707107 
0.707107 
1.500000 
1.500000 
1.118034 
1.118034 
0.000000 
0.000000 
0.000000 
0.000000 
1.500000 
1.500000 
1.118034 
1.118034 
2.500000 
2.500000 
1.581139 
1.581139 
3.162278 
3.162278 
4.031129 
4.031129 
2.915476 
2.915476 
0.000000 
0.000000 
1.414214 
1.414214 
0.000000 
0.000000 
1.581139 
1.581139 
2.500000 
2.500000 
3.354102 
3.354102 
2.121320 
2.121320 
0.000000 
0.000000 
1.802776 
1.802776 
2.121320 
2.121320 
0.000000 
0.000000 
0.500000 
0.500000 
2.000000 
2.000000 
1.581139 
1.581139 
2.000000 
2.000000 
1.414214 
1.414214 
0.707107 
0.707107 
1.000000 
1.000000 
2.549510 
2.549510 
0.500000 
0.500000 
2.549510 
2.549510 
1.000000 
1.000000 
0.000000 
0.000000 
1.118034 
1.118034 
0.707107 
0.707107 
1.414214 
1.414214 
1.118034 
1.118034 
0.000000 
0.000000 
0.000000 
0.000000 
1.414214 
1.414214 
1.118034 
1.118034 
2.500000 
2.500000 
1.581139 
1.581139 
3.162278 
3.162278 
4.031129 
4.031129 
2.915476 
2.915476 
0.000000 
0.000000 
1.414214 
1.414214 
0.000000 
0.000000 
1.581139 
1.581139 
2.500000 
2.500000 
3.354102 
3.354102 
1.802776 
1.802776 
1.802776 
1.802776 
0.000000 
0.000000 
1.581139 
1.581139 
1.118034 
1.118034 
2.000000 
2.000000 
1.802776 
1.802776 
1.581139 
1.581139 
1.414214 
1.414214 
3.535534 
3.535534 
1.000000 
1.000000 
1.802776 
1.802776 
1.000000 
1.000000 
2.549510 
2.549510 
1.000000 
1.000000 
0.000000 
0.000000 
1.802776 
1.802776 
0.707107 
0.707107 
1.802776 
1.802776 
1.118034 
1.118034 
0.000000 
0.000000 
0.000000 
0.000000 
4.272002 
4.272002 
1.118034 
1.118034 
2.500000 
2.500000 
1.581139 
1.581139 
3.162278 
3.162278 
4.031129 
4.031129 
2.915476 
2.915476 
0.000000 
0.000000 
1.414214 
1.414214 
1.581139 
1.581139 
2.500000 
2.500000 
3.354102 
3.354102 
1.000000 
1.000000 
1.802776 
1.802776 
1.000000 
1.000000 
1.118034 
1.118034 
1.581139 
1.581139 
2.000000 
2.000000 
1.802776 
1.802776 
2.236068 
2.236068 
2.121320 
2.121320 
1.118034 
1.118034 
1.000000 
1.000000 
1.414214 
1.414214 
0.707107 
0.707107 
2.549510 
2.549510 
1.000000 
1.000000 
0.000000 
0.000000 
3.000000 
3.000000 
0.707107 
0.707107 
1.802776 
1.802776 
1.118034 
1.118034 
0.000000 
0.000000 
0.000000 
0.000000 
1.414214 
1.414214 
1.118034 
1.118034 
2.500000 
2.500000 
1.581139 
1.581139 
3.162278 
3.162278 
4.031129 
4.031129 
2.915476 
2.915476 
1.414214 
1.414214 
2.500000 
2.500000 
1.581139 
1.581139 
1.802776 
1.802776 
0.000000 
0.000000 
1.000000 
1.000000 
1.118034 
1.118034 
1.581139 
1.581139 
2.000000 
2.000000 
1.802776 
1.802776 
5.590170 
5.590170 
2.236068 
2.236068 
1.118034 
1.118034 
1.000000 
1.000000 
1.118034 
1.118034 
1.000000 
1.000000 
2.549510 
2.549510 
1.000000 
1.000000 
0.000000 
0.000000 
1.000000 
1.000000 
0.707107 
0.707107 
1.581139 
1.581139 
1.118034 
1.118034 
0.000000 
0.000000 
0.000000 
0.000000 
1.414214 
1.414214 
1.118034 
1.118034 
2.500000 
2.500000 
1.581139 
1.581139 
3.162278 
3.162278 
4.031129 
4.031129 
2.915476 
2.915476 
1.414214 
1.414214 
2.500000 
2.500000 
1.414214 
1.414214 
1.802776 
1.802776 
0.000000 
0.000000 
0.707107 
0.707107 
1.000000 
1.000000 
1.118034 
1.118034 
1.118034 
1.118034 
2.000000 
2.000000 
1.802776 
1.802776 
6.708204 
6.708204 
1.581139 
1.581139 
1.118034 
1.118034 
1.000000 
1.000000 
2.692582 
2.692582 
0.707107 
0.707107 
2.549510 
2.549510 
1.000000 
1.000000 
0.000000 
0.000000 
1.414214 
1.414214 
0.707107 
0.707107 
0.707107 
0.707107 
1.118034 
1.118034 
0.000000 
0.000000 
0.000000 
0.000000 
0.707107 
0.707107 
1.118034 
1.118034 
1.581139 
1.581139 
3.162278 
3.162278 
2.915476 
2.915476 
1.414214 
1.414214 
0.707107 
0.707107 
1.802776 
1.802776 
0.000000 
0.000000 
1.000000 
1.000000 
3.162278 
3.162278 
1.000000 
1.000000 
1.118034 
1.118034 
0.707107 
0.707107 
2.000000 
2.000000 
1.802776 
1.802776 
2.915476 
2.915476 
1.414214 
1.414214 
1.118034 
1.118034 
1.000000 
1.000000 
1.118034 
1.118034 
1.118034 
1.118034 
2.549510 
2.549510 
1.000000 
1.000000 
0.000000 
0.000000 
1.000000 
1.000000 
0.707107 
0.707107 
1.414214 
1.414214 
1.118034 
1.118034 
6.576473 
6.576473 
1.118034 
1.118034 
1.581139 
1.581139 
3.162278 
3.162278 
0.707107 
0.707107 
1.802776 
1.802776 
0.000000 
0.000000 
0.000000 
0.000000 
1.000000 
1.000000 
1.000000 
1.000000 
1.118034 
1.118034 
1.000000 
1.000000 
1.118034 
1.118034 
1.118034 
1.118034 
2.000000 
2.000000 
1.802776 
1.802776 
1.802776 
1.802776 
3.807887 
3.807887 
1.118034 
1.118034 
1.000000 
1.000000 
0.707107 
0.707107 
1.118034 
1.118034 
2.549510 
2.549510 
1.000000 
1.000000 
1.000000 
1.000000 
0.707107 
0.707107 
1.118034 
1.118034 
1.118034 
1.118034 
1.802776 
1.802776 
1.118034 
1.118034 
1.581139 
1.581139 
0.707107 
0.707107 
1.802776 
1.802776 
0.000000 
0.000000 
1.118034 
1.118034 
1.414214 
1.414214 
2.061553 
2.061553 
1.000000 
1.000000 
0.500000 
0.500000 
1.000000 
1.000000 
1.118034 
1.118034 
1.802776 
1.802776 
2.000000 
2.000000 
1.802776 
1.802776 
2.500000 
2.500000 
1.414214 
1.414214 
1.118034 
1.118034 
1.000000 
1.000000 
2.915476 
2.915476 
1.118034 
1.118034 
2.549510 
2.549510 
1.000000 
1.000000 
1.118034 
1.118034 
0.707107 
0.707107 
3.640055 
3.640055 
1.118034 
1.118034 
1.500000 
1.500000 
1.118034 
1.118034 
1.581139 
1.581139 
0.707107 
0.707107 
1.802776 
1.802776 
0.707107 
0.707107 
1.118034 
1.118034 
1.118034 
1.118034 
2.061553 
2.061553 
1.000000 
1.000000 
1.414214 
1.414214 
1.000000 
1.000000 
1.118034 
1.118034 
0.707107 
0.707107 
2.000000 
2.000000 
1.802776 
1.802776 
1.581139 
1.581139 
4.123106 
4.123106 
1.118034 
1.118034 
1.000000 
1.000000 
0.500000 
0.500000 
1.118034 
1.118034 
2.549510 
2.549510 
2.549510 
2.549510 
0.707107 
0.707107 
1.414214 
1.414214 
1.414214 
1.414214 
1.118034 
1.118034 
1.581139 
1.581139 
0.707107 
0.707107 
1.802776 
1.802776 
0.000000 
0.000000 
1.000000 
1.000000 
1.118034 
1.118034 
0.707107 
0.707107 
2.000000 
2.000000 
1.000000 
1.000000 
2.549510 
2.549510 
1.000000 
1.000000 
1.118034 
1.118034 
6.500000 
6.500000 
2.000000 
2.000000 
1.802776 
1.802776 
1.118034 
1.118034 
1.581139 
1.581139 
1.118034 
1.118034 
1.000000 
1.000000 
0.500000 
0.500000 
1.118034 
1.118034 
2.549510 
2.549510 
0.500000 
0.500000 
1.802776 
1.802776 
1.118034 
1.118034 
1.118034 
1.118034 
1.581139 
1.581139 
0.707107 
0.707107 
1.802776 
1.802776 
0.000000 
0.000000 
1.581139 
1.581139 
0.707107 
0.707107 
4.123106 
4.123106 
0.707107 
0.707107 
1.581139 
1.581139 
1.000000 
1.000000 
1.118034 
1.118034 
1.000000 
1.000000 
1.118034 
1.118034 
0.000000 
0.000000 
2.000000 
2.000000 
1.802776 
1.802776 
1.118034 
1.118034 
0.707107 
0.707107 
1.118034 
1.118034 
1.000000 
1.000000 
0.707107 
0.707107 
1.118034 
1.118034 
2.549510 
2.549510 
0.500000 
0.500000 
1.118034 
1.118034 
1.581139 
1.581139 
1.581139 
1.581139 
0.707107 
0.707107 
1.802776 
1.802776 
0.000000 
0.000000 
1.581139 
1.581139 
1.118034 
1.118034 
1.118034 
1.118034 
0.000000 
0.000000 
0.707107 
0.707107 
0.500000 
0.500000 
1.000000 
1.000000 
1.000000 
1.000000 
1.000000 
1.000000 
1.118034 
1.118034 
0.707107 
0.707107 
2.000000 
2.000000 
1.802776 
1.802776 
1.118034 
1.118034 
1.500000 
1.500000 
1.118034 
1.118034 
1.000000 
1.000000 
0.707107 
0.707107 
1.118034 
1.118034 
2.549510 
2.549510 
0.500000 
0.500000 
1.500000 
1.500000 
1.118034 
1.118034 
1.581139 
1.581139 
0.707107 
0.707107 
1.802776 
1.802776 
0.000000 
0.000000 
0.000000 
0.000000 
0.707107 
0.707107 
1.118034 
1.118034 
3.000000 
3.000000 
0.000000 
0.000000 
0.707107 
0.707107 
1.118034 
1.118034 
1.000000 
1.000000 
1.500000 
1.500000 
1.000000 
1.000000 
1.118034 
1.118034 
0.000000 
0.000000 
2.000000 
2.000000 
1.802776 
1.802776 
1.118034 
1.118034 
1.581139 
1.581139 
1.118034 
1.118034 
0.707107 
0.707107 
1.118034 
1.118034 
2.549510 
2.549510 
1.000000 
1.000000 
1.500000 
1.500000 
6.020797 
6.020797 
1.581139 
1.581139 
0.707107 
0.707107 
1.581139 
1.581139 
0.707107 
0.707107 
1.118034 
1.118034 
1.118034 
1.118034 
3.041381 
3.041381 
0.707107 
0.707107 
0.707107 
0.707107 
5.522681 
5.522681 
1.000000 
1.000000 
0.500000 
0.500000 
1.000000 
1.000000 
1.118034 
1.118034 
0.500000 
0.500000 
2.000000 
2.000000 
1.802776 
1.802776 
1.118034 
1.118034 
1.500000 
1.500000 
1.118034 
1.118034 
0.707107 
0.707107 
1.118034 
1.118034 
0.707107 
0.707107 
2.000000 
2.000000 
2.000000 
2.000000 
0.707107 
0.707107 
1.500000 
1.500000 
0.707107 
0.707107 
1.118034 
1.118034 
1.118034 
1.118034 
0.500000 
0.500000 
1.000000 
1.000000 
0.707107 
0.707107 
0.707107 
0.707107 
1.000000 
1.000000 
3.000000 
3.000000 
1.000000 
1.000000 
1.118034 
1.118034 
0.000000 
0.000000 
2.000000 
2.000000 
1.802776 
1.802776 
1.118034 
1.118034 
2.000000 
2.000000 
1.118034 
1.118034 
0.707107 
0.707107 
1.118034 
1.118034 
0.500000 
0.500000 
1.802776 
1.802776 
2.236068 
2.236068 
0.707107 
0.707107 
0.000000 
0.000000 
1.414214 
1.414214 
0.000000 
0.000000 
0.500000 
0.500000 
1.118034 
1.118034 
0.500000 
0.500000 
0.000000 
0.000000 
0.707107 
0.707107 
1.500000 
1.500000 
1.000000 
1.000000 
0.707107 
0.707107 
1.000000 
1.000000 
1.118034 
1.118034 
0.500000 
0.500000 
1.802776 
1.802776 
1.118034 
1.118034 
4.527693 
4.527693 
1.118034 
1.118034 
0.707107 
0.707107 
1.118034 
1.118034 
3.041381 
3.041381 
5.024938 
5.024938 
2.236068 
2.236068 
0.707107 
0.707107 
0.000000 
0.000000 
0.000000 
0.000000 
1.000000 
1.000000 
1.414214 
1.414214 
1.000000 
1.000000 
1.118034 
1.118034 
1.118034 
1.118034 
0.500000 
0.500000 
0.707107 
0.707107 
0.707107 
0.707107 
1.500000 
1.500000 
1.000000 
1.000000 
0.707107 
0.707107 
1.000000 
1.000000 
1.118034 
1.118034 
1.000000 
1.000000 
1.118034 
1.118034 
2.061553 
2.061553 
1.118034 
1.118034 
0.707107 
0.707107 
1.118034 
1.118034 
1.000000 
1.000000 
1.581139 
1.581139 
2.236068 
2.236068 
0.707107 
0.707107 
0.500000 
0.500000 
1.414214 
1.414214 
1.118034 
1.118034 
1.414214 
1.414214 
0.707107 
0.707107 
1.500000 
1.500000 
1.118034 
1.118034 
0.500000 
0.500000 
1.118034 
1.118034 
0.707107 
0.707107 
4.272002 
4.272002 
1.000000 
1.000000 
1.118034 
1.118034 
1.118034 
1.118034 
1.118034 
1.118034 
1.118034 
1.118034 
2.549510 
2.549510 
0.707107 
0.707107 
1.118034 
1.118034 
1.414214 
1.414214 
2.500000 
2.500000 
2.236068 
2.236068 
0.707107 
0.707107 
2.061553 
2.061553 
2.236068 
2.236068 
3.807887 
3.807887 
1.414214 
1.414214 
0.500000 
0.500000 
1.500000 
1.500000 
1.118034 
1.118034 
0.000000 
0.000000 
0.500000 
0.500000 
0.707107 
0.707107 
1.581139 
1.581139 
1.000000 
1.000000 
0.500000 
0.500000 
1.581139 
1.581139 
1.118034 
1.118034 
2.236068 
2.236068 
0.707107 
0.707107 
1.118034 
1.118034 
1.118034 
1.118034 
1.581139 
1.581139 
2.236068 
2.236068 
0.707107 
0.707107 
0.500000 
0.500000 
2.692582 
2.692582 
0.500000 
0.500000 
1.414214 
1.414214 
1.000000 
1.000000 
0.707107 
0.707107 
1.118034 
1.118034 
2.692582 
2.692582 
0.500000 
0.500000 
0.707107 
0.707107 
1.118034 
1.118034 
1.000000 
1.000000 
0.500000 
0.500000 
1.500000 
1.500000 
1.118034 
1.118034 
2.061553 
2.061553 
0.707107 
0.707107 
1.118034 
1.118034 
0.500000 
0.500000 
1.000000 
1.000000 
2.236068 
2.236068 
0.000000 
0.000000 
2.500000 
2.500000 
2.692582 
2.692582 
0.500000 
0.500000 
1.414214 
1.414214 
0.707107 
0.707107 
0.707107 
0.707107 
1.118034 
1.118034 
0.500000 
0.500000 
1.000000 
1.000000 
0.707107 
0.707107 
1.118034 
1.118034 
1.000000 
1.000000 
0.500000 
0.500000 
1.118034 
1.118034 
0.500000 
0.500000 
0.707107 
0.707107 
0.500000 
0.500000 
1.000000 
1.000000 
2.236068 
2.236068 
0.000000 
0.000000 
0.000000 
0.000000 
0.500000 
0.500000 
4.609772 
4.609772 
0.500000 
0.500000 
1.414214 
1.414214 
1.000000 
1.000000 
1.000000 
1.000000 
1.118034 
1.118034 
0.500000 
0.500000 
1.000000 
1.000000 
0.707107 
0.707107 
0.000000 
0.000000 
0.000000 
0.000000 
1.000000 
1.000000 
1.118034 
1.118034 
4.609772 
4.609772 
0.707107 
0.707107 
0.500000 
0.500000 
1.118034 
1.118034 
2.236068 
2.236068 
1.000000 
1.000000 
0.000000 
0.000000 
1.500000 
1.500000 
1.118034 
1.118034 
4.242641 
4.242641 
1.414214 
1.414214 
1.000000 
1.000000 
1.000000 
1.000000 
1.118034 
1.118034 
0.500000 
0.500000 
1.000000 
1.000000 
0.707107 
0.707107 
0.500000 
0.500000 
0.500000 
0.500000 
1.000000 
1.000000 
1.118034 
1.118034 
1.118034 
1.118034 
0.707107 
0.707107 
0.500000 
0.500000 
0.500000 
0.500000 
2.236068 
2.236068 
