0.000000 
0.000000 
0.000000 
0.000000 
0.000000 
0.000000 
0.000000 
0.000000 
0.000000 
0.000000 
0.000000 
0.000000 
0.000000 
0.000000 
0.000000 
0.000000 
0.000000 
0.000000 
0.000000 
0.000000 
0.000000 
0.000000 
0.000000 
0.000000 
0.000000 
0.000000 
0.000000 
0.000000 
0.000000 
0.000000 
0.000000 
0.000000 
1.500000 
1.500000 
1.500000 
1.500000 
1.500000 
1.500000 
1.500000 
1.500000 
1.500000 
1.500000 
1.500000 
1.500000 
1.500000 
1.500000 
1.500000 
1.500000 
1.500000 
1.500000 
1.500000 
1.500000 
1.500000 
1.500000 
1.500000 
1.500000 
1.500000 
1.500000 
0.000000 
0.000000 
1.500000 
1.500000 
0.000000 
0.000000 
0.000000 
0.000000 
0.000000 
0.000000 
1.500000 
1.500000 
2.061553 
2.061553 
2.121320 
2.121320 
0.000000 
0.000000 
0.000000 
0.000000 
0.000000 
0.000000 
0.000000 
0.000000 
2.061553 
2.061553 
3.354102 
3.354102 
0.000000 
0.000000 
1.414214 
1.414214 
0.500000 
0.500000 
2.236068 
2.236068 
2.061553 
2.061553 
0.500000 
0.500000 
0.000000 
0.000000 
0.000000 
0.000000 
1.414214 
1.414214 
4.500000 
4.500000 
0.500000 
0.500000 
2.061553 
2.061553 
1.500000 
1.500000 
0.000000 
0.000000 
