0.000000 
0.000000 
0.000000 
0.000000 
0.000000 
0.000000 
0.000000 
0.000000 
0.000000 
0.000000 
3.535534 
3.535534 
0.000000 
0.000000 
1.802776 
1.802776 
0.000000 
0.000000 
0.000000 
0.000000 
0.000000 
0.000000 
5.024938 
5.024938 
0.000000 
0.000000 
1.802776 
1.802776 
0.000000 
0.000000 
3.354102 
3.354102 
1.581139 
1.581139 
0.000000 
0.000000 
2.121320 
2.121320 
0.000000 
0.000000 
1.802776 
1.802776 
0.000000 
0.000000 
0.000000 
0.000000 
2.500000 
2.500000 
3.354102 
3.354102 
1.581139 
1.581139 
0.000000 
0.000000 
2.549510 
2.549510 
0.000000 
0.000000 
1.802776 
1.802776 
0.000000 
0.000000 
0.000000 
0.000000 
1.802776 
1.802776 
1.000000 
1.000000 
2.500000 
2.500000 
3.354102 
3.354102 
1.581139 
1.581139 
0.000000 
0.000000 
2.915476 
2.915476 
0.000000 
0.000000 
1.802776 
1.802776 
1.118034 
1.118034 
1.000000 
1.000000 
2.061553 
2.061553 
1.414214 
1.414214 
2.500000 
2.500000 
3.354102 
3.354102 
1.581139 
1.581139 
0.000000 
0.000000 
2.549510 
2.549510 
0.000000 
0.000000 
1.802776 
1.802776 
1.118034 
1.118034 
1.000000 
1.000000 
1.118034 
1.118034 
3.162278 
3.162278 
2.500000 
2.500000 
3.354102 
3.354102 
1.581139 
1.581139 
0.000000 
0.000000 
1.414214 
1.414214 
0.000000 
0.000000 
1.802776 
1.802776 
1.118034 
1.118034 
3.500000 
3.500000 
1.118034 
1.118034 
3.535534 
3.535534 
2.500000 
2.500000 
3.354102 
3.354102 
1.581139 
1.581139 
0.000000 
0.000000 
3.807887 
3.807887 
0.000000 
0.000000 
1.802776 
1.802776 
0.000000 
0.000000 
1.118034 
1.118034 
0.707107 
0.707107 
1.500000 
1.500000 
3.535534 
3.535534 
2.500000 
2.500000 
3.354102 
3.354102 
1.581139 
1.581139 
0.000000 
0.000000 
2.121320 
2.121320 
0.000000 
0.000000 
1.802776 
1.802776 
1.581139 
1.581139 
1.118034 
1.118034 
2.236068 
2.236068 
1.500000 
1.500000 
3.535534 
3.535534 
2.500000 
2.500000 
3.354102 
3.354102 
1.581139 
1.581139 
0.000000 
0.000000 
1.581139 
1.581139 
0.000000 
0.000000 
1.802776 
1.802776 
1.802776 
1.802776 
1.118034 
1.118034 
1.118034 
1.118034 
1.000000 
1.000000 
3.535534 
3.535534 
2.500000 
2.500000 
3.354102 
3.354102 
1.581139 
1.581139 
0.000000 
0.000000 
3.807887 
3.807887 
0.000000 
0.000000 
1.802776 
1.802776 
0.000000 
0.000000 
1.802776 
1.802776 
1.118034 
1.118034 
1.118034 
1.118034 
6.000000 
6.000000 
3.535534 
3.535534 
2.500000 
2.500000 
3.354102 
3.354102 
1.581139 
1.581139 
0.000000 
0.000000 
2.121320 
2.121320 
0.000000 
0.000000 
1.802776 
1.802776 
2.236068 
2.236068 
1.802776 
1.802776 
1.118034 
1.118034 
0.707107 
0.707107 
1.000000 
1.000000 
3.535534 
3.535534 
2.500000 
2.500000 
3.354102 
3.354102 
1.581139 
1.581139 
0.000000 
0.000000 
2.500000 
2.500000 
0.000000 
0.000000 
1.802776 
1.802776 
1.118034 
1.118034 
1.802776 
1.802776 
1.118034 
1.118034 
2.061553 
2.061553 
1.414214 
1.414214 
3.535534 
3.535534 
2.500000 
2.500000 
3.354102 
3.354102 
1.581139 
1.581139 
0.000000 
0.000000 
2.121320 
2.121320 
0.000000 
0.000000 
1.802776 
1.802776 
0.500000 
0.500000 
1.802776 
1.802776 
1.118034 
1.118034 
2.061553 
2.061553 
0.707107 
0.707107 
3.535534 
3.535534 
2.500000 
2.500000 
3.354102 
3.354102 
1.581139 
1.581139 
2.500000 
2.500000 
1.802776 
1.802776 
0.000000 
0.000000 
0.000000 
0.000000 
0.500000 
0.500000 
1.802776 
1.802776 
1.118034 
1.118034 
2.061553 
2.061553 
1.000000 
1.000000 
3.535534 
3.535534 
2.500000 
2.500000 
3.354102 
3.354102 
1.581139 
1.581139 
2.692582 
2.692582 
0.500000 
0.500000 
1.581139 
1.581139 
0.500000 
0.500000 
1.802776 
1.802776 
1.118034 
1.118034 
2.061553 
2.061553 
3.041381 
3.041381 
3.535534 
3.535534 
2.500000 
2.500000 
3.354102 
3.354102 
1.581139 
1.581139 
1.581139 
1.581139 
1.118034 
1.118034 
0.500000 
0.500000 
0.707107 
0.707107 
1.802776 
1.802776 
1.118034 
1.118034 
2.061553 
2.061553 
0.500000 
0.500000 
3.535534 
3.535534 
2.500000 
2.500000 
1.118034 
1.118034 
0.000000 
0.000000 
1.000000 
1.000000 
0.500000 
0.500000 
0.000000 
0.000000 
1.802776 
1.802776 
1.118034 
1.118034 
2.061553 
2.061553 
0.500000 
0.500000 
3.535534 
3.535534 
1.414214 
1.414214 
0.500000 
0.500000 
0.500000 
0.500000 
4.031129 
4.031129 
0.000000 
0.000000 
1.802776 
1.802776 
1.118034 
1.118034 
2.061553 
2.061553 
1.118034 
1.118034 
3.535534 
3.535534 
2.692582 
2.692582 
0.000000 
0.000000 
2.061553 
2.061553 
0.500000 
0.500000 
1.414214 
1.414214 
0.000000 
0.000000 
1.802776 
1.802776 
2.061553 
2.061553 
1.000000 
1.000000 
3.535534 
3.535534 
2.061553 
2.061553 
0.000000 
0.000000 
1.118034 
1.118034 
0.500000 
0.500000 
0.500000 
0.500000 
0.500000 
0.500000 
0.000000 
0.000000 
1.802776 
1.802776 
2.061553 
2.061553 
1.000000 
1.000000 
3.535534 
3.535534 
2.549510 
2.549510 
2.061553 
2.061553 
0.500000 
0.500000 
0.500000 
0.500000 
0.500000 
0.500000 
0.500000 
0.500000 
0.000000 
0.000000 
1.802776 
1.802776 
2.061553 
2.061553 
1.000000 
1.000000 
2.692582 
2.692582 
0.000000 
0.000000 
2.061553 
2.061553 
0.707107 
0.707107 
0.500000 
0.500000 
0.500000 
0.500000 
0.500000 
0.500000 
0.000000 
0.000000 
1.802776 
1.802776 
2.061553 
2.061553 
1.000000 
1.000000 
2.692582 
2.692582 
3.500000 
3.500000 
6.576473 
6.576473 
0.707107 
0.707107 
0.500000 
0.500000 
0.500000 
0.500000 
3.535534 
3.535534 
0.000000 
0.000000 
1.802776 
1.802776 
2.061553 
2.061553 
1.000000 
1.000000 
2.692582 
2.692582 
3.500000 
3.500000 
3.640055 
3.640055 
0.707107 
0.707107 
0.500000 
0.500000 
0.500000 
0.500000 
1.118034 
1.118034 
0.000000 
0.000000 
2.061553 
2.061553 
1.000000 
1.000000 
2.692582 
2.692582 
3.500000 
3.500000 
2.500000 
2.500000 
0.707107 
0.707107 
0.500000 
0.500000 
0.500000 
0.500000 
1.118034 
1.118034 
0.000000 
0.000000 
2.061553 
2.061553 
1.000000 
1.000000 
2.692582 
2.692582 
3.500000 
3.500000 
2.500000 
2.500000 
0.707107 
0.707107 
0.500000 
0.500000 
0.500000 
0.500000 
1.118034 
1.118034 
0.000000 
0.000000 
2.061553 
2.061553 
1.000000 
1.000000 
2.692582 
2.692582 
3.500000 
3.500000 
2.500000 
2.500000 
0.707107 
0.707107 
0.500000 
0.500000 
0.500000 
0.500000 
1.118034 
1.118034 
0.000000 
0.000000 
1.000000 
1.000000 
2.692582 
2.692582 
3.500000 
3.500000 
2.500000 
2.500000 
0.707107 
0.707107 
0.500000 
0.500000 
0.500000 
0.500000 
1.118034 
1.118034 
0.000000 
0.000000 
1.000000 
1.000000 
2.692582 
2.692582 
3.500000 
3.500000 
2.500000 
2.500000 
0.707107 
0.707107 
0.500000 
0.500000 
0.500000 
0.500000 
1.118034 
1.118034 
0.000000 
0.000000 
1.000000 
1.000000 
2.692582 
2.692582 
3.500000 
3.500000 
2.500000 
2.500000 
0.707107 
0.707107 
0.500000 
0.500000 
0.500000 
0.500000 
1.118034 
1.118034 
0.000000 
0.000000 
1.000000 
1.000000 
2.692582 
2.692582 
3.500000 
3.500000 
2.500000 
2.500000 
0.707107 
0.707107 
0.500000 
0.500000 
0.500000 
0.500000 
1.118034 
1.118034 
0.000000 
0.000000 
1.000000 
1.000000 
2.692582 
2.692582 
0.000000 
0.000000 
3.500000 
3.500000 
2.500000 
2.500000 
0.707107 
0.707107 
0.500000 
0.500000 
0.500000 
0.500000 
1.118034 
1.118034 
1.000000 
1.000000 
2.692582 
2.692582 
4.031129 
4.031129 
3.500000 
3.500000 
2.500000 
2.500000 
0.707107 
0.707107 
0.500000 
0.500000 
1.118034 
1.118034 
1.000000 
1.000000 
2.692582 
2.692582 
4.031129 
4.031129 
3.500000 
3.500000 
2.500000 
2.500000 
0.707107 
0.707107 
0.500000 
0.500000 
1.118034 
1.118034 
2.692582 
2.692582 
4.031129 
4.031129 
3.500000 
3.500000 
2.500000 
2.500000 
0.707107 
0.707107 
1.118034 
1.118034 
2.692582 
2.692582 
0.000000 
0.000000 
4.031129 
4.031129 
3.500000 
3.500000 
2.500000 
2.500000 
0.707107 
0.707107 
1.118034 
1.118034 
