0.000000 
0.000000 
0.000000 
0.000000 
0.000000 
0.000000 
0.000000 
0.000000 
0.000000 
0.000000 
0.000000 
0.000000 
1.581139 
1.581139 
1.118034 
1.118034 
0.707107 
0.707107 
0.707107 
0.707107 
0.000000 
0.000000 
0.000000 
0.000000 
0.000000 
0.000000 
1.581139 
1.581139 
1.500000 
1.500000 
1.802776 
1.802776 
1.118034 
1.118034 
0.000000 
0.000000 
0.707107 
0.707107 
3.640055 
3.640055 
0.000000 
0.000000 
1.581139 
1.581139 
0.500000 
0.500000 
0.000000 
0.000000 
2.500000 
2.500000 
0.500000 
0.500000 
0.707107 
0.707107 
2.549510 
2.549510 
0.000000 
0.000000 
1.581139 
1.581139 
1.000000 
1.000000 
1.414214 
1.414214 
2.500000 
2.500000 
1.581139 
1.581139 
0.707107 
0.707107 
2.061553 
2.061553 
0.000000 
0.000000 
1.581139 
1.581139 
0.500000 
0.500000 
1.414214 
1.414214 
2.500000 
2.500000 
0.000000 
0.000000 
0.000000 
0.000000 
1.000000 
1.000000 
0.707107 
0.707107 
2.061553 
2.061553 
0.000000 
0.000000 
1.581139 
1.581139 
0.500000 
0.500000 
1.414214 
1.414214 
2.500000 
2.500000 
0.000000 
0.000000 
0.000000 
0.000000 
0.000000 
0.000000 
1.414214 
1.414214 
1.414214 
1.414214 
1.414214 
1.414214 
0.707107 
0.707107 
2.061553 
2.061553 
0.000000 
0.000000 
1.581139 
1.581139 
0.500000 
0.500000 
1.414214 
1.414214 
2.500000 
2.500000 
0.000000 
0.000000 
0.000000 
0.000000 
3.535534 
3.535534 
0.500000 
0.500000 
1.802776 
1.802776 
1.581139 
1.581139 
1.414214 
1.414214 
2.500000 
2.500000 
0.707107 
0.707107 
2.061553 
2.061553 
0.000000 
0.000000 
1.581139 
1.581139 
0.500000 
0.500000 
1.414214 
1.414214 
2.500000 
2.500000 
0.000000 
0.000000 
0.000000 
0.000000 
1.802776 
1.802776 
0.000000 
0.000000 
3.535534 
3.535534 
0.500000 
0.500000 
3.640055 
3.640055 
3.535534 
3.535534 
1.414214 
1.414214 
3.354102 
3.354102 
0.707107 
0.707107 
2.061553 
2.061553 
0.000000 
0.000000 
1.581139 
1.581139 
0.500000 
0.500000 
1.414214 
1.414214 
2.500000 
2.500000 
0.000000 
0.000000 
3.000000 
3.000000 
0.000000 
0.000000 
1.802776 
1.802776 
0.000000 
0.000000 
3.535534 
3.535534 
0.500000 
0.500000 
1.118034 
1.118034 
1.802776 
1.802776 
1.414214 
1.414214 
1.414214 
1.414214 
0.707107 
0.707107 
2.061553 
2.061553 
0.000000 
0.000000 
1.581139 
1.581139 
0.500000 
0.500000 
1.414214 
1.414214 
2.500000 
2.500000 
0.000000 
0.000000 
0.000000 
0.000000 
1.802776 
1.802776 
3.500000 
3.500000 
0.000000 
0.000000 
1.802776 
1.802776 
0.000000 
0.000000 
3.535534 
3.535534 
0.500000 
0.500000 
1.802776 
1.802776 
2.549510 
2.549510 
1.414214 
1.414214 
1.118034 
1.118034 
0.707107 
0.707107 
2.061553 
2.061553 
0.000000 
0.000000 
1.581139 
1.581139 
0.500000 
0.500000 
1.414214 
1.414214 
2.500000 
2.500000 
0.000000 
0.000000 
0.000000 
0.000000 
0.000000 
0.000000 
0.000000 
0.000000 
1.802776 
1.802776 
3.500000 
3.500000 
0.000000 
0.000000 
1.802776 
1.802776 
0.000000 
0.000000 
3.535534 
3.535534 
0.500000 
0.500000 
2.692582 
2.692582 
1.581139 
1.581139 
1.414214 
1.414214 
1.500000 
1.500000 
0.707107 
0.707107 
2.061553 
2.061553 
0.000000 
0.000000 
1.581139 
1.581139 
0.500000 
0.500000 
1.414214 
1.414214 
2.500000 
2.500000 
0.000000 
0.000000 
0.000000 
0.000000 
1.802776 
1.802776 
0.000000 
0.000000 
0.000000 
0.000000 
1.802776 
1.802776 
3.500000 
3.500000 
0.000000 
0.000000 
1.802776 
1.802776 
0.000000 
0.000000 
3.535534 
3.535534 
0.500000 
0.500000 
3.162278 
3.162278 
1.581139 
1.581139 
1.414214 
1.414214 
0.000000 
0.000000 
0.707107 
0.707107 
2.061553 
2.061553 
0.000000 
0.000000 
1.581139 
1.581139 
0.500000 
0.500000 
1.414214 
1.414214 
2.500000 
2.500000 
0.000000 
0.000000 
0.000000 
0.000000 
0.000000 
0.000000 
1.802776 
1.802776 
0.000000 
0.000000 
0.000000 
0.000000 
1.802776 
1.802776 
3.500000 
3.500000 
0.000000 
0.000000 
1.802776 
1.802776 
0.000000 
0.000000 
3.535534 
3.535534 
0.500000 
0.500000 
2.500000 
2.500000 
1.581139 
1.581139 
1.414214 
1.414214 
0.707107 
0.707107 
0.707107 
0.707107 
2.061553 
2.061553 
0.000000 
0.000000 
1.581139 
1.581139 
0.500000 
0.500000 
1.414214 
1.414214 
2.500000 
2.500000 
0.000000 
0.000000 
1.581139 
1.581139 
0.000000 
0.000000 
0.000000 
0.000000 
1.802776 
1.802776 
0.000000 
0.000000 
0.000000 
0.000000 
1.802776 
1.802776 
3.500000 
3.500000 
0.000000 
0.000000 
1.802776 
1.802776 
0.000000 
0.000000 
3.535534 
3.535534 
0.500000 
0.500000 
2.500000 
2.500000 
1.581139 
1.581139 
1.414214 
1.414214 
1.118034 
1.118034 
0.707107 
0.707107 
2.061553 
2.061553 
1.581139 
1.581139 
0.500000 
0.500000 
1.414214 
1.414214 
2.500000 
2.500000 
5.000000 
5.000000 
1.581139 
1.581139 
0.000000 
0.000000 
0.000000 
0.000000 
1.802776 
1.802776 
0.000000 
0.000000 
0.000000 
0.000000 
1.802776 
1.802776 
3.500000 
3.500000 
0.000000 
0.000000 
1.802776 
1.802776 
0.000000 
0.000000 
3.535534 
3.535534 
0.500000 
0.500000 
2.500000 
2.500000 
1.581139 
1.581139 
1.414214 
1.414214 
1.118034 
1.118034 
0.707107 
0.707107 
2.061553 
2.061553 
0.500000 
0.500000 
1.414214 
1.414214 
2.500000 
2.500000 
0.000000 
0.000000 
5.000000 
5.000000 
1.581139 
1.581139 
0.000000 
0.000000 
0.000000 
0.000000 
1.802776 
1.802776 
0.000000 
0.000000 
0.000000 
0.000000 
1.802776 
1.802776 
3.500000 
3.500000 
0.000000 
0.000000 
1.802776 
1.802776 
0.000000 
0.000000 
3.535534 
3.535534 
0.500000 
0.500000 
2.500000 
2.500000 
1.581139 
1.581139 
1.414214 
1.414214 
4.031129 
4.031129 
0.707107 
0.707107 
2.061553 
2.061553 
0.500000 
0.500000 
1.414214 
1.414214 
2.500000 
2.500000 
3.535534 
3.535534 
5.000000 
5.000000 
1.581139 
1.581139 
0.000000 
0.000000 
0.000000 
0.000000 
1.802776 
1.802776 
0.000000 
0.000000 
0.000000 
0.000000 
1.802776 
1.802776 
3.500000 
3.500000 
0.000000 
0.000000 
1.802776 
1.802776 
0.000000 
0.000000 
3.535534 
3.535534 
0.500000 
0.500000 
2.500000 
2.500000 
1.581139 
1.581139 
1.414214 
1.414214 
1.581139 
1.581139 
2.061553 
2.061553 
0.500000 
0.500000 
1.414214 
1.414214 
0.000000 
0.000000 
0.000000 
0.000000 
3.535534 
3.535534 
5.000000 
5.000000 
1.581139 
1.581139 
0.000000 
0.000000 
0.000000 
0.000000 
1.802776 
1.802776 
0.000000 
0.000000 
0.000000 
0.000000 
1.802776 
1.802776 
3.500000 
3.500000 
0.000000 
0.000000 
1.802776 
1.802776 
0.000000 
0.000000 
3.535534 
3.535534 
0.500000 
0.500000 
2.500000 
2.500000 
1.581139 
1.581139 
1.414214 
1.414214 
1.581139 
1.581139 
2.061553 
2.061553 
0.500000 
0.500000 
3.535534 
3.535534 
3.000000 
3.000000 
3.535534 
3.535534 
5.000000 
5.000000 
1.581139 
1.581139 
0.000000 
0.000000 
0.000000 
0.000000 
1.802776 
1.802776 
0.000000 
0.000000 
0.000000 
0.000000 
1.802776 
1.802776 
3.500000 
3.500000 
0.000000 
0.000000 
1.802776 
1.802776 
0.000000 
0.000000 
3.535534 
3.535534 
0.500000 
0.500000 
2.500000 
2.500000 
1.581139 
1.581139 
1.414214 
1.414214 
1.581139 
1.581139 
0.000000 
0.000000 
0.000000 
0.000000 
3.535534 
3.535534 
3.000000 
3.000000 
3.535534 
3.535534 
5.000000 
5.000000 
1.581139 
1.581139 
0.000000 
0.000000 
0.000000 
0.000000 
1.802776 
1.802776 
0.000000 
0.000000 
0.000000 
0.000000 
1.802776 
1.802776 
3.500000 
3.500000 
0.000000 
0.000000 
1.802776 
1.802776 
0.000000 
0.000000 
3.535534 
3.535534 
0.500000 
0.500000 
2.500000 
2.500000 
1.581139 
1.581139 
1.414214 
1.414214 
1.581139 
1.581139 
3.640055 
3.640055 
1.581139 
1.581139 
3.535534 
3.535534 
3.000000 
3.000000 
3.535534 
3.535534 
5.000000 
5.000000 
1.581139 
1.581139 
0.000000 
0.000000 
0.000000 
0.000000 
1.802776 
1.802776 
0.000000 
0.000000 
0.000000 
0.000000 
1.802776 
1.802776 
3.500000 
3.500000 
0.000000 
0.000000 
1.802776 
1.802776 
0.000000 
0.000000 
3.535534 
3.535534 
0.500000 
0.500000 
2.500000 
2.500000 
1.581139 
1.581139 
1.581139 
1.581139 
0.000000 
0.000000 
3.640055 
3.640055 
3.500000 
3.500000 
3.535534 
3.535534 
3.000000 
3.000000 
3.535534 
3.535534 
5.000000 
5.000000 
1.581139 
1.581139 
0.000000 
0.000000 
0.000000 
0.000000 
1.802776 
1.802776 
0.000000 
0.000000 
0.000000 
0.000000 
1.802776 
1.802776 
3.500000 
3.500000 
0.000000 
0.000000 
1.802776 
1.802776 
2.500000 
2.500000 
1.581139 
1.581139 
1.581139 
1.581139 
3.807887 
3.807887 
3.640055 
3.640055 
2.549510 
2.549510 
3.535534 
3.535534 
3.000000 
3.000000 
3.535534 
3.535534 
5.000000 
5.000000 
1.581139 
1.581139 
0.000000 
0.000000 
0.000000 
0.000000 
1.802776 
1.802776 
0.000000 
0.000000 
0.000000 
0.000000 
1.802776 
1.802776 
3.500000 
3.500000 
2.500000 
2.500000 
1.581139 
1.581139 
1.581139 
1.581139 
0.000000 
0.000000 
3.807887 
3.807887 
3.640055 
3.640055 
1.118034 
1.118034 
3.535534 
3.535534 
3.000000 
3.000000 
3.535534 
3.535534 
5.000000 
5.000000 
1.581139 
1.581139 
0.000000 
0.000000 
0.000000 
0.000000 
1.802776 
1.802776 
0.000000 
0.000000 
0.000000 
0.000000 
1.802776 
1.802776 
3.500000 
3.500000 
2.500000 
2.500000 
1.581139 
1.581139 
1.581139 
1.581139 
0.000000 
0.000000 
4.472136 
4.472136 
3.807887 
3.807887 
3.640055 
3.640055 
1.118034 
1.118034 
3.535534 
3.535534 
3.000000 
3.000000 
3.535534 
3.535534 
5.000000 
5.000000 
1.581139 
1.581139 
0.000000 
0.000000 
0.000000 
0.000000 
1.802776 
1.802776 
2.500000 
2.500000 
1.581139 
1.581139 
1.581139 
1.581139 
0.000000 
0.000000 
0.000000 
0.000000 
4.472136 
4.472136 
3.807887 
3.807887 
3.640055 
3.640055 
1.118034 
1.118034 
3.535534 
3.535534 
3.000000 
3.000000 
3.535534 
3.535534 
5.000000 
5.000000 
1.581139 
1.581139 
0.000000 
0.000000 
1.802776 
1.802776 
2.500000 
2.500000 
1.581139 
1.581139 
1.581139 
1.581139 
6.103278 
6.103278 
0.000000 
0.000000 
4.472136 
4.472136 
3.807887 
3.807887 
3.640055 
3.640055 
1.118034 
1.118034 
3.535534 
3.535534 
3.000000 
3.000000 
3.535534 
3.535534 
5.000000 
5.000000 
1.581139 
1.581139 
2.500000 
2.500000 
1.581139 
1.581139 
0.000000 
0.000000 
6.103278 
6.103278 
0.000000 
0.000000 
4.472136 
4.472136 
3.807887 
3.807887 
3.640055 
3.640055 
1.118034 
1.118034 
3.535534 
3.535534 
3.000000 
3.000000 
3.535534 
3.535534 
5.000000 
5.000000 
1.581139 
1.581139 
1.581139 
1.581139 
2.500000 
2.500000 
6.103278 
6.103278 
0.000000 
0.000000 
4.472136 
4.472136 
3.807887 
3.807887 
3.640055 
3.640055 
1.118034 
1.118034 
3.535534 
3.535534 
3.000000 
3.000000 
3.535534 
3.535534 
5.000000 
5.000000 
1.581139 
1.581139 
0.000000 
0.000000 
2.236068 
2.236068 
6.103278 
6.103278 
0.000000 
0.000000 
4.472136 
4.472136 
3.807887 
3.807887 
3.640055 
3.640055 
1.118034 
1.118034 
3.535534 
3.535534 
3.000000 
3.000000 
3.535534 
3.535534 
1.581139 
1.581139 
0.000000 
0.000000 
3.605551 
3.605551 
6.103278 
6.103278 
0.000000 
0.000000 
4.472136 
4.472136 
3.807887 
3.807887 
3.640055 
3.640055 
1.118034 
1.118034 
3.535534 
3.535534 
3.000000 
3.000000 
3.535534 
3.535534 
1.581139 
1.581139 
0.000000 
0.000000 
0.000000 
0.000000 
0.000000 
0.000000 
2.915476 
2.915476 
6.103278 
6.103278 
0.000000 
0.000000 
4.472136 
4.472136 
3.807887 
3.807887 
3.640055 
3.640055 
1.118034 
1.118034 
3.535534 
3.535534 
3.000000 
3.000000 
0.000000 
0.000000 
0.000000 
0.000000 
0.000000 
0.000000 
0.000000 
0.000000 
2.915476 
2.915476 
6.103278 
6.103278 
0.000000 
0.000000 
4.472136 
4.472136 
3.807887 
3.807887 
3.640055 
3.640055 
1.118034 
1.118034 
3.535534 
3.535534 
3.000000 
3.000000 
3.640055 
3.640055 
0.000000 
0.000000 
0.000000 
0.000000 
1.118034 
1.118034 
2.915476 
2.915476 
6.103278 
6.103278 
0.000000 
0.000000 
4.472136 
4.472136 
3.807887 
3.807887 
3.640055 
3.640055 
1.118034 
1.118034 
3.640055 
3.640055 
0.000000 
0.000000 
0.000000 
0.000000 
1.118034 
1.118034 
2.915476 
2.915476 
6.103278 
6.103278 
0.000000 
0.000000 
4.472136 
4.472136 
3.807887 
3.807887 
3.640055 
3.640055 
1.118034 
1.118034 
0.000000 
0.000000 
3.640055 
3.640055 
0.000000 
0.000000 
0.000000 
0.000000 
1.118034 
1.118034 
2.915476 
2.915476 
6.103278 
6.103278 
0.000000 
0.000000 
4.472136 
4.472136 
3.807887 
3.807887 
1.118034 
1.118034 
0.000000 
0.000000 
3.162278 
3.162278 
3.640055 
3.640055 
0.000000 
0.000000 
0.000000 
0.000000 
1.118034 
1.118034 
2.915476 
2.915476 
6.103278 
6.103278 
0.000000 
0.000000 
4.472136 
4.472136 
3.807887 
3.807887 
1.118034 
1.118034 
