0.000000 
0.000000 
0.000000 
0.000000 
0.000000 
0.000000 
0.000000 
0.000000 
0.000000 
0.000000 
0.000000 
0.000000 
0.000000 
0.000000 
1.118034 
1.118034 
0.000000 
0.000000 
0.707107 
0.707107 
2.915476 
2.915476 
1.000000 
1.000000 
0.000000 
0.000000 
1.000000 
1.000000 
0.000000 
0.000000 
1.118034 
1.118034 
0.000000 
0.000000 
1.000000 
1.000000 
2.915476 
2.915476 
1.000000 
1.000000 
0.000000 
0.000000 
0.000000 
0.000000 
2.061553 
2.061553 
0.000000 
0.000000 
1.118034 
1.118034 
0.000000 
0.000000 
0.500000 
0.500000 
2.915476 
2.915476 
1.500000 
1.500000 
0.000000 
0.000000 
0.000000 
0.000000 
2.061553 
2.061553 
0.000000 
0.000000 
1.118034 
1.118034 
0.000000 
0.000000 
0.500000 
0.500000 
2.915476 
2.915476 
1.500000 
1.500000 
0.000000 
0.000000 
0.000000 
0.000000 
0.000000 
0.000000 
2.061553 
2.061553 
0.000000 
0.000000 
1.118034 
1.118034 
0.000000 
0.000000 
0.707107 
0.707107 
2.915476 
2.915476 
1.500000 
1.500000 
0.000000 
0.000000 
1.802776 
1.802776 
0.000000 
0.000000 
0.000000 
0.000000 
2.061553 
2.061553 
0.000000 
0.000000 
1.118034 
1.118034 
0.000000 
0.000000 
0.000000 
0.000000 
2.915476 
2.915476 
1.500000 
1.500000 
0.000000 
0.000000 
0.000000 
0.000000 
0.500000 
0.500000 
1.500000 
1.500000 
0.000000 
0.000000 
0.000000 
0.000000 
2.061553 
2.061553 
0.000000 
0.000000 
1.118034 
1.118034 
0.000000 
0.000000 
0.500000 
0.500000 
2.915476 
2.915476 
1.500000 
1.500000 
0.000000 
0.000000 
0.000000 
0.000000 
0.707107 
0.707107 
3.535534 
3.535534 
0.707107 
0.707107 
1.500000 
1.500000 
0.000000 
0.000000 
0.000000 
0.000000 
2.061553 
2.061553 
0.000000 
0.000000 
1.118034 
1.118034 
0.000000 
0.000000 
3.041381 
3.041381 
2.915476 
2.915476 
1.500000 
1.500000 
0.500000 
0.500000 
1.000000 
1.000000 
1.000000 
1.000000 
0.500000 
0.500000 
0.707107 
0.707107 
1.500000 
1.500000 
0.000000 
0.000000 
0.000000 
0.000000 
2.061553 
2.061553 
0.000000 
0.000000 
1.118034 
1.118034 
0.000000 
0.000000 
0.000000 
0.000000 
2.915476 
2.915476 
1.500000 
1.500000 
0.000000 
0.000000 
2.000000 
2.000000 
1.500000 
1.500000 
1.000000 
1.000000 
0.000000 
0.000000 
0.500000 
0.500000 
1.500000 
1.500000 
0.000000 
0.000000 
0.000000 
0.000000 
2.061553 
2.061553 
0.000000 
0.000000 
1.118034 
1.118034 
0.000000 
0.000000 
0.000000 
0.000000 
2.915476 
2.915476 
1.500000 
1.500000 
1.000000 
1.000000 
2.000000 
2.000000 
1.500000 
1.500000 
1.000000 
1.000000 
0.000000 
0.000000 
0.707107 
0.707107 
1.500000 
1.500000 
0.000000 
0.000000 
0.000000 
0.000000 
2.061553 
2.061553 
0.000000 
0.000000 
1.118034 
1.118034 
0.000000 
0.000000 
0.500000 
0.500000 
2.915476 
2.915476 
1.500000 
1.500000 
0.000000 
0.000000 
1.000000 
1.000000 
2.000000 
2.000000 
1.118034 
1.118034 
1.000000 
1.000000 
0.000000 
0.000000 
5.024938 
5.024938 
1.500000 
1.500000 
0.000000 
0.000000 
0.000000 
0.000000 
2.061553 
2.061553 
0.000000 
0.000000 
1.118034 
1.118034 
0.000000 
0.000000 
0.500000 
0.500000 
2.915476 
2.915476 
1.500000 
1.500000 
0.000000 
0.000000 
1.000000 
1.000000 
2.000000 
2.000000 
2.061553 
2.061553 
1.000000 
1.000000 
0.000000 
0.000000 
0.500000 
0.500000 
1.500000 
1.500000 
0.000000 
0.000000 
0.000000 
0.000000 
2.061553 
2.061553 
0.000000 
0.000000 
1.118034 
1.118034 
0.000000 
0.000000 
0.500000 
0.500000 
2.915476 
2.915476 
1.500000 
1.500000 
0.000000 
0.000000 
1.000000 
1.000000 
2.000000 
2.000000 
0.707107 
0.707107 
1.000000 
1.000000 
0.000000 
0.000000 
1.000000 
1.000000 
1.500000 
1.500000 
0.000000 
0.000000 
0.000000 
0.000000 
2.061553 
2.061553 
0.000000 
0.000000 
1.118034 
1.118034 
0.000000 
0.000000 
2.061553 
2.061553 
2.915476 
2.915476 
1.500000 
1.500000 
0.000000 
0.000000 
0.000000 
0.000000 
5.590170 
5.590170 
2.000000 
2.000000 
0.500000 
0.500000 
1.000000 
1.000000 
0.000000 
0.000000 
0.500000 
0.500000 
1.500000 
1.500000 
0.000000 
0.000000 
0.000000 
0.000000 
2.061553 
2.061553 
0.000000 
0.000000 
1.118034 
1.118034 
4.031129 
4.031129 
2.915476 
2.915476 
1.500000 
1.500000 
1.118034 
1.118034 
0.000000 
0.000000 
5.590170 
5.590170 
2.000000 
2.000000 
0.500000 
0.500000 
1.000000 
1.000000 
0.000000 
0.000000 
0.500000 
0.500000 
1.500000 
1.500000 
0.000000 
0.000000 
0.000000 
0.000000 
2.061553 
2.061553 
0.707107 
0.707107 
1.500000 
1.500000 
1.118034 
1.118034 
0.000000 
0.000000 
5.590170 
5.590170 
2.000000 
2.000000 
0.000000 
0.000000 
1.000000 
1.000000 
0.000000 
0.000000 
0.500000 
0.500000 
1.500000 
1.500000 
0.000000 
0.000000 
2.061553 
2.061553 
0.000000 
0.000000 
1.500000 
1.500000 
0.000000 
0.000000 
0.000000 
0.000000 
1.118034 
1.118034 
0.000000 
0.000000 
5.590170 
5.590170 
2.000000 
2.000000 
1.118034 
1.118034 
1.000000 
1.000000 
0.000000 
0.000000 
1.000000 
1.000000 
1.500000 
1.500000 
0.707107 
0.707107 
1.000000 
1.000000 
3.041381 
3.041381 
1.118034 
1.118034 
0.000000 
0.000000 
5.590170 
5.590170 
2.000000 
2.000000 
0.000000 
0.000000 
1.000000 
1.000000 
0.000000 
0.000000 
0.500000 
0.500000 
1.500000 
1.500000 
0.000000 
0.000000 
1.118034 
1.118034 
0.500000 
0.500000 
1.118034 
1.118034 
0.000000 
0.000000 
5.590170 
5.590170 
2.000000 
2.000000 
3.041381 
3.041381 
1.000000 
1.000000 
0.000000 
0.000000 
1.118034 
1.118034 
1.500000 
1.500000 
0.000000 
0.000000 
0.000000 
0.000000 
1.118034 
1.118034 
0.500000 
0.500000 
1.118034 
1.118034 
5.000000 
5.000000 
5.590170 
5.590170 
2.000000 
2.000000 
0.500000 
0.500000 
1.000000 
1.000000 
0.000000 
0.000000 
0.500000 
0.500000 
1.500000 
1.500000 
0.000000 
0.000000 
1.000000 
1.000000 
1.118034 
1.118034 
0.500000 
0.500000 
1.118034 
1.118034 
1.000000 
1.000000 
5.590170 
5.590170 
2.000000 
2.000000 
1.000000 
1.000000 
1.000000 
1.000000 
0.000000 
0.000000 
5.024938 
5.024938 
1.000000 
1.000000 
0.000000 
0.000000 
1.118034 
1.118034 
1.118034 
1.118034 
2.061553 
2.061553 
1.118034 
1.118034 
1.118034 
1.118034 
5.590170 
5.590170 
2.000000 
2.000000 
0.500000 
0.500000 
1.000000 
1.000000 
0.000000 
0.000000 
5.024938 
5.024938 
0.707107 
0.707107 
0.000000 
0.000000 
0.000000 
0.000000 
0.500000 
0.500000 
1.118034 
1.118034 
1.118034 
1.118034 
3.162278 
3.162278 
1.118034 
1.118034 
0.500000 
0.500000 
5.590170 
5.590170 
2.000000 
2.000000 
0.500000 
0.500000 
1.000000 
1.000000 
0.000000 
0.000000 
5.024938 
5.024938 
1.118034 
1.118034 
0.000000 
0.000000 
1.000000 
1.000000 
4.527693 
4.527693 
1.118034 
1.118034 
1.118034 
1.118034 
0.500000 
0.500000 
1.414214 
1.414214 
0.500000 
0.500000 
5.590170 
5.590170 
1.118034 
1.118034 
5.024938 
5.024938 
4.123106 
4.123106 
0.000000 
0.000000 
0.000000 
0.000000 
1.000000 
1.000000 
1.000000 
1.000000 
1.118034 
1.118034 
1.118034 
1.118034 
0.500000 
0.500000 
1.581139 
1.581139 
0.500000 
0.500000 
5.590170 
5.590170 
1.118034 
1.118034 
5.024938 
5.024938 
0.707107 
0.707107 
1.118034 
1.118034 
0.000000 
0.000000 
1.000000 
1.000000 
1.118034 
1.118034 
1.118034 
1.118034 
1.118034 
1.118034 
0.500000 
0.500000 
0.707107 
0.707107 
0.500000 
0.500000 
5.590170 
5.590170 
2.500000 
2.500000 
5.024938 
5.024938 
0.707107 
0.707107 
2.061553 
2.061553 
0.000000 
0.000000 
1.000000 
1.000000 
1.118034 
1.118034 
1.118034 
1.118034 
3.905125 
3.905125 
1.118034 
1.118034 
0.707107 
0.707107 
0.500000 
0.500000 
5.590170 
5.590170 
0.707107 
0.707107 
5.024938 
5.024938 
3.000000 
3.000000 
0.000000 
0.000000 
0.000000 
0.000000 
0.000000 
0.000000 
2.061553 
2.061553 
0.000000 
0.000000 
1.000000 
1.000000 
1.118034 
1.118034 
1.802776 
1.802776 
0.500000 
0.500000 
0.000000 
0.000000 
0.707107 
0.707107 
0.500000 
0.500000 
5.590170 
5.590170 
1.000000 
1.000000 
5.024938 
5.024938 
0.500000 
0.500000 
1.414214 
1.414214 
3.605551 
3.605551 
1.000000 
1.000000 
2.061553 
2.061553 
0.000000 
0.000000 
1.000000 
1.000000 
1.118034 
1.118034 
0.707107 
0.707107 
1.118034 
1.118034 
1.000000 
1.000000 
0.707107 
0.707107 
0.500000 
0.500000 
1.414214 
1.414214 
5.024938 
5.024938 
0.500000 
0.500000 
0.000000 
0.000000 
1.581139 
1.581139 
3.605551 
3.605551 
1.581139 
1.581139 
2.061553 
2.061553 
0.000000 
0.000000 
2.061553 
2.061553 
1.118034 
1.118034 
0.707107 
0.707107 
1.000000 
1.000000 
1.118034 
1.118034 
0.707107 
0.707107 
0.500000 
0.500000 
1.118034 
1.118034 
5.024938 
5.024938 
1.000000 
1.000000 
0.000000 
0.000000 
0.000000 
0.000000 
1.581139 
1.581139 
1.581139 
1.581139 
3.605551 
3.605551 
1.581139 
1.581139 
2.061553 
2.061553 
0.000000 
0.000000 
1.414214 
1.414214 
1.118034 
1.118034 
1.581139 
1.581139 
1.000000 
1.000000 
0.707107 
0.707107 
0.707107 
0.707107 
0.500000 
0.500000 
1.118034 
1.118034 
5.024938 
5.024938 
0.707107 
0.707107 
0.000000 
0.000000 
0.000000 
0.000000 
0.000000 
0.000000 
1.500000 
1.500000 
1.581139 
1.581139 
1.581139 
1.581139 
3.605551 
3.605551 
1.581139 
1.581139 
2.061553 
2.061553 
0.000000 
0.000000 
1.000000 
1.000000 
1.118034 
1.118034 
0.500000 
0.500000 
1.000000 
1.000000 
2.061553 
2.061553 
0.707107 
0.707107 
0.500000 
0.500000 
2.828427 
2.828427 
5.024938 
5.024938 
0.500000 
0.500000 
0.000000 
0.000000 
1.581139 
1.581139 
1.000000 
1.000000 
1.581139 
1.581139 
1.581139 
1.581139 
1.581139 
1.581139 
3.605551 
3.605551 
1.581139 
1.581139 
2.061553 
2.061553 
0.000000 
0.000000 
1.000000 
1.000000 
1.118034 
1.118034 
1.118034 
1.118034 
1.000000 
1.000000 
0.000000 
0.000000 
0.707107 
0.707107 
0.500000 
0.500000 
1.581139 
1.581139 
5.024938 
5.024938 
1.500000 
1.500000 
0.000000 
0.000000 
0.000000 
0.000000 
0.000000 
0.000000 
0.000000 
0.000000 
0.000000 
0.000000 
2.000000 
2.000000 
1.000000 
1.000000 
1.581139 
1.581139 
1.581139 
1.581139 
1.581139 
1.581139 
3.605551 
3.605551 
1.581139 
1.581139 
2.061553 
2.061553 
0.000000 
0.000000 
0.500000 
0.500000 
1.118034 
1.118034 
1.118034 
1.118034 
1.000000 
1.000000 
0.707107 
0.707107 
0.707107 
0.707107 
0.500000 
0.500000 
1.500000 
1.500000 
5.024938 
5.024938 
1.500000 
1.500000 
0.000000 
0.000000 
0.000000 
0.000000 
0.000000 
0.000000 
4.123106 
4.123106 
1.118034 
1.118034 
1.581139 
1.581139 
0.000000 
0.000000 
2.000000 
2.000000 
1.581139 
1.581139 
1.581139 
1.581139 
1.581139 
1.581139 
1.581139 
1.581139 
3.605551 
3.605551 
1.581139 
1.581139 
2.061553 
2.061553 
0.000000 
0.000000 
1.000000 
1.000000 
1.118034 
1.118034 
1.118034 
1.118034 
1.000000 
1.000000 
0.000000 
0.000000 
0.707107 
0.707107 
0.500000 
0.500000 
1.500000 
1.500000 
5.024938 
5.024938 
1.500000 
1.500000 
0.000000 
0.000000 
0.000000 
0.000000 
0.000000 
0.000000 
0.000000 
0.000000 
0.000000 
0.000000 
2.000000 
2.000000 
1.500000 
1.500000 
2.061553 
2.061553 
0.000000 
0.000000 
2.000000 
2.000000 
0.500000 
0.500000 
1.581139 
1.581139 
1.581139 
1.581139 
1.581139 
1.581139 
1.802776 
1.802776 
1.581139 
1.581139 
2.061553 
2.061553 
0.000000 
0.000000 
1.000000 
1.000000 
1.118034 
1.118034 
1.118034 
1.118034 
1.000000 
1.000000 
0.500000 
0.500000 
0.707107 
0.707107 
0.500000 
0.500000 
1.500000 
1.500000 
1.500000 
1.500000 
0.000000 
0.000000 
0.000000 
0.000000 
1.000000 
1.000000 
1.500000 
1.500000 
0.000000 
0.000000 
0.000000 
0.000000 
0.000000 
0.000000 
1.118034 
1.118034 
1.500000 
1.500000 
2.061553 
2.061553 
0.000000 
0.000000 
2.000000 
2.000000 
0.500000 
0.500000 
1.581139 
1.581139 
1.581139 
1.581139 
1.581139 
1.581139 
1.500000 
1.500000 
1.581139 
1.581139 
2.061553 
2.061553 
0.000000 
0.000000 
1.500000 
1.500000 
1.118034 
1.118034 
1.118034 
1.118034 
1.000000 
1.000000 
0.707107 
0.707107 
0.707107 
0.707107 
0.500000 
0.500000 
1.500000 
1.500000 
1.500000 
1.500000 
