0.000000 
0.000000 
0.000000 
0.000000 
0.000000 
0.000000 
3.535534 
3.535534 
0.000000 
0.000000 
0.000000 
0.000000 
0.000000 
0.000000 
0.000000 
0.000000 
1.414214 
1.414214 
0.000000 
0.000000 
0.000000 
0.000000 
1.000000 
1.000000 
0.000000 
0.000000 
1.118034 
1.118034 
0.000000 
0.000000 
0.000000 
0.000000 
0.707107 
0.707107 
0.000000 
0.000000 
0.000000 
0.000000 
2.121320 
2.121320 
1.118034 
1.118034 
0.000000 
0.000000 
0.000000 
0.000000 
1.118034 
1.118034 
1.118034 
1.118034 
1.581139 
1.581139 
1.414214 
1.414214 
1.118034 
1.118034 
0.000000 
0.000000 
0.000000 
0.000000 
4.609772 
4.609772 
0.000000 
0.000000 
0.000000 
0.000000 
1.581139 
1.581139 
4.000000 
4.000000 
1.414214 
1.414214 
1.118034 
1.118034 
0.000000 
0.000000 
0.000000 
0.000000 
0.707107 
0.707107 
0.000000 
0.000000 
2.061553 
2.061553 
2.121320 
2.121320 
3.807887 
3.807887 
1.500000 
1.500000 
1.414214 
1.414214 
1.118034 
1.118034 
0.000000 
0.000000 
0.000000 
0.000000 
1.118034 
1.118034 
0.000000 
0.000000 
0.000000 
0.000000 
1.118034 
1.118034 
2.061553 
2.061553 
5.099020 
5.099020 
1.118034 
1.118034 
3.605551 
3.605551 
1.414214 
1.414214 
1.118034 
1.118034 
0.000000 
0.000000 
0.000000 
0.000000 
2.549510 
2.549510 
1.414214 
1.414214 
2.061553 
2.061553 
0.707107 
0.707107 
2.061553 
2.061553 
1.118034 
1.118034 
1.118034 
1.118034 
3.500000 
3.500000 
1.414214 
1.414214 
1.118034 
1.118034 
0.000000 
0.000000 
0.000000 
0.000000 
1.000000 
1.000000 
0.000000 
0.000000 
0.000000 
0.000000 
0.000000 
0.000000 
1.414214 
1.414214 
2.061553 
2.061553 
0.707107 
0.707107 
2.061553 
2.061553 
1.118034 
1.118034 
6.000000 
6.000000 
2.236068 
2.236068 
1.414214 
1.414214 
1.118034 
1.118034 
0.000000 
0.000000 
0.000000 
0.000000 
1.000000 
1.000000 
2.061553 
2.061553 
2.236068 
2.236068 
1.500000 
1.500000 
1.414214 
1.414214 
2.061553 
2.061553 
3.640055 
3.640055 
2.061553 
2.061553 
1.118034 
1.118034 
3.500000 
3.500000 
1.581139 
1.581139 
1.414214 
1.414214 
1.118034 
1.118034 
0.000000 
0.000000 
0.000000 
0.000000 
0.500000 
0.500000 
1.802776 
1.802776 
2.061553 
2.061553 
2.061553 
2.061553 
1.414214 
1.414214 
2.061553 
2.061553 
0.000000 
0.000000 
2.061553 
2.061553 
1.118034 
1.118034 
1.118034 
1.118034 
4.000000 
4.000000 
1.414214 
1.414214 
1.118034 
1.118034 
1.581139 
1.581139 
0.000000 
0.000000 
2.549510 
2.549510 
0.000000 
0.000000 
0.000000 
0.000000 
1.802776 
1.802776 
2.061553 
2.061553 
2.692582 
2.692582 
1.414214 
1.414214 
2.061553 
2.061553 
1.500000 
1.500000 
2.061553 
2.061553 
1.118034 
1.118034 
1.414214 
1.414214 
1.802776 
1.802776 
1.414214 
1.414214 
1.118034 
1.118034 
1.581139 
1.581139 
0.000000 
0.000000 
0.500000 
0.500000 
0.000000 
0.000000 
0.000000 
0.000000 
2.061553 
2.061553 
0.000000 
0.000000 
1.802776 
1.802776 
2.061553 
2.061553 
0.707107 
0.707107 
1.414214 
1.414214 
2.061553 
2.061553 
2.549510 
2.549510 
2.061553 
2.061553 
1.118034 
1.118034 
1.414214 
1.414214 
1.118034 
1.118034 
1.414214 
1.414214 
1.118034 
1.118034 
1.581139 
1.581139 
0.707107 
0.707107 
0.500000 
0.500000 
0.000000 
0.000000 
1.581139 
1.581139 
0.000000 
0.000000 
1.802776 
1.802776 
2.061553 
2.061553 
0.500000 
0.500000 
1.414214 
1.414214 
2.061553 
2.061553 
1.414214 
1.414214 
2.061553 
2.061553 
1.118034 
1.118034 
4.000000 
4.000000 
3.000000 
3.000000 
1.414214 
1.414214 
1.118034 
1.118034 
1.581139 
1.581139 
0.500000 
0.500000 
0.000000 
0.000000 
0.707107 
0.707107 
0.000000 
0.000000 
1.581139 
1.581139 
0.000000 
0.000000 
1.802776 
1.802776 
2.061553 
2.061553 
0.707107 
0.707107 
1.414214 
1.414214 
2.061553 
2.061553 
2.500000 
2.500000 
2.061553 
2.061553 
1.118034 
1.118034 
1.118034 
1.118034 
1.118034 
1.118034 
1.414214 
1.414214 
1.118034 
1.118034 
1.581139 
1.581139 
1.118034 
1.118034 
0.000000 
0.000000 
1.802776 
1.802776 
0.500000 
0.500000 
0.000000 
0.000000 
1.581139 
1.581139 
0.000000 
0.000000 
1.802776 
1.802776 
2.061553 
2.061553 
0.500000 
0.500000 
1.414214 
1.414214 
2.061553 
2.061553 
0.500000 
0.500000 
2.061553 
2.061553 
1.118034 
1.118034 
0.500000 
0.500000 
0.500000 
0.500000 
1.414214 
1.414214 
1.118034 
1.118034 
1.581139 
1.581139 
0.500000 
0.500000 
0.000000 
0.000000 
1.414214 
1.414214 
1.000000 
1.000000 
0.000000 
0.000000 
1.581139 
1.581139 
0.000000 
0.000000 
1.802776 
1.802776 
2.061553 
2.061553 
0.000000 
0.000000 
1.414214 
1.414214 
2.061553 
2.061553 
2.500000 
2.500000 
2.061553 
2.061553 
1.118034 
1.118034 
0.500000 
0.500000 
1.118034 
1.118034 
1.414214 
1.414214 
1.581139 
1.581139 
1.118034 
1.118034 
0.000000 
0.000000 
0.500000 
0.500000 
1.000000 
1.000000 
0.000000 
0.000000 
1.581139 
1.581139 
0.000000 
0.000000 
1.802776 
1.802776 
2.061553 
2.061553 
0.500000 
0.500000 
1.414214 
1.414214 
2.061553 
2.061553 
1.000000 
1.000000 
2.061553 
2.061553 
1.118034 
1.118034 
1.118034 
1.118034 
0.000000 
0.000000 
1.414214 
1.414214 
1.581139 
1.581139 
0.500000 
0.500000 
0.000000 
0.000000 
0.000000 
0.000000 
3.041381 
3.041381 
1.000000 
1.000000 
0.000000 
0.000000 
1.581139 
1.581139 
0.000000 
0.000000 
1.802776 
1.802776 
2.061553 
2.061553 
0.500000 
0.500000 
1.414214 
1.414214 
2.061553 
2.061553 
3.162278 
3.162278 
2.061553 
2.061553 
1.118034 
1.118034 
4.031129 
4.031129 
0.707107 
0.707107 
1.581139 
1.581139 
2.915476 
2.915476 
0.000000 
0.000000 
0.000000 
0.000000 
2.236068 
2.236068 
4.031129 
4.031129 
0.000000 
0.000000 
1.581139 
1.581139 
0.000000 
0.000000 
1.802776 
1.802776 
2.061553 
2.061553 
1.000000 
1.000000 
1.414214 
1.414214 
2.061553 
2.061553 
1.000000 
1.000000 
2.061553 
2.061553 
1.118034 
1.118034 
0.500000 
0.500000 
0.000000 
0.000000 
1.581139 
1.581139 
0.500000 
0.500000 
0.000000 
0.000000 
0.000000 
0.000000 
0.000000 
0.000000 
0.000000 
0.000000 
0.500000 
0.500000 
0.000000 
0.000000 
1.581139 
1.581139 
0.000000 
0.000000 
1.802776 
1.802776 
2.061553 
2.061553 
1.000000 
1.000000 
1.414214 
1.414214 
2.061553 
2.061553 
1.581139 
1.581139 
1.118034 
1.118034 
1.000000 
1.000000 
0.500000 
0.500000 
1.581139 
1.581139 
1.118034 
1.118034 
2.549510 
2.549510 
0.000000 
0.000000 
0.000000 
0.000000 
1.118034 
1.118034 
1.118034 
1.118034 
0.000000 
0.000000 
1.581139 
1.581139 
0.000000 
0.000000 
1.802776 
1.802776 
2.061553 
2.061553 
2.549510 
2.549510 
1.414214 
1.414214 
2.061553 
2.061553 
3.535534 
3.535534 
1.118034 
1.118034 
1.000000 
1.000000 
0.500000 
0.500000 
1.581139 
1.581139 
0.500000 
0.500000 
6.082763 
6.082763 
0.000000 
0.000000 
0.000000 
0.000000 
0.000000 
0.000000 
1.000000 
1.000000 
0.000000 
0.000000 
1.581139 
1.581139 
0.000000 
0.000000 
1.802776 
1.802776 
2.061553 
2.061553 
0.707107 
0.707107 
1.000000 
1.000000 
0.707107 
0.707107 
0.000000 
0.000000 
1.581139 
1.581139 
1.000000 
1.000000 
0.000000 
0.000000 
6.082763 
6.082763 
0.000000 
0.000000 
0.000000 
0.000000 
0.500000 
0.500000 
1.118034 
1.118034 
0.000000 
0.000000 
1.581139 
1.581139 
0.000000 
0.000000 
1.802776 
1.802776 
2.061553 
2.061553 
1.000000 
1.000000 
1.581139 
1.581139 
0.707107 
0.707107 
0.500000 
0.500000 
1.581139 
1.581139 
1.118034 
1.118034 
0.000000 
0.000000 
6.082763 
6.082763 
0.000000 
0.000000 
0.000000 
0.000000 
0.500000 
0.500000 
0.500000 
0.500000 
0.000000 
0.000000 
1.581139 
1.581139 
0.000000 
0.000000 
1.802776 
1.802776 
2.061553 
2.061553 
1.500000 
1.500000 
1.581139 
1.581139 
1.118034 
1.118034 
1.118034 
1.118034 
1.581139 
1.581139 
0.707107 
0.707107 
0.000000 
0.000000 
6.082763 
6.082763 
0.000000 
0.000000 
0.000000 
0.000000 
0.500000 
0.500000 
0.500000 
0.500000 
0.000000 
0.000000 
1.581139 
1.581139 
0.000000 
0.000000 
0.707107 
0.707107 
1.581139 
1.581139 
2.500000 
2.500000 
0.500000 
0.500000 
0.707107 
0.707107 
0.000000 
0.000000 
0.000000 
0.000000 
0.000000 
0.000000 
6.082763 
6.082763 
0.000000 
0.000000 
0.000000 
0.000000 
0.000000 
0.000000 
2.549510 
2.549510 
0.000000 
0.000000 
1.581139 
1.581139 
5.000000 
5.000000 
1.581139 
1.581139 
2.500000 
2.500000 
0.500000 
0.500000 
3.000000 
3.000000 
0.500000 
0.500000 
0.000000 
0.000000 
0.000000 
0.000000 
6.082763 
6.082763 
0.000000 
0.000000 
0.000000 
0.000000 
0.707107 
0.707107 
0.000000 
0.000000 
1.581139 
1.581139 
1.118034 
1.118034 
1.581139 
1.581139 
2.500000 
2.500000 
1.500000 
1.500000 
1.000000 
1.000000 
0.500000 
0.500000 
0.000000 
0.000000 
0.000000 
0.000000 
6.082763 
6.082763 
0.000000 
0.000000 
0.000000 
0.000000 
0.500000 
0.500000 
0.500000 
0.500000 
0.707107 
0.707107 
1.581139 
1.581139 
2.500000 
2.500000 
0.500000 
0.500000 
0.500000 
0.500000 
0.500000 
0.500000 
0.000000 
0.000000 
0.000000 
0.000000 
6.082763 
6.082763 
0.000000 
0.000000 
0.000000 
0.000000 
0.000000 
0.000000 
0.500000 
0.500000 
1.000000 
1.000000 
1.581139 
1.581139 
2.500000 
2.500000 
1.000000 
1.000000 
1.118034 
1.118034 
0.500000 
0.500000 
0.000000 
0.000000 
0.000000 
0.000000 
6.082763 
6.082763 
0.000000 
0.000000 
0.500000 
0.500000 
0.000000 
0.000000 
0.000000 
0.000000 
1.581139 
1.581139 
2.500000 
2.500000 
0.500000 
0.500000 
4.031129 
4.031129 
0.000000 
0.000000 
0.000000 
0.000000 
0.500000 
0.500000 
0.000000 
0.000000 
0.000000 
0.000000 
6.082763 
6.082763 
0.000000 
0.000000 
0.500000 
0.500000 
1.000000 
1.000000 
3.000000 
3.000000 
1.581139 
1.581139 
0.500000 
0.500000 
0.500000 
0.500000 
4.031129 
4.031129 
0.000000 
0.000000 
0.707107 
0.707107 
0.707107 
0.707107 
0.500000 
0.500000 
0.000000 
0.000000 
0.000000 
0.000000 
6.082763 
6.082763 
0.000000 
0.000000 
0.000000 
0.000000 
0.000000 
0.000000 
0.000000 
0.000000 
1.581139 
1.581139 
0.500000 
0.500000 
0.500000 
0.500000 
4.031129 
4.031129 
1.581139 
1.581139 
1.118034 
1.118034 
1.000000 
1.000000 
0.500000 
0.500000 
0.000000 
0.000000 
0.000000 
0.000000 
6.082763 
6.082763 
0.500000 
0.500000 
0.500000 
0.500000 
0.500000 
0.500000 
1.581139 
1.581139 
0.707107 
0.707107 
0.000000 
0.000000 
4.031129 
4.031129 
0.000000 
0.000000 
1.581139 
1.581139 
1.000000 
1.000000 
4.527693 
4.527693 
0.500000 
0.500000 
0.000000 
0.000000 
0.000000 
0.000000 
6.082763 
6.082763 
0.500000 
0.500000 
0.000000 
0.000000 
0.500000 
0.500000 
1.581139 
1.581139 
0.707107 
0.707107 
0.707107 
0.707107 
4.031129 
4.031129 
0.000000 
0.000000 
1.118034 
1.118034 
1.581139 
1.581139 
1.118034 
1.118034 
1.414214 
1.414214 
0.500000 
0.500000 
0.000000 
0.000000 
0.000000 
0.000000 
6.082763 
6.082763 
1.000000 
1.000000 
0.500000 
0.500000 
1.000000 
1.000000 
1.581139 
1.581139 
0.707107 
0.707107 
2.061553 
2.061553 
4.031129 
4.031129 
