0.000000 
0.000000 
0.000000 
0.000000 
0.000000 
0.000000 
0.000000 
0.000000 
0.000000 
0.000000 
0.000000 
0.000000 
0.000000 
0.000000 
0.000000 
0.000000 
0.000000 
0.000000 
0.000000 
0.000000 
0.000000 
0.000000 
0.000000 
0.000000 
1.118034 
1.118034 
1.118034 
1.118034 
3.041381 
3.041381 
1.581139 
1.581139 
0.500000 
0.500000 
1.118034 
1.118034 
0.000000 
0.000000 
0.000000 
0.000000 
0.000000 
0.000000 
0.000000 
0.000000 
0.000000 
0.000000 
2.061553 
2.061553 
0.000000 
0.000000 
0.000000 
0.000000 
1.118034 
1.118034 
1.500000 
1.500000 
0.707107 
0.707107 
2.121320 
2.121320 
0.500000 
0.500000 
1.118034 
1.118034 
1.118034 
1.118034 
1.581139 
1.581139 
1.000000 
1.000000 
1.581139 
1.581139 
0.000000 
0.000000 
3.807887 
3.807887 
0.000000 
0.000000 
0.000000 
0.000000 
1.118034 
1.118034 
1.500000 
1.500000 
1.118034 
1.118034 
3.354102 
3.354102 
0.500000 
0.500000 
1.118034 
1.118034 
0.000000 
0.000000 
1.118034 
1.118034 
1.581139 
1.581139 
0.000000 
0.000000 
1.000000 
1.000000 
0.000000 
0.000000 
1.000000 
1.000000 
0.000000 
0.000000 
0.000000 
0.000000 
1.118034 
1.118034 
1.500000 
1.500000 
0.500000 
0.500000 
0.707107 
0.707107 
0.500000 
0.500000 
1.118034 
1.118034 
0.000000 
0.000000 
0.000000 
0.000000 
0.000000 
0.000000 
1.414214 
1.414214 
1.581139 
1.581139 
2.692582 
2.692582 
1.000000 
1.000000 
0.000000 
0.000000 
1.581139 
1.581139 
0.000000 
0.000000 
0.000000 
0.000000 
1.118034 
1.118034 
1.500000 
1.500000 
0.500000 
0.500000 
2.549510 
2.549510 
0.500000 
0.500000 
1.118034 
1.118034 
0.000000 
0.000000 
1.118034 
1.118034 
0.000000 
0.000000 
1.414214 
1.414214 
1.581139 
1.581139 
3.535534 
3.535534 
1.000000 
1.000000 
0.000000 
0.000000 
1.000000 
1.000000 
0.000000 
0.000000 
0.000000 
0.000000 
1.118034 
1.118034 
1.500000 
1.500000 
0.707107 
0.707107 
0.500000 
0.500000 
0.500000 
0.500000 
1.118034 
1.118034 
0.500000 
0.500000 
1.414214 
1.414214 
0.000000 
0.000000 
1.414214 
1.414214 
1.581139 
1.581139 
1.000000 
1.000000 
1.000000 
1.000000 
0.000000 
0.000000 
4.000000 
4.000000 
0.000000 
0.000000 
0.000000 
0.000000 
1.118034 
1.118034 
1.500000 
1.500000 
0.707107 
0.707107 
1.118034 
1.118034 
0.500000 
0.500000 
1.118034 
1.118034 
0.000000 
0.000000 
1.581139 
1.581139 
0.000000 
0.000000 
1.414214 
1.414214 
1.581139 
1.581139 
1.118034 
1.118034 
1.000000 
1.000000 
0.000000 
0.000000 
0.500000 
0.500000 
0.000000 
0.000000 
0.000000 
0.000000 
1.118034 
1.118034 
1.500000 
1.500000 
0.500000 
0.500000 
1.118034 
1.118034 
0.500000 
0.500000 
1.118034 
1.118034 
0.500000 
0.500000 
1.802776 
1.802776 
0.000000 
0.000000 
1.414214 
1.414214 
1.581139 
1.581139 
0.707107 
0.707107 
1.000000 
1.000000 
0.000000 
0.000000 
1.500000 
1.500000 
0.000000 
0.000000 
0.000000 
0.000000 
1.118034 
1.118034 
1.500000 
1.500000 
1.118034 
1.118034 
1.000000 
1.000000 
0.500000 
0.500000 
1.118034 
1.118034 
0.000000 
0.000000 
1.118034 
1.118034 
1.414214 
1.414214 
0.000000 
0.000000 
1.414214 
1.414214 
1.581139 
1.581139 
1.000000 
1.000000 
1.000000 
1.000000 
0.000000 
0.000000 
0.707107 
0.707107 
0.000000 
0.000000 
0.000000 
0.000000 
1.118034 
1.118034 
1.500000 
1.500000 
1.000000 
1.000000 
2.692582 
2.692582 
0.500000 
0.500000 
1.118034 
1.118034 
0.000000 
0.000000 
0.707107 
0.707107 
4.527693 
4.527693 
1.414214 
1.414214 
0.000000 
0.000000 
1.414214 
1.414214 
1.581139 
1.581139 
1.118034 
1.118034 
1.000000 
1.000000 
0.000000 
0.000000 
0.707107 
0.707107 
0.000000 
0.000000 
0.000000 
0.000000 
1.118034 
1.118034 
1.500000 
1.500000 
1.000000 
1.000000 
1.414214 
1.414214 
0.500000 
0.500000 
1.118034 
1.118034 
1.118034 
1.118034 
0.000000 
0.000000 
0.500000 
0.500000 
1.414214 
1.414214 
0.000000 
0.000000 
1.414214 
1.414214 
1.581139 
1.581139 
0.707107 
0.707107 
1.000000 
1.000000 
0.000000 
0.000000 
0.500000 
0.500000 
0.000000 
0.000000 
0.000000 
0.000000 
1.118034 
1.118034 
1.500000 
1.500000 
1.000000 
1.000000 
1.414214 
1.414214 
0.500000 
0.500000 
1.118034 
1.118034 
0.000000 
0.000000 
1.118034 
1.118034 
1.118034 
1.118034 
0.707107 
0.707107 
1.414214 
1.414214 
0.000000 
0.000000 
1.414214 
1.414214 
1.581139 
1.581139 
2.061553 
2.061553 
1.000000 
1.000000 
0.000000 
0.000000 
0.000000 
0.000000 
0.000000 
0.000000 
0.000000 
0.000000 
1.118034 
1.118034 
1.500000 
1.500000 
1.000000 
1.000000 
1.581139 
1.581139 
0.500000 
0.500000 
1.118034 
1.118034 
0.000000 
0.000000 
1.802776 
1.802776 
1.118034 
1.118034 
1.118034 
1.118034 
1.000000 
1.000000 
1.414214 
1.414214 
0.000000 
0.000000 
1.414214 
1.414214 
1.581139 
1.581139 
1.118034 
1.118034 
1.000000 
1.000000 
0.000000 
0.000000 
0.000000 
0.000000 
0.000000 
0.000000 
0.000000 
0.000000 
1.118034 
1.118034 
1.500000 
1.500000 
1.000000 
1.000000 
1.802776 
1.802776 
0.500000 
0.500000 
1.118034 
1.118034 
2.236068 
2.236068 
2.061553 
2.061553 
1.118034 
1.118034 
1.118034 
1.118034 
2.061553 
2.061553 
1.414214 
1.414214 
0.000000 
0.000000 
1.414214 
1.414214 
1.581139 
1.581139 
1.500000 
1.500000 
1.000000 
1.000000 
0.000000 
0.000000 
0.500000 
0.500000 
1.118034 
1.118034 
1.500000 
1.500000 
1.000000 
1.000000 
1.118034 
1.118034 
0.500000 
0.500000 
1.118034 
1.118034 
3.000000 
3.000000 
2.061553 
2.061553 
1.118034 
1.118034 
1.118034 
1.118034 
1.000000 
1.000000 
1.414214 
1.414214 
0.000000 
0.000000 
1.414214 
1.414214 
1.581139 
1.581139 
0.500000 
0.500000 
1.000000 
1.000000 
0.500000 
0.500000 
1.500000 
1.500000 
1.000000 
1.000000 
1.414214 
1.414214 
3.000000 
3.000000 
2.061553 
2.061553 
1.118034 
1.118034 
1.118034 
1.118034 
0.500000 
0.500000 
1.414214 
1.414214 
0.000000 
0.000000 
1.414214 
1.414214 
1.581139 
1.581139 
0.500000 
0.500000 
1.000000 
1.000000 
0.707107 
0.707107 
1.000000 
1.000000 
1.581139 
1.581139 
0.000000 
0.000000 
3.000000 
3.000000 
2.061553 
2.061553 
1.118034 
1.118034 
1.118034 
1.118034 
1.118034 
1.118034 
1.414214 
1.414214 
0.000000 
0.000000 
1.414214 
1.414214 
0.500000 
0.500000 
1.000000 
1.000000 
0.500000 
0.500000 
1.000000 
1.000000 
0.500000 
0.500000 
0.000000 
0.000000 
0.000000 
0.000000 
0.000000 
0.000000 
3.000000 
3.000000 
2.061553 
2.061553 
1.118034 
1.118034 
1.118034 
1.118034 
1.118034 
1.118034 
1.414214 
1.414214 
1.414214 
1.414214 
1.118034 
1.118034 
0.500000 
0.500000 
1.000000 
1.000000 
1.581139 
1.581139 
2.000000 
2.000000 
0.000000 
0.000000 
0.000000 
0.000000 
3.000000 
3.000000 
2.061553 
2.061553 
1.118034 
1.118034 
1.118034 
1.118034 
1.000000 
1.000000 
1.414214 
1.414214 
1.118034 
1.118034 
0.500000 
0.500000 
1.000000 
1.000000 
0.707107 
0.707107 
1.802776 
1.802776 
0.000000 
0.000000 
0.000000 
0.000000 
3.000000 
3.000000 
2.061553 
2.061553 
1.118034 
1.118034 
1.118034 
1.118034 
1.414214 
1.414214 
1.414214 
1.414214 
1.000000 
1.000000 
1.118034 
1.118034 
1.000000 
1.000000 
0.707107 
0.707107 
5.024938 
5.024938 
0.000000 
0.000000 
0.000000 
0.000000 
3.000000 
3.000000 
2.061553 
2.061553 
1.118034 
1.118034 
1.118034 
1.118034 
0.000000 
0.000000 
1.414214 
1.414214 
0.500000 
0.500000 
1.118034 
1.118034 
1.000000 
1.000000 
4.609772 
4.609772 
1.500000 
1.500000 
0.000000 
0.000000 
0.000000 
0.000000 
3.000000 
3.000000 
2.061553 
2.061553 
1.118034 
1.118034 
1.118034 
1.118034 
3.201562 
3.201562 
1.414214 
1.414214 
1.118034 
1.118034 
0.707107 
0.707107 
1.000000 
1.000000 
0.000000 
0.000000 
1.802776 
1.802776 
0.000000 
0.000000 
0.000000 
0.000000 
3.000000 
3.000000 
2.061553 
2.061553 
1.118034 
1.118034 
1.118034 
1.118034 
1.000000 
1.000000 
1.414214 
1.414214 
0.000000 
0.000000 
0.500000 
0.500000 
1.000000 
1.000000 
0.500000 
0.500000 
0.000000 
0.000000 
2.061553 
2.061553 
0.000000 
0.000000 
0.000000 
0.000000 
3.000000 
3.000000 
2.061553 
2.061553 
1.118034 
1.118034 
1.118034 
1.118034 
0.500000 
0.500000 
0.000000 
0.000000 
4.609772 
4.609772 
0.500000 
0.500000 
3.535534 
3.535534 
1.802776 
1.802776 
0.000000 
0.000000 
0.000000 
0.000000 
3.000000 
3.000000 
2.061553 
2.061553 
1.118034 
1.118034 
1.118034 
1.118034 
1.000000 
1.000000 
0.500000 
0.500000 
1.000000 
1.000000 
0.707107 
0.707107 
0.000000 
0.000000 
3.500000 
3.500000 
1.802776 
1.802776 
0.000000 
0.000000 
0.000000 
0.000000 
2.236068 
2.236068 
2.061553 
2.061553 
1.118034 
1.118034 
2.000000 
2.000000 
1.118034 
1.118034 
1.500000 
1.500000 
0.500000 
0.500000 
0.000000 
0.000000 
0.000000 
0.000000 
3.500000 
3.500000 
1.802776 
1.802776 
0.000000 
0.000000 
0.000000 
0.000000 
1.000000 
1.000000 
2.061553 
2.061553 
1.414214 
1.414214 
1.000000 
1.000000 
2.000000 
2.000000 
0.707107 
0.707107 
0.000000 
0.000000 
4.000000 
4.000000 
0.000000 
0.000000 
3.500000 
3.500000 
1.802776 
1.802776 
0.000000 
0.000000 
0.000000 
0.000000 
0.500000 
0.500000 
2.061553 
2.061553 
3.535534 
3.535534 
5.099020 
5.099020 
2.236068 
2.236068 
0.500000 
0.500000 
0.000000 
0.000000 
1.802776 
1.802776 
4.000000 
4.000000 
0.000000 
0.000000 
3.500000 
3.500000 
1.802776 
1.802776 
0.000000 
0.000000 
0.000000 
0.000000 
1.581139 
1.581139 
0.707107 
0.707107 
0.707107 
0.707107 
1.581139 
1.581139 
1.000000 
1.000000 
3.162278 
3.162278 
10.511898 
10.511898 
4.000000 
4.000000 
0.000000 
0.000000 
3.500000 
3.500000 
1.802776 
1.802776 
0.000000 
0.000000 
0.000000 
0.000000 
1.581139 
1.581139 
0.707107 
0.707107 
0.707107 
0.707107 
0.707107 
0.707107 
1.118034 
1.118034 
3.162278 
3.162278 
1.000000 
1.000000 
4.000000 
4.000000 
0.000000 
0.000000 
3.500000 
3.500000 
1.802776 
1.802776 
0.000000 
0.000000 
0.000000 
0.000000 
1.581139 
1.581139 
1.581139 
1.581139 
1.118034 
1.118034 
6.519202 
6.519202 
0.500000 
0.500000 
0.000000 
0.000000 
3.162278 
3.162278 
1.000000 
1.000000 
4.000000 
4.000000 
0.000000 
0.000000 
3.500000 
3.500000 
1.802776 
1.802776 
0.000000 
0.000000 
1.581139 
1.581139 
1.118034 
1.118034 
1.414214 
1.414214 
2.061553 
2.061553 
1.118034 
1.118034 
0.000000 
0.000000 
0.000000 
0.000000 
3.162278 
3.162278 
1.000000 
1.000000 
4.000000 
4.000000 
0.000000 
0.000000 
3.500000 
3.500000 
1.802776 
1.802776 
1.581139 
1.581139 
1.581139 
1.581139 
0.500000 
0.500000 
0.500000 
0.500000 
0.500000 
0.500000 
4.000000 
4.000000 
0.000000 
0.000000 
3.162278 
3.162278 
1.000000 
1.000000 
4.000000 
4.000000 
0.000000 
0.000000 
3.500000 
3.500000 
1.802776 
1.802776 
1.581139 
1.581139 
1.414214 
1.414214 
0.500000 
0.500000 
3.162278 
3.162278 
1.000000 
1.000000 
4.000000 
4.000000 
0.000000 
0.000000 
3.162278 
3.162278 
1.000000 
1.000000 
4.000000 
4.000000 
0.000000 
0.000000 
3.500000 
3.500000 
1.802776 
1.802776 
1.581139 
1.581139 
9.219544 
9.219544 
0.500000 
0.500000 
1.802776 
1.802776 
0.500000 
0.500000 
0.000000 
0.000000 
4.000000 
4.000000 
0.000000 
0.000000 
3.162278 
3.162278 
1.000000 
1.000000 
4.000000 
4.000000 
0.000000 
0.000000 
3.500000 
3.500000 
1.802776 
1.802776 
1.581139 
1.581139 
0.500000 
0.500000 
0.500000 
0.500000 
8.062258 
8.062258 
1.118034 
1.118034 
2.000000 
2.000000 
4.000000 
4.000000 
0.000000 
0.000000 
3.162278 
3.162278 
1.000000 
1.000000 
4.000000 
4.000000 
0.000000 
0.000000 
3.500000 
3.500000 
1.802776 
1.802776 
1.581139 
1.581139 
0.707107 
0.707107 
0.500000 
0.500000 
1.500000 
1.500000 
1.118034 
1.118034 
