0.000000 
0.000000 
0.000000 
0.000000 
0.000000 
0.000000 
7.071068 
7.071068 
4.500000 
4.500000 
1.000000 
1.000000 
3.162278 
3.162278 
5.220153 
5.220153 
11.629703 
11.629703 
0.000000 
0.000000 
2.915476 
2.915476 
4.472136 
4.472136 
3.000000 
3.000000 
0.000000 
0.000000 
2.915476 
2.915476 
3.905125 
3.905125 
3.041381 
3.041381 
0.000000 
0.000000 
2.915476 
2.915476 
2.061553 
2.061553 
2.236068 
2.236068 
0.000000 
0.000000 
2.915476 
2.915476 
18.006943 
18.006943 
2.236068 
2.236068 
0.000000 
0.000000 
2.915476 
2.915476 
2.061553 
2.061553 
4.716991 
4.716991 
0.000000 
0.000000 
2.915476 
2.915476 
1.118034 
1.118034 
10.630146 
10.630146 
0.000000 
0.000000 
2.915476 
2.915476 
1.118034 
1.118034 
21.095023 
21.095023 
0.000000 
0.000000 
2.915476 
2.915476 
0.500000 
0.500000 
1.118034 
1.118034 
0.000000 
0.000000 
2.915476 
2.915476 
1.118034 
1.118034 
0.500000 
0.500000 
0.000000 
0.000000 
2.915476 
2.915476 
1.118034 
1.118034 
0.500000 
0.500000 
0.000000 
0.000000 
2.915476 
2.915476 
2.061553 
2.061553 
3.041381 
3.041381 
0.000000 
0.000000 
0.000000 
0.000000 
2.915476 
2.915476 
1.118034 
1.118034 
2.692582 
2.692582 
0.000000 
0.000000 
2.692582 
2.692582 
0.000000 
0.000000 
2.915476 
2.915476 
0.500000 
0.500000 
2.692582 
2.692582 
1.118034 
1.118034 
2.915476 
2.915476 
0.000000 
0.000000 
2.915476 
2.915476 
2.500000 
2.500000 
2.692582 
2.692582 
0.000000 
0.000000 
9.124144 
9.124144 
2.915476 
2.915476 
0.000000 
0.000000 
2.915476 
2.915476 
3.041381 
3.041381 
2.692582 
2.692582 
3.162278 
3.162278 
1.118034 
1.118034 
2.915476 
2.915476 
3.640055 
3.640055 
2.692582 
2.692582 
0.000000 
0.000000 
3.162278 
3.162278 
8.732125 
8.732125 
2.915476 
2.915476 
2.000000 
2.000000 
2.692582 
2.692582 
2.549510 
2.549510 
3.162278 
3.162278 
2.061553 
2.061553 
2.915476 
2.915476 
0.500000 
0.500000 
2.692582 
2.692582 
0.000000 
0.000000 
3.640055 
3.640055 
3.162278 
3.162278 
8.062258 
8.062258 
2.915476 
2.915476 
11.011358 
11.011358 
2.692582 
2.692582 
0.000000 
0.000000 
1.581139 
1.581139 
3.640055 
3.640055 
3.162278 
3.162278 
8.902247 
8.902247 
2.915476 
2.915476 
1.000000 
1.000000 
2.692582 
2.692582 
3.500000 
3.500000 
2.061553 
2.061553 
3.640055 
3.640055 
3.162278 
3.162278 
0.500000 
0.500000 
2.915476 
2.915476 
1.000000 
1.000000 
2.692582 
2.692582 
3.500000 
3.500000 
5.385165 
5.385165 
3.640055 
3.640055 
3.162278 
3.162278 
1.802776 
1.802776 
2.915476 
2.915476 
1.000000 
1.000000 
2.692582 
2.692582 
0.000000 
0.000000 
0.000000 
0.000000 
1.118034 
1.118034 
5.385165 
5.385165 
3.640055 
3.640055 
3.162278 
3.162278 
2.500000 
2.500000 
2.915476 
2.915476 
1.000000 
1.000000 
2.692582 
2.692582 
0.707107 
0.707107 
1.802776 
1.802776 
5.000000 
5.000000 
5.385165 
5.385165 
3.640055 
3.640055 
3.162278 
3.162278 
1.802776 
1.802776 
2.915476 
2.915476 
7.280110 
7.280110 
2.692582 
2.692582 
0.000000 
0.000000 
0.707107 
0.707107 
1.802776 
1.802776 
1.802776 
1.802776 
5.385165 
5.385165 
3.640055 
3.640055 
3.162278 
3.162278 
1.802776 
1.802776 
2.915476 
2.915476 
0.707107 
0.707107 
2.692582 
2.692582 
2.061553 
2.061553 
3.000000 
3.000000 
1.581139 
1.581139 
3.041381 
3.041381 
5.385165 
5.385165 
3.640055 
3.640055 
3.162278 
3.162278 
1.802776 
1.802776 
2.915476 
2.915476 
0.707107 
0.707107 
2.692582 
2.692582 
0.000000 
0.000000 
1.414214 
1.414214 
0.707107 
0.707107 
1.581139 
1.581139 
2.549510 
2.549510 
5.385165 
5.385165 
3.640055 
3.640055 
3.162278 
3.162278 
1.802776 
1.802776 
2.915476 
2.915476 
0.707107 
0.707107 
0.000000 
0.000000 
0.500000 
0.500000 
0.707107 
0.707107 
1.000000 
1.000000 
1.500000 
1.500000 
2.549510 
2.549510 
5.385165 
5.385165 
3.640055 
3.640055 
3.162278 
3.162278 
1.802776 
1.802776 
2.915476 
2.915476 
0.707107 
0.707107 
3.535534 
3.535534 
0.500000 
0.500000 
1.118034 
1.118034 
0.500000 
0.500000 
1.802776 
1.802776 
2.549510 
2.549510 
5.385165 
5.385165 
3.640055 
3.640055 
3.162278 
3.162278 
1.802776 
1.802776 
0.707107 
0.707107 
0.000000 
0.000000 
3.535534 
3.535534 
0.500000 
0.500000 
1.802776 
1.802776 
0.500000 
0.500000 
1.802776 
1.802776 
2.549510 
2.549510 
5.385165 
5.385165 
3.640055 
3.640055 
3.162278 
3.162278 
1.802776 
1.802776 
0.707107 
0.707107 
0.000000 
0.000000 
2.236068 
2.236068 
3.535534 
3.535534 
0.500000 
0.500000 
1.802776 
1.802776 
0.500000 
0.500000 
1.802776 
1.802776 
2.549510 
2.549510 
5.385165 
5.385165 
3.640055 
3.640055 
1.802776 
1.802776 
0.707107 
0.707107 
6.103278 
6.103278 
1.500000 
1.500000 
3.535534 
3.535534 
0.500000 
0.500000 
1.802776 
1.802776 
0.500000 
0.500000 
1.802776 
1.802776 
2.549510 
2.549510 
5.385165 
5.385165 
3.640055 
3.640055 
1.802776 
1.802776 
0.707107 
0.707107 
0.000000 
0.000000 
3.354102 
3.354102 
2.061553 
2.061553 
3.535534 
3.535534 
0.500000 
0.500000 
1.802776 
1.802776 
0.500000 
0.500000 
1.802776 
1.802776 
2.549510 
2.549510 
5.385165 
5.385165 
3.640055 
3.640055 
1.802776 
1.802776 
0.707107 
0.707107 
1.118034 
1.118034 
3.354102 
3.354102 
2.061553 
2.061553 
3.535534 
3.535534 
0.500000 
0.500000 
1.802776 
1.802776 
0.500000 
0.500000 
1.802776 
1.802776 
2.549510 
2.549510 
5.385165 
5.385165 
1.802776 
1.802776 
0.707107 
0.707107 
1.118034 
1.118034 
3.354102 
3.354102 
5.500000 
5.500000 
3.535534 
3.535534 
0.500000 
0.500000 
1.802776 
1.802776 
0.500000 
0.500000 
1.802776 
1.802776 
2.549510 
2.549510 
5.385165 
5.385165 
1.802776 
1.802776 
0.707107 
0.707107 
3.354102 
3.354102 
3.354102 
3.354102 
1.500000 
1.500000 
3.535534 
3.535534 
0.500000 
0.500000 
1.802776 
1.802776 
0.500000 
0.500000 
1.802776 
1.802776 
2.549510 
2.549510 
5.385165 
5.385165 
1.802776 
1.802776 
0.707107 
0.707107 
