0.000000 
0.000000 
0.000000 
0.000000 
0.000000 
0.000000 
0.000000 
0.000000 
0.000000 
0.000000 
0.000000 
0.000000 
1.414214 
1.414214 
0.500000 
0.500000 
4.123106 
4.123106 
0.707107 
0.707107 
0.500000 
0.500000 
1.414214 
1.414214 
0.000000 
0.000000 
2.061553 
2.061553 
0.000000 
0.000000 
1.500000 
1.500000 
0.500000 
0.500000 
1.414214 
1.414214 
1.118034 
1.118034 
1.581139 
1.581139 
0.000000 
0.000000 
1.000000 
1.000000 
1.500000 
1.500000 
0.707107 
0.707107 
1.414214 
1.414214 
1.118034 
1.118034 
3.162278 
3.162278 
1.581139 
1.581139 
1.000000 
1.000000 
1.500000 
1.500000 
0.707107 
0.707107 
1.414214 
1.414214 
1.118034 
1.118034 
1.802776 
1.802776 
0.000000 
0.000000 
0.707107 
0.707107 
1.000000 
1.000000 
1.500000 
1.500000 
0.000000 
0.000000 
1.414214 
1.414214 
1.118034 
1.118034 
1.802776 
1.802776 
0.707107 
0.707107 
1.414214 
1.414214 
1.000000 
1.000000 
1.500000 
1.500000 
0.707107 
0.707107 
1.414214 
1.414214 
1.118034 
1.118034 
4.031129 
4.031129 
0.000000 
0.000000 
0.707107 
0.707107 
1.000000 
1.000000 
1.000000 
1.000000 
1.500000 
1.500000 
0.500000 
0.500000 
1.414214 
1.414214 
1.118034 
1.118034 
1.000000 
1.000000 
0.500000 
0.500000 
0.707107 
0.707107 
1.581139 
1.581139 
1.000000 
1.000000 
1.500000 
1.500000 
1.000000 
1.000000 
1.414214 
1.414214 
1.118034 
1.118034 
2.061553 
2.061553 
0.500000 
0.500000 
0.707107 
0.707107 
2.000000 
2.000000 
1.000000 
1.000000 
1.500000 
1.500000 
0.500000 
0.500000 
1.414214 
1.414214 
1.118034 
1.118034 
3.041381 
3.041381 
0.000000 
0.000000 
0.707107 
0.707107 
0.707107 
0.707107 
3.535534 
3.535534 
1.000000 
1.000000 
1.500000 
1.500000 
0.000000 
0.000000 
1.414214 
1.414214 
1.118034 
1.118034 
2.549510 
2.549510 
0.000000 
0.000000 
1.118034 
1.118034 
0.707107 
0.707107 
2.061553 
2.061553 
1.000000 
1.000000 
1.500000 
1.500000 
0.500000 
0.500000 
1.414214 
1.414214 
1.118034 
1.118034 
2.061553 
2.061553 
4.301163 
4.301163 
5.500000 
5.500000 
0.707107 
0.707107 
4.031129 
4.031129 
1.000000 
1.000000 
1.500000 
1.500000 
1.000000 
1.000000 
1.414214 
1.414214 
1.118034 
1.118034 
5.385165 
5.385165 
4.301163 
4.301163 
1.000000 
1.000000 
0.707107 
0.707107 
2.061553 
2.061553 
1.000000 
1.000000 
1.500000 
1.500000 
0.500000 
0.500000 
1.414214 
1.414214 
1.118034 
1.118034 
1.414214 
1.414214 
3.605551 
3.605551 
0.500000 
0.500000 
0.707107 
0.707107 
3.041381 
3.041381 
1.000000 
1.000000 
1.500000 
1.500000 
0.000000 
0.000000 
1.414214 
1.414214 
1.118034 
1.118034 
5.590170 
5.590170 
0.707107 
0.707107 
1.118034 
1.118034 
0.707107 
0.707107 
3.500000 
3.500000 
1.000000 
1.000000 
1.500000 
1.500000 
0.000000 
0.000000 
1.118034 
1.118034 
2.000000 
2.000000 
0.000000 
0.000000 
0.707107 
0.707107 
1.118034 
1.118034 
0.707107 
0.707107 
1.500000 
1.500000 
1.000000 
1.000000 
1.500000 
1.500000 
1.000000 
1.000000 
1.118034 
1.118034 
2.000000 
2.000000 
0.000000 
0.000000 
0.500000 
0.500000 
0.707107 
0.707107 
0.707107 
0.707107 
0.707107 
0.707107 
1.500000 
1.500000 
1.000000 
1.000000 
1.000000 
1.000000 
1.581139 
1.581139 
1.500000 
1.500000 
1.802776 
1.802776 
0.707107 
0.707107 
0.707107 
0.707107 
0.707107 
0.707107 
1.500000 
1.500000 
0.000000 
0.000000 
2.500000 
2.500000 
3.041381 
3.041381 
1.414214 
1.414214 
0.707107 
0.707107 
0.707107 
0.707107 
0.707107 
0.707107 
1.500000 
1.500000 
1.581139 
1.581139 
1.581139 
1.581139 
3.041381 
3.041381 
1.414214 
1.414214 
0.707107 
0.707107 
0.707107 
0.707107 
0.707107 
0.707107 
1.500000 
1.500000 
1.581139 
1.581139 
5.000000 
5.000000 
3.041381 
3.041381 
1.581139 
1.581139 
0.707107 
0.707107 
0.707107 
0.707107 
0.707107 
0.707107 
1.500000 
1.500000 
1.581139 
1.581139 
2.000000 
2.000000 
3.041381 
3.041381 
1.118034 
1.118034 
0.707107 
0.707107 
0.707107 
0.707107 
1.500000 
1.500000 
1.581139 
1.581139 
2.500000 
2.500000 
3.041381 
3.041381 
1.414214 
1.414214 
0.707107 
0.707107 
1.414214 
1.414214 
1.500000 
1.500000 
1.581139 
1.581139 
2.000000 
2.000000 
3.041381 
3.041381 
1.118034 
1.118034 
0.707107 
0.707107 
4.272002 
4.272002 
1.500000 
1.500000 
1.581139 
1.581139 
1.581139 
1.581139 
3.041381 
3.041381 
1.581139 
1.581139 
0.707107 
0.707107 
0.500000 
0.500000 
1.500000 
1.500000 
1.581139 
1.581139 
1.118034 
1.118034 
3.041381 
3.041381 
1.000000 
1.000000 
0.707107 
0.707107 
1.000000 
1.000000 
1.500000 
1.500000 
1.581139 
1.581139 
3.535534 
3.535534 
3.041381 
3.041381 
3.500000 
3.500000 
0.707107 
0.707107 
0.500000 
0.500000 
1.500000 
1.500000 
1.581139 
1.581139 
1.118034 
1.118034 
3.041381 
3.041381 
1.500000 
1.500000 
0.707107 
0.707107 
1.118034 
1.118034 
1.500000 
1.500000 
1.581139 
1.581139 
1.000000 
1.000000 
3.041381 
3.041381 
2.000000 
2.000000 
0.707107 
0.707107 
0.707107 
0.707107 
1.500000 
1.500000 
1.581139 
1.581139 
0.707107 
0.707107 
3.041381 
3.041381 
1.802776 
1.802776 
0.500000 
0.500000 
1.500000 
1.500000 
1.581139 
1.581139 
0.500000 
0.500000 
0.000000 
0.000000 
3.041381 
3.041381 
1.581139 
1.581139 
0.707107 
0.707107 
1.581139 
1.581139 
0.500000 
0.500000 
0.000000 
0.000000 
5.099020 
5.099020 
3.041381 
3.041381 
1.118034 
1.118034 
0.500000 
0.500000 
1.581139 
1.581139 
0.500000 
0.500000 
0.000000 
0.000000 
0.000000 
0.000000 
0.500000 
0.500000 
0.500000 
0.500000 
3.041381 
3.041381 
1.581139 
1.581139 
2.692582 
2.692582 
1.581139 
1.581139 
0.000000 
0.000000 
0.000000 
0.000000 
0.000000 
0.000000 
5.024938 
5.024938 
2.061553 
2.061553 
0.500000 
0.500000 
0.500000 
0.500000 
0.500000 
0.500000 
1.118034 
1.118034 
0.500000 
0.500000 
0.000000 
0.000000 
0.000000 
0.000000 
0.500000 
0.500000 
5.024938 
5.024938 
0.707107 
0.707107 
0.500000 
0.500000 
0.707107 
0.707107 
0.500000 
0.500000 
2.121320 
2.121320 
1.118034 
1.118034 
1.118034 
1.118034 
0.000000 
0.000000 
1.500000 
1.500000 
5.024938 
5.024938 
0.500000 
0.500000 
0.500000 
0.500000 
1.581139 
1.581139 
1.581139 
1.581139 
2.500000 
2.500000 
2.061553 
2.061553 
1.118034 
1.118034 
0.000000 
0.000000 
0.707107 
0.707107 
5.024938 
5.024938 
0.500000 
0.500000 
0.500000 
0.500000 
1.414214 
1.414214 
1.581139 
1.581139 
2.500000 
2.500000 
2.061553 
2.061553 
