0.000000 
0.000000 
0.000000 
0.000000 
0.000000 
0.000000 
0.000000 
0.000000 
0.000000 
0.000000 
0.000000 
0.000000 
2.061553 
2.061553 
3.354102 
3.354102 
1.000000 
1.000000 
0.500000 
0.500000 
0.000000 
0.000000 
0.500000 
0.500000 
1.118034 
1.118034 
3.000000 
3.000000 
0.707107 
0.707107 
0.000000 
0.000000 
0.000000 
0.000000 
0.500000 
0.500000 
0.000000 
0.000000 
0.000000 
0.000000 
1.000000 
1.000000 
0.500000 
0.500000 
0.000000 
0.000000 
0.500000 
0.500000 
2.692582 
2.692582 
0.500000 
0.500000 
2.549510 
2.549510 
1.000000 
1.000000 
0.000000 
0.000000 
0.500000 
0.500000 
1.000000 
1.000000 
0.500000 
0.500000 
1.118034 
1.118034 
1.118034 
1.118034 
0.000000 
0.000000 
0.500000 
0.500000 
0.707107 
0.707107 
0.707107 
0.707107 
1.000000 
1.000000 
0.707107 
0.707107 
0.000000 
0.000000 
0.500000 
0.500000 
0.707107 
0.707107 
0.707107 
0.707107 
1.500000 
1.500000 
0.000000 
0.000000 
0.000000 
0.000000 
0.707107 
0.707107 
0.000000 
0.000000 
0.500000 
0.500000 
0.707107 
0.707107 
1.118034 
1.118034 
1.500000 
1.500000 
1.000000 
1.000000 
1.118034 
1.118034 
0.707107 
0.707107 
0.000000 
0.000000 
0.500000 
0.500000 
0.707107 
0.707107 
0.500000 
0.500000 
1.500000 
1.500000 
0.000000 
0.000000 
2.000000 
2.000000 
1.581139 
1.581139 
0.707107 
0.707107 
0.000000 
0.000000 
0.500000 
0.500000 
0.707107 
0.707107 
1.118034 
1.118034 
1.500000 
1.500000 
0.000000 
0.000000 
0.000000 
0.000000 
1.118034 
1.118034 
0.000000 
0.000000 
0.707107 
0.707107 
0.000000 
0.000000 
0.500000 
0.500000 
0.707107 
0.707107 
1.118034 
1.118034 
1.500000 
1.500000 
0.000000 
0.000000 
1.118034 
1.118034 
0.000000 
0.000000 
1.118034 
1.118034 
0.707107 
0.707107 
0.707107 
0.707107 
0.000000 
0.000000 
0.500000 
0.500000 
0.707107 
0.707107 
0.500000 
0.500000 
1.500000 
1.500000 
1.118034 
1.118034 
1.581139 
1.581139 
0.000000 
0.000000 
1.118034 
1.118034 
0.000000 
0.000000 
0.707107 
0.707107 
0.000000 
0.000000 
0.500000 
0.500000 
0.707107 
0.707107 
0.500000 
0.500000 
1.500000 
1.500000 
1.581139 
1.581139 
1.581139 
1.581139 
0.000000 
0.000000 
1.118034 
1.118034 
1.118034 
1.118034 
0.707107 
0.707107 
0.000000 
0.000000 
0.500000 
0.500000 
0.707107 
0.707107 
0.500000 
0.500000 
1.500000 
1.500000 
3.000000 
3.000000 
3.500000 
3.500000 
1.118034 
1.118034 
1.118034 
1.118034 
3.640055 
3.640055 
0.707107 
0.707107 
0.500000 
0.500000 
0.707107 
0.707107 
1.000000 
1.000000 
1.500000 
1.500000 
1.500000 
1.500000 
3.500000 
3.500000 
0.707107 
0.707107 
1.118034 
1.118034 
1.118034 
1.118034 
0.707107 
0.707107 
0.500000 
0.500000 
0.707107 
0.707107 
1.414214 
1.414214 
1.500000 
1.500000 
0.000000 
0.000000 
1.581139 
1.581139 
3.500000 
3.500000 
0.500000 
0.500000 
1.118034 
1.118034 
1.000000 
1.000000 
0.707107 
0.707107 
0.707107 
0.707107 
0.000000 
0.000000 
1.500000 
1.500000 
1.581139 
1.581139 
1.000000 
1.000000 
3.500000 
3.500000 
1.414214 
1.414214 
1.118034 
1.118034 
0.707107 
0.707107 
0.707107 
0.707107 
0.707107 
0.707107 
1.414214 
1.414214 
1.500000 
1.500000 
0.000000 
0.000000 
1.118034 
1.118034 
1.000000 
1.000000 
3.500000 
3.500000 
0.707107 
0.707107 
1.118034 
1.118034 
0.500000 
0.500000 
0.707107 
0.707107 
0.707107 
0.707107 
1.118034 
1.118034 
1.500000 
1.500000 
1.581139 
1.581139 
1.000000 
1.000000 
1.000000 
1.000000 
3.500000 
3.500000 
2.061553 
2.061553 
1.118034 
1.118034 
0.000000 
0.000000 
0.707107 
0.707107 
0.707107 
0.707107 
1.118034 
1.118034 
1.500000 
1.500000 
0.000000 
0.000000 
1.581139 
1.581139 
3.535534 
3.535534 
1.000000 
1.000000 
3.500000 
3.500000 
1.000000 
1.000000 
1.118034 
1.118034 
0.500000 
0.500000 
0.707107 
0.707107 
0.000000 
0.000000 
1.500000 
1.500000 
1.000000 
1.000000 
1.000000 
1.000000 
1.000000 
1.000000 
1.000000 
1.000000 
3.500000 
3.500000 
0.707107 
0.707107 
1.118034 
1.118034 
0.000000 
0.000000 
3.041381 
3.041381 
1.000000 
1.000000 
3.162278 
3.162278 
1.581139 
1.581139 
1.000000 
1.000000 
3.500000 
3.500000 
1.118034 
1.118034 
1.118034 
1.118034 
1.802776 
1.802776 
0.500000 
0.500000 
0.707107 
0.707107 
1.500000 
1.500000 
1.118034 
1.118034 
1.000000 
1.000000 
3.500000 
3.500000 
1.118034 
1.118034 
1.118034 
1.118034 
1.414214 
1.414214 
0.707107 
0.707107 
0.000000 
0.000000 
1.118034 
1.118034 
1.500000 
1.500000 
1.118034 
1.118034 
1.000000 
1.000000 
3.500000 
3.500000 
1.118034 
1.118034 
1.118034 
1.118034 
0.500000 
0.500000 
1.802776 
1.802776 
0.000000 
0.000000 
0.000000 
0.000000 
1.118034 
1.118034 
1.118034 
1.118034 
1.500000 
1.500000 
1.118034 
1.118034 
1.000000 
1.000000 
3.500000 
3.500000 
1.118034 
1.118034 
1.414214 
1.414214 
1.118034 
1.118034 
1.118034 
1.118034 
1.802776 
1.802776 
1.500000 
1.500000 
1.118034 
1.118034 
1.500000 
1.500000 
1.118034 
1.118034 
1.000000 
1.000000 
3.500000 
3.500000 
1.118034 
1.118034 
0.500000 
0.500000 
1.118034 
1.118034 
0.707107 
0.707107 
1.000000 
1.000000 
1.000000 
1.000000 
1.118034 
1.118034 
1.500000 
1.500000 
1.118034 
1.118034 
1.000000 
1.000000 
3.500000 
3.500000 
1.118034 
1.118034 
0.707107 
0.707107 
0.500000 
0.500000 
0.500000 
0.500000 
1.581139 
1.581139 
1.000000 
1.000000 
1.118034 
1.118034 
1.500000 
1.500000 
1.118034 
1.118034 
1.000000 
1.000000 
3.500000 
3.500000 
1.118034 
1.118034 
0.500000 
0.500000 
1.414214 
1.414214 
0.707107 
0.707107 
3.041381 
3.041381 
2.500000 
2.500000 
1.118034 
1.118034 
1.500000 
1.500000 
1.118034 
1.118034 
1.000000 
1.000000 
1.118034 
1.118034 
0.707107 
0.707107 
2.061553 
2.061553 
0.000000 
0.000000 
0.000000 
0.000000 
1.118034 
1.118034 
0.500000 
0.500000 
1.118034 
1.118034 
1.500000 
1.500000 
1.118034 
1.118034 
1.000000 
1.000000 
1.118034 
1.118034 
0.500000 
0.500000 
1.000000 
1.000000 
0.000000 
0.000000 
0.000000 
0.000000 
0.707107 
0.707107 
0.500000 
0.500000 
1.581139 
1.581139 
4.272002 
4.272002 
1.118034 
1.118034 
1.500000 
1.500000 
1.118034 
1.118034 
1.000000 
1.000000 
1.118034 
1.118034 
0.707107 
0.707107 
1.118034 
1.118034 
1.581139 
1.581139 
0.707107 
0.707107 
1.000000 
1.000000 
1.118034 
1.118034 
1.118034 
1.118034 
1.000000 
1.000000 
1.118034 
1.118034 
1.500000 
1.500000 
1.118034 
1.118034 
1.118034 
1.118034 
1.118034 
1.118034 
2.061553 
2.061553 
0.000000 
0.000000 
0.500000 
0.500000 
0.707107 
0.707107 
1.118034 
1.118034 
1.118034 
1.118034 
1.118034 
1.118034 
1.118034 
1.118034 
1.118034 
1.118034 
1.500000 
1.500000 
1.118034 
1.118034 
1.118034 
1.118034 
1.000000 
1.000000 
0.707107 
0.707107 
1.000000 
1.000000 
5.700877 
5.700877 
5.000000 
5.000000 
1.118034 
1.118034 
3.500000 
3.500000 
1.118034 
1.118034 
1.118034 
1.118034 
1.118034 
1.118034 
1.500000 
1.500000 
1.118034 
1.118034 
1.118034 
1.118034 
1.118034 
1.118034 
1.000000 
1.000000 
0.500000 
0.500000 
1.118034 
1.118034 
0.707107 
0.707107 
1.118034 
1.118034 
0.500000 
0.500000 
1.118034 
1.118034 
1.118034 
1.118034 
1.118034 
1.118034 
1.500000 
1.500000 
1.118034 
1.118034 
1.118034 
1.118034 
3.500000 
3.500000 
1.581139 
1.581139 
1.000000 
1.000000 
1.000000 
1.000000 
0.000000 
0.000000 
3.041381 
3.041381 
0.707107 
0.707107 
1.118034 
1.118034 
1.118034 
1.118034 
1.118034 
1.118034 
1.500000 
1.500000 
1.118034 
1.118034 
1.118034 
1.118034 
2.828427 
2.828427 
1.581139 
1.581139 
1.000000 
1.000000 
2.000000 
2.000000 
1.118034 
1.118034 
3.041381 
3.041381 
0.500000 
0.500000 
1.118034 
1.118034 
1.118034 
1.118034 
1.118034 
1.118034 
1.500000 
1.500000 
1.118034 
1.118034 
1.118034 
1.118034 
1.581139 
1.581139 
