0.000000 
0.000000 
0.000000 
0.000000 
0.000000 
0.000000 
0.000000 
0.000000 
0.000000 
0.000000 
0.000000 
0.000000 
0.500000 
0.500000 
0.000000 
0.000000 
2.828427 
2.828427 
0.707107 
0.707107 
0.707107 
0.707107 
3.000000 
3.000000 
1.000000 
1.000000 
0.000000 
0.000000 
1.500000 
1.500000 
0.500000 
0.500000 
0.707107 
0.707107 
3.605551 
3.605551 
0.500000 
0.500000 
0.000000 
0.000000 
2.692582 
2.692582 
1.118034 
1.118034 
0.000000 
0.000000 
1.000000 
1.000000 
7.000000 
7.000000 
2.061553 
2.061553 
0.000000 
0.000000 
2.692582 
2.692582 
0.500000 
0.500000 
0.000000 
0.000000 
2.236068 
2.236068 
1.000000 
1.000000 
4.123106 
4.123106 
0.000000 
0.000000 
0.000000 
0.000000 
2.692582 
2.692582 
0.500000 
0.500000 
1.000000 
1.000000 
6.670832 
6.670832 
1.000000 
1.000000 
2.549510 
2.549510 
0.500000 
0.500000 
0.000000 
0.000000 
2.692582 
2.692582 
4.123106 
4.123106 
1.414214 
1.414214 
1.802776 
1.802776 
1.000000 
1.000000 
7.000000 
7.000000 
0.000000 
0.000000 
0.000000 
0.000000 
2.692582 
2.692582 
0.500000 
0.500000 
1.581139 
1.581139 
1.581139 
1.581139 
1.000000 
1.000000 
3.535534 
3.535534 
0.500000 
0.500000 
0.000000 
0.000000 
2.692582 
2.692582 
1.581139 
1.581139 
1.414214 
1.414214 
2.549510 
2.549510 
1.000000 
1.000000 
5.830952 
5.830952 
1.414214 
1.414214 
0.000000 
0.000000 
2.692582 
2.692582 
1.500000 
1.500000 
0.000000 
0.000000 
1.118034 
1.118034 
1.118034 
1.118034 
1.000000 
1.000000 
5.830952 
5.830952 
0.707107 
0.707107 
0.000000 
0.000000 
2.692582 
2.692582 
1.581139 
1.581139 
6.041523 
6.041523 
6.500000 
6.500000 
1.581139 
1.581139 
1.000000 
1.000000 
5.830952 
5.830952 
1.500000 
1.500000 
0.000000 
0.000000 
2.692582 
2.692582 
1.118034 
1.118034 
3.640055 
3.640055 
2.061553 
2.061553 
0.707107 
0.707107 
1.000000 
1.000000 
5.830952 
5.830952 
1.000000 
1.000000 
0.000000 
0.000000 
2.692582 
2.692582 
1.500000 
1.500000 
0.000000 
0.000000 
3.640055 
3.640055 
4.301163 
4.301163 
1.118034 
1.118034 
1.000000 
1.000000 
5.830952 
5.830952 
1.118034 
1.118034 
0.000000 
0.000000 
2.692582 
2.692582 
1.581139 
1.581139 
3.807887 
3.807887 
3.640055 
3.640055 
2.236068 
2.236068 
0.000000 
0.000000 
1.000000 
1.000000 
5.830952 
5.830952 
2.828427 
2.828427 
0.000000 
0.000000 
2.692582 
2.692582 
1.000000 
1.000000 
0.000000 
0.000000 
3.354102 
3.354102 
3.640055 
3.640055 
1.118034 
1.118034 
1.581139 
1.581139 
1.000000 
1.000000 
5.830952 
5.830952 
1.000000 
1.000000 
2.692582 
2.692582 
0.707107 
0.707107 
0.000000 
0.000000 
2.549510 
2.549510 
3.354102 
3.354102 
3.640055 
3.640055 
6.000000 
6.000000 
4.000000 
4.000000 
1.000000 
1.000000 
5.830952 
5.830952 
2.000000 
2.000000 
2.692582 
2.692582 
0.707107 
0.707107 
0.000000 
0.000000 
3.640055 
3.640055 
2.549510 
2.549510 
3.354102 
3.354102 
3.640055 
3.640055 
1.500000 
1.500000 
1.118034 
1.118034 
1.000000 
1.000000 
5.830952 
5.830952 
1.414214 
1.414214 
2.692582 
2.692582 
2.500000 
2.500000 
2.061553 
2.061553 
3.162278 
3.162278 
2.549510 
2.549510 
3.354102 
3.354102 
3.640055 
3.640055 
2.236068 
2.236068 
1.000000 
1.000000 
1.000000 
1.000000 
5.830952 
5.830952 
1.000000 
1.000000 
1.000000 
1.000000 
3.162278 
3.162278 
6.519202 
6.519202 
2.549510 
2.549510 
3.354102 
3.354102 
3.640055 
3.640055 
2.061553 
2.061553 
1.000000 
1.000000 
5.830952 
5.830952 
2.061553 
2.061553 
0.500000 
0.500000 
2.236068 
2.236068 
6.041523 
6.041523 
2.549510 
2.549510 
3.354102 
3.354102 
3.640055 
3.640055 
1.500000 
1.500000 
1.000000 
1.000000 
5.830952 
5.830952 
1.000000 
1.000000 
1.118034 
1.118034 
2.236068 
2.236068 
6.041523 
6.041523 
2.549510 
2.549510 
3.354102 
3.354102 
3.640055 
3.640055 
7.500000 
7.500000 
1.581139 
1.581139 
5.830952 
5.830952 
2.236068 
2.236068 
1.802776 
1.802776 
2.236068 
2.236068 
6.041523 
6.041523 
2.549510 
2.549510 
3.354102 
3.354102 
3.640055 
3.640055 
1.581139 
1.581139 
2.061553 
2.061553 
5.830952 
5.830952 
0.707107 
0.707107 
1.802776 
1.802776 
0.000000 
0.000000 
2.236068 
2.236068 
6.041523 
6.041523 
2.549510 
2.549510 
3.354102 
3.354102 
3.640055 
3.640055 
2.061553 
2.061553 
2.061553 
2.061553 
5.830952 
5.830952 
0.707107 
0.707107 
2.236068 
2.236068 
3.605551 
3.605551 
2.236068 
2.236068 
6.041523 
6.041523 
2.549510 
2.549510 
3.354102 
3.354102 
3.640055 
3.640055 
2.061553 
2.061553 
2.061553 
2.061553 
2.500000 
2.500000 
2.236068 
2.236068 
0.000000 
0.000000 
0.000000 
0.000000 
3.605551 
3.605551 
2.236068 
2.236068 
6.041523 
6.041523 
2.549510 
2.549510 
3.354102 
3.354102 
3.640055 
3.640055 
2.061553 
2.061553 
2.061553 
2.061553 
2.500000 
2.500000 
2.236068 
2.236068 
0.000000 
0.000000 
2.500000 
2.500000 
1.581139 
1.581139 
3.605551 
3.605551 
2.236068 
2.236068 
6.041523 
6.041523 
2.549510 
2.549510 
3.354102 
3.354102 
3.640055 
3.640055 
2.061553 
2.061553 
2.061553 
2.061553 
2.500000 
2.500000 
2.236068 
2.236068 
0.000000 
0.000000 
2.236068 
2.236068 
1.581139 
1.581139 
1.000000 
1.000000 
3.605551 
3.605551 
2.236068 
2.236068 
6.041523 
6.041523 
2.549510 
2.549510 
3.354102 
3.354102 
2.061553 
2.061553 
2.061553 
2.061553 
2.500000 
2.500000 
2.236068 
2.236068 
0.000000 
0.000000 
0.000000 
0.000000 
1.500000 
1.500000 
2.549510 
2.549510 
1.581139 
1.581139 
1.414214 
1.414214 
3.605551 
3.605551 
2.236068 
2.236068 
6.041523 
6.041523 
2.549510 
2.549510 
3.354102 
3.354102 
2.061553 
2.061553 
2.061553 
2.061553 
1.118034 
1.118034 
2.236068 
2.236068 
0.000000 
0.000000 
2.692582 
2.692582 
1.414214 
1.414214 
1.500000 
1.500000 
2.549510 
2.549510 
1.581139 
1.581139 
1.581139 
1.581139 
3.605551 
3.605551 
2.236068 
2.236068 
6.041523 
6.041523 
2.549510 
2.549510 
3.354102 
3.354102 
2.061553 
2.061553 
2.061553 
2.061553 
2.828427 
2.828427 
2.236068 
2.236068 
0.000000 
0.000000 
0.000000 
0.000000 
3.162278 
3.162278 
1.581139 
1.581139 
1.500000 
1.500000 
2.549510 
2.549510 
1.581139 
1.581139 
3.162278 
3.162278 
3.605551 
3.605551 
2.236068 
2.236068 
6.041523 
6.041523 
2.549510 
2.549510 
2.061553 
2.061553 
2.061553 
2.061553 
0.500000 
0.500000 
2.236068 
2.236068 
2.236068 
2.236068 
0.000000 
0.000000 
2.500000 
2.500000 
4.609772 
4.609772 
1.500000 
1.500000 
2.549510 
2.549510 
1.581139 
1.581139 
1.000000 
1.000000 
3.605551 
3.605551 
2.236068 
2.236068 
6.041523 
6.041523 
2.061553 
2.061553 
2.061553 
2.061553 
1.000000 
1.000000 
2.236068 
2.236068 
0.000000 
0.000000 
2.549510 
2.549510 
0.000000 
0.000000 
2.500000 
2.500000 
1.802776 
1.802776 
1.500000 
1.500000 
2.549510 
2.549510 
1.581139 
1.581139 
0.000000 
0.000000 
3.605551 
3.605551 
2.236068 
2.236068 
6.041523 
6.041523 
2.061553 
2.061553 
2.061553 
2.061553 
0.000000 
0.000000 
2.236068 
2.236068 
3.000000 
3.000000 
2.692582 
2.692582 
0.000000 
0.000000 
2.500000 
2.500000 
2.692582 
2.692582 
1.500000 
1.500000 
2.549510 
2.549510 
1.581139 
1.581139 
1.118034 
1.118034 
3.605551 
3.605551 
2.236068 
2.236068 
6.041523 
6.041523 
2.061553 
2.061553 
2.061553 
2.061553 
1.118034 
1.118034 
2.236068 
2.236068 
2.692582 
2.692582 
3.000000 
3.000000 
0.000000 
0.000000 
2.500000 
2.500000 
2.000000 
2.000000 
1.500000 
1.500000 
2.549510 
2.549510 
1.581139 
1.581139 
4.031129 
4.031129 
3.605551 
3.605551 
2.236068 
2.236068 
6.041523 
6.041523 
2.061553 
2.061553 
2.061553 
2.061553 
0.707107 
0.707107 
2.236068 
2.236068 
0.000000 
0.000000 
0.000000 
0.000000 
0.000000 
0.000000 
2.692582 
2.692582 
3.000000 
3.000000 
0.000000 
0.000000 
2.500000 
2.500000 
2.000000 
2.000000 
1.500000 
1.500000 
2.549510 
2.549510 
1.581139 
1.581139 
2.121320 
2.121320 
3.605551 
3.605551 
2.061553 
2.061553 
2.061553 
2.061553 
0.500000 
0.500000 
2.236068 
2.236068 
0.000000 
0.000000 
2.549510 
2.549510 
3.162278 
3.162278 
2.692582 
2.692582 
3.000000 
3.000000 
0.000000 
0.000000 
2.500000 
2.500000 
2.000000 
2.000000 
1.500000 
1.500000 
2.549510 
2.549510 
1.581139 
1.581139 
1.581139 
1.581139 
3.605551 
3.605551 
2.061553 
2.061553 
2.061553 
2.061553 
1.118034 
1.118034 
2.236068 
2.236068 
0.000000 
0.000000 
2.549510 
2.549510 
4.031129 
4.031129 
2.692582 
2.692582 
3.000000 
3.000000 
0.000000 
0.000000 
2.500000 
2.500000 
2.000000 
2.000000 
1.500000 
1.500000 
2.549510 
2.549510 
1.581139 
1.581139 
2.121320 
2.121320 
3.605551 
3.605551 
2.061553 
2.061553 
1.581139 
1.581139 
2.236068 
2.236068 
0.000000 
0.000000 
2.692582 
2.692582 
2.549510 
2.549510 
2.692582 
2.692582 
3.000000 
3.000000 
0.000000 
0.000000 
2.500000 
2.500000 
2.000000 
2.000000 
1.500000 
1.500000 
2.549510 
2.549510 
1.581139 
1.581139 
2.121320 
2.121320 
3.605551 
3.605551 
0.000000 
0.000000 
