0.000000 
0.000000 
0.000000 
0.000000 
3.000000 
3.000000 
0.000000 
0.000000 
1.118034 
1.118034 
0.000000 
0.000000 
0.500000 
0.500000 
0.000000 
0.000000 
2.915476 
2.915476 
0.000000 
0.000000 
0.000000 
0.000000 
0.707107 
0.707107 
0.000000 
0.000000 
0.000000 
0.000000 
1.118034 
1.118034 
0.500000 
0.500000 
0.000000 
0.000000 
5.700877 
5.700877 
1.118034 
1.118034 
0.000000 
0.000000 
4.609772 
4.609772 
1.118034 
1.118034 
0.000000 
0.000000 
0.500000 
0.500000 
2.061553 
2.061553 
0.000000 
0.000000 
1.802776 
1.802776 
1.581139 
1.581139 
0.000000 
0.000000 
1.581139 
1.581139 
8.015610 
8.015610 
0.000000 
0.000000 
1.414214 
1.414214 
0.000000 
0.000000 
8.015610 
8.015610 
0.000000 
0.000000 
1.581139 
1.581139 
1.500000 
1.500000 
8.015610 
8.015610 
0.000000 
0.000000 
1.802776 
1.802776 
2.236068 
2.236068 
8.015610 
8.015610 
0.000000 
0.000000 
7.433034 
7.433034 
2.915476 
2.915476 
8.015610 
8.015610 
2.121320 
2.121320 
2.915476 
2.915476 
8.015610 
8.015610 
7.280110 
7.280110 
0.000000 
0.000000 
2.915476 
2.915476 
8.015610 
8.015610 
1.802776 
1.802776 
2.061553 
2.061553 
2.915476 
2.915476 
8.015610 
8.015610 
2.692582 
2.692582 
10.000000 
10.000000 
2.915476 
2.915476 
8.015610 
8.015610 
4.123106 
4.123106 
1.118034 
1.118034 
2.915476 
2.915476 
8.015610 
8.015610 
4.123106 
4.123106 
1.500000 
1.500000 
2.915476 
2.915476 
8.015610 
8.015610 
4.123106 
4.123106 
2.549510 
2.549510 
2.915476 
2.915476 
8.015610 
8.015610 
3.162278 
3.162278 
0.000000 
0.000000 
7.516648 
7.516648 
2.915476 
2.915476 
8.015610 
8.015610 
15.239751 
15.239751 
0.000000 
0.000000 
2.692582 
2.692582 
1.414214 
1.414214 
2.915476 
2.915476 
8.015610 
8.015610 
2.549510 
2.549510 
0.000000 
0.000000 
2.692582 
2.692582 
1.414214 
1.414214 
2.915476 
2.915476 
8.015610 
8.015610 
2.549510 
2.549510 
0.000000 
0.000000 
2.692582 
2.692582 
2.549510 
2.549510 
2.915476 
2.915476 
0.500000 
0.500000 
0.000000 
0.000000 
2.692582 
2.692582 
1.118034 
1.118034 
2.915476 
2.915476 
4.031129 
4.031129 
0.000000 
0.000000 
0.000000 
0.000000 
2.692582 
2.692582 
1.414214 
1.414214 
2.915476 
2.915476 
1.802776 
1.802776 
0.500000 
0.500000 
0.000000 
0.000000 
2.692582 
2.692582 
1.118034 
1.118034 
2.915476 
2.915476 
10.012492 
10.012492 
0.707107 
0.707107 
0.000000 
0.000000 
2.692582 
2.692582 
8.860023 
8.860023 
0.707107 
0.707107 
10.735455 
10.735455 
0.000000 
0.000000 
2.692582 
2.692582 
0.500000 
0.500000 
2.549510 
2.549510 
0.000000 
0.000000 
0.500000 
0.500000 
0.000000 
0.000000 
2.692582 
2.692582 
1.118034 
1.118034 
2.915476 
2.915476 
3.640055 
3.640055 
1.414214 
1.414214 
0.000000 
0.000000 
2.692582 
2.692582 
0.707107 
0.707107 
4.924429 
4.924429 
4.031129 
4.031129 
0.500000 
0.500000 
0.000000 
0.000000 
2.692582 
2.692582 
0.500000 
0.500000 
5.147815 
5.147815 
2.500000 
2.500000 
1.000000 
1.000000 
0.000000 
0.000000 
2.692582 
2.692582 
7.000000 
7.000000 
2.500000 
2.500000 
2.692582 
2.692582 
0.500000 
0.500000 
0.000000 
0.000000 
2.692582 
2.692582 
1.414214 
1.414214 
8.139410 
8.139410 
1.802776 
1.802776 
16.007811 
16.007811 
0.000000 
0.000000 
2.692582 
2.692582 
0.707107 
0.707107 
4.123106 
4.123106 
