0.000000 
0.000000 
0.000000 
0.000000 
0.000000 
0.000000 
0.000000 
0.000000 
1.802776 
1.802776 
1.581139 
1.581139 
0.000000 
0.000000 
0.000000 
0.000000 
1.802776 
1.802776 
1.802776 
1.802776 
0.000000 
0.000000 
2.061553 
2.061553 
0.000000 
0.000000 
1.802776 
1.802776 
1.118034 
1.118034 
0.000000 
0.000000 
1.581139 
1.581139 
0.500000 
0.500000 
0.000000 
0.000000 
1.802776 
1.802776 
0.707107 
0.707107 
0.000000 
0.000000 
3.162278 
3.162278 
1.581139 
1.581139 
1.581139 
1.581139 
0.000000 
0.000000 
1.802776 
1.802776 
0.500000 
0.500000 
1.118034 
1.118034 
2.692582 
2.692582 
1.581139 
1.581139 
1.000000 
1.000000 
0.000000 
0.000000 
1.802776 
1.802776 
0.500000 
0.500000 
0.000000 
0.000000 
1.118034 
1.118034 
2.692582 
2.692582 
2.915476 
2.915476 
3.000000 
3.000000 
0.000000 
0.000000 
1.802776 
1.802776 
1.000000 
1.000000 
2.121320 
2.121320 
1.118034 
1.118034 
2.692582 
2.692582 
1.802776 
1.802776 
1.802776 
1.802776 
0.000000 
0.000000 
1.802776 
1.802776 
1.000000 
1.000000 
0.000000 
0.000000 
1.000000 
1.000000 
1.118034 
1.118034 
2.692582 
2.692582 
0.707107 
0.707107 
1.802776 
1.802776 
0.000000 
0.000000 
1.802776 
1.802776 
2.000000 
2.000000 
0.707107 
0.707107 
0.707107 
0.707107 
1.118034 
1.118034 
2.692582 
2.692582 
0.500000 
0.500000 
1.802776 
1.802776 
0.000000 
0.000000 
1.802776 
1.802776 
2.061553 
2.061553 
1.118034 
1.118034 
0.500000 
0.500000 
1.118034 
1.118034 
2.692582 
2.692582 
1.581139 
1.581139 
1.802776 
1.802776 
0.000000 
0.000000 
1.802776 
1.802776 
1.802776 
1.802776 
1.118034 
1.118034 
0.500000 
0.500000 
1.118034 
1.118034 
2.692582 
2.692582 
9.055385 
9.055385 
1.802776 
1.802776 
0.000000 
0.000000 
1.802776 
1.802776 
1.581139 
1.581139 
1.581139 
1.581139 
0.500000 
0.500000 
1.118034 
1.118034 
2.692582 
2.692582 
1.414214 
1.414214 
1.802776 
1.802776 
0.000000 
0.000000 
1.802776 
1.802776 
5.590170 
5.590170 
1.581139 
1.581139 
0.500000 
0.500000 
1.118034 
1.118034 
2.692582 
2.692582 
2.000000 
2.000000 
1.802776 
1.802776 
0.000000 
0.000000 
1.802776 
1.802776 
3.535534 
3.535534 
1.581139 
1.581139 
0.500000 
0.500000 
1.118034 
1.118034 
2.692582 
2.692582 
1.414214 
1.414214 
1.802776 
1.802776 
1.802776 
1.802776 
3.162278 
3.162278 
0.500000 
0.500000 
0.500000 
0.500000 
1.118034 
1.118034 
2.692582 
2.692582 
1.802776 
1.802776 
1.802776 
1.802776 
3.162278 
3.162278 
0.500000 
0.500000 
0.500000 
0.500000 
1.118034 
1.118034 
2.692582 
2.692582 
1.802776 
1.802776 
1.802776 
1.802776 
3.162278 
3.162278 
0.500000 
0.500000 
0.500000 
0.500000 
1.118034 
1.118034 
2.692582 
2.692582 
1.802776 
1.802776 
1.802776 
1.802776 
3.162278 
3.162278 
0.000000 
0.000000 
0.500000 
0.500000 
0.500000 
0.500000 
1.118034 
1.118034 
2.692582 
2.692582 
1.802776 
1.802776 
1.802776 
1.802776 
3.162278 
3.162278 
0.000000 
0.000000 
0.000000 
0.000000 
3.000000 
3.000000 
0.500000 
0.500000 
0.500000 
0.500000 
1.118034 
1.118034 
2.692582 
2.692582 
1.802776 
1.802776 
1.802776 
1.802776 
3.162278 
3.162278 
0.000000 
0.000000 
2.061553 
2.061553 
0.000000 
0.000000 
3.000000 
3.000000 
0.500000 
0.500000 
0.500000 
0.500000 
1.802776 
1.802776 
1.802776 
1.802776 
3.162278 
3.162278 
0.000000 
0.000000 
0.000000 
0.000000 
0.000000 
0.000000 
2.061553 
2.061553 
0.000000 
0.000000 
3.000000 
3.000000 
0.500000 
0.500000 
0.500000 
0.500000 
1.802776 
1.802776 
1.802776 
1.802776 
3.162278 
3.162278 
0.000000 
0.000000 
3.535534 
3.535534 
1.118034 
1.118034 
0.000000 
0.000000 
2.061553 
2.061553 
0.000000 
0.000000 
3.000000 
3.000000 
0.500000 
0.500000 
0.500000 
0.500000 
1.802776 
1.802776 
3.162278 
3.162278 
0.000000 
0.000000 
9.617692 
9.617692 
3.535534 
3.535534 
1.581139 
1.581139 
0.000000 
0.000000 
2.061553 
2.061553 
0.000000 
0.000000 
3.000000 
3.000000 
0.500000 
0.500000 
0.500000 
0.500000 
1.802776 
1.802776 
3.162278 
3.162278 
0.000000 
0.000000 
2.549510 
2.549510 
3.162278 
3.162278 
3.535534 
3.535534 
3.162278 
3.162278 
0.000000 
0.000000 
2.061553 
2.061553 
0.000000 
0.000000 
3.000000 
3.000000 
0.500000 
0.500000 
0.500000 
0.500000 
1.802776 
1.802776 
3.162278 
3.162278 
0.000000 
0.000000 
2.549510 
2.549510 
3.162278 
3.162278 
3.535534 
3.535534 
2.549510 
2.549510 
0.000000 
0.000000 
2.061553 
2.061553 
0.000000 
0.000000 
3.000000 
3.000000 
0.500000 
0.500000 
0.500000 
0.500000 
1.802776 
1.802776 
3.162278 
3.162278 
0.000000 
0.000000 
2.549510 
2.549510 
3.162278 
3.162278 
3.535534 
3.535534 
1.581139 
1.581139 
0.000000 
0.000000 
2.061553 
2.061553 
0.000000 
0.000000 
3.000000 
3.000000 
0.500000 
0.500000 
1.802776 
1.802776 
3.162278 
3.162278 
0.000000 
0.000000 
0.000000 
0.000000 
2.549510 
2.549510 
3.162278 
3.162278 
3.535534 
3.535534 
1.000000 
1.000000 
0.000000 
0.000000 
2.061553 
2.061553 
0.000000 
0.000000 
3.000000 
3.000000 
0.500000 
0.500000 
1.802776 
1.802776 
3.162278 
3.162278 
0.000000 
0.000000 
0.000000 
0.000000 
0.000000 
0.000000 
2.549510 
2.549510 
3.162278 
3.162278 
3.535534 
3.535534 
1.000000 
1.000000 
0.000000 
0.000000 
2.061553 
2.061553 
0.000000 
0.000000 
3.000000 
3.000000 
0.500000 
0.500000 
1.802776 
1.802776 
3.162278 
3.162278 
0.000000 
0.000000 
0.000000 
0.000000 
0.000000 
0.000000 
2.549510 
2.549510 
3.162278 
3.162278 
3.535534 
3.535534 
1.000000 
1.000000 
0.000000 
0.000000 
2.061553 
2.061553 
0.000000 
0.000000 
3.000000 
3.000000 
0.500000 
0.500000 
1.802776 
1.802776 
0.000000 
0.000000 
0.000000 
0.000000 
0.000000 
0.000000 
2.549510 
2.549510 
3.162278 
3.162278 
3.535534 
3.535534 
1.000000 
1.000000 
0.000000 
0.000000 
2.061553 
2.061553 
0.000000 
0.000000 
3.000000 
3.000000 
0.000000 
0.000000 
0.000000 
0.000000 
0.000000 
0.000000 
2.549510 
2.549510 
3.162278 
3.162278 
3.535534 
3.535534 
1.000000 
1.000000 
0.000000 
0.000000 
2.061553 
2.061553 
0.000000 
0.000000 
3.000000 
3.000000 
0.000000 
0.000000 
0.000000 
0.000000 
0.000000 
0.000000 
0.000000 
0.000000 
2.549510 
2.549510 
3.162278 
3.162278 
3.535534 
3.535534 
1.000000 
1.000000 
0.000000 
0.000000 
2.061553 
2.061553 
0.000000 
0.000000 
3.000000 
3.000000 
0.000000 
0.000000 
0.000000 
0.000000 
2.692582 
2.692582 
0.000000 
0.000000 
0.000000 
0.000000 
0.000000 
0.000000 
2.549510 
2.549510 
3.162278 
3.162278 
3.535534 
3.535534 
1.000000 
1.000000 
0.000000 
0.000000 
2.061553 
2.061553 
0.000000 
0.000000 
3.000000 
3.000000 
0.000000 
0.000000 
0.000000 
0.000000 
6.946222 
6.946222 
2.500000 
2.500000 
0.000000 
0.000000 
0.000000 
0.000000 
0.000000 
0.000000 
2.549510 
2.549510 
3.162278 
3.162278 
3.535534 
3.535534 
1.000000 
1.000000 
0.000000 
0.000000 
2.061553 
2.061553 
0.000000 
0.000000 
0.000000 
0.000000 
6.946222 
6.946222 
2.061553 
2.061553 
0.000000 
0.000000 
0.000000 
0.000000 
0.000000 
0.000000 
2.549510 
2.549510 
3.162278 
3.162278 
3.535534 
3.535534 
1.000000 
1.000000 
0.000000 
0.000000 
0.000000 
0.000000 
6.946222 
6.946222 
5.522681 
5.522681 
0.000000 
0.000000 
0.000000 
0.000000 
0.000000 
0.000000 
2.549510 
2.549510 
3.162278 
3.162278 
3.535534 
3.535534 
1.000000 
1.000000 
0.000000 
0.000000 
0.000000 
0.000000 
0.000000 
0.000000 
6.946222 
6.946222 
0.707107 
0.707107 
0.000000 
0.000000 
0.000000 
0.000000 
0.000000 
0.000000 
2.549510 
2.549510 
3.162278 
3.162278 
1.000000 
1.000000 
