0.000000 
0.000000 
0.000000 
0.000000 
0.000000 
0.000000 
0.000000 
0.000000 
0.000000 
0.000000 
0.000000 
0.000000 
0.000000 
0.000000 
0.000000 
0.000000 
0.000000 
0.000000 
0.000000 
0.000000 
0.000000 
0.000000 
0.000000 
0.000000 
0.000000 
0.000000 
0.000000 
0.000000 
0.000000 
0.000000 
0.000000 
0.000000 
2.549510 
2.549510 
0.500000 
0.500000 
0.000000 
0.000000 
2.549510 
2.549510 
0.000000 
0.000000 
1.000000 
1.000000 
3.162278 
3.162278 
0.500000 
0.500000 
0.500000 
0.500000 
4.000000 
4.000000 
0.000000 
0.000000 
0.500000 
0.500000 
0.500000 
0.500000 
4.500000 
4.500000 
0.000000 
0.000000 
0.000000 
0.000000 
0.707107 
0.707107 
0.500000 
0.500000 
4.500000 
4.500000 
0.500000 
0.500000 
0.000000 
0.000000 
0.707107 
0.707107 
0.500000 
0.500000 
4.500000 
4.500000 
0.500000 
0.500000 
0.000000 
0.000000 
0.707107 
0.707107 
0.500000 
0.500000 
4.500000 
4.500000 
0.500000 
0.500000 
0.000000 
0.000000 
0.707107 
0.707107 
0.500000 
0.500000 
4.500000 
4.500000 
0.500000 
0.500000 
0.000000 
0.000000 
0.707107 
0.707107 
0.500000 
0.500000 
4.500000 
4.500000 
0.000000 
0.000000 
0.000000 
0.000000 
0.707107 
0.707107 
0.500000 
0.500000 
4.500000 
4.500000 
1.000000 
1.000000 
0.000000 
0.000000 
0.707107 
0.707107 
0.500000 
0.500000 
4.500000 
4.500000 
1.802776 
1.802776 
0.000000 
0.000000 
0.707107 
0.707107 
0.500000 
0.500000 
4.500000 
4.500000 
0.500000 
0.500000 
0.000000 
0.000000 
0.707107 
0.707107 
0.500000 
0.500000 
4.500000 
4.500000 
3.000000 
3.000000 
0.000000 
0.000000 
0.707107 
0.707107 
0.500000 
0.500000 
4.500000 
4.500000 
1.000000 
1.000000 
0.000000 
0.000000 
0.707107 
0.707107 
0.500000 
0.500000 
4.500000 
4.500000 
0.500000 
0.500000 
0.000000 
0.000000 
0.707107 
0.707107 
0.500000 
0.500000 
4.500000 
4.500000 
1.000000 
1.000000 
0.000000 
0.000000 
0.707107 
0.707107 
0.500000 
0.500000 
4.500000 
4.500000 
1.802776 
1.802776 
0.000000 
0.000000 
0.707107 
0.707107 
4.500000 
4.500000 
0.707107 
0.707107 
0.000000 
0.000000 
0.707107 
0.707107 
0.707107 
0.707107 
0.000000 
0.000000 
0.707107 
0.707107 
1.118034 
1.118034 
0.000000 
0.000000 
1.118034 
1.118034 
