0.000000 
0.000000 
0.000000 
0.000000 
0.000000 
0.000000 
0.000000 
0.000000 
1.414214 
1.414214 
1.802776 
1.802776 
8.514693 
8.514693 
2.236068 
2.236068 
1.802776 
1.802776 
0.000000 
0.000000 
8.514693 
8.514693 
8.139410 
8.139410 
1.802776 
1.802776 
0.000000 
0.000000 
3.354102 
3.354102 
5.522681 
5.522681 
1.802776 
1.802776 
0.000000 
0.000000 
3.354102 
3.354102 
1.118034 
1.118034 
7.158911 
7.158911 
0.000000 
0.000000 
3.354102 
3.354102 
0.707107 
0.707107 
13.152946 
13.152946 
0.000000 
0.000000 
3.354102 
3.354102 
0.000000 
0.000000 
14.221463 
14.221463 
0.000000 
0.000000 
3.354102 
3.354102 
7.000000 
7.000000 
3.000000 
3.000000 
0.000000 
0.000000 
3.354102 
3.354102 
0.707107 
0.707107 
9.848858 
9.848858 
0.000000 
0.000000 
0.000000 
0.000000 
3.354102 
3.354102 
1.118034 
1.118034 
5.024938 
5.024938 
2.061553 
2.061553 
0.000000 
0.000000 
3.354102 
3.354102 
7.000000 
7.000000 
16.000000 
16.000000 
0.000000 
0.000000 
2.061553 
2.061553 
0.000000 
0.000000 
3.354102 
3.354102 
1.000000 
1.000000 
2.061553 
2.061553 
15.508062 
15.508062 
2.061553 
2.061553 
0.000000 
0.000000 
3.354102 
3.354102 
1.000000 
1.000000 
0.500000 
0.500000 
0.000000 
0.000000 
2.061553 
2.061553 
2.061553 
2.061553 
0.000000 
0.000000 
3.354102 
3.354102 
2.061553 
2.061553 
0.500000 
0.500000 
0.000000 
0.000000 
2.236068 
2.236068 
2.061553 
2.061553 
0.000000 
0.000000 
3.354102 
3.354102 
11.000000 
11.000000 
0.500000 
0.500000 
0.000000 
0.000000 
1.118034 
1.118034 
2.061553 
2.061553 
0.000000 
0.000000 
3.354102 
3.354102 
0.000000 
0.000000 
0.500000 
0.500000 
0.000000 
0.000000 
0.000000 
0.000000 
1.118034 
1.118034 
2.061553 
2.061553 
0.000000 
0.000000 
3.354102 
3.354102 
0.000000 
0.000000 
0.500000 
0.500000 
0.707107 
0.707107 
0.000000 
0.000000 
1.118034 
1.118034 
2.061553 
2.061553 
3.354102 
3.354102 
0.000000 
0.000000 
0.500000 
0.500000 
0.707107 
0.707107 
0.000000 
0.000000 
3.162278 
3.162278 
2.061553 
2.061553 
0.000000 
0.000000 
0.500000 
0.500000 
0.707107 
0.707107 
0.000000 
0.000000 
1.118034 
1.118034 
2.061553 
2.061553 
0.000000 
0.000000 
0.500000 
0.500000 
0.707107 
0.707107 
0.000000 
0.000000 
2.500000 
2.500000 
2.061553 
2.061553 
0.000000 
0.000000 
0.500000 
0.500000 
0.707107 
0.707107 
0.000000 
0.000000 
2.061553 
2.061553 
2.061553 
2.061553 
0.000000 
0.000000 
0.500000 
0.500000 
0.000000 
0.000000 
0.707107 
0.707107 
0.000000 
0.000000 
2.061553 
2.061553 
2.061553 
2.061553 
0.000000 
0.000000 
0.500000 
0.500000 
4.000000 
4.000000 
0.707107 
0.707107 
0.000000 
0.000000 
2.500000 
2.500000 
2.061553 
2.061553 
0.000000 
0.000000 
0.500000 
0.500000 
3.535534 
3.535534 
0.707107 
0.707107 
0.000000 
0.000000 
30.066593 
30.066593 
2.061553 
2.061553 
0.000000 
0.000000 
0.500000 
0.500000 
8.139410 
8.139410 
0.707107 
0.707107 
0.000000 
0.000000 
3.807887 
3.807887 
0.000000 
0.000000 
0.500000 
0.500000 
3.162278 
3.162278 
0.707107 
0.707107 
0.000000 
0.000000 
20.099751 
20.099751 
0.000000 
0.000000 
0.500000 
0.500000 
13.500000 
13.500000 
0.707107 
0.707107 
0.000000 
0.000000 
3.162278 
3.162278 
0.000000 
0.000000 
13.500000 
13.500000 
0.707107 
0.707107 
3.162278 
3.162278 
0.000000 
0.000000 
13.500000 
13.500000 
0.707107 
0.707107 
2.061553 
2.061553 
0.000000 
0.000000 
13.500000 
13.500000 
0.707107 
0.707107 
4.472136 
4.472136 
13.500000 
13.500000 
0.707107 
0.707107 
5.000000 
5.000000 
13.500000 
13.500000 
17.117243 
17.117243 
13.500000 
13.500000 
5.408327 
5.408327 
13.500000 
13.500000 
27.540879 
27.540879 
13.500000 
13.500000 
23.500000 
23.500000 
13.500000 
13.500000 
4.716991 
4.716991 
13.500000 
13.500000 
5.522681 
5.522681 
