0.000000 
0.000000 
0.000000 
0.000000 
0.000000 
0.000000 
0.000000 
0.000000 
8.500000 
8.500000 
5.024938 
5.024938 
4.301163 
4.301163 
9.219544 
9.219544 
8.732125 
8.732125 
1.118034 
1.118034 
3.201562 
3.201562 
4.031129 
4.031129 
3.905125 
3.905125 
7.778175 
7.778175 
10.511898 
10.511898 
7.648529 
7.648529 
10.307764 
10.307764 
1.581139 
1.581139 
11.000000 
11.000000 
2.692582 
2.692582 
9.192388 
9.192388 
2.236068 
2.236068 
4.031129 
4.031129 
3.535534 
3.535534 
2.692582 
2.692582 
3.605551 
3.605551 
3.354102 
3.354102 
8.139410 
8.139410 
8.860023 
8.860023 
7.433034 
7.433034 
11.543396 
11.543396 
2.692582 
2.692582 
3.535534 
3.535534 
10.440307 
10.440307 
3.605551 
3.605551 
2.692582 
2.692582 
3.535534 
3.535534 
3.162278 
3.162278 
7.000000 
7.000000 
2.236068 
2.236068 
3.535534 
3.535534 
2.000000 
2.000000 
3.000000 
3.000000 
5.522681 
5.522681 
3.535534 
3.535534 
1.118034 
1.118034 
2.000000 
2.000000 
5.220153 
5.220153 
3.535534 
3.535534 
2.000000 
2.000000 
2.061553 
2.061553 
1.000000 
1.000000 
3.535534 
3.535534 
4.123106 
4.123106 
1.118034 
1.118034 
2.549510 
2.549510 
3.535534 
3.535534 
1.414214 
1.414214 
1.581139 
1.581139 
3.041381 
3.041381 
3.535534 
3.535534 
2.692582 
2.692582 
1.000000 
1.000000 
6.000000 
6.000000 
3.535534 
3.535534 
2.000000 
2.000000 
1.118034 
1.118034 
4.716991 
4.716991 
3.535534 
3.535534 
2.500000 
2.500000 
2.500000 
2.500000 
3.041381 
3.041381 
3.535534 
3.535534 
2.121320 
2.121320 
2.915476 
2.915476 
3.041381 
3.041381 
3.535534 
3.535534 
6.576473 
6.576473 
2.915476 
2.915476 
8.381527 
8.381527 
3.535534 
3.535534 
1.802776 
1.802776 
7.017834 
7.017834 
3.354102 
3.354102 
3.535534 
3.535534 
1.802776 
1.802776 
2.061553 
2.061553 
2.692582 
2.692582 
3.535534 
3.535534 
1.802776 
1.802776 
2.061553 
2.061553 
13.200379 
13.200379 
1.802776 
1.802776 
2.061553 
2.061553 
3.535534 
3.535534 
0.000000 
0.000000 
1.802776 
1.802776 
2.061553 
2.061553 
2.500000 
2.500000 
0.707107 
0.707107 
1.802776 
1.802776 
2.061553 
2.061553 
9.219544 
9.219544 
0.707107 
0.707107 
1.802776 
1.802776 
2.061553 
2.061553 
3.640055 
3.640055 
0.707107 
0.707107 
1.802776 
1.802776 
2.061553 
2.061553 
11.101802 
11.101802 
0.707107 
0.707107 
4.301163 
4.301163 
2.061553 
2.061553 
11.101802 
11.101802 
0.000000 
0.000000 
0.707107 
0.707107 
0.500000 
0.500000 
2.061553 
2.061553 
6.800735 
6.800735 
0.000000 
0.000000 
6.519202 
6.519202 
0.707107 
0.707107 
0.707107 
0.707107 
2.061553 
2.061553 
12.369317 
12.369317 
0.000000 
0.000000 
2.692582 
2.692582 
6.519202 
6.519202 
0.707107 
0.707107 
1.000000 
1.000000 
2.061553 
2.061553 
12.369317 
12.369317 
0.000000 
0.000000 
0.000000 
0.000000 
2.915476 
2.915476 
6.519202 
6.519202 
0.707107 
0.707107 
1.000000 
1.000000 
2.061553 
2.061553 
12.369317 
12.369317 
0.000000 
0.000000 
1.581139 
1.581139 
0.000000 
0.000000 
2.915476 
2.915476 
6.519202 
6.519202 
0.707107 
0.707107 
1.000000 
1.000000 
2.061553 
2.061553 
12.369317 
12.369317 
0.000000 
0.000000 
3.905125 
3.905125 
11.597414 
11.597414 
0.000000 
0.000000 
2.915476 
2.915476 
6.519202 
6.519202 
0.707107 
0.707107 
1.000000 
1.000000 
2.061553 
2.061553 
12.369317 
12.369317 
0.000000 
0.000000 
4.500000 
4.500000 
3.905125 
3.905125 
1.500000 
1.500000 
0.000000 
0.000000 
2.915476 
2.915476 
6.519202 
6.519202 
0.707107 
0.707107 
1.000000 
1.000000 
2.061553 
2.061553 
12.369317 
12.369317 
0.000000 
0.000000 
0.000000 
0.000000 
10.977249 
10.977249 
3.905125 
3.905125 
0.500000 
0.500000 
0.000000 
0.000000 
2.915476 
2.915476 
6.519202 
6.519202 
0.707107 
0.707107 
1.000000 
1.000000 
12.369317 
12.369317 
0.000000 
0.000000 
0.000000 
0.000000 
0.000000 
0.000000 
2.061553 
2.061553 
3.905125 
3.905125 
1.000000 
1.000000 
0.000000 
0.000000 
2.915476 
2.915476 
6.519202 
6.519202 
0.707107 
0.707107 
1.000000 
1.000000 
12.369317 
12.369317 
0.000000 
0.000000 
0.000000 
0.000000 
0.000000 
0.000000 
0.000000 
0.000000 
2.500000 
2.500000 
3.905125 
3.905125 
0.500000 
0.500000 
0.000000 
0.000000 
2.915476 
2.915476 
6.519202 
6.519202 
0.707107 
0.707107 
1.000000 
1.000000 
12.369317 
12.369317 
