0.000000 
0.000000 
1.500000 
1.500000 
0.000000 
0.000000 
2.236068 
2.236068 
0.000000 
0.000000 
3.605551 
3.605551 
0.000000 
0.000000 
0.000000 
0.000000 
3.605551 
3.605551 
0.000000 
0.000000 
0.000000 
0.000000 
3.605551 
3.605551 
0.000000 
0.000000 
3.605551 
3.605551 
0.000000 
0.000000 
3.354102 
3.354102 
3.162278 
3.162278 
3.605551 
3.605551 
4.272002 
4.272002 
3.605551 
3.605551 
0.000000 
0.000000 
0.000000 
0.000000 
2.500000 
2.500000 
2.500000 
2.500000 
3.605551 
3.605551 
3.605551 
3.605551 
3.605551 
3.605551 
0.000000 
0.000000 
1.414214 
1.414214 
0.000000 
0.000000 
3.354102 
3.354102 
1.414214 
1.414214 
3.605551 
3.605551 
3.605551 
3.605551 
3.605551 
3.605551 
2.061553 
2.061553 
1.414214 
1.414214 
0.000000 
0.000000 
1.414214 
1.414214 
4.031129 
4.031129 
3.605551 
3.605551 
3.605551 
3.605551 
3.605551 
3.605551 
2.061553 
2.061553 
1.414214 
1.414214 
0.000000 
0.000000 
1.414214 
1.414214 
4.031129 
4.031129 
3.605551 
3.605551 
3.605551 
3.605551 
3.605551 
3.605551 
0.000000 
0.000000 
2.061553 
2.061553 
1.414214 
1.414214 
0.000000 
0.000000 
1.414214 
1.414214 
4.031129 
4.031129 
3.605551 
3.605551 
3.605551 
3.605551 
3.605551 
3.605551 
0.000000 
0.000000 
2.061553 
2.061553 
1.414214 
1.414214 
0.000000 
0.000000 
1.414214 
1.414214 
4.031129 
4.031129 
3.605551 
3.605551 
3.605551 
3.605551 
3.605551 
3.605551 
0.000000 
0.000000 
2.061553 
2.061553 
1.414214 
1.414214 
0.000000 
0.000000 
1.414214 
1.414214 
4.031129 
4.031129 
3.605551 
3.605551 
3.605551 
3.605551 
3.605551 
3.605551 
0.000000 
0.000000 
2.061553 
2.061553 
1.414214 
1.414214 
0.000000 
0.000000 
1.414214 
1.414214 
4.031129 
4.031129 
3.605551 
3.605551 
3.605551 
3.605551 
3.605551 
3.605551 
0.000000 
0.000000 
2.061553 
2.061553 
1.414214 
1.414214 
0.000000 
0.000000 
1.414214 
1.414214 
4.031129 
4.031129 
3.605551 
3.605551 
3.605551 
3.605551 
3.605551 
3.605551 
0.000000 
0.000000 
2.061553 
2.061553 
1.414214 
1.414214 
0.000000 
0.000000 
1.414214 
1.414214 
4.031129 
4.031129 
3.605551 
3.605551 
3.605551 
3.605551 
3.605551 
3.605551 
0.000000 
0.000000 
2.061553 
2.061553 
1.414214 
1.414214 
0.000000 
0.000000 
1.414214 
1.414214 
4.031129 
4.031129 
3.605551 
3.605551 
3.605551 
3.605551 
3.605551 
3.605551 
0.000000 
0.000000 
2.061553 
2.061553 
1.414214 
1.414214 
0.000000 
0.000000 
1.414214 
1.414214 
4.031129 
4.031129 
3.605551 
3.605551 
3.605551 
3.605551 
3.605551 
3.605551 
0.000000 
0.000000 
2.061553 
2.061553 
1.414214 
1.414214 
0.000000 
0.000000 
1.414214 
1.414214 
4.031129 
4.031129 
3.605551 
3.605551 
3.605551 
3.605551 
0.000000 
0.000000 
2.061553 
2.061553 
1.414214 
1.414214 
0.000000 
0.000000 
1.414214 
1.414214 
4.031129 
4.031129 
3.605551 
3.605551 
0.000000 
0.000000 
2.061553 
2.061553 
1.414214 
1.414214 
1.414214 
1.414214 
4.031129 
4.031129 
3.605551 
3.605551 
0.000000 
0.000000 
0.000000 
0.000000 
2.061553 
2.061553 
1.414214 
1.414214 
1.414214 
1.414214 
4.031129 
4.031129 
2.549510 
2.549510 
0.000000 
0.000000 
2.061553 
2.061553 
1.414214 
1.414214 
4.031129 
4.031129 
0.000000 
0.000000 
0.000000 
0.000000 
9.013878 
9.013878 
0.000000 
0.000000 
0.000000 
0.000000 
0.000000 
0.000000 
0.000000 
0.000000 
3.605551 
3.605551 
0.000000 
0.000000 
1.581139 
1.581139 
0.000000 
0.000000 
0.000000 
0.000000 
6.184658 
6.184658 
1.802776 
1.802776 
0.000000 
0.000000 
0.000000 
0.000000 
1.581139 
1.581139 
1.500000 
1.500000 
0.000000 
0.000000 
0.000000 
0.000000 
6.576473 
6.576473 
1.802776 
1.802776 
0.000000 
0.000000 
0.000000 
0.000000 
5.852350 
5.852350 
1.802776 
1.802776 
0.000000 
0.000000 
0.000000 
0.000000 
3.605551 
3.605551 
