0.000000 
0.000000 
0.000000 
0.000000 
1.581139 
1.581139 
0.500000 
0.500000 
2.000000 
2.000000 
0.500000 
0.500000 
2.000000 
2.000000 
0.500000 
0.500000 
2.000000 
2.000000 
0.500000 
0.500000 
2.000000 
2.000000 
0.500000 
0.500000 
2.000000 
2.000000 
0.000000 
0.000000 
0.000000 
0.000000 
0.500000 
0.500000 
2.000000 
2.000000 
0.000000 
0.000000 
0.000000 
0.000000 
0.500000 
0.500000 
0.500000 
0.500000 
2.000000 
2.000000 
1.000000 
1.000000 
5.700877 
5.700877 
1.581139 
1.581139 
0.500000 
0.500000 
2.000000 
2.000000 
1.000000 
1.000000 
2.000000 
2.000000 
1.000000 
1.000000 
0.500000 
0.500000 
2.000000 
2.000000 
1.000000 
1.000000 
2.915476 
2.915476 
1.118034 
1.118034 
0.500000 
0.500000 
2.000000 
2.000000 
2.500000 
2.500000 
2.000000 
2.000000 
1.414214 
1.414214 
0.500000 
0.500000 
2.000000 
2.000000 
1.500000 
1.500000 
2.549510 
2.549510 
0.500000 
0.500000 
0.500000 
0.500000 
2.000000 
2.000000 
8.514693 
8.514693 
2.061553 
2.061553 
0.707107 
0.707107 
0.500000 
0.500000 
2.000000 
2.000000 
5.500000 
5.500000 
1.500000 
1.500000 
4.272002 
4.272002 
0.500000 
0.500000 
2.000000 
2.000000 
0.707107 
0.707107 
6.020797 
6.020797 
1.000000 
1.000000 
0.500000 
0.500000 
2.000000 
2.000000 
0.500000 
0.500000 
1.414214 
1.414214 
7.632169 
7.632169 
3.535534 
3.535534 
7.017834 
7.017834 
5.522681 
5.522681 
2.500000 
2.500000 
3.162278 
3.162278 
2.828427 
2.828427 
4.123106 
4.123106 
3.162278 
3.162278 
2.915476 
2.915476 
1.581139 
1.581139 
6.082763 
6.082763 
2.500000 
2.500000 
1.581139 
1.581139 
1.118034 
1.118034 
2.500000 
2.500000 
1.581139 
1.581139 
0.707107 
0.707107 
7.017834 
7.017834 
0.000000 
0.000000 
1.581139 
1.581139 
0.500000 
0.500000 
2.549510 
2.549510 
1.414214 
1.414214 
1.581139 
1.581139 
1.118034 
1.118034 
2.500000 
2.500000 
4.272002 
4.272002 
1.581139 
1.581139 
1.414214 
1.414214 
2.500000 
2.500000 
0.000000 
0.000000 
4.272002 
4.272002 
1.581139 
1.581139 
4.472136 
4.472136 
2.500000 
2.500000 
1.118034 
1.118034 
4.272002 
4.272002 
1.581139 
1.581139 
5.700877 
5.700877 
2.500000 
2.500000 
0.000000 
0.000000 
1.118034 
1.118034 
4.272002 
4.272002 
1.581139 
1.581139 
2.549510 
2.549510 
2.500000 
2.500000 
0.000000 
0.000000 
0.000000 
0.000000 
1.118034 
1.118034 
6.708204 
6.708204 
1.581139 
1.581139 
2.692582 
2.692582 
2.500000 
2.500000 
10.688779 
10.688779 
0.000000 
0.000000 
1.118034 
1.118034 
8.015610 
8.015610 
1.581139 
1.581139 
2.061553 
2.061553 
2.500000 
2.500000 
6.041523 
6.041523 
0.000000 
0.000000 
1.118034 
1.118034 
6.670832 
6.670832 
1.581139 
1.581139 
1.581139 
1.581139 
2.500000 
2.500000 
10.606602 
10.606602 
0.000000 
0.000000 
1.118034 
1.118034 
1.414214 
1.414214 
1.581139 
1.581139 
4.123106 
4.123106 
2.500000 
2.500000 
6.519202 
6.519202 
0.000000 
0.000000 
1.118034 
1.118034 
1.500000 
1.500000 
1.581139 
1.581139 
1.118034 
1.118034 
2.500000 
2.500000 
9.219544 
9.219544 
0.000000 
0.000000 
1.118034 
1.118034 
2.121320 
2.121320 
1.581139 
1.581139 
3.640055 
3.640055 
2.500000 
2.500000 
4.609772 
4.609772 
0.000000 
0.000000 
1.118034 
1.118034 
2.061553 
2.061553 
1.118034 
1.118034 
2.500000 
2.500000 
0.000000 
0.000000 
4.609772 
4.609772 
0.000000 
0.000000 
1.118034 
1.118034 
6.800735 
6.800735 
1.581139 
1.581139 
2.500000 
2.500000 
