0.000000 
0.000000 
0.000000 
0.000000 
0.000000 
0.000000 
0.000000 
0.000000 
10.770330 
10.770330 
10.606602 
10.606602 
0.000000 
0.000000 
0.000000 
0.000000 
6.324555 
6.324555 
8.500000 
8.500000 
10.440307 
10.440307 
0.000000 
0.000000 
16.378339 
16.378339 
10.511898 
10.511898 
10.440307 
10.440307 
0.000000 
0.000000 
1.581139 
1.581139 
4.123106 
4.123106 
0.000000 
0.000000 
10.440307 
10.440307 
0.000000 
0.000000 
11.180340 
11.180340 
8.514693 
8.514693 
2.500000 
2.500000 
10.440307 
10.440307 
0.000000 
0.000000 
4.031129 
4.031129 
4.031129 
4.031129 
0.000000 
0.000000 
2.500000 
2.500000 
10.440307 
10.440307 
0.000000 
0.000000 
4.031129 
4.031129 
10.547512 
10.547512 
0.000000 
0.000000 
0.500000 
0.500000 
2.500000 
2.500000 
10.440307 
10.440307 
0.000000 
0.000000 
4.031129 
4.031129 
9.192388 
9.192388 
0.000000 
0.000000 
0.000000 
0.000000 
0.000000 
0.000000 
12.000000 
12.000000 
2.500000 
2.500000 
2.500000 
2.500000 
10.440307 
10.440307 
0.000000 
0.000000 
4.031129 
4.031129 
11.280514 
11.280514 
0.000000 
0.000000 
2.500000 
2.500000 
5.000000 
5.000000 
2.000000 
2.000000 
2.236068 
2.236068 
2.500000 
2.500000 
10.440307 
10.440307 
0.000000 
0.000000 
4.031129 
4.031129 
2.500000 
2.500000 
0.000000 
0.000000 
0.000000 
0.000000 
0.000000 
0.000000 
2.500000 
2.500000 
2.236068 
2.236068 
2.000000 
2.000000 
8.015610 
8.015610 
2.500000 
2.500000 
10.440307 
10.440307 
0.000000 
0.000000 
4.031129 
4.031129 
2.500000 
2.500000 
0.000000 
0.000000 
3.162278 
3.162278 
0.000000 
0.000000 
2.500000 
2.500000 
1.802776 
1.802776 
2.000000 
2.000000 
2.236068 
2.236068 
2.500000 
2.500000 
10.440307 
10.440307 
0.000000 
0.000000 
4.031129 
4.031129 
2.500000 
2.500000 
0.000000 
0.000000 
10.000000 
10.000000 
0.000000 
0.000000 
2.500000 
2.500000 
5.024938 
5.024938 
2.000000 
2.000000 
2.236068 
2.236068 
2.500000 
2.500000 
10.440307 
10.440307 
0.000000 
0.000000 
4.031129 
4.031129 
2.500000 
2.500000 
0.000000 
0.000000 
10.000000 
10.000000 
0.000000 
0.000000 
2.500000 
2.500000 
1.802776 
1.802776 
2.000000 
2.000000 
2.236068 
2.236068 
2.500000 
2.500000 
10.440307 
10.440307 
0.000000 
0.000000 
4.031129 
4.031129 
2.500000 
2.500000 
0.000000 
0.000000 
10.000000 
10.000000 
0.000000 
0.000000 
2.500000 
2.500000 
1.802776 
1.802776 
2.000000 
2.000000 
2.236068 
2.236068 
2.500000 
2.500000 
10.440307 
10.440307 
4.031129 
4.031129 
2.500000 
2.500000 
0.000000 
0.000000 
0.000000 
0.000000 
10.000000 
10.000000 
0.000000 
0.000000 
2.500000 
2.500000 
1.802776 
1.802776 
2.000000 
2.000000 
2.236068 
2.236068 
2.500000 
2.500000 
10.440307 
10.440307 
4.031129 
4.031129 
2.500000 
2.500000 
1.118034 
1.118034 
0.000000 
0.000000 
10.000000 
10.000000 
0.000000 
0.000000 
2.500000 
2.500000 
1.802776 
1.802776 
2.000000 
2.000000 
2.236068 
2.236068 
2.500000 
2.500000 
10.440307 
10.440307 
4.031129 
4.031129 
2.500000 
2.500000 
2.915476 
2.915476 
0.000000 
0.000000 
10.000000 
10.000000 
0.000000 
0.000000 
2.500000 
2.500000 
1.802776 
1.802776 
2.000000 
2.000000 
2.236068 
2.236068 
2.500000 
2.500000 
4.031129 
4.031129 
2.500000 
2.500000 
0.707107 
0.707107 
0.000000 
0.000000 
10.000000 
10.000000 
0.000000 
0.000000 
2.500000 
2.500000 
1.802776 
1.802776 
2.000000 
2.000000 
2.236068 
2.236068 
2.500000 
2.500000 
4.031129 
4.031129 
2.500000 
2.500000 
7.566373 
7.566373 
0.000000 
0.000000 
10.000000 
10.000000 
0.000000 
0.000000 
2.500000 
2.500000 
1.802776 
1.802776 
2.000000 
2.000000 
2.236068 
2.236068 
2.500000 
2.500000 
4.031129 
4.031129 
2.500000 
2.500000 
7.566373 
7.566373 
0.000000 
0.000000 
10.000000 
10.000000 
0.000000 
0.000000 
2.500000 
2.500000 
1.802776 
1.802776 
2.000000 
2.000000 
2.236068 
2.236068 
2.500000 
2.500000 
7.566373 
7.566373 
0.000000 
0.000000 
10.000000 
10.000000 
0.000000 
0.000000 
2.500000 
2.500000 
1.802776 
1.802776 
2.000000 
2.000000 
2.236068 
2.236068 
2.500000 
2.500000 
7.566373 
7.566373 
0.000000 
0.000000 
10.000000 
10.000000 
0.000000 
0.000000 
2.500000 
2.500000 
1.802776 
1.802776 
2.000000 
2.000000 
2.236068 
2.236068 
2.500000 
2.500000 
7.566373 
7.566373 
0.000000 
0.000000 
10.000000 
10.000000 
2.500000 
2.500000 
1.802776 
1.802776 
2.000000 
2.000000 
2.236068 
2.236068 
2.500000 
2.500000 
7.566373 
7.566373 
0.000000 
0.000000 
10.000000 
10.000000 
1.802776 
1.802776 
2.236068 
2.236068 
7.566373 
7.566373 
10.000000 
10.000000 
1.802776 
1.802776 
2.236068 
2.236068 
7.566373 
7.566373 
10.000000 
10.000000 
1.802776 
1.802776 
0.000000 
0.000000 
7.566373 
7.566373 
1.802776 
1.802776 
1.802776 
1.802776 
7.566373 
7.566373 
9.552487 
9.552487 
7.566373 
7.566373 
7.017834 
7.017834 
7.566373 
7.566373 
0.707107 
0.707107 
7.566373 
7.566373 
1.118034 
1.118034 
7.566373 
7.566373 
1.581139 
1.581139 
7.566373 
7.566373 
1.581139 
1.581139 
1.000000 
1.000000 
0.000000 
0.000000 
0.000000 
0.000000 
0.000000 
0.000000 
