0.000000 
0.000000 
0.000000 
0.000000 
0.000000 
0.000000 
0.000000 
0.000000 
0.000000 
0.000000 
0.000000 
0.000000 
1.118034 
1.118034 
0.000000 
0.000000 
0.000000 
0.000000 
0.000000 
0.000000 
0.000000 
0.000000 
1.118034 
1.118034 
0.000000 
0.000000 
5.700877 
5.700877 
0.000000 
0.000000 
0.000000 
0.000000 
1.118034 
1.118034 
0.000000 
0.000000 
0.000000 
0.000000 
0.000000 
0.000000 
0.000000 
0.000000 
0.000000 
0.000000 
1.118034 
1.118034 
0.000000 
0.000000 
0.000000 
0.000000 
4.272002 
4.272002 
0.000000 
0.000000 
0.000000 
0.000000 
1.118034 
1.118034 
0.000000 
0.000000 
13.000000 
13.000000 
1.581139 
1.581139 
0.000000 
0.000000 
0.000000 
0.000000 
1.118034 
1.118034 
0.000000 
0.000000 
13.000000 
13.000000 
1.500000 
1.500000 
0.000000 
0.000000 
0.000000 
0.000000 
1.118034 
1.118034 
0.000000 
0.000000 
12.041595 
12.041595 
1.118034 
1.118034 
0.000000 
0.000000 
0.000000 
0.000000 
1.118034 
1.118034 
0.000000 
0.000000 
3.041381 
3.041381 
5.590170 
5.590170 
0.000000 
0.000000 
0.000000 
0.000000 
1.118034 
1.118034 
0.000000 
0.000000 
3.162278 
3.162278 
1.118034 
1.118034 
0.000000 
0.000000 
0.000000 
0.000000 
1.118034 
1.118034 
0.000000 
0.000000 
7.000000 
7.000000 
0.500000 
0.500000 
0.000000 
0.000000 
0.000000 
0.000000 
1.118034 
1.118034 
0.000000 
0.000000 
1.118034 
1.118034 
0.707107 
0.707107 
0.000000 
0.000000 
0.000000 
0.000000 
1.118034 
1.118034 
0.000000 
0.000000 
1.414214 
1.414214 
1.118034 
1.118034 
0.000000 
0.000000 
0.000000 
0.000000 
1.118034 
1.118034 
0.000000 
0.000000 
1.118034 
1.118034 
0.707107 
0.707107 
0.000000 
0.000000 
0.000000 
0.000000 
1.118034 
1.118034 
0.000000 
0.000000 
0.500000 
0.500000 
1.118034 
1.118034 
1.118034 
1.118034 
2.000000 
2.000000 
1.581139 
1.581139 
1.118034 
1.118034 
1.000000 
1.000000 
1.581139 
1.581139 
1.118034 
1.118034 
8.015610 
8.015610 
1.118034 
1.118034 
3.000000 
3.000000 
1.118034 
1.118034 
2.549510 
2.549510 
1.000000 
1.000000 
6.324555 
6.324555 
1.414214 
1.414214 
2.061553 
2.061553 
1.118034 
1.118034 
1.802776 
1.802776 
2.549510 
2.549510 
3.807887 
3.807887 
1.581139 
1.581139 
3.807887 
3.807887 
1.118034 
1.118034 
3.807887 
3.807887 
1.802776 
1.802776 
3.807887 
3.807887 
9.013878 
9.013878 
3.807887 
3.807887 
6.264982 
6.264982 
3.807887 
3.807887 
7.000000 
7.000000 
3.807887 
3.807887 
1.581139 
1.581139 
3.807887 
3.807887 
1.118034 
1.118034 
3.807887 
3.807887 
1.118034 
1.118034 
3.807887 
3.807887 
0.707107 
0.707107 
3.807887 
3.807887 
0.500000 
0.500000 
3.807887 
3.807887 
1.118034 
1.118034 
3.807887 
3.807887 
0.500000 
0.500000 
3.807887 
3.807887 
0.500000 
0.500000 
