0.000000 
0.000000 
0.000000 
0.000000 
0.000000 
0.000000 
0.000000 
0.000000 
0.000000 
0.000000 
0.000000 
0.000000 
0.000000 
0.000000 
1.802776 
1.802776 
1.581139 
1.581139 
0.500000 
0.500000 
2.061553 
2.061553 
1.581139 
1.581139 
5.000000 
5.000000 
1.500000 
1.500000 
1.000000 
1.000000 
12.093387 
12.093387 
1.000000 
1.000000 
2.500000 
2.500000 
1.500000 
1.500000 
1.500000 
1.500000 
1.000000 
1.000000 
0.500000 
0.500000 
6.020797 
6.020797 
0.000000 
0.000000 
0.000000 
0.000000 
2.500000 
2.500000 
1.500000 
1.500000 
1.500000 
1.500000 
1.000000 
1.000000 
0.500000 
0.500000 
3.535534 
3.535534 
0.000000 
0.000000 
3.500000 
3.500000 
1.802776 
1.802776 
2.500000 
2.500000 
7.500000 
7.500000 
1.500000 
1.500000 
1.000000 
1.000000 
0.500000 
0.500000 
3.041381 
3.041381 
0.000000 
0.000000 
1.802776 
1.802776 
9.013878 
9.013878 
2.500000 
2.500000 
7.500000 
7.500000 
1.500000 
1.500000 
1.000000 
1.000000 
0.500000 
0.500000 
3.041381 
3.041381 
0.000000 
0.000000 
1.802776 
1.802776 
9.013878 
9.013878 
2.500000 
2.500000 
7.500000 
7.500000 
1.500000 
1.500000 
1.000000 
1.000000 
0.500000 
0.500000 
3.041381 
3.041381 
0.000000 
0.000000 
1.802776 
1.802776 
3.535534 
3.535534 
2.500000 
2.500000 
7.500000 
7.500000 
1.500000 
1.500000 
1.000000 
1.000000 
0.500000 
0.500000 
3.041381 
3.041381 
0.000000 
0.000000 
1.802776 
1.802776 
10.606602 
10.606602 
2.500000 
2.500000 
7.500000 
7.500000 
1.500000 
1.500000 
1.000000 
1.000000 
0.500000 
0.500000 
3.041381 
3.041381 
0.000000 
0.000000 
1.802776 
1.802776 
1.118034 
1.118034 
2.500000 
2.500000 
7.500000 
7.500000 
1.500000 
1.500000 
1.000000 
1.000000 
0.500000 
0.500000 
3.041381 
3.041381 
0.000000 
0.000000 
1.802776 
1.802776 
2.236068 
2.236068 
2.500000 
2.500000 
7.500000 
7.500000 
1.500000 
1.500000 
1.000000 
1.000000 
0.500000 
0.500000 
3.041381 
3.041381 
0.000000 
0.000000 
1.802776 
1.802776 
2.236068 
2.236068 
2.500000 
2.500000 
7.500000 
7.500000 
1.500000 
1.500000 
1.000000 
1.000000 
0.500000 
0.500000 
3.041381 
3.041381 
0.000000 
0.000000 
1.802776 
1.802776 
2.236068 
2.236068 
2.500000 
2.500000 
7.500000 
7.500000 
1.500000 
1.500000 
1.000000 
1.000000 
0.500000 
0.500000 
3.041381 
3.041381 
0.000000 
0.000000 
1.802776 
1.802776 
2.236068 
2.236068 
2.500000 
2.500000 
7.500000 
7.500000 
1.500000 
1.500000 
1.000000 
1.000000 
0.500000 
0.500000 
3.041381 
3.041381 
0.000000 
0.000000 
1.802776 
1.802776 
2.236068 
2.236068 
2.500000 
2.500000 
7.500000 
7.500000 
1.500000 
1.500000 
1.000000 
1.000000 
0.500000 
0.500000 
3.041381 
3.041381 
0.000000 
0.000000 
0.000000 
0.000000 
1.802776 
1.802776 
2.236068 
2.236068 
2.500000 
2.500000 
7.500000 
7.500000 
1.500000 
1.500000 
1.000000 
1.000000 
0.500000 
0.500000 
3.041381 
3.041381 
1.581139 
1.581139 
0.000000 
0.000000 
1.802776 
1.802776 
2.236068 
2.236068 
2.500000 
2.500000 
7.500000 
7.500000 
0.500000 
0.500000 
3.041381 
3.041381 
2.061553 
2.061553 
0.000000 
0.000000 
1.802776 
1.802776 
2.236068 
2.236068 
7.500000 
7.500000 
3.041381 
3.041381 
0.000000 
0.000000 
0.000000 
0.000000 
0.000000 
0.000000 
1.500000 
1.500000 
0.000000 
0.000000 
1.802776 
1.802776 
2.236068 
2.236068 
7.500000 
7.500000 
3.041381 
3.041381 
1.500000 
1.500000 
0.000000 
0.000000 
1.581139 
1.581139 
0.707107 
0.707107 
1.802776 
1.802776 
2.236068 
2.236068 
1.500000 
1.500000 
0.000000 
0.000000 
0.000000 
0.000000 
1.000000 
1.000000 
2.236068 
2.236068 
0.000000 
0.000000 
1.500000 
1.500000 
0.000000 
0.000000 
0.707107 
0.707107 
1.802776 
1.802776 
2.236068 
2.236068 
0.000000 
0.000000 
4.609772 
4.609772 
1.500000 
1.500000 
0.000000 
0.000000 
0.707107 
0.707107 
1.118034 
1.118034 
2.236068 
2.236068 
0.000000 
0.000000 
7.516648 
7.516648 
1.500000 
1.500000 
1.500000 
1.500000 
0.000000 
0.000000 
0.707107 
0.707107 
0.500000 
0.500000 
2.236068 
2.236068 
0.000000 
0.000000 
0.500000 
0.500000 
1.500000 
1.500000 
1.500000 
1.500000 
0.000000 
0.000000 
0.707107 
0.707107 
0.500000 
0.500000 
2.236068 
2.236068 
0.000000 
0.000000 
3.535534 
3.535534 
0.707107 
0.707107 
1.500000 
1.500000 
0.000000 
0.000000 
0.707107 
0.707107 
0.500000 
0.500000 
0.000000 
0.000000 
3.640055 
3.640055 
3.000000 
3.000000 
1.500000 
1.500000 
0.000000 
0.000000 
0.707107 
0.707107 
0.500000 
0.500000 
0.000000 
0.000000 
0.000000 
0.000000 
0.000000 
0.000000 
1.500000 
1.500000 
1.500000 
1.500000 
0.000000 
0.000000 
0.707107 
0.707107 
0.500000 
0.500000 
0.000000 
0.000000 
1.500000 
1.500000 
0.000000 
0.000000 
1.118034 
1.118034 
1.581139 
1.581139 
1.500000 
1.500000 
0.000000 
0.000000 
0.707107 
0.707107 
0.500000 
0.500000 
1.118034 
1.118034 
1.581139 
1.581139 
0.000000 
0.000000 
1.118034 
1.118034 
0.500000 
0.500000 
1.500000 
1.500000 
0.000000 
0.000000 
0.707107 
0.707107 
0.500000 
0.500000 
12.658989 
12.658989 
2.549510 
2.549510 
0.000000 
0.000000 
0.000000 
0.000000 
5.522681 
5.522681 
1.500000 
1.500000 
0.000000 
0.000000 
0.707107 
0.707107 
0.500000 
0.500000 
1.118034 
1.118034 
2.061553 
2.061553 
0.000000 
0.000000 
0.707107 
0.707107 
1.500000 
1.500000 
1.500000 
1.500000 
0.000000 
0.000000 
0.707107 
0.707107 
0.500000 
0.500000 
1.118034 
1.118034 
2.061553 
2.061553 
0.000000 
0.000000 
0.000000 
0.000000 
4.527693 
4.527693 
1.500000 
1.500000 
0.000000 
0.000000 
0.707107 
0.707107 
0.500000 
0.500000 
0.000000 
0.000000 
0.707107 
0.707107 
2.061553 
2.061553 
0.000000 
0.000000 
0.707107 
0.707107 
1.500000 
1.500000 
1.500000 
1.500000 
0.707107 
0.707107 
0.500000 
0.500000 
0.000000 
0.000000 
0.000000 
0.000000 
1.500000 
1.500000 
2.061553 
2.061553 
0.000000 
0.000000 
1.000000 
1.000000 
1.500000 
1.500000 
0.707107 
0.707107 
0.500000 
0.500000 
1.000000 
1.000000 
0.000000 
0.000000 
0.707107 
0.707107 
2.061553 
2.061553 
0.000000 
0.000000 
0.500000 
0.500000 
1.500000 
1.500000 
0.707107 
0.707107 
0.500000 
0.500000 
5.500000 
5.500000 
0.000000 
0.000000 
0.707107 
0.707107 
2.061553 
2.061553 
0.000000 
0.000000 
4.500000 
4.500000 
1.500000 
1.500000 
0.707107 
0.707107 
0.500000 
0.500000 
1.581139 
1.581139 
0.000000 
0.000000 
1.581139 
1.581139 
2.061553 
2.061553 
0.000000 
0.000000 
1.802776 
1.802776 
1.500000 
1.500000 
0.707107 
0.707107 
0.500000 
0.500000 
