0.000000 
0.000000 
0.000000 
0.000000 
0.000000 
0.000000 
0.000000 
0.000000 
0.000000 
0.000000 
0.000000 
0.000000 
2.549510 
2.549510 
2.236068 
2.236068 
3.162278 
3.162278 
1.802776 
1.802776 
2.061553 
2.061553 
2.549510 
2.549510 
0.000000 
0.000000 
1.118034 
1.118034 
1.414214 
1.414214 
0.707107 
0.707107 
1.802776 
1.802776 
2.692582 
2.692582 
1.802776 
1.802776 
1.118034 
1.118034 
1.500000 
1.500000 
0.707107 
0.707107 
2.061553 
2.061553 
1.802776 
1.802776 
2.000000 
2.000000 
1.500000 
1.500000 
1.118034 
1.118034 
1.118034 
1.118034 
1.118034 
1.118034 
1.118034 
1.118034 
1.802776 
1.802776 
1.500000 
1.500000 
4.123106 
4.123106 
0.000000 
0.000000 
4.031129 
4.031129 
1.414214 
1.414214 
1.118034 
1.118034 
3.041381 
3.041381 
1.802776 
1.802776 
4.000000 
4.000000 
2.828427 
2.828427 
0.000000 
0.000000 
0.000000 
0.000000 
1.000000 
1.000000 
1.581139 
1.581139 
0.707107 
0.707107 
1.500000 
1.500000 
1.802776 
1.802776 
3.807887 
3.807887 
2.549510 
2.549510 
4.500000 
4.500000 
0.000000 
0.000000 
1.000000 
1.000000 
1.000000 
1.000000 
0.000000 
0.000000 
3.354102 
3.354102 
1.802776 
1.802776 
2.549510 
2.549510 
2.500000 
2.500000 
0.000000 
0.000000 
1.500000 
1.500000 
1.581139 
1.581139 
1.000000 
1.000000 
1.500000 
1.500000 
5.522681 
5.522681 
3.354102 
3.354102 
1.802776 
1.802776 
2.549510 
2.549510 
2.061553 
2.061553 
0.000000 
0.000000 
1.118034 
1.118034 
1.000000 
1.000000 
1.000000 
1.000000 
1.581139 
1.581139 
1.118034 
1.118034 
3.354102 
3.354102 
1.802776 
1.802776 
2.000000 
2.000000 
4.123106 
4.123106 
0.000000 
0.000000 
0.000000 
0.000000 
1.581139 
1.581139 
1.118034 
1.118034 
3.041381 
3.041381 
1.000000 
1.000000 
0.707107 
0.707107 
0.707107 
0.707107 
3.354102 
3.354102 
1.802776 
1.802776 
2.000000 
2.000000 
2.549510 
2.549510 
2.061553 
2.061553 
1.581139 
1.581139 
3.041381 
3.041381 
1.118034 
1.118034 
1.802776 
1.802776 
1.000000 
1.000000 
2.500000 
2.500000 
1.118034 
1.118034 
3.354102 
3.354102 
1.802776 
1.802776 
2.000000 
2.000000 
2.500000 
2.500000 
0.000000 
0.000000 
2.000000 
2.000000 
1.581139 
1.581139 
3.162278 
3.162278 
1.118034 
1.118034 
1.118034 
1.118034 
1.000000 
1.000000 
1.000000 
1.000000 
0.707107 
0.707107 
3.354102 
3.354102 
1.802776 
1.802776 
2.000000 
2.000000 
2.500000 
2.500000 
0.000000 
0.000000 
0.000000 
0.000000 
0.707107 
0.707107 
3.041381 
3.041381 
1.581139 
1.581139 
2.061553 
2.061553 
1.118034 
1.118034 
1.581139 
1.581139 
1.000000 
1.000000 
0.500000 
0.500000 
0.707107 
0.707107 
3.354102 
3.354102 
1.802776 
1.802776 
2.000000 
2.000000 
2.000000 
2.000000 
0.000000 
0.000000 
0.000000 
0.000000 
1.581139 
1.581139 
1.000000 
1.000000 
1.414214 
1.414214 
3.535534 
3.535534 
1.581139 
1.581139 
4.031129 
4.031129 
1.118034 
1.118034 
1.581139 
1.581139 
1.000000 
1.000000 
1.500000 
1.500000 
0.707107 
0.707107 
3.354102 
3.354102 
1.802776 
1.802776 
2.000000 
2.000000 
2.000000 
2.000000 
0.000000 
0.000000 
0.500000 
0.500000 
2.000000 
2.000000 
1.581139 
1.581139 
0.500000 
0.500000 
0.707107 
0.707107 
5.000000 
5.000000 
1.581139 
1.581139 
1.500000 
1.500000 
1.118034 
1.118034 
1.581139 
1.581139 
1.000000 
1.000000 
1.000000 
1.000000 
0.707107 
0.707107 
3.354102 
3.354102 
1.802776 
1.802776 
2.000000 
2.000000 
2.000000 
2.000000 
0.000000 
0.000000 
0.000000 
0.000000 
1.000000 
1.000000 
3.000000 
3.000000 
1.581139 
1.581139 
1.118034 
1.118034 
0.707107 
0.707107 
2.000000 
2.000000 
1.581139 
1.581139 
3.535534 
3.535534 
1.118034 
1.118034 
1.581139 
1.581139 
1.000000 
1.000000 
1.000000 
1.000000 
0.707107 
0.707107 
3.354102 
3.354102 
2.000000 
2.000000 
2.000000 
2.000000 
0.707107 
0.707107 
0.000000 
0.000000 
1.118034 
1.118034 
3.201562 
3.201562 
1.581139 
1.581139 
1.500000 
1.500000 
0.707107 
0.707107 
2.692582 
2.692582 
1.581139 
1.581139 
3.535534 
3.535534 
1.118034 
1.118034 
1.581139 
1.581139 
1.000000 
1.000000 
2.500000 
2.500000 
0.707107 
0.707107 
3.354102 
3.354102 
2.000000 
2.000000 
2.000000 
2.000000 
0.000000 
0.000000 
0.000000 
0.000000 
4.031129 
4.031129 
0.000000 
0.000000 
1.118034 
1.118034 
3.201562 
3.201562 
1.581139 
1.581139 
1.581139 
1.581139 
0.707107 
0.707107 
2.500000 
2.500000 
1.581139 
1.581139 
3.535534 
3.535534 
1.118034 
1.118034 
1.581139 
1.581139 
1.000000 
1.000000 
1.118034 
1.118034 
0.707107 
0.707107 
3.354102 
3.354102 
2.000000 
2.000000 
2.000000 
2.000000 
0.000000 
0.000000 
0.000000 
0.000000 
0.000000 
0.000000 
0.000000 
0.000000 
0.000000 
0.000000 
3.041381 
3.041381 
1.500000 
1.500000 
0.000000 
0.000000 
1.118034 
1.118034 
3.201562 
3.201562 
1.581139 
1.581139 
2.061553 
2.061553 
0.707107 
0.707107 
2.549510 
2.549510 
1.581139 
1.581139 
3.535534 
3.535534 
1.118034 
1.118034 
1.581139 
1.581139 
1.000000 
1.000000 
1.500000 
1.500000 
0.707107 
0.707107 
3.354102 
3.354102 
2.000000 
2.000000 
2.000000 
2.000000 
0.000000 
0.000000 
1.500000 
1.500000 
1.118034 
1.118034 
0.500000 
0.500000 
3.041381 
3.041381 
0.000000 
0.000000 
3.535534 
3.535534 
1.500000 
1.500000 
0.000000 
0.000000 
1.118034 
1.118034 
3.201562 
3.201562 
1.581139 
1.581139 
1.118034 
1.118034 
0.707107 
0.707107 
2.549510 
2.549510 
1.581139 
1.581139 
3.535534 
3.535534 
1.118034 
1.118034 
1.581139 
1.581139 
1.000000 
1.000000 
1.500000 
1.500000 
0.707107 
0.707107 
3.354102 
3.354102 
2.000000 
2.000000 
2.000000 
2.000000 
3.041381 
3.041381 
1.500000 
1.500000 
3.000000 
3.000000 
0.500000 
0.500000 
3.000000 
3.000000 
0.000000 
0.000000 
3.041381 
3.041381 
1.500000 
1.500000 
0.000000 
0.000000 
1.118034 
1.118034 
3.201562 
3.201562 
1.581139 
1.581139 
1.500000 
1.500000 
0.707107 
0.707107 
2.549510 
2.549510 
1.581139 
1.581139 
3.535534 
3.535534 
1.118034 
1.118034 
1.581139 
1.581139 
3.041381 
3.041381 
0.707107 
0.707107 
3.354102 
3.354102 
2.000000 
2.000000 
2.000000 
2.000000 
0.000000 
0.000000 
0.000000 
0.000000 
3.041381 
3.041381 
1.500000 
1.500000 
0.500000 
0.500000 
0.500000 
0.500000 
3.000000 
3.000000 
0.000000 
0.000000 
3.041381 
3.041381 
1.500000 
1.500000 
0.000000 
0.000000 
1.118034 
1.118034 
3.201562 
3.201562 
1.581139 
1.581139 
3.535534 
3.535534 
0.707107 
0.707107 
2.549510 
2.549510 
1.581139 
1.581139 
3.535534 
3.535534 
1.118034 
1.118034 
1.581139 
1.581139 
1.000000 
1.000000 
0.707107 
0.707107 
2.000000 
2.000000 
2.000000 
2.000000 
0.000000 
0.000000 
3.041381 
3.041381 
3.640055 
3.640055 
2.061553 
2.061553 
1.500000 
1.500000 
0.500000 
0.500000 
0.500000 
0.500000 
3.000000 
3.000000 
0.000000 
0.000000 
3.041381 
3.041381 
1.500000 
1.500000 
0.000000 
0.000000 
1.118034 
1.118034 
3.201562 
3.201562 
1.581139 
1.581139 
1.581139 
1.581139 
0.707107 
0.707107 
2.549510 
2.549510 
1.581139 
1.581139 
3.535534 
3.535534 
1.118034 
1.118034 
1.581139 
1.581139 
1.500000 
1.500000 
0.707107 
0.707107 
2.000000 
2.000000 
2.000000 
2.000000 
0.000000 
0.000000 
0.000000 
0.000000 
5.830952 
5.830952 
3.000000 
3.000000 
2.061553 
2.061553 
1.500000 
1.500000 
0.500000 
0.500000 
0.500000 
0.500000 
3.000000 
3.000000 
0.000000 
0.000000 
3.041381 
3.041381 
1.500000 
1.500000 
0.000000 
0.000000 
1.118034 
1.118034 
3.201562 
3.201562 
1.581139 
1.581139 
1.581139 
1.581139 
0.707107 
0.707107 
2.549510 
2.549510 
1.581139 
1.581139 
3.535534 
3.535534 
1.581139 
1.581139 
1.414214 
1.414214 
0.707107 
0.707107 
2.000000 
2.000000 
0.000000 
0.000000 
0.000000 
0.000000 
0.000000 
0.000000 
3.000000 
3.000000 
1.000000 
1.000000 
2.061553 
2.061553 
3.000000 
3.000000 
2.061553 
2.061553 
1.500000 
1.500000 
0.500000 
0.500000 
0.500000 
0.500000 
3.000000 
3.000000 
0.000000 
0.000000 
3.041381 
3.041381 
1.500000 
1.500000 
0.000000 
0.000000 
1.118034 
1.118034 
3.201562 
3.201562 
1.581139 
1.581139 
2.000000 
2.000000 
0.707107 
0.707107 
2.549510 
2.549510 
1.581139 
1.581139 
3.535534 
3.535534 
1.581139 
1.581139 
3.535534 
3.535534 
0.707107 
0.707107 
2.000000 
2.000000 
0.000000 
0.000000 
0.000000 
0.000000 
4.031129 
4.031129 
3.500000 
3.500000 
3.000000 
3.000000 
0.500000 
0.500000 
2.061553 
2.061553 
3.000000 
3.000000 
2.061553 
2.061553 
1.500000 
1.500000 
0.500000 
0.500000 
0.500000 
0.500000 
3.000000 
3.000000 
0.000000 
0.000000 
3.041381 
3.041381 
1.500000 
1.500000 
0.000000 
0.000000 
1.118034 
1.118034 
3.201562 
3.201562 
1.581139 
1.581139 
2.549510 
2.549510 
0.707107 
0.707107 
2.549510 
2.549510 
3.535534 
3.535534 
1.581139 
1.581139 
1.581139 
1.581139 
0.707107 
0.707107 
2.000000 
2.000000 
2.549510 
2.549510 
0.000000 
0.000000 
0.707107 
0.707107 
3.000000 
3.000000 
2.549510 
2.549510 
1.000000 
1.000000 
2.061553 
2.061553 
3.000000 
3.000000 
2.061553 
2.061553 
1.500000 
1.500000 
0.500000 
0.500000 
0.500000 
0.500000 
3.000000 
3.000000 
0.000000 
0.000000 
3.041381 
3.041381 
1.500000 
1.500000 
0.000000 
0.000000 
1.118034 
1.118034 
3.201562 
3.201562 
1.581139 
1.581139 
2.061553 
2.061553 
0.707107 
0.707107 
2.549510 
2.549510 
3.535534 
3.535534 
1.581139 
1.581139 
1.581139 
1.581139 
2.000000 
2.000000 
0.000000 
0.000000 
2.549510 
2.549510 
0.000000 
0.000000 
1.000000 
1.000000 
6.020797 
6.020797 
4.743416 
4.743416 
1.000000 
1.000000 
2.061553 
2.061553 
3.000000 
3.000000 
2.061553 
2.061553 
1.500000 
1.500000 
0.500000 
0.500000 
0.500000 
0.500000 
3.000000 
3.000000 
0.000000 
0.000000 
3.041381 
3.041381 
1.500000 
1.500000 
0.000000 
0.000000 
1.118034 
1.118034 
3.201562 
3.201562 
1.581139 
1.581139 
4.500000 
4.500000 
0.707107 
0.707107 
2.549510 
2.549510 
3.535534 
3.535534 
1.500000 
1.500000 
0.000000 
0.000000 
0.000000 
0.000000 
2.236068 
2.236068 
0.000000 
0.000000 
0.707107 
0.707107 
2.000000 
2.000000 
2.000000 
2.000000 
1.000000 
1.000000 
2.061553 
2.061553 
3.000000 
3.000000 
2.061553 
2.061553 
1.500000 
1.500000 
0.500000 
0.500000 
0.500000 
0.500000 
3.000000 
3.000000 
0.000000 
0.000000 
3.041381 
3.041381 
1.500000 
1.500000 
0.000000 
0.000000 
1.118034 
1.118034 
3.201562 
3.201562 
1.500000 
1.500000 
0.707107 
0.707107 
2.549510 
2.549510 
3.535534 
3.535534 
2.000000 
2.000000 
0.000000 
0.000000 
0.000000 
0.000000 
0.500000 
0.500000 
0.707107 
0.707107 
0.000000 
0.000000 
0.500000 
0.500000 
2.692582 
2.692582 
1.118034 
1.118034 
1.000000 
1.000000 
2.061553 
2.061553 
3.000000 
3.000000 
2.061553 
2.061553 
1.500000 
1.500000 
0.500000 
0.500000 
0.500000 
0.500000 
3.000000 
3.000000 
0.000000 
0.000000 
3.041381 
3.041381 
1.500000 
1.500000 
1.118034 
1.118034 
3.201562 
3.201562 
0.500000 
0.500000 
2.549510 
2.549510 
3.535534 
3.535534 
0.500000 
0.500000 
0.500000 
0.500000 
0.000000 
0.000000 
0.500000 
0.500000 
0.500000 
0.500000 
0.000000 
0.000000 
0.000000 
0.000000 
2.000000 
2.000000 
1.000000 
1.000000 
1.000000 
1.000000 
2.061553 
2.061553 
3.000000 
3.000000 
2.061553 
2.061553 
1.500000 
1.500000 
0.500000 
0.500000 
0.500000 
0.500000 
3.000000 
3.000000 
0.000000 
0.000000 
3.041381 
3.041381 
1.500000 
1.500000 
1.118034 
1.118034 
3.201562 
3.201562 
1.000000 
1.000000 
2.549510 
2.549510 
3.535534 
3.535534 
0.500000 
0.500000 
3.535534 
3.535534 
0.000000 
0.000000 
1.414214 
1.414214 
0.500000 
0.500000 
0.000000 
0.000000 
1.414214 
1.414214 
1.500000 
1.500000 
0.500000 
0.500000 
1.000000 
1.000000 
2.061553 
2.061553 
3.000000 
3.000000 
2.061553 
2.061553 
1.500000 
1.500000 
0.500000 
0.500000 
0.500000 
0.500000 
3.000000 
3.000000 
0.000000 
0.000000 
3.041381 
3.041381 
1.500000 
1.500000 
0.500000 
0.500000 
2.549510 
2.549510 
0.500000 
0.500000 
0.000000 
0.000000 
0.000000 
0.000000 
1.414214 
1.414214 
1.000000 
1.000000 
0.000000 
0.000000 
1.414214 
1.414214 
1.118034 
1.118034 
0.707107 
0.707107 
1.000000 
1.000000 
2.061553 
2.061553 
3.000000 
3.000000 
2.061553 
2.061553 
1.500000 
1.500000 
0.500000 
0.500000 
0.500000 
0.500000 
3.000000 
3.000000 
3.041381 
3.041381 
1.500000 
1.500000 
0.500000 
0.500000 
2.549510 
2.549510 
0.000000 
0.000000 
0.000000 
0.000000 
0.000000 
0.000000 
0.000000 
0.000000 
1.414214 
1.414214 
1.000000 
1.000000 
0.000000 
0.000000 
1.414214 
1.414214 
0.707107 
0.707107 
0.707107 
0.707107 
1.000000 
1.000000 
2.061553 
2.061553 
3.000000 
3.000000 
2.061553 
2.061553 
1.500000 
1.500000 
0.500000 
0.500000 
0.500000 
0.500000 
3.000000 
3.000000 
3.041381 
3.041381 
0.500000 
0.500000 
3.041381 
3.041381 
0.000000 
0.000000 
0.707107 
0.707107 
0.000000 
0.000000 
1.414214 
1.414214 
3.041381 
3.041381 
0.000000 
0.000000 
1.414214 
1.414214 
1.414214 
1.414214 
1.414214 
1.414214 
1.000000 
1.000000 
2.061553 
2.061553 
3.000000 
3.000000 
2.061553 
2.061553 
0.500000 
0.500000 
3.000000 
3.000000 
3.041381 
3.041381 
1.118034 
1.118034 
1.500000 
1.500000 
0.000000 
0.000000 
0.707107 
0.707107 
0.000000 
0.000000 
1.414214 
1.414214 
2.000000 
2.000000 
0.000000 
0.000000 
1.414214 
1.414214 
0.707107 
0.707107 
1.414214 
1.414214 
1.000000 
1.000000 
2.061553 
2.061553 
3.000000 
3.000000 
2.061553 
2.061553 
0.500000 
0.500000 
1.581139 
1.581139 
1.118034 
1.118034 
0.000000 
0.000000 
0.000000 
0.000000 
0.707107 
0.707107 
0.707107 
0.707107 
1.414214 
1.414214 
2.000000 
2.000000 
0.000000 
0.000000 
1.414214 
1.414214 
1.000000 
1.000000 
1.802776 
1.802776 
1.000000 
1.000000 
2.061553 
2.061553 
3.000000 
3.000000 
2.061553 
2.061553 
0.500000 
0.500000 
1.118034 
1.118034 
0.000000 
0.000000 
0.707107 
0.707107 
0.000000 
0.000000 
0.707107 
0.707107 
4.609772 
4.609772 
1.414214 
1.414214 
3.041381 
3.041381 
0.000000 
0.000000 
1.414214 
1.414214 
0.500000 
0.500000 
2.236068 
2.236068 
1.000000 
1.000000 
2.061553 
2.061553 
3.000000 
3.000000 
0.707107 
0.707107 
1.118034 
1.118034 
