0.000000 
0.000000 
0.000000 
0.000000 
0.000000 
0.000000 
0.000000 
0.000000 
0.000000 
0.000000 
0.000000 
0.000000 
0.000000 
0.000000 
2.061553 
2.061553 
0.500000 
0.500000 
2.061553 
2.061553 
0.000000 
0.000000 
0.500000 
0.500000 
2.000000 
2.000000 
2.549510 
2.549510 
0.500000 
0.500000 
0.707107 
0.707107 
0.500000 
0.500000 
2.061553 
2.061553 
0.000000 
0.000000 
1.000000 
1.000000 
0.000000 
0.000000 
0.000000 
0.000000 
2.061553 
2.061553 
0.000000 
0.000000 
1.414214 
1.414214 
0.707107 
0.707107 
0.000000 
0.000000 
1.500000 
1.500000 
0.500000 
0.500000 
1.000000 
1.000000 
0.000000 
0.000000 
0.000000 
0.000000 
0.000000 
0.000000 
4.031129 
4.031129 
0.707107 
0.707107 
1.000000 
1.000000 
0.500000 
0.500000 
0.500000 
0.500000 
0.500000 
0.500000 
2.000000 
2.000000 
2.236068 
2.236068 
0.500000 
0.500000 
0.000000 
0.000000 
3.041381 
3.041381 
0.500000 
0.500000 
0.000000 
0.000000 
2.000000 
2.000000 
0.500000 
0.500000 
2.000000 
2.000000 
1.581139 
1.581139 
1.000000 
1.000000 
0.500000 
0.500000 
1.118034 
1.118034 
2.000000 
2.000000 
1.000000 
1.000000 
1.118034 
1.118034 
0.000000 
0.000000 
1.581139 
1.581139 
1.802776 
1.802776 
0.500000 
0.500000 
0.000000 
0.000000 
2.000000 
2.000000 
0.500000 
0.500000 
0.500000 
0.500000 
1.581139 
1.581139 
1.581139 
1.581139 
1.118034 
1.118034 
2.061553 
2.061553 
1.000000 
1.000000 
2.000000 
2.000000 
0.500000 
0.500000 
1.118034 
1.118034 
0.000000 
0.000000 
1.581139 
1.581139 
1.581139 
1.581139 
1.000000 
1.000000 
0.500000 
0.500000 
1.000000 
1.000000 
2.000000 
2.000000 
0.500000 
0.500000 
1.000000 
1.000000 
0.000000 
0.000000 
0.000000 
0.000000 
1.581139 
1.581139 
1.581139 
1.581139 
1.500000 
1.500000 
0.500000 
0.500000 
1.000000 
1.000000 
2.000000 
2.000000 
0.500000 
0.500000 
1.000000 
1.000000 
1.581139 
1.581139 
0.000000 
0.000000 
1.581139 
1.581139 
1.581139 
1.581139 
1.000000 
1.000000 
0.500000 
0.500000 
1.000000 
1.000000 
2.000000 
2.000000 
2.061553 
2.061553 
0.707107 
0.707107 
0.000000 
0.000000 
1.500000 
1.500000 
0.000000 
0.000000 
1.581139 
1.581139 
1.581139 
1.581139 
1.581139 
1.581139 
0.500000 
0.500000 
1.000000 
1.000000 
2.000000 
2.000000 
0.500000 
0.500000 
2.549510 
2.549510 
0.000000 
0.000000 
0.707107 
0.707107 
1.500000 
1.500000 
0.000000 
0.000000 
1.581139 
1.581139 
1.581139 
1.581139 
1.118034 
1.118034 
0.500000 
0.500000 
1.000000 
1.000000 
2.000000 
2.000000 
0.000000 
0.000000 
1.118034 
1.118034 
0.000000 
0.000000 
2.000000 
2.000000 
0.707107 
0.707107 
1.500000 
1.500000 
0.000000 
0.000000 
1.581139 
1.581139 
1.581139 
1.581139 
0.000000 
0.000000 
0.500000 
0.500000 
1.000000 
1.000000 
2.000000 
2.000000 
3.000000 
3.000000 
1.000000 
1.000000 
0.000000 
0.000000 
0.500000 
0.500000 
2.000000 
2.000000 
0.707107 
0.707107 
1.500000 
1.500000 
0.000000 
0.000000 
1.581139 
1.581139 
1.581139 
1.581139 
4.472136 
4.472136 
0.500000 
0.500000 
1.000000 
1.000000 
2.000000 
2.000000 
0.707107 
0.707107 
1.000000 
1.000000 
1.500000 
1.500000 
0.707107 
0.707107 
2.000000 
2.000000 
0.707107 
0.707107 
1.500000 
1.500000 
0.000000 
0.000000 
1.581139 
1.581139 
1.581139 
1.581139 
0.707107 
0.707107 
0.500000 
0.500000 
1.000000 
1.000000 
2.000000 
2.000000 
0.500000 
0.500000 
0.707107 
0.707107 
0.000000 
0.000000 
1.500000 
1.500000 
1.000000 
1.000000 
2.000000 
2.000000 
0.707107 
0.707107 
1.500000 
1.500000 
0.000000 
0.000000 
1.581139 
1.581139 
1.581139 
1.581139 
1.802776 
1.802776 
0.500000 
0.500000 
1.000000 
1.000000 
2.000000 
2.000000 
0.500000 
0.500000 
1.000000 
1.000000 
2.061553 
2.061553 
1.500000 
1.500000 
0.000000 
0.000000 
2.000000 
2.000000 
0.707107 
0.707107 
1.500000 
1.500000 
0.000000 
0.000000 
1.581139 
1.581139 
1.581139 
1.581139 
1.802776 
1.802776 
0.500000 
0.500000 
1.000000 
1.000000 
2.000000 
2.000000 
0.000000 
0.000000 
2.549510 
2.549510 
2.061553 
2.061553 
1.500000 
1.500000 
0.000000 
0.000000 
2.000000 
2.000000 
0.707107 
0.707107 
1.500000 
1.500000 
0.000000 
0.000000 
1.581139 
1.581139 
1.581139 
1.581139 
1.802776 
1.802776 
0.500000 
0.500000 
1.000000 
1.000000 
0.500000 
0.500000 
0.500000 
0.500000 
0.000000 
0.000000 
0.000000 
0.000000 
0.000000 
0.000000 
0.000000 
0.000000 
2.061553 
2.061553 
1.500000 
1.500000 
0.000000 
0.000000 
2.000000 
2.000000 
0.707107 
0.707107 
1.500000 
1.500000 
0.000000 
0.000000 
1.581139 
1.581139 
1.581139 
1.581139 
3.535534 
3.535534 
0.500000 
0.500000 
1.000000 
1.000000 
2.500000 
2.500000 
1.118034 
1.118034 
0.000000 
0.000000 
1.118034 
1.118034 
0.500000 
0.500000 
0.500000 
0.500000 
2.061553 
2.061553 
1.500000 
1.500000 
0.000000 
0.000000 
2.000000 
2.000000 
0.707107 
0.707107 
1.500000 
1.500000 
0.000000 
0.000000 
1.581139 
1.581139 
3.535534 
3.535534 
0.500000 
0.500000 
1.000000 
1.000000 
0.500000 
0.500000 
0.500000 
0.500000 
0.000000 
0.000000 
0.000000 
0.000000 
0.500000 
0.500000 
0.500000 
0.500000 
1.000000 
1.000000 
2.061553 
2.061553 
1.500000 
1.500000 
0.000000 
0.000000 
2.000000 
2.000000 
0.707107 
0.707107 
1.500000 
1.500000 
0.000000 
0.000000 
1.581139 
1.581139 
3.535534 
3.535534 
0.500000 
0.500000 
1.000000 
1.000000 
0.707107 
0.707107 
0.707107 
0.707107 
0.000000 
0.000000 
0.000000 
0.000000 
0.000000 
0.000000 
1.118034 
1.118034 
0.500000 
0.500000 
0.707107 
0.707107 
2.061553 
2.061553 
1.500000 
1.500000 
0.000000 
0.000000 
2.000000 
2.000000 
0.707107 
0.707107 
1.500000 
1.500000 
0.000000 
0.000000 
3.535534 
3.535534 
0.500000 
0.500000 
0.000000 
0.000000 
0.000000 
0.000000 
0.000000 
0.000000 
1.414214 
1.414214 
0.000000 
0.000000 
0.000000 
0.000000 
1.118034 
1.118034 
0.500000 
0.500000 
0.500000 
0.500000 
2.061553 
2.061553 
1.500000 
1.500000 
0.000000 
0.000000 
2.000000 
2.000000 
0.707107 
0.707107 
1.500000 
1.500000 
3.535534 
3.535534 
0.500000 
0.500000 
0.707107 
0.707107 
0.000000 
0.000000 
0.000000 
0.000000 
2.061553 
2.061553 
1.414214 
1.414214 
0.000000 
0.000000 
0.000000 
0.000000 
1.118034 
1.118034 
0.500000 
0.500000 
1.118034 
1.118034 
2.061553 
2.061553 
1.500000 
1.500000 
0.000000 
0.000000 
2.000000 
2.000000 
0.707107 
0.707107 
1.500000 
1.500000 
3.535534 
3.535534 
0.500000 
0.500000 
0.500000 
0.500000 
0.000000 
0.000000 
1.581139 
1.581139 
2.061553 
2.061553 
1.414214 
1.414214 
0.000000 
0.000000 
0.000000 
0.000000 
1.118034 
1.118034 
0.500000 
0.500000 
0.500000 
0.500000 
2.061553 
2.061553 
1.500000 
1.500000 
0.000000 
0.000000 
2.000000 
2.000000 
0.707107 
0.707107 
1.500000 
1.500000 
3.535534 
3.535534 
0.000000 
0.000000 
0.500000 
0.500000 
2.061553 
2.061553 
1.118034 
1.118034 
2.061553 
2.061553 
1.414214 
1.414214 
0.000000 
0.000000 
0.000000 
0.000000 
1.118034 
1.118034 
0.500000 
0.500000 
3.041381 
3.041381 
2.061553 
2.061553 
1.500000 
1.500000 
0.000000 
0.000000 
2.000000 
2.000000 
0.707107 
0.707107 
3.535534 
3.535534 
0.500000 
0.500000 
0.500000 
0.500000 
2.061553 
2.061553 
1.581139 
1.581139 
2.061553 
2.061553 
1.414214 
1.414214 
0.000000 
0.000000 
0.000000 
0.000000 
1.118034 
1.118034 
0.500000 
0.500000 
1.118034 
1.118034 
2.061553 
2.061553 
1.500000 
1.500000 
0.000000 
0.000000 
2.000000 
2.000000 
3.535534 
3.535534 
0.000000 
0.000000 
1.000000 
1.000000 
2.061553 
2.061553 
1.414214 
1.414214 
2.061553 
2.061553 
1.414214 
1.414214 
0.000000 
0.000000 
0.000000 
0.000000 
1.118034 
1.118034 
0.500000 
0.500000 
0.500000 
0.500000 
2.061553 
2.061553 
1.500000 
1.500000 
0.000000 
0.000000 
3.535534 
3.535534 
0.707107 
0.707107 
1.118034 
1.118034 
0.000000 
0.000000 
0.000000 
0.000000 
2.061553 
2.061553 
1.118034 
1.118034 
2.061553 
2.061553 
1.414214 
1.414214 
0.000000 
0.000000 
0.000000 
0.000000 
1.118034 
1.118034 
0.500000 
0.500000 
1.118034 
1.118034 
2.061553 
2.061553 
1.500000 
1.500000 
0.000000 
0.000000 
3.535534 
3.535534 
1.000000 
1.000000 
0.000000 
0.000000 
0.500000 
0.500000 
1.500000 
1.500000 
2.061553 
2.061553 
1.581139 
1.581139 
2.061553 
2.061553 
1.414214 
1.414214 
0.000000 
0.000000 
0.000000 
0.000000 
1.118034 
1.118034 
0.500000 
0.500000 
0.707107 
0.707107 
2.061553 
2.061553 
0.000000 
0.000000 
3.535534 
3.535534 
0.500000 
0.500000 
0.500000 
0.500000 
0.000000 
0.000000 
1.000000 
1.000000 
1.500000 
1.500000 
2.061553 
2.061553 
2.000000 
2.000000 
2.061553 
2.061553 
1.414214 
1.414214 
0.000000 
0.000000 
0.000000 
0.000000 
1.118034 
1.118034 
0.500000 
0.500000 
0.707107 
0.707107 
2.061553 
2.061553 
0.000000 
0.000000 
3.535534 
3.535534 
1.118034 
1.118034 
0.500000 
0.500000 
1.500000 
1.500000 
1.000000 
1.000000 
1.500000 
1.500000 
2.061553 
2.061553 
1.581139 
1.581139 
2.061553 
2.061553 
1.414214 
1.414214 
0.000000 
0.000000 
0.000000 
0.000000 
1.118034 
1.118034 
0.500000 
0.500000 
4.031129 
4.031129 
0.000000 
0.000000 
3.535534 
3.535534 
0.707107 
0.707107 
2.549510 
2.549510 
1.500000 
1.500000 
1.000000 
1.000000 
1.500000 
1.500000 
2.061553 
2.061553 
1.581139 
1.581139 
2.061553 
2.061553 
1.414214 
1.414214 
0.000000 
0.000000 
0.000000 
0.000000 
1.118034 
1.118034 
0.500000 
0.500000 
0.500000 
0.500000 
3.535534 
3.535534 
2.000000 
2.000000 
1.118034 
1.118034 
0.000000 
0.000000 
1.500000 
1.500000 
1.000000 
1.000000 
1.500000 
1.500000 
2.061553 
2.061553 
1.581139 
1.581139 
2.061553 
2.061553 
1.414214 
1.414214 
0.000000 
0.000000 
1.118034 
1.118034 
0.500000 
0.500000 
1.414214 
1.414214 
0.000000 
0.000000 
1.000000 
1.000000 
