0.000000 
0.000000 
1.118034 
1.118034 
1.118034 
1.118034 
0.000000 
0.000000 
1.118034 
1.118034 
0.000000 
0.000000 
0.707107 
0.707107 
1.118034 
1.118034 
0.000000 
0.000000 
1.118034 
1.118034 
1.118034 
1.118034 
0.000000 
0.000000 
1.118034 
1.118034 
1.118034 
1.118034 
0.000000 
0.000000 
1.118034 
1.118034 
1.118034 
1.118034 
0.000000 
0.000000 
1.118034 
1.118034 
1.118034 
1.118034 
0.000000 
0.000000 
1.118034 
1.118034 
1.118034 
1.118034 
0.000000 
0.000000 
1.118034 
1.118034 
1.118034 
1.118034 
0.000000 
0.000000 
0.000000 
0.000000 
0.000000 
0.000000 
1.118034 
1.118034 
1.118034 
1.118034 
0.707107 
0.707107 
4.272002 
4.272002 
0.000000 
0.000000 
1.118034 
1.118034 
1.118034 
1.118034 
0.500000 
0.500000 
4.272002 
4.272002 
0.000000 
0.000000 
1.118034 
1.118034 
1.118034 
1.118034 
0.000000 
0.000000 
1.118034 
1.118034 
4.272002 
4.272002 
0.000000 
0.000000 
1.118034 
1.118034 
1.118034 
1.118034 
1.000000 
1.000000 
1.000000 
1.000000 
4.272002 
4.272002 
0.000000 
0.000000 
1.118034 
1.118034 
1.118034 
1.118034 
1.000000 
1.000000 
0.707107 
0.707107 
4.272002 
4.272002 
0.000000 
0.000000 
1.118034 
1.118034 
1.000000 
1.000000 
0.707107 
0.707107 
4.272002 
4.272002 
0.000000 
0.000000 
1.118034 
1.118034 
1.000000 
1.000000 
0.000000 
0.000000 
4.272002 
4.272002 
0.000000 
0.000000 
1.118034 
1.118034 
1.000000 
1.000000 
0.500000 
0.500000 
4.272002 
4.272002 
1.118034 
1.118034 
0.000000 
0.000000 
1.000000 
1.000000 
0.707107 
0.707107 
4.272002 
4.272002 
0.000000 
0.000000 
1.000000 
1.000000 
1.118034 
1.118034 
4.272002 
4.272002 
0.000000 
0.000000 
1.000000 
1.000000 
1.000000 
1.000000 
4.272002 
4.272002 
0.000000 
0.000000 
0.000000 
0.000000 
1.000000 
1.000000 
1.802776 
1.802776 
4.272002 
4.272002 
0.000000 
0.000000 
3.605551 
3.605551 
0.000000 
0.000000 
1.000000 
1.000000 
1.414214 
1.414214 
4.272002 
4.272002 
0.000000 
0.000000 
2.828427 
2.828427 
0.000000 
0.000000 
1.000000 
1.000000 
1.802776 
1.802776 
4.272002 
4.272002 
0.000000 
0.000000 
0.000000 
0.000000 
2.828427 
2.828427 
0.000000 
0.000000 
1.000000 
1.000000 
2.000000 
2.000000 
4.272002 
4.272002 
1.118034 
1.118034 
0.000000 
0.000000 
2.828427 
2.828427 
0.000000 
0.000000 
1.000000 
1.000000 
2.061553 
2.061553 
0.000000 
0.000000 
1.118034 
1.118034 
0.000000 
0.000000 
2.828427 
2.828427 
0.000000 
0.000000 
1.000000 
1.000000 
2.061553 
2.061553 
0.000000 
0.000000 
0.707107 
0.707107 
1.118034 
1.118034 
0.000000 
0.000000 
2.828427 
2.828427 
0.000000 
0.000000 
1.000000 
1.000000 
2.061553 
2.061553 
0.000000 
0.000000 
0.000000 
0.000000 
0.500000 
0.500000 
1.118034 
1.118034 
0.000000 
0.000000 
2.828427 
2.828427 
0.000000 
0.000000 
2.061553 
2.061553 
1.500000 
1.500000 
0.000000 
0.000000 
0.500000 
0.500000 
1.118034 
1.118034 
0.000000 
0.000000 
2.828427 
2.828427 
0.000000 
0.000000 
2.061553 
2.061553 
1.500000 
1.500000 
0.000000 
0.000000 
0.500000 
0.500000 
1.118034 
1.118034 
0.000000 
0.000000 
2.828427 
2.828427 
0.000000 
0.000000 
2.061553 
2.061553 
0.000000 
0.000000 
1.500000 
1.500000 
0.000000 
0.000000 
0.500000 
0.500000 
1.118034 
1.118034 
0.000000 
0.000000 
2.828427 
2.828427 
0.000000 
0.000000 
2.061553 
2.061553 
0.707107 
0.707107 
5.315073 
5.315073 
0.000000 
0.000000 
0.500000 
0.500000 
1.118034 
1.118034 
0.000000 
0.000000 
2.828427 
2.828427 
0.000000 
0.000000 
2.061553 
2.061553 
0.000000 
0.000000 
0.707107 
0.707107 
1.118034 
1.118034 
0.000000 
0.000000 
0.500000 
0.500000 
1.118034 
1.118034 
0.000000 
0.000000 
2.828427 
2.828427 
2.061553 
2.061553 
1.118034 
1.118034 
1.414214 
1.414214 
4.500000 
4.500000 
0.000000 
0.000000 
0.500000 
0.500000 
1.118034 
1.118034 
0.000000 
0.000000 
2.828427 
2.828427 
2.061553 
2.061553 
1.000000 
1.000000 
3.500000 
3.500000 
0.500000 
0.500000 
0.000000 
0.000000 
0.500000 
0.500000 
1.118034 
1.118034 
0.000000 
0.000000 
2.828427 
2.828427 
2.061553 
2.061553 
0.707107 
0.707107 
0.500000 
0.500000 
0.000000 
0.000000 
0.000000 
0.000000 
0.500000 
0.500000 
1.118034 
1.118034 
0.000000 
0.000000 
2.828427 
2.828427 
2.061553 
2.061553 
