0.000000 
0.000000 
0.000000 
0.000000 
0.000000 
0.000000 
0.000000 
0.000000 
0.000000 
0.000000 
1.118034 
1.118034 
1.414214 
1.414214 
0.000000 
0.000000 
4.472136 
4.472136 
0.000000 
0.000000 
1.414214 
1.414214 
1.581139 
1.581139 
0.000000 
0.000000 
1.118034 
1.118034 
2.915476 
2.915476 
0.000000 
0.000000 
0.500000 
0.500000 
2.061553 
2.061553 
1.500000 
1.500000 
1.000000 
1.000000 
2.236068 
2.236068 
0.000000 
0.000000 
0.707107 
0.707107 
2.061553 
2.061553 
2.000000 
2.000000 
3.535534 
3.535534 
1.802776 
1.802776 
0.000000 
0.000000 
1.000000 
1.000000 
1.802776 
1.802776 
0.000000 
0.000000 
2.000000 
2.000000 
3.535534 
3.535534 
1.802776 
1.802776 
0.000000 
0.000000 
0.000000 
0.000000 
5.099020 
5.099020 
1.581139 
1.581139 
2.000000 
2.000000 
3.535534 
3.535534 
4.527693 
4.527693 
0.000000 
0.000000 
1.000000 
1.000000 
3.162278 
3.162278 
0.000000 
0.000000 
0.000000 
0.000000 
1.581139 
1.581139 
2.000000 
2.000000 
3.535534 
3.535534 
1.414214 
1.414214 
0.000000 
0.000000 
1.500000 
1.500000 
3.000000 
3.000000 
1.500000 
1.500000 
2.549510 
2.549510 
1.581139 
1.581139 
2.000000 
2.000000 
3.535534 
3.535534 
1.802776 
1.802776 
0.000000 
0.000000 
2.000000 
2.000000 
3.535534 
3.535534 
0.000000 
0.000000 
1.000000 
1.000000 
2.549510 
2.549510 
1.581139 
1.581139 
2.000000 
2.000000 
3.535534 
3.535534 
1.118034 
1.118034 
0.000000 
0.000000 
2.549510 
2.549510 
3.535534 
3.535534 
0.000000 
0.000000 
0.000000 
0.000000 
0.500000 
0.500000 
2.549510 
2.549510 
1.581139 
1.581139 
2.000000 
2.000000 
3.535534 
3.535534 
0.707107 
0.707107 
0.000000 
0.000000 
2.549510 
2.549510 
3.535534 
3.535534 
0.000000 
0.000000 
0.000000 
0.000000 
2.500000 
2.500000 
0.000000 
0.000000 
0.500000 
0.500000 
2.549510 
2.549510 
1.581139 
1.581139 
2.000000 
2.000000 
3.535534 
3.535534 
0.000000 
0.000000 
0.000000 
0.000000 
2.549510 
2.549510 
3.535534 
3.535534 
0.000000 
0.000000 
1.118034 
1.118034 
2.692582 
2.692582 
3.000000 
3.000000 
0.000000 
0.000000 
0.500000 
0.500000 
2.549510 
2.549510 
1.581139 
1.581139 
2.000000 
2.000000 
3.535534 
3.535534 
0.707107 
0.707107 
0.000000 
0.000000 
2.549510 
2.549510 
3.535534 
3.535534 
0.000000 
0.000000 
0.500000 
0.500000 
3.041381 
3.041381 
3.041381 
3.041381 
0.000000 
0.000000 
0.500000 
0.500000 
2.549510 
2.549510 
1.581139 
1.581139 
2.000000 
2.000000 
3.535534 
3.535534 
0.500000 
0.500000 
0.000000 
0.000000 
2.549510 
2.549510 
3.535534 
3.535534 
0.000000 
0.000000 
5.590170 
5.590170 
3.041381 
3.041381 
5.500000 
5.500000 
0.000000 
0.000000 
0.500000 
0.500000 
2.549510 
2.549510 
1.581139 
1.581139 
2.000000 
2.000000 
3.535534 
3.535534 
2.500000 
2.500000 
2.549510 
2.549510 
3.535534 
3.535534 
0.000000 
0.000000 
0.000000 
0.000000 
0.500000 
0.500000 
3.041381 
3.041381 
1.500000 
1.500000 
0.000000 
0.000000 
0.500000 
0.500000 
2.549510 
2.549510 
1.581139 
1.581139 
2.000000 
2.000000 
3.535534 
3.535534 
1.000000 
1.000000 
2.549510 
2.549510 
3.535534 
3.535534 
2.236068 
2.236068 
0.000000 
0.000000 
0.707107 
0.707107 
3.041381 
3.041381 
3.041381 
3.041381 
0.000000 
0.000000 
0.500000 
0.500000 
2.549510 
2.549510 
1.581139 
1.581139 
2.000000 
2.000000 
3.535534 
3.535534 
1.000000 
1.000000 
2.549510 
2.549510 
3.535534 
3.535534 
2.549510 
2.549510 
0.000000 
0.000000 
0.500000 
0.500000 
3.041381 
3.041381 
2.500000 
2.500000 
0.000000 
0.000000 
0.500000 
0.500000 
2.549510 
2.549510 
1.581139 
1.581139 
2.000000 
2.000000 
3.535534 
3.535534 
1.000000 
1.000000 
2.549510 
2.549510 
3.535534 
3.535534 
2.500000 
2.500000 
0.000000 
0.000000 
4.031129 
4.031129 
3.041381 
3.041381 
1.581139 
1.581139 
0.000000 
0.000000 
0.500000 
0.500000 
2.549510 
2.549510 
1.581139 
1.581139 
2.000000 
2.000000 
3.535534 
3.535534 
1.000000 
1.000000 
2.549510 
2.549510 
3.535534 
3.535534 
5.522681 
5.522681 
0.000000 
0.000000 
0.500000 
0.500000 
3.041381 
3.041381 
6.082763 
6.082763 
0.000000 
0.000000 
0.500000 
0.500000 
2.549510 
2.549510 
1.581139 
1.581139 
1.000000 
1.000000 
2.549510 
2.549510 
3.535534 
3.535534 
0.000000 
0.000000 
2.000000 
2.000000 
0.000000 
0.000000 
2.692582 
2.692582 
3.041381 
3.041381 
2.549510 
2.549510 
0.000000 
0.000000 
0.500000 
0.500000 
2.549510 
2.549510 
1.581139 
1.581139 
1.000000 
1.000000 
2.549510 
2.549510 
3.535534 
3.535534 
0.000000 
0.000000 
0.000000 
0.000000 
0.707107 
0.707107 
1.581139 
1.581139 
0.000000 
0.000000 
2.692582 
2.692582 
3.041381 
3.041381 
2.500000 
2.500000 
0.000000 
0.000000 
0.500000 
0.500000 
2.549510 
2.549510 
1.000000 
1.000000 
2.549510 
2.549510 
3.535534 
3.535534 
1.500000 
1.500000 
1.581139 
1.581139 
4.123106 
4.123106 
3.535534 
3.535534 
0.000000 
0.000000 
2.692582 
2.692582 
3.041381 
3.041381 
2.500000 
2.500000 
0.000000 
0.000000 
0.500000 
0.500000 
2.549510 
2.549510 
1.000000 
1.000000 
2.549510 
2.549510 
3.535534 
3.535534 
1.500000 
1.500000 
3.162278 
3.162278 
1.802776 
1.802776 
0.707107 
0.707107 
0.000000 
0.000000 
2.692582 
2.692582 
3.041381 
3.041381 
6.020797 
6.020797 
0.000000 
0.000000 
0.500000 
0.500000 
1.000000 
1.000000 
2.549510 
2.549510 
0.000000 
0.000000 
1.500000 
1.500000 
1.581139 
1.581139 
1.802776 
1.802776 
0.707107 
0.707107 
0.000000 
0.000000 
2.692582 
2.692582 
3.041381 
3.041381 
3.535534 
3.535534 
0.500000 
0.500000 
1.000000 
1.000000 
1.414214 
1.414214 
1.500000 
1.500000 
1.500000 
1.500000 
2.236068 
2.236068 
0.707107 
0.707107 
0.000000 
0.000000 
2.692582 
2.692582 
3.041381 
3.041381 
3.535534 
3.535534 
1.000000 
1.000000 
5.024938 
5.024938 
1.500000 
1.500000 
0.500000 
0.500000 
1.000000 
1.000000 
0.707107 
0.707107 
0.000000 
0.000000 
2.692582 
2.692582 
3.041381 
3.041381 
3.535534 
3.535534 
1.000000 
1.000000 
1.000000 
1.000000 
1.500000 
1.500000 
4.743416 
4.743416 
0.707107 
0.707107 
0.707107 
0.707107 
2.692582 
2.692582 
3.041381 
3.041381 
3.535534 
3.535534 
1.000000 
1.000000 
1.581139 
1.581139 
1.500000 
1.500000 
1.000000 
1.000000 
1.118034 
1.118034 
0.707107 
0.707107 
2.692582 
2.692582 
3.535534 
3.535534 
1.000000 
1.000000 
0.000000 
0.000000 
5.099020 
5.099020 
1.500000 
1.500000 
6.082763 
6.082763 
2.692582 
2.692582 
0.707107 
0.707107 
2.692582 
2.692582 
3.535534 
3.535534 
1.000000 
1.000000 
0.000000 
0.000000 
0.500000 
0.500000 
5.099020 
5.099020 
1.500000 
1.500000 
0.707107 
0.707107 
1.000000 
1.000000 
0.707107 
0.707107 
2.692582 
2.692582 
3.535534 
3.535534 
3.807887 
3.807887 
1.118034 
1.118034 
5.099020 
5.099020 
1.500000 
1.500000 
0.707107 
0.707107 
0.000000 
0.000000 
0.707107 
0.707107 
2.692582 
2.692582 
3.535534 
3.535534 
3.807887 
3.807887 
0.707107 
0.707107 
5.099020 
5.099020 
1.500000 
1.500000 
0.707107 
0.707107 
1.000000 
1.000000 
0.707107 
0.707107 
2.692582 
2.692582 
3.535534 
3.535534 
0.000000 
0.000000 
3.807887 
3.807887 
0.500000 
0.500000 
5.099020 
5.099020 
1.500000 
1.500000 
0.707107 
0.707107 
0.000000 
0.000000 
0.707107 
0.707107 
2.692582 
2.692582 
3.535534 
3.535534 
0.000000 
0.000000 
0.707107 
0.707107 
3.807887 
3.807887 
0.500000 
0.500000 
5.099020 
5.099020 
1.500000 
1.500000 
0.707107 
0.707107 
0.500000 
0.500000 
0.707107 
0.707107 
2.692582 
2.692582 
3.535534 
3.535534 
0.000000 
0.000000 
5.024938 
5.024938 
3.807887 
3.807887 
0.500000 
0.500000 
5.099020 
5.099020 
1.500000 
1.500000 
0.707107 
0.707107 
0.500000 
0.500000 
0.707107 
0.707107 
3.535534 
3.535534 
0.000000 
0.000000 
1.414214 
1.414214 
3.807887 
3.807887 
0.500000 
0.500000 
5.099020 
5.099020 
1.500000 
1.500000 
0.707107 
0.707107 
0.500000 
0.500000 
0.707107 
0.707107 
3.535534 
3.535534 
0.000000 
0.000000 
0.707107 
0.707107 
3.807887 
3.807887 
0.500000 
0.500000 
5.099020 
5.099020 
0.707107 
0.707107 
1.000000 
1.000000 
0.707107 
0.707107 
3.535534 
3.535534 
