0.000000 
0.000000 
1.118034 
1.118034 
0.000000 
0.000000 
1.581139 
1.581139 
3.905125 
3.905125 
1.802776 
1.802776 
3.201562 
3.201562 
2.500000 
2.500000 
8.514693 
8.514693 
2.061553 
2.061553 
8.514693 
8.514693 
2.236068 
2.236068 
8.514693 
8.514693 
5.700877 
5.700877 
8.514693 
8.514693 
5.220153 
5.220153 
8.514693 
8.514693 
2.915476 
2.915476 
0.000000 
0.000000 
8.514693 
8.514693 
2.061553 
2.061553 
3.041381 
3.041381 
8.514693 
8.514693 
2.549510 
2.549510 
7.500000 
7.500000 
8.514693 
8.514693 
2.549510 
2.549510 
7.500000 
7.500000 
8.514693 
8.514693 
2.549510 
2.549510 
7.500000 
7.500000 
8.514693 
8.514693 
2.549510 
2.549510 
7.500000 
7.500000 
8.514693 
8.514693 
2.549510 
2.549510 
7.500000 
7.500000 
8.514693 
8.514693 
2.549510 
2.549510 
0.000000 
0.000000 
7.500000 
7.500000 
8.514693 
8.514693 
2.549510 
2.549510 
6.000000 
6.000000 
7.500000 
7.500000 
8.514693 
8.514693 
2.549510 
2.549510 
3.162278 
3.162278 
7.500000 
7.500000 
8.514693 
8.514693 
2.549510 
2.549510 
3.162278 
3.162278 
7.500000 
7.500000 
2.549510 
2.549510 
3.162278 
3.162278 
7.500000 
7.500000 
2.549510 
2.549510 
3.162278 
3.162278 
7.500000 
7.500000 
2.549510 
2.549510 
3.162278 
3.162278 
7.500000 
7.500000 
2.549510 
2.549510 
3.162278 
3.162278 
7.500000 
7.500000 
2.549510 
2.549510 
3.162278 
3.162278 
7.500000 
7.500000 
2.549510 
2.549510 
3.162278 
3.162278 
7.500000 
7.500000 
3.162278 
3.162278 
3.162278 
3.162278 
3.162278 
3.162278 
3.162278 
3.162278 
3.162278 
3.162278 
3.162278 
3.162278 
3.162278 
3.162278 
3.162278 
3.162278 
0.000000 
0.000000 
