0.000000 
0.000000 
0.000000 
0.000000 
0.000000 
0.000000 
3.535534 
3.535534 
2.061553 
2.061553 
1.118034 
1.118034 
1.118034 
1.118034 
1.000000 
1.000000 
1.118034 
1.118034 
1.414214 
1.414214 
5.590170 
5.590170 
1.118034 
1.118034 
0.707107 
0.707107 
1.500000 
1.500000 
0.707107 
0.707107 
0.500000 
0.500000 
1.802776 
1.802776 
0.500000 
0.500000 
4.031129 
4.031129 
1.414214 
1.414214 
0.500000 
0.500000 
3.162278 
3.162278 
1.500000 
1.500000 
2.549510 
2.549510 
1.000000 
1.000000 
2.692582 
2.692582 
0.000000 
0.000000 
1.118034 
1.118034 
1.118034 
1.118034 
1.500000 
1.500000 
0.707107 
0.707107 
4.272002 
4.272002 
0.500000 
0.500000 
1.118034 
1.118034 
0.707107 
0.707107 
1.118034 
1.118034 
3.041381 
3.041381 
5.220153 
5.220153 
1.802776 
1.802776 
0.000000 
0.000000 
3.041381 
3.041381 
5.220153 
5.220153 
1.000000 
1.000000 
1.414214 
1.414214 
3.041381 
3.041381 
5.220153 
5.220153 
1.414214 
1.414214 
0.000000 
0.000000 
5.024938 
5.024938 
3.041381 
3.041381 
5.220153 
5.220153 
1.000000 
1.000000 
1.118034 
1.118034 
1.581139 
1.581139 
3.041381 
3.041381 
5.656854 
5.656854 
2.000000 
2.000000 
2.121320 
2.121320 
1.581139 
1.581139 
3.041381 
3.041381 
1.000000 
1.000000 
0.500000 
0.500000 
2.121320 
2.121320 
1.581139 
1.581139 
3.041381 
3.041381 
0.707107 
0.707107 
1.118034 
1.118034 
2.121320 
2.121320 
1.581139 
1.581139 
3.041381 
3.041381 
3.201562 
3.201562 
1.802776 
1.802776 
0.000000 
0.000000 
2.121320 
2.121320 
1.581139 
1.581139 
3.041381 
3.041381 
0.500000 
0.500000 
1.118034 
1.118034 
1.500000 
1.500000 
2.121320 
2.121320 
1.581139 
1.581139 
3.041381 
3.041381 
0.707107 
0.707107 
2.692582 
2.692582 
1.000000 
1.000000 
2.121320 
2.121320 
1.581139 
1.581139 
3.041381 
3.041381 
0.500000 
0.500000 
4.924429 
4.924429 
2.000000 
2.000000 
2.121320 
2.121320 
1.581139 
1.581139 
3.041381 
3.041381 
0.500000 
0.500000 
1.118034 
1.118034 
0.000000 
0.000000 
1.000000 
1.000000 
2.121320 
2.121320 
1.581139 
1.581139 
3.041381 
3.041381 
3.041381 
3.041381 
3.807887 
3.807887 
1.581139 
1.581139 
1.581139 
1.581139 
2.121320 
2.121320 
1.581139 
1.581139 
3.041381 
3.041381 
0.000000 
0.000000 
2.692582 
2.692582 
4.031129 
4.031129 
2.061553 
2.061553 
2.121320 
2.121320 
1.581139 
1.581139 
3.041381 
3.041381 
0.000000 
0.000000 
2.828427 
2.828427 
2.061553 
2.061553 
2.692582 
2.692582 
2.121320 
2.121320 
1.581139 
1.581139 
0.500000 
0.500000 
5.024938 
5.024938 
0.000000 
0.000000 
2.061553 
2.061553 
1.000000 
1.000000 
2.121320 
2.121320 
1.581139 
1.581139 
0.500000 
0.500000 
2.061553 
2.061553 
2.000000 
2.000000 
2.061553 
2.061553 
1.581139 
1.581139 
2.121320 
2.121320 
1.581139 
1.581139 
0.000000 
0.000000 
2.061553 
2.061553 
0.000000 
0.000000 
2.000000 
2.000000 
2.061553 
2.061553 
1.000000 
1.000000 
2.121320 
2.121320 
1.581139 
1.581139 
2.500000 
2.500000 
3.605551 
3.605551 
0.000000 
0.000000 
1.500000 
1.500000 
2.000000 
2.000000 
2.061553 
2.061553 
1.000000 
1.000000 
2.121320 
2.121320 
0.000000 
0.000000 
2.000000 
2.000000 
0.000000 
0.000000 
0.000000 
0.000000 
2.061553 
2.061553 
1.500000 
1.500000 
2.000000 
2.000000 
2.061553 
2.061553 
1.000000 
1.000000 
2.549510 
2.549510 
2.000000 
2.000000 
1.118034 
1.118034 
1.414214 
1.414214 
1.118034 
1.118034 
1.500000 
1.500000 
2.000000 
2.000000 
2.061553 
2.061553 
1.000000 
1.000000 
0.500000 
0.500000 
2.000000 
2.000000 
0.000000 
0.000000 
0.000000 
0.000000 
1.118034 
1.118034 
1.414214 
1.414214 
0.707107 
0.707107 
1.500000 
1.500000 
2.000000 
2.000000 
2.061553 
2.061553 
1.000000 
1.000000 
0.500000 
0.500000 
2.000000 
2.000000 
1.500000 
1.500000 
2.236068 
2.236068 
1.118034 
1.118034 
1.414214 
1.414214 
0.000000 
0.000000 
1.500000 
1.500000 
2.000000 
2.000000 
2.061553 
2.061553 
1.000000 
1.000000 
0.500000 
0.500000 
2.000000 
2.000000 
0.000000 
0.000000 
1.500000 
1.500000 
1.414214 
1.414214 
1.118034 
1.118034 
1.414214 
1.414214 
0.500000 
0.500000 
1.500000 
1.500000 
2.000000 
2.000000 
2.061553 
2.061553 
1.000000 
1.000000 
0.500000 
0.500000 
2.000000 
2.000000 
0.000000 
0.000000 
2.061553 
2.061553 
1.500000 
1.500000 
1.414214 
1.414214 
1.118034 
1.118034 
1.414214 
1.414214 
1.000000 
1.000000 
1.500000 
1.500000 
2.000000 
2.000000 
2.061553 
2.061553 
1.000000 
1.000000 
0.500000 
0.500000 
2.000000 
2.000000 
0.000000 
0.000000 
0.000000 
0.000000 
0.500000 
0.500000 
1.500000 
1.500000 
1.414214 
1.414214 
1.118034 
1.118034 
1.414214 
1.414214 
1.118034 
1.118034 
1.500000 
1.500000 
2.000000 
2.000000 
2.061553 
2.061553 
1.000000 
1.000000 
0.500000 
0.500000 
2.000000 
2.000000 
