0.000000 
0.000000 
0.000000 
0.000000 
0.000000 
0.000000 
1.500000 
1.500000 
0.000000 
0.000000 
1.118034 
1.118034 
0.000000 
0.000000 
1.118034 
1.118034 
0.000000 
0.000000 
1.118034 
1.118034 
0.000000 
0.000000 
1.118034 
1.118034 
0.000000 
0.000000 
0.000000 
0.000000 
1.118034 
1.118034 
3.000000 
3.000000 
0.000000 
0.000000 
1.118034 
1.118034 
0.000000 
0.000000 
3.000000 
3.000000 
0.000000 
0.000000 
1.118034 
1.118034 
3.000000 
3.000000 
3.000000 
3.000000 
0.000000 
0.000000 
1.118034 
1.118034 
0.000000 
0.000000 
5.099020 
5.099020 
3.000000 
3.000000 
0.000000 
0.000000 
1.118034 
1.118034 
2.549510 
2.549510 
2.000000 
2.000000 
3.000000 
3.000000 
0.000000 
0.000000 
1.118034 
1.118034 
7.566373 
7.566373 
2.549510 
2.549510 
3.000000 
3.000000 
0.000000 
0.000000 
1.118034 
1.118034 
2.000000 
2.000000 
2.236068 
2.236068 
3.000000 
3.000000 
0.000000 
0.000000 
1.118034 
1.118034 
0.000000 
0.000000 
3.535534 
3.535534 
2.236068 
2.236068 
3.000000 
3.000000 
0.000000 
0.000000 
1.118034 
1.118034 
0.000000 
0.000000 
2.500000 
2.500000 
3.535534 
3.535534 
2.236068 
2.236068 
3.000000 
3.000000 
1.118034 
1.118034 
0.000000 
0.000000 
0.000000 
0.000000 
1.500000 
1.500000 
3.535534 
3.535534 
2.236068 
2.236068 
3.000000 
3.000000 
1.118034 
1.118034 
0.000000 
0.000000 
0.000000 
0.000000 
0.707107 
0.707107 
3.535534 
3.535534 
2.236068 
2.236068 
3.000000 
3.000000 
0.000000 
0.000000 
0.000000 
0.000000 
0.000000 
0.000000 
5.000000 
5.000000 
3.535534 
3.535534 
2.236068 
2.236068 
3.000000 
3.000000 
0.000000 
0.000000 
10.000000 
10.000000 
0.000000 
0.000000 
0.000000 
0.000000 
2.000000 
2.000000 
3.535534 
3.535534 
2.236068 
2.236068 
3.000000 
3.000000 
0.000000 
0.000000 
2.236068 
2.236068 
2.000000 
2.000000 
0.000000 
0.000000 
0.000000 
0.000000 
2.061553 
2.061553 
3.535534 
3.535534 
2.236068 
2.236068 
3.000000 
3.000000 
0.000000 
0.000000 
2.236068 
2.236068 
2.236068 
2.236068 
0.000000 
0.000000 
0.000000 
0.000000 
2.000000 
2.000000 
3.535534 
3.535534 
2.236068 
2.236068 
3.000000 
3.000000 
11.510864 
11.510864 
2.236068 
2.236068 
1.414214 
1.414214 
0.000000 
0.000000 
0.000000 
0.000000 
1.500000 
1.500000 
3.535534 
3.535534 
2.236068 
2.236068 
0.000000 
0.000000 
11.510864 
11.510864 
2.236068 
2.236068 
1.802776 
1.802776 
0.000000 
0.000000 
0.000000 
0.000000 
2.061553 
2.061553 
3.535534 
3.535534 
2.236068 
2.236068 
0.000000 
0.000000 
11.510864 
11.510864 
2.236068 
2.236068 
0.000000 
0.000000 
0.000000 
0.000000 
0.000000 
0.000000 
3.500000 
3.500000 
3.535534 
3.535534 
2.236068 
2.236068 
0.000000 
0.000000 
0.000000 
0.000000 
11.510864 
11.510864 
2.236068 
2.236068 
0.500000 
0.500000 
0.000000 
0.000000 
0.000000 
0.000000 
0.000000 
0.000000 
3.535534 
3.535534 
2.236068 
2.236068 
3.535534 
3.535534 
0.000000 
0.000000 
11.510864 
11.510864 
2.236068 
2.236068 
0.500000 
0.500000 
0.000000 
0.000000 
0.000000 
0.000000 
0.707107 
0.707107 
3.535534 
3.535534 
2.236068 
2.236068 
0.000000 
0.000000 
8.015610 
8.015610 
0.000000 
0.000000 
11.510864 
11.510864 
2.236068 
2.236068 
0.500000 
0.500000 
0.000000 
0.000000 
0.000000 
0.000000 
0.707107 
0.707107 
3.535534 
3.535534 
2.236068 
2.236068 
0.707107 
0.707107 
3.041381 
3.041381 
0.000000 
0.000000 
11.510864 
11.510864 
2.236068 
2.236068 
0.500000 
0.500000 
0.000000 
0.000000 
0.000000 
0.000000 
0.500000 
0.500000 
3.535534 
3.535534 
0.000000 
0.000000 
0.000000 
0.000000 
1.118034 
1.118034 
3.041381 
3.041381 
0.000000 
0.000000 
11.510864 
11.510864 
2.236068 
2.236068 
0.500000 
0.500000 
0.000000 
0.000000 
0.000000 
0.000000 
1.000000 
1.000000 
3.041381 
3.041381 
2.692582 
2.692582 
1.414214 
1.414214 
3.041381 
3.041381 
0.000000 
0.000000 
11.510864 
11.510864 
2.236068 
2.236068 
0.500000 
0.500000 
0.000000 
0.000000 
3.041381 
3.041381 
10.307764 
10.307764 
2.692582 
2.692582 
1.581139 
1.581139 
3.041381 
3.041381 
0.000000 
0.000000 
11.510864 
11.510864 
2.236068 
2.236068 
0.500000 
0.500000 
0.500000 
0.500000 
9.013878 
9.013878 
2.692582 
2.692582 
3.201562 
3.201562 
3.041381 
3.041381 
0.000000 
0.000000 
11.510864 
11.510864 
2.236068 
2.236068 
0.500000 
0.500000 
1.118034 
1.118034 
0.000000 
0.000000 
2.692582 
2.692582 
2.692582 
2.692582 
3.201562 
3.201562 
3.041381 
3.041381 
0.000000 
0.000000 
11.510864 
11.510864 
2.236068 
2.236068 
0.500000 
0.500000 
2.061553 
2.061553 
0.000000 
0.000000 
2.692582 
2.692582 
2.692582 
2.692582 
3.201562 
3.201562 
3.041381 
3.041381 
0.000000 
0.000000 
11.510864 
11.510864 
2.236068 
2.236068 
0.500000 
0.500000 
1.000000 
1.000000 
0.000000 
0.000000 
0.000000 
0.000000 
4.123106 
4.123106 
2.692582 
2.692582 
2.692582 
2.692582 
3.201562 
3.201562 
3.041381 
3.041381 
0.000000 
0.000000 
11.510864 
11.510864 
0.500000 
0.500000 
2.000000 
2.000000 
2.500000 
2.500000 
7.500000 
7.500000 
0.500000 
0.500000 
2.692582 
2.692582 
2.692582 
2.692582 
3.201562 
3.201562 
3.041381 
3.041381 
0.000000 
0.000000 
11.510864 
11.510864 
0.500000 
0.500000 
1.500000 
1.500000 
0.000000 
0.000000 
3.000000 
3.000000 
3.500000 
3.500000 
0.500000 
0.500000 
2.692582 
2.692582 
2.692582 
2.692582 
3.201562 
3.201562 
3.041381 
3.041381 
0.000000 
0.000000 
0.500000 
0.500000 
2.061553 
2.061553 
1.118034 
1.118034 
6.500000 
6.500000 
3.000000 
3.000000 
0.500000 
0.500000 
2.692582 
2.692582 
2.692582 
2.692582 
3.201562 
3.201562 
3.041381 
3.041381 
0.500000 
0.500000 
1.581139 
1.581139 
