0.000000 
0.000000 
0.000000 
0.000000 
0.000000 
0.000000 
3.500000 
3.500000 
1.581139 
1.581139 
1.581139 
1.581139 
9.013878 
9.013878 
2.061553 
2.061553 
0.500000 
0.500000 
0.000000 
0.000000 
2.500000 
2.500000 
2.549510 
2.549510 
1.118034 
1.118034 
0.000000 
0.000000 
0.000000 
0.000000 
3.041381 
3.041381 
2.549510 
2.549510 
1.000000 
1.000000 
0.000000 
0.000000 
1.000000 
1.000000 
0.000000 
0.000000 
3.041381 
3.041381 
2.549510 
2.549510 
1.500000 
1.500000 
4.472136 
4.472136 
2.549510 
2.549510 
0.000000 
0.000000 
3.041381 
3.041381 
2.549510 
2.549510 
3.535534 
3.535534 
0.000000 
0.000000 
4.472136 
4.472136 
2.061553 
2.061553 
0.000000 
0.000000 
3.041381 
3.041381 
2.549510 
2.549510 
1.000000 
1.000000 
3.000000 
3.000000 
4.472136 
4.472136 
1.802776 
1.802776 
0.000000 
0.000000 
3.041381 
3.041381 
2.549510 
2.549510 
1.118034 
1.118034 
0.000000 
0.000000 
0.000000 
0.000000 
0.000000 
0.000000 
3.535534 
3.535534 
4.472136 
4.472136 
1.802776 
1.802776 
0.000000 
0.000000 
3.041381 
3.041381 
2.549510 
2.549510 
0.500000 
0.500000 
0.000000 
0.000000 
0.000000 
0.000000 
1.581139 
1.581139 
2.061553 
2.061553 
3.535534 
3.535534 
4.472136 
4.472136 
1.802776 
1.802776 
0.000000 
0.000000 
3.041381 
3.041381 
2.549510 
2.549510 
0.500000 
0.500000 
0.000000 
0.000000 
3.535534 
3.535534 
0.000000 
0.000000 
1.581139 
1.581139 
2.121320 
2.121320 
3.535534 
3.535534 
4.472136 
4.472136 
1.802776 
1.802776 
0.000000 
0.000000 
3.041381 
3.041381 
2.549510 
2.549510 
0.500000 
0.500000 
1.581139 
1.581139 
3.640055 
3.640055 
0.000000 
0.000000 
1.581139 
1.581139 
2.061553 
2.061553 
3.535534 
3.535534 
4.472136 
4.472136 
1.802776 
1.802776 
0.000000 
0.000000 
3.041381 
3.041381 
2.549510 
2.549510 
0.000000 
0.000000 
0.000000 
0.000000 
0.000000 
0.000000 
2.549510 
2.549510 
3.640055 
3.640055 
0.000000 
0.000000 
1.581139 
1.581139 
2.061553 
2.061553 
3.535534 
3.535534 
4.472136 
4.472136 
1.802776 
1.802776 
0.000000 
0.000000 
3.041381 
3.041381 
2.549510 
2.549510 
0.500000 
0.500000 
2.000000 
2.000000 
3.535534 
3.535534 
2.500000 
2.500000 
3.640055 
3.640055 
0.000000 
0.000000 
1.581139 
1.581139 
2.061553 
2.061553 
3.535534 
3.535534 
4.472136 
4.472136 
1.802776 
1.802776 
0.000000 
0.000000 
3.041381 
3.041381 
2.549510 
2.549510 
0.500000 
0.500000 
0.000000 
0.000000 
3.535534 
3.535534 
3.041381 
3.041381 
2.500000 
2.500000 
3.640055 
3.640055 
0.000000 
0.000000 
1.581139 
1.581139 
2.061553 
2.061553 
3.535534 
3.535534 
4.472136 
4.472136 
1.802776 
1.802776 
0.000000 
0.000000 
3.041381 
3.041381 
7.071068 
7.071068 
1.000000 
1.000000 
0.000000 
0.000000 
1.118034 
1.118034 
2.500000 
2.500000 
3.041381 
3.041381 
2.500000 
2.500000 
3.640055 
3.640055 
0.000000 
0.000000 
1.581139 
1.581139 
2.061553 
2.061553 
3.535534 
3.535534 
4.472136 
4.472136 
1.802776 
1.802776 
0.000000 
0.000000 
3.041381 
3.041381 
1.581139 
1.581139 
0.500000 
0.500000 
0.000000 
0.000000 
0.000000 
0.000000 
3.535534 
3.535534 
2.549510 
2.549510 
2.500000 
2.500000 
3.041381 
3.041381 
2.500000 
2.500000 
3.640055 
3.640055 
0.000000 
0.000000 
1.581139 
1.581139 
2.061553 
2.061553 
3.535534 
3.535534 
4.472136 
4.472136 
1.802776 
1.802776 
0.000000 
0.000000 
3.041381 
3.041381 
1.414214 
1.414214 
0.707107 
0.707107 
0.000000 
0.000000 
0.000000 
0.000000 
0.707107 
0.707107 
3.041381 
3.041381 
1.581139 
1.581139 
2.500000 
2.500000 
3.041381 
3.041381 
2.500000 
2.500000 
3.640055 
3.640055 
0.000000 
0.000000 
1.581139 
1.581139 
2.061553 
2.061553 
3.535534 
3.535534 
4.472136 
4.472136 
1.802776 
1.802776 
3.041381 
3.041381 
3.535534 
3.535534 
0.500000 
0.500000 
3.807887 
3.807887 
0.000000 
0.000000 
1.118034 
1.118034 
6.020797 
6.020797 
1.802776 
1.802776 
2.500000 
2.500000 
3.041381 
3.041381 
2.500000 
2.500000 
3.640055 
3.640055 
0.000000 
0.000000 
1.581139 
1.581139 
2.061553 
2.061553 
3.535534 
3.535534 
4.472136 
4.472136 
1.802776 
1.802776 
1.500000 
1.500000 
0.500000 
0.500000 
3.535534 
3.535534 
0.000000 
0.000000 
1.118034 
1.118034 
3.535534 
3.535534 
1.118034 
1.118034 
2.500000 
2.500000 
3.041381 
3.041381 
2.500000 
2.500000 
3.640055 
3.640055 
0.000000 
0.000000 
1.581139 
1.581139 
2.061553 
2.061553 
3.535534 
3.535534 
4.472136 
4.472136 
1.802776 
1.802776 
1.581139 
1.581139 
0.500000 
0.500000 
0.000000 
0.000000 
3.535534 
3.535534 
0.000000 
0.000000 
2.692582 
2.692582 
3.500000 
3.500000 
0.707107 
0.707107 
2.500000 
2.500000 
3.041381 
3.041381 
2.500000 
2.500000 
3.640055 
3.640055 
0.000000 
0.000000 
1.581139 
1.581139 
2.061553 
2.061553 
3.535534 
3.535534 
1.802776 
1.802776 
1.118034 
1.118034 
0.500000 
0.500000 
3.535534 
3.535534 
3.535534 
3.535534 
0.000000 
0.000000 
1.581139 
1.581139 
2.915476 
2.915476 
4.000000 
4.000000 
2.500000 
2.500000 
3.041381 
3.041381 
2.500000 
2.500000 
3.640055 
3.640055 
0.000000 
0.000000 
1.581139 
1.581139 
2.061553 
2.061553 
3.535534 
3.535534 
1.802776 
1.802776 
1.000000 
1.000000 
0.500000 
0.500000 
2.692582 
2.692582 
3.535534 
3.535534 
0.000000 
0.000000 
5.522681 
5.522681 
6.500000 
6.500000 
0.707107 
0.707107 
2.500000 
2.500000 
3.041381 
3.041381 
2.500000 
2.500000 
3.640055 
3.640055 
0.000000 
0.000000 
1.581139 
1.581139 
2.061553 
2.061553 
3.535534 
3.535534 
1.414214 
1.414214 
0.500000 
0.500000 
0.000000 
0.000000 
2.692582 
2.692582 
3.535534 
3.535534 
0.000000 
0.000000 
1.000000 
1.000000 
3.640055 
3.640055 
1.118034 
1.118034 
2.500000 
2.500000 
3.041381 
3.041381 
2.500000 
2.500000 
3.640055 
3.640055 
1.581139 
1.581139 
2.061553 
2.061553 
1.500000 
1.500000 
0.500000 
0.500000 
3.354102 
3.354102 
2.692582 
2.692582 
3.535534 
3.535534 
0.000000 
0.000000 
1.500000 
1.500000 
3.162278 
3.162278 
1.581139 
1.581139 
2.500000 
2.500000 
3.041381 
3.041381 
2.500000 
2.500000 
3.640055 
3.640055 
2.061553 
2.061553 
0.500000 
0.500000 
0.500000 
0.500000 
0.000000 
0.000000 
0.000000 
0.000000 
3.354102 
3.354102 
2.692582 
2.692582 
3.535534 
3.535534 
0.000000 
0.000000 
1.500000 
1.500000 
3.162278 
3.162278 
2.061553 
2.061553 
2.500000 
2.500000 
3.041381 
3.041381 
2.500000 
2.500000 
3.640055 
3.640055 
2.061553 
2.061553 
1.414214 
1.414214 
0.500000 
0.500000 
2.692582 
2.692582 
2.692582 
2.692582 
3.354102 
3.354102 
2.692582 
2.692582 
3.535534 
3.535534 
0.000000 
0.000000 
0.707107 
0.707107 
3.162278 
3.162278 
1.500000 
1.500000 
2.500000 
2.500000 
3.041381 
3.041381 
2.500000 
2.500000 
1.118034 
1.118034 
0.500000 
0.500000 
2.828427 
2.828427 
3.500000 
3.500000 
3.354102 
3.354102 
2.692582 
2.692582 
3.535534 
3.535534 
0.000000 
0.000000 
0.707107 
0.707107 
3.162278 
3.162278 
1.118034 
1.118034 
2.500000 
2.500000 
3.041381 
3.041381 
2.500000 
2.500000 
0.500000 
0.500000 
0.500000 
0.500000 
3.354102 
3.354102 
2.061553 
2.061553 
3.354102 
3.354102 
2.692582 
2.692582 
3.535534 
3.535534 
0.000000 
0.000000 
0.707107 
0.707107 
3.162278 
3.162278 
0.707107 
0.707107 
2.500000 
2.500000 
3.041381 
3.041381 
0.500000 
0.500000 
0.500000 
0.500000 
0.000000 
0.000000 
3.354102 
3.354102 
5.099020 
5.099020 
3.354102 
3.354102 
2.692582 
2.692582 
3.535534 
3.535534 
0.000000 
0.000000 
0.707107 
0.707107 
3.162278 
3.162278 
1.118034 
1.118034 
2.500000 
2.500000 
4.123106 
4.123106 
0.500000 
0.500000 
0.000000 
0.000000 
2.692582 
2.692582 
3.354102 
3.354102 
2.121320 
2.121320 
3.354102 
3.354102 
2.692582 
2.692582 
3.535534 
3.535534 
0.000000 
0.000000 
0.500000 
0.500000 
3.162278 
3.162278 
0.707107 
0.707107 
1.000000 
1.000000 
0.500000 
0.500000 
0.000000 
0.000000 
3.162278 
3.162278 
3.354102 
3.354102 
2.121320 
2.121320 
3.354102 
3.354102 
2.692582 
2.692582 
3.535534 
3.535534 
0.707107 
0.707107 
3.162278 
3.162278 
0.500000 
0.500000 
1.000000 
1.000000 
0.500000 
0.500000 
0.000000 
0.000000 
0.000000 
0.000000 
2.549510 
2.549510 
3.354102 
3.354102 
2.121320 
2.121320 
3.354102 
3.354102 
2.692582 
2.692582 
3.535534 
3.535534 
1.414214 
1.414214 
3.162278 
3.162278 
0.500000 
0.500000 
1.000000 
1.000000 
0.000000 
0.000000 
0.000000 
0.000000 
5.590170 
5.590170 
3.354102 
3.354102 
2.121320 
2.121320 
3.354102 
3.354102 
2.692582 
2.692582 
3.535534 
3.535534 
1.802776 
1.802776 
3.162278 
3.162278 
0.500000 
0.500000 
1.000000 
1.000000 
0.000000 
0.000000 
0.000000 
0.000000 
0.000000 
0.000000 
0.000000 
0.000000 
3.000000 
3.000000 
3.354102 
3.354102 
2.121320 
2.121320 
3.354102 
3.354102 
2.692582 
2.692582 
1.414214 
1.414214 
3.162278 
3.162278 
0.707107 
0.707107 
0.707107 
0.707107 
3.500000 
3.500000 
5.852350 
5.852350 
0.000000 
0.000000 
0.000000 
0.000000 
5.315073 
5.315073 
3.354102 
3.354102 
2.121320 
2.121320 
3.354102 
3.354102 
2.692582 
2.692582 
0.000000 
0.000000 
3.162278 
3.162278 
0.707107 
0.707107 
1.000000 
1.000000 
0.000000 
0.000000 
3.500000 
3.500000 
6.519202 
6.519202 
0.000000 
0.000000 
0.000000 
0.000000 
5.315073 
5.315073 
3.354102 
3.354102 
2.121320 
2.121320 
3.354102 
3.354102 
2.692582 
2.692582 
3.535534 
3.535534 
3.162278 
3.162278 
0.500000 
0.500000 
0.707107 
0.707107 
3.041381 
3.041381 
3.500000 
3.500000 
2.236068 
2.236068 
0.000000 
0.000000 
0.000000 
0.000000 
5.315073 
5.315073 
3.354102 
3.354102 
2.121320 
2.121320 
3.354102 
3.354102 
0.000000 
0.000000 
3.162278 
3.162278 
0.707107 
0.707107 
1.000000 
1.000000 
