0.000000 
0.000000 
0.000000 
0.000000 
0.000000 
0.000000 
0.000000 
0.000000 
0.000000 
0.000000 
0.000000 
0.000000 
0.000000 
0.000000 
0.000000 
0.000000 
2.549510 
2.549510 
1.802776 
1.802776 
1.000000 
1.000000 
0.500000 
0.500000 
1.118034 
1.118034 
1.118034 
1.118034 
0.000000 
0.000000 
2.549510 
2.549510 
2.121320 
2.121320 
1.500000 
1.500000 
0.500000 
0.500000 
1.000000 
1.000000 
1.000000 
1.000000 
0.000000 
0.000000 
2.549510 
2.549510 
2.236068 
2.236068 
1.118034 
1.118034 
0.500000 
0.500000 
4.031129 
4.031129 
0.000000 
0.000000 
5.522681 
5.522681 
0.000000 
0.000000 
2.549510 
2.549510 
2.500000 
2.500000 
0.000000 
0.000000 
0.500000 
0.500000 
1.118034 
1.118034 
0.000000 
0.000000 
4.272002 
4.272002 
0.707107 
0.707107 
0.000000 
0.000000 
2.549510 
2.549510 
4.743416 
4.743416 
0.707107 
0.707107 
0.500000 
0.500000 
1.118034 
1.118034 
6.670832 
6.670832 
6.020797 
6.020797 
2.549510 
2.549510 
0.000000 
0.000000 
2.549510 
2.549510 
1.802776 
1.802776 
1.118034 
1.118034 
0.707107 
0.707107 
0.707107 
0.707107 
2.121320 
2.121320 
2.500000 
2.500000 
1.118034 
1.118034 
0.000000 
0.000000 
2.549510 
2.549510 
5.522681 
5.522681 
4.031129 
4.031129 
1.000000 
1.000000 
1.118034 
1.118034 
6.576473 
6.576473 
1.581139 
1.581139 
0.500000 
0.500000 
0.000000 
0.000000 
2.549510 
2.549510 
1.581139 
1.581139 
0.707107 
0.707107 
1.118034 
1.118034 
1.118034 
1.118034 
3.905125 
3.905125 
10.049876 
10.049876 
0.000000 
0.000000 
0.000000 
0.000000 
2.549510 
2.549510 
1.500000 
1.500000 
1.000000 
1.000000 
1.500000 
1.500000 
0.500000 
0.500000 
4.031129 
4.031129 
0.500000 
0.500000 
0.500000 
0.500000 
0.000000 
0.000000 
2.549510 
2.549510 
1.500000 
1.500000 
2.000000 
2.000000 
1.500000 
1.500000 
5.500000 
5.500000 
9.513149 
9.513149 
0.500000 
0.500000 
0.000000 
0.000000 
0.000000 
0.000000 
2.549510 
2.549510 
2.000000 
2.000000 
1.000000 
1.000000 
1.500000 
1.500000 
0.500000 
0.500000 
9.513149 
9.513149 
1.581139 
1.581139 
0.707107 
0.707107 
0.000000 
0.000000 
2.549510 
2.549510 
1.118034 
1.118034 
1.500000 
1.500000 
1.118034 
1.118034 
1.414214 
1.414214 
9.513149 
9.513149 
1.000000 
1.000000 
0.500000 
0.500000 
0.000000 
0.000000 
2.549510 
2.549510 
1.500000 
1.500000 
1.581139 
1.581139 
0.707107 
0.707107 
1.414214 
1.414214 
9.513149 
9.513149 
1.000000 
1.000000 
0.500000 
0.500000 
0.000000 
0.000000 
2.549510 
2.549510 
4.500000 
4.500000 
2.121320 
2.121320 
1.118034 
1.118034 
1.414214 
1.414214 
9.513149 
9.513149 
0.707107 
0.707107 
0.707107 
0.707107 
2.549510 
2.549510 
0.500000 
0.500000 
0.707107 
0.707107 
1.000000 
1.000000 
1.414214 
1.414214 
9.513149 
9.513149 
0.500000 
0.500000 
1.581139 
1.581139 
1.581139 
1.581139 
0.500000 
0.500000 
4.000000 
4.000000 
1.414214 
1.414214 
0.000000 
0.000000 
0.000000 
0.000000 
9.513149 
9.513149 
8.514693 
8.514693 
1.581139 
1.581139 
2.000000 
2.000000 
3.500000 
3.500000 
1.000000 
1.000000 
1.414214 
1.414214 
0.500000 
0.500000 
0.500000 
0.500000 
9.513149 
9.513149 
1.414214 
1.414214 
1.581139 
1.581139 
1.581139 
1.581139 
0.707107 
0.707107 
0.707107 
0.707107 
1.414214 
1.414214 
3.041381 
3.041381 
0.500000 
0.500000 
9.513149 
9.513149 
1.581139 
1.581139 
1.581139 
1.581139 
2.236068 
2.236068 
0.000000 
0.000000 
2.000000 
2.000000 
1.414214 
1.414214 
0.500000 
0.500000 
0.500000 
0.500000 
9.513149 
9.513149 
1.581139 
1.581139 
1.581139 
1.581139 
1.414214 
1.414214 
1.000000 
1.000000 
2.061553 
2.061553 
1.414214 
1.414214 
1.118034 
1.118034 
1.414214 
1.414214 
9.513149 
9.513149 
1.000000 
1.000000 
1.581139 
1.581139 
4.123106 
4.123106 
1.581139 
1.581139 
1.000000 
1.000000 
1.414214 
1.414214 
0.500000 
0.500000 
0.000000 
0.000000 
9.513149 
9.513149 
1.118034 
1.118034 
1.581139 
1.581139 
3.640055 
3.640055 
1.802776 
1.802776 
1.581139 
1.581139 
1.414214 
1.414214 
1.118034 
1.118034 
1.000000 
1.000000 
9.513149 
9.513149 
2.236068 
2.236068 
1.581139 
1.581139 
2.121320 
2.121320 
1.581139 
1.581139 
1.000000 
1.000000 
1.414214 
1.414214 
0.000000 
0.000000 
0.000000 
0.000000 
1.414214 
1.414214 
0.500000 
0.500000 
9.513149 
9.513149 
1.581139 
1.581139 
1.581139 
1.581139 
1.802776 
1.802776 
1.581139 
1.581139 
1.802776 
1.802776 
1.414214 
1.414214 
1.118034 
1.118034 
0.707107 
0.707107 
1.000000 
1.000000 
0.707107 
0.707107 
9.513149 
9.513149 
4.031129 
4.031129 
1.581139 
1.581139 
2.500000 
2.500000 
1.581139 
1.581139 
3.041381 
3.041381 
1.414214 
1.414214 
1.118034 
1.118034 
1.118034 
1.118034 
1.118034 
1.118034 
0.000000 
0.000000 
2.061553 
2.061553 
1.581139 
1.581139 
2.828427 
2.828427 
1.581139 
1.581139 
1.500000 
1.500000 
1.414214 
1.414214 
1.118034 
1.118034 
1.500000 
1.500000 
1.118034 
1.118034 
0.500000 
0.500000 
2.121320 
2.121320 
1.581139 
1.581139 
2.500000 
2.500000 
1.581139 
1.581139 
2.000000 
2.000000 
6.264982 
6.264982 
1.118034 
1.118034 
2.000000 
2.000000 
1.581139 
1.581139 
1.118034 
1.118034 
2.692582 
2.692582 
1.581139 
1.581139 
5.700877 
5.700877 
1.581139 
1.581139 
2.061553 
2.061553 
0.707107 
0.707107 
1.118034 
1.118034 
2.061553 
2.061553 
1.118034 
1.118034 
0.000000 
0.000000 
1.802776 
1.802776 
1.581139 
1.581139 
2.236068 
2.236068 
1.581139 
1.581139 
2.236068 
2.236068 
1.500000 
1.500000 
1.118034 
1.118034 
7.810250 
7.810250 
1.000000 
1.000000 
0.500000 
0.500000 
2.500000 
2.500000 
1.581139 
1.581139 
5.000000 
5.000000 
1.581139 
1.581139 
2.061553 
2.061553 
1.000000 
1.000000 
1.118034 
1.118034 
4.031129 
4.031129 
0.000000 
0.000000 
0.500000 
0.500000 
3.807887 
3.807887 
2.915476 
2.915476 
1.581139 
1.581139 
1.581139 
1.581139 
1.000000 
1.000000 
1.118034 
1.118034 
2.000000 
2.000000 
3.000000 
3.000000 
0.707107 
0.707107 
2.236068 
2.236068 
6.184658 
6.184658 
1.581139 
1.581139 
4.031129 
4.031129 
1.000000 
1.000000 
1.118034 
1.118034 
2.000000 
2.000000 
0.707107 
0.707107 
0.500000 
0.500000 
1.414214 
1.414214 
2.236068 
2.236068 
1.581139 
1.581139 
2.549510 
2.549510 
1.000000 
1.000000 
1.118034 
1.118034 
1.500000 
1.500000 
0.500000 
0.500000 
0.500000 
0.500000 
5.099020 
5.099020 
2.500000 
2.500000 
1.581139 
1.581139 
2.236068 
2.236068 
1.000000 
1.000000 
1.118034 
1.118034 
1.118034 
1.118034 
0.707107 
0.707107 
0.707107 
0.707107 
2.121320 
2.121320 
3.201562 
3.201562 
1.581139 
1.581139 
3.041381 
3.041381 
1.000000 
1.000000 
0.000000 
0.000000 
1.118034 
1.118034 
1.000000 
1.000000 
1.414214 
1.414214 
0.500000 
0.500000 
2.236068 
2.236068 
5.147815 
5.147815 
1.581139 
1.581139 
1.500000 
1.500000 
1.000000 
1.000000 
0.000000 
0.000000 
1.118034 
1.118034 
5.099020 
5.099020 
1.118034 
1.118034 
0.000000 
0.000000 
2.692582 
2.692582 
5.147815 
5.147815 
6.324555 
6.324555 
1.500000 
1.500000 
1.000000 
1.000000 
0.000000 
0.000000 
1.118034 
1.118034 
3.162278 
3.162278 
0.707107 
0.707107 
1.118034 
1.118034 
2.121320 
2.121320 
3.605551 
3.605551 
1.581139 
1.581139 
1.500000 
1.500000 
1.000000 
1.000000 
