0.000000 
0.000000 
0.000000 
0.000000 
0.000000 
0.000000 
0.000000 
0.000000 
1.802776 
1.802776 
19.506409 
19.506409 
0.000000 
0.000000 
0.000000 
0.000000 
1.802776 
1.802776 
4.031129 
4.031129 
2.061553 
2.061553 
2.549510 
2.549510 
1.802776 
1.802776 
3.535534 
3.535534 
1.118034 
1.118034 
1.118034 
1.118034 
1.802776 
1.802776 
2.000000 
2.000000 
1.118034 
1.118034 
1.802776 
1.802776 
1.802776 
1.802776 
0.707107 
0.707107 
1.118034 
1.118034 
0.707107 
0.707107 
1.802776 
1.802776 
1.000000 
1.000000 
12.649111 
12.649111 
0.707107 
0.707107 
1.802776 
1.802776 
1.118034 
1.118034 
0.000000 
0.000000 
0.000000 
0.000000 
12.649111 
12.649111 
0.707107 
0.707107 
16.568042 
16.568042 
0.000000 
0.000000 
0.500000 
0.500000 
0.707107 
0.707107 
12.649111 
12.649111 
0.707107 
0.707107 
0.707107 
0.707107 
18.560711 
18.560711 
0.500000 
0.500000 
1.000000 
1.000000 
12.649111 
12.649111 
0.707107 
0.707107 
1.118034 
1.118034 
1.118034 
1.118034 
1.500000 
1.500000 
0.000000 
0.000000 
12.649111 
12.649111 
1.581139 
1.581139 
2.000000 
2.000000 
0.707107 
0.707107 
0.707107 
0.707107 
0.707107 
0.707107 
12.649111 
12.649111 
1.500000 
1.500000 
1.118034 
1.118034 
0.707107 
0.707107 
0.707107 
0.707107 
10.547512 
10.547512 
12.649111 
12.649111 
1.581139 
1.581139 
2.828427 
2.828427 
22.522211 
22.522211 
0.707107 
0.707107 
0.000000 
0.000000 
12.649111 
12.649111 
11.543396 
11.543396 
10.793517 
10.793517 
3.041381 
3.041381 
0.707107 
0.707107 
1.000000 
1.000000 
12.649111 
12.649111 
11.011358 
11.011358 
1.000000 
1.000000 
3.500000 
3.500000 
0.707107 
0.707107 
9.513149 
9.513149 
12.649111 
12.649111 
1.118034 
1.118034 
0.500000 
0.500000 
1.500000 
1.500000 
0.707107 
0.707107 
1.581139 
1.581139 
12.649111 
12.649111 
1.118034 
1.118034 
0.707107 
0.707107 
2.236068 
2.236068 
0.707107 
0.707107 
0.500000 
0.500000 
12.649111 
12.649111 
1.118034 
1.118034 
1.581139 
1.581139 
1.581139 
1.581139 
0.707107 
0.707107 
1.000000 
1.000000 
12.649111 
12.649111 
1.118034 
1.118034 
3.500000 
3.500000 
0.500000 
0.500000 
0.707107 
0.707107 
9.013878 
9.013878 
12.649111 
12.649111 
1.118034 
1.118034 
1.581139 
1.581139 
1.000000 
1.000000 
0.707107 
0.707107 
8.139410 
8.139410 
12.649111 
12.649111 
1.118034 
1.118034 
1.118034 
1.118034 
0.000000 
0.000000 
0.707107 
0.707107 
8.015610 
8.015610 
1.118034 
1.118034 
4.609772 
4.609772 
1.581139 
1.581139 
0.707107 
0.707107 
1.802776 
1.802776 
1.118034 
1.118034 
0.500000 
0.500000 
0.707107 
0.707107 
0.707107 
0.707107 
1.802776 
1.802776 
1.118034 
1.118034 
0.500000 
0.500000 
0.707107 
0.707107 
0.707107 
0.707107 
1.802776 
1.802776 
1.118034 
1.118034 
0.500000 
0.500000 
0.500000 
0.500000 
0.707107 
0.707107 
1.802776 
1.802776 
7.516648 
7.516648 
0.707107 
0.707107 
0.000000 
0.000000 
1.802776 
1.802776 
1.500000 
1.500000 
0.707107 
0.707107 
0.500000 
0.500000 
1.802776 
1.802776 
1.118034 
1.118034 
0.707107 
0.707107 
1.118034 
1.118034 
0.000000 
0.000000 
1.802776 
1.802776 
0.500000 
0.500000 
8.514693 
8.514693 
0.000000 
0.000000 
2.061553 
2.061553 
1.802776 
1.802776 
1.118034 
1.118034 
1.118034 
1.118034 
14.508618 
14.508618 
2.061553 
2.061553 
1.802776 
1.802776 
0.707107 
0.707107 
1.000000 
1.000000 
2.500000 
2.500000 
0.000000 
0.000000 
2.061553 
2.061553 
1.802776 
1.802776 
0.707107 
0.707107 
1.000000 
1.000000 
0.707107 
0.707107 
0.500000 
0.500000 
2.061553 
2.061553 
1.802776 
1.802776 
0.707107 
0.707107 
1.000000 
1.000000 
2.549510 
2.549510 
1.581139 
1.581139 
2.061553 
2.061553 
1.802776 
1.802776 
0.707107 
0.707107 
1.000000 
1.000000 
0.000000 
0.000000 
1.118034 
1.118034 
2.061553 
2.061553 
1.802776 
1.802776 
2.236068 
2.236068 
1.000000 
1.000000 
1.000000 
1.000000 
1.000000 
1.000000 
2.061553 
2.061553 
1.802776 
1.802776 
10.049876 
10.049876 
1.000000 
1.000000 
1.500000 
1.500000 
0.500000 
0.500000 
2.061553 
2.061553 
1.802776 
1.802776 
0.500000 
0.500000 
1.000000 
1.000000 
1.000000 
1.000000 
0.707107 
0.707107 
2.061553 
2.061553 
0.707107 
0.707107 
1.000000 
1.000000 
0.500000 
0.500000 
