0.000000 
0.000000 
2.000000 
2.000000 
2.500000 
2.500000 
3.201562 
3.201562 
0.000000 
0.000000 
8.139410 
8.139410 
3.162278 
3.162278 
6.708204 
6.708204 
11.045361 
11.045361 
11.180340 
11.180340 
1.500000 
1.500000 
3.905125 
3.905125 
0.000000 
0.000000 
1.118034 
1.118034 
3.905125 
3.905125 
0.000000 
0.000000 
0.000000 
0.000000 
1.118034 
1.118034 
3.905125 
3.905125 
8.381527 
8.381527 
0.000000 
0.000000 
1.118034 
1.118034 
3.905125 
3.905125 
1.802776 
1.802776 
0.000000 
0.000000 
1.118034 
1.118034 
3.905125 
3.905125 
4.527693 
4.527693 
0.000000 
0.000000 
1.118034 
1.118034 
3.905125 
3.905125 
14.705441 
14.705441 
0.000000 
0.000000 
1.118034 
1.118034 
3.905125 
3.905125 
0.000000 
0.000000 
11.768602 
11.768602 
0.000000 
0.000000 
1.118034 
1.118034 
3.905125 
3.905125 
0.707107 
0.707107 
2.500000 
2.500000 
0.000000 
0.000000 
1.118034 
1.118034 
3.905125 
3.905125 
15.041609 
15.041609 
3.041381 
3.041381 
0.000000 
0.000000 
1.118034 
1.118034 
3.905125 
3.905125 
6.403124 
6.403124 
3.354102 
3.354102 
0.000000 
0.000000 
1.118034 
1.118034 
3.905125 
3.905125 
8.514693 
8.514693 
4.123106 
4.123106 
0.000000 
0.000000 
1.118034 
1.118034 
3.905125 
3.905125 
3.201562 
3.201562 
4.123106 
4.123106 
0.000000 
0.000000 
1.118034 
1.118034 
3.905125 
3.905125 
13.509256 
13.509256 
2.549510 
2.549510 
0.000000 
0.000000 
1.118034 
1.118034 
3.905125 
3.905125 
2.500000 
2.500000 
9.552487 
9.552487 
0.000000 
0.000000 
1.118034 
1.118034 
3.905125 
3.905125 
5.500000 
5.500000 
4.924429 
4.924429 
0.000000 
0.000000 
1.118034 
1.118034 
5.099020 
5.099020 
1.118034 
1.118034 
7.211103 
7.211103 
2.236068 
2.236068 
2.500000 
2.500000 
2.236068 
2.236068 
6.184658 
6.184658 
1.802776 
1.802776 
1.802776 
1.802776 
0.500000 
0.500000 
1.414214 
1.414214 
0.500000 
0.500000 
0.707107 
0.707107 
0.500000 
0.500000 
0.707107 
0.707107 
1.414214 
1.414214 
0.707107 
0.707107 
1.000000 
1.000000 
0.707107 
0.707107 
1.414214 
1.414214 
0.707107 
0.707107 
1.802776 
1.802776 
0.707107 
0.707107 
2.236068 
2.236068 
0.707107 
0.707107 
2.828427 
2.828427 
0.707107 
0.707107 
1.802776 
1.802776 
0.707107 
0.707107 
1.000000 
1.000000 
0.000000 
0.000000 
0.707107 
0.707107 
5.024938 
5.024938 
