0.000000 
0.000000 
1.118034 
1.118034 
1.414214 
1.414214 
2.236068 
2.236068 
0.000000 
0.000000 
1.581139 
1.581139 
1.500000 
1.500000 
2.549510 
2.549510 
1.802776 
1.802776 
6.000000 
6.000000 
1.500000 
1.500000 
3.041381 
3.041381 
1.118034 
1.118034 
2.236068 
2.236068 
0.500000 
0.500000 
2.500000 
2.500000 
12.509996 
12.509996 
7.433034 
7.433034 
1.414214 
1.414214 
2.121320 
2.121320 
1.118034 
1.118034 
3.041381 
3.041381 
1.118034 
1.118034 
2.549510 
2.549510 
1.118034 
1.118034 
8.139410 
8.139410 
0.000000 
0.000000 
1.118034 
1.118034 
2.500000 
2.500000 
1.802776 
1.802776 
1.118034 
1.118034 
2.692582 
2.692582 
1.500000 
1.500000 
1.118034 
1.118034 
0.707107 
0.707107 
1.500000 
1.500000 
1.118034 
1.118034 
0.707107 
0.707107 
0.000000 
0.000000 
1.118034 
1.118034 
1.581139 
1.581139 
1.118034 
1.118034 
1.118034 
1.118034 
11.500000 
11.500000 
7.648529 
7.648529 
1.118034 
1.118034 
2.549510 
2.549510 
2.061553 
2.061553 
1.118034 
1.118034 
8.139410 
8.139410 
7.433034 
7.433034 
1.118034 
1.118034 
1.414214 
1.414214 
2.061553 
2.061553 
1.118034 
1.118034 
0.707107 
0.707107 
9.000000 
9.000000 
1.118034 
1.118034 
6.184658 
6.184658 
3.354102 
3.354102 
1.118034 
1.118034 
0.707107 
0.707107 
0.000000 
0.000000 
3.354102 
3.354102 
1.118034 
1.118034 
0.500000 
0.500000 
0.000000 
0.000000 
2.692582 
2.692582 
3.354102 
3.354102 
9.617692 
9.617692 
0.000000 
0.000000 
1.414214 
1.414214 
10.111874 
10.111874 
3.354102 
3.354102 
10.062306 
10.062306 
2.061553 
2.061553 
1.414214 
1.414214 
10.111874 
10.111874 
3.354102 
3.354102 
10.062306 
10.062306 
0.000000 
0.000000 
2.000000 
2.000000 
1.414214 
1.414214 
10.111874 
10.111874 
3.354102 
3.354102 
10.062306 
10.062306 
13.038405 
13.038405 
1.500000 
1.500000 
1.414214 
1.414214 
10.111874 
10.111874 
3.354102 
3.354102 
10.062306 
10.062306 
1.500000 
1.500000 
8.062258 
8.062258 
1.414214 
1.414214 
10.111874 
10.111874 
3.354102 
3.354102 
10.062306 
10.062306 
2.500000 
2.500000 
2.121320 
2.121320 
1.414214 
1.414214 
10.111874 
10.111874 
3.354102 
3.354102 
10.062306 
10.062306 
0.000000 
0.000000 
9.013878 
9.013878 
1.802776 
1.802776 
1.414214 
1.414214 
10.111874 
10.111874 
3.354102 
3.354102 
10.062306 
10.062306 
2.500000 
2.500000 
3.000000 
3.000000 
1.118034 
1.118034 
1.414214 
1.414214 
10.111874 
10.111874 
3.354102 
3.354102 
10.062306 
10.062306 
2.500000 
2.500000 
3.000000 
3.000000 
0.500000 
0.500000 
1.414214 
1.414214 
10.111874 
10.111874 
3.354102 
3.354102 
10.062306 
10.062306 
2.500000 
2.500000 
3.000000 
3.000000 
1.118034 
1.118034 
1.414214 
1.414214 
10.111874 
10.111874 
3.354102 
3.354102 
15.033296 
15.033296 
