0.000000 
0.000000 
0.000000 
0.000000 
0.000000 
0.000000 
0.000000 
0.000000 
0.000000 
0.000000 
0.000000 
0.000000 
0.000000 
0.000000 
1.802776 
1.802776 
1.414214 
1.414214 
5.522681 
5.522681 
1.581139 
1.581139 
1.118034 
1.118034 
3.354102 
3.354102 
0.000000 
0.000000 
2.121320 
2.121320 
2.000000 
2.000000 
1.000000 
1.000000 
2.236068 
2.236068 
1.802776 
1.802776 
1.118034 
1.118034 
3.354102 
3.354102 
0.000000 
0.000000 
0.000000 
0.000000 
2.236068 
2.236068 
2.692582 
2.692582 
2.000000 
2.000000 
1.414214 
1.414214 
2.236068 
2.236068 
4.031129 
4.031129 
1.118034 
1.118034 
3.354102 
3.354102 
0.000000 
0.000000 
0.000000 
0.000000 
1.500000 
1.500000 
2.236068 
2.236068 
2.236068 
2.236068 
2.236068 
2.236068 
2.000000 
2.000000 
1.414214 
1.414214 
2.236068 
2.236068 
2.000000 
2.000000 
1.118034 
1.118034 
3.354102 
3.354102 
0.000000 
0.000000 
0.000000 
0.000000 
2.061553 
2.061553 
0.707107 
0.707107 
2.236068 
2.236068 
2.236068 
2.236068 
2.236068 
2.236068 
2.000000 
2.000000 
1.414214 
1.414214 
2.236068 
2.236068 
2.061553 
2.061553 
1.118034 
1.118034 
3.354102 
3.354102 
0.000000 
0.000000 
0.000000 
0.000000 
0.000000 
0.000000 
0.000000 
0.000000 
0.000000 
0.000000 
1.500000 
1.500000 
0.707107 
0.707107 
2.236068 
2.236068 
2.236068 
2.236068 
2.236068 
2.236068 
2.000000 
2.000000 
1.414214 
1.414214 
2.236068 
2.236068 
2.061553 
2.061553 
1.118034 
1.118034 
3.354102 
3.354102 
0.000000 
0.000000 
3.535534 
3.535534 
0.000000 
0.000000 
3.041381 
3.041381 
0.000000 
0.000000 
0.000000 
0.000000 
1.500000 
1.500000 
0.707107 
0.707107 
2.236068 
2.236068 
2.236068 
2.236068 
2.236068 
2.236068 
2.000000 
2.000000 
1.414214 
1.414214 
2.236068 
2.236068 
2.061553 
2.061553 
1.118034 
1.118034 
3.354102 
3.354102 
0.000000 
0.000000 
0.000000 
0.000000 
0.000000 
0.000000 
3.640055 
3.640055 
0.000000 
0.000000 
3.041381 
3.041381 
0.000000 
0.000000 
0.000000 
0.000000 
1.500000 
1.500000 
0.707107 
0.707107 
2.236068 
2.236068 
2.236068 
2.236068 
2.236068 
2.236068 
2.000000 
2.000000 
1.414214 
1.414214 
2.236068 
2.236068 
2.061553 
2.061553 
1.118034 
1.118034 
3.354102 
3.354102 
0.000000 
0.000000 
0.000000 
0.000000 
0.000000 
0.000000 
2.236068 
2.236068 
0.000000 
0.000000 
3.640055 
3.640055 
0.000000 
0.000000 
3.041381 
3.041381 
0.000000 
0.000000 
0.000000 
0.000000 
1.500000 
1.500000 
0.707107 
0.707107 
2.236068 
2.236068 
2.236068 
2.236068 
2.236068 
2.236068 
2.000000 
2.000000 
1.414214 
1.414214 
2.236068 
2.236068 
2.061553 
2.061553 
1.118034 
1.118034 
3.354102 
3.354102 
0.000000 
0.000000 
3.640055 
3.640055 
4.000000 
4.000000 
0.000000 
0.000000 
2.236068 
2.236068 
0.000000 
0.000000 
3.640055 
3.640055 
0.000000 
0.000000 
3.041381 
3.041381 
0.000000 
0.000000 
0.000000 
0.000000 
1.500000 
1.500000 
0.707107 
0.707107 
2.236068 
2.236068 
2.236068 
2.236068 
2.236068 
2.236068 
2.000000 
2.000000 
1.414214 
1.414214 
2.236068 
2.236068 
2.061553 
2.061553 
1.118034 
1.118034 
3.354102 
3.354102 
0.000000 
0.000000 
0.000000 
0.000000 
0.000000 
0.000000 
3.640055 
3.640055 
4.000000 
4.000000 
0.000000 
0.000000 
2.236068 
2.236068 
0.000000 
0.000000 
3.640055 
3.640055 
0.000000 
0.000000 
3.041381 
3.041381 
0.000000 
0.000000 
0.000000 
0.000000 
1.500000 
1.500000 
0.707107 
0.707107 
2.236068 
2.236068 
2.236068 
2.236068 
2.236068 
2.236068 
2.000000 
2.000000 
1.414214 
1.414214 
2.236068 
2.236068 
2.061553 
2.061553 
1.118034 
1.118034 
3.354102 
3.354102 
0.000000 
0.000000 
3.162278 
3.162278 
3.041381 
3.041381 
0.000000 
0.000000 
3.640055 
3.640055 
4.000000 
4.000000 
0.000000 
0.000000 
2.236068 
2.236068 
0.000000 
0.000000 
3.640055 
3.640055 
0.000000 
0.000000 
3.041381 
3.041381 
0.000000 
0.000000 
0.000000 
0.000000 
1.500000 
1.500000 
0.707107 
0.707107 
2.236068 
2.236068 
2.236068 
2.236068 
2.236068 
2.236068 
2.000000 
2.000000 
1.414214 
1.414214 
2.236068 
2.236068 
2.061553 
2.061553 
1.118034 
1.118034 
3.354102 
3.354102 
3.162278 
3.162278 
4.000000 
4.000000 
3.500000 
3.500000 
0.000000 
0.000000 
3.640055 
3.640055 
4.000000 
4.000000 
0.000000 
0.000000 
2.236068 
2.236068 
0.000000 
0.000000 
3.640055 
3.640055 
0.000000 
0.000000 
3.041381 
3.041381 
0.000000 
0.000000 
0.000000 
0.000000 
1.500000 
1.500000 
0.707107 
0.707107 
2.236068 
2.236068 
2.236068 
2.236068 
2.236068 
2.236068 
2.000000 
2.000000 
1.414214 
1.414214 
2.236068 
2.236068 
2.061553 
2.061553 
1.118034 
1.118034 
3.354102 
3.354102 
0.000000 
0.000000 
0.000000 
0.000000 
0.000000 
0.000000 
3.041381 
3.041381 
4.000000 
4.000000 
3.500000 
3.500000 
0.000000 
0.000000 
3.640055 
3.640055 
4.000000 
4.000000 
0.000000 
0.000000 
2.236068 
2.236068 
0.000000 
0.000000 
3.640055 
3.640055 
0.000000 
0.000000 
3.041381 
3.041381 
0.000000 
0.000000 
0.000000 
0.000000 
1.500000 
1.500000 
0.707107 
0.707107 
2.236068 
2.236068 
2.236068 
2.236068 
2.236068 
2.236068 
2.000000 
2.000000 
1.414214 
1.414214 
2.236068 
2.236068 
2.061553 
2.061553 
1.118034 
1.118034 
3.354102 
3.354102 
0.000000 
0.000000 
2.061553 
2.061553 
0.000000 
0.000000 
3.000000 
3.000000 
2.061553 
2.061553 
4.000000 
4.000000 
3.500000 
3.500000 
0.000000 
0.000000 
3.640055 
3.640055 
4.000000 
4.000000 
0.000000 
0.000000 
2.236068 
2.236068 
0.000000 
0.000000 
3.640055 
3.640055 
0.000000 
0.000000 
3.041381 
3.041381 
0.000000 
0.000000 
0.000000 
0.000000 
1.500000 
1.500000 
0.707107 
0.707107 
2.236068 
2.236068 
2.236068 
2.236068 
2.236068 
2.236068 
2.000000 
2.000000 
1.414214 
1.414214 
2.236068 
2.236068 
2.061553 
2.061553 
1.118034 
1.118034 
3.354102 
3.354102 
0.000000 
0.000000 
0.000000 
0.000000 
0.000000 
0.000000 
2.061553 
2.061553 
0.000000 
0.000000 
3.162278 
3.162278 
2.061553 
2.061553 
4.000000 
4.000000 
3.500000 
3.500000 
0.000000 
0.000000 
3.640055 
3.640055 
4.000000 
4.000000 
0.000000 
0.000000 
2.236068 
2.236068 
0.000000 
0.000000 
3.640055 
3.640055 
0.000000 
0.000000 
3.041381 
3.041381 
0.000000 
0.000000 
0.000000 
0.000000 
1.500000 
1.500000 
0.707107 
0.707107 
2.236068 
2.236068 
2.236068 
2.236068 
2.236068 
2.236068 
2.000000 
2.000000 
1.414214 
1.414214 
2.236068 
2.236068 
2.061553 
2.061553 
0.000000 
0.000000 
0.000000 
0.000000 
2.500000 
2.500000 
2.061553 
2.061553 
0.000000 
0.000000 
2.061553 
2.061553 
0.000000 
0.000000 
3.162278 
3.162278 
2.061553 
2.061553 
4.000000 
4.000000 
3.500000 
3.500000 
0.000000 
0.000000 
3.640055 
3.640055 
4.000000 
4.000000 
0.000000 
0.000000 
2.236068 
2.236068 
0.000000 
0.000000 
3.640055 
3.640055 
0.000000 
0.000000 
3.041381 
3.041381 
0.000000 
0.000000 
0.000000 
0.000000 
1.500000 
1.500000 
0.707107 
0.707107 
2.236068 
2.236068 
2.236068 
2.236068 
2.236068 
2.236068 
1.414214 
1.414214 
2.061553 
2.061553 
0.000000 
0.000000 
0.000000 
0.000000 
3.535534 
3.535534 
3.500000 
3.500000 
2.236068 
2.236068 
0.000000 
0.000000 
2.061553 
2.061553 
0.000000 
0.000000 
3.162278 
3.162278 
2.061553 
2.061553 
4.000000 
4.000000 
3.500000 
3.500000 
0.000000 
0.000000 
3.640055 
3.640055 
4.000000 
4.000000 
0.000000 
0.000000 
2.236068 
2.236068 
0.000000 
0.000000 
3.640055 
3.640055 
0.000000 
0.000000 
3.041381 
3.041381 
0.000000 
0.000000 
0.000000 
0.000000 
1.500000 
1.500000 
0.707107 
0.707107 
2.236068 
2.236068 
2.236068 
2.236068 
2.061553 
2.061553 
0.000000 
0.000000 
2.061553 
2.061553 
0.000000 
0.000000 
5.830952 
5.830952 
3.500000 
3.500000 
2.828427 
2.828427 
0.000000 
0.000000 
2.061553 
2.061553 
0.000000 
0.000000 
3.162278 
3.162278 
2.061553 
2.061553 
4.000000 
4.000000 
3.500000 
3.500000 
0.000000 
0.000000 
3.640055 
3.640055 
4.000000 
4.000000 
0.000000 
0.000000 
2.236068 
2.236068 
0.000000 
0.000000 
3.640055 
3.640055 
0.000000 
0.000000 
3.041381 
3.041381 
0.000000 
0.000000 
1.500000 
1.500000 
0.707107 
0.707107 
2.061553 
2.061553 
0.000000 
0.000000 
0.000000 
0.000000 
2.549510 
2.549510 
2.061553 
2.061553 
0.000000 
0.000000 
5.830952 
5.830952 
3.500000 
3.500000 
2.500000 
2.500000 
0.000000 
0.000000 
2.061553 
2.061553 
0.000000 
0.000000 
3.162278 
3.162278 
2.061553 
2.061553 
4.000000 
4.000000 
3.500000 
3.500000 
0.000000 
0.000000 
3.640055 
3.640055 
4.000000 
4.000000 
0.000000 
0.000000 
2.236068 
2.236068 
0.000000 
0.000000 
3.640055 
3.640055 
0.000000 
0.000000 
3.041381 
3.041381 
1.500000 
1.500000 
0.000000 
0.000000 
2.915476 
2.915476 
1.802776 
1.802776 
3.000000 
3.000000 
2.061553 
2.061553 
0.000000 
0.000000 
5.830952 
5.830952 
3.500000 
3.500000 
1.802776 
1.802776 
0.000000 
0.000000 
2.061553 
2.061553 
0.000000 
0.000000 
3.162278 
3.162278 
2.061553 
2.061553 
4.000000 
4.000000 
3.500000 
3.500000 
0.000000 
0.000000 
3.640055 
3.640055 
4.000000 
4.000000 
0.000000 
0.000000 
2.236068 
2.236068 
0.000000 
0.000000 
3.640055 
3.640055 
3.041381 
3.041381 
0.000000 
0.000000 
0.000000 
0.000000 
3.535534 
3.535534 
1.802776 
1.802776 
2.236068 
2.236068 
2.061553 
2.061553 
0.000000 
0.000000 
5.830952 
5.830952 
3.500000 
3.500000 
1.000000 
1.000000 
0.000000 
0.000000 
2.061553 
2.061553 
0.000000 
0.000000 
3.162278 
3.162278 
2.061553 
2.061553 
4.000000 
4.000000 
3.500000 
3.500000 
0.000000 
0.000000 
3.640055 
3.640055 
4.000000 
4.000000 
0.000000 
0.000000 
2.236068 
2.236068 
3.640055 
3.640055 
0.000000 
0.000000 
1.118034 
1.118034 
0.000000 
0.000000 
2.692582 
2.692582 
1.802776 
1.802776 
1.118034 
1.118034 
2.061553 
2.061553 
0.000000 
0.000000 
5.830952 
5.830952 
3.500000 
3.500000 
0.500000 
0.500000 
0.000000 
0.000000 
2.061553 
2.061553 
0.000000 
0.000000 
3.162278 
3.162278 
2.061553 
2.061553 
4.000000 
4.000000 
3.500000 
3.500000 
0.000000 
0.000000 
3.640055 
3.640055 
4.000000 
4.000000 
2.236068 
2.236068 
0.000000 
0.000000 
0.000000 
0.000000 
2.000000 
2.000000 
1.118034 
1.118034 
0.000000 
0.000000 
2.692582 
2.692582 
1.802776 
1.802776 
1.000000 
1.000000 
2.061553 
2.061553 
0.000000 
0.000000 
5.830952 
5.830952 
3.500000 
3.500000 
2.500000 
2.500000 
0.000000 
0.000000 
2.061553 
2.061553 
0.000000 
0.000000 
3.162278 
3.162278 
2.061553 
2.061553 
4.000000 
4.000000 
3.500000 
3.500000 
0.000000 
0.000000 
3.640055 
3.640055 
4.000000 
4.000000 
1.581139 
1.581139 
1.802776 
1.802776 
0.500000 
0.500000 
1.118034 
1.118034 
0.000000 
0.000000 
2.692582 
2.692582 
1.802776 
1.802776 
5.000000 
5.000000 
2.061553 
2.061553 
0.000000 
0.000000 
5.830952 
5.830952 
3.500000 
3.500000 
0.000000 
0.000000 
0.000000 
0.000000 
2.061553 
2.061553 
0.000000 
0.000000 
3.162278 
3.162278 
2.061553 
2.061553 
4.000000 
4.000000 
3.500000 
3.500000 
1.581139 
1.581139 
1.581139 
1.581139 
3.162278 
3.162278 
1.118034 
1.118034 
0.000000 
0.000000 
2.692582 
2.692582 
1.802776 
1.802776 
1.581139 
1.581139 
2.061553 
2.061553 
0.000000 
0.000000 
5.830952 
5.830952 
3.500000 
3.500000 
0.500000 
0.500000 
0.000000 
0.000000 
2.061553 
2.061553 
0.000000 
0.000000 
3.162278 
3.162278 
2.061553 
2.061553 
4.000000 
4.000000 
3.500000 
3.500000 
2.692582 
2.692582 
1.581139 
1.581139 
0.000000 
0.000000 
1.118034 
1.118034 
0.000000 
0.000000 
2.692582 
2.692582 
1.802776 
1.802776 
2.000000 
2.000000 
2.061553 
2.061553 
0.000000 
0.000000 
5.830952 
5.830952 
3.500000 
3.500000 
1.000000 
1.000000 
0.000000 
0.000000 
2.061553 
2.061553 
0.000000 
0.000000 
3.162278 
3.162278 
2.061553 
2.061553 
4.000000 
4.000000 
3.500000 
3.500000 
0.000000 
0.000000 
0.000000 
0.000000 
2.500000 
2.500000 
1.581139 
1.581139 
1.118034 
1.118034 
1.118034 
1.118034 
0.000000 
0.000000 
2.692582 
2.692582 
1.802776 
1.802776 
2.000000 
2.000000 
2.061553 
2.061553 
0.000000 
0.000000 
5.830952 
5.830952 
3.500000 
3.500000 
0.707107 
0.707107 
0.000000 
0.000000 
2.061553 
2.061553 
0.000000 
0.000000 
3.162278 
3.162278 
2.061553 
2.061553 
0.000000 
0.000000 
1.802776 
1.802776 
3.162278 
3.162278 
0.707107 
0.707107 
1.000000 
1.000000 
0.500000 
0.500000 
1.118034 
1.118034 
0.000000 
0.000000 
2.692582 
2.692582 
1.802776 
1.802776 
1.118034 
1.118034 
2.061553 
2.061553 
0.000000 
0.000000 
5.830952 
5.830952 
3.500000 
3.500000 
0.500000 
0.500000 
0.000000 
0.000000 
2.061553 
2.061553 
3.162278 
3.162278 
2.061553 
2.061553 
0.000000 
0.000000 
0.000000 
0.000000 
0.000000 
0.000000 
1.802776 
1.802776 
1.802776 
1.802776 
3.162278 
3.162278 
3.000000 
3.000000 
1.118034 
1.118034 
0.707107 
0.707107 
1.118034 
1.118034 
0.000000 
0.000000 
2.692582 
2.692582 
1.802776 
1.802776 
0.500000 
0.500000 
2.061553 
2.061553 
0.000000 
0.000000 
5.830952 
5.830952 
3.500000 
3.500000 
1.000000 
1.000000 
3.162278 
3.162278 
0.000000 
0.000000 
3.535534 
3.535534 
1.118034 
1.118034 
1.118034 
1.118034 
1.802776 
1.802776 
1.802776 
1.802776 
3.162278 
3.162278 
0.500000 
0.500000 
0.000000 
0.000000 
0.707107 
0.707107 
1.118034 
1.118034 
0.000000 
0.000000 
2.692582 
2.692582 
1.802776 
1.802776 
0.500000 
0.500000 
2.061553 
2.061553 
0.000000 
0.000000 
5.830952 
5.830952 
3.500000 
3.500000 
2.549510 
2.549510 
0.000000 
0.000000 
0.707107 
0.707107 
2.061553 
2.061553 
0.500000 
0.500000 
1.118034 
1.118034 
1.802776 
1.802776 
1.802776 
1.802776 
3.162278 
3.162278 
0.500000 
0.500000 
0.500000 
0.500000 
0.707107 
0.707107 
1.118034 
1.118034 
0.000000 
0.000000 
2.692582 
2.692582 
1.802776 
1.802776 
0.000000 
0.000000 
2.061553 
2.061553 
5.830952 
5.830952 
3.500000 
3.500000 
4.000000 
4.000000 
0.000000 
0.000000 
1.581139 
1.581139 
2.121320 
2.121320 
4.031129 
4.031129 
0.000000 
0.000000 
1.118034 
1.118034 
1.802776 
1.802776 
1.802776 
1.802776 
3.162278 
3.162278 
1.118034 
1.118034 
0.000000 
0.000000 
0.707107 
0.707107 
1.118034 
1.118034 
0.000000 
0.000000 
2.692582 
2.692582 
1.802776 
1.802776 
0.500000 
0.500000 
2.061553 
2.061553 
5.830952 
5.830952 
3.640055 
3.640055 
0.000000 
0.000000 
1.414214 
1.414214 
1.581139 
1.581139 
0.500000 
0.500000 
2.000000 
2.000000 
0.500000 
0.500000 
1.118034 
1.118034 
1.802776 
1.802776 
1.802776 
1.802776 
3.162278 
3.162278 
1.118034 
1.118034 
0.500000 
0.500000 
0.707107 
0.707107 
1.118034 
1.118034 
0.000000 
0.000000 
2.692582 
2.692582 
1.802776 
1.802776 
0.000000 
0.000000 
1.118034 
1.118034 
1.581139 
1.581139 
1.414214 
1.414214 
1.581139 
1.581139 
2.692582 
2.692582 
2.000000 
2.000000 
0.707107 
0.707107 
1.118034 
1.118034 
1.802776 
1.802776 
1.802776 
1.802776 
3.162278 
3.162278 
0.500000 
0.500000 
0.500000 
0.500000 
0.707107 
0.707107 
1.118034 
1.118034 
0.000000 
0.000000 
2.692582 
2.692582 
1.802776 
1.802776 
0.500000 
0.500000 
4.609772 
4.609772 
1.414214 
1.414214 
1.414214 
1.414214 
1.581139 
1.581139 
1.581139 
1.581139 
2.000000 
2.000000 
1.000000 
1.000000 
1.118034 
1.118034 
1.802776 
1.802776 
1.802776 
1.802776 
3.162278 
3.162278 
1.118034 
1.118034 
2.500000 
2.500000 
0.707107 
0.707107 
1.118034 
1.118034 
2.692582 
2.692582 
1.118034 
1.118034 
1.118034 
1.118034 
0.000000 
0.000000 
0.000000 
0.000000 
0.000000 
0.000000 
0.000000 
0.000000 
1.414214 
1.414214 
1.414214 
1.414214 
1.581139 
1.581139 
1.581139 
1.581139 
2.000000 
2.000000 
0.707107 
0.707107 
1.118034 
1.118034 
1.802776 
1.802776 
1.802776 
1.802776 
3.162278 
3.162278 
3.041381 
3.041381 
0.707107 
0.707107 
0.707107 
0.707107 
1.118034 
1.118034 
2.692582 
2.692582 
1.118034 
1.118034 
3.605551 
3.605551 
0.000000 
0.000000 
1.802776 
1.802776 
1.118034 
1.118034 
1.118034 
1.118034 
1.414214 
1.414214 
1.414214 
1.414214 
1.581139 
1.581139 
1.581139 
1.581139 
2.000000 
2.000000 
0.500000 
0.500000 
1.118034 
1.118034 
1.802776 
1.802776 
1.802776 
1.802776 
3.162278 
3.162278 
1.118034 
1.118034 
0.500000 
0.500000 
0.707107 
0.707107 
1.414214 
1.414214 
2.236068 
2.236068 
