0.000000 
0.000000 
0.000000 
0.000000 
0.000000 
0.000000 
0.000000 
0.000000 
0.000000 
0.000000 
0.000000 
0.000000 
0.000000 
0.000000 
0.000000 
0.000000 
0.000000 
0.000000 
0.000000 
0.000000 
0.707107 
0.707107 
11.180340 
11.180340 
1.000000 
1.000000 
2.000000 
2.000000 
0.500000 
0.500000 
0.707107 
0.707107 
0.500000 
0.500000 
0.000000 
0.000000 
1.000000 
1.000000 
0.000000 
0.000000 
0.000000 
0.000000 
1.118034 
1.118034 
0.000000 
0.000000 
1.000000 
1.000000 
1.118034 
1.118034 
1.000000 
1.000000 
0.000000 
0.000000 
0.707107 
0.707107 
1.000000 
1.000000 
0.000000 
0.000000 
4.031129 
4.031129 
0.707107 
0.707107 
0.500000 
0.500000 
0.707107 
0.707107 
1.118034 
1.118034 
0.500000 
0.500000 
0.500000 
0.500000 
0.500000 
0.500000 
1.000000 
1.000000 
0.000000 
0.000000 
0.000000 
0.000000 
3.162278 
3.162278 
0.500000 
0.500000 
0.000000 
0.000000 
1.000000 
1.000000 
0.000000 
0.000000 
0.000000 
0.000000 
0.000000 
0.000000 
0.000000 
0.000000 
0.500000 
0.500000 
1.000000 
1.000000 
0.000000 
0.000000 
0.500000 
0.500000 
3.162278 
3.162278 
0.500000 
0.500000 
0.500000 
0.500000 
1.000000 
1.000000 
1.000000 
1.000000 
0.500000 
0.500000 
0.000000 
0.000000 
1.118034 
1.118034 
0.000000 
0.000000 
1.000000 
1.000000 
0.000000 
0.000000 
0.707107 
0.707107 
3.162278 
3.162278 
1.500000 
1.500000 
0.500000 
0.500000 
1.000000 
1.000000 
1.118034 
1.118034 
0.500000 
0.500000 
0.000000 
0.000000 
1.802776 
1.802776 
0.000000 
0.000000 
1.000000 
1.000000 
0.000000 
0.000000 
0.707107 
0.707107 
3.162278 
3.162278 
6.020797 
6.020797 
0.500000 
0.500000 
1.000000 
1.000000 
0.500000 
0.500000 
0.000000 
0.000000 
0.000000 
0.000000 
1.500000 
1.500000 
0.500000 
0.500000 
1.000000 
1.000000 
0.000000 
0.000000 
0.707107 
0.707107 
3.162278 
3.162278 
0.707107 
0.707107 
0.000000 
0.000000 
1.000000 
1.000000 
0.707107 
0.707107 
0.000000 
0.000000 
0.000000 
0.000000 
0.000000 
0.000000 
4.000000 
4.000000 
0.500000 
0.500000 
1.000000 
1.000000 
0.000000 
0.000000 
0.707107 
0.707107 
3.162278 
3.162278 
1.581139 
1.581139 
0.500000 
0.500000 
1.000000 
1.000000 
0.707107 
0.707107 
1.000000 
1.000000 
0.000000 
0.000000 
0.000000 
0.000000 
9.708244 
9.708244 
0.707107 
0.707107 
1.000000 
1.000000 
0.000000 
0.000000 
0.707107 
0.707107 
3.162278 
3.162278 
1.581139 
1.581139 
0.500000 
0.500000 
1.000000 
1.000000 
0.707107 
0.707107 
2.500000 
2.500000 
0.000000 
0.000000 
0.000000 
0.000000 
1.500000 
1.500000 
0.000000 
0.000000 
1.000000 
1.000000 
0.000000 
0.000000 
0.707107 
0.707107 
3.162278 
3.162278 
1.581139 
1.581139 
0.707107 
0.707107 
1.000000 
1.000000 
2.549510 
2.549510 
0.500000 
0.500000 
0.000000 
0.000000 
0.000000 
0.000000 
2.061553 
2.061553 
0.000000 
0.000000 
1.000000 
1.000000 
0.000000 
0.000000 
0.707107 
0.707107 
3.162278 
3.162278 
1.581139 
1.581139 
0.000000 
0.000000 
1.000000 
1.000000 
0.500000 
0.500000 
0.500000 
0.500000 
0.000000 
0.000000 
0.000000 
0.000000 
0.000000 
0.000000 
1.581139 
1.581139 
0.500000 
0.500000 
1.000000 
1.000000 
0.000000 
0.000000 
0.707107 
0.707107 
3.162278 
3.162278 
1.581139 
1.581139 
3.905125 
3.905125 
1.000000 
1.000000 
0.500000 
0.500000 
0.500000 
0.500000 
0.000000 
0.000000 
1.500000 
1.500000 
0.000000 
0.000000 
0.000000 
0.000000 
1.000000 
1.000000 
0.707107 
0.707107 
1.000000 
1.000000 
0.000000 
0.000000 
0.707107 
0.707107 
3.162278 
3.162278 
1.581139 
1.581139 
0.707107 
0.707107 
1.000000 
1.000000 
1.118034 
1.118034 
0.707107 
0.707107 
3.162278 
3.162278 
2.236068 
2.236068 
0.000000 
0.000000 
0.000000 
0.000000 
1.500000 
1.500000 
0.000000 
0.000000 
1.000000 
1.000000 
0.707107 
0.707107 
3.162278 
3.162278 
1.581139 
1.581139 
1.118034 
1.118034 
1.000000 
1.000000 
1.000000 
1.000000 
0.500000 
0.500000 
0.000000 
0.000000 
0.707107 
0.707107 
2.236068 
2.236068 
0.000000 
0.000000 
0.000000 
0.000000 
1.000000 
1.000000 
0.500000 
0.500000 
1.000000 
1.000000 
0.707107 
0.707107 
3.162278 
3.162278 
1.581139 
1.581139 
3.162278 
3.162278 
1.000000 
1.000000 
1.118034 
1.118034 
0.500000 
0.500000 
1.118034 
1.118034 
0.707107 
0.707107 
2.236068 
2.236068 
0.000000 
0.000000 
0.000000 
0.000000 
4.527693 
4.527693 
7.516648 
7.516648 
0.707107 
0.707107 
3.162278 
3.162278 
1.581139 
1.581139 
1.118034 
1.118034 
1.000000 
1.000000 
1.802776 
1.802776 
0.000000 
0.000000 
3.000000 
3.000000 
0.707107 
0.707107 
2.236068 
2.236068 
0.000000 
0.000000 
0.000000 
0.000000 
2.121320 
2.121320 
0.500000 
0.500000 
0.707107 
0.707107 
3.162278 
3.162278 
1.581139 
1.581139 
1.581139 
1.581139 
1.000000 
1.000000 
1.581139 
1.581139 
0.707107 
0.707107 
1.581139 
1.581139 
0.707107 
0.707107 
2.236068 
2.236068 
0.000000 
0.000000 
0.000000 
0.000000 
2.000000 
2.000000 
4.527693 
4.527693 
0.707107 
0.707107 
1.581139 
1.581139 
1.500000 
1.500000 
1.500000 
1.500000 
0.500000 
0.500000 
1.581139 
1.581139 
0.707107 
0.707107 
2.236068 
2.236068 
0.000000 
0.000000 
1.802776 
1.802776 
6.020797 
6.020797 
0.707107 
0.707107 
1.581139 
1.581139 
2.000000 
2.000000 
0.500000 
0.500000 
0.000000 
0.000000 
2.500000 
2.500000 
0.707107 
0.707107 
2.236068 
2.236068 
0.000000 
0.000000 
0.707107 
0.707107 
0.000000 
0.000000 
1.581139 
1.581139 
1.581139 
1.581139 
0.500000 
0.500000 
0.000000 
0.000000 
2.500000 
2.500000 
0.707107 
0.707107 
2.236068 
2.236068 
0.000000 
0.000000 
1.118034 
1.118034 
0.500000 
0.500000 
1.581139 
1.581139 
4.609772 
4.609772 
0.707107 
0.707107 
0.000000 
0.000000 
2.000000 
2.000000 
0.707107 
0.707107 
2.236068 
2.236068 
0.000000 
0.000000 
1.581139 
1.581139 
0.707107 
0.707107 
1.581139 
1.581139 
1.581139 
1.581139 
2.500000 
2.500000 
0.500000 
0.500000 
0.000000 
0.000000 
4.000000 
4.000000 
0.707107 
0.707107 
2.236068 
2.236068 
0.500000 
0.500000 
4.000000 
4.000000 
2.236068 
2.236068 
5.500000 
5.500000 
0.000000 
0.000000 
1.000000 
1.000000 
1.118034 
1.118034 
0.707107 
0.707107 
2.236068 
2.236068 
1.118034 
1.118034 
1.118034 
1.118034 
2.000000 
2.000000 
2.236068 
2.236068 
0.000000 
0.000000 
1.000000 
1.000000 
3.201562 
3.201562 
0.707107 
0.707107 
2.236068 
2.236068 
1.118034 
1.118034 
0.500000 
0.500000 
2.061553 
2.061553 
2.000000 
2.000000 
0.707107 
0.707107 
1.000000 
1.000000 
2.000000 
2.000000 
0.707107 
0.707107 
2.236068 
2.236068 
1.118034 
1.118034 
1.000000 
1.000000 
12.539936 
12.539936 
1.581139 
1.581139 
0.000000 
0.000000 
0.000000 
0.000000 
1.000000 
1.000000 
1.500000 
1.500000 
0.707107 
0.707107 
2.236068 
2.236068 
1.118034 
1.118034 
0.500000 
0.500000 
6.324555 
6.324555 
1.581139 
1.581139 
1.000000 
1.000000 
0.000000 
0.000000 
1.802776 
1.802776 
1.000000 
1.000000 
2.000000 
2.000000 
0.707107 
0.707107 
2.236068 
2.236068 
1.118034 
1.118034 
0.500000 
0.500000 
1.500000 
1.500000 
1.581139 
1.581139 
0.500000 
0.500000 
0.000000 
0.000000 
0.000000 
0.000000 
1.118034 
1.118034 
1.000000 
1.000000 
1.000000 
1.000000 
0.707107 
0.707107 
4.527693 
4.527693 
0.500000 
0.500000 
1.500000 
1.500000 
1.802776 
1.802776 
1.000000 
1.000000 
2.549510 
2.549510 
0.000000 
0.000000 
0.707107 
0.707107 
1.000000 
1.000000 
1.000000 
1.000000 
1.118034 
1.118034 
0.500000 
0.500000 
1.500000 
1.500000 
0.707107 
0.707107 
0.500000 
0.500000 
0.000000 
0.000000 
6.020797 
6.020797 
0.000000 
0.000000 
0.707107 
0.707107 
1.000000 
1.000000 
3.162278 
3.162278 
1.118034 
1.118034 
0.500000 
0.500000 
1.500000 
1.500000 
1.000000 
1.000000 
0.707107 
0.707107 
0.707107 
0.707107 
2.500000 
2.500000 
0.000000 
0.000000 
0.707107 
0.707107 
1.000000 
1.000000 
1.500000 
1.500000 
0.000000 
0.000000 
0.500000 
0.500000 
1.500000 
1.500000 
0.500000 
0.500000 
2.549510 
2.549510 
0.000000 
0.000000 
0.000000 
0.000000 
1.581139 
1.581139 
2.549510 
2.549510 
3.201562 
3.201562 
0.707107 
0.707107 
1.000000 
1.000000 
1.500000 
1.500000 
0.500000 
0.500000 
0.500000 
0.500000 
1.500000 
1.500000 
0.500000 
0.500000 
0.707107 
0.707107 
0.000000 
0.000000 
0.000000 
0.000000 
1.581139 
1.581139 
2.549510 
2.549510 
1.500000 
1.500000 
0.707107 
0.707107 
1.000000 
1.000000 
1.500000 
1.500000 
0.000000 
0.000000 
0.500000 
0.500000 
1.500000 
1.500000 
0.500000 
0.500000 
1.118034 
1.118034 
0.000000 
0.000000 
1.000000 
1.000000 
0.000000 
0.000000 
1.581139 
1.581139 
2.549510 
2.549510 
2.500000 
2.500000 
0.707107 
0.707107 
1.000000 
1.000000 
2.000000 
2.000000 
0.707107 
0.707107 
0.500000 
0.500000 
1.500000 
1.500000 
0.500000 
0.500000 
1.000000 
1.000000 
2.549510 
2.549510 
1.000000 
1.000000 
0.000000 
0.000000 
1.581139 
1.581139 
2.549510 
2.549510 
1.414214 
1.414214 
0.707107 
0.707107 
1.000000 
1.000000 
1.500000 
1.500000 
0.500000 
0.500000 
6.020797 
6.020797 
1.500000 
1.500000 
0.500000 
0.500000 
0.500000 
0.500000 
2.500000 
2.500000 
0.500000 
0.500000 
0.000000 
0.000000 
1.581139 
1.581139 
2.549510 
2.549510 
1.500000 
1.500000 
0.707107 
0.707107 
1.000000 
1.000000 
1.581139 
1.581139 
0.000000 
0.000000 
1.118034 
1.118034 
1.500000 
1.500000 
0.500000 
0.500000 
1.000000 
1.000000 
