0.000000 
0.000000 
0.000000 
0.000000 
0.000000 
0.000000 
0.000000 
0.000000 
0.000000 
0.000000 
0.000000 
0.000000 
3.041381 
3.041381 
2.549510 
2.549510 
0.000000 
0.000000 
0.000000 
0.000000 
0.000000 
0.000000 
2.549510 
2.549510 
0.500000 
0.500000 
0.707107 
0.707107 
0.000000 
0.000000 
0.000000 
0.000000 
6.324555 
6.324555 
1.000000 
1.000000 
1.000000 
1.000000 
0.000000 
0.000000 
0.000000 
0.000000 
1.414214 
1.414214 
1.000000 
1.000000 
1.414214 
1.414214 
0.000000 
0.000000 
0.000000 
0.000000 
2.236068 
2.236068 
1.000000 
1.000000 
1.581139 
1.581139 
0.000000 
0.000000 
0.000000 
0.000000 
1.118034 
1.118034 
1.000000 
1.000000 
1.581139 
1.581139 
0.000000 
0.000000 
0.000000 
0.000000 
1.118034 
1.118034 
15.435349 
15.435349 
1.581139 
1.581139 
0.000000 
0.000000 
0.000000 
0.000000 
1.118034 
1.118034 
0.500000 
0.500000 
0.000000 
0.000000 
0.000000 
0.000000 
2.692582 
2.692582 
0.000000 
0.000000 
0.000000 
0.000000 
1.118034 
1.118034 
0.500000 
0.500000 
0.000000 
0.000000 
1.000000 
1.000000 
0.500000 
0.500000 
0.000000 
0.000000 
0.000000 
0.000000 
1.118034 
1.118034 
1.118034 
1.118034 
0.000000 
0.000000 
10.049876 
10.049876 
0.707107 
0.707107 
0.000000 
0.000000 
0.000000 
0.000000 
1.118034 
1.118034 
1.581139 
1.581139 
0.000000 
0.000000 
0.000000 
0.000000 
0.000000 
0.000000 
1.500000 
1.500000 
0.000000 
0.000000 
0.000000 
0.000000 
1.118034 
1.118034 
8.514693 
8.514693 
1.118034 
1.118034 
0.000000 
0.000000 
1.414214 
1.414214 
1.500000 
1.500000 
0.000000 
0.000000 
0.000000 
0.000000 
1.118034 
1.118034 
2.000000 
2.000000 
1.118034 
1.118034 
0.000000 
0.000000 
6.964194 
6.964194 
1.500000 
1.500000 
0.000000 
0.000000 
0.000000 
0.000000 
1.118034 
1.118034 
2.061553 
2.061553 
1.414214 
1.414214 
0.000000 
0.000000 
1.118034 
1.118034 
1.500000 
1.500000 
1.118034 
1.118034 
5.099020 
5.099020 
2.236068 
2.236068 
0.000000 
0.000000 
0.707107 
0.707107 
1.500000 
1.500000 
1.118034 
1.118034 
0.707107 
0.707107 
0.000000 
0.000000 
2.236068 
2.236068 
0.000000 
0.000000 
0.500000 
0.500000 
1.500000 
1.500000 
1.118034 
1.118034 
0.707107 
0.707107 
1.000000 
1.000000 
2.236068 
2.236068 
0.000000 
0.000000 
5.522681 
5.522681 
1.500000 
1.500000 
1.118034 
1.118034 
0.707107 
0.707107 
0.000000 
0.000000 
2.236068 
2.236068 
0.000000 
0.000000 
3.000000 
3.000000 
1.500000 
1.500000 
1.118034 
1.118034 
0.707107 
0.707107 
1.000000 
1.000000 
2.236068 
2.236068 
0.000000 
0.000000 
2.549510 
2.549510 
1.500000 
1.500000 
1.118034 
1.118034 
10.965856 
10.965856 
1.500000 
1.500000 
2.236068 
2.236068 
0.000000 
0.000000 
6.519202 
6.519202 
1.500000 
1.500000 
10.965856 
10.965856 
2.500000 
2.500000 
2.236068 
2.236068 
0.000000 
0.000000 
1.414214 
1.414214 
1.500000 
1.500000 
10.965856 
10.965856 
8.558621 
8.558621 
2.236068 
2.236068 
0.000000 
0.000000 
0.707107 
0.707107 
1.500000 
1.500000 
10.965856 
10.965856 
2.692582 
2.692582 
2.236068 
2.236068 
2.121320 
2.121320 
1.500000 
1.500000 
10.965856 
10.965856 
2.692582 
2.692582 
2.236068 
2.236068 
3.500000 
3.500000 
1.500000 
1.500000 
10.965856 
10.965856 
2.692582 
2.692582 
2.236068 
2.236068 
3.500000 
3.500000 
1.500000 
1.500000 
10.965856 
10.965856 
2.692582 
2.692582 
2.236068 
2.236068 
3.500000 
3.500000 
10.965856 
10.965856 
2.692582 
2.692582 
2.236068 
2.236068 
3.500000 
3.500000 
10.965856 
10.965856 
2.692582 
2.692582 
2.236068 
2.236068 
3.500000 
3.500000 
10.965856 
10.965856 
2.692582 
2.692582 
2.236068 
2.236068 
3.500000 
3.500000 
10.965856 
10.965856 
2.692582 
2.692582 
3.500000 
3.500000 
10.965856 
10.965856 
2.692582 
2.692582 
3.500000 
3.500000 
10.965856 
10.965856 
2.692582 
2.692582 
3.500000 
3.500000 
10.965856 
10.965856 
2.692582 
2.692582 
3.500000 
3.500000 
10.965856 
10.965856 
2.692582 
2.692582 
3.500000 
3.500000 
2.692582 
2.692582 
3.500000 
3.500000 
2.692582 
2.692582 
3.500000 
3.500000 
0.000000 
0.000000 
0.000000 
0.000000 
2.692582 
2.692582 
3.500000 
3.500000 
