0.000000 
0.000000 
0.000000 
0.000000 
0.000000 
0.000000 
0.000000 
0.000000 
0.000000 
0.000000 
4.500000 
4.500000 
5.000000 
5.000000 
0.500000 
0.500000 
0.000000 
0.000000 
4.500000 
4.500000 
5.000000 
5.000000 
0.500000 
0.500000 
0.000000 
0.000000 
4.500000 
4.500000 
4.472136 
4.472136 
1.118034 
1.118034 
0.000000 
0.000000 
4.500000 
4.500000 
11.500000 
11.500000 
1.118034 
1.118034 
0.000000 
0.000000 
4.500000 
4.500000 
3.535534 
3.535534 
4.500000 
4.500000 
0.000000 
0.000000 
4.500000 
4.500000 
5.220153 
5.220153 
4.527693 
4.527693 
0.000000 
0.000000 
4.500000 
4.500000 
3.354102 
3.354102 
4.527693 
4.527693 
0.000000 
0.000000 
4.500000 
4.500000 
3.640055 
3.640055 
4.527693 
4.527693 
0.000000 
0.000000 
4.500000 
4.500000 
2.500000 
2.500000 
4.527693 
4.527693 
0.000000 
0.000000 
4.500000 
4.500000 
11.011358 
11.011358 
4.527693 
4.527693 
0.000000 
0.000000 
4.500000 
4.500000 
1.581139 
1.581139 
4.527693 
4.527693 
0.000000 
0.000000 
4.500000 
4.500000 
2.000000 
2.000000 
4.527693 
4.527693 
0.000000 
0.000000 
4.500000 
4.500000 
3.354102 
3.354102 
4.527693 
4.527693 
0.000000 
0.000000 
4.500000 
4.500000 
2.236068 
2.236068 
4.527693 
4.527693 
4.500000 
4.500000 
2.061553 
2.061553 
4.527693 
4.527693 
1.802776 
1.802776 
4.527693 
4.527693 
1.581139 
1.581139 
4.527693 
4.527693 
1.000000 
1.000000 
4.527693 
4.527693 
1.118034 
1.118034 
4.527693 
4.527693 
1.581139 
1.581139 
4.527693 
4.527693 
2.061553 
2.061553 
1.118034 
1.118034 
1.581139 
1.581139 
2.000000 
2.000000 
12.165525 
12.165525 
2.692582 
2.692582 
17.029386 
17.029386 
2.236068 
2.236068 
2.915476 
2.915476 
3.605551 
3.605551 
23.690715 
23.690715 
0.000000 
0.000000 
23.690715 
23.690715 
1.414214 
1.414214 
23.690715 
23.690715 
1.414214 
1.414214 
29.000000 
29.000000 
1.414214 
1.414214 
2.061553 
2.061553 
1.414214 
1.414214 
1.118034 
1.118034 
24.129857 
24.129857 
1.118034 
1.118034 
2.061553 
2.061553 
1.118034 
1.118034 
