0.000000 
0.000000 
0.000000 
0.000000 
3.041381 
3.041381 
1.581139 
1.581139 
1.118034 
1.118034 
1.000000 
1.000000 
0.500000 
0.500000 
1.118034 
1.118034 
1.118034 
1.118034 
0.000000 
0.000000 
3.162278 
3.162278 
0.500000 
0.500000 
1.118034 
1.118034 
1.000000 
1.000000 
1.118034 
1.118034 
1.118034 
1.118034 
0.707107 
0.707107 
0.000000 
0.000000 
1.118034 
1.118034 
0.500000 
0.500000 
0.707107 
0.707107 
1.118034 
1.118034 
0.500000 
0.500000 
1.118034 
1.118034 
1.118034 
1.118034 
0.500000 
0.500000 
0.000000 
0.000000 
1.118034 
1.118034 
0.500000 
0.500000 
1.000000 
1.000000 
0.000000 
0.000000 
1.118034 
1.118034 
1.000000 
1.000000 
1.000000 
1.000000 
3.500000 
3.500000 
1.118034 
1.118034 
0.707107 
0.707107 
0.500000 
0.500000 
2.500000 
2.500000 
1.000000 
1.000000 
0.500000 
0.500000 
0.707107 
0.707107 
10.012492 
10.012492 
1.000000 
1.000000 
2.915476 
2.915476 
0.500000 
0.500000 
0.000000 
0.000000 
10.012492 
10.012492 
1.000000 
1.000000 
1.118034 
1.118034 
0.500000 
0.500000 
2.500000 
2.500000 
10.012492 
10.012492 
1.000000 
1.000000 
1.118034 
1.118034 
0.500000 
0.500000 
0.000000 
0.000000 
2.500000 
2.500000 
10.012492 
10.012492 
1.000000 
1.000000 
1.414214 
1.414214 
0.000000 
0.000000 
3.041381 
3.041381 
2.500000 
2.500000 
10.012492 
10.012492 
1.000000 
1.000000 
1.000000 
1.000000 
0.500000 
0.500000 
0.000000 
0.000000 
3.041381 
3.041381 
2.500000 
2.500000 
10.012492 
10.012492 
1.000000 
1.000000 
1.000000 
1.000000 
0.500000 
0.500000 
2.236068 
2.236068 
3.041381 
3.041381 
2.500000 
2.500000 
10.012492 
10.012492 
1.000000 
1.000000 
1.000000 
1.000000 
0.000000 
0.000000 
6.576473 
6.576473 
3.041381 
3.041381 
2.500000 
2.500000 
10.012492 
10.012492 
1.000000 
1.000000 
1.000000 
1.000000 
1.581139 
1.581139 
3.041381 
3.041381 
3.041381 
3.041381 
2.500000 
2.500000 
10.012492 
10.012492 
11.510864 
11.510864 
1.000000 
1.000000 
1.118034 
1.118034 
6.708204 
6.708204 
3.041381 
3.041381 
2.500000 
2.500000 
10.012492 
10.012492 
0.000000 
0.000000 
1.000000 
1.000000 
5.099020 
5.099020 
1.581139 
1.581139 
3.041381 
3.041381 
2.500000 
2.500000 
10.012492 
10.012492 
0.500000 
0.500000 
1.000000 
1.000000 
5.024938 
5.024938 
0.707107 
0.707107 
3.041381 
3.041381 
2.500000 
2.500000 
10.012492 
10.012492 
0.500000 
0.500000 
1.000000 
1.000000 
0.707107 
0.707107 
2.061553 
2.061553 
3.041381 
3.041381 
2.500000 
2.500000 
10.012492 
10.012492 
0.500000 
0.500000 
1.000000 
1.000000 
7.280110 
7.280110 
0.500000 
0.500000 
3.041381 
3.041381 
2.500000 
2.500000 
10.012492 
10.012492 
0.500000 
0.500000 
1.000000 
1.000000 
0.500000 
0.500000 
2.692582 
2.692582 
3.041381 
3.041381 
2.500000 
2.500000 
10.012492 
10.012492 
0.500000 
0.500000 
1.000000 
1.000000 
4.743416 
4.743416 
1.500000 
1.500000 
3.041381 
3.041381 
2.500000 
2.500000 
0.500000 
0.500000 
1.000000 
1.000000 
1.118034 
1.118034 
2.500000 
2.500000 
3.041381 
3.041381 
2.500000 
2.500000 
0.500000 
0.500000 
1.000000 
1.000000 
7.566373 
7.566373 
2.549510 
2.549510 
3.041381 
3.041381 
0.500000 
0.500000 
1.000000 
1.000000 
0.000000 
0.000000 
3.905125 
3.905125 
3.041381 
3.041381 
0.500000 
0.500000 
1.000000 
1.000000 
7.500000 
7.500000 
3.905125 
3.905125 
0.500000 
0.500000 
1.000000 
1.000000 
3.905125 
3.905125 
0.500000 
0.500000 
0.500000 
0.500000 
3.905125 
3.905125 
0.500000 
0.500000 
1.000000 
1.000000 
0.000000 
0.000000 
0.000000 
0.000000 
3.905125 
3.905125 
0.500000 
0.500000 
5.024938 
5.024938 
1.581139 
1.581139 
7.433034 
7.433034 
3.905125 
3.905125 
0.500000 
0.500000 
1.000000 
1.000000 
