0.000000 
0.000000 
0.000000 
0.000000 
0.707107 
0.707107 
3.535534 
3.535534 
1.118034 
1.118034 
22.500000 
22.500000 
1.000000 
1.000000 
6.041523 
6.041523 
1.118034 
1.118034 
1.500000 
1.500000 
1.118034 
1.118034 
2.000000 
2.000000 
1.500000 
1.500000 
4.272002 
4.272002 
6.020797 
6.020797 
3.041381 
3.041381 
1.118034 
1.118034 
2.121320 
2.121320 
2.500000 
2.500000 
0.500000 
0.500000 
2.915476 
2.915476 
8.860023 
8.860023 
2.236068 
2.236068 
2.061553 
2.061553 
2.692582 
2.692582 
1.581139 
1.581139 
8.015610 
8.015610 
2.000000 
2.000000 
2.236068 
2.236068 
1.581139 
1.581139 
2.549510 
2.549510 
1.000000 
1.000000 
3.041381 
3.041381 
0.500000 
0.500000 
2.500000 
2.500000 
1.000000 
1.000000 
7.566373 
7.566373 
1.414214 
1.414214 
2.000000 
2.000000 
1.118034 
1.118034 
2.500000 
2.500000 
1.118034 
1.118034 
4.527693 
4.527693 
1.802776 
1.802776 
4.500000 
4.500000 
1.000000 
1.000000 
6.946222 
6.946222 
0.000000 
0.000000 
2.061553 
2.061553 
0.707107 
0.707107 
1.500000 
1.500000 
1.118034 
1.118034 
1.118034 
1.118034 
1.500000 
1.500000 
6.519202 
6.519202 
0.500000 
0.500000 
0.500000 
0.500000 
0.500000 
0.500000 
1.000000 
1.000000 
1.000000 
1.000000 
0.500000 
0.500000 
0.000000 
0.000000 
1.500000 
1.500000 
0.500000 
0.500000 
1.000000 
1.000000 
6.184658 
6.184658 
1.118034 
1.118034 
1.000000 
1.000000 
0.500000 
0.500000 
0.500000 
0.500000 
1.000000 
1.000000 
0.500000 
0.500000 
0.500000 
0.500000 
2.061553 
2.061553 
0.500000 
0.500000 
1.581139 
1.581139 
0.500000 
0.500000 
1.118034 
1.118034 
