0.000000 
0.000000 
0.000000 
0.000000 
0.000000 
0.000000 
0.000000 
0.000000 
0.000000 
0.000000 
0.000000 
0.000000 
0.000000 
0.000000 
0.000000 
0.000000 
0.000000 
0.000000 
0.500000 
0.500000 
0.000000 
0.000000 
1.000000 
1.000000 
3.041381 
3.041381 
1.118034 
1.118034 
0.000000 
0.000000 
0.500000 
0.500000 
1.000000 
1.000000 
0.707107 
0.707107 
0.500000 
0.500000 
0.707107 
0.707107 
0.707107 
0.707107 
0.500000 
0.500000 
0.500000 
0.500000 
0.000000 
0.000000 
0.500000 
0.500000 
0.707107 
0.707107 
1.581139 
1.581139 
0.500000 
0.500000 
0.707107 
0.707107 
0.000000 
0.000000 
3.041381 
3.041381 
0.500000 
0.500000 
0.500000 
0.500000 
0.500000 
0.500000 
1.000000 
1.000000 
0.707107 
0.707107 
0.500000 
0.500000 
0.500000 
0.500000 
0.500000 
0.500000 
0.500000 
0.500000 
0.707107 
0.707107 
1.500000 
1.500000 
0.707107 
0.707107 
1.000000 
1.000000 
1.118034 
1.118034 
0.500000 
0.500000 
0.500000 
0.500000 
1.118034 
1.118034 
2.549510 
2.549510 
0.707107 
0.707107 
0.500000 
0.500000 
0.707107 
0.707107 
0.707107 
0.707107 
0.500000 
0.500000 
0.500000 
0.500000 
0.500000 
0.500000 
0.500000 
0.500000 
0.500000 
0.500000 
0.000000 
0.000000 
0.000000 
0.000000 
0.500000 
0.500000 
1.118034 
1.118034 
0.000000 
0.000000 
1.118034 
1.118034 
0.500000 
0.500000 
1.500000 
1.500000 
3.000000 
3.000000 
3.807887 
3.807887 
0.707107 
0.707107 
0.500000 
0.500000 
0.000000 
0.000000 
0.000000 
0.000000 
0.000000 
0.000000 
1.118034 
1.118034 
0.500000 
0.500000 
1.500000 
1.500000 
1.118034 
1.118034 
0.707107 
0.707107 
1.118034 
1.118034 
0.000000 
0.000000 
1.118034 
1.118034 
2.000000 
2.000000 
0.000000 
0.000000 
0.000000 
0.000000 
1.581139 
1.581139 
0.707107 
0.707107 
1.500000 
1.500000 
1.000000 
1.000000 
0.707107 
0.707107 
0.500000 
0.500000 
0.500000 
0.500000 
1.118034 
1.118034 
1.581139 
1.581139 
0.000000 
0.000000 
1.581139 
1.581139 
0.000000 
0.000000 
3.500000 
3.500000 
0.707107 
0.707107 
1.500000 
1.500000 
1.500000 
1.500000 
1.802776 
1.802776 
0.500000 
0.500000 
1.118034 
1.118034 
1.118034 
1.118034 
1.000000 
1.000000 
0.000000 
0.000000 
0.000000 
0.000000 
1.500000 
1.500000 
0.000000 
0.000000 
3.201562 
3.201562 
0.707107 
0.707107 
1.500000 
1.500000 
1.500000 
1.500000 
2.500000 
2.500000 
0.500000 
0.500000 
1.118034 
1.118034 
1.118034 
1.118034 
1.802776 
1.802776 
0.000000 
0.000000 
0.000000 
0.000000 
0.000000 
0.000000 
0.000000 
0.000000 
1.500000 
1.500000 
0.000000 
0.000000 
4.031129 
4.031129 
0.707107 
0.707107 
1.500000 
1.500000 
1.500000 
1.500000 
2.500000 
2.500000 
0.500000 
0.500000 
1.118034 
1.118034 
1.118034 
1.118034 
1.802776 
1.802776 
0.000000 
0.000000 
1.581139 
1.581139 
2.000000 
2.000000 
0.000000 
0.000000 
0.000000 
0.000000 
1.500000 
1.500000 
0.000000 
0.000000 
3.162278 
3.162278 
0.707107 
0.707107 
1.500000 
1.500000 
1.500000 
1.500000 
2.500000 
2.500000 
0.500000 
0.500000 
1.118034 
1.118034 
1.118034 
1.118034 
1.802776 
1.802776 
0.000000 
0.000000 
0.000000 
0.000000 
1.581139 
1.581139 
2.915476 
2.915476 
4.000000 
4.000000 
0.000000 
0.000000 
0.000000 
0.000000 
1.500000 
1.500000 
0.000000 
0.000000 
3.162278 
3.162278 
0.707107 
0.707107 
1.500000 
1.500000 
1.500000 
1.500000 
2.500000 
2.500000 
0.500000 
0.500000 
1.118034 
1.118034 
1.118034 
1.118034 
1.802776 
1.802776 
0.000000 
0.000000 
0.000000 
0.000000 
0.000000 
0.000000 
4.031129 
4.031129 
1.500000 
1.500000 
2.915476 
2.915476 
1.581139 
1.581139 
0.000000 
0.000000 
0.000000 
0.000000 
1.500000 
1.500000 
0.000000 
0.000000 
3.162278 
3.162278 
0.707107 
0.707107 
1.500000 
1.500000 
1.500000 
1.500000 
2.500000 
2.500000 
0.500000 
0.500000 
1.118034 
1.118034 
1.118034 
1.118034 
1.802776 
1.802776 
0.000000 
0.000000 
2.000000 
2.000000 
1.000000 
1.000000 
0.000000 
0.000000 
2.549510 
2.549510 
1.500000 
1.500000 
2.915476 
2.915476 
4.123106 
4.123106 
0.000000 
0.000000 
0.000000 
0.000000 
1.500000 
1.500000 
0.000000 
0.000000 
3.162278 
3.162278 
0.707107 
0.707107 
1.500000 
1.500000 
1.500000 
1.500000 
2.500000 
2.500000 
0.500000 
0.500000 
1.118034 
1.118034 
1.118034 
1.118034 
1.802776 
1.802776 
0.000000 
0.000000 
0.000000 
0.000000 
0.000000 
0.000000 
2.000000 
2.000000 
2.000000 
2.000000 
1.000000 
1.000000 
0.000000 
0.000000 
2.549510 
2.549510 
1.500000 
1.500000 
2.915476 
2.915476 
4.123106 
4.123106 
0.000000 
0.000000 
0.000000 
0.000000 
1.500000 
1.500000 
0.000000 
0.000000 
3.162278 
3.162278 
0.707107 
0.707107 
1.500000 
1.500000 
3.605551 
3.605551 
2.500000 
2.500000 
0.500000 
0.500000 
1.118034 
1.118034 
1.118034 
1.118034 
1.802776 
1.802776 
0.000000 
0.000000 
1.581139 
1.581139 
1.118034 
1.118034 
3.640055 
3.640055 
2.000000 
2.000000 
2.000000 
2.000000 
1.000000 
1.000000 
0.000000 
0.000000 
2.549510 
2.549510 
1.500000 
1.500000 
2.915476 
2.915476 
4.123106 
4.123106 
0.000000 
0.000000 
0.000000 
0.000000 
1.500000 
1.500000 
0.000000 
0.000000 
3.162278 
3.162278 
0.707107 
0.707107 
1.500000 
1.500000 
1.000000 
1.000000 
2.500000 
2.500000 
0.500000 
0.500000 
1.118034 
1.118034 
1.118034 
1.118034 
1.802776 
1.802776 
0.000000 
0.000000 
0.000000 
0.000000 
1.581139 
1.581139 
1.118034 
1.118034 
1.118034 
1.118034 
3.041381 
3.041381 
2.000000 
2.000000 
2.000000 
2.000000 
1.000000 
1.000000 
0.000000 
0.000000 
2.549510 
2.549510 
1.500000 
1.500000 
2.915476 
2.915476 
4.123106 
4.123106 
0.000000 
0.000000 
0.000000 
0.000000 
1.500000 
1.500000 
0.000000 
0.000000 
3.162278 
3.162278 
0.707107 
0.707107 
1.500000 
1.500000 
1.118034 
1.118034 
2.500000 
2.500000 
0.500000 
0.500000 
1.118034 
1.118034 
1.118034 
1.118034 
1.802776 
1.802776 
0.000000 
0.000000 
1.118034 
1.118034 
1.581139 
1.581139 
1.581139 
1.581139 
1.118034 
1.118034 
1.118034 
1.118034 
3.041381 
3.041381 
2.000000 
2.000000 
2.000000 
2.000000 
1.000000 
1.000000 
0.000000 
0.000000 
2.549510 
2.549510 
1.500000 
1.500000 
2.915476 
2.915476 
4.123106 
4.123106 
0.000000 
0.000000 
0.000000 
0.000000 
1.500000 
1.500000 
0.000000 
0.000000 
3.162278 
3.162278 
0.707107 
0.707107 
1.500000 
1.500000 
1.581139 
1.581139 
2.500000 
2.500000 
0.500000 
0.500000 
1.118034 
1.118034 
1.118034 
1.118034 
1.802776 
1.802776 
0.000000 
0.000000 
1.414214 
1.414214 
1.118034 
1.118034 
1.581139 
1.581139 
1.581139 
1.581139 
3.535534 
3.535534 
1.118034 
1.118034 
3.041381 
3.041381 
2.000000 
2.000000 
2.000000 
2.000000 
1.000000 
1.000000 
0.000000 
0.000000 
2.549510 
2.549510 
1.500000 
1.500000 
2.915476 
2.915476 
4.123106 
4.123106 
0.000000 
0.000000 
0.000000 
0.000000 
1.500000 
1.500000 
0.000000 
0.000000 
3.162278 
3.162278 
0.707107 
0.707107 
1.500000 
1.500000 
1.118034 
1.118034 
2.500000 
2.500000 
0.500000 
0.500000 
1.118034 
1.118034 
1.118034 
1.118034 
1.802776 
1.802776 
0.000000 
0.000000 
0.000000 
0.000000 
1.500000 
1.500000 
1.414214 
1.414214 
1.118034 
1.118034 
1.581139 
1.581139 
1.581139 
1.581139 
1.802776 
1.802776 
1.118034 
1.118034 
3.041381 
3.041381 
2.000000 
2.000000 
2.000000 
2.000000 
1.000000 
1.000000 
0.000000 
0.000000 
2.549510 
2.549510 
1.500000 
1.500000 
2.915476 
2.915476 
4.123106 
4.123106 
0.000000 
0.000000 
0.000000 
0.000000 
1.500000 
1.500000 
3.162278 
3.162278 
0.707107 
0.707107 
0.000000 
0.000000 
2.500000 
2.500000 
0.500000 
0.500000 
1.118034 
1.118034 
1.118034 
1.118034 
1.802776 
1.802776 
0.500000 
0.500000 
2.549510 
2.549510 
1.414214 
1.414214 
1.414214 
1.414214 
1.118034 
1.118034 
1.581139 
1.581139 
1.581139 
1.581139 
6.020797 
6.020797 
1.118034 
1.118034 
3.041381 
3.041381 
2.000000 
2.000000 
2.000000 
2.000000 
1.000000 
1.000000 
0.000000 
0.000000 
2.549510 
2.549510 
1.500000 
1.500000 
2.915476 
2.915476 
4.123106 
4.123106 
0.000000 
0.000000 
0.000000 
0.000000 
1.500000 
1.500000 
3.162278 
3.162278 
0.707107 
0.707107 
0.500000 
0.500000 
2.500000 
2.500000 
0.500000 
0.500000 
1.118034 
1.118034 
1.802776 
1.802776 
1.000000 
1.000000 
1.802776 
1.802776 
1.581139 
1.581139 
1.414214 
1.414214 
1.118034 
1.118034 
1.581139 
1.581139 
1.581139 
1.581139 
1.802776 
1.802776 
1.118034 
1.118034 
3.041381 
3.041381 
2.000000 
2.000000 
2.000000 
2.000000 
1.000000 
1.000000 
0.000000 
0.000000 
2.549510 
2.549510 
1.500000 
1.500000 
2.915476 
2.915476 
4.123106 
4.123106 
0.000000 
0.000000 
0.000000 
0.000000 
1.500000 
1.500000 
3.162278 
3.162278 
0.000000 
0.000000 
2.500000 
2.500000 
1.118034 
1.118034 
1.802776 
1.802776 
0.000000 
0.000000 
1.000000 
1.000000 
3.535534 
3.535534 
1.581139 
1.581139 
1.414214 
1.414214 
1.118034 
1.118034 
1.581139 
1.581139 
1.581139 
1.581139 
5.522681 
5.522681 
1.118034 
1.118034 
3.041381 
3.041381 
2.000000 
2.000000 
2.000000 
2.000000 
1.000000 
1.000000 
0.000000 
0.000000 
2.549510 
2.549510 
1.500000 
1.500000 
2.915476 
2.915476 
4.123106 
4.123106 
0.000000 
0.000000 
1.500000 
1.500000 
3.162278 
3.162278 
0.000000 
0.000000 
2.500000 
2.500000 
1.118034 
1.118034 
1.802776 
1.802776 
0.000000 
0.000000 
4.609772 
4.609772 
1.000000 
1.000000 
1.581139 
1.581139 
1.581139 
1.581139 
1.414214 
1.414214 
1.118034 
1.118034 
1.581139 
1.581139 
1.581139 
1.581139 
5.522681 
5.522681 
1.118034 
1.118034 
3.041381 
3.041381 
2.000000 
2.000000 
2.000000 
2.000000 
1.000000 
1.000000 
0.000000 
0.000000 
2.549510 
2.549510 
1.500000 
1.500000 
2.915476 
2.915476 
4.123106 
4.123106 
3.162278 
3.162278 
0.500000 
0.500000 
1.118034 
1.118034 
0.000000 
0.000000 
1.118034 
1.118034 
1.000000 
1.000000 
1.000000 
1.000000 
2.061553 
2.061553 
1.581139 
1.581139 
1.414214 
1.414214 
1.118034 
1.118034 
1.581139 
1.581139 
1.581139 
1.581139 
5.522681 
5.522681 
1.118034 
1.118034 
3.041381 
3.041381 
2.000000 
2.000000 
2.000000 
2.000000 
1.000000 
1.000000 
0.000000 
0.000000 
2.549510 
2.549510 
1.500000 
1.500000 
2.915476 
2.915476 
4.123106 
4.123106 
3.162278 
3.162278 
0.707107 
0.707107 
0.500000 
0.500000 
0.500000 
0.500000 
1.000000 
1.000000 
1.000000 
1.000000 
1.802776 
1.802776 
1.581139 
1.581139 
1.414214 
1.414214 
1.118034 
1.118034 
1.581139 
1.581139 
1.581139 
1.581139 
5.522681 
5.522681 
1.118034 
1.118034 
3.041381 
3.041381 
2.000000 
2.000000 
2.000000 
2.000000 
1.000000 
1.000000 
0.000000 
0.000000 
2.549510 
2.549510 
1.500000 
1.500000 
2.915476 
2.915476 
4.123106 
4.123106 
0.500000 
0.500000 
0.000000 
0.000000 
0.000000 
0.000000 
0.500000 
0.500000 
0.707107 
0.707107 
0.500000 
0.500000 
1.000000 
1.000000 
2.549510 
2.549510 
1.581139 
1.581139 
1.414214 
1.414214 
1.118034 
1.118034 
1.581139 
1.581139 
1.581139 
1.581139 
5.522681 
5.522681 
1.118034 
1.118034 
3.041381 
3.041381 
2.000000 
2.000000 
2.000000 
2.000000 
1.000000 
1.000000 
2.549510 
2.549510 
1.500000 
1.500000 
4.123106 
4.123106 
0.707107 
0.707107 
1.118034 
1.118034 
0.500000 
0.500000 
0.500000 
0.500000 
0.000000 
0.000000 
1.118034 
1.118034 
1.000000 
1.000000 
1.414214 
1.414214 
1.581139 
1.581139 
1.414214 
1.414214 
1.118034 
1.118034 
1.581139 
1.581139 
1.581139 
1.581139 
5.522681 
5.522681 
1.118034 
1.118034 
3.041381 
3.041381 
2.000000 
2.000000 
2.000000 
2.000000 
1.000000 
1.000000 
2.549510 
2.549510 
4.123106 
4.123106 
1.118034 
1.118034 
0.000000 
0.000000 
1.000000 
1.000000 
1.118034 
1.118034 
0.500000 
0.500000 
0.707107 
0.707107 
2.000000 
2.000000 
1.000000 
1.000000 
1.500000 
1.500000 
1.581139 
1.581139 
1.414214 
1.414214 
1.118034 
1.118034 
1.581139 
1.581139 
1.581139 
1.581139 
5.522681 
5.522681 
1.118034 
1.118034 
3.041381 
3.041381 
2.000000 
2.000000 
1.000000 
1.000000 
0.000000 
0.000000 
0.500000 
0.500000 
0.707107 
0.707107 
0.500000 
0.500000 
6.519202 
6.519202 
0.707107 
0.707107 
1.000000 
1.000000 
1.414214 
1.414214 
1.581139 
1.581139 
1.414214 
1.414214 
1.118034 
1.118034 
1.581139 
1.581139 
1.581139 
1.581139 
5.522681 
5.522681 
1.118034 
1.118034 
3.041381 
3.041381 
1.118034 
1.118034 
0.000000 
0.000000 
0.000000 
0.000000 
0.500000 
0.500000 
3.162278 
3.162278 
0.500000 
0.500000 
0.707107 
0.707107 
0.500000 
0.500000 
1.000000 
1.000000 
0.000000 
0.000000 
1.581139 
1.581139 
1.414214 
1.414214 
1.118034 
1.118034 
1.581139 
1.581139 
1.581139 
1.581139 
5.522681 
5.522681 
3.041381 
3.041381 
1.414214 
1.414214 
0.000000 
0.000000 
0.000000 
0.000000 
0.707107 
0.707107 
0.707107 
0.707107 
0.500000 
0.500000 
7.017834 
7.017834 
0.500000 
0.500000 
1.000000 
1.000000 
1.118034 
1.118034 
1.581139 
1.581139 
1.414214 
1.414214 
1.118034 
1.118034 
1.581139 
1.581139 
1.581139 
1.581139 
5.522681 
5.522681 
3.162278 
3.162278 
0.000000 
0.000000 
0.000000 
0.000000 
0.000000 
0.000000 
0.000000 
0.000000 
0.707107 
0.707107 
1.581139 
1.581139 
0.500000 
0.500000 
0.707107 
0.707107 
2.000000 
2.000000 
1.000000 
1.000000 
0.500000 
0.500000 
1.581139 
1.581139 
1.414214 
1.414214 
5.522681 
5.522681 
1.500000 
1.500000 
0.000000 
0.000000 
0.707107 
0.707107 
0.000000 
0.000000 
0.000000 
0.000000 
0.000000 
0.000000 
0.707107 
0.707107 
1.000000 
1.000000 
0.500000 
0.500000 
0.500000 
0.500000 
0.500000 
0.500000 
1.000000 
1.000000 
0.707107 
0.707107 
1.581139 
1.581139 
5.522681 
5.522681 
1.581139 
1.581139 
0.000000 
0.000000 
0.000000 
0.000000 
2.236068 
2.236068 
0.000000 
0.000000 
0.000000 
0.000000 
0.000000 
0.000000 
0.000000 
0.000000 
0.707107 
0.707107 
1.000000 
1.000000 
0.500000 
0.500000 
0.500000 
0.500000 
1.000000 
1.000000 
1.000000 
1.000000 
2.692582 
2.692582 
1.581139 
1.581139 
5.522681 
5.522681 
1.581139 
1.581139 
0.000000 
0.000000 
0.000000 
0.000000 
3.000000 
3.000000 
2.061553 
2.061553 
2.549510 
2.549510 
1.581139 
1.581139 
0.000000 
0.000000 
0.000000 
0.000000 
0.000000 
0.000000 
0.707107 
0.707107 
1.000000 
1.000000 
0.500000 
0.500000 
0.500000 
0.500000 
2.000000 
2.000000 
1.000000 
1.000000 
2.692582 
2.692582 
1.581139 
1.581139 
5.522681 
5.522681 
1.581139 
1.581139 
