0.000000 
0.000000 
2.692582 
2.692582 
9.055385 
9.055385 
2.061553 
2.061553 
4.527693 
4.527693 
4.527693 
4.527693 
4.527693 
4.527693 
4.527693 
4.527693 
4.527693 
4.527693 
4.527693 
4.527693 
0.000000 
0.000000 
4.527693 
4.527693 
17.564168 
17.564168 
4.527693 
4.527693 
1.581139 
1.581139 
4.527693 
4.527693 
1.118034 
1.118034 
4.527693 
4.527693 
3.354102 
3.354102 
4.527693 
4.527693 
11.180340 
11.180340 
4.527693 
4.527693 
0.707107 
0.707107 
4.527693 
4.527693 
2.061553 
2.061553 
4.527693 
4.527693 
4.123106 
4.123106 
4.527693 
4.527693 
5.385165 
5.385165 
4.527693 
4.527693 
4.000000 
4.000000 
2.121320 
2.121320 
15.532225 
15.532225 
4.743416 
4.743416 
4.123106 
4.123106 
2.549510 
2.549510 
16.000000 
16.000000 
2.000000 
2.000000 
0.500000 
0.500000 
1.581139 
1.581139 
2.692582 
2.692582 
1.581139 
1.581139 
3.535534 
3.535534 
3.640055 
3.640055 
1.802776 
1.802776 
2.061553 
2.061553 
4.000000 
4.000000 
18.110770 
18.110770 
1.802776 
1.802776 
