0.000000 
0.000000 
0.000000 
0.000000 
1.118034 
1.118034 
7.516648 
7.516648 
11.500000 
11.500000 
5.590170 
5.590170 
3.354102 
3.354102 
12.000000 
12.000000 
3.640055 
3.640055 
3.000000 
3.000000 
8.062258 
8.062258 
12.000000 
12.000000 
0.000000 
0.000000 
2.061553 
2.061553 
12.000000 
12.000000 
0.000000 
0.000000 
0.000000 
0.000000 
1.581139 
1.581139 
12.000000 
12.000000 
0.000000 
0.000000 
0.000000 
0.000000 
1.118034 
1.118034 
12.000000 
12.000000 
0.000000 
0.000000 
0.000000 
0.000000 
1.581139 
1.581139 
12.000000 
12.000000 
0.000000 
0.000000 
0.000000 
0.000000 
2.500000 
2.500000 
12.000000 
12.000000 
0.000000 
0.000000 
0.000000 
0.000000 
1.414214 
1.414214 
12.000000 
12.000000 
0.000000 
0.000000 
0.000000 
0.000000 
1.414214 
1.414214 
12.000000 
12.000000 
0.000000 
0.000000 
0.000000 
0.000000 
1.118034 
1.118034 
12.000000 
12.000000 
0.000000 
0.000000 
0.000000 
0.000000 
0.000000 
0.000000 
0.707107 
0.707107 
12.000000 
12.000000 
2.000000 
2.000000 
0.000000 
0.000000 
0.000000 
0.000000 
4.743416 
4.743416 
12.000000 
12.000000 
12.509996 
12.509996 
0.000000 
0.000000 
0.000000 
0.000000 
1.000000 
1.000000 
12.000000 
12.000000 
12.509996 
12.509996 
0.000000 
0.000000 
0.000000 
0.000000 
8.062258 
8.062258 
12.000000 
12.000000 
12.509996 
12.509996 
0.000000 
0.000000 
0.000000 
0.000000 
1.581139 
1.581139 
12.000000 
12.000000 
12.509996 
12.509996 
0.000000 
0.000000 
0.000000 
0.000000 
1.581139 
1.581139 
12.000000 
12.000000 
12.509996 
12.509996 
0.000000 
0.000000 
0.000000 
0.000000 
1.581139 
1.581139 
12.509996 
12.509996 
0.000000 
0.000000 
3.201562 
3.201562 
12.509996 
12.509996 
0.707107 
0.707107 
12.509996 
12.509996 
0.500000 
0.500000 
12.509996 
12.509996 
0.000000 
0.000000 
12.509996 
12.509996 
0.500000 
0.500000 
12.509996 
12.509996 
0.707107 
0.707107 
0.000000 
0.000000 
12.509996 
12.509996 
0.000000 
0.000000 
1.000000 
1.000000 
12.509996 
12.509996 
1.000000 
1.000000 
2.500000 
2.500000 
12.509996 
12.509996 
1.000000 
1.000000 
1.118034 
1.118034 
12.509996 
12.509996 
5.024938 
5.024938 
2.061553 
2.061553 
5.024938 
5.024938 
6.000000 
6.000000 
6.020797 
6.020797 
1.581139 
1.581139 
0.707107 
0.707107 
1.802776 
1.802776 
0.500000 
0.500000 
3.535534 
3.535534 
0.500000 
0.500000 
3.535534 
3.535534 
0.500000 
0.500000 
3.535534 
3.535534 
0.000000 
0.000000 
3.535534 
3.535534 
0.500000 
0.500000 
