0.000000 
0.000000 
0.000000 
0.000000 
0.000000 
0.000000 
0.000000 
0.000000 
0.000000 
0.000000 
0.000000 
0.000000 
0.000000 
0.000000 
0.000000 
0.000000 
0.000000 
0.000000 
0.000000 
0.000000 
0.000000 
0.000000 
0.000000 
0.000000 
0.000000 
0.000000 
0.000000 
0.000000 
0.000000 
0.000000 
0.000000 
0.000000 
0.000000 
0.000000 
0.000000 
0.000000 
0.000000 
0.000000 
0.000000 
0.000000 
0.000000 
0.000000 
0.000000 
0.000000 
0.000000 
0.000000 
0.000000 
0.000000 
0.000000 
0.000000 
0.000000 
0.000000 
0.000000 
0.000000 
0.000000 
0.000000 
0.000000 
0.000000 
0.000000 
0.000000 
0.000000 
0.000000 
0.000000 
0.000000 
0.000000 
0.000000 
0.000000 
0.000000 
0.000000 
0.000000 
0.000000 
0.000000 
0.000000 
0.000000 
0.000000 
0.000000 
19.678669 
19.678669 
0.000000 
0.000000 
1.500000 
1.500000 
26.162951 
26.162951 
1.000000 
1.000000 
2.061553 
2.061553 
0.500000 
0.500000 
2.061553 
2.061553 
2.236068 
2.236068 
2.061553 
2.061553 
0.707107 
0.707107 
12.000000 
12.000000 
1.581139 
1.581139 
0.000000 
0.000000 
1.118034 
1.118034 
22.505555 
22.505555 
1.500000 
1.500000 
10.198039 
10.198039 
2.236068 
2.236068 
1.500000 
1.500000 
1.500000 
1.500000 
2.236068 
2.236068 
1.500000 
1.500000 
2.500000 
2.500000 
2.236068 
2.236068 
1.500000 
1.500000 
21.095023 
21.095023 
2.236068 
2.236068 
1.500000 
1.500000 
20.006249 
20.006249 
2.236068 
2.236068 
1.500000 
1.500000 
20.006249 
20.006249 
2.236068 
2.236068 
1.500000 
1.500000 
20.006249 
20.006249 
2.236068 
2.236068 
0.000000 
0.000000 
1.500000 
1.500000 
21.552262 
21.552262 
2.236068 
2.236068 
1.802776 
1.802776 
1.500000 
1.500000 
8.732125 
8.732125 
2.236068 
2.236068 
0.500000 
0.500000 
1.500000 
1.500000 
0.500000 
0.500000 
2.236068 
2.236068 
0.500000 
0.500000 
1.500000 
1.500000 
0.000000 
0.000000 
2.236068 
2.236068 
0.500000 
0.500000 
1.500000 
1.500000 
0.707107 
0.707107 
2.236068 
2.236068 
0.500000 
0.500000 
1.500000 
1.500000 
1.000000 
1.000000 
2.236068 
2.236068 
0.500000 
0.500000 
1.500000 
1.500000 
1.118034 
1.118034 
2.236068 
2.236068 
