0.000000 
0.000000 
15.890249 
15.890249 
2.549510 
2.549510 
1.500000 
1.500000 
22.803509 
22.803509 
1.500000 
1.500000 
6.519202 
6.519202 
3.354102 
3.354102 
3.354102 
3.354102 
0.000000 
0.000000 
3.354102 
3.354102 
1.802776 
1.802776 
3.354102 
3.354102 
1.802776 
1.802776 
3.354102 
3.354102 
1.802776 
1.802776 
3.354102 
3.354102 
1.802776 
1.802776 
3.354102 
3.354102 
1.802776 
1.802776 
3.354102 
3.354102 
1.802776 
1.802776 
3.354102 
3.354102 
1.802776 
1.802776 
3.354102 
3.354102 
1.802776 
1.802776 
3.354102 
3.354102 
1.802776 
1.802776 
3.354102 
3.354102 
1.802776 
1.802776 
3.354102 
3.354102 
1.802776 
1.802776 
3.354102 
3.354102 
1.802776 
1.802776 
3.354102 
3.354102 
1.802776 
1.802776 
1.802776 
1.802776 
1.802776 
1.802776 
