0.000000 
0.000000 
0.000000 
0.000000 
0.000000 
0.000000 
0.000000 
0.000000 
0.000000 
0.000000 
0.000000 
0.000000 
0.000000 
0.000000 
0.000000 
0.000000 
0.000000 
0.000000 
0.000000 
0.000000 
0.000000 
0.000000 
0.000000 
0.000000 
0.000000 
0.000000 
0.000000 
0.000000 
0.500000 
0.500000 
3.500000 
3.500000 
3.000000 
3.000000 
0.000000 
0.000000 
5.099020 
5.099020 
8.077747 
8.077747 
3.640055 
3.640055 
1.802776 
1.802776 
5.099020 
5.099020 
1.500000 
1.500000 
0.000000 
0.000000 
0.500000 
0.500000 
0.000000 
0.000000 
0.707107 
0.707107 
1.802776 
1.802776 
12.010412 
12.010412 
1.000000 
1.000000 
3.041381 
3.041381 
1.000000 
1.000000 
11.543396 
11.543396 
2.500000 
2.500000 
4.500000 
4.500000 
1.414214 
1.414214 
0.000000 
0.000000 
0.000000 
0.000000 
0.000000 
0.000000 
0.707107 
0.707107 
1.802776 
1.802776 
3.041381 
3.041381 
2.061553 
2.061553 
3.041381 
3.041381 
0.707107 
0.707107 
11.236103 
11.236103 
1.118034 
1.118034 
4.123106 
4.123106 
2.549510 
2.549510 
0.000000 
0.000000 
1.000000 
1.000000 
0.000000 
0.000000 
0.500000 
0.500000 
1.802776 
1.802776 
4.031129 
4.031129 
1.581139 
1.581139 
16.507574 
16.507574 
1.118034 
1.118034 
8.514693 
8.514693 
0.500000 
0.500000 
2.692582 
2.692582 
2.061553 
2.061553 
0.000000 
0.000000 
0.000000 
0.000000 
0.500000 
0.500000 
1.118034 
1.118034 
1.802776 
1.802776 
5.024938 
5.024938 
3.041381 
3.041381 
16.507574 
16.507574 
1.414214 
1.414214 
5.500000 
5.500000 
0.707107 
0.707107 
8.732125 
8.732125 
2.061553 
2.061553 
0.000000 
0.000000 
0.000000 
0.000000 
0.000000 
0.000000 
0.000000 
0.000000 
0.500000 
0.500000 
1.000000 
1.000000 
1.802776 
1.802776 
3.535534 
3.535534 
1.581139 
1.581139 
10.198039 
10.198039 
1.414214 
1.414214 
2.549510 
2.549510 
0.707107 
0.707107 
1.500000 
1.500000 
1.581139 
1.581139 
9.513149 
9.513149 
0.500000 
0.500000 
0.000000 
0.000000 
0.000000 
0.000000 
0.500000 
0.500000 
0.000000 
0.000000 
1.802776 
1.802776 
2.061553 
2.061553 
2.000000 
2.000000 
3.162278 
3.162278 
1.581139 
1.581139 
14.008926 
14.008926 
0.707107 
0.707107 
4.527693 
4.527693 
1.118034 
1.118034 
0.000000 
0.000000 
0.000000 
0.000000 
2.500000 
2.500000 
0.500000 
0.500000 
0.000000 
0.000000 
0.707107 
0.707107 
0.500000 
0.500000 
0.000000 
0.000000 
1.802776 
1.802776 
9.708244 
9.708244 
0.000000 
0.000000 
12.589678 
12.589678 
1.118034 
1.118034 
9.394147 
9.394147 
0.707107 
0.707107 
4.000000 
4.000000 
2.061553 
2.061553 
0.000000 
0.000000 
1.000000 
1.000000 
2.500000 
2.500000 
1.802776 
1.802776 
0.000000 
0.000000 
0.000000 
0.000000 
0.500000 
0.500000 
0.000000 
0.000000 
1.802776 
1.802776 
2.061553 
2.061553 
1.000000 
1.000000 
3.041381 
3.041381 
1.000000 
1.000000 
5.024938 
5.024938 
0.707107 
0.707107 
4.743416 
4.743416 
3.041381 
3.041381 
0.000000 
0.000000 
1.118034 
1.118034 
5.000000 
5.000000 
3.354102 
3.354102 
0.000000 
0.000000 
0.707107 
0.707107 
1.500000 
1.500000 
0.000000 
0.000000 
1.802776 
1.802776 
3.500000 
3.500000 
1.000000 
1.000000 
4.609772 
4.609772 
0.707107 
0.707107 
2.061553 
2.061553 
0.707107 
0.707107 
3.000000 
3.000000 
1.581139 
1.581139 
0.000000 
0.000000 
0.500000 
0.500000 
2.549510 
2.549510 
3.201562 
3.201562 
0.000000 
0.000000 
0.707107 
0.707107 
1.500000 
1.500000 
0.000000 
0.000000 
1.802776 
1.802776 
3.500000 
3.500000 
0.707107 
0.707107 
4.000000 
4.000000 
0.707107 
0.707107 
4.500000 
4.500000 
0.707107 
0.707107 
2.236068 
2.236068 
11.011358 
11.011358 
0.000000 
0.000000 
0.500000 
0.500000 
2.236068 
2.236068 
1.118034 
1.118034 
0.000000 
0.000000 
0.500000 
0.500000 
1.500000 
1.500000 
0.000000 
0.000000 
1.802776 
1.802776 
4.272002 
4.272002 
0.000000 
0.000000 
4.500000 
4.500000 
1.118034 
1.118034 
2.236068 
2.236068 
0.707107 
0.707107 
8.015610 
8.015610 
1.000000 
1.000000 
0.000000 
0.000000 
1.802776 
1.802776 
1.118034 
1.118034 
0.500000 
0.500000 
0.000000 
0.000000 
0.500000 
0.500000 
1.500000 
1.500000 
0.000000 
0.000000 
1.802776 
1.802776 
4.000000 
4.000000 
0.500000 
0.500000 
12.000000 
12.000000 
1.000000 
1.000000 
12.854960 
12.854960 
0.707107 
0.707107 
3.041381 
3.041381 
2.061553 
2.061553 
0.000000 
0.000000 
0.000000 
0.000000 
1.118034 
1.118034 
1.118034 
1.118034 
1.500000 
1.500000 
0.000000 
0.000000 
0.000000 
0.000000 
1.500000 
1.500000 
0.000000 
0.000000 
1.802776 
1.802776 
11.101802 
11.101802 
1.414214 
1.414214 
4.609772 
4.609772 
1.000000 
1.000000 
3.041381 
3.041381 
16.552945 
16.552945 
3.041381 
3.041381 
1.118034 
1.118034 
0.000000 
0.000000 
0.000000 
0.000000 
0.000000 
0.000000 
1.118034 
1.118034 
3.162278 
3.162278 
3.000000 
3.000000 
0.000000 
0.000000 
0.500000 
0.500000 
1.500000 
1.500000 
0.000000 
0.000000 
1.802776 
1.802776 
2.061553 
2.061553 
1.414214 
1.414214 
8.944272 
8.944272 
0.000000 
0.000000 
4.031129 
4.031129 
4.527693 
4.527693 
3.041381 
3.041381 
1.118034 
1.118034 
0.000000 
0.000000 
0.000000 
0.000000 
0.000000 
0.000000 
0.000000 
0.000000 
0.707107 
0.707107 
1.000000 
1.000000 
2.236068 
2.236068 
0.000000 
0.000000 
0.500000 
0.500000 
1.500000 
1.500000 
9.013878 
9.013878 
1.802776 
1.802776 
2.061553 
2.061553 
1.414214 
1.414214 
5.522681 
5.522681 
0.000000 
0.000000 
2.500000 
2.500000 
4.500000 
4.500000 
3.041381 
3.041381 
0.500000 
0.500000 
0.000000 
0.000000 
1.414214 
1.414214 
0.000000 
0.000000 
0.000000 
0.000000 
0.000000 
0.000000 
1.581139 
1.581139 
0.707107 
0.707107 
2.236068 
2.236068 
0.500000 
0.500000 
1.500000 
1.500000 
1.000000 
1.000000 
2.061553 
2.061553 
1.414214 
1.414214 
7.516648 
7.516648 
0.000000 
0.000000 
4.609772 
4.609772 
3.000000 
3.000000 
3.041381 
3.041381 
10.511898 
10.511898 
0.000000 
0.000000 
1.118034 
1.118034 
0.707107 
0.707107 
0.000000 
0.000000 
0.000000 
0.000000 
0.000000 
0.000000 
0.000000 
0.000000 
0.500000 
0.500000 
2.236068 
2.236068 
0.500000 
0.500000 
1.500000 
1.500000 
0.500000 
0.500000 
4.272002 
4.272002 
1.414214 
1.414214 
14.577380 
14.577380 
0.000000 
0.000000 
2.500000 
2.500000 
9.000000 
9.000000 
3.041381 
3.041381 
1.802776 
1.802776 
0.000000 
0.000000 
1.414214 
1.414214 
1.118034 
1.118034 
3.535534 
3.535534 
0.000000 
0.000000 
0.000000 
0.000000 
0.000000 
0.000000 
1.414214 
1.414214 
2.236068 
2.236068 
0.500000 
0.500000 
1.500000 
1.500000 
1.414214 
1.414214 
4.272002 
4.272002 
1.414214 
1.414214 
3.640055 
3.640055 
0.000000 
0.000000 
13.285330 
13.285330 
1.118034 
1.118034 
3.041381 
3.041381 
1.414214 
1.414214 
1.000000 
1.000000 
1.118034 
1.118034 
1.118034 
1.118034 
0.707107 
0.707107 
0.000000 
0.000000 
0.000000 
0.000000 
5.590170 
5.590170 
1.802776 
1.802776 
2.236068 
2.236068 
0.500000 
0.500000 
1.500000 
1.500000 
0.500000 
0.500000 
10.700467 
10.700467 
1.414214 
1.414214 
4.527693 
4.527693 
0.000000 
0.000000 
2.549510 
2.549510 
1.118034 
1.118034 
3.041381 
3.041381 
1.118034 
1.118034 
1.414214 
1.414214 
1.581139 
1.581139 
0.707107 
0.707107 
1.118034 
1.118034 
0.000000 
0.000000 
0.000000 
0.000000 
0.000000 
0.000000 
1.118034 
1.118034 
11.401754 
11.401754 
0.500000 
0.500000 
1.500000 
1.500000 
1.500000 
1.500000 
10.700467 
10.700467 
1.414214 
1.414214 
4.031129 
4.031129 
0.000000 
0.000000 
4.500000 
4.500000 
1.118034 
1.118034 
3.041381 
3.041381 
1.581139 
1.581139 
0.000000 
0.000000 
0.500000 
0.500000 
0.500000 
0.500000 
1.118034 
1.118034 
9.962429 
9.962429 
0.000000 
0.000000 
0.000000 
0.000000 
1.000000 
1.000000 
2.236068 
2.236068 
2.549510 
2.549510 
0.500000 
0.500000 
1.500000 
1.500000 
1.000000 
1.000000 
12.010412 
12.010412 
1.414214 
1.414214 
4.031129 
4.031129 
0.000000 
0.000000 
1.581139 
1.581139 
1.118034 
1.118034 
3.041381 
3.041381 
0.707107 
0.707107 
1.414214 
1.414214 
0.500000 
0.500000 
2.000000 
2.000000 
5.099020 
5.099020 
0.707107 
0.707107 
0.000000 
0.000000 
1.000000 
1.000000 
2.549510 
2.549510 
2.915476 
2.915476 
0.500000 
0.500000 
1.500000 
1.500000 
1.581139 
1.581139 
12.010412 
12.010412 
1.414214 
1.414214 
11.510864 
11.510864 
0.000000 
0.000000 
4.123106 
4.123106 
1.118034 
1.118034 
3.041381 
3.041381 
2.236068 
2.236068 
0.000000 
0.000000 
2.549510 
2.549510 
0.500000 
0.500000 
1.000000 
1.000000 
0.500000 
0.500000 
2.236068 
2.236068 
0.000000 
0.000000 
1.000000 
1.000000 
0.500000 
0.500000 
3.041381 
3.041381 
0.500000 
0.500000 
1.500000 
1.500000 
0.707107 
0.707107 
5.522681 
5.522681 
1.414214 
1.414214 
4.000000 
4.000000 
0.000000 
0.000000 
2.061553 
2.061553 
1.118034 
1.118034 
3.041381 
3.041381 
0.707107 
0.707107 
0.000000 
0.000000 
0.000000 
0.000000 
0.000000 
0.000000 
2.549510 
2.549510 
0.500000 
0.500000 
1.581139 
1.581139 
1.000000 
1.000000 
2.500000 
2.500000 
0.000000 
0.000000 
1.000000 
1.000000 
4.031129 
4.031129 
4.123106 
4.123106 
0.500000 
0.500000 
0.707107 
0.707107 
5.522681 
5.522681 
1.414214 
1.414214 
4.000000 
4.000000 
0.000000 
0.000000 
2.061553 
2.061553 
1.118034 
1.118034 
3.041381 
3.041381 
14.008926 
14.008926 
1.118034 
1.118034 
4.031129 
4.031129 
0.000000 
0.000000 
2.549510 
2.549510 
0.500000 
0.500000 
1.500000 
1.500000 
1.000000 
1.000000 
1.118034 
1.118034 
0.000000 
0.000000 
1.000000 
1.000000 
1.000000 
1.000000 
4.123106 
4.123106 
0.500000 
0.500000 
0.707107 
0.707107 
8.000000 
8.000000 
1.414214 
1.414214 
7.017834 
7.017834 
0.000000 
0.000000 
2.061553 
2.061553 
1.118034 
1.118034 
3.041381 
3.041381 
0.500000 
0.500000 
0.000000 
0.000000 
1.500000 
1.500000 
6.000000 
6.000000 
0.000000 
0.000000 
2.549510 
2.549510 
0.500000 
0.500000 
1.500000 
1.500000 
2.061553 
2.061553 
1.581139 
1.581139 
5.852350 
5.852350 
1.000000 
1.000000 
1.000000 
1.000000 
4.123106 
4.123106 
0.500000 
0.500000 
0.707107 
0.707107 
8.000000 
8.000000 
1.414214 
1.414214 
3.500000 
3.500000 
0.000000 
0.000000 
2.061553 
2.061553 
1.118034 
1.118034 
3.041381 
3.041381 
1.000000 
1.000000 
0.000000 
0.000000 
0.707107 
0.707107 
1.118034 
1.118034 
2.915476 
2.915476 
0.000000 
0.000000 
2.549510 
2.549510 
0.500000 
0.500000 
1.500000 
1.500000 
1.118034 
1.118034 
2.500000 
2.500000 
0.500000 
0.500000 
1.000000 
1.000000 
1.000000 
1.000000 
4.123106 
4.123106 
0.500000 
0.500000 
0.707107 
0.707107 
8.000000 
8.000000 
1.414214 
1.414214 
10.688779 
10.688779 
0.000000 
0.000000 
2.061553 
2.061553 
1.118034 
1.118034 
1.118034 
1.118034 
0.000000 
0.000000 
2.549510 
2.549510 
1.500000 
1.500000 
3.041381 
3.041381 
0.000000 
0.000000 
2.549510 
2.549510 
0.500000 
0.500000 
1.500000 
1.500000 
2.000000 
2.000000 
2.549510 
2.549510 
3.535534 
3.535534 
1.000000 
1.000000 
1.000000 
1.000000 
4.123106 
4.123106 
0.500000 
0.500000 
0.707107 
0.707107 
8.000000 
8.000000 
4.743416 
4.743416 
0.000000 
0.000000 
2.061553 
2.061553 
1.118034 
1.118034 
8.246211 
8.246211 
0.000000 
0.000000 
0.000000 
0.000000 
20.099751 
20.099751 
1.500000 
1.500000 
10.606602 
10.606602 
0.000000 
0.000000 
2.549510 
2.549510 
0.500000 
0.500000 
1.500000 
1.500000 
0.707107 
0.707107 
2.692582 
2.692582 
1.802776 
1.802776 
1.000000 
1.000000 
1.000000 
1.000000 
4.123106 
4.123106 
0.707107 
0.707107 
8.000000 
8.000000 
4.527693 
4.527693 
2.061553 
2.061553 
1.118034 
1.118034 
1.118034 
1.118034 
2.236068 
2.236068 
0.000000 
0.000000 
2.000000 
2.000000 
1.500000 
1.500000 
3.640055 
3.640055 
0.000000 
0.000000 
2.549510 
2.549510 
0.500000 
0.500000 
7.632169 
7.632169 
1.000000 
1.000000 
2.000000 
2.000000 
1.802776 
1.802776 
1.000000 
1.000000 
1.000000 
1.000000 
4.123106 
4.123106 
0.707107 
0.707107 
8.000000 
8.000000 
4.527693 
4.527693 
2.061553 
2.061553 
1.118034 
1.118034 
0.500000 
0.500000 
0.000000 
0.000000 
0.000000 
0.000000 
4.272002 
4.272002 
0.000000 
0.000000 
3.354102 
3.354102 
1.500000 
1.500000 
3.041381 
3.041381 
0.000000 
0.000000 
2.549510 
2.549510 
0.500000 
0.500000 
2.236068 
2.236068 
1.000000 
1.000000 
1.118034 
1.118034 
1.802776 
1.802776 
4.123106 
4.123106 
1.000000 
1.000000 
4.123106 
4.123106 
0.707107 
0.707107 
8.000000 
8.000000 
3.354102 
3.354102 
2.061553 
2.061553 
1.118034 
1.118034 
1.118034 
1.118034 
0.000000 
0.000000 
0.707107 
0.707107 
4.272002 
4.272002 
0.000000 
0.000000 
3.500000 
3.500000 
1.500000 
1.500000 
6.324555 
6.324555 
0.000000 
0.000000 
2.549510 
2.549510 
0.500000 
0.500000 
4.743416 
4.743416 
1.000000 
1.000000 
0.707107 
0.707107 
1.802776 
1.802776 
0.707107 
0.707107 
1.000000 
1.000000 
4.123106 
4.123106 
0.707107 
0.707107 
8.000000 
8.000000 
11.884864 
11.884864 
2.061553 
2.061553 
1.118034 
1.118034 
11.101802 
11.101802 
0.000000 
0.000000 
1.118034 
1.118034 
4.272002 
4.272002 
0.000000 
0.000000 
17.507141 
17.507141 
1.500000 
1.500000 
2.549510 
2.549510 
0.000000 
0.000000 
2.549510 
2.549510 
0.500000 
0.500000 
2.000000 
2.000000 
1.000000 
1.000000 
12.010412 
12.010412 
1.802776 
1.802776 
1.000000 
1.000000 
1.000000 
1.000000 
4.123106 
4.123106 
0.707107 
0.707107 
8.000000 
8.000000 
3.807887 
3.807887 
2.061553 
2.061553 
1.118034 
1.118034 
0.707107 
0.707107 
0.000000 
0.000000 
1.118034 
1.118034 
4.272002 
4.272002 
0.000000 
0.000000 
2.692582 
2.692582 
1.500000 
1.500000 
3.807887 
3.807887 
0.000000 
0.000000 
2.549510 
2.549510 
0.500000 
0.500000 
19.416488 
19.416488 
1.000000 
1.000000 
2.061553 
2.061553 
1.802776 
1.802776 
1.000000 
1.000000 
1.000000 
1.000000 
4.123106 
4.123106 
0.707107 
0.707107 
8.000000 
8.000000 
5.590170 
5.590170 
2.061553 
2.061553 
1.581139 
1.581139 
0.000000 
0.000000 
0.000000 
0.000000 
1.802776 
1.802776 
2.000000 
2.000000 
0.000000 
0.000000 
3.162278 
3.162278 
1.500000 
1.500000 
3.807887 
3.807887 
2.549510 
2.549510 
2.549510 
2.549510 
0.500000 
0.500000 
19.416488 
19.416488 
1.000000 
1.000000 
2.236068 
2.236068 
1.802776 
1.802776 
1.500000 
1.500000 
1.000000 
1.000000 
4.123106 
4.123106 
0.707107 
0.707107 
8.000000 
8.000000 
4.123106 
4.123106 
2.061553 
2.061553 
1.581139 
1.581139 
0.000000 
0.000000 
0.000000 
0.000000 
2.000000 
2.000000 
9.394147 
9.394147 
0.000000 
0.000000 
4.031129 
4.031129 
1.500000 
1.500000 
3.807887 
3.807887 
5.220153 
5.220153 
2.549510 
2.549510 
19.416488 
19.416488 
1.000000 
1.000000 
2.061553 
2.061553 
1.802776 
1.802776 
1.500000 
1.500000 
1.000000 
1.000000 
4.123106 
4.123106 
0.707107 
0.707107 
8.000000 
8.000000 
1.802776 
1.802776 
2.061553 
2.061553 
1.000000 
1.000000 
0.000000 
0.000000 
5.522681 
5.522681 
0.000000 
0.000000 
0.500000 
0.500000 
3.162278 
3.162278 
0.000000 
0.000000 
1.581139 
1.581139 
1.500000 
1.500000 
3.807887 
3.807887 
1.000000 
1.000000 
2.549510 
2.549510 
19.416488 
19.416488 
1.000000 
1.000000 
2.000000 
2.000000 
1.802776 
1.802776 
1.500000 
1.500000 
9.055385 
9.055385 
4.123106 
4.123106 
0.707107 
0.707107 
8.000000 
8.000000 
1.802776 
1.802776 
2.061553 
2.061553 
1.118034 
1.118034 
0.000000 
0.000000 
0.000000 
0.000000 
0.000000 
0.000000 
0.000000 
0.000000 
4.609772 
4.609772 
0.000000 
0.000000 
0.000000 
0.000000 
0.500000 
0.500000 
10.606602 
10.606602 
0.000000 
0.000000 
1.581139 
1.581139 
1.500000 
1.500000 
3.807887 
3.807887 
1.000000 
1.000000 
19.416488 
19.416488 
1.000000 
1.000000 
3.640055 
3.640055 
1.802776 
1.802776 
1.500000 
1.500000 
0.707107 
0.707107 
4.123106 
4.123106 
8.000000 
8.000000 
1.802776 
1.802776 
1.118034 
1.118034 
1.581139 
1.581139 
3.500000 
3.500000 
2.500000 
2.500000 
0.500000 
0.500000 
4.472136 
4.472136 
4.031129 
4.031129 
0.000000 
0.000000 
0.500000 
0.500000 
7.071068 
7.071068 
0.000000 
0.000000 
1.581139 
1.581139 
1.500000 
1.500000 
3.807887 
3.807887 
1.000000 
1.000000 
19.416488 
19.416488 
1.000000 
1.000000 
1.500000 
1.500000 
1.802776 
1.802776 
1.500000 
1.500000 
3.640055 
3.640055 
8.000000 
8.000000 
1.802776 
1.802776 
1.118034 
1.118034 
1.581139 
1.581139 
2.500000 
2.500000 
4.031129 
4.031129 
1.581139 
1.581139 
3.807887 
3.807887 
3.807887 
3.807887 
0.000000 
0.000000 
0.500000 
0.500000 
2.500000 
2.500000 
0.000000 
0.000000 
1.581139 
1.581139 
1.500000 
1.500000 
3.807887 
3.807887 
1.000000 
1.000000 
19.416488 
19.416488 
1.000000 
1.000000 
1.581139 
1.581139 
1.802776 
1.802776 
1.500000 
1.500000 
3.640055 
3.640055 
1.802776 
1.802776 
1.581139 
1.581139 
0.000000 
0.000000 
1.581139 
1.581139 
1.118034 
1.118034 
1.581139 
1.581139 
0.707107 
0.707107 
3.201562 
3.201562 
1.581139 
1.581139 
0.000000 
0.000000 
0.500000 
0.500000 
2.500000 
2.500000 
0.000000 
0.000000 
1.581139 
1.581139 
1.500000 
1.500000 
3.807887 
3.807887 
1.000000 
1.000000 
19.416488 
19.416488 
1.000000 
1.000000 
0.500000 
0.500000 
1.802776 
1.802776 
1.500000 
1.500000 
7.280110 
7.280110 
1.802776 
1.802776 
8.860023 
8.860023 
0.000000 
0.000000 
1.581139 
1.581139 
1.118034 
1.118034 
1.414214 
1.414214 
1.000000 
1.000000 
3.201562 
3.201562 
0.707107 
0.707107 
0.000000 
0.000000 
0.500000 
0.500000 
2.500000 
2.500000 
1.581139 
1.581139 
1.500000 
1.500000 
3.807887 
3.807887 
1.000000 
1.000000 
19.416488 
19.416488 
1.000000 
1.000000 
10.012492 
10.012492 
1.802776 
1.802776 
1.500000 
1.500000 
7.280110 
7.280110 
1.802776 
1.802776 
0.500000 
0.500000 
0.000000 
0.000000 
0.000000 
0.000000 
0.000000 
0.000000 
1.581139 
1.581139 
1.118034 
1.118034 
1.414214 
1.414214 
1.118034 
1.118034 
3.201562 
3.201562 
3.041381 
3.041381 
0.000000 
0.000000 
0.500000 
0.500000 
2.500000 
2.500000 
10.049876 
10.049876 
3.807887 
3.807887 
5.000000 
5.000000 
19.416488 
19.416488 
1.000000 
1.000000 
2.000000 
2.000000 
3.605551 
3.605551 
1.500000 
1.500000 
7.280110 
7.280110 
1.802776 
1.802776 
0.000000 
0.000000 
3.905125 
3.905125 
0.000000 
0.000000 
0.000000 
0.000000 
1.581139 
1.581139 
1.118034 
1.118034 
1.414214 
1.414214 
0.500000 
0.500000 
3.201562 
3.201562 
4.500000 
4.500000 
0.000000 
0.000000 
0.500000 
0.500000 
2.500000 
2.500000 
3.535534 
3.535534 
3.807887 
3.807887 
5.000000 
5.000000 
19.416488 
19.416488 
1.000000 
1.000000 
1.802776 
1.802776 
3.605551 
3.605551 
1.500000 
1.500000 
7.280110 
7.280110 
1.802776 
1.802776 
1.500000 
1.500000 
0.000000 
0.000000 
6.670832 
6.670832 
7.071068 
7.071068 
0.000000 
0.000000 
1.581139 
1.581139 
1.118034 
1.118034 
1.414214 
1.414214 
0.707107 
0.707107 
3.201562 
3.201562 
1.802776 
1.802776 
0.000000 
0.000000 
0.500000 
0.500000 
2.500000 
2.500000 
2.549510 
2.549510 
3.807887 
3.807887 
5.000000 
5.000000 
19.416488 
19.416488 
0.707107 
0.707107 
5.590170 
5.590170 
1.500000 
1.500000 
7.280110 
7.280110 
1.802776 
1.802776 
1.000000 
1.000000 
