0.000000 
0.000000 
0.000000 
0.000000 
9.617692 
9.617692 
11.500000 
11.500000 
1.414214 
1.414214 
0.707107 
0.707107 
12.093387 
12.093387 
12.369317 
12.369317 
12.093387 
12.093387 
8.246211 
8.246211 
12.093387 
12.093387 
0.500000 
0.500000 
12.093387 
12.093387 
2.061553 
2.061553 
0.000000 
0.000000 
12.093387 
12.093387 
1.118034 
1.118034 
2.236068 
2.236068 
12.093387 
12.093387 
0.707107 
0.707107 
1.000000 
1.000000 
12.093387 
12.093387 
1.118034 
1.118034 
7.071068 
7.071068 
12.093387 
12.093387 
1.500000 
1.500000 
9.124144 
9.124144 
12.093387 
12.093387 
1.500000 
1.500000 
0.707107 
0.707107 
12.093387 
12.093387 
1.500000 
1.500000 
1.581139 
1.581139 
12.093387 
12.093387 
1.500000 
1.500000 
3.041381 
3.041381 
12.093387 
12.093387 
1.500000 
1.500000 
11.597414 
11.597414 
12.093387 
12.093387 
1.500000 
1.500000 
3.201562 
3.201562 
12.093387 
12.093387 
1.500000 
1.500000 
3.201562 
3.201562 
12.093387 
12.093387 
1.500000 
1.500000 
3.201562 
3.201562 
1.500000 
1.500000 
0.000000 
0.000000 
3.201562 
3.201562 
1.500000 
1.500000 
1.802776 
1.802776 
3.201562 
3.201562 
1.500000 
1.500000 
1.414214 
1.414214 
3.201562 
3.201562 
1.500000 
1.500000 
0.000000 
0.000000 
3.201562 
3.201562 
1.500000 
1.500000 
0.000000 
0.000000 
5.500000 
5.500000 
3.201562 
3.201562 
1.500000 
1.500000 
3.500000 
3.500000 
2.061553 
2.061553 
3.201562 
3.201562 
1.500000 
1.500000 
3.041381 
3.041381 
2.121320 
2.121320 
3.201562 
3.201562 
5.590170 
5.590170 
2.500000 
2.500000 
3.201562 
3.201562 
5.590170 
5.590170 
10.049876 
10.049876 
3.201562 
3.201562 
5.590170 
5.590170 
2.000000 
2.000000 
3.201562 
3.201562 
5.590170 
5.590170 
0.000000 
0.000000 
3.201562 
3.201562 
5.590170 
5.590170 
0.500000 
0.500000 
3.201562 
3.201562 
5.590170 
5.590170 
1.581139 
1.581139 
5.590170 
5.590170 
1.802776 
1.802776 
5.590170 
5.590170 
13.583078 
13.583078 
5.590170 
5.590170 
3.500000 
3.500000 
5.590170 
5.590170 
3.500000 
3.500000 
5.590170 
5.590170 
12.649111 
12.649111 
5.590170 
5.590170 
10.111874 
10.111874 
5.590170 
5.590170 
0.707107 
0.707107 
5.590170 
5.590170 
2.061553 
2.061553 
5.590170 
5.590170 
8.000000 
8.000000 
0.000000 
0.000000 
17.691806 
17.691806 
2.061553 
2.061553 
2.236068 
2.236068 
2.236068 
2.236068 
4.301163 
4.301163 
0.500000 
0.500000 
2.500000 
2.500000 
7.500000 
7.500000 
9.055385 
9.055385 
4.000000 
4.000000 
4.272002 
4.272002 
4.123106 
4.123106 
4.123106 
4.123106 
3.041381 
3.041381 
7.516648 
7.516648 
1.000000 
1.000000 
1.118034 
1.118034 
