0.000000 
0.000000 
0.000000 
0.000000 
0.000000 
0.000000 
0.000000 
0.000000 
0.000000 
0.000000 
0.000000 
0.000000 
0.000000 
0.000000 
1.414214 
1.414214 
0.707107 
0.707107 
0.500000 
0.500000 
0.000000 
0.000000 
1.118034 
1.118034 
0.500000 
0.500000 
17.677670 
17.677670 
0.000000 
0.000000 
0.500000 
0.500000 
0.707107 
0.707107 
0.500000 
0.500000 
0.500000 
0.500000 
1.500000 
1.500000 
0.000000 
0.000000 
0.000000 
0.000000 
0.000000 
0.000000 
0.707107 
0.707107 
0.500000 
0.500000 
0.707107 
0.707107 
1.414214 
1.414214 
0.500000 
0.500000 
0.707107 
0.707107 
0.500000 
0.500000 
0.500000 
0.500000 
1.118034 
1.118034 
2.236068 
2.236068 
0.500000 
0.500000 
0.707107 
0.707107 
1.000000 
1.000000 
0.000000 
0.000000 
0.000000 
0.000000 
1.414214 
1.414214 
2.236068 
2.236068 
0.707107 
0.707107 
0.707107 
0.707107 
0.500000 
0.500000 
1.414214 
1.414214 
0.500000 
0.500000 
2.000000 
2.000000 
2.236068 
2.236068 
0.500000 
0.500000 
0.000000 
0.000000 
1.500000 
1.500000 
0.707107 
0.707107 
0.500000 
0.500000 
13.341664 
13.341664 
2.236068 
2.236068 
0.000000 
0.000000 
0.500000 
0.500000 
0.500000 
0.500000 
0.000000 
0.000000 
0.707107 
0.707107 
0.000000 
0.000000 
14.705441 
14.705441 
2.236068 
2.236068 
0.000000 
0.000000 
0.707107 
0.707107 
0.707107 
0.707107 
1.118034 
1.118034 
0.707107 
0.707107 
0.500000 
0.500000 
3.905125 
3.905125 
2.236068 
2.236068 
0.000000 
0.000000 
0.707107 
0.707107 
0.500000 
0.500000 
1.581139 
1.581139 
0.707107 
0.707107 
0.500000 
0.500000 
3.201562 
3.201562 
2.236068 
2.236068 
0.000000 
0.000000 
0.500000 
0.500000 
1.000000 
1.000000 
0.707107 
0.707107 
0.707107 
0.707107 
0.707107 
0.707107 
3.905125 
3.905125 
2.236068 
2.236068 
0.500000 
0.500000 
0.707107 
0.707107 
0.500000 
0.500000 
0.000000 
0.000000 
0.707107 
0.707107 
0.000000 
0.000000 
0.707107 
0.707107 
2.236068 
2.236068 
0.000000 
0.000000 
0.500000 
0.500000 
0.500000 
0.500000 
1.500000 
1.500000 
0.707107 
0.707107 
0.500000 
0.500000 
2.121320 
2.121320 
2.236068 
2.236068 
1.118034 
1.118034 
0.500000 
0.500000 
0.500000 
0.500000 
1.500000 
1.500000 
0.707107 
0.707107 
0.500000 
0.500000 
1.118034 
1.118034 
2.236068 
2.236068 
0.500000 
0.500000 
0.500000 
0.500000 
0.707107 
0.707107 
1.500000 
1.500000 
0.707107 
0.707107 
9.513149 
9.513149 
9.513149 
9.513149 
2.236068 
2.236068 
0.500000 
0.500000 
0.000000 
0.000000 
0.707107 
0.707107 
1.500000 
1.500000 
0.707107 
0.707107 
0.500000 
0.500000 
10.307764 
10.307764 
2.236068 
2.236068 
0.500000 
0.500000 
0.500000 
0.500000 
9.617692 
9.617692 
1.500000 
1.500000 
0.707107 
0.707107 
0.000000 
0.000000 
1.581139 
1.581139 
2.236068 
2.236068 
0.000000 
0.000000 
0.500000 
0.500000 
0.707107 
0.707107 
1.500000 
1.500000 
0.707107 
0.707107 
8.500000 
8.500000 
1.118034 
1.118034 
2.236068 
2.236068 
0.500000 
0.500000 
0.500000 
0.500000 
1.581139 
1.581139 
0.000000 
0.000000 
1.500000 
1.500000 
0.707107 
0.707107 
0.500000 
0.500000 
6.964194 
6.964194 
0.707107 
0.707107 
0.000000 
0.000000 
1.000000 
1.000000 
1.000000 
1.000000 
1.500000 
1.500000 
0.707107 
0.707107 
0.500000 
0.500000 
1.118034 
1.118034 
0.500000 
0.500000 
1.000000 
1.000000 
1.000000 
1.000000 
1.118034 
1.118034 
1.500000 
1.500000 
0.707107 
0.707107 
0.500000 
0.500000 
2.549510 
2.549510 
0.000000 
0.000000 
0.000000 
0.000000 
0.500000 
0.500000 
1.581139 
1.581139 
1.500000 
1.500000 
0.000000 
0.000000 
1.802776 
1.802776 
1.118034 
1.118034 
0.500000 
0.500000 
1.802776 
1.802776 
1.118034 
1.118034 
1.500000 
1.500000 
0.000000 
0.000000 
1.500000 
1.500000 
0.000000 
0.000000 
0.707107 
0.707107 
6.082763 
6.082763 
1.581139 
1.581139 
1.500000 
1.500000 
0.000000 
0.000000 
1.581139 
1.581139 
0.500000 
0.500000 
0.707107 
0.707107 
1.000000 
1.000000 
0.707107 
0.707107 
1.500000 
1.500000 
0.500000 
0.500000 
1.000000 
1.000000 
0.000000 
0.000000 
0.000000 
0.000000 
0.707107 
0.707107 
1.118034 
1.118034 
1.500000 
1.500000 
0.000000 
0.000000 
0.707107 
0.707107 
0.500000 
0.500000 
0.000000 
0.000000 
0.500000 
0.500000 
1.118034 
1.118034 
1.500000 
1.500000 
0.500000 
0.500000 
1.118034 
1.118034 
0.000000 
0.000000 
0.000000 
0.000000 
0.707107 
0.707107 
1.000000 
1.000000 
0.000000 
0.000000 
2.061553 
2.061553 
0.000000 
0.000000 
0.500000 
0.500000 
0.707107 
0.707107 
0.707107 
0.707107 
0.000000 
0.000000 
0.000000 
0.000000 
0.000000 
0.000000 
1.000000 
1.000000 
1.000000 
1.000000 
1.414214 
1.414214 
0.000000 
0.000000 
1.118034 
1.118034 
1.000000 
1.000000 
0.000000 
0.000000 
0.500000 
0.500000 
16.620770 
16.620770 
0.000000 
0.000000 
1.581139 
1.581139 
0.000000 
0.000000 
3.640055 
3.640055 
0.500000 
0.500000 
16.620770 
16.620770 
9.000000 
9.000000 
1.500000 
1.500000 
0.500000 
0.500000 
0.000000 
0.000000 
1.500000 
1.500000 
0.000000 
0.000000 
16.620770 
16.620770 
0.000000 
0.000000 
1.581139 
1.581139 
0.000000 
0.000000 
1.118034 
1.118034 
2.236068 
2.236068 
10.124228 
10.124228 
16.620770 
16.620770 
0.500000 
0.500000 
4.272002 
4.272002 
1.000000 
1.000000 
8.015610 
8.015610 
11.672618 
11.672618 
0.000000 
0.000000 
3.162278 
3.162278 
16.620770 
16.620770 
0.000000 
0.000000 
2.500000 
2.500000 
0.500000 
0.500000 
0.707107 
0.707107 
4.031129 
4.031129 
3.535534 
3.535534 
1.581139 
1.581139 
16.620770 
16.620770 
0.000000 
0.000000 
2.828427 
2.828427 
0.707107 
0.707107 
3.041381 
3.041381 
3.041381 
3.041381 
11.101802 
11.101802 
0.000000 
0.000000 
16.620770 
16.620770 
8.000000 
8.000000 
0.500000 
0.500000 
0.000000 
0.000000 
0.000000 
0.000000 
0.500000 
0.500000 
1.802776 
1.802776 
1.581139 
1.581139 
16.620770 
16.620770 
0.000000 
0.000000 
1.118034 
1.118034 
0.500000 
0.500000 
1.000000 
1.000000 
1.500000 
1.500000 
0.500000 
0.500000 
3.041381 
3.041381 
16.620770 
16.620770 
0.500000 
0.500000 
0.707107 
0.707107 
0.000000 
0.000000 
1.414214 
1.414214 
2.061553 
2.061553 
0.500000 
0.500000 
3.041381 
3.041381 
16.620770 
16.620770 
0.707107 
0.707107 
2.061553 
2.061553 
0.500000 
0.500000 
0.500000 
0.500000 
2.500000 
2.500000 
0.500000 
0.500000 
3.041381 
3.041381 
16.620770 
16.620770 
0.500000 
0.500000 
3.041381 
3.041381 
0.000000 
0.000000 
1.000000 
1.000000 
7.017834 
7.017834 
0.500000 
0.500000 
3.041381 
3.041381 
16.620770 
16.620770 
11.597414 
11.597414 
2.236068 
2.236068 
1.000000 
1.000000 
1.000000 
1.000000 
2.061553 
2.061553 
0.500000 
0.500000 
3.041381 
3.041381 
16.620770 
16.620770 
0.500000 
0.500000 
2.061553 
2.061553 
0.500000 
0.500000 
2.915476 
2.915476 
1.500000 
1.500000 
0.500000 
0.500000 
3.041381 
3.041381 
16.620770 
16.620770 
0.000000 
0.000000 
2.692582 
2.692582 
0.707107 
0.707107 
9.013878 
9.013878 
2.236068 
2.236068 
0.500000 
0.500000 
3.041381 
3.041381 
16.620770 
16.620770 
0.707107 
0.707107 
1.118034 
1.118034 
0.500000 
0.500000 
0.707107 
0.707107 
1.500000 
1.500000 
0.000000 
0.000000 
0.500000 
0.500000 
3.041381 
3.041381 
0.000000 
0.000000 
12.165525 
12.165525 
0.500000 
0.500000 
0.500000 
0.500000 
0.500000 
0.500000 
0.500000 
0.500000 
0.500000 
0.500000 
3.041381 
3.041381 
0.000000 
0.000000 
0.500000 
0.500000 
0.500000 
0.500000 
0.000000 
0.000000 
0.500000 
0.500000 
