0.000000 
0.000000 
0.000000 
0.000000 
0.000000 
0.000000 
0.000000 
0.000000 
6.324555 
6.324555 
1.802776 
1.802776 
0.000000 
0.000000 
0.000000 
0.000000 
7.500000 
7.500000 
1.802776 
1.802776 
0.000000 
0.000000 
0.000000 
0.000000 
2.549510 
2.549510 
15.890249 
15.890249 
3.000000 
3.000000 
0.000000 
0.000000 
3.535534 
3.535534 
14.713939 
14.713939 
0.500000 
0.500000 
0.000000 
0.000000 
1.118034 
1.118034 
12.500000 
12.500000 
1.118034 
1.118034 
0.000000 
0.000000 
1.802776 
1.802776 
2.000000 
2.000000 
0.500000 
0.500000 
2.692582 
2.692582 
2.061553 
2.061553 
2.000000 
2.000000 
0.000000 
0.000000 
0.000000 
0.000000 
0.707107 
0.707107 
1.000000 
1.000000 
2.061553 
2.061553 
2.000000 
2.000000 
1.802776 
1.802776 
1.118034 
1.118034 
0.000000 
0.000000 
1.581139 
1.581139 
3.535534 
3.535534 
2.000000 
2.000000 
0.707107 
0.707107 
0.500000 
0.500000 
0.000000 
0.000000 
0.000000 
0.000000 
0.707107 
0.707107 
2.000000 
2.000000 
2.549510 
2.549510 
0.707107 
0.707107 
0.000000 
0.000000 
0.707107 
0.707107 
15.297059 
15.297059 
2.000000 
2.000000 
2.000000 
2.000000 
0.500000 
0.500000 
1.118034 
1.118034 
1.000000 
1.000000 
3.640055 
3.640055 
2.000000 
2.000000 
0.000000 
0.000000 
2.000000 
2.000000 
0.707107 
0.707107 
1.118034 
1.118034 
1.500000 
1.500000 
5.590170 
5.590170 
2.000000 
2.000000 
4.000000 
4.000000 
2.000000 
2.000000 
0.707107 
0.707107 
1.118034 
1.118034 
0.500000 
0.500000 
2.236068 
2.236068 
2.000000 
2.000000 
0.000000 
0.000000 
4.000000 
4.000000 
2.000000 
2.000000 
0.707107 
0.707107 
1.118034 
1.118034 
1.802776 
1.802776 
2.121320 
2.121320 
2.000000 
2.000000 
1.000000 
1.000000 
4.000000 
4.000000 
2.000000 
2.000000 
0.707107 
0.707107 
1.118034 
1.118034 
2.061553 
2.061553 
2.061553 
2.061553 
15.000000 
15.000000 
2.061553 
2.061553 
4.000000 
4.000000 
2.000000 
2.000000 
0.707107 
0.707107 
1.118034 
1.118034 
1.802776 
1.802776 
1.118034 
1.118034 
15.000000 
15.000000 
1.581139 
1.581139 
4.000000 
4.000000 
2.000000 
2.000000 
0.707107 
0.707107 
1.118034 
1.118034 
1.118034 
1.118034 
1.118034 
1.118034 
15.000000 
15.000000 
5.700877 
5.700877 
4.000000 
4.000000 
2.000000 
2.000000 
0.707107 
0.707107 
1.500000 
1.500000 
18.343936 
18.343936 
4.609772 
4.609772 
15.000000 
15.000000 
5.700877 
5.700877 
4.000000 
4.000000 
2.000000 
2.000000 
0.707107 
0.707107 
0.500000 
0.500000 
8.860023 
8.860023 
4.000000 
4.000000 
15.000000 
15.000000 
5.700877 
5.700877 
4.000000 
4.000000 
2.000000 
2.000000 
0.707107 
0.707107 
1.118034 
1.118034 
1.118034 
1.118034 
11.853270 
11.853270 
15.000000 
15.000000 
5.700877 
5.700877 
4.000000 
4.000000 
2.000000 
2.000000 
0.707107 
0.707107 
0.000000 
0.000000 
0.500000 
0.500000 
0.500000 
0.500000 
15.000000 
15.000000 
5.700877 
5.700877 
4.000000 
4.000000 
2.000000 
2.000000 
0.707107 
0.707107 
0.500000 
0.500000 
0.500000 
0.500000 
0.500000 
0.500000 
15.000000 
15.000000 
5.700877 
5.700877 
4.000000 
4.000000 
2.000000 
2.000000 
0.707107 
0.707107 
0.707107 
0.707107 
0.000000 
0.000000 
0.000000 
0.000000 
15.000000 
15.000000 
5.700877 
5.700877 
4.000000 
4.000000 
2.000000 
2.000000 
0.707107 
0.707107 
0.707107 
0.707107 
1.118034 
1.118034 
1.500000 
1.500000 
15.000000 
15.000000 
15.305228 
15.305228 
4.000000 
4.000000 
2.000000 
2.000000 
0.707107 
0.707107 
0.707107 
0.707107 
0.500000 
0.500000 
9.055385 
9.055385 
15.000000 
15.000000 
1.581139 
1.581139 
4.000000 
4.000000 
0.707107 
0.707107 
1.000000 
1.000000 
14.008926 
14.008926 
3.000000 
3.000000 
15.000000 
15.000000 
0.000000 
0.000000 
0.707107 
0.707107 
4.000000 
4.000000 
0.000000 
0.000000 
13.009612 
13.009612 
7.433034 
7.433034 
15.000000 
15.000000 
2.061553 
2.061553 
1.414214 
1.414214 
0.500000 
0.500000 
13.009612 
13.009612 
3.905125 
3.905125 
15.000000 
15.000000 
2.061553 
2.061553 
0.000000 
0.000000 
0.500000 
0.500000 
13.009612 
13.009612 
1.802776 
1.802776 
15.000000 
15.000000 
2.061553 
2.061553 
6.964194 
6.964194 
0.000000 
0.000000 
13.009612 
13.009612 
3.162278 
3.162278 
15.206906 
15.206906 
6.041523 
6.041523 
0.500000 
0.500000 
18.506756 
18.506756 
1.118034 
1.118034 
2.692582 
2.692582 
1.000000 
1.000000 
1.000000 
1.000000 
1.414214 
1.414214 
4.924429 
4.924429 
2.000000 
2.000000 
5.700877 
5.700877 
1.581139 
1.581139 
0.707107 
0.707107 
4.609772 
4.609772 
2.500000 
2.500000 
2.236068 
2.236068 
1.414214 
1.414214 
1.118034 
1.118034 
4.472136 
4.472136 
0.000000 
0.000000 
1.500000 
1.500000 
1.414214 
1.414214 
0.500000 
0.500000 
9.055385 
9.055385 
1.414214 
1.414214 
8.514693 
8.514693 
7.000000 
7.000000 
1.000000 
1.000000 
2.000000 
2.000000 
1.118034 
1.118034 
1.118034 
1.118034 
1.118034 
1.118034 
1.118034 
1.118034 
2.061553 
2.061553 
7.566373 
7.566373 
1.500000 
1.500000 
1.118034 
1.118034 
13.038405 
13.038405 
2.500000 
2.500000 
0.000000 
0.000000 
0.000000 
0.000000 
0.000000 
0.000000 
12.539936 
12.539936 
0.000000 
0.000000 
0.707107 
0.707107 
1.414214 
1.414214 
5.024938 
5.024938 
0.707107 
0.707107 
1.118034 
1.118034 
0.500000 
0.500000 
2.236068 
2.236068 
1.000000 
1.000000 
0.000000 
0.000000 
1.000000 
1.000000 
1.000000 
1.000000 
1.802776 
1.802776 
1.000000 
1.000000 
13.536986 
13.536986 
0.707107 
0.707107 
0.000000 
0.000000 
0.500000 
0.500000 
0.000000 
0.000000 
0.000000 
0.000000 
0.500000 
0.500000 
0.000000 
0.000000 
0.500000 
0.500000 
0.000000 
0.000000 
13.086252 
13.086252 
2.121320 
2.121320 
0.000000 
0.000000 
0.500000 
0.500000 
5.000000 
5.000000 
0.000000 
0.000000 
0.500000 
0.500000 
3.201562 
3.201562 
1.118034 
1.118034 
1.581139 
1.581139 
2.692582 
2.692582 
0.000000 
0.000000 
0.500000 
0.500000 
4.123106 
4.123106 
0.500000 
0.500000 
0.500000 
0.500000 
7.566373 
7.566373 
0.000000 
0.000000 
0.000000 
0.000000 
2.061553 
2.061553 
