0.000000 
0.000000 
0.000000 
0.000000 
0.000000 
0.000000 
0.000000 
0.000000 
0.707107 
0.707107 
1.581139 
1.581139 
0.707107 
0.707107 
6.103278 
6.103278 
0.000000 
0.000000 
4.527693 
4.527693 
0.500000 
0.500000 
2.236068 
2.236068 
1.118034 
1.118034 
2.061553 
2.061553 
6.324555 
6.324555 
3.162278 
3.162278 
0.000000 
0.000000 
0.500000 
0.500000 
2.000000 
2.000000 
0.500000 
0.500000 
1.414214 
1.414214 
1.581139 
1.581139 
0.000000 
0.000000 
3.535534 
3.535534 
0.500000 
0.500000 
7.071068 
7.071068 
0.500000 
0.500000 
0.000000 
0.000000 
2.549510 
2.549510 
0.500000 
0.500000 
1.118034 
1.118034 
2.549510 
2.549510 
0.707107 
0.707107 
3.000000 
3.000000 
0.707107 
0.707107 
1.802776 
1.802776 
2.549510 
2.549510 
0.707107 
0.707107 
0.707107 
0.707107 
0.500000 
0.500000 
0.500000 
0.500000 
2.236068 
2.236068 
0.707107 
0.707107 
5.700877 
5.700877 
9.552487 
9.552487 
2.000000 
2.000000 
0.500000 
0.500000 
13.038405 
13.038405 
0.500000 
0.500000 
0.707107 
0.707107 
1.000000 
1.000000 
0.500000 
0.500000 
2.061553 
2.061553 
2.121320 
2.121320 
1.118034 
1.118034 
2.000000 
2.000000 
0.000000 
0.000000 
0.707107 
0.707107 
1.414214 
1.414214 
0.500000 
0.500000 
0.707107 
0.707107 
0.707107 
0.707107 
1.581139 
1.581139 
3.640055 
3.640055 
1.118034 
1.118034 
1.802776 
1.802776 
0.500000 
0.500000 
0.707107 
0.707107 
2.500000 
2.500000 
1.118034 
1.118034 
1.802776 
1.802776 
0.500000 
0.500000 
1.118034 
1.118034 
4.031129 
4.031129 
0.707107 
0.707107 
6.708204 
6.708204 
0.500000 
0.500000 
1.118034 
1.118034 
8.015610 
8.015610 
0.500000 
0.500000 
2.500000 
2.500000 
5.147815 
5.147815 
0.500000 
0.500000 
5.408327 
5.408327 
1.118034 
1.118034 
4.924429 
4.924429 
0.500000 
0.500000 
0.000000 
0.000000 
2.549510 
2.549510 
0.707107 
0.707107 
5.590170 
5.590170 
1.118034 
1.118034 
0.707107 
0.707107 
4.500000 
4.500000 
2.061553 
2.061553 
7.516648 
7.516648 
0.000000 
0.000000 
0.500000 
0.500000 
1.118034 
1.118034 
1.118034 
1.118034 
1.000000 
1.000000 
1.118034 
1.118034 
0.707107 
0.707107 
5.099020 
5.099020 
6.184658 
6.184658 
2.500000 
2.500000 
0.500000 
0.500000 
0.000000 
0.000000 
0.707107 
0.707107 
0.707107 
0.707107 
0.500000 
0.500000 
0.500000 
0.500000 
5.500000 
5.500000 
1.500000 
1.500000 
2.500000 
2.500000 
2.000000 
2.000000 
0.707107 
0.707107 
0.500000 
0.500000 
0.707107 
0.707107 
2.061553 
2.061553 
0.500000 
0.500000 
0.707107 
0.707107 
6.184658 
6.184658 
2.692582 
2.692582 
2.500000 
2.500000 
1.802776 
1.802776 
0.500000 
0.500000 
0.000000 
0.000000 
2.236068 
2.236068 
0.707107 
0.707107 
1.414214 
1.414214 
0.500000 
0.500000 
0.000000 
0.000000 
4.609772 
4.609772 
2.236068 
2.236068 
1.118034 
1.118034 
0.000000 
0.000000 
0.707107 
0.707107 
2.061553 
2.061553 
1.000000 
1.000000 
1.118034 
1.118034 
1.118034 
1.118034 
1.000000 
1.000000 
8.062258 
8.062258 
1.414214 
1.414214 
1.581139 
1.581139 
0.500000 
0.500000 
0.500000 
0.500000 
2.828427 
2.828427 
1.118034 
1.118034 
0.707107 
0.707107 
1.414214 
1.414214 
7.648529 
7.648529 
7.500000 
7.500000 
5.590170 
5.590170 
2.500000 
2.500000 
0.500000 
0.500000 
1.118034 
1.118034 
4.272002 
4.272002 
0.000000 
0.000000 
1.802776 
1.802776 
1.000000 
1.000000 
2.692582 
2.692582 
8.860023 
8.860023 
4.000000 
4.000000 
1.118034 
1.118034 
0.500000 
0.500000 
1.118034 
1.118034 
1.118034 
1.118034 
0.707107 
0.707107 
1.500000 
1.500000 
0.500000 
0.500000 
1.581139 
1.581139 
3.640055 
3.640055 
2.236068 
2.236068 
0.500000 
0.500000 
0.707107 
0.707107 
0.500000 
0.500000 
2.061553 
2.061553 
1.414214 
1.414214 
0.000000 
0.000000 
0.500000 
0.500000 
0.000000 
0.000000 
3.162278 
3.162278 
3.201562 
3.201562 
0.000000 
0.000000 
0.500000 
0.500000 
0.500000 
0.500000 
0.500000 
0.500000 
1.414214 
1.414214 
0.500000 
0.500000 
0.000000 
0.000000 
0.500000 
0.500000 
1.581139 
1.581139 
1.802776 
1.802776 
2.915476 
2.915476 
0.500000 
0.500000 
1.000000 
1.000000 
0.500000 
0.500000 
1.118034 
1.118034 
13.086252 
13.086252 
1.000000 
1.000000 
0.000000 
0.000000 
6.264982 
6.264982 
0.500000 
0.500000 
1.000000 
1.000000 
7.826238 
7.826238 
2.121320 
2.121320 
0.000000 
0.000000 
0.500000 
0.500000 
0.500000 
0.500000 
7.566373 
7.566373 
1.414214 
1.414214 
1.118034 
1.118034 
0.000000 
0.000000 
0.500000 
0.500000 
0.500000 
0.500000 
1.414214 
1.414214 
2.549510 
2.549510 
1.581139 
1.581139 
0.000000 
0.000000 
0.500000 
0.500000 
22.522211 
22.522211 
0.500000 
0.500000 
2.549510 
2.549510 
0.500000 
0.500000 
0.000000 
0.000000 
5.000000 
5.000000 
3.354102 
3.354102 
1.118034 
1.118034 
2.549510 
2.549510 
1.802776 
1.802776 
0.000000 
0.000000 
0.000000 
0.000000 
2.061553 
2.061553 
0.000000 
0.000000 
2.549510 
2.549510 
0.707107 
0.707107 
0.000000 
0.000000 
0.000000 
0.000000 
0.000000 
0.000000 
2.236068 
2.236068 
1.000000 
1.000000 
2.549510 
2.549510 
0.500000 
0.500000 
0.000000 
0.000000 
0.707107 
0.707107 
0.500000 
0.500000 
0.000000 
0.000000 
1.118034 
1.118034 
2.549510 
2.549510 
3.000000 
3.000000 
0.000000 
0.000000 
