0.000000 
0.000000 
5.000000 
5.000000 
4.609772 
4.609772 
3.041381 
3.041381 
7.158911 
7.158911 
5.656854 
5.656854 
5.024938 
5.024938 
5.700877 
5.700877 
2.915476 
2.915476 
13.038405 
13.038405 
2.915476 
2.915476 
2.500000 
2.500000 
1.500000 
1.500000 
1.581139 
1.581139 
0.500000 
0.500000 
1.500000 
1.500000 
2.500000 
2.500000 
2.915476 
2.915476 
11.101802 
11.101802 
5.024938 
5.024938 
6.726812 
6.726812 
7.000000 
7.000000 
3.354102 
3.354102 
9.552487 
9.552487 
3.201562 
3.201562 
4.472136 
4.472136 
5.024938 
5.024938 
5.099020 
5.099020 
2.692582 
2.692582 
6.184658 
6.184658 
3.201562 
3.201562 
5.700877 
5.700877 
5.700877 
5.700877 
5.500000 
5.500000 
4.924429 
4.924429 
11.597414 
11.597414 
4.609772 
4.609772 
4.500000 
4.500000 
2.061553 
2.061553 
1.500000 
1.500000 
0.707107 
0.707107 
1.118034 
1.118034 
0.000000 
0.000000 
10.049876 
10.049876 
1.000000 
1.000000 
4.123106 
4.123106 
6.403124 
6.403124 
