0.000000 
0.000000 
0.000000 
0.000000 
0.000000 
0.000000 
7.566373 
7.566373 
5.000000 
5.000000 
5.024938 
5.024938 
7.500000 
7.500000 
0.000000 
0.000000 
1.581139 
1.581139 
1.000000 
1.000000 
1.118034 
1.118034 
0.500000 
0.500000 
1.118034 
1.118034 
1.500000 
1.500000 
2.549510 
2.549510 
0.707107 
0.707107 
1.500000 
1.500000 
0.500000 
0.500000 
6.020797 
6.020797 
0.000000 
0.000000 
0.000000 
0.000000 
1.000000 
1.000000 
1.000000 
1.000000 
0.500000 
0.500000 
1.500000 
1.500000 
1.500000 
1.500000 
1.000000 
1.000000 
0.000000 
0.000000 
0.000000 
0.000000 
0.500000 
0.500000 
0.500000 
0.500000 
0.000000 
0.000000 
0.000000 
0.000000 
0.000000 
0.000000 
0.000000 
0.000000 
0.500000 
0.500000 
0.707107 
0.707107 
0.707107 
0.707107 
0.500000 
0.500000 
0.000000 
0.000000 
0.500000 
0.500000 
0.000000 
0.000000 
1.000000 
1.000000 
0.000000 
0.000000 
1.118034 
1.118034 
0.000000 
0.000000 
0.500000 
0.500000 
0.000000 
0.000000 
0.000000 
0.000000 
