0.000000 
0.000000 
2.549510 
2.549510 
1.500000 
1.500000 
10.500000 
10.500000 
1.500000 
1.500000 
3.535534 
3.535534 
1.802776 
1.802776 
6.082763 
6.082763 
2.549510 
2.549510 
3.640055 
3.640055 
6.576473 
6.576473 
2.549510 
2.549510 
4.031129 
4.031129 
3.535534 
3.535534 
4.000000 
4.000000 
2.500000 
2.500000 
3.000000 
3.000000 
1.000000 
1.000000 
8.514693 
8.514693 
1.581139 
1.581139 
2.549510 
2.549510 
2.549510 
2.549510 
2.236068 
2.236068 
2.000000 
2.000000 
1.118034 
1.118034 
1.500000 
1.500000 
0.500000 
0.500000 
1.000000 
1.000000 
1.581139 
1.581139 
12.010412 
12.010412 
1.118034 
1.118034 
2.061553 
2.061553 
2.061553 
2.061553 
4.527693 
4.527693 
4.031129 
4.031129 
15.000000 
15.000000 
1.581139 
1.581139 
3.500000 
3.500000 
3.000000 
3.000000 
4.527693 
4.527693 
3.000000 
3.000000 
2.549510 
2.549510 
9.013878 
9.013878 
2.692582 
2.692582 
2.500000 
2.500000 
2.061553 
2.061553 
2.236068 
2.236068 
