0.000000 
0.000000 
0.500000 
0.500000 
0.500000 
0.500000 
0.707107 
0.707107 
0.000000 
0.000000 
0.000000 
0.000000 
0.500000 
0.500000 
2.061553 
2.061553 
0.000000 
0.000000 
0.707107 
0.707107 
1.118034 
1.118034 
2.692582 
2.692582 
1.500000 
1.500000 
1.802776 
1.802776 
0.707107 
0.707107 
1.802776 
1.802776 
2.500000 
2.500000 
1.414214 
1.414214 
7.516648 
7.516648 
1.414214 
1.414214 
1.581139 
1.581139 
0.707107 
0.707107 
0.500000 
0.500000 
1.118034 
1.118034 
0.500000 
0.500000 
1.414214 
1.414214 
1.000000 
1.000000 
1.414214 
1.414214 
0.707107 
0.707107 
0.500000 
0.500000 
0.000000 
0.000000 
0.707107 
0.707107 
0.000000 
0.000000 
0.500000 
0.500000 
0.500000 
0.500000 
1.118034 
1.118034 
0.500000 
0.500000 
1.118034 
1.118034 
0.707107 
0.707107 
2.121320 
2.121320 
2.061553 
2.061553 
0.000000 
0.000000 
1.581139 
1.581139 
1.118034 
1.118034 
1.000000 
1.000000 
1.118034 
1.118034 
7.017834 
7.017834 
