0.000000 
0.000000 
0.000000 
0.000000 
0.000000 
0.000000 
0.000000 
0.000000 
0.000000 
0.000000 
0.000000 
0.000000 
0.000000 
0.000000 
0.000000 
0.000000 
0.000000 
0.000000 
0.000000 
0.000000 
0.000000 
0.000000 
0.000000 
0.000000 
5.408327 
5.408327 
0.000000 
0.000000 
0.000000 
0.000000 
23.086793 
23.086793 
0.000000 
0.000000 
0.000000 
0.000000 
4.609772 
4.609772 
0.000000 
0.000000 
0.000000 
0.000000 
4.949747 
4.949747 
0.000000 
0.000000 
0.000000 
0.000000 
4.242641 
4.242641 
0.000000 
0.000000 
0.000000 
0.000000 
0.000000 
0.000000 
3.605551 
3.605551 
0.000000 
0.000000 
0.000000 
0.000000 
0.500000 
0.500000 
2.121320 
2.121320 
0.000000 
0.000000 
0.000000 
0.000000 
0.000000 
0.000000 
2.061553 
2.061553 
0.000000 
0.000000 
2.000000 
2.000000 
1.118034 
1.118034 
0.000000 
0.000000 
2.000000 
2.000000 
15.532225 
15.532225 
0.000000 
0.000000 
2.000000 
2.000000 
2.915476 
2.915476 
0.000000 
0.000000 
2.000000 
2.000000 
0.707107 
0.707107 
0.000000 
0.000000 
2.000000 
2.000000 
3.162278 
3.162278 
2.000000 
2.000000 
1.581139 
1.581139 
2.000000 
2.000000 
1.118034 
1.118034 
2.000000 
2.000000 
0.500000 
0.500000 
2.000000 
2.000000 
14.317821 
14.317821 
2.000000 
2.000000 
1.500000 
1.500000 
2.000000 
2.000000 
1.000000 
1.000000 
2.000000 
2.000000 
0.707107 
0.707107 
2.000000 
2.000000 
1.581139 
1.581139 
2.000000 
2.000000 
1.802776 
1.802776 
2.000000 
2.000000 
2.061553 
2.061553 
2.000000 
2.000000 
1.118034 
1.118034 
2.000000 
2.000000 
2.236068 
2.236068 
5.000000 
5.000000 
0.500000 
0.500000 
1.118034 
1.118034 
1.118034 
1.118034 
1.802776 
1.802776 
1.802776 
1.802776 
1.118034 
1.118034 
5.024938 
5.024938 
0.000000 
0.000000 
0.707107 
0.707107 
0.707107 
0.707107 
