0.000000 
0.000000 
0.000000 
0.000000 
0.500000 
0.500000 
1.118034 
1.118034 
0.500000 
0.500000 
0.000000 
0.000000 
0.000000 
0.000000 
0.000000 
0.000000 
0.500000 
0.500000 
0.500000 
0.500000 
0.500000 
0.500000 
0.707107 
0.707107 
1.000000 
1.000000 
0.707107 
0.707107 
0.500000 
0.500000 
0.500000 
0.500000 
0.000000 
0.000000 
0.000000 
0.000000 
2.236068 
2.236068 
5.099020 
5.099020 
2.549510 
2.549510 
1.118034 
1.118034 
1.500000 
1.500000 
3.807887 
3.807887 
0.000000 
0.000000 
0.000000 
0.000000 
0.000000 
0.000000 
0.000000 
0.000000 
1.581139 
1.581139 
0.500000 
0.500000 
1.118034 
1.118034 
0.500000 
0.500000 
3.640055 
3.640055 
0.500000 
0.500000 
0.500000 
0.500000 
0.000000 
0.000000 
0.707107 
0.707107 
1.118034 
1.118034 
0.707107 
0.707107 
0.500000 
0.500000 
1.118034 
1.118034 
1.000000 
1.000000 
0.000000 
0.000000 
0.000000 
0.000000 
1.118034 
1.118034 
3.000000 
3.000000 
0.707107 
0.707107 
2.500000 
2.500000 
0.000000 
0.000000 
3.041381 
3.041381 
0.000000 
0.000000 
0.500000 
0.500000 
0.000000 
0.000000 
0.500000 
0.500000 
2.236068 
2.236068 
3.041381 
3.041381 
2.500000 
2.500000 
0.707107 
0.707107 
1.581139 
1.581139 
1.118034 
1.118034 
1.802776 
1.802776 
0.707107 
0.707107 
1.802776 
1.802776 
1.118034 
1.118034 
1.802776 
1.802776 
0.500000 
0.500000 
0.500000 
0.500000 
0.000000 
0.000000 
1.000000 
1.000000 
1.000000 
1.000000 
4.527693 
4.527693 
0.707107 
0.707107 
0.500000 
0.500000 
1.000000 
1.000000 
0.000000 
0.000000 
0.000000 
0.000000 
0.000000 
0.000000 
0.000000 
0.000000 
0.000000 
0.000000 
0.500000 
0.500000 
0.500000 
0.500000 
2.061553 
2.061553 
1.118034 
1.118034 
2.061553 
2.061553 
0.707107 
0.707107 
2.061553 
2.061553 
1.118034 
1.118034 
0.500000 
0.500000 
3.041381 
3.041381 
1.581139 
1.581139 
2.549510 
2.549510 
1.000000 
1.000000 
3.500000 
3.500000 
5.099020 
5.099020 
0.000000 
0.000000 
0.000000 
0.000000 
0.000000 
0.000000 
0.000000 
0.000000 
