0.000000 
0.000000 
8.000000 
8.000000 
2.692582 
2.692582 
3.535534 
3.535534 
4.527693 
4.527693 
2.061553 
2.061553 
2.500000 
2.500000 
2.061553 
2.061553 
2.061553 
2.061553 
11.800424 
11.800424 
1.500000 
1.500000 
3.500000 
3.500000 
6.946222 
6.946222 
5.024938 
5.024938 
2.549510 
2.549510 
7.158911 
7.158911 
0.707107 
0.707107 
7.516648 
7.516648 
1.118034 
1.118034 
1.500000 
1.500000 
0.500000 
0.500000 
1.581139 
1.581139 
2.000000 
2.000000 
3.500000 
3.500000 
2.549510 
2.549510 
3.535534 
3.535534 
2.500000 
2.500000 
12.041595 
12.041595 
3.041381 
3.041381 
6.500000 
6.500000 
5.024938 
5.024938 
9.513149 
9.513149 
2.000000 
2.000000 
6.020797 
6.020797 
3.500000 
3.500000 
7.106335 
7.106335 
2.549510 
2.549510 
3.000000 
3.000000 
1.500000 
1.500000 
9.513149 
9.513149 
2.549510 
2.549510 
4.527693 
4.527693 
3.000000 
3.000000 
3.041381 
3.041381 
1.000000 
1.000000 
2.000000 
2.000000 
0.500000 
0.500000 
