0.000000 
0.000000 
1.000000 
1.000000 
8.015610 
8.015610 
0.707107 
0.707107 
1.000000 
1.000000 
1.118034 
1.118034 
1.581139 
1.581139 
1.581139 
1.581139 
1.500000 
1.500000 
2.000000 
2.000000 
1.118034 
1.118034 
1.118034 
1.118034 
0.707107 
0.707107 
0.000000 
0.000000 
0.500000 
0.500000 
0.707107 
0.707107 
0.707107 
0.707107 
1.000000 
1.000000 
1.500000 
1.500000 
0.500000 
0.500000 
0.707107 
0.707107 
1.000000 
1.000000 
0.500000 
0.500000 
1.581139 
1.581139 
0.500000 
0.500000 
0.707107 
0.707107 
0.707107 
0.707107 
0.500000 
0.500000 
0.500000 
0.500000 
1.000000 
1.000000 
1.000000 
1.000000 
2.000000 
2.000000 
1.581139 
1.581139 
2.000000 
2.000000 
2.121320 
2.121320 
1.414214 
1.414214 
2.000000 
2.000000 
0.707107 
0.707107 
8.015610 
8.015610 
1.000000 
1.000000 
0.707107 
0.707107 
0.500000 
0.500000 
1.118034 
1.118034 
0.500000 
0.500000 
0.500000 
0.500000 
0.707107 
0.707107 
0.000000 
0.000000 
