0.000000 
0.000000 
1.581139 
1.581139 
0.500000 
0.500000 
0.707107 
0.707107 
0.500000 
0.500000 
1.000000 
1.000000 
0.500000 
0.500000 
1.500000 
1.500000 
1.118034 
1.118034 
8.514693 
8.514693 
1.000000 
1.000000 
1.118034 
1.118034 
1.581139 
1.581139 
1.802776 
1.802776 
1.500000 
1.500000 
1.500000 
1.500000 
1.118034 
1.118034 
1.500000 
1.500000 
0.707107 
0.707107 
0.500000 
0.500000 
0.500000 
0.500000 
0.500000 
0.500000 
1.000000 
1.000000 
0.000000 
0.000000 
0.000000 
0.000000 
0.500000 
0.500000 
0.500000 
0.500000 
0.707107 
0.707107 
1.500000 
1.500000 
1.500000 
1.500000 
1.000000 
1.000000 
0.500000 
0.500000 
0.707107 
0.707107 
1.500000 
1.500000 
1.118034 
1.118034 
1.000000 
1.000000 
1.118034 
1.118034 
1.118034 
1.118034 
0.707107 
0.707107 
7.017834 
7.017834 
1.118034 
1.118034 
1.414214 
1.414214 
0.500000 
0.500000 
0.707107 
0.707107 
0.707107 
0.707107 
1.581139 
1.581139 
1.000000 
1.000000 
