0.000000 
0.000000 
3.041381 
3.041381 
2.236068 
2.236068 
8.000000 
8.000000 
3.535534 
3.535534 
6.020797 
6.020797 
5.522681 
5.522681 
4.609772 
4.609772 
13.000000 
13.000000 
6.800735 
6.800735 
5.590170 
5.590170 
4.924429 
4.924429 
1.802776 
1.802776 
12.500000 
12.500000 
3.041381 
3.041381 
3.162278 
3.162278 
0.000000 
0.000000 
1.000000 
1.000000 
1.118034 
1.118034 
2.000000 
2.000000 
1.118034 
1.118034 
1.118034 
1.118034 
3.354102 
3.354102 
14.142136 
14.142136 
2.692582 
2.692582 
6.184658 
6.184658 
4.924429 
4.924429 
8.139410 
8.139410 
8.514693 
8.514693 
3.500000 
3.500000 
3.640055 
3.640055 
3.640055 
3.640055 
3.500000 
3.500000 
3.535534 
3.535534 
2.000000 
2.000000 
11.101802 
11.101802 
4.609772 
4.609772 
6.670832 
6.670832 
6.264982 
6.264982 
15.074813 
15.074813 
5.700877 
5.700877 
6.324555 
6.324555 
3.535534 
3.535534 
10.111874 
10.111874 
2.500000 
2.500000 
1.581139 
1.581139 
0.500000 
0.500000 
