0.000000 
0.000000 
0.000000 
0.000000 
1.000000 
1.000000 
0.000000 
0.000000 
0.500000 
0.500000 
0.707107 
0.707107 
0.500000 
0.500000 
0.707107 
0.707107 
0.500000 
0.500000 
1.118034 
1.118034 
2.549510 
2.549510 
2.500000 
2.500000 
2.236068 
2.236068 
1.118034 
1.118034 
1.118034 
1.118034 
1.414214 
1.414214 
1.414214 
1.414214 
6.082763 
6.082763 
0.707107 
0.707107 
1.118034 
1.118034 
1.414214 
1.414214 
2.121320 
2.121320 
2.061553 
2.061553 
2.000000 
2.000000 
2.000000 
2.000000 
2.000000 
2.000000 
1.000000 
1.000000 
2.061553 
2.061553 
0.707107 
0.707107 
1.118034 
1.118034 
0.500000 
0.500000 
0.707107 
0.707107 
8.860023 
8.860023 
1.118034 
1.118034 
1.118034 
1.118034 
0.707107 
0.707107 
0.500000 
0.500000 
0.707107 
0.707107 
0.707107 
0.707107 
0.707107 
0.707107 
8.381527 
8.381527 
0.707107 
0.707107 
0.500000 
0.500000 
9.924717 
9.924717 
0.500000 
0.500000 
0.707107 
0.707107 
0.707107 
0.707107 
