0.000000 
0.000000 
1.118034 
1.118034 
2.061553 
2.061553 
1.000000 
1.000000 
0.707107 
0.707107 
0.707107 
0.707107 
0.000000 
0.000000 
1.581139 
1.581139 
1.118034 
1.118034 
1.802776 
1.802776 
0.707107 
0.707107 
4.031129 
4.031129 
1.118034 
1.118034 
1.000000 
1.000000 
1.414214 
1.414214 
9.617692 
9.617692 
3.500000 
3.500000 
1.000000 
1.000000 
0.500000 
0.500000 
0.707107 
0.707107 
0.500000 
0.500000 
0.000000 
0.000000 
1.500000 
1.500000 
0.707107 
0.707107 
2.061553 
2.061553 
0.707107 
0.707107 
1.414214 
1.414214 
0.500000 
0.500000 
0.707107 
0.707107 
1.500000 
1.500000 
0.500000 
0.500000 
1.581139 
1.581139 
1.000000 
1.000000 
1.000000 
1.000000 
1.000000 
1.000000 
0.000000 
0.000000 
1.000000 
1.000000 
1.802776 
1.802776 
2.692582 
2.692582 
2.692582 
2.692582 
1.000000 
1.000000 
1.414214 
1.414214 
0.500000 
0.500000 
1.118034 
1.118034 
0.500000 
0.500000 
0.000000 
0.000000 
2.692582 
2.692582 
