0.000000 
0.000000 
7.382412 
7.382412 
3.041381 
3.041381 
3.640055 
3.640055 
2.549510 
2.549510 
8.631338 
8.631338 
2.061553 
2.061553 
3.041381 
3.041381 
3.535534 
3.535534 
4.527693 
4.527693 
4.609772 
4.609772 
7.382412 
7.382412 
8.485281 
8.485281 
8.544004 
8.544004 
2.692582 
2.692582 
4.472136 
4.472136 
3.354102 
3.354102 
3.807887 
3.807887 
3.807887 
3.807887 
3.354102 
3.354102 
7.433034 
7.433034 
3.201562 
3.201562 
2.692582 
2.692582 
4.527693 
4.527693 
7.382412 
7.382412 
4.716991 
4.716991 
3.201562 
3.201562 
8.139410 
8.139410 
2.061553 
2.061553 
3.162278 
3.162278 
3.000000 
3.000000 
3.640055 
3.640055 
4.123106 
4.123106 
3.041381 
3.041381 
10.049876 
10.049876 
3.162278 
3.162278 
3.535534 
3.535534 
8.902247 
8.902247 
3.041381 
3.041381 
2.692582 
2.692582 
11.067972 
11.067972 
1.581139 
1.581139 
3.041381 
3.041381 
4.242641 
4.242641 
4.301163 
4.301163 
3.905125 
3.905125 
3.640055 
3.640055 
