0.000000 
0.000000 
9.219544 
9.219544 
0.707107 
0.707107 
10.062306 
10.062306 
9.394147 
9.394147 
6.708204 
6.708204 
0.500000 
0.500000 
2.000000 
2.000000 
13.500000 
13.500000 
0.707107 
0.707107 
0.000000 
0.000000 
2.121320 
2.121320 
4.031129 
4.031129 
3.640055 
3.640055 
2.121320 
2.121320 
2.000000 
2.000000 
3.640055 
3.640055 
2.549510 
2.549510 
2.000000 
2.000000 
0.707107 
0.707107 
5.590170 
5.590170 
3.201562 
3.201562 
3.354102 
3.354102 
2.000000 
2.000000 
3.500000 
3.500000 
9.340771 
9.340771 
9.848858 
9.848858 
8.139410 
8.139410 
3.807887 
3.807887 
27.166155 
27.166155 
11.672618 
11.672618 
12.093387 
12.093387 
1.118034 
1.118034 
0.707107 
0.707107 
3.000000 
3.000000 
6.519202 
6.519202 
17.507141 
17.507141 
22.005681 
22.005681 
5.099020 
5.099020 
5.500000 
5.500000 
3.535534 
3.535534 
7.000000 
7.000000 
7.158911 
7.158911 
9.486833 
9.486833 
1.581139 
1.581139 
1.118034 
1.118034 
2.549510 
2.549510 
