0.000000 
0.000000 
0.707107 
0.707107 
15.532225 
15.532225 
0.500000 
0.500000 
0.500000 
0.500000 
0.500000 
0.500000 
8.246211 
8.246211 
0.000000 
0.000000 
1.000000 
1.000000 
0.500000 
0.500000 
1.000000 
1.000000 
1.000000 
1.000000 
0.000000 
0.000000 
1.000000 
1.000000 
0.000000 
0.000000 
1.118034 
1.118034 
0.500000 
0.500000 
0.500000 
0.500000 
0.500000 
0.500000 
0.707107 
0.707107 
0.500000 
0.500000 
0.500000 
0.500000 
0.500000 
0.500000 
0.500000 
0.500000 
0.500000 
0.500000 
0.707107 
0.707107 
0.500000 
0.500000 
1.000000 
1.000000 
0.500000 
0.500000 
1.000000 
1.000000 
0.500000 
0.500000 
0.000000 
0.000000 
0.500000 
0.500000 
0.500000 
0.500000 
15.116216 
15.116216 
16.194135 
16.194135 
0.707107 
0.707107 
0.000000 
0.000000 
1.118034 
1.118034 
8.514693 
8.514693 
1.118034 
1.118034 
8.062258 
8.062258 
1.802776 
1.802776 
0.000000 
0.000000 
1.500000 
1.500000 
0.000000 
0.000000 
0.500000 
0.500000 
8.139410 
8.139410 
0.500000 
0.500000 
1.000000 
1.000000 
0.500000 
0.500000 
0.707107 
0.707107 
0.707107 
0.707107 
1.000000 
1.000000 
0.500000 
0.500000 
1.118034 
1.118034 
7.280110 
7.280110 
1.581139 
1.581139 
0.000000 
0.000000 
2.000000 
2.000000 
11.045361 
11.045361 
2.000000 
2.000000 
2.061553 
2.061553 
2.061553 
2.061553 
1.118034 
1.118034 
7.500000 
7.500000 
1.802776 
1.802776 
2.236068 
2.236068 
15.041609 
15.041609 
2.061553 
2.061553 
4.527693 
4.527693 
1.500000 
1.500000 
5.024938 
5.024938 
1.581139 
1.581139 
5.099020 
5.099020 
1.500000 
1.500000 
2.915476 
2.915476 
1.802776 
1.802776 
1.000000 
1.000000 
1.000000 
1.000000 
2.500000 
2.500000 
7.158911 
7.158911 
6.403124 
6.403124 
1.500000 
1.500000 
10.594810 
10.594810 
1.118034 
1.118034 
