0.000000 
0.000000 
2.000000 
2.000000 
3.535534 
3.535534 
2.000000 
2.000000 
1.000000 
1.000000 
1.118034 
1.118034 
2.915476 
2.915476 
2.236068 
2.236068 
2.549510 
2.549510 
2.061553 
2.061553 
4.527693 
4.527693 
4.242641 
4.242641 
2.000000 
2.000000 
1.581139 
1.581139 
2.121320 
2.121320 
1.581139 
1.581139 
0.500000 
0.500000 
10.511898 
10.511898 
1.000000 
1.000000 
1.118034 
1.118034 
1.118034 
1.118034 
0.500000 
0.500000 
0.000000 
0.000000 
0.707107 
0.707107 
2.236068 
2.236068 
1.118034 
1.118034 
0.500000 
0.500000 
11.101802 
11.101802 
0.500000 
0.500000 
1.000000 
1.000000 
0.500000 
0.500000 
0.000000 
0.000000 
1.118034 
1.118034 
1.000000 
1.000000 
1.414214 
1.414214 
0.707107 
0.707107 
1.000000 
1.000000 
1.000000 
1.000000 
1.581139 
1.581139 
1.118034 
1.118034 
1.581139 
1.581139 
1.500000 
1.500000 
1.118034 
1.118034 
1.802776 
1.802776 
3.201562 
3.201562 
3.162278 
3.162278 
2.236068 
2.236068 
