0.000000 
0.000000 
1.000000 
1.000000 
1.581139 
1.581139 
1.000000 
1.000000 
1.500000 
1.500000 
2.000000 
2.000000 
7.071068 
7.071068 
2.549510 
2.549510 
3.041381 
3.041381 
3.041381 
3.041381 
3.000000 
3.000000 
10.000000 
10.000000 
5.852350 
5.852350 
3.000000 
3.000000 
2.549510 
2.549510 
2.061553 
2.061553 
1.414214 
1.414214 
6.500000 
6.500000 
3.535534 
3.535534 
2.549510 
2.549510 
8.015610 
8.015610 
3.201562 
3.201562 
2.828427 
2.828427 
9.513149 
9.513149 
2.692582 
2.692582 
3.354102 
3.354102 
2.061553 
2.061553 
1.802776 
1.802776 
1.118034 
1.118034 
6.519202 
6.519202 
2.061553 
2.061553 
1.000000 
1.000000 
2.121320 
2.121320 
0.000000 
0.000000 
2.549510 
2.549510 
0.707107 
0.707107 
1.118034 
1.118034 
0.500000 
0.500000 
0.500000 
0.500000 
0.000000 
0.000000 
0.707107 
0.707107 
0.707107 
0.707107 
1.581139 
1.581139 
0.707107 
0.707107 
2.061553 
2.061553 
1.000000 
1.000000 
0.500000 
0.500000 
0.000000 
0.000000 
0.707107 
0.707107 
0.500000 
0.500000 
1.000000 
1.000000 
0.707107 
0.707107 
1.118034 
1.118034 
0.707107 
0.707107 
0.000000 
0.000000 
0.500000 
0.500000 
1.000000 
1.000000 
0.500000 
0.500000 
0.707107 
0.707107 
0.500000 
0.500000 
1.118034 
1.118034 
0.500000 
0.500000 
0.707107 
0.707107 
