0.000000 
0.000000 
0.000000 
0.000000 
5.220153 
5.220153 
8.558621 
8.558621 
0.500000 
0.500000 
1.500000 
1.500000 
0.000000 
0.000000 
0.707107 
0.707107 
0.500000 
0.500000 
1.118034 
1.118034 
0.500000 
0.500000 
1.802776 
1.802776 
5.522681 
5.522681 
1.581139 
1.581139 
0.500000 
0.500000 
1.500000 
1.500000 
0.707107 
0.707107 
1.500000 
1.500000 
9.552487 
9.552487 
1.000000 
1.000000 
9.552487 
9.552487 
1.581139 
1.581139 
9.552487 
9.552487 
0.707107 
0.707107 
9.552487 
9.552487 
0.500000 
0.500000 
9.552487 
9.552487 
0.500000 
0.500000 
9.552487 
9.552487 
0.500000 
0.500000 
9.552487 
9.552487 
0.500000 
0.500000 
9.552487 
9.552487 
0.500000 
0.500000 
9.552487 
9.552487 
0.500000 
0.500000 
2.500000 
2.500000 
0.500000 
0.500000 
2.500000 
2.500000 
0.500000 
0.500000 
2.500000 
2.500000 
0.500000 
0.500000 
2.500000 
2.500000 
0.500000 
0.500000 
2.500000 
2.500000 
0.500000 
0.500000 
0.000000 
0.000000 
0.500000 
0.500000 
0.500000 
0.500000 
1.118034 
1.118034 
1.802776 
1.802776 
0.500000 
0.500000 
0.707107 
0.707107 
1.118034 
1.118034 
0.500000 
0.500000 
0.707107 
0.707107 
2.000000 
2.000000 
0.500000 
0.500000 
0.707107 
0.707107 
1.500000 
1.500000 
0.500000 
0.500000 
0.707107 
0.707107 
1.118034 
1.118034 
0.707107 
0.707107 
1.500000 
1.500000 
8.139410 
8.139410 
1.500000 
1.500000 
2.500000 
2.500000 
1.500000 
1.500000 
0.707107 
0.707107 
1.500000 
1.500000 
0.500000 
0.500000 
1.500000 
1.500000 
2.828427 
2.828427 
1.500000 
1.500000 
2.500000 
2.500000 
1.500000 
1.500000 
2.061553 
2.061553 
1.500000 
1.500000 
0.500000 
0.500000 
1.500000 
1.500000 
1.000000 
1.000000 
1.500000 
1.500000 
1.000000 
1.000000 
1.500000 
1.500000 
1.000000 
1.000000 
1.500000 
1.500000 
1.000000 
1.000000 
1.500000 
1.500000 
1.000000 
1.000000 
1.500000 
1.500000 
1.000000 
1.000000 
1.500000 
1.500000 
