0.000000 
0.000000 
0.000000 
0.000000 
0.000000 
0.000000 
0.000000 
0.000000 
8.077747 
8.077747 
2.915476 
2.915476 
0.000000 
0.000000 
2.121320 
2.121320 
0.000000 
0.000000 
0.000000 
0.000000 
4.949747 
4.949747 
0.500000 
0.500000 
0.000000 
0.000000 
2.061553 
2.061553 
1.118034 
1.118034 
0.000000 
0.000000 
3.354102 
3.354102 
5.000000 
5.000000 
0.000000 
0.000000 
1.000000 
1.000000 
3.500000 
3.500000 
0.000000 
0.000000 
0.707107 
0.707107 
2.000000 
2.000000 
0.000000 
0.000000 
1.118034 
1.118034 
2.000000 
2.000000 
0.000000 
0.000000 
1.000000 
1.000000 
2.000000 
2.000000 
0.000000 
0.000000 
1.581139 
1.581139 
2.500000 
2.500000 
0.000000 
0.000000 
1.500000 
1.500000 
2.061553 
2.061553 
0.000000 
0.000000 
1.414214 
1.414214 
2.236068 
2.236068 
0.000000 
0.000000 
1.118034 
1.118034 
0.000000 
0.000000 
0.000000 
0.000000 
7.433034 
7.433034 
0.500000 
0.500000 
2.500000 
2.500000 
0.500000 
0.500000 
4.743416 
4.743416 
5.099020 
5.099020 
3.000000 
3.000000 
0.000000 
0.000000 
0.000000 
0.000000 
0.000000 
0.000000 
3.041381 
3.041381 
0.000000 
0.000000 
0.500000 
0.500000 
0.000000 
0.000000 
0.000000 
0.000000 
0.000000 
0.000000 
0.500000 
0.500000 
0.000000 
0.000000 
0.000000 
0.000000 
0.000000 
0.000000 
2.915476 
2.915476 
4.716991 
4.716991 
4.031129 
4.031129 
4.272002 
4.272002 
4.242641 
4.242641 
4.716991 
4.716991 
1.000000 
1.000000 
0.500000 
0.500000 
0.707107 
0.707107 
0.500000 
0.500000 
1.118034 
1.118034 
0.000000 
0.000000 
1.802776 
1.802776 
1.118034 
1.118034 
5.220153 
5.220153 
4.609772 
4.609772 
0.500000 
0.500000 
0.500000 
0.500000 
1.118034 
1.118034 
1.118034 
1.118034 
0.000000 
0.000000 
1.500000 
1.500000 
4.609772 
4.609772 
1.118034 
1.118034 
1.118034 
1.118034 
1.000000 
1.000000 
0.000000 
0.000000 
0.707107 
0.707107 
0.000000 
0.000000 
0.500000 
0.500000 
1.118034 
1.118034 
0.707107 
0.707107 
2.236068 
2.236068 
2.236068 
2.236068 
2.500000 
2.500000 
1.581139 
1.581139 
1.414214 
1.414214 
0.707107 
0.707107 
1.802776 
1.802776 
0.707107 
0.707107 
1.118034 
1.118034 
0.707107 
0.707107 
2.061553 
2.061553 
0.707107 
0.707107 
1.118034 
1.118034 
0.707107 
0.707107 
1.000000 
1.000000 
0.707107 
0.707107 
