0.000000 
0.000000 
2.236068 
2.236068 
1.414214 
1.414214 
1.414214 
1.414214 
1.802776 
1.802776 
0.707107 
0.707107 
1.000000 
1.000000 
2.236068 
2.236068 
1.802776 
1.802776 
1.802776 
1.802776 
0.000000 
0.000000 
2.061553 
2.061553 
0.500000 
0.500000 
1.414214 
1.414214 
3.807887 
3.807887 
4.123106 
4.123106 
2.692582 
2.692582 
8.631338 
8.631338 
1.000000 
1.000000 
1.581139 
1.581139 
4.609772 
4.609772 
3.807887 
3.807887 
5.099020 
5.099020 
2.500000 
2.500000 
15.628500 
15.628500 
4.609772 
4.609772 
5.099020 
5.099020 
2.500000 
2.500000 
2.061553 
2.061553 
7.516648 
7.516648 
1.118034 
1.118034 
1.118034 
1.118034 
3.807887 
3.807887 
3.500000 
3.500000 
5.099020 
5.099020 
3.162278 
3.162278 
