0.000000 
0.000000 
12.509996 
12.509996 
3.535534 
3.535534 
5.590170 
5.590170 
3.500000 
3.500000 
3.041381 
3.041381 
11.101802 
11.101802 
3.640055 
3.640055 
3.000000 
3.000000 
3.640055 
3.640055 
1.000000 
1.000000 
2.549510 
2.549510 
2.500000 
2.500000 
2.828427 
2.828427 
1.000000 
1.000000 
5.852350 
5.852350 
2.549510 
2.549510 
3.041381 
3.041381 
0.707107 
0.707107 
7.615773 
7.615773 
3.905125 
3.905125 
2.061553 
2.061553 
1.118034 
1.118034 
14.142136 
14.142136 
2.500000 
2.500000 
5.000000 
5.000000 
5.500000 
5.500000 
4.000000 
4.000000 
10.012492 
10.012492 
0.500000 
0.500000 
1.581139 
1.581139 
4.031129 
4.031129 
4.031129 
4.031129 
5.099020 
5.099020 
3.041381 
3.041381 
15.074813 
15.074813 
4.123106 
4.123106 
5.024938 
5.024938 
2.549510 
2.549510 
2.000000 
2.000000 
1.000000 
1.000000 
7.516648 
7.516648 
1.118034 
1.118034 
3.162278 
3.162278 
3.535534 
3.535534 
5.000000 
5.000000 
0.500000 
0.500000 
