0.000000 
0.000000 
2.061553 
2.061553 
0.500000 
0.500000 
1.581139 
1.581139 
2.061553 
2.061553 
2.000000 
2.000000 
6.576473 
6.576473 
2.692582 
2.692582 
2.915476 
2.915476 
4.527693 
4.527693 
4.000000 
4.000000 
3.535534 
3.535534 
3.041381 
3.041381 
2.236068 
2.236068 
1.500000 
1.500000 
1.118034 
1.118034 
0.500000 
0.500000 
0.500000 
0.500000 
0.500000 
0.500000 
1.118034 
1.118034 
1.118034 
1.118034 
2.549510 
2.549510 
3.041381 
3.041381 
4.527693 
4.527693 
3.000000 
3.000000 
4.031129 
4.031129 
3.000000 
3.000000 
6.576473 
6.576473 
1.118034 
1.118034 
2.500000 
2.500000 
2.236068 
2.236068 
1.581139 
1.581139 
1.581139 
1.581139 
0.500000 
0.500000 
1.802776 
1.802776 
1.500000 
1.500000 
1.581139 
1.581139 
2.061553 
2.061553 
6.576473 
6.576473 
2.061553 
2.061553 
4.031129 
4.031129 
4.527693 
4.527693 
3.041381 
3.041381 
3.041381 
3.041381 
3.807887 
3.807887 
2.500000 
2.500000 
2.121320 
2.121320 
