0.000000 
0.000000 
0.000000 
0.000000 
0.000000 
0.000000 
0.500000 
0.500000 
6.946222 
6.946222 
1.581139 
1.581139 
8.500000 
8.500000 
0.000000 
0.000000 
0.707107 
0.707107 
0.000000 
0.000000 
0.500000 
0.500000 
0.707107 
0.707107 
0.500000 
0.500000 
0.500000 
0.500000 
0.500000 
0.500000 
0.500000 
0.500000 
0.500000 
0.500000 
1.414214 
1.414214 
0.500000 
0.500000 
0.000000 
0.000000 
0.500000 
0.500000 
0.500000 
0.500000 
0.500000 
0.500000 
1.000000 
1.000000 
0.500000 
0.500000 
0.000000 
0.000000 
0.500000 
0.500000 
0.000000 
0.000000 
0.000000 
0.000000 
1.000000 
1.000000 
9.513149 
9.513149 
0.000000 
0.000000 
0.000000 
0.000000 
0.500000 
0.500000 
0.000000 
0.000000 
0.707107 
0.707107 
0.500000 
0.500000 
0.500000 
0.500000 
0.000000 
0.000000 
0.000000 
0.000000 
0.000000 
0.000000 
1.000000 
1.000000 
0.500000 
0.500000 
0.000000 
0.000000 
0.000000 
0.000000 
8.500000 
8.500000 
0.500000 
0.500000 
0.707107 
0.707107 
0.000000 
0.000000 
0.000000 
0.000000 
0.500000 
0.500000 
0.500000 
0.500000 
0.500000 
0.500000 
0.500000 
0.500000 
0.500000 
0.500000 
0.500000 
0.500000 
8.631338 
8.631338 
0.500000 
0.500000 
0.707107 
0.707107 
9.013878 
9.013878 
0.500000 
0.500000 
0.500000 
0.500000 
0.500000 
0.500000 
8.500000 
8.500000 
0.500000 
0.500000 
1.118034 
1.118034 
0.500000 
0.500000 
0.707107 
0.707107 
1.118034 
1.118034 
0.000000 
0.000000 
0.500000 
0.500000 
0.500000 
0.500000 
9.000000 
9.000000 
0.500000 
0.500000 
0.500000 
0.500000 
0.000000 
0.000000 
9.013878 
9.013878 
0.707107 
0.707107 
0.500000 
0.500000 
0.500000 
0.500000 
0.000000 
0.000000 
0.500000 
0.500000 
0.500000 
0.500000 
0.707107 
0.707107 
0.500000 
0.500000 
0.707107 
0.707107 
0.500000 
0.500000 
0.500000 
0.500000 
9.013878 
9.013878 
0.707107 
0.707107 
0.500000 
0.500000 
0.500000 
0.500000 
0.500000 
0.500000 
0.707107 
0.707107 
0.500000 
0.500000 
0.500000 
0.500000 
0.500000 
0.500000 
0.500000 
0.500000 
0.500000 
0.500000 
0.500000 
0.500000 
9.055385 
9.055385 
12.093387 
12.093387 
0.500000 
0.500000 
0.500000 
0.500000 
0.000000 
0.000000 
0.707107 
0.707107 
0.500000 
0.500000 
8.015610 
8.015610 
0.707107 
0.707107 
10.735455 
10.735455 
0.500000 
0.500000 
8.015610 
8.015610 
0.000000 
0.000000 
0.000000 
0.000000 
0.500000 
0.500000 
8.015610 
8.015610 
0.000000 
0.000000 
0.000000 
0.000000 
0.500000 
0.500000 
8.015610 
8.015610 
0.000000 
0.000000 
0.000000 
0.000000 
0.500000 
0.500000 
8.015610 
8.015610 
0.000000 
0.000000 
0.000000 
0.000000 
3.807887 
3.807887 
8.015610 
8.015610 
0.000000 
0.000000 
0.000000 
0.000000 
1.118034 
1.118034 
8.015610 
8.015610 
0.000000 
0.000000 
0.500000 
0.500000 
1.118034 
1.118034 
8.015610 
8.015610 
0.000000 
0.000000 
0.000000 
0.000000 
0.000000 
0.000000 
8.015610 
8.015610 
0.000000 
0.000000 
0.000000 
0.000000 
0.500000 
0.500000 
0.000000 
0.000000 
8.015610 
8.015610 
0.500000 
0.500000 
0.500000 
0.500000 
0.500000 
0.500000 
0.500000 
0.500000 
8.015610 
8.015610 
0.500000 
0.500000 
0.000000 
0.000000 
0.500000 
0.500000 
0.000000 
0.000000 
8.015610 
8.015610 
0.000000 
0.000000 
0.500000 
0.500000 
0.500000 
0.500000 
0.000000 
0.000000 
8.015610 
8.015610 
0.000000 
0.000000 
0.500000 
0.500000 
0.500000 
0.500000 
1.000000 
1.000000 
8.015610 
8.015610 
0.000000 
0.000000 
0.500000 
0.500000 
0.500000 
0.500000 
1.000000 
1.000000 
8.015610 
8.015610 
1.000000 
1.000000 
0.000000 
0.000000 
0.500000 
0.500000 
1.000000 
1.000000 
0.500000 
0.500000 
0.500000 
0.500000 
1.118034 
1.118034 
