0.000000 
0.000000 
2.061553 
2.061553 
13.152946 
13.152946 
1.802776 
1.802776 
2.061553 
2.061553 
2.549510 
2.549510 
3.162278 
3.162278 
3.000000 
3.000000 
2.061553 
2.061553 
1.802776 
1.802776 
1.581139 
1.581139 
1.118034 
1.118034 
0.500000 
0.500000 
0.000000 
0.000000 
1.118034 
1.118034 
8.514693 
8.514693 
1.118034 
1.118034 
1.000000 
1.000000 
1.581139 
1.581139 
4.031129 
4.031129 
4.527693 
4.527693 
21.505813 
21.505813 
3.000000 
3.000000 
3.640055 
3.640055 
1.414214 
1.414214 
2.236068 
2.236068 
13.647344 
13.647344 
3.041381 
3.041381 
2.549510 
2.549510 
4.123106 
4.123106 
2.692582 
2.692582 
2.000000 
2.000000 
1.118034 
1.118034 
1.581139 
1.581139 
1.500000 
1.500000 
1.500000 
1.500000 
11.510864 
11.510864 
0.500000 
0.500000 
1.802776 
1.802776 
3.000000 
3.000000 
2.500000 
2.500000 
2.000000 
2.000000 
0.500000 
0.500000 
1.500000 
1.500000 
2.549510 
2.549510 
2.915476 
2.915476 
11.543396 
11.543396 
