0.000000 
0.000000 
1.118034 
1.118034 
0.707107 
0.707107 
0.500000 
0.500000 
0.707107 
0.707107 
1.000000 
1.000000 
1.000000 
1.000000 
1.802776 
1.802776 
0.707107 
0.707107 
1.000000 
1.000000 
0.707107 
0.707107 
0.707107 
0.707107 
1.118034 
1.118034 
1.414214 
1.414214 
0.707107 
0.707107 
1.581139 
1.581139 
1.000000 
1.000000 
0.707107 
0.707107 
1.118034 
1.118034 
2.549510 
2.549510 
2.549510 
2.549510 
3.354102 
3.354102 
2.500000 
2.500000 
8.062258 
8.062258 
0.500000 
0.500000 
1.500000 
1.500000 
2.061553 
2.061553 
1.500000 
1.500000 
1.581139 
1.581139 
2.000000 
2.000000 
3.500000 
3.500000 
1.500000 
1.500000 
1.000000 
1.000000 
0.000000 
0.000000 
0.707107 
0.707107 
0.000000 
0.000000 
0.707107 
0.707107 
1.118034 
1.118034 
1.000000 
1.000000 
1.802776 
1.802776 
10.000000 
10.000000 
4.031129 
4.031129 
4.031129 
4.031129 
4.123106 
4.123106 
1.118034 
1.118034 
3.354102 
3.354102 
1.500000 
1.500000 
