0.000000 
0.000000 
0.000000 
0.000000 
0.000000 
0.000000 
1.414214 
1.414214 
2.000000 
2.000000 
2.236068 
2.236068 
9.013878 
9.013878 
1.802776 
1.802776 
2.000000 
2.000000 
10.198039 
10.198039 
1.118034 
1.118034 
7.433034 
7.433034 
1.118034 
1.118034 
2.061553 
2.061553 
4.031129 
4.031129 
0.707107 
0.707107 
7.500000 
7.500000 
4.000000 
4.000000 
0.500000 
0.500000 
9.219544 
9.219544 
9.433981 
9.433981 
1.581139 
1.581139 
1.581139 
1.581139 
4.031129 
4.031129 
0.707107 
0.707107 
2.236068 
2.236068 
3.535534 
3.535534 
0.500000 
0.500000 
2.549510 
2.549510 
3.201562 
3.201562 
0.707107 
0.707107 
8.746428 
8.746428 
4.031129 
4.031129 
0.500000 
0.500000 
1.500000 
1.500000 
10.440307 
10.440307 
0.500000 
0.500000 
7.566373 
7.566373 
3.535534 
3.535534 
0.000000 
0.000000 
0.500000 
0.500000 
4.527693 
4.527693 
5.700877 
5.700877 
1.118034 
1.118034 
0.500000 
0.500000 
0.500000 
0.500000 
4.609772 
4.609772 
1.118034 
1.118034 
0.500000 
0.500000 
0.000000 
0.000000 
6.800735 
6.800735 
0.000000 
0.000000 
1.118034 
1.118034 
0.500000 
0.500000 
0.707107 
0.707107 
5.315073 
5.315073 
0.500000 
0.500000 
1.118034 
1.118034 
0.500000 
0.500000 
0.500000 
0.500000 
4.716991 
4.716991 
0.707107 
0.707107 
1.118034 
1.118034 
0.500000 
0.500000 
0.500000 
0.500000 
4.716991 
4.716991 
10.049876 
10.049876 
1.118034 
1.118034 
0.500000 
0.500000 
0.707107 
0.707107 
4.716991 
4.716991 
0.500000 
0.500000 
1.118034 
1.118034 
0.500000 
0.500000 
1.581139 
1.581139 
4.716991 
4.716991 
0.000000 
0.000000 
0.500000 
0.500000 
1.118034 
1.118034 
0.500000 
0.500000 
1.581139 
1.581139 
4.716991 
4.716991 
0.707107 
0.707107 
0.500000 
0.500000 
1.118034 
1.118034 
0.500000 
0.500000 
1.500000 
1.500000 
4.716991 
4.716991 
1.000000 
1.000000 
1.118034 
1.118034 
1.118034 
1.118034 
0.500000 
0.500000 
7.566373 
7.566373 
4.716991 
4.716991 
1.118034 
1.118034 
0.500000 
0.500000 
1.118034 
1.118034 
0.500000 
0.500000 
3.201562 
3.201562 
4.716991 
4.716991 
2.500000 
2.500000 
1.000000 
1.000000 
1.118034 
1.118034 
0.500000 
0.500000 
2.828427 
2.828427 
4.716991 
4.716991 
1.000000 
1.000000 
1.118034 
1.118034 
1.118034 
1.118034 
2.828427 
2.828427 
4.716991 
4.716991 
1.000000 
1.000000 
1.581139 
1.581139 
1.118034 
1.118034 
1.500000 
1.500000 
4.716991 
4.716991 
1.000000 
1.000000 
1.581139 
1.581139 
1.118034 
1.118034 
4.743416 
4.743416 
4.716991 
4.716991 
1.000000 
1.000000 
1.414214 
1.414214 
2.915476 
2.915476 
0.500000 
0.500000 
4.716991 
4.716991 
1.000000 
1.000000 
5.590170 
5.590170 
0.500000 
0.500000 
1.000000 
1.000000 
4.716991 
4.716991 
1.000000 
1.000000 
1.118034 
1.118034 
1.118034 
1.118034 
1.414214 
1.414214 
4.716991 
4.716991 
1.000000 
1.000000 
0.707107 
0.707107 
1.118034 
1.118034 
0.500000 
0.500000 
2.000000 
2.000000 
1.802776 
1.802776 
1.118034 
1.118034 
0.500000 
0.500000 
2.000000 
2.000000 
1.414214 
1.414214 
2.549510 
2.549510 
0.500000 
0.500000 
2.000000 
2.000000 
1.414214 
1.414214 
1.414214 
1.414214 
0.500000 
0.500000 
2.000000 
2.000000 
2.236068 
2.236068 
1.414214 
1.414214 
1.500000 
1.500000 
2.000000 
2.000000 
2.500000 
2.500000 
1.414214 
1.414214 
1.500000 
1.500000 
15.572412 
15.572412 
2.549510 
2.549510 
1.414214 
1.414214 
3.000000 
3.000000 
0.000000 
0.000000 
2.549510 
2.549510 
1.414214 
1.414214 
2.500000 
2.500000 
0.707107 
0.707107 
1.000000 
1.000000 
1.414214 
1.414214 
1.581139 
1.581139 
0.000000 
0.000000 
4.609772 
4.609772 
1.414214 
1.414214 
6.020797 
6.020797 
0.707107 
0.707107 
1.118034 
1.118034 
1.414214 
1.414214 
1.581139 
1.581139 
0.500000 
0.500000 
0.500000 
0.500000 
1.414214 
1.414214 
6.964194 
6.964194 
0.707107 
0.707107 
1.581139 
1.581139 
1.414214 
1.414214 
2.692582 
2.692582 
1.118034 
1.118034 
1.500000 
1.500000 
1.414214 
1.414214 
2.692582 
2.692582 
1.118034 
1.118034 
1.118034 
1.118034 
1.414214 
1.414214 
2.061553 
2.061553 
0.707107 
0.707107 
1.802776 
1.802776 
1.414214 
1.414214 
2.549510 
2.549510 
1.118034 
1.118034 
0.707107 
0.707107 
1.414214 
1.414214 
2.500000 
2.500000 
