0.000000 
0.000000 
2.549510 
2.549510 
2.061553 
2.061553 
8.015610 
8.015610 
2.061553 
2.061553 
2.061553 
2.061553 
7.017834 
7.017834 
0.707107 
0.707107 
0.707107 
0.707107 
1.000000 
1.000000 
1.118034 
1.118034 
1.000000 
1.000000 
1.581139 
1.581139 
1.500000 
1.500000 
1.500000 
1.500000 
7.648529 
7.648529 
1.500000 
1.500000 
1.118034 
1.118034 
12.500000 
12.500000 
4.527693 
4.527693 
1.000000 
1.000000 
3.500000 
3.500000 
2.500000 
2.500000 
3.535534 
3.535534 
0.707107 
0.707107 
5.024938 
5.024938 
1.802776 
1.802776 
13.509256 
13.509256 
3.807887 
3.807887 
5.024938 
5.024938 
3.041381 
3.041381 
2.000000 
2.000000 
10.111874 
10.111874 
2.000000 
2.000000 
1.414214 
1.414214 
1.802776 
1.802776 
1.500000 
1.500000 
0.707107 
0.707107 
1.000000 
1.000000 
1.500000 
1.500000 
0.707107 
0.707107 
0.707107 
0.707107 
1.000000 
1.000000 
1.118034 
1.118034 
1.118034 
1.118034 
1.581139 
1.581139 
1.802776 
1.802776 
