0.000000 
0.000000 
8.631338 
8.631338 
1.118034 
1.118034 
1.118034 
1.118034 
0.500000 
0.500000 
1.000000 
1.000000 
1.118034 
1.118034 
1.118034 
1.118034 
0.500000 
0.500000 
2.692582 
2.692582 
1.000000 
1.000000 
4.031129 
4.031129 
2.915476 
2.915476 
4.743416 
4.743416 
1.802776 
1.802776 
1.118034 
1.118034 
9.013878 
9.013878 
1.118034 
1.118034 
0.707107 
0.707107 
1.118034 
1.118034 
1.802776 
1.802776 
1.500000 
1.500000 
0.707107 
0.707107 
1.118034 
1.118034 
1.581139 
1.581139 
4.031129 
4.031129 
4.031129 
4.031129 
4.000000 
4.000000 
1.000000 
1.000000 
10.440307 
10.440307 
1.500000 
1.500000 
3.162278 
3.162278 
2.549510 
2.549510 
1.802776 
1.802776 
1.000000 
1.000000 
0.000000 
0.000000 
0.000000 
0.000000 
1.000000 
1.000000 
1.118034 
1.118034 
1.802776 
1.802776 
2.000000 
2.000000 
3.162278 
3.162278 
10.012492 
10.012492 
1.581139 
1.581139 
2.500000 
2.500000 
4.527693 
4.527693 
4.000000 
4.000000 
