0.000000 
0.000000 
0.000000 
0.000000 
0.500000 
0.500000 
0.000000 
0.000000 
0.500000 
0.500000 
0.500000 
0.500000 
0.500000 
0.500000 
0.707107 
0.707107 
7.071068 
7.071068 
0.000000 
0.000000 
0.707107 
0.707107 
0.500000 
0.500000 
0.707107 
0.707107 
0.707107 
0.707107 
0.500000 
0.500000 
0.707107 
0.707107 
0.707107 
0.707107 
0.500000 
0.500000 
0.500000 
0.500000 
0.000000 
0.000000 
0.000000 
0.000000 
1.000000 
1.000000 
1.118034 
1.118034 
0.000000 
0.000000 
1.118034 
1.118034 
0.000000 
0.000000 
1.118034 
1.118034 
0.000000 
0.000000 
1.802776 
1.802776 
0.000000 
0.000000 
2.828427 
2.828427 
0.500000 
0.500000 
2.121320 
2.121320 
0.000000 
0.000000 
1.581139 
1.581139 
0.000000 
0.000000 
0.707107 
0.707107 
0.000000 
0.000000 
1.118034 
1.118034 
0.707107 
0.707107 
1.000000 
1.000000 
0.000000 
0.000000 
1.000000 
1.000000 
1.118034 
1.118034 
1.118034 
1.118034 
0.500000 
0.500000 
0.500000 
0.500000 
0.500000 
0.500000 
5.522681 
5.522681 
0.000000 
0.000000 
1.000000 
1.000000 
1.000000 
1.000000 
1.414214 
1.414214 
0.500000 
0.500000 
1.000000 
1.000000 
0.500000 
0.500000 
1.118034 
1.118034 
1.118034 
1.118034 
4.924429 
4.924429 
1.000000 
1.000000 
2.000000 
2.000000 
1.500000 
1.500000 
1.802776 
1.802776 
1.500000 
1.500000 
1.500000 
1.500000 
1.000000 
1.000000 
1.000000 
1.000000 
0.707107 
0.707107 
0.707107 
0.707107 
0.500000 
0.500000 
1.581139 
1.581139 
3.500000 
3.500000 
5.522681 
5.522681 
1.118034 
1.118034 
1.581139 
1.581139 
0.000000 
0.000000 
2.236068 
2.236068 
0.000000 
0.000000 
1.000000 
1.000000 
0.500000 
0.500000 
3.041381 
3.041381 
0.000000 
0.000000 
2.549510 
2.549510 
0.000000 
0.000000 
2.000000 
2.000000 
0.000000 
0.000000 
4.743416 
4.743416 
0.000000 
0.000000 
1.500000 
1.500000 
0.500000 
0.500000 
1.581139 
1.581139 
0.707107 
0.707107 
1.000000 
1.000000 
0.500000 
0.500000 
2.692582 
2.692582 
0.500000 
0.500000 
1.118034 
1.118034 
0.000000 
0.000000 
