0.000000 
0.000000 
0.000000 
0.000000 
0.000000 
0.000000 
0.500000 
0.500000 
0.000000 
0.000000 
0.500000 
0.500000 
0.500000 
0.500000 
0.500000 
0.500000 
0.000000 
0.000000 
2.828427 
2.828427 
0.000000 
0.000000 
0.500000 
0.500000 
0.000000 
0.000000 
0.500000 
0.500000 
0.500000 
0.500000 
0.500000 
0.500000 
0.500000 
0.500000 
0.500000 
0.500000 
0.000000 
0.000000 
0.500000 
0.500000 
0.000000 
0.000000 
0.000000 
0.000000 
0.500000 
0.500000 
1.000000 
1.000000 
0.500000 
0.500000 
0.500000 
0.500000 
1.414214 
1.414214 
0.500000 
0.500000 
0.500000 
0.500000 
1.000000 
1.000000 
0.000000 
0.000000 
0.500000 
0.500000 
2.500000 
2.500000 
0.500000 
0.500000 
0.500000 
0.500000 
2.236068 
2.236068 
0.500000 
0.500000 
0.500000 
0.500000 
0.500000 
0.500000 
0.500000 
0.500000 
0.500000 
0.500000 
0.707107 
0.707107 
0.500000 
0.500000 
0.500000 
0.500000 
1.581139 
1.581139 
0.000000 
0.000000 
0.500000 
0.500000 
1.581139 
1.581139 
0.000000 
0.000000 
0.500000 
0.500000 
1.000000 
1.000000 
0.500000 
0.500000 
0.500000 
0.500000 
5.099020 
5.099020 
0.000000 
0.000000 
2.500000 
2.500000 
0.000000 
0.000000 
1.802776 
1.802776 
0.000000 
0.000000 
2.000000 
2.000000 
0.500000 
0.500000 
1.500000 
1.500000 
0.000000 
0.000000 
1.500000 
1.500000 
0.500000 
0.500000 
0.500000 
0.500000 
0.000000 
0.000000 
1.000000 
1.000000 
0.000000 
0.000000 
1.581139 
1.581139 
0.500000 
0.500000 
1.581139 
1.581139 
0.000000 
0.000000 
1.581139 
1.581139 
0.000000 
0.000000 
0.000000 
0.000000 
0.000000 
0.000000 
2.549510 
2.549510 
0.500000 
0.500000 
1.581139 
1.581139 
0.500000 
0.500000 
1.118034 
1.118034 
0.000000 
0.000000 
1.500000 
1.500000 
0.000000 
0.000000 
4.031129 
4.031129 
0.000000 
0.000000 
1.500000 
1.500000 
0.000000 
0.000000 
2.061553 
2.061553 
0.000000 
0.000000 
1.581139 
1.581139 
0.000000 
0.000000 
1.118034 
1.118034 
0.000000 
0.000000 
0.707107 
0.707107 
0.000000 
0.000000 
4.123106 
4.123106 
0.000000 
0.000000 
0.500000 
0.500000 
0.000000 
0.000000 
4.031129 
4.031129 
0.000000 
0.000000 
0.500000 
0.500000 
0.000000 
0.000000 
0.500000 
0.500000 
0.500000 
0.500000 
0.500000 
0.500000 
0.500000 
0.500000 
