0.000000 
0.000000 
1.118034 
1.118034 
0.000000 
0.000000 
0.000000 
0.000000 
0.707107 
0.707107 
0.707107 
0.707107 
0.000000 
0.000000 
0.707107 
0.707107 
1.500000 
1.500000 
1.000000 
1.000000 
1.118034 
1.118034 
1.500000 
1.500000 
0.500000 
0.500000 
0.500000 
0.500000 
0.000000 
0.000000 
1.500000 
1.500000 
0.500000 
0.500000 
0.707107 
0.707107 
0.000000 
0.000000 
1.500000 
1.500000 
0.000000 
0.000000 
0.707107 
0.707107 
0.000000 
0.000000 
1.500000 
1.500000 
0.707107 
0.707107 
1.000000 
1.000000 
0.000000 
0.000000 
1.500000 
1.500000 
0.000000 
0.000000 
1.000000 
1.000000 
0.000000 
0.000000 
1.500000 
1.500000 
0.500000 
0.500000 
1.000000 
1.000000 
0.000000 
0.000000 
0.000000 
0.000000 
1.500000 
1.500000 
0.500000 
0.500000 
1.000000 
1.000000 
1.118034 
1.118034 
0.000000 
0.000000 
1.500000 
1.500000 
0.000000 
0.000000 
1.000000 
1.000000 
1.118034 
1.118034 
0.000000 
0.000000 
1.500000 
1.500000 
0.500000 
0.500000 
1.000000 
1.000000 
1.118034 
1.118034 
0.000000 
0.000000 
1.500000 
1.500000 
0.500000 
0.500000 
1.000000 
1.000000 
1.118034 
1.118034 
0.000000 
0.000000 
1.500000 
1.500000 
0.707107 
0.707107 
1.000000 
1.000000 
4.949747 
4.949747 
0.000000 
0.000000 
1.500000 
1.500000 
0.707107 
0.707107 
1.000000 
1.000000 
0.707107 
0.707107 
0.000000 
0.000000 
1.500000 
1.500000 
1.118034 
1.118034 
1.000000 
1.000000 
0.000000 
0.000000 
0.500000 
0.500000 
0.000000 
0.000000 
1.500000 
1.500000 
0.707107 
0.707107 
1.000000 
1.000000 
0.000000 
0.000000 
11.500000 
11.500000 
0.000000 
0.000000 
0.000000 
0.000000 
1.000000 
1.000000 
0.000000 
0.000000 
0.707107 
0.707107 
0.000000 
0.000000 
1.000000 
1.000000 
1.000000 
1.000000 
0.000000 
0.000000 
0.707107 
0.707107 
1.581139 
1.581139 
1.000000 
1.000000 
0.000000 
0.000000 
12.854960 
12.854960 
0.000000 
0.000000 
14.705441 
14.705441 
0.000000 
0.000000 
0.707107 
0.707107 
0.000000 
0.000000 
1.581139 
1.581139 
0.000000 
0.000000 
0.000000 
0.000000 
0.000000 
0.000000 
1.581139 
1.581139 
0.000000 
0.000000 
0.000000 
0.000000 
0.000000 
0.000000 
17.585505 
17.585505 
0.000000 
0.000000 
0.000000 
0.000000 
0.000000 
0.000000 
1.118034 
1.118034 
0.000000 
0.000000 
0.500000 
0.500000 
0.000000 
0.000000 
1.000000 
1.000000 
0.000000 
0.000000 
0.500000 
0.500000 
0.000000 
0.000000 
0.707107 
0.707107 
0.000000 
0.000000 
1.118034 
1.118034 
0.000000 
0.000000 
0.000000 
0.000000 
0.000000 
0.000000 
0.500000 
0.500000 
0.000000 
0.000000 
0.500000 
0.500000 
0.000000 
0.000000 
0.500000 
0.500000 
2.500000 
2.500000 
0.500000 
0.500000 
0.000000 
0.000000 
0.000000 
0.000000 
0.707107 
0.707107 
0.500000 
0.500000 
0.000000 
0.000000 
0.500000 
0.500000 
0.707107 
0.707107 
1.000000 
1.000000 
0.000000 
0.000000 
0.707107 
0.707107 
0.707107 
0.707107 
0.000000 
0.000000 
0.500000 
0.500000 
0.707107 
0.707107 
0.500000 
0.500000 
0.000000 
0.000000 
2.236068 
2.236068 
0.707107 
0.707107 
1.500000 
1.500000 
0.707107 
0.707107 
2.061553 
2.061553 
0.707107 
0.707107 
1.581139 
1.581139 
0.707107 
0.707107 
2.500000 
2.500000 
0.707107 
0.707107 
2.549510 
2.549510 
0.707107 
0.707107 
0.707107 
0.707107 
0.707107 
0.707107 
0.000000 
0.000000 
0.707107 
0.707107 
0.500000 
0.500000 
0.707107 
0.707107 
0.707107 
0.707107 
0.707107 
0.707107 
2.061553 
2.061553 
0.707107 
0.707107 
1.118034 
1.118034 
0.707107 
0.707107 
1.581139 
1.581139 
0.707107 
0.707107 
0.707107 
0.707107 
0.707107 
0.707107 
1.118034 
1.118034 
0.707107 
0.707107 
0.000000 
0.000000 
0.707107 
0.707107 
0.000000 
0.000000 
0.707107 
0.707107 
0.000000 
0.000000 
