0.000000 
0.000000 
1.118034 
1.118034 
4.609772 
4.609772 
0.000000 
0.000000 
0.000000 
0.000000 
4.609772 
4.609772 
1.000000 
1.000000 
1.581139 
1.581139 
4.609772 
4.609772 
0.000000 
0.000000 
0.000000 
0.000000 
0.000000 
0.000000 
3.640055 
3.640055 
4.609772 
4.609772 
0.000000 
0.000000 
0.000000 
0.000000 
0.000000 
0.000000 
0.000000 
0.000000 
1.000000 
1.000000 
4.609772 
4.609772 
0.500000 
0.500000 
0.000000 
0.000000 
0.000000 
0.000000 
0.000000 
0.000000 
2.236068 
2.236068 
4.609772 
4.609772 
0.000000 
0.000000 
1.118034 
1.118034 
0.000000 
0.000000 
0.000000 
0.000000 
0.000000 
0.000000 
1.802776 
1.802776 
4.609772 
4.609772 
12.619429 
12.619429 
1.000000 
1.000000 
0.000000 
0.000000 
0.000000 
0.000000 
0.500000 
0.500000 
1.414214 
1.414214 
4.609772 
4.609772 
6.082763 
6.082763 
1.000000 
1.000000 
0.000000 
0.000000 
0.000000 
0.000000 
0.000000 
0.000000 
0.000000 
0.000000 
4.609772 
4.609772 
7.516648 
7.516648 
1.000000 
1.000000 
0.000000 
0.000000 
0.000000 
0.000000 
0.000000 
0.000000 
0.000000 
0.000000 
4.609772 
4.609772 
0.000000 
0.000000 
7.516648 
7.516648 
1.000000 
1.000000 
0.000000 
0.000000 
0.000000 
0.000000 
0.000000 
0.000000 
1.000000 
1.000000 
4.609772 
4.609772 
0.500000 
0.500000 
7.516648 
7.516648 
1.000000 
1.000000 
0.000000 
0.000000 
0.000000 
0.000000 
0.000000 
0.000000 
1.118034 
1.118034 
4.609772 
4.609772 
0.500000 
0.500000 
24.026028 
24.026028 
1.000000 
1.000000 
0.000000 
0.000000 
0.000000 
0.000000 
0.500000 
0.500000 
1.118034 
1.118034 
4.609772 
4.609772 
0.000000 
0.000000 
3.041381 
3.041381 
1.000000 
1.000000 
0.000000 
0.000000 
0.000000 
0.000000 
0.000000 
0.000000 
1.118034 
1.118034 
4.609772 
4.609772 
1.000000 
1.000000 
3.354102 
3.354102 
1.000000 
1.000000 
0.000000 
0.000000 
0.000000 
0.000000 
0.000000 
0.000000 
0.000000 
0.000000 
4.609772 
4.609772 
2.061553 
2.061553 
3.354102 
3.354102 
1.000000 
1.000000 
0.000000 
0.000000 
0.000000 
0.000000 
0.000000 
0.000000 
0.000000 
0.000000 
1.500000 
1.500000 
5.000000 
5.000000 
1.000000 
1.000000 
0.000000 
0.000000 
0.000000 
0.000000 
0.500000 
0.500000 
0.707107 
0.707107 
1.000000 
1.000000 
2.549510 
2.549510 
1.000000 
1.000000 
0.000000 
0.000000 
0.000000 
0.000000 
0.000000 
0.000000 
0.500000 
0.500000 
1.000000 
1.000000 
11.510864 
11.510864 
1.000000 
1.000000 
0.000000 
0.000000 
0.500000 
0.500000 
0.707107 
0.707107 
1.802776 
1.802776 
1.000000 
1.000000 
0.000000 
0.000000 
0.000000 
0.000000 
0.707107 
0.707107 
1.581139 
1.581139 
1.000000 
1.000000 
0.500000 
0.500000 
0.500000 
0.500000 
0.707107 
0.707107 
9.823441 
9.823441 
1.000000 
1.000000 
0.000000 
0.000000 
0.500000 
0.500000 
0.707107 
0.707107 
2.549510 
2.549510 
0.000000 
0.000000 
0.500000 
0.500000 
0.000000 
0.000000 
0.707107 
0.707107 
1.500000 
1.500000 
0.000000 
0.000000 
0.000000 
0.000000 
0.500000 
0.500000 
0.707107 
0.707107 
0.500000 
0.500000 
0.000000 
0.000000 
0.000000 
0.000000 
0.000000 
0.000000 
0.500000 
0.500000 
0.707107 
0.707107 
0.500000 
0.500000 
0.000000 
0.000000 
0.000000 
0.000000 
0.000000 
0.000000 
6.500000 
6.500000 
0.707107 
0.707107 
1.118034 
1.118034 
0.000000 
0.000000 
0.500000 
0.500000 
0.000000 
0.000000 
1.000000 
1.000000 
0.707107 
0.707107 
0.500000 
0.500000 
0.707107 
0.707107 
0.000000 
0.000000 
0.000000 
0.000000 
9.013878 
9.013878 
0.707107 
0.707107 
1.500000 
1.500000 
0.707107 
0.707107 
0.500000 
0.500000 
0.000000 
0.000000 
0.000000 
0.000000 
0.000000 
0.000000 
0.707107 
0.707107 
1.500000 
1.500000 
0.000000 
0.000000 
0.500000 
0.500000 
0.500000 
0.500000 
0.000000 
0.000000 
0.707107 
0.707107 
0.707107 
0.707107 
1.500000 
1.500000 
0.000000 
0.000000 
0.500000 
0.500000 
1.118034 
1.118034 
0.000000 
0.000000 
1.000000 
1.000000 
0.707107 
0.707107 
1.500000 
1.500000 
0.000000 
0.000000 
1.581139 
1.581139 
0.500000 
0.500000 
0.000000 
0.000000 
0.500000 
0.500000 
0.707107 
0.707107 
1.500000 
1.500000 
1.118034 
1.118034 
0.707107 
0.707107 
1.118034 
1.118034 
0.000000 
0.000000 
1.000000 
1.000000 
0.707107 
0.707107 
1.500000 
1.500000 
0.707107 
0.707107 
1.118034 
1.118034 
1.118034 
1.118034 
0.000000 
0.000000 
0.500000 
0.500000 
5.000000 
5.000000 
0.500000 
0.500000 
0.500000 
0.500000 
0.707107 
0.707107 
0.000000 
0.000000 
0.000000 
0.000000 
0.707107 
0.707107 
0.000000 
0.000000 
0.500000 
0.500000 
