0.000000 
0.000000 
5.830952 
5.830952 
9.219544 
9.219544 
0.707107 
0.707107 
2.061553 
2.061553 
2.236068 
2.236068 
1.000000 
1.000000 
2.500000 
2.500000 
1.581139 
1.581139 
0.707107 
0.707107 
0.500000 
0.500000 
1.000000 
1.000000 
0.500000 
0.500000 
0.000000 
0.000000 
1.414214 
1.414214 
0.500000 
0.500000 
0.000000 
0.000000 
1.802776 
1.802776 
1.500000 
1.500000 
1.581139 
1.581139 
0.500000 
0.500000 
3.162278 
3.162278 
0.500000 
0.500000 
10.111874 
10.111874 
4.949747 
4.949747 
1.581139 
1.581139 
0.500000 
0.500000 
0.500000 
0.500000 
1.000000 
1.000000 
1.118034 
1.118034 
2.000000 
2.000000 
1.000000 
1.000000 
1.118034 
1.118034 
1.118034 
1.118034 
1.118034 
1.118034 
0.500000 
0.500000 
0.707107 
0.707107 
0.707107 
0.707107 
0.707107 
0.707107 
1.118034 
1.118034 
1.118034 
1.118034 
0.000000 
0.000000 
0.707107 
0.707107 
0.707107 
0.707107 
0.000000 
0.000000 
0.707107 
0.707107 
0.707107 
0.707107 
