0.000000 
0.000000 
0.000000 
0.000000 
0.000000 
0.000000 
0.000000 
0.000000 
0.707107 
0.707107 
8.015610 
8.015610 
0.707107 
0.707107 
2.500000 
2.500000 
1.118034 
1.118034 
4.609772 
4.609772 
0.707107 
0.707107 
4.609772 
4.609772 
0.000000 
0.000000 
7.566373 
7.566373 
4.609772 
4.609772 
0.500000 
0.500000 
7.000000 
7.000000 
4.609772 
4.609772 
0.500000 
0.500000 
0.500000 
0.500000 
4.609772 
4.609772 
2.500000 
2.500000 
8.514693 
8.514693 
4.609772 
4.609772 
2.500000 
2.500000 
1.414214 
1.414214 
4.609772 
4.609772 
0.000000 
0.000000 
2.500000 
2.500000 
1.118034 
1.118034 
4.609772 
4.609772 
2.121320 
2.121320 
2.500000 
2.500000 
1.000000 
1.000000 
4.609772 
4.609772 
11.510864 
11.510864 
2.500000 
2.500000 
1.000000 
1.000000 
4.609772 
4.609772 
0.000000 
0.000000 
1.500000 
1.500000 
2.500000 
2.500000 
1.000000 
1.000000 
4.609772 
4.609772 
0.500000 
0.500000 
2.692582 
2.692582 
2.500000 
2.500000 
1.581139 
1.581139 
4.609772 
4.609772 
0.500000 
0.500000 
10.793517 
10.793517 
2.500000 
2.500000 
2.061553 
2.061553 
4.609772 
4.609772 
0.500000 
0.500000 
10.111874 
10.111874 
2.500000 
2.500000 
7.158911 
7.158911 
4.609772 
4.609772 
0.500000 
0.500000 
0.500000 
0.500000 
2.500000 
2.500000 
0.500000 
0.500000 
4.609772 
4.609772 
0.500000 
0.500000 
3.162278 
3.162278 
2.500000 
2.500000 
0.500000 
0.500000 
0.500000 
0.500000 
10.920165 
10.920165 
2.500000 
2.500000 
1.000000 
1.000000 
0.500000 
0.500000 
3.041381 
3.041381 
2.500000 
2.500000 
0.500000 
0.500000 
0.000000 
0.000000 
0.707107 
0.707107 
2.500000 
2.500000 
0.500000 
0.500000 
0.500000 
0.500000 
10.500000 
10.500000 
2.500000 
2.500000 
0.500000 
0.500000 
0.707107 
0.707107 
2.549510 
2.549510 
0.500000 
0.500000 
0.000000 
0.000000 
12.041595 
12.041595 
0.500000 
0.500000 
0.500000 
0.500000 
12.165525 
12.165525 
0.000000 
0.000000 
0.000000 
0.000000 
2.000000 
2.000000 
8.514693 
8.514693 
0.500000 
0.500000 
1.000000 
1.000000 
1.118034 
1.118034 
0.500000 
0.500000 
12.747549 
12.747549 
1.118034 
1.118034 
0.000000 
0.000000 
2.500000 
2.500000 
1.118034 
1.118034 
0.000000 
0.000000 
2.500000 
2.500000 
1.118034 
1.118034 
0.000000 
0.000000 
2.500000 
2.500000 
1.118034 
1.118034 
0.000000 
0.000000 
2.500000 
2.500000 
1.118034 
1.118034 
0.500000 
0.500000 
2.500000 
2.500000 
1.118034 
1.118034 
0.000000 
0.000000 
4.272002 
4.272002 
1.118034 
1.118034 
0.000000 
0.000000 
17.007351 
17.007351 
1.118034 
1.118034 
0.000000 
0.000000 
0.500000 
0.500000 
1.118034 
1.118034 
0.500000 
0.500000 
2.121320 
2.121320 
1.118034 
1.118034 
0.000000 
0.000000 
1.118034 
1.118034 
1.118034 
1.118034 
0.000000 
0.000000 
1.500000 
1.500000 
1.118034 
1.118034 
0.500000 
0.500000 
1.581139 
1.581139 
1.118034 
1.118034 
0.500000 
0.500000 
1.118034 
1.118034 
1.118034 
1.118034 
0.000000 
0.000000 
0.500000 
0.500000 
0.000000 
0.000000 
1.414214 
1.414214 
0.500000 
0.500000 
11.180340 
11.180340 
0.000000 
0.000000 
1.118034 
1.118034 
0.000000 
0.000000 
0.500000 
0.500000 
0.000000 
0.000000 
1.581139 
1.581139 
