0.000000 
0.000000 
0.000000 
0.000000 
0.000000 
0.000000 
0.000000 
0.000000 
11.401754 
11.401754 
3.000000 
3.000000 
2.500000 
2.500000 
0.000000 
0.000000 
5.590170 
5.590170 
1.414214 
1.414214 
3.905125 
3.905125 
3.041381 
3.041381 
0.000000 
0.000000 
5.590170 
5.590170 
10.500000 
10.500000 
15.890249 
15.890249 
4.031129 
4.031129 
0.000000 
0.000000 
0.000000 
0.000000 
0.000000 
0.000000 
0.000000 
0.000000 
5.590170 
5.590170 
2.500000 
2.500000 
3.535534 
3.535534 
4.609772 
4.609772 
0.000000 
0.000000 
3.041381 
3.041381 
7.516648 
7.516648 
0.000000 
0.000000 
5.590170 
5.590170 
20.056171 
20.056171 
2.000000 
2.000000 
14.534442 
14.534442 
0.000000 
0.000000 
3.041381 
3.041381 
2.061553 
2.061553 
0.000000 
0.000000 
5.590170 
5.590170 
16.620770 
16.620770 
2.000000 
2.000000 
5.522681 
5.522681 
0.000000 
0.000000 
0.000000 
0.000000 
0.000000 
0.000000 
3.041381 
3.041381 
2.061553 
2.061553 
0.000000 
0.000000 
5.590170 
5.590170 
16.347783 
16.347783 
2.000000 
2.000000 
6.020797 
6.020797 
4.609772 
4.609772 
1.802776 
1.802776 
0.000000 
0.000000 
3.041381 
3.041381 
2.061553 
2.061553 
0.000000 
0.000000 
5.590170 
5.590170 
3.162278 
3.162278 
2.000000 
2.000000 
18.506756 
18.506756 
4.527693 
4.527693 
0.500000 
0.500000 
0.000000 
0.000000 
3.041381 
3.041381 
2.061553 
2.061553 
0.000000 
0.000000 
5.590170 
5.590170 
3.162278 
3.162278 
2.000000 
2.000000 
4.031129 
4.031129 
3.041381 
3.041381 
2.000000 
2.000000 
0.000000 
0.000000 
3.041381 
3.041381 
2.061553 
2.061553 
0.000000 
0.000000 
5.590170 
5.590170 
3.162278 
3.162278 
2.000000 
2.000000 
4.031129 
4.031129 
0.000000 
0.000000 
3.041381 
3.041381 
2.000000 
2.000000 
0.000000 
0.000000 
3.041381 
3.041381 
2.061553 
2.061553 
0.000000 
0.000000 
5.590170 
5.590170 
3.162278 
3.162278 
2.000000 
2.000000 
4.031129 
4.031129 
0.000000 
0.000000 
6.184658 
6.184658 
3.041381 
3.041381 
2.000000 
2.000000 
0.000000 
0.000000 
3.041381 
3.041381 
2.061553 
2.061553 
0.000000 
0.000000 
5.590170 
5.590170 
3.162278 
3.162278 
2.000000 
2.000000 
4.031129 
4.031129 
0.707107 
0.707107 
17.507141 
17.507141 
3.041381 
3.041381 
2.000000 
2.000000 
24.622145 
24.622145 
3.041381 
3.041381 
2.061553 
2.061553 
0.000000 
0.000000 
5.590170 
5.590170 
3.162278 
3.162278 
2.000000 
2.000000 
4.031129 
4.031129 
0.500000 
0.500000 
3.500000 
3.500000 
3.041381 
3.041381 
2.000000 
2.000000 
5.522681 
5.522681 
3.041381 
3.041381 
2.061553 
2.061553 
0.000000 
0.000000 
5.590170 
5.590170 
3.162278 
3.162278 
2.000000 
2.000000 
4.031129 
4.031129 
0.000000 
0.000000 
0.000000 
0.000000 
1.118034 
1.118034 
6.184658 
6.184658 
3.041381 
3.041381 
2.000000 
2.000000 
5.590170 
5.590170 
3.041381 
3.041381 
1.000000 
1.000000 
0.000000 
0.000000 
5.590170 
5.590170 
3.162278 
3.162278 
2.000000 
2.000000 
4.031129 
4.031129 
10.500000 
10.500000 
0.000000 
0.000000 
1.118034 
1.118034 
3.162278 
3.162278 
12.816006 
12.816006 
2.000000 
2.000000 
14.534442 
14.534442 
3.041381 
3.041381 
1.000000 
1.000000 
0.000000 
0.000000 
5.590170 
5.590170 
3.162278 
3.162278 
2.000000 
2.000000 
4.031129 
4.031129 
2.692582 
2.692582 
0.000000 
0.000000 
1.118034 
1.118034 
3.162278 
3.162278 
2.692582 
2.692582 
2.000000 
2.000000 
8.062258 
8.062258 
3.041381 
3.041381 
1.000000 
1.000000 
3.162278 
3.162278 
2.000000 
2.000000 
4.031129 
4.031129 
2.692582 
2.692582 
0.000000 
0.000000 
1.118034 
1.118034 
3.162278 
3.162278 
2.500000 
2.500000 
2.000000 
2.000000 
8.062258 
8.062258 
3.041381 
3.041381 
1.000000 
1.000000 
3.162278 
3.162278 
2.000000 
2.000000 
4.031129 
4.031129 
0.000000 
0.000000 
2.692582 
2.692582 
0.000000 
0.000000 
1.118034 
1.118034 
3.162278 
3.162278 
3.640055 
3.640055 
2.000000 
2.000000 
8.062258 
8.062258 
3.041381 
3.041381 
1.000000 
1.000000 
3.162278 
3.162278 
2.000000 
2.000000 
3.807887 
3.807887 
2.061553 
2.061553 
2.692582 
2.692582 
0.000000 
0.000000 
1.118034 
1.118034 
3.162278 
3.162278 
1.118034 
1.118034 
2.000000 
2.000000 
8.062258 
8.062258 
1.000000 
1.000000 
3.162278 
3.162278 
4.031129 
4.031129 
1.802776 
1.802776 
2.692582 
2.692582 
0.000000 
0.000000 
1.118034 
1.118034 
3.162278 
3.162278 
2.549510 
2.549510 
2.000000 
2.000000 
8.062258 
8.062258 
1.000000 
1.000000 
3.162278 
3.162278 
4.743416 
4.743416 
0.000000 
0.000000 
3.905125 
3.905125 
2.692582 
2.692582 
0.000000 
0.000000 
1.118034 
1.118034 
3.162278 
3.162278 
0.500000 
0.500000 
2.000000 
2.000000 
8.062258 
8.062258 
1.000000 
1.000000 
3.162278 
3.162278 
4.743416 
4.743416 
0.707107 
0.707107 
1.000000 
1.000000 
2.692582 
2.692582 
0.000000 
0.000000 
29.769951 
29.769951 
3.162278 
3.162278 
1.000000 
1.000000 
2.000000 
2.000000 
8.062258 
8.062258 
1.000000 
1.000000 
4.743416 
4.743416 
1.000000 
1.000000 
1.000000 
1.000000 
2.692582 
2.692582 
0.000000 
0.000000 
2.692582 
2.692582 
3.162278 
3.162278 
1.802776 
1.802776 
2.000000 
2.000000 
8.062258 
8.062258 
1.000000 
1.000000 
4.743416 
4.743416 
1.802776 
1.802776 
2.549510 
2.549510 
2.692582 
2.692582 
0.000000 
0.000000 
2.549510 
2.549510 
3.162278 
3.162278 
3.535534 
3.535534 
8.062258 
8.062258 
1.000000 
1.000000 
4.743416 
4.743416 
1.802776 
1.802776 
5.000000 
5.000000 
2.692582 
2.692582 
0.000000 
0.000000 
23.005434 
23.005434 
3.162278 
3.162278 
5.522681 
5.522681 
8.062258 
8.062258 
1.000000 
1.000000 
4.743416 
4.743416 
0.000000 
0.000000 
1.802776 
1.802776 
5.099020 
5.099020 
2.692582 
2.692582 
0.000000 
0.000000 
4.527693 
4.527693 
3.162278 
3.162278 
5.000000 
5.000000 
8.062258 
8.062258 
1.000000 
1.000000 
4.743416 
4.743416 
2.692582 
2.692582 
1.802776 
1.802776 
15.500000 
15.500000 
2.692582 
2.692582 
0.000000 
0.000000 
2.915476 
2.915476 
3.162278 
3.162278 
8.514693 
8.514693 
8.062258 
8.062258 
1.000000 
1.000000 
4.743416 
4.743416 
2.692582 
2.692582 
1.802776 
1.802776 
4.924429 
4.924429 
2.692582 
2.692582 
6.576473 
6.576473 
15.500000 
15.500000 
3.162278 
3.162278 
2.061553 
2.061553 
8.062258 
8.062258 
1.000000 
1.000000 
4.743416 
4.743416 
2.692582 
2.692582 
1.802776 
1.802776 
4.031129 
4.031129 
2.692582 
2.692582 
6.576473 
6.576473 
2.121320 
2.121320 
3.162278 
3.162278 
2.061553 
2.061553 
8.062258 
8.062258 
4.743416 
4.743416 
0.000000 
0.000000 
2.692582 
2.692582 
9.055385 
9.055385 
4.924429 
4.924429 
2.692582 
2.692582 
6.576473 
6.576473 
1.802776 
1.802776 
2.061553 
2.061553 
8.062258 
8.062258 
4.743416 
4.743416 
3.500000 
3.500000 
2.692582 
2.692582 
1.118034 
1.118034 
13.038405 
13.038405 
6.576473 
6.576473 
2.236068 
2.236068 
2.061553 
2.061553 
4.743416 
4.743416 
7.017834 
7.017834 
2.692582 
2.692582 
1.118034 
1.118034 
4.272002 
4.272002 
6.576473 
6.576473 
2.236068 
2.236068 
4.743416 
4.743416 
4.743416 
4.743416 
3.201562 
3.201562 
2.692582 
2.692582 
1.118034 
1.118034 
2.121320 
2.121320 
6.576473 
6.576473 
2.236068 
2.236068 
1.000000 
1.000000 
4.743416 
4.743416 
6.500000 
6.500000 
2.692582 
2.692582 
0.500000 
0.500000 
1.118034 
1.118034 
6.576473 
6.576473 
2.236068 
2.236068 
0.500000 
0.500000 
4.743416 
4.743416 
1.000000 
1.000000 
2.692582 
2.692582 
0.500000 
0.500000 
1.118034 
1.118034 
6.576473 
6.576473 
2.236068 
2.236068 
0.000000 
0.000000 
0.500000 
0.500000 
2.692582 
2.692582 
0.500000 
0.500000 
0.707107 
0.707107 
6.576473 
6.576473 
2.236068 
2.236068 
0.000000 
0.000000 
0.500000 
0.500000 
2.692582 
2.692582 
9.055385 
9.055385 
1.500000 
1.500000 
6.576473 
6.576473 
2.236068 
2.236068 
0.707107 
0.707107 
