0.000000 
0.000000 
0.000000 
0.000000 
0.000000 
0.000000 
0.000000 
0.000000 
3.041381 
3.041381 
0.000000 
0.000000 
5.000000 
5.000000 
1.581139 
1.581139 
0.000000 
0.000000 
1.500000 
1.500000 
0.000000 
0.000000 
5.000000 
5.000000 
2.915476 
2.915476 
0.000000 
0.000000 
0.000000 
0.000000 
0.000000 
0.000000 
2.692582 
2.692582 
1.802776 
1.802776 
0.000000 
0.000000 
5.000000 
5.000000 
2.121320 
2.121320 
0.000000 
0.000000 
2.061553 
2.061553 
9.486833 
9.486833 
4.500000 
4.500000 
3.354102 
3.354102 
1.000000 
1.000000 
0.000000 
0.000000 
5.000000 
5.000000 
14.713939 
14.713939 
2.121320 
2.121320 
3.354102 
3.354102 
8.062258 
8.062258 
2.549510 
2.549510 
9.124144 
9.124144 
3.162278 
3.162278 
0.000000 
0.000000 
5.000000 
5.000000 
0.500000 
0.500000 
2.061553 
2.061553 
6.082763 
6.082763 
1.581139 
1.581139 
2.236068 
2.236068 
3.162278 
3.162278 
1.118034 
1.118034 
0.000000 
0.000000 
5.000000 
5.000000 
0.500000 
0.500000 
1.802776 
1.802776 
0.707107 
0.707107 
7.905694 
7.905694 
7.648529 
7.648529 
2.549510 
2.549510 
2.061553 
2.061553 
0.000000 
0.000000 
5.000000 
5.000000 
0.500000 
0.500000 
0.707107 
0.707107 
8.514693 
8.514693 
2.500000 
2.500000 
1.581139 
1.581139 
5.500000 
5.500000 
30.037477 
30.037477 
0.000000 
0.000000 
5.000000 
5.000000 
0.500000 
0.500000 
0.707107 
0.707107 
5.147815 
5.147815 
3.354102 
3.354102 
1.802776 
1.802776 
1.118034 
1.118034 
1.118034 
1.118034 
0.000000 
0.000000 
5.000000 
5.000000 
0.500000 
0.500000 
1.000000 
1.000000 
5.220153 
5.220153 
1.000000 
1.000000 
1.581139 
1.581139 
1.118034 
1.118034 
2.692582 
2.692582 
0.000000 
0.000000 
5.000000 
5.000000 
0.500000 
0.500000 
0.000000 
0.000000 
1.581139 
1.581139 
1.500000 
1.500000 
3.640055 
3.640055 
1.802776 
1.802776 
0.707107 
0.707107 
0.500000 
0.500000 
0.000000 
0.000000 
5.000000 
5.000000 
16.867128 
16.867128 
0.000000 
0.000000 
11.011358 
11.011358 
0.000000 
0.000000 
0.500000 
0.500000 
1.581139 
1.581139 
0.500000 
0.500000 
1.118034 
1.118034 
0.000000 
0.000000 
5.000000 
5.000000 
2.000000 
2.000000 
0.000000 
0.000000 
1.802776 
1.802776 
0.707107 
0.707107 
1.118034 
1.118034 
0.707107 
0.707107 
0.500000 
0.500000 
1.118034 
1.118034 
0.000000 
0.000000 
5.000000 
5.000000 
1.414214 
1.414214 
0.000000 
0.000000 
0.500000 
0.500000 
0.500000 
0.500000 
0.500000 
0.500000 
1.118034 
1.118034 
0.707107 
0.707107 
1.000000 
1.000000 
0.000000 
0.000000 
5.000000 
5.000000 
13.038405 
13.038405 
0.000000 
0.000000 
1.118034 
1.118034 
0.500000 
0.500000 
0.500000 
0.500000 
2.121320 
2.121320 
1.000000 
1.000000 
2.500000 
2.500000 
5.000000 
5.000000 
1.118034 
1.118034 
0.000000 
0.000000 
1.000000 
1.000000 
1.581139 
1.581139 
0.500000 
0.500000 
2.236068 
2.236068 
3.500000 
3.500000 
4.609772 
4.609772 
1.118034 
1.118034 
7.615773 
7.615773 
0.500000 
0.500000 
1.581139 
1.581139 
5.522681 
5.522681 
1.118034 
1.118034 
2.061553 
2.061553 
0.707107 
0.707107 
1.500000 
1.500000 
1.118034 
1.118034 
1.802776 
1.802776 
1.581139 
1.581139 
0.707107 
0.707107 
7.648529 
7.648529 
4.472136 
4.472136 
0.707107 
0.707107 
2.121320 
2.121320 
1.118034 
1.118034 
1.000000 
1.000000 
1.581139 
1.581139 
2.236068 
2.236068 
6.670832 
6.670832 
2.061553 
2.061553 
0.500000 
0.500000 
2.236068 
2.236068 
1.118034 
1.118034 
1.000000 
1.000000 
1.581139 
1.581139 
3.605551 
3.605551 
3.535534 
3.535534 
1.500000 
1.500000 
1.414214 
1.414214 
2.692582 
2.692582 
1.118034 
1.118034 
0.500000 
0.500000 
1.581139 
1.581139 
13.583078 
13.583078 
1.802776 
1.802776 
0.500000 
0.500000 
14.508618 
14.508618 
2.500000 
2.500000 
0.000000 
0.000000 
1.118034 
1.118034 
0.500000 
0.500000 
1.581139 
1.581139 
1.414214 
1.414214 
0.500000 
0.500000 
0.500000 
0.500000 
14.508618 
14.508618 
15.787653 
15.787653 
1.000000 
1.000000 
1.118034 
1.118034 
0.707107 
0.707107 
1.581139 
1.581139 
10.440307 
10.440307 
1.414214 
1.414214 
1.414214 
1.414214 
14.508618 
14.508618 
16.620770 
16.620770 
2.000000 
2.000000 
1.118034 
1.118034 
0.500000 
0.500000 
1.581139 
1.581139 
2.500000 
2.500000 
1.000000 
1.000000 
6.403124 
6.403124 
14.508618 
14.508618 
3.201562 
3.201562 
2.000000 
2.000000 
1.500000 
1.500000 
1.000000 
1.000000 
1.581139 
1.581139 
6.519202 
6.519202 
0.707107 
0.707107 
3.201562 
3.201562 
5.522681 
5.522681 
3.640055 
3.640055 
2.000000 
2.000000 
5.500000 
5.500000 
0.707107 
0.707107 
1.581139 
1.581139 
6.020797 
6.020797 
9.013878 
9.013878 
3.535534 
3.535534 
1.500000 
1.500000 
3.640055 
3.640055 
2.000000 
2.000000 
1.118034 
1.118034 
0.500000 
0.500000 
1.581139 
1.581139 
1.581139 
1.581139 
4.000000 
4.000000 
3.162278 
3.162278 
1.500000 
1.500000 
3.640055 
3.640055 
2.000000 
2.000000 
1.118034 
1.118034 
1.118034 
1.118034 
1.581139 
1.581139 
4.609772 
4.609772 
3.000000 
3.000000 
2.500000 
2.500000 
1.500000 
1.500000 
3.640055 
3.640055 
2.000000 
2.000000 
1.000000 
1.000000 
1.118034 
1.118034 
1.581139 
1.581139 
1.118034 
1.118034 
8.732125 
8.732125 
1.000000 
1.000000 
1.500000 
1.500000 
3.640055 
3.640055 
2.000000 
2.000000 
0.500000 
0.500000 
0.500000 
0.500000 
1.581139 
1.581139 
1.581139 
1.581139 
1.802776 
1.802776 
1.118034 
1.118034 
1.500000 
1.500000 
3.640055 
3.640055 
2.000000 
2.000000 
0.500000 
0.500000 
1.000000 
1.000000 
1.581139 
1.581139 
1.414214 
1.414214 
4.123106 
4.123106 
1.500000 
1.500000 
3.640055 
3.640055 
2.000000 
2.000000 
2.121320 
2.121320 
7.158911 
7.158911 
0.707107 
0.707107 
2.000000 
2.000000 
9.708244 
9.708244 
1.500000 
1.500000 
3.640055 
3.640055 
2.000000 
2.000000 
13.583078 
13.583078 
7.158911 
7.158911 
1.802776 
1.802776 
12.000000 
12.000000 
3.605551 
3.605551 
1.500000 
1.500000 
3.640055 
3.640055 
2.000000 
2.000000 
1.118034 
1.118034 
7.158911 
7.158911 
1.802776 
1.802776 
3.162278 
3.162278 
2.549510 
2.549510 
1.500000 
1.500000 
3.640055 
3.640055 
2.000000 
2.000000 
1.118034 
1.118034 
7.158911 
7.158911 
5.024938 
5.024938 
5.385165 
5.385165 
4.000000 
4.000000 
1.500000 
1.500000 
3.640055 
3.640055 
2.000000 
2.000000 
1.118034 
1.118034 
7.158911 
7.158911 
2.061553 
2.061553 
5.220153 
5.220153 
4.527693 
4.527693 
6.264982 
6.264982 
3.640055 
3.640055 
2.000000 
2.000000 
1.118034 
1.118034 
7.158911 
7.158911 
1.802776 
1.802776 
5.220153 
5.220153 
6.000000 
6.000000 
1.118034 
1.118034 
3.640055 
3.640055 
0.000000 
0.000000 
0.000000 
0.000000 
2.000000 
2.000000 
1.118034 
1.118034 
7.158911 
7.158911 
1.802776 
1.802776 
5.220153 
5.220153 
11.510864 
11.510864 
10.307764 
10.307764 
3.640055 
3.640055 
