0.000000 
0.000000 
0.000000 
0.000000 
0.000000 
0.000000 
0.000000 
0.000000 
0.000000 
0.000000 
2.549510 
2.549510 
24.000000 
24.000000 
2.500000 
2.500000 
4.527693 
4.527693 
0.000000 
0.000000 
1.802776 
1.802776 
2.549510 
2.549510 
24.000000 
24.000000 
2.236068 
2.236068 
12.010412 
12.010412 
1.500000 
1.500000 
1.802776 
1.802776 
2.549510 
2.549510 
24.000000 
24.000000 
2.236068 
2.236068 
3.041381 
3.041381 
1.000000 
1.000000 
1.802776 
1.802776 
2.549510 
2.549510 
24.000000 
24.000000 
2.236068 
2.236068 
5.024938 
5.024938 
28.217902 
28.217902 
1.802776 
1.802776 
2.549510 
2.549510 
18.172782 
18.172782 
2.236068 
2.236068 
5.700877 
5.700877 
3.905125 
3.905125 
1.802776 
1.802776 
2.549510 
2.549510 
26.504717 
26.504717 
2.236068 
2.236068 
14.637281 
14.637281 
0.000000 
0.000000 
0.000000 
0.000000 
0.000000 
0.000000 
4.609772 
4.609772 
1.802776 
1.802776 
2.549510 
2.549510 
26.504717 
26.504717 
2.236068 
2.236068 
2.061553 
2.061553 
1.118034 
1.118034 
0.707107 
0.707107 
3.162278 
3.162278 
16.710775 
16.710775 
1.802776 
1.802776 
2.549510 
2.549510 
23.547824 
23.547824 
2.236068 
2.236068 
2.061553 
2.061553 
0.707107 
0.707107 
0.500000 
0.500000 
2.500000 
2.500000 
2.915476 
2.915476 
1.802776 
1.802776 
2.549510 
2.549510 
5.590170 
5.590170 
2.236068 
2.236068 
2.061553 
2.061553 
1.000000 
1.000000 
0.500000 
0.500000 
10.012492 
10.012492 
6.082763 
6.082763 
1.802776 
1.802776 
2.549510 
2.549510 
5.024938 
5.024938 
2.236068 
2.236068 
2.061553 
2.061553 
12.509996 
12.509996 
1.000000 
1.000000 
1.500000 
1.500000 
2.121320 
2.121320 
1.802776 
1.802776 
2.549510 
2.549510 
16.031220 
16.031220 
2.236068 
2.236068 
2.061553 
2.061553 
12.509996 
12.509996 
1.118034 
1.118034 
1.500000 
1.500000 
1.802776 
1.802776 
1.802776 
1.802776 
2.549510 
2.549510 
16.031220 
16.031220 
2.236068 
2.236068 
2.061553 
2.061553 
12.509996 
12.509996 
0.707107 
0.707107 
1.500000 
1.500000 
3.640055 
3.640055 
1.802776 
1.802776 
2.549510 
2.549510 
16.031220 
16.031220 
2.236068 
2.236068 
2.061553 
2.061553 
12.509996 
12.509996 
0.707107 
0.707107 
1.500000 
1.500000 
2.549510 
2.549510 
1.802776 
1.802776 
2.549510 
2.549510 
16.031220 
16.031220 
2.236068 
2.236068 
2.061553 
2.061553 
10.012492 
10.012492 
0.707107 
0.707107 
1.500000 
1.500000 
1.118034 
1.118034 
1.802776 
1.802776 
2.549510 
2.549510 
16.031220 
16.031220 
2.236068 
2.236068 
2.061553 
2.061553 
1.802776 
1.802776 
0.707107 
0.707107 
1.500000 
1.500000 
3.201562 
3.201562 
1.802776 
1.802776 
16.031220 
16.031220 
2.236068 
2.236068 
2.061553 
2.061553 
1.802776 
1.802776 
0.707107 
0.707107 
1.500000 
1.500000 
3.535534 
3.535534 
16.031220 
16.031220 
2.061553 
2.061553 
0.000000 
0.000000 
1.802776 
1.802776 
0.707107 
0.707107 
1.500000 
1.500000 
20.000000 
20.000000 
3.807887 
3.807887 
2.061553 
2.061553 
0.000000 
0.000000 
1.802776 
1.802776 
0.707107 
0.707107 
1.500000 
1.500000 
5.099020 
5.099020 
3.807887 
3.807887 
2.061553 
2.061553 
0.000000 
0.000000 
1.802776 
1.802776 
0.707107 
0.707107 
1.500000 
1.500000 
3.162278 
3.162278 
5.024938 
5.024938 
2.061553 
2.061553 
0.000000 
0.000000 
1.802776 
1.802776 
0.707107 
0.707107 
1.500000 
1.500000 
3.162278 
3.162278 
2.692582 
2.692582 
2.061553 
2.061553 
0.000000 
0.000000 
1.802776 
1.802776 
0.707107 
0.707107 
1.500000 
1.500000 
3.162278 
3.162278 
14.008926 
14.008926 
0.000000 
0.000000 
1.802776 
1.802776 
0.707107 
0.707107 
1.500000 
1.500000 
3.162278 
3.162278 
3.041381 
3.041381 
0.000000 
0.000000 
1.802776 
1.802776 
0.707107 
0.707107 
1.500000 
1.500000 
27.064737 
27.064737 
5.024938 
5.024938 
0.000000 
0.000000 
1.802776 
1.802776 
0.707107 
0.707107 
1.500000 
1.500000 
1.581139 
1.581139 
3.500000 
3.500000 
0.000000 
0.000000 
1.802776 
1.802776 
0.707107 
0.707107 
2.000000 
2.000000 
15.500000 
15.500000 
0.000000 
0.000000 
1.802776 
1.802776 
0.707107 
0.707107 
16.031220 
16.031220 
3.041381 
3.041381 
0.000000 
0.000000 
1.802776 
1.802776 
2.236068 
2.236068 
2.500000 
2.500000 
0.000000 
0.000000 
0.000000 
0.000000 
1.802776 
1.802776 
2.000000 
2.000000 
2.500000 
2.500000 
3.201562 
3.201562 
0.000000 
0.000000 
1.802776 
1.802776 
2.000000 
2.000000 
2.500000 
2.500000 
2.915476 
2.915476 
0.000000 
0.000000 
26.967573 
26.967573 
3.201562 
3.201562 
1.118034 
1.118034 
0.000000 
0.000000 
3.041381 
3.041381 
2.828427 
2.828427 
0.000000 
0.000000 
1.118034 
1.118034 
7.516648 
7.516648 
1.802776 
1.802776 
3.041381 
3.041381 
1.118034 
1.118034 
1.802776 
1.802776 
1.000000 
1.000000 
12.854960 
12.854960 
1.118034 
1.118034 
5.024938 
5.024938 
1.581139 
1.581139 
5.500000 
5.500000 
1.118034 
1.118034 
10.500000 
10.500000 
1.802776 
1.802776 
5.500000 
5.500000 
1.118034 
1.118034 
9.124144 
9.124144 
0.707107 
0.707107 
5.500000 
5.500000 
1.118034 
1.118034 
3.535534 
3.535534 
1.118034 
1.118034 
