0.000000 
0.000000 
2.061553 
2.061553 
0.500000 
0.500000 
1.500000 
1.500000 
0.707107 
0.707107 
1.118034 
1.118034 
2.121320 
2.121320 
9.340771 
9.340771 
4.123106 
4.123106 
4.031129 
4.031129 
5.000000 
5.000000 
4.472136 
4.472136 
4.000000 
4.000000 
0.000000 
0.000000 
2.000000 
2.000000 
2.692582 
2.692582 
1.118034 
1.118034 
1.118034 
1.118034 
1.802776 
1.802776 
1.118034 
1.118034 
0.707107 
0.707107 
1.118034 
1.118034 
0.707107 
0.707107 
1.118034 
1.118034 
0.707107 
0.707107 
1.118034 
1.118034 
0.707107 
0.707107 
1.118034 
1.118034 
10.049876 
10.049876 
1.118034 
1.118034 
10.049876 
10.049876 
0.000000 
0.000000 
1.118034 
1.118034 
10.049876 
10.049876 
2.692582 
2.692582 
1.118034 
1.118034 
10.049876 
10.049876 
16.378339 
16.378339 
1.118034 
1.118034 
10.049876 
10.049876 
