0.000000 
0.000000 
0.000000 
0.000000 
0.000000 
0.000000 
3.354102 
3.354102 
3.041381 
3.041381 
8.000000 
8.000000 
3.354102 
3.354102 
1.000000 
1.000000 
1.118034 
1.118034 
3.354102 
3.354102 
1.581139 
1.581139 
2.000000 
2.000000 
0.000000 
0.000000 
3.354102 
3.354102 
9.055385 
9.055385 
3.000000 
3.000000 
1.581139 
1.581139 
3.354102 
3.354102 
1.000000 
1.000000 
8.544004 
8.544004 
0.000000 
0.000000 
1.000000 
1.000000 
3.354102 
3.354102 
1.118034 
1.118034 
2.500000 
2.500000 
0.000000 
0.000000 
0.000000 
0.000000 
1.500000 
1.500000 
3.354102 
3.354102 
1.414214 
1.414214 
2.692582 
2.692582 
0.500000 
0.500000 
0.707107 
0.707107 
1.000000 
1.000000 
3.354102 
3.354102 
1.000000 
1.000000 
2.000000 
2.000000 
0.500000 
0.500000 
0.500000 
0.500000 
1.118034 
1.118034 
3.354102 
3.354102 
1.500000 
1.500000 
1.500000 
1.500000 
1.118034 
1.118034 
0.707107 
0.707107 
1.581139 
1.581139 
3.354102 
3.354102 
2.500000 
2.500000 
0.000000 
0.000000 
2.061553 
2.061553 
0.500000 
0.500000 
2.549510 
2.549510 
3.354102 
3.354102 
11.045361 
11.045361 
8.200610 
8.200610 
2.549510 
2.549510 
5.000000 
5.000000 
2.500000 
2.500000 
3.354102 
3.354102 
3.041381 
3.041381 
5.024938 
5.024938 
2.549510 
2.549510 
1.500000 
1.500000 
3.041381 
3.041381 
3.354102 
3.354102 
3.354102 
3.354102 
2.000000 
2.000000 
7.017834 
7.017834 
1.500000 
1.500000 
3.535534 
3.535534 
23.345235 
23.345235 
3.605551 
3.605551 
2.692582 
2.692582 
1.500000 
1.500000 
1.500000 
1.500000 
2.692582 
2.692582 
3.354102 
3.354102 
3.605551 
3.605551 
2.061553 
2.061553 
1.581139 
1.581139 
1.500000 
1.500000 
1.000000 
1.000000 
5.099020 
5.099020 
3.605551 
3.605551 
0.707107 
0.707107 
1.581139 
1.581139 
1.500000 
1.500000 
0.500000 
0.500000 
20.426698 
20.426698 
3.605551 
3.605551 
2.500000 
2.500000 
0.707107 
0.707107 
1.500000 
1.500000 
0.000000 
0.000000 
9.013878 
9.013878 
3.605551 
3.605551 
1.802776 
1.802776 
1.118034 
1.118034 
1.500000 
1.500000 
1.118034 
1.118034 
4.031129 
4.031129 
3.605551 
3.605551 
2.000000 
2.000000 
1.118034 
1.118034 
1.500000 
1.500000 
1.118034 
1.118034 
3.535534 
3.535534 
3.605551 
3.605551 
4.031129 
4.031129 
1.118034 
1.118034 
1.500000 
1.500000 
1.118034 
1.118034 
0.500000 
0.500000 
3.605551 
3.605551 
2.549510 
2.549510 
1.118034 
1.118034 
1.500000 
1.500000 
1.118034 
1.118034 
0.707107 
0.707107 
3.605551 
3.605551 
1.581139 
1.581139 
1.118034 
1.118034 
1.500000 
1.500000 
1.118034 
1.118034 
1.000000 
1.000000 
3.605551 
3.605551 
0.500000 
0.500000 
1.118034 
1.118034 
1.500000 
1.500000 
1.118034 
1.118034 
0.500000 
0.500000 
3.605551 
3.605551 
1.581139 
1.581139 
1.118034 
1.118034 
1.500000 
1.500000 
1.118034 
1.118034 
1.000000 
1.000000 
3.605551 
3.605551 
1.118034 
1.118034 
1.118034 
1.118034 
1.500000 
1.500000 
1.118034 
1.118034 
9.500000 
9.500000 
3.605551 
3.605551 
16.530275 
16.530275 
1.118034 
1.118034 
1.500000 
1.500000 
1.118034 
1.118034 
1.414214 
1.414214 
3.605551 
3.605551 
3.000000 
3.000000 
1.118034 
1.118034 
1.118034 
1.118034 
2.500000 
2.500000 
3.605551 
3.605551 
4.527693 
4.527693 
1.118034 
1.118034 
1.118034 
1.118034 
4.301163 
4.301163 
3.162278 
3.162278 
1.118034 
1.118034 
1.118034 
1.118034 
19.026298 
19.026298 
20.056171 
20.056171 
1.118034 
1.118034 
1.118034 
1.118034 
1.118034 
1.118034 
1.802776 
1.802776 
1.118034 
1.118034 
1.118034 
1.118034 
3.162278 
3.162278 
2.549510 
2.549510 
1.118034 
1.118034 
1.118034 
1.118034 
1.118034 
1.118034 
25.578311 
25.578311 
2.500000 
2.500000 
3.041381 
3.041381 
0.000000 
0.000000 
2.236068 
2.236068 
3.041381 
3.041381 
1.581139 
1.581139 
3.905125 
3.905125 
3.041381 
3.041381 
0.000000 
0.000000 
1.000000 
1.000000 
3.905125 
3.905125 
3.041381 
3.041381 
0.000000 
0.000000 
0.000000 
0.000000 
0.000000 
0.000000 
7.071068 
7.071068 
20.500000 
20.500000 
3.041381 
3.041381 
