0.000000 
0.000000 
0.000000 
0.000000 
4.123106 
4.123106 
4.472136 
4.472136 
10.307764 
10.307764 
4.031129 
4.031129 
1.118034 
1.118034 
1.414214 
1.414214 
1.581139 
1.581139 
17.507141 
17.507141 
1.118034 
1.118034 
4.000000 
4.000000 
2.236068 
2.236068 
3.535534 
3.535534 
2.549510 
2.549510 
2.692582 
2.692582 
3.605551 
3.605551 
17.564168 
17.564168 
2.692582 
2.692582 
2.692582 
2.692582 
2.061553 
2.061553 
21.148286 
21.148286 
12.509996 
12.509996 
25.005000 
25.005000 
0.707107 
0.707107 
27.004629 
27.004629 
0.707107 
0.707107 
2.061553 
2.061553 
2.500000 
2.500000 
24.682990 
24.682990 
1.802776 
1.802776 
2.692582 
2.692582 
1.802776 
1.802776 
9.708244 
9.708244 
1.802776 
1.802776 
1.118034 
1.118034 
1.802776 
1.802776 
21.023796 
21.023796 
1.802776 
1.802776 
0.000000 
0.000000 
2.828427 
2.828427 
1.802776 
1.802776 
2.692582 
2.692582 
3.162278 
3.162278 
1.802776 
1.802776 
1.500000 
1.500000 
3.201562 
3.201562 
1.802776 
1.802776 
2.915476 
2.915476 
3.201562 
3.201562 
1.802776 
1.802776 
0.000000 
0.000000 
2.915476 
2.915476 
3.201562 
3.201562 
1.802776 
1.802776 
2.692582 
2.692582 
2.915476 
2.915476 
3.201562 
3.201562 
1.802776 
1.802776 
2.549510 
2.549510 
2.915476 
2.915476 
3.201562 
3.201562 
1.802776 
1.802776 
19.006578 
19.006578 
2.915476 
2.915476 
3.201562 
3.201562 
1.802776 
1.802776 
19.006578 
19.006578 
2.915476 
2.915476 
3.201562 
3.201562 
1.802776 
1.802776 
19.006578 
19.006578 
2.915476 
2.915476 
3.201562 
3.201562 
1.802776 
1.802776 
19.006578 
19.006578 
2.915476 
2.915476 
3.201562 
3.201562 
19.006578 
19.006578 
2.915476 
2.915476 
3.201562 
3.201562 
19.006578 
19.006578 
2.915476 
2.915476 
3.201562 
3.201562 
19.006578 
19.006578 
2.915476 
2.915476 
3.201562 
3.201562 
27.060118 
27.060118 
2.915476 
2.915476 
3.201562 
3.201562 
27.060118 
27.060118 
2.915476 
2.915476 
3.201562 
3.201562 
27.060118 
27.060118 
2.915476 
2.915476 
3.201562 
3.201562 
27.060118 
27.060118 
2.915476 
2.915476 
14.916434 
14.916434 
