0.000000 
0.000000 
3.000000 
3.000000 
8.139410 
8.139410 
3.162278 
3.162278 
2.692582 
2.692582 
0.000000 
0.000000 
2.061553 
2.061553 
0.000000 
0.000000 
5.500000 
5.500000 
0.000000 
0.000000 
2.500000 
2.500000 
0.000000 
0.000000 
3.041381 
3.041381 
0.000000 
0.000000 
0.000000 
0.000000 
7.516648 
7.516648 
1.500000 
1.500000 
0.000000 
0.000000 
6.964194 
6.964194 
2.061553 
2.061553 
0.000000 
0.000000 
4.000000 
4.000000 
2.061553 
2.061553 
0.000000 
0.000000 
8.500000 
8.500000 
2.061553 
2.061553 
0.000000 
0.000000 
4.123106 
4.123106 
0.000000 
0.000000 
2.061553 
2.061553 
0.000000 
0.000000 
3.041381 
3.041381 
2.000000 
2.000000 
2.061553 
2.061553 
0.000000 
0.000000 
6.324555 
6.324555 
1.118034 
1.118034 
2.061553 
2.061553 
0.000000 
0.000000 
2.692582 
2.692582 
1.118034 
1.118034 
2.061553 
2.061553 
0.000000 
0.000000 
3.162278 
3.162278 
1.118034 
1.118034 
2.061553 
2.061553 
0.000000 
0.000000 
2.828427 
2.828427 
1.118034 
1.118034 
2.061553 
2.061553 
0.000000 
0.000000 
2.236068 
2.236068 
1.118034 
1.118034 
2.061553 
2.061553 
4.527693 
4.527693 
1.118034 
1.118034 
2.061553 
2.061553 
2.000000 
2.000000 
1.118034 
1.118034 
2.061553 
2.061553 
2.500000 
2.500000 
1.118034 
1.118034 
2.061553 
2.061553 
1.500000 
1.500000 
1.118034 
1.118034 
2.061553 
2.061553 
1.000000 
1.000000 
1.118034 
1.118034 
3.041381 
3.041381 
0.707107 
0.707107 
0.000000 
0.000000 
1.118034 
1.118034 
1.581139 
1.581139 
0.500000 
0.500000 
8.000000 
8.000000 
1.118034 
1.118034 
1.581139 
1.581139 
2.500000 
2.500000 
0.000000 
0.000000 
2.000000 
2.000000 
1.118034 
1.118034 
1.581139 
1.581139 
3.000000 
3.000000 
1.118034 
1.118034 
1.802776 
1.802776 
1.118034 
1.118034 
1.581139 
1.581139 
6.500000 
6.500000 
2.000000 
2.000000 
1.802776 
1.802776 
1.118034 
1.118034 
1.581139 
1.581139 
4.031129 
4.031129 
2.000000 
2.000000 
1.802776 
1.802776 
1.581139 
1.581139 
4.031129 
4.031129 
2.000000 
2.000000 
1.802776 
1.802776 
1.581139 
1.581139 
4.031129 
4.031129 
2.000000 
2.000000 
1.802776 
1.802776 
1.581139 
1.581139 
4.031129 
4.031129 
0.000000 
0.000000 
2.000000 
2.000000 
1.802776 
1.802776 
1.581139 
1.581139 
4.031129 
4.031129 
0.000000 
0.000000 
2.000000 
2.000000 
1.802776 
1.802776 
1.581139 
1.581139 
4.031129 
4.031129 
0.000000 
0.000000 
2.000000 
2.000000 
1.802776 
1.802776 
1.581139 
1.581139 
4.031129 
4.031129 
0.000000 
0.000000 
2.000000 
2.000000 
1.802776 
1.802776 
1.581139 
1.581139 
4.031129 
4.031129 
0.000000 
0.000000 
2.000000 
2.000000 
1.802776 
1.802776 
1.581139 
1.581139 
4.031129 
4.031129 
