0.000000 
0.000000 
0.000000 
0.000000 
0.500000 
0.500000 
3.041381 
3.041381 
1.500000 
1.500000 
3.640055 
3.640055 
3.041381 
3.041381 
3.807887 
3.807887 
10.049876 
10.049876 
1.802776 
1.802776 
2.121320 
2.121320 
1.802776 
1.802776 
2.121320 
2.121320 
1.802776 
1.802776 
1.414214 
1.414214 
1.802776 
1.802776 
0.000000 
0.000000 
30.004166 
30.004166 
1.802776 
1.802776 
25.019992 
25.019992 
3.041381 
3.041381 
1.802776 
1.802776 
1.581139 
1.581139 
2.549510 
2.549510 
1.802776 
1.802776 
1.000000 
1.000000 
3.640055 
3.640055 
1.802776 
1.802776 
1.000000 
1.000000 
24.520400 
24.520400 
1.802776 
1.802776 
3.041381 
3.041381 
2.549510 
2.549510 
1.802776 
1.802776 
20.223748 
20.223748 
1.802776 
1.802776 
1.802776 
1.802776 
4.527693 
4.527693 
1.581139 
1.581139 
1.802776 
1.802776 
2.000000 
2.000000 
0.707107 
0.707107 
1.802776 
1.802776 
0.707107 
0.707107 
2.061553 
2.061553 
1.802776 
1.802776 
1.414214 
1.414214 
2.915476 
2.915476 
1.802776 
1.802776 
2.061553 
2.061553 
2.828427 
2.828427 
2.121320 
2.121320 
2.000000 
2.000000 
3.535534 
3.535534 
1.581139 
1.581139 
2.000000 
2.000000 
1.118034 
1.118034 
0.500000 
0.500000 
0.500000 
0.500000 
0.500000 
0.500000 
1.000000 
1.000000 
1.500000 
1.500000 
1.118034 
1.118034 
1.414214 
1.414214 
1.414214 
1.414214 
1.118034 
1.118034 
1.802776 
1.802776 
16.507574 
16.507574 
1.802776 
1.802776 
1.118034 
1.118034 
0.707107 
0.707107 
0.500000 
0.500000 
1.000000 
1.000000 
1.414214 
1.414214 
1.802776 
1.802776 
2.000000 
2.000000 
1.118034 
1.118034 
3.162278 
3.162278 
0.707107 
0.707107 
1.118034 
1.118034 
1.000000 
1.000000 
1.802776 
1.802776 
0.707107 
0.707107 
2.549510 
2.549510 
0.500000 
0.500000 
1.414214 
1.414214 
10.012492 
10.012492 
1.581139 
1.581139 
10.000000 
10.000000 
