0.000000 
0.000000 
0.000000 
0.000000 
1.581139 
1.581139 
11.280514 
11.280514 
1.118034 
1.118034 
1.414214 
1.414214 
1.118034 
1.118034 
1.414214 
1.414214 
1.118034 
1.118034 
1.581139 
1.581139 
0.000000 
0.000000 
1.118034 
1.118034 
1.000000 
1.000000 
0.500000 
0.500000 
1.118034 
1.118034 
1.802776 
1.802776 
0.500000 
0.500000 
1.118034 
1.118034 
0.707107 
0.707107 
0.500000 
0.500000 
1.118034 
1.118034 
1.118034 
1.118034 
0.500000 
0.500000 
1.118034 
1.118034 
1.500000 
1.500000 
0.707107 
0.707107 
1.118034 
1.118034 
2.236068 
2.236068 
1.581139 
1.581139 
1.118034 
1.118034 
14.577380 
14.577380 
1.000000 
1.000000 
1.118034 
1.118034 
13.500000 
13.500000 
1.000000 
1.000000 
1.118034 
1.118034 
16.070159 
16.070159 
1.000000 
1.000000 
1.118034 
1.118034 
1.000000 
1.000000 
1.000000 
1.000000 
1.118034 
1.118034 
2.236068 
2.236068 
1.000000 
1.000000 
1.118034 
1.118034 
1.581139 
1.581139 
1.000000 
1.000000 
1.118034 
1.118034 
1.000000 
1.000000 
1.000000 
1.000000 
2.500000 
2.500000 
1.000000 
1.000000 
2.500000 
2.500000 
1.000000 
1.000000 
2.500000 
2.500000 
1.000000 
1.000000 
2.500000 
2.500000 
1.000000 
1.000000 
2.500000 
2.500000 
1.000000 
1.000000 
2.500000 
2.500000 
1.000000 
1.000000 
2.500000 
2.500000 
1.000000 
1.000000 
2.500000 
2.500000 
1.000000 
1.000000 
33.559648 
33.559648 
0.000000 
0.000000 
1.118034 
1.118034 
1.581139 
1.581139 
3.162278 
3.162278 
3.162278 
3.162278 
3.162278 
3.162278 
3.162278 
3.162278 
28.071338 
28.071338 
2.000000 
2.000000 
27.572631 
27.572631 
3.605551 
3.605551 
1.581139 
1.581139 
