0.000000 
0.000000 
3.640055 
3.640055 
3.640055 
3.640055 
3.640055 
3.640055 
3.640055 
3.640055 
3.640055 
3.640055 
3.640055 
3.640055 
0.000000 
0.000000 
3.640055 
3.640055 
2.692582 
2.692582 
3.640055 
3.640055 
1.000000 
1.000000 
3.640055 
3.640055 
1.000000 
1.000000 
3.640055 
3.640055 
3.162278 
3.162278 
3.640055 
3.640055 
1.581139 
1.581139 
3.640055 
3.640055 
1.581139 
1.581139 
3.640055 
3.640055 
1.581139 
1.581139 
3.640055 
3.640055 
1.581139 
1.581139 
3.640055 
3.640055 
1.581139 
1.581139 
1.581139 
1.581139 
1.581139 
1.581139 
1.581139 
1.581139 
1.581139 
1.581139 
1.581139 
1.581139 
1.581139 
1.581139 
1.581139 
1.581139 
1.581139 
1.581139 
1.581139 
1.581139 
1.581139 
1.581139 
1.581139 
1.581139 
0.000000 
0.000000 
1.000000 
1.000000 
1.802776 
1.802776 
1.000000 
1.000000 
1.000000 
1.000000 
0.707107 
0.707107 
0.707107 
0.707107 
