0.000000 
0.000000 
0.000000 
0.000000 
3.640055 
3.640055 
3.041381 
3.041381 
1.581139 
1.581139 
7.566373 
7.566373 
1.500000 
1.500000 
2.000000 
2.000000 
1.581139 
1.581139 
3.041381 
3.041381 
0.000000 
0.000000 
1.000000 
1.000000 
2.236068 
2.236068 
3.041381 
3.041381 
11.045361 
11.045361 
2.915476 
2.915476 
2.061553 
2.061553 
3.535534 
3.535534 
1.500000 
1.500000 
1.414214 
1.414214 
1.500000 
1.500000 
3.354102 
3.354102 
1.414214 
1.414214 
0.707107 
0.707107 
6.519202 
6.519202 
16.007811 
16.007811 
1.000000 
1.000000 
1.581139 
1.581139 
1.118034 
1.118034 
1.118034 
1.118034 
1.118034 
1.118034 
1.500000 
1.500000 
2.500000 
2.500000 
1.000000 
1.000000 
1.802776 
1.802776 
6.670832 
6.670832 
0.500000 
0.500000 
1.000000 
1.000000 
2.000000 
2.000000 
0.500000 
0.500000 
13.583078 
13.583078 
3.500000 
3.500000 
0.500000 
0.500000 
2.692582 
2.692582 
4.031129 
4.031129 
1.118034 
1.118034 
6.800735 
6.800735 
3.000000 
3.000000 
2.692582 
2.692582 
3.041381 
3.041381 
4.000000 
4.000000 
1.802776 
1.802776 
3.041381 
3.041381 
2.500000 
2.500000 
0.500000 
0.500000 
2.061553 
2.061553 
10.012492 
10.012492 
0.500000 
0.500000 
2.000000 
2.000000 
2.500000 
2.500000 
1.000000 
1.000000 
1.581139 
1.581139 
1.500000 
1.500000 
0.500000 
0.500000 
7.566373 
7.566373 
2.000000 
2.000000 
0.707107 
0.707107 
0.707107 
0.707107 
4.472136 
4.472136 
0.500000 
0.500000 
10.012492 
10.012492 
0.500000 
0.500000 
1.000000 
1.000000 
1.500000 
1.500000 
0.500000 
0.500000 
0.500000 
0.500000 
0.707107 
0.707107 
0.707107 
0.707107 
0.707107 
0.707107 
2.236068 
2.236068 
0.500000 
0.500000 
0.500000 
0.500000 
11.000000 
11.000000 
0.707107 
0.707107 
0.500000 
0.500000 
7.000000 
7.000000 
0.000000 
0.000000 
4.242641 
4.242641 
1.581139 
1.581139 
0.500000 
0.500000 
1.581139 
1.581139 
1.581139 
1.581139 
0.500000 
0.500000 
1.000000 
1.000000 
1.802776 
1.802776 
0.000000 
0.000000 
1.000000 
1.000000 
1.802776 
1.802776 
0.500000 
0.500000 
1.000000 
1.000000 
1.802776 
1.802776 
0.500000 
0.500000 
1.000000 
1.000000 
4.031129 
4.031129 
4.500000 
4.500000 
1.000000 
1.000000 
2.915476 
2.915476 
6.103278 
6.103278 
1.000000 
1.000000 
2.061553 
2.061553 
0.000000 
0.000000 
1.000000 
1.000000 
