0.000000 
0.000000 
0.000000 
0.000000 
1.000000 
1.000000 
1.414214 
1.414214 
1.000000 
1.000000 
1.414214 
1.414214 
1.000000 
1.000000 
0.000000 
0.000000 
4.272002 
4.272002 
1.000000 
1.000000 
3.000000 
3.000000 
4.272002 
4.272002 
1.000000 
1.000000 
2.692582 
2.692582 
4.272002 
4.272002 
1.000000 
1.000000 
2.236068 
2.236068 
4.272002 
4.272002 
1.000000 
1.000000 
0.000000 
0.000000 
11.715375 
11.715375 
4.272002 
4.272002 
1.000000 
1.000000 
3.605551 
3.605551 
3.500000 
3.500000 
4.272002 
4.272002 
1.000000 
1.000000 
0.000000 
0.000000 
5.147815 
5.147815 
3.500000 
3.500000 
4.272002 
4.272002 
1.000000 
1.000000 
2.061553 
2.061553 
5.147815 
5.147815 
3.500000 
3.500000 
4.272002 
4.272002 
1.000000 
1.000000 
2.061553 
2.061553 
2.549510 
2.549510 
3.500000 
3.500000 
4.272002 
4.272002 
1.000000 
1.000000 
2.061553 
2.061553 
12.589678 
12.589678 
3.500000 
3.500000 
4.272002 
4.272002 
1.000000 
1.000000 
2.061553 
2.061553 
6.082763 
6.082763 
3.500000 
3.500000 
4.272002 
4.272002 
1.000000 
1.000000 
2.061553 
2.061553 
6.082763 
6.082763 
3.500000 
3.500000 
4.272002 
4.272002 
1.000000 
1.000000 
2.061553 
2.061553 
6.082763 
6.082763 
3.500000 
3.500000 
4.272002 
4.272002 
0.000000 
0.000000 
2.061553 
2.061553 
6.082763 
6.082763 
3.500000 
3.500000 
4.272002 
4.272002 
0.000000 
0.000000 
2.061553 
2.061553 
6.082763 
6.082763 
3.500000 
3.500000 
4.272002 
4.272002 
0.000000 
0.000000 
0.000000 
0.000000 
2.061553 
2.061553 
6.082763 
6.082763 
3.500000 
3.500000 
8.732125 
8.732125 
0.000000 
0.000000 
0.000000 
0.000000 
2.061553 
2.061553 
6.082763 
6.082763 
3.500000 
3.500000 
1.802776 
1.802776 
18.506756 
18.506756 
0.000000 
0.000000 
2.061553 
2.061553 
6.082763 
6.082763 
3.500000 
3.500000 
17.066048 
17.066048 
6.576473 
6.576473 
0.000000 
0.000000 
2.061553 
2.061553 
6.082763 
6.082763 
3.500000 
3.500000 
18.006943 
18.006943 
4.609772 
4.609772 
0.000000 
0.000000 
2.061553 
2.061553 
6.082763 
6.082763 
3.500000 
3.500000 
18.006943 
18.006943 
2.549510 
2.549510 
0.000000 
0.000000 
2.061553 
2.061553 
6.082763 
6.082763 
18.006943 
18.006943 
10.500000 
10.500000 
0.000000 
0.000000 
2.061553 
2.061553 
6.082763 
6.082763 
18.006943 
18.006943 
5.000000 
5.000000 
0.000000 
0.000000 
6.082763 
6.082763 
18.006943 
18.006943 
0.000000 
0.000000 
5.522681 
5.522681 
0.000000 
0.000000 
6.082763 
6.082763 
26.542419 
26.542419 
3.535534 
3.535534 
5.024938 
5.024938 
0.000000 
0.000000 
6.082763 
6.082763 
3.201562 
3.201562 
3.535534 
3.535534 
10.012492 
10.012492 
0.000000 
0.000000 
2.000000 
2.000000 
3.640055 
3.640055 
4.527693 
4.527693 
0.000000 
0.000000 
2.000000 
2.000000 
15.008331 
15.008331 
6.500000 
6.500000 
0.000000 
0.000000 
2.000000 
2.000000 
4.527693 
4.527693 
5.500000 
5.500000 
2.000000 
2.000000 
5.590170 
5.590170 
2.061553 
2.061553 
2.000000 
2.000000 
2.915476 
2.915476 
10.111874 
10.111874 
2.000000 
2.000000 
2.915476 
2.915476 
10.111874 
10.111874 
7.071068 
7.071068 
2.915476 
2.915476 
10.111874 
10.111874 
2.236068 
2.236068 
2.915476 
2.915476 
10.111874 
10.111874 
3.535534 
3.535534 
