0.000000 
0.000000 
0.000000 
0.000000 
0.000000 
0.000000 
0.707107 
0.707107 
0.000000 
0.000000 
0.707107 
0.707107 
1.118034 
1.118034 
4.242641 
4.242641 
1.118034 
1.118034 
1.500000 
1.500000 
1.000000 
1.000000 
0.707107 
0.707107 
0.707107 
0.707107 
1.118034 
1.118034 
0.500000 
0.500000 
0.500000 
0.500000 
1.000000 
1.000000 
1.414214 
1.414214 
0.500000 
0.500000 
1.000000 
1.000000 
1.581139 
1.581139 
3.500000 
3.500000 
1.000000 
1.000000 
0.500000 
0.500000 
0.000000 
0.000000 
1.000000 
1.000000 
0.707107 
0.707107 
0.500000 
0.500000 
2.061553 
2.061553 
1.118034 
1.118034 
0.707107 
0.707107 
0.500000 
0.500000 
1.118034 
1.118034 
0.500000 
0.500000 
1.802776 
1.802776 
4.031129 
4.031129 
1.000000 
1.000000 
2.500000 
2.500000 
0.000000 
0.000000 
0.000000 
0.000000 
2.549510 
2.549510 
0.707107 
0.707107 
0.000000 
0.000000 
1.802776 
1.802776 
0.500000 
0.500000 
1.000000 
1.000000 
3.354102 
3.354102 
4.031129 
4.031129 
0.500000 
0.500000 
2.549510 
2.549510 
0.707107 
0.707107 
0.707107 
0.707107 
4.031129 
4.031129 
0.500000 
0.500000 
0.000000 
0.000000 
3.201562 
3.201562 
0.707107 
0.707107 
0.500000 
0.500000 
10.606602 
10.606602 
1.414214 
1.414214 
1.118034 
1.118034 
0.707107 
0.707107 
1.118034 
1.118034 
0.000000 
0.000000 
1.000000 
1.000000 
6.020797 
6.020797 
0.707107 
0.707107 
0.500000 
0.500000 
1.581139 
1.581139 
0.500000 
0.500000 
1.500000 
1.500000 
1.802776 
1.802776 
0.707107 
0.707107 
1.802776 
1.802776 
1.802776 
1.802776 
0.500000 
0.500000 
3.000000 
3.000000 
0.500000 
0.500000 
0.707107 
0.707107 
0.707107 
0.707107 
0.500000 
0.500000 
0.707107 
0.707107 
1.414214 
1.414214 
1.118034 
1.118034 
0.500000 
0.500000 
1.118034 
1.118034 
0.500000 
0.500000 
1.500000 
1.500000 
10.920165 
10.920165 
1.500000 
1.500000 
1.581139 
1.581139 
0.707107 
0.707107 
0.707107 
0.707107 
1.500000 
1.500000 
0.707107 
0.707107 
0.707107 
0.707107 
1.000000 
1.000000 
3.000000 
3.000000 
0.707107 
0.707107 
3.500000 
3.500000 
3.000000 
3.000000 
0.707107 
0.707107 
3.500000 
3.500000 
3.000000 
3.000000 
0.707107 
0.707107 
3.500000 
3.500000 
3.000000 
3.000000 
0.707107 
0.707107 
3.500000 
3.500000 
3.000000 
3.000000 
0.707107 
0.707107 
3.500000 
3.500000 
3.000000 
3.000000 
0.707107 
0.707107 
3.500000 
3.500000 
3.000000 
3.000000 
0.707107 
0.707107 
