0.000000 
0.000000 
0.000000 
0.000000 
0.000000 
0.000000 
0.707107 
0.707107 
4.472136 
4.472136 
8.015610 
8.015610 
11.510864 
11.510864 
4.472136 
4.472136 
4.031129 
4.031129 
0.707107 
0.707107 
9.000000 
9.000000 
9.513149 
9.513149 
1.118034 
1.118034 
1.500000 
1.500000 
4.949747 
4.949747 
0.707107 
0.707107 
2.500000 
2.500000 
3.535534 
3.535534 
1.000000 
1.000000 
1.802776 
1.802776 
7.516648 
7.516648 
1.414214 
1.414214 
1.802776 
1.802776 
4.031129 
4.031129 
0.500000 
0.500000 
4.500000 
4.500000 
8.500000 
8.500000 
0.500000 
0.500000 
1.000000 
1.000000 
3.041381 
3.041381 
0.500000 
0.500000 
2.121320 
2.121320 
4.609772 
4.609772 
0.000000 
0.000000 
0.500000 
0.500000 
2.915476 
2.915476 
4.609772 
4.609772 
0.000000 
0.000000 
0.500000 
0.500000 
2.915476 
2.915476 
4.609772 
4.609772 
0.000000 
0.000000 
0.500000 
0.500000 
2.915476 
2.915476 
4.609772 
4.609772 
0.000000 
0.000000 
16.620770 
16.620770 
3.000000 
3.000000 
4.609772 
4.609772 
0.000000 
0.000000 
0.707107 
0.707107 
1.581139 
1.581139 
4.609772 
4.609772 
0.000000 
0.000000 
8.139410 
8.139410 
0.500000 
0.500000 
4.609772 
4.609772 
0.000000 
0.000000 
0.707107 
0.707107 
5.700877 
5.700877 
4.609772 
4.609772 
0.000000 
0.000000 
2.000000 
2.000000 
0.500000 
0.500000 
4.609772 
4.609772 
0.000000 
0.000000 
1.118034 
1.118034 
6.082763 
6.082763 
4.609772 
4.609772 
0.000000 
0.000000 
3.000000 
3.000000 
0.500000 
0.500000 
4.609772 
4.609772 
0.000000 
0.000000 
2.500000 
2.500000 
0.500000 
0.500000 
4.609772 
4.609772 
0.000000 
0.000000 
1.000000 
1.000000 
1.000000 
1.000000 
4.609772 
4.609772 
0.000000 
0.000000 
1.581139 
1.581139 
1.581139 
1.581139 
4.609772 
4.609772 
0.000000 
0.000000 
0.000000 
0.000000 
2.061553 
2.061553 
4.609772 
4.609772 
0.000000 
0.000000 
0.000000 
0.000000 
1.802776 
1.802776 
1.581139 
1.581139 
3.535534 
3.535534 
1.500000 
1.500000 
1.414214 
1.414214 
4.609772 
4.609772 
1.118034 
1.118034 
1.802776 
1.802776 
10.049876 
10.049876 
6.184658 
6.184658 
2.549510 
2.549510 
0.000000 
0.000000 
4.123106 
4.123106 
6.184658 
6.184658 
2.549510 
2.549510 
0.000000 
0.000000 
9.055385 
9.055385 
10.630146 
10.630146 
2.549510 
2.549510 
0.000000 
0.000000 
4.031129 
4.031129 
2.549510 
2.549510 
2.549510 
2.549510 
10.816654 
10.816654 
10.012492 
10.012492 
2.549510 
2.549510 
2.549510 
2.549510 
9.055385 
9.055385 
4.123106 
4.123106 
2.549510 
2.549510 
2.549510 
2.549510 
0.000000 
0.000000 
8.246211 
8.246211 
9.500000 
9.500000 
2.549510 
2.549510 
2.549510 
2.549510 
3.535534 
3.535534 
2.000000 
2.000000 
3.500000 
3.500000 
2.549510 
2.549510 
2.549510 
2.549510 
5.522681 
5.522681 
1.802776 
1.802776 
9.500000 
9.500000 
2.549510 
2.549510 
2.549510 
2.549510 
1.500000 
1.500000 
7.826238 
7.826238 
3.041381 
3.041381 
2.549510 
2.549510 
2.549510 
2.549510 
4.743416 
4.743416 
2.236068 
2.236068 
3.640055 
3.640055 
2.549510 
2.549510 
2.549510 
2.549510 
