0.000000 
0.000000 
2.236068 
2.236068 
2.061553 
2.061553 
2.828427 
2.828427 
2.000000 
2.000000 
1.802776 
1.802776 
1.802776 
1.802776 
1.802776 
1.802776 
0.000000 
0.000000 
1.802776 
1.802776 
0.500000 
0.500000 
1.802776 
1.802776 
1.802776 
1.802776 
1.802776 
1.802776 
2.061553 
2.061553 
1.802776 
1.802776 
7.648529 
7.648529 
1.802776 
1.802776 
2.000000 
2.000000 
1.802776 
1.802776 
2.000000 
2.000000 
1.802776 
1.802776 
3.500000 
3.500000 
1.802776 
1.802776 
0.000000 
0.000000 
3.500000 
3.500000 
1.802776 
1.802776 
1.414214 
1.414214 
1.802776 
1.802776 
1.802776 
1.802776 
0.000000 
0.000000 
8.631338 
8.631338 
0.707107 
0.707107 
1.802776 
1.802776 
2.236068 
2.236068 
8.631338 
8.631338 
1.581139 
1.581139 
1.802776 
1.802776 
1.118034 
1.118034 
2.828427 
2.828427 
0.500000 
0.500000 
0.707107 
0.707107 
2.500000 
2.500000 
0.500000 
0.500000 
0.000000 
0.000000 
0.707107 
0.707107 
2.236068 
2.236068 
0.500000 
0.500000 
1.500000 
1.500000 
0.707107 
0.707107 
2.236068 
2.236068 
0.500000 
0.500000 
1.500000 
1.500000 
0.707107 
0.707107 
2.236068 
2.236068 
0.500000 
0.500000 
1.500000 
1.500000 
0.707107 
0.707107 
2.236068 
2.236068 
0.500000 
0.500000 
1.500000 
1.500000 
0.707107 
0.707107 
2.236068 
2.236068 
0.500000 
0.500000 
1.500000 
1.500000 
0.707107 
0.707107 
2.236068 
2.236068 
0.500000 
0.500000 
1.500000 
1.500000 
0.707107 
0.707107 
2.236068 
2.236068 
0.500000 
0.500000 
1.500000 
1.500000 
5.000000 
5.000000 
2.236068 
2.236068 
0.500000 
0.500000 
1.500000 
1.500000 
2.500000 
2.500000 
2.236068 
2.236068 
0.500000 
0.500000 
1.500000 
1.500000 
3.162278 
3.162278 
2.236068 
2.236068 
0.500000 
0.500000 
1.500000 
1.500000 
1.118034 
1.118034 
2.236068 
2.236068 
18.062392 
18.062392 
1.500000 
1.500000 
1.000000 
1.000000 
2.236068 
2.236068 
1.118034 
1.118034 
1.500000 
1.500000 
2.061553 
2.061553 
2.236068 
2.236068 
1.802776 
1.802776 
1.500000 
1.500000 
1.802776 
1.802776 
2.236068 
2.236068 
2.915476 
2.915476 
1.500000 
1.500000 
3.000000 
3.000000 
2.236068 
2.236068 
2.915476 
2.915476 
1.500000 
1.500000 
1.000000 
1.000000 
4.031129 
4.031129 
