0.000000 
0.000000 
2.828427 
2.828427 
2.915476 
2.915476 
4.743416 
4.743416 
12.093387 
12.093387 
2.692582 
2.692582 
2.692582 
2.692582 
17.951323 
17.951323 
2.061553 
2.061553 
3.640055 
3.640055 
4.123106 
4.123106 
9.656604 
9.656604 
10.307764 
10.307764 
2.500000 
2.500000 
4.031129 
4.031129 
0.000000 
0.000000 
4.031129 
4.031129 
1.581139 
1.581139 
4.031129 
4.031129 
9.500000 
9.500000 
4.031129 
4.031129 
9.500000 
9.500000 
4.031129 
4.031129 
9.500000 
9.500000 
4.031129 
4.031129 
9.500000 
9.500000 
4.031129 
4.031129 
9.500000 
9.500000 
4.031129 
4.031129 
9.500000 
9.500000 
4.031129 
4.031129 
9.500000 
9.500000 
4.031129 
4.031129 
9.500000 
9.500000 
4.031129 
4.031129 
9.500000 
9.500000 
4.031129 
4.031129 
9.500000 
9.500000 
4.031129 
4.031129 
9.500000 
9.500000 
4.031129 
4.031129 
9.500000 
9.500000 
4.031129 
4.031129 
9.500000 
9.500000 
9.500000 
9.500000 
13.000000 
13.000000 
1.581139 
1.581139 
13.038405 
13.038405 
1.118034 
1.118034 
1.000000 
1.000000 
1.118034 
1.118034 
