0.000000 
0.000000 
0.000000 
0.000000 
0.000000 
0.000000 
0.000000 
0.000000 
3.201562 
3.201562 
10.511898 
10.511898 
0.707107 
0.707107 
2.500000 
2.500000 
3.201562 
3.201562 
10.511898 
10.511898 
4.500000 
4.500000 
2.000000 
2.000000 
3.201562 
3.201562 
10.511898 
10.511898 
0.000000 
0.000000 
15.628500 
15.628500 
3.201562 
3.201562 
10.511898 
10.511898 
0.707107 
0.707107 
16.867128 
16.867128 
3.201562 
3.201562 
10.511898 
10.511898 
0.707107 
0.707107 
2.692582 
2.692582 
3.201562 
3.201562 
10.511898 
10.511898 
0.707107 
0.707107 
2.692582 
2.692582 
3.201562 
3.201562 
10.511898 
10.511898 
0.707107 
0.707107 
0.000000 
0.000000 
3.201562 
3.201562 
10.511898 
10.511898 
0.707107 
0.707107 
1.581139 
1.581139 
3.201562 
3.201562 
10.511898 
10.511898 
0.707107 
0.707107 
1.581139 
1.581139 
3.201562 
3.201562 
10.511898 
10.511898 
0.707107 
0.707107 
1.581139 
1.581139 
3.201562 
3.201562 
10.511898 
10.511898 
0.707107 
0.707107 
1.581139 
1.581139 
3.201562 
3.201562 
10.511898 
10.511898 
0.707107 
0.707107 
0.000000 
0.000000 
1.581139 
1.581139 
3.201562 
3.201562 
10.511898 
10.511898 
0.707107 
0.707107 
1.000000 
1.000000 
1.581139 
1.581139 
3.201562 
3.201562 
10.511898 
10.511898 
0.707107 
0.707107 
1.581139 
1.581139 
1.581139 
1.581139 
3.201562 
3.201562 
10.511898 
10.511898 
0.707107 
0.707107 
2.000000 
2.000000 
1.581139 
1.581139 
0.707107 
0.707107 
2.000000 
2.000000 
1.581139 
1.581139 
0.707107 
0.707107 
13.500000 
13.500000 
1.581139 
1.581139 
0.707107 
0.707107 
11.510864 
11.510864 
1.581139 
1.581139 
0.707107 
0.707107 
1.118034 
1.118034 
1.581139 
1.581139 
3.354102 
3.354102 
1.581139 
1.581139 
8.246211 
8.246211 
1.581139 
1.581139 
1.581139 
1.581139 
1.581139 
1.581139 
1.581139 
1.581139 
1.581139 
1.581139 
1.581139 
1.581139 
0.000000 
0.000000 
1.581139 
1.581139 
13.009612 
13.009612 
1.581139 
1.581139 
1.581139 
1.581139 
1.581139 
1.581139 
0.000000 
0.000000 
1.000000 
1.000000 
1.581139 
1.581139 
10.049876 
10.049876 
8.015610 
8.015610 
1.581139 
1.581139 
10.049876 
10.049876 
1.000000 
1.000000 
1.581139 
1.581139 
10.049876 
10.049876 
12.619429 
12.619429 
1.581139 
1.581139 
10.049876 
10.049876 
3.500000 
3.500000 
1.581139 
1.581139 
10.049876 
10.049876 
4.527693 
4.527693 
1.581139 
1.581139 
10.049876 
10.049876 
5.000000 
5.000000 
1.581139 
1.581139 
0.000000 
0.000000 
0.000000 
0.000000 
10.049876 
10.049876 
22.022716 
22.022716 
1.581139 
1.581139 
10.307764 
10.307764 
0.707107 
0.707107 
10.049876 
10.049876 
3.041381 
3.041381 
1.581139 
1.581139 
