0.000000 
0.000000 
0.000000 
0.000000 
0.000000 
0.000000 
7.566373 
7.566373 
2.549510 
2.549510 
2.121320 
2.121320 
1.500000 
1.500000 
3.041381 
3.041381 
1.802776 
1.802776 
1.118034 
1.118034 
3.535534 
3.535534 
0.500000 
0.500000 
12.509996 
12.509996 
2.061553 
2.061553 
1.118034 
1.118034 
1.414214 
1.414214 
2.692582 
2.692582 
1.118034 
1.118034 
9.552487 
9.552487 
9.013878 
9.013878 
1.118034 
1.118034 
1.000000 
1.000000 
1.118034 
1.118034 
1.118034 
1.118034 
1.118034 
1.118034 
2.236068 
2.236068 
1.118034 
1.118034 
0.707107 
0.707107 
2.549510 
2.549510 
1.118034 
1.118034 
0.500000 
0.500000 
2.500000 
2.500000 
1.118034 
1.118034 
1.500000 
1.500000 
3.535534 
3.535534 
1.118034 
1.118034 
1.500000 
1.500000 
2.549510 
2.549510 
1.118034 
1.118034 
4.472136 
4.472136 
2.000000 
2.000000 
1.118034 
1.118034 
2.061553 
2.061553 
0.000000 
0.000000 
1.118034 
1.118034 
1.414214 
1.414214 
1.118034 
1.118034 
1.118034 
1.118034 
1.414214 
1.414214 
2.061553 
2.061553 
1.118034 
1.118034 
3.201562 
3.201562 
3.354102 
3.354102 
1.118034 
1.118034 
3.605551 
3.605551 
4.123106 
4.123106 
1.118034 
1.118034 
3.354102 
3.354102 
3.605551 
3.605551 
2.500000 
2.500000 
11.011358 
11.011358 
1.118034 
1.118034 
3.807887 
3.807887 
10.000000 
10.000000 
5.700877 
5.700877 
3.201562 
3.201562 
5.700877 
5.700877 
2.828427 
2.828427 
8.944272 
8.944272 
0.000000 
0.000000 
2.500000 
2.500000 
8.944272 
8.944272 
0.000000 
0.000000 
1.802776 
1.802776 
8.944272 
8.944272 
0.000000 
0.000000 
1.118034 
1.118034 
8.944272 
8.944272 
0.000000 
0.000000 
1.118034 
1.118034 
8.944272 
8.944272 
0.000000 
0.000000 
0.000000 
0.000000 
1.118034 
1.118034 
8.944272 
8.944272 
0.000000 
0.000000 
4.000000 
4.000000 
0.000000 
0.000000 
1.118034 
1.118034 
8.944272 
8.944272 
0.000000 
0.000000 
16.000000 
16.000000 
0.000000 
0.000000 
1.118034 
1.118034 
8.944272 
8.944272 
0.500000 
0.500000 
3.500000 
3.500000 
0.000000 
0.000000 
1.118034 
1.118034 
8.944272 
8.944272 
0.500000 
0.500000 
3.500000 
3.500000 
0.000000 
0.000000 
2.915476 
2.915476 
8.944272 
8.944272 
0.000000 
0.000000 
0.500000 
0.500000 
3.500000 
3.500000 
0.000000 
0.000000 
3.201562 
3.201562 
8.944272 
8.944272 
1.000000 
1.000000 
0.500000 
0.500000 
3.500000 
3.500000 
0.000000 
0.000000 
3.201562 
3.201562 
8.944272 
8.944272 
1.802776 
1.802776 
0.500000 
0.500000 
3.500000 
3.500000 
0.000000 
0.000000 
1.802776 
1.802776 
8.944272 
8.944272 
0.000000 
0.000000 
0.000000 
0.000000 
2.500000 
2.500000 
0.500000 
0.500000 
3.500000 
3.500000 
0.000000 
0.000000 
1.802776 
1.802776 
8.944272 
8.944272 
0.000000 
0.000000 
5.024938 
5.024938 
1.581139 
1.581139 
0.500000 
0.500000 
3.500000 
3.500000 
0.000000 
0.000000 
1.802776 
1.802776 
8.944272 
8.944272 
