0.000000 
0.000000 
1.500000 
1.500000 
0.000000 
0.000000 
16.530275 
16.530275 
1.118034 
1.118034 
0.707107 
0.707107 
1.118034 
1.118034 
0.500000 
0.500000 
7.382412 
7.382412 
0.500000 
0.500000 
2.549510 
2.549510 
1.000000 
1.000000 
1.802776 
1.802776 
0.500000 
0.500000 
2.000000 
2.000000 
1.118034 
1.118034 
1.500000 
1.500000 
0.500000 
0.500000 
0.500000 
0.500000 
4.743416 
4.743416 
0.500000 
0.500000 
1.118034 
1.118034 
1.802776 
1.802776 
1.000000 
1.000000 
6.082763 
6.082763 
10.547512 
10.547512 
1.118034 
1.118034 
11.011358 
11.011358 
1.581139 
1.581139 
1.581139 
1.581139 
0.500000 
0.500000 
1.000000 
1.000000 
1.118034 
1.118034 
1.118034 
1.118034 
1.118034 
1.118034 
17.507141 
17.507141 
1.118034 
1.118034 
1.118034 
1.118034 
1.118034 
1.118034 
0.707107 
0.707107 
1.802776 
1.802776 
1.414214 
1.414214 
1.802776 
1.802776 
16.007811 
16.007811 
1.118034 
1.118034 
15.700318 
15.700318 
0.000000 
0.000000 
1.581139 
1.581139 
0.000000 
0.000000 
2.061553 
2.061553 
4.527693 
4.527693 
2.236068 
2.236068 
0.707107 
0.707107 
3.535534 
3.535534 
2.236068 
2.236068 
0.500000 
0.500000 
2.500000 
2.500000 
2.236068 
2.236068 
1.581139 
1.581139 
1.118034 
1.118034 
0.000000 
0.000000 
2.236068 
2.236068 
0.500000 
0.500000 
1.118034 
1.118034 
1.581139 
1.581139 
2.236068 
2.236068 
0.500000 
0.500000 
1.118034 
1.118034 
4.031129 
4.031129 
2.236068 
2.236068 
0.500000 
0.500000 
0.500000 
0.500000 
0.707107 
0.707107 
2.236068 
2.236068 
1.000000 
1.000000 
1.581139 
1.581139 
1.118034 
1.118034 
2.236068 
2.236068 
1.118034 
1.118034 
1.118034 
1.118034 
2.061553 
2.061553 
2.236068 
2.236068 
1.000000 
1.000000 
1.581139 
1.581139 
3.201562 
3.201562 
2.236068 
2.236068 
2.549510 
2.549510 
1.802776 
1.802776 
1.500000 
1.500000 
2.236068 
2.236068 
4.500000 
4.500000 
9.013878 
9.013878 
2.000000 
2.000000 
2.236068 
2.236068 
2.236068 
2.236068 
1.802776 
1.802776 
0.707107 
0.707107 
2.236068 
2.236068 
1.118034 
1.118034 
1.802776 
1.802776 
