0.000000 
0.000000 
0.000000 
0.000000 
0.000000 
0.000000 
0.000000 
0.000000 
1.802776 
1.802776 
11.597414 
11.597414 
0.000000 
0.000000 
1.500000 
1.500000 
2.061553 
2.061553 
0.000000 
0.000000 
0.000000 
0.000000 
1.500000 
1.500000 
3.605551 
3.605551 
0.000000 
0.000000 
1.581139 
1.581139 
0.000000 
0.000000 
1.414214 
1.414214 
5.385165 
5.385165 
0.000000 
0.000000 
0.500000 
0.500000 
1.581139 
1.581139 
0.000000 
0.000000 
1.118034 
1.118034 
2.121320 
2.121320 
0.000000 
0.000000 
1.000000 
1.000000 
1.581139 
1.581139 
0.000000 
0.000000 
0.500000 
0.500000 
14.577380 
14.577380 
0.000000 
0.000000 
1.500000 
1.500000 
1.581139 
1.581139 
0.000000 
0.000000 
0.000000 
0.000000 
1.118034 
1.118034 
0.000000 
0.000000 
1.118034 
1.118034 
1.581139 
1.581139 
0.000000 
0.000000 
0.500000 
0.500000 
0.707107 
0.707107 
0.000000 
0.000000 
0.500000 
0.500000 
1.581139 
1.581139 
0.000000 
0.000000 
0.500000 
0.500000 
2.061553 
2.061553 
0.000000 
0.000000 
0.000000 
0.000000 
1.581139 
1.581139 
0.000000 
0.000000 
0.500000 
0.500000 
0.500000 
0.500000 
0.000000 
0.000000 
0.000000 
0.000000 
1.581139 
1.581139 
0.000000 
0.000000 
5.522681 
5.522681 
0.500000 
0.500000 
0.000000 
0.000000 
12.419742 
12.419742 
1.581139 
1.581139 
0.000000 
0.000000 
0.500000 
0.500000 
0.500000 
0.500000 
0.000000 
0.000000 
3.000000 
3.000000 
1.581139 
1.581139 
0.000000 
0.000000 
1.581139 
1.581139 
2.500000 
2.500000 
0.000000 
0.000000 
0.000000 
0.000000 
3.000000 
3.000000 
1.581139 
1.581139 
0.000000 
0.000000 
1.581139 
1.581139 
11.510864 
11.510864 
0.000000 
0.000000 
0.000000 
0.000000 
12.165525 
12.165525 
1.581139 
1.581139 
1.000000 
1.000000 
3.500000 
3.500000 
11.180340 
11.180340 
0.000000 
0.000000 
12.165525 
12.165525 
1.581139 
1.581139 
0.500000 
0.500000 
7.280110 
7.280110 
11.180340 
11.180340 
0.000000 
0.000000 
1.500000 
1.500000 
1.581139 
1.581139 
0.707107 
0.707107 
5.852350 
5.852350 
11.180340 
11.180340 
0.000000 
0.000000 
0.707107 
0.707107 
1.581139 
1.581139 
0.500000 
0.500000 
1.581139 
1.581139 
7.516648 
7.516648 
0.000000 
0.000000 
0.707107 
0.707107 
1.414214 
1.414214 
2.500000 
2.500000 
1.581139 
1.581139 
0.707107 
0.707107 
1.000000 
1.000000 
2.236068 
2.236068 
1.000000 
1.000000 
0.707107 
0.707107 
2.236068 
2.236068 
2.000000 
2.000000 
2.500000 
2.500000 
0.707107 
0.707107 
1.118034 
1.118034 
1.581139 
1.581139 
2.549510 
2.549510 
0.707107 
0.707107 
5.590170 
5.590170 
6.020797 
6.020797 
2.061553 
2.061553 
0.707107 
0.707107 
1.802776 
1.802776 
0.500000 
0.500000 
1.414214 
1.414214 
0.707107 
0.707107 
1.802776 
1.802776 
0.000000 
0.000000 
2.692582 
2.692582 
0.707107 
0.707107 
1.802776 
1.802776 
6.519202 
6.519202 
2.692582 
2.692582 
0.707107 
0.707107 
1.802776 
1.802776 
3.500000 
3.500000 
0.000000 
0.000000 
13.238202 
13.238202 
0.707107 
0.707107 
1.802776 
1.802776 
13.500000 
13.500000 
2.549510 
2.549510 
3.807887 
3.807887 
0.707107 
0.707107 
1.802776 
1.802776 
1.000000 
1.000000 
3.162278 
3.162278 
4.031129 
4.031129 
0.707107 
0.707107 
1.802776 
1.802776 
3.162278 
3.162278 
9.055385 
9.055385 
4.031129 
4.031129 
0.707107 
0.707107 
1.802776 
1.802776 
2.500000 
2.500000 
3.000000 
3.000000 
2.236068 
2.236068 
0.707107 
0.707107 
1.802776 
1.802776 
4.924429 
4.924429 
8.500000 
8.500000 
1.000000 
1.000000 
1.802776 
1.802776 
2.061553 
2.061553 
1.581139 
1.581139 
2.000000 
2.000000 
1.802776 
1.802776 
1.802776 
1.802776 
1.500000 
1.500000 
3.807887 
3.807887 
1.802776 
1.802776 
1.581139 
1.581139 
1.581139 
1.581139 
4.123106 
4.123106 
1.802776 
1.802776 
2.000000 
2.000000 
0.000000 
0.000000 
1.000000 
1.000000 
7.433034 
7.433034 
1.802776 
1.802776 
1.000000 
1.000000 
0.000000 
0.000000 
0.000000 
0.000000 
1.500000 
1.500000 
7.433034 
7.433034 
1.802776 
1.802776 
20.223748 
20.223748 
