0.000000 
0.000000 
1.118034 
1.118034 
0.500000 
0.500000 
10.012492 
10.012492 
9.513149 
9.513149 
10.547512 
10.547512 
0.000000 
0.000000 
0.707107 
0.707107 
0.707107 
0.707107 
0.707107 
0.707107 
0.707107 
0.707107 
0.707107 
0.707107 
0.000000 
0.000000 
0.707107 
0.707107 
6.082763 
6.082763 
0.707107 
0.707107 
4.527693 
4.527693 
0.707107 
0.707107 
0.000000 
0.000000 
9.617692 
9.617692 
0.707107 
0.707107 
1.000000 
1.000000 
0.000000 
0.000000 
0.707107 
0.707107 
0.500000 
0.500000 
0.707107 
0.707107 
0.707107 
0.707107 
0.500000 
0.500000 
9.000000 
9.000000 
0.707107 
0.707107 
4.500000 
4.500000 
1.118034 
1.118034 
0.707107 
0.707107 
1.414214 
1.414214 
0.707107 
0.707107 
0.707107 
0.707107 
1.118034 
1.118034 
0.500000 
0.500000 
0.707107 
0.707107 
6.020797 
6.020797 
8.062258 
8.062258 
3.807887 
3.807887 
8.276473 
8.276473 
2.549510 
2.549510 
3.041381 
3.041381 
2.000000 
2.000000 
4.000000 
4.000000 
7.905694 
7.905694 
1.500000 
1.500000 
2.000000 
2.000000 
2.549510 
2.549510 
1.118034 
1.118034 
2.500000 
2.500000 
1.118034 
1.118034 
5.590170 
5.590170 
1.118034 
1.118034 
3.201562 
3.201562 
1.118034 
1.118034 
2.828427 
2.828427 
1.118034 
1.118034 
3.905125 
3.905125 
1.118034 
1.118034 
0.500000 
0.500000 
1.118034 
1.118034 
29.000000 
29.000000 
1.118034 
1.118034 
2.000000 
2.000000 
1.118034 
1.118034 
0.707107 
0.707107 
1.118034 
1.118034 
2.061553 
2.061553 
1.118034 
1.118034 
3.605551 
3.605551 
