0.000000 
0.000000 
0.000000 
0.000000 
2.121320 
2.121320 
4.123106 
4.123106 
5.522681 
5.522681 
3.640055 
3.640055 
1.118034 
1.118034 
3.535534 
3.535534 
2.549510 
2.549510 
11.884864 
11.884864 
5.000000 
5.000000 
6.103278 
6.103278 
4.031129 
4.031129 
15.700318 
15.700318 
2.500000 
2.500000 
1.414214 
1.414214 
7.017834 
7.017834 
2.500000 
2.500000 
6.964194 
6.964194 
4.031129 
4.031129 
2.692582 
2.692582 
4.242641 
4.242641 
2.500000 
2.500000 
10.198039 
10.198039 
1.581139 
1.581139 
3.162278 
3.162278 
2.236068 
2.236068 
1.581139 
1.581139 
0.000000 
0.000000 
2.061553 
2.061553 
1.802776 
1.802776 
3.201562 
3.201562 
1.581139 
1.581139 
1.414214 
1.414214 
0.000000 
0.000000 
0.000000 
0.000000 
3.201562 
3.201562 
2.000000 
2.000000 
1.414214 
1.414214 
3.605551 
3.605551 
8.558621 
8.558621 
3.201562 
3.201562 
7.000000 
7.000000 
1.414214 
1.414214 
1.581139 
1.581139 
1.118034 
1.118034 
3.201562 
3.201562 
1.000000 
1.000000 
1.414214 
1.414214 
1.500000 
1.500000 
1.000000 
1.000000 
3.201562 
3.201562 
1.500000 
1.500000 
1.414214 
1.414214 
0.000000 
0.000000 
1.000000 
1.000000 
8.732125 
8.732125 
3.201562 
3.201562 
2.500000 
2.500000 
1.414214 
1.414214 
2.061553 
2.061553 
1.414214 
1.414214 
2.500000 
2.500000 
3.201562 
3.201562 
3.162278 
3.162278 
1.414214 
1.414214 
3.354102 
3.354102 
1.118034 
1.118034 
8.062258 
8.062258 
3.201562 
3.201562 
4.609772 
4.609772 
1.414214 
1.414214 
2.236068 
2.236068 
2.915476 
2.915476 
1.581139 
1.581139 
3.201562 
3.201562 
5.000000 
5.000000 
1.414214 
1.414214 
8.062258 
8.062258 
3.041381 
3.041381 
1.581139 
1.581139 
3.201562 
3.201562 
13.509256 
13.509256 
1.414214 
1.414214 
3.640055 
3.640055 
1.118034 
1.118034 
1.581139 
1.581139 
3.201562 
3.201562 
2.061553 
2.061553 
1.414214 
1.414214 
11.704700 
11.704700 
3.535534 
3.535534 
1.581139 
1.581139 
3.201562 
3.201562 
3.201562 
3.201562 
1.414214 
1.414214 
5.700877 
5.700877 
3.500000 
3.500000 
1.581139 
1.581139 
3.201562 
3.201562 
4.472136 
4.472136 
1.414214 
1.414214 
6.500000 
6.500000 
4.272002 
4.272002 
1.581139 
1.581139 
3.201562 
3.201562 
4.031129 
4.031129 
1.414214 
1.414214 
5.590170 
5.590170 
3.354102 
3.354102 
1.581139 
1.581139 
3.201562 
3.201562 
2.915476 
2.915476 
1.414214 
1.414214 
4.031129 
4.031129 
3.201562 
3.201562 
1.581139 
1.581139 
1.414214 
1.414214 
7.516648 
7.516648 
2.000000 
2.000000 
1.581139 
1.581139 
1.802776 
1.802776 
7.158911 
7.158911 
8.139410 
8.139410 
1.581139 
1.581139 
5.220153 
5.220153 
4.527693 
4.527693 
0.500000 
0.500000 
1.581139 
1.581139 
2.061553 
2.061553 
3.807887 
3.807887 
1.000000 
1.000000 
1.581139 
1.581139 
8.514693 
8.514693 
3.041381 
3.041381 
7.071068 
7.071068 
1.581139 
1.581139 
0.000000 
0.000000 
1.581139 
1.581139 
0.707107 
0.707107 
1.581139 
1.581139 
7.566373 
7.566373 
2.061553 
2.061553 
2.061553 
2.061553 
1.581139 
1.581139 
0.707107 
0.707107 
18.500000 
18.500000 
2.061553 
2.061553 
1.500000 
1.500000 
