0.000000 
0.000000 
0.000000 
0.000000 
2.061553 
2.061553 
1.118034 
1.118034 
1.581139 
1.581139 
2.061553 
2.061553 
6.670832 
6.670832 
16.007811 
16.007811 
2.121320 
2.121320 
8.139410 
8.139410 
1.581139 
1.581139 
0.000000 
0.000000 
1.118034 
1.118034 
8.139410 
8.139410 
6.519202 
6.519202 
1.414214 
1.414214 
2.236068 
2.236068 
4.123106 
4.123106 
1.118034 
1.118034 
0.500000 
0.500000 
0.500000 
0.500000 
0.000000 
0.000000 
10.000000 
10.000000 
12.500000 
12.500000 
0.000000 
0.000000 
0.000000 
0.000000 
0.000000 
0.000000 
1.000000 
1.000000 
12.500000 
12.500000 
1.000000 
1.000000 
1.414214 
1.414214 
7.071068 
7.071068 
2.121320 
2.121320 
12.500000 
12.500000 
0.707107 
0.707107 
4.000000 
4.000000 
0.500000 
0.500000 
1.118034 
1.118034 
12.500000 
12.500000 
0.500000 
0.500000 
1.118034 
1.118034 
0.000000 
0.000000 
15.239751 
15.239751 
12.500000 
12.500000 
0.707107 
0.707107 
1.581139 
1.581139 
0.000000 
0.000000 
1.118034 
1.118034 
12.500000 
12.500000 
0.000000 
0.000000 
0.707107 
0.707107 
2.061553 
2.061553 
0.500000 
0.500000 
1.118034 
1.118034 
12.500000 
12.500000 
0.707107 
0.707107 
1.118034 
1.118034 
2.500000 
2.500000 
7.280110 
7.280110 
1.118034 
1.118034 
12.500000 
12.500000 
1.581139 
1.581139 
0.500000 
0.500000 
2.236068 
2.236068 
1.118034 
1.118034 
1.118034 
1.118034 
12.500000 
12.500000 
1.000000 
1.000000 
0.707107 
0.707107 
6.500000 
6.500000 
1.500000 
1.500000 
1.118034 
1.118034 
12.500000 
12.500000 
1.000000 
1.000000 
0.500000 
0.500000 
2.500000 
2.500000 
1.000000 
1.000000 
1.118034 
1.118034 
12.500000 
12.500000 
1.000000 
1.000000 
0.500000 
0.500000 
2.549510 
2.549510 
11.884864 
11.884864 
3.535534 
3.535534 
12.500000 
12.500000 
1.000000 
1.000000 
8.015610 
8.015610 
2.000000 
2.000000 
0.707107 
0.707107 
2.549510 
2.549510 
12.500000 
12.500000 
1.000000 
1.000000 
8.015610 
8.015610 
1.500000 
1.500000 
1.000000 
1.000000 
1.000000 
1.000000 
12.500000 
12.500000 
1.000000 
1.000000 
8.015610 
8.015610 
5.000000 
5.000000 
1.118034 
1.118034 
1.118034 
1.118034 
12.500000 
12.500000 
1.000000 
1.000000 
8.015610 
8.015610 
2.061553 
2.061553 
9.013878 
9.013878 
10.000000 
10.000000 
1.000000 
1.000000 
8.015610 
8.015610 
1.581139 
1.581139 
0.707107 
0.707107 
0.500000 
0.500000 
1.000000 
1.000000 
12.093387 
12.093387 
2.549510 
2.549510 
1.000000 
1.000000 
0.000000 
0.000000 
1.000000 
1.000000 
12.093387 
12.093387 
2.061553 
2.061553 
1.118034 
1.118034 
0.000000 
0.000000 
13.086252 
13.086252 
12.093387 
12.093387 
4.527693 
4.527693 
2.061553 
2.061553 
0.000000 
0.000000 
13.086252 
13.086252 
12.093387 
12.093387 
1.118034 
1.118034 
1.000000 
1.000000 
0.500000 
0.500000 
13.086252 
13.086252 
12.093387 
12.093387 
1.000000 
1.000000 
0.500000 
0.500000 
0.707107 
0.707107 
0.000000 
0.000000 
9.617692 
9.617692 
12.093387 
12.093387 
1.000000 
1.000000 
1.581139 
1.581139 
0.707107 
0.707107 
0.000000 
0.000000 
0.000000 
0.000000 
0.500000 
0.500000 
12.093387 
12.093387 
1.118034 
1.118034 
2.061553 
2.061553 
0.707107 
0.707107 
1.000000 
1.000000 
0.000000 
0.000000 
0.707107 
0.707107 
12.093387 
12.093387 
1.581139 
1.581139 
1.500000 
1.500000 
0.707107 
0.707107 
1.000000 
1.000000 
0.000000 
0.000000 
1.500000 
1.500000 
12.093387 
12.093387 
2.236068 
2.236068 
0.500000 
0.500000 
0.707107 
0.707107 
0.000000 
0.000000 
2.000000 
2.000000 
0.000000 
0.000000 
2.000000 
2.000000 
12.093387 
12.093387 
7.762087 
7.762087 
1.118034 
1.118034 
0.707107 
0.707107 
2.061553 
2.061553 
2.692582 
2.692582 
0.000000 
0.000000 
1.581139 
1.581139 
12.093387 
12.093387 
5.220153 
5.220153 
1.581139 
1.581139 
0.707107 
0.707107 
