0.000000 
0.000000 
0.000000 
0.000000 
0.000000 
0.000000 
1.118034 
1.118034 
2.000000 
2.000000 
0.000000 
0.000000 
0.500000 
0.500000 
1.581139 
1.581139 
3.640055 
3.640055 
1.118034 
1.118034 
2.549510 
2.549510 
0.707107 
0.707107 
1.118034 
1.118034 
1.500000 
1.500000 
1.000000 
1.000000 
1.802776 
1.802776 
2.061553 
2.061553 
2.061553 
2.061553 
1.000000 
1.000000 
1.581139 
1.581139 
3.000000 
3.000000 
6.184658 
6.184658 
2.500000 
2.500000 
2.500000 
2.500000 
1.118034 
1.118034 
1.802776 
1.802776 
6.082763 
6.082763 
9.823441 
9.823441 
2.915476 
2.915476 
1.500000 
1.500000 
1.118034 
1.118034 
2.828427 
2.828427 
2.500000 
2.500000 
1.414214 
1.414214 
2.828427 
2.828427 
2.692582 
2.692582 
1.581139 
1.581139 
1.581139 
1.581139 
2.000000 
2.000000 
0.000000 
0.000000 
0.500000 
0.500000 
1.414214 
1.414214 
1.581139 
1.581139 
0.000000 
0.000000 
1.414214 
1.414214 
1.000000 
1.000000 
5.315073 
5.315073 
0.000000 
0.000000 
1.581139 
1.581139 
1.118034 
1.118034 
1.118034 
1.118034 
0.000000 
0.000000 
1.500000 
1.500000 
2.061553 
2.061553 
1.118034 
1.118034 
0.000000 
0.000000 
1.500000 
1.500000 
0.500000 
0.500000 
3.535534 
3.535534 
0.000000 
0.000000 
0.000000 
0.000000 
1.118034 
1.118034 
2.236068 
2.236068 
0.000000 
0.000000 
0.000000 
0.000000 
0.000000 
0.000000 
3.041381 
3.041381 
4.472136 
4.472136 
0.707107 
0.707107 
0.000000 
0.000000 
0.000000 
0.000000 
0.000000 
0.000000 
0.500000 
0.500000 
3.535534 
3.535534 
0.000000 
0.000000 
1.500000 
1.500000 
0.000000 
0.000000 
0.000000 
0.000000 
0.500000 
0.500000 
3.041381 
3.041381 
4.527693 
4.527693 
1.500000 
1.500000 
0.000000 
0.000000 
0.000000 
0.000000 
0.500000 
0.500000 
13.536986 
13.536986 
0.500000 
0.500000 
1.500000 
1.500000 
0.000000 
0.000000 
0.000000 
0.000000 
0.500000 
0.500000 
1.500000 
1.500000 
0.500000 
0.500000 
1.500000 
1.500000 
0.000000 
0.000000 
0.000000 
0.000000 
0.500000 
0.500000 
2.061553 
2.061553 
0.500000 
0.500000 
1.500000 
1.500000 
0.000000 
0.000000 
0.000000 
0.000000 
0.500000 
0.500000 
0.707107 
0.707107 
0.500000 
0.500000 
1.500000 
1.500000 
0.000000 
0.000000 
0.000000 
0.000000 
0.500000 
0.500000 
0.000000 
0.000000 
1.118034 
1.118034 
1.500000 
1.500000 
0.000000 
0.000000 
0.000000 
0.000000 
0.000000 
0.000000 
0.707107 
0.707107 
1.500000 
1.500000 
1.500000 
1.500000 
0.000000 
0.000000 
0.500000 
0.500000 
1.118034 
1.118034 
1.500000 
1.500000 
1.500000 
1.500000 
0.000000 
0.000000 
0.000000 
0.000000 
0.500000 
0.500000 
1.000000 
1.000000 
1.500000 
1.500000 
0.000000 
0.000000 
0.500000 
0.500000 
0.000000 
0.000000 
1.000000 
1.000000 
1.500000 
1.500000 
0.000000 
0.000000 
0.500000 
0.500000 
2.500000 
2.500000 
4.000000 
4.000000 
1.500000 
1.500000 
0.000000 
0.000000 
1.000000 
1.000000 
1.118034 
1.118034 
0.000000 
0.000000 
1.500000 
1.500000 
1.000000 
1.000000 
1.000000 
1.000000 
0.500000 
0.500000 
1.500000 
1.500000 
0.707107 
0.707107 
0.000000 
0.000000 
0.500000 
0.500000 
1.500000 
1.500000 
0.000000 
0.000000 
0.000000 
0.000000 
0.500000 
0.500000 
0.707107 
0.707107 
5.852350 
5.852350 
0.707107 
0.707107 
0.000000 
0.000000 
2.692582 
2.692582 
1.000000 
1.000000 
0.000000 
0.000000 
12.093387 
12.093387 
1.581139 
1.581139 
