0.000000 
0.000000 
0.000000 
0.000000 
0.000000 
0.000000 
0.000000 
0.000000 
0.500000 
0.500000 
1.118034 
1.118034 
0.707107 
0.707107 
0.500000 
0.500000 
0.000000 
0.000000 
0.707107 
0.707107 
1.414214 
1.414214 
0.707107 
0.707107 
0.500000 
0.500000 
0.707107 
0.707107 
4.123106 
4.123106 
1.414214 
1.414214 
0.707107 
0.707107 
0.000000 
0.000000 
0.707107 
0.707107 
0.500000 
0.500000 
2.121320 
2.121320 
0.707107 
0.707107 
0.500000 
0.500000 
1.414214 
1.414214 
0.000000 
0.000000 
2.061553 
2.061553 
0.707107 
0.707107 
1.118034 
1.118034 
1.500000 
1.500000 
1.000000 
1.000000 
1.118034 
1.118034 
0.707107 
0.707107 
0.707107 
0.707107 
0.000000 
0.000000 
1.500000 
1.500000 
0.500000 
0.500000 
1.118034 
1.118034 
0.707107 
0.707107 
1.500000 
1.500000 
1.000000 
1.000000 
1.802776 
1.802776 
0.707107 
0.707107 
1.118034 
1.118034 
0.707107 
0.707107 
1.414214 
1.414214 
4.743416 
4.743416 
1.581139 
1.581139 
0.707107 
0.707107 
1.118034 
1.118034 
0.707107 
0.707107 
3.162278 
3.162278 
2.500000 
2.500000 
1.118034 
1.118034 
0.000000 
0.000000 
1.118034 
1.118034 
0.707107 
0.707107 
1.118034 
1.118034 
2.500000 
2.500000 
1.118034 
1.118034 
0.707107 
0.707107 
1.118034 
1.118034 
0.707107 
0.707107 
0.500000 
0.500000 
1.500000 
1.500000 
4.609772 
4.609772 
0.707107 
0.707107 
1.118034 
1.118034 
0.707107 
0.707107 
2.061553 
2.061553 
0.000000 
0.000000 
0.000000 
0.000000 
1.500000 
1.500000 
0.707107 
0.707107 
0.707107 
0.707107 
1.118034 
1.118034 
0.707107 
0.707107 
1.000000 
1.000000 
0.000000 
0.000000 
2.061553 
2.061553 
0.000000 
0.000000 
2.061553 
2.061553 
0.500000 
0.500000 
1.118034 
1.118034 
0.707107 
0.707107 
0.000000 
0.000000 
2.500000 
2.500000 
1.581139 
1.581139 
0.000000 
0.000000 
1.118034 
1.118034 
0.500000 
0.500000 
1.118034 
1.118034 
0.707107 
0.707107 
0.707107 
0.707107 
0.000000 
0.000000 
1.118034 
1.118034 
1.581139 
1.581139 
0.000000 
0.000000 
2.236068 
2.236068 
0.000000 
0.000000 
1.118034 
1.118034 
1.000000 
1.000000 
1.581139 
1.581139 
0.500000 
0.500000 
1.581139 
1.581139 
0.000000 
0.000000 
1.581139 
1.581139 
0.000000 
0.000000 
1.118034 
1.118034 
1.118034 
1.118034 
2.500000 
2.500000 
0.707107 
0.707107 
2.500000 
2.500000 
0.000000 
0.000000 
1.581139 
1.581139 
1.000000 
1.000000 
1.118034 
1.118034 
1.000000 
1.000000 
0.000000 
0.000000 
0.000000 
0.000000 
2.061553 
2.061553 
0.500000 
0.500000 
1.000000 
1.000000 
0.000000 
0.000000 
1.581139 
1.581139 
0.707107 
0.707107 
1.118034 
1.118034 
0.707107 
0.707107 
0.000000 
0.000000 
0.500000 
0.500000 
1.118034 
1.118034 
1.000000 
1.000000 
0.000000 
0.000000 
1.500000 
1.500000 
0.000000 
0.000000 
1.581139 
1.581139 
0.707107 
0.707107 
1.118034 
1.118034 
0.000000 
0.000000 
0.000000 
0.000000 
0.500000 
0.500000 
0.000000 
0.000000 
1.500000 
1.500000 
1.500000 
1.500000 
0.000000 
0.000000 
1.118034 
1.118034 
0.000000 
0.000000 
1.581139 
1.581139 
0.707107 
0.707107 
1.000000 
1.000000 
2.061553 
2.061553 
0.500000 
0.500000 
0.000000 
0.000000 
3.605551 
3.605551 
1.802776 
1.802776 
0.000000 
0.000000 
1.118034 
1.118034 
0.000000 
0.000000 
1.581139 
1.581139 
0.500000 
0.500000 
0.500000 
0.500000 
1.802776 
1.802776 
0.500000 
0.500000 
0.707107 
0.707107 
1.581139 
1.581139 
1.118034 
1.118034 
0.000000 
0.000000 
1.118034 
1.118034 
0.000000 
0.000000 
1.581139 
1.581139 
0.000000 
0.000000 
0.707107 
0.707107 
3.041381 
3.041381 
0.500000 
0.500000 
1.000000 
1.000000 
0.707107 
0.707107 
1.118034 
1.118034 
0.000000 
0.000000 
1.118034 
1.118034 
0.000000 
0.000000 
1.581139 
1.581139 
0.500000 
0.500000 
0.000000 
0.000000 
1.118034 
1.118034 
0.500000 
0.500000 
0.500000 
0.500000 
1.414214 
1.414214 
2.236068 
2.236068 
0.000000 
0.000000 
1.118034 
1.118034 
0.000000 
0.000000 
1.581139 
1.581139 
0.707107 
0.707107 
0.500000 
0.500000 
0.000000 
0.000000 
0.500000 
0.500000 
6.020797 
6.020797 
1.118034 
1.118034 
1.802776 
1.802776 
0.000000 
0.000000 
1.118034 
1.118034 
0.000000 
0.000000 
1.581139 
1.581139 
0.500000 
0.500000 
0.500000 
0.500000 
0.000000 
0.000000 
2.500000 
2.500000 
0.500000 
0.500000 
5.522681 
5.522681 
1.500000 
1.500000 
1.500000 
1.500000 
0.000000 
0.000000 
1.118034 
1.118034 
0.000000 
0.000000 
1.581139 
1.581139 
0.500000 
0.500000 
0.000000 
0.000000 
0.000000 
0.000000 
5.099020 
5.099020 
2.500000 
2.500000 
6.041523 
6.041523 
0.500000 
0.500000 
4.000000 
4.000000 
1.581139 
1.581139 
0.000000 
0.000000 
1.118034 
1.118034 
0.000000 
0.000000 
1.581139 
1.581139 
0.707107 
0.707107 
0.707107 
0.707107 
1.000000 
1.000000 
1.414214 
1.414214 
3.535534 
3.535534 
0.000000 
0.000000 
0.500000 
0.500000 
1.000000 
1.000000 
1.581139 
1.581139 
0.000000 
0.000000 
1.118034 
1.118034 
1.581139 
1.581139 
0.500000 
0.500000 
0.500000 
0.500000 
0.000000 
0.000000 
4.000000 
4.000000 
1.414214 
1.414214 
1.118034 
1.118034 
0.500000 
0.500000 
0.500000 
0.500000 
0.707107 
0.707107 
1.581139 
1.581139 
0.000000 
0.000000 
1.118034 
1.118034 
1.581139 
1.581139 
0.500000 
0.500000 
0.500000 
0.500000 
0.500000 
0.500000 
5.099020 
5.099020 
1.414214 
1.414214 
2.549510 
2.549510 
0.500000 
0.500000 
0.500000 
0.500000 
1.000000 
1.000000 
1.581139 
1.581139 
0.000000 
0.000000 
1.118034 
1.118034 
1.581139 
1.581139 
0.500000 
0.500000 
1.581139 
1.581139 
0.500000 
0.500000 
0.000000 
0.000000 
1.414214 
1.414214 
3.041381 
3.041381 
0.500000 
0.500000 
0.500000 
0.500000 
1.581139 
1.581139 
1.581139 
1.581139 
0.000000 
0.000000 
1.118034 
1.118034 
0.707107 
0.707107 
0.500000 
0.500000 
0.000000 
0.000000 
1.000000 
1.000000 
1.414214 
1.414214 
5.024938 
5.024938 
0.500000 
0.500000 
0.500000 
0.500000 
1.000000 
1.000000 
1.581139 
1.581139 
0.000000 
0.000000 
1.118034 
1.118034 
4.031129 
4.031129 
1.414214 
1.414214 
0.500000 
0.500000 
5.099020 
5.099020 
1.414214 
1.414214 
1.581139 
1.581139 
0.500000 
0.500000 
0.500000 
0.500000 
2.000000 
2.000000 
1.581139 
1.581139 
0.000000 
0.000000 
1.118034 
1.118034 
0.000000 
0.000000 
0.000000 
0.000000 
0.500000 
0.500000 
5.522681 
5.522681 
3.041381 
3.041381 
1.581139 
1.581139 
0.500000 
0.500000 
0.500000 
0.500000 
1.118034 
1.118034 
1.581139 
1.581139 
1.118034 
1.118034 
0.000000 
0.000000 
0.500000 
0.500000 
1.000000 
1.000000 
1.581139 
1.581139 
1.581139 
1.581139 
1.581139 
1.581139 
0.500000 
0.500000 
0.500000 
0.500000 
1.414214 
1.414214 
1.581139 
1.581139 
0.500000 
0.500000 
0.000000 
0.000000 
0.707107 
0.707107 
1.581139 
1.581139 
1.581139 
1.581139 
1.581139 
1.581139 
0.500000 
0.500000 
0.500000 
0.500000 
1.414214 
1.414214 
1.581139 
1.581139 
4.000000 
4.000000 
0.500000 
0.500000 
0.707107 
0.707107 
1.581139 
1.581139 
1.581139 
1.581139 
1.581139 
1.581139 
0.500000 
0.500000 
0.500000 
0.500000 
1.414214 
1.414214 
1.581139 
1.581139 
0.500000 
0.500000 
0.707107 
0.707107 
0.707107 
0.707107 
9.000000 
9.000000 
1.581139 
1.581139 
1.581139 
1.581139 
0.500000 
0.500000 
0.500000 
0.500000 
1.414214 
1.414214 
1.581139 
1.581139 
0.500000 
0.500000 
0.500000 
0.500000 
0.000000 
0.000000 
0.707107 
0.707107 
9.000000 
9.000000 
1.581139 
1.581139 
1.581139 
1.581139 
0.500000 
0.500000 
0.500000 
0.500000 
1.414214 
1.414214 
1.581139 
1.581139 
0.707107 
0.707107 
0.707107 
0.707107 
0.000000 
0.000000 
0.000000 
0.000000 
0.707107 
0.707107 
11.000000 
11.000000 
1.581139 
1.581139 
1.581139 
1.581139 
0.500000 
0.500000 
0.500000 
0.500000 
1.414214 
1.414214 
1.581139 
1.581139 
0.707107 
0.707107 
0.500000 
0.500000 
0.000000 
0.000000 
0.000000 
0.000000 
0.707107 
0.707107 
1.118034 
1.118034 
1.581139 
1.581139 
1.581139 
1.581139 
0.500000 
0.500000 
0.500000 
0.500000 
1.414214 
1.414214 
1.581139 
1.581139 
0.707107 
0.707107 
0.500000 
0.500000 
0.000000 
0.000000 
3.000000 
3.000000 
0.707107 
0.707107 
1.118034 
1.118034 
1.581139 
1.581139 
1.581139 
1.581139 
0.500000 
0.500000 
0.500000 
0.500000 
1.414214 
1.414214 
0.707107 
0.707107 
0.000000 
0.000000 
0.000000 
0.000000 
0.000000 
0.000000 
1.581139 
1.581139 
0.707107 
0.707107 
1.118034 
1.118034 
1.581139 
1.581139 
1.581139 
1.581139 
0.500000 
0.500000 
1.414214 
1.414214 
0.707107 
0.707107 
1.118034 
1.118034 
1.802776 
1.802776 
0.000000 
0.000000 
2.061553 
2.061553 
0.707107 
0.707107 
1.118034 
1.118034 
1.581139 
1.581139 
1.581139 
1.581139 
1.414214 
1.414214 
0.707107 
0.707107 
0.500000 
0.500000 
1.802776 
1.802776 
0.000000 
0.000000 
2.236068 
2.236068 
0.707107 
0.707107 
1.118034 
1.118034 
1.581139 
1.581139 
1.581139 
1.581139 
1.414214 
1.414214 
0.707107 
0.707107 
1.118034 
1.118034 
