0.000000 
0.000000 
0.000000 
0.000000 
0.000000 
0.000000 
0.000000 
0.000000 
1.118034 
1.118034 
1.118034 
1.118034 
0.500000 
0.500000 
1.802776 
1.802776 
14.008926 
14.008926 
11.543396 
11.543396 
0.707107 
0.707107 
0.000000 
0.000000 
10.770330 
10.770330 
2.692582 
2.692582 
11.543396 
11.543396 
0.500000 
0.500000 
1.802776 
1.802776 
2.828427 
2.828427 
3.041381 
3.041381 
11.543396 
11.543396 
0.707107 
0.707107 
1.802776 
1.802776 
3.535534 
3.535534 
8.732125 
8.732125 
11.543396 
11.543396 
0.707107 
0.707107 
1.802776 
1.802776 
3.535534 
3.535534 
2.061553 
2.061553 
11.543396 
11.543396 
0.707107 
0.707107 
1.802776 
1.802776 
3.535534 
3.535534 
1.118034 
1.118034 
11.543396 
11.543396 
0.707107 
0.707107 
0.000000 
0.000000 
1.802776 
1.802776 
3.535534 
3.535534 
0.500000 
0.500000 
11.543396 
11.543396 
0.707107 
0.707107 
2.549510 
2.549510 
1.802776 
1.802776 
3.535534 
3.535534 
2.000000 
2.000000 
11.543396 
11.543396 
0.707107 
0.707107 
2.549510 
2.549510 
1.802776 
1.802776 
10.111874 
10.111874 
0.707107 
0.707107 
11.543396 
11.543396 
0.707107 
0.707107 
2.549510 
2.549510 
1.802776 
1.802776 
0.707107 
0.707107 
0.707107 
0.707107 
11.543396 
11.543396 
0.707107 
0.707107 
0.000000 
0.000000 
2.549510 
2.549510 
1.802776 
1.802776 
1.118034 
1.118034 
0.707107 
0.707107 
11.543396 
11.543396 
0.707107 
0.707107 
1.802776 
1.802776 
2.549510 
2.549510 
1.802776 
1.802776 
0.000000 
0.000000 
0.707107 
0.707107 
11.543396 
11.543396 
0.707107 
0.707107 
1.802776 
1.802776 
2.549510 
2.549510 
1.802776 
1.802776 
6.800735 
6.800735 
0.707107 
0.707107 
11.543396 
11.543396 
0.707107 
0.707107 
1.802776 
1.802776 
2.549510 
2.549510 
1.802776 
1.802776 
1.500000 
1.500000 
0.707107 
0.707107 
11.543396 
11.543396 
0.707107 
0.707107 
1.802776 
1.802776 
2.549510 
2.549510 
1.802776 
1.802776 
1.118034 
1.118034 
0.707107 
0.707107 
11.543396 
11.543396 
0.707107 
0.707107 
1.802776 
1.802776 
2.549510 
2.549510 
1.802776 
1.802776 
0.707107 
0.707107 
0.707107 
0.707107 
0.707107 
0.707107 
1.802776 
1.802776 
2.549510 
2.549510 
1.802776 
1.802776 
0.500000 
0.500000 
3.500000 
3.500000 
0.707107 
0.707107 
0.000000 
0.000000 
1.802776 
1.802776 
2.549510 
2.549510 
0.707107 
0.707107 
9.013878 
9.013878 
0.500000 
0.500000 
1.802776 
1.802776 
2.549510 
2.549510 
0.500000 
0.500000 
1.000000 
1.000000 
0.500000 
0.500000 
1.802776 
1.802776 
2.549510 
2.549510 
0.707107 
0.707107 
2.236068 
2.236068 
1.000000 
1.000000 
1.802776 
1.802776 
2.549510 
2.549510 
10.547512 
10.547512 
1.414214 
1.414214 
0.707107 
0.707107 
1.802776 
1.802776 
2.549510 
2.549510 
6.670832 
6.670832 
3.041381 
3.041381 
0.500000 
0.500000 
1.802776 
1.802776 
1.118034 
1.118034 
1.118034 
1.118034 
0.000000 
0.000000 
0.500000 
0.500000 
1.802776 
1.802776 
1.118034 
1.118034 
13.500000 
13.500000 
0.000000 
0.000000 
0.500000 
0.500000 
1.802776 
1.802776 
1.118034 
1.118034 
0.707107 
0.707107 
0.000000 
0.000000 
0.000000 
0.000000 
0.500000 
0.500000 
1.802776 
1.802776 
1.118034 
1.118034 
2.061553 
2.061553 
1.581139 
1.581139 
0.000000 
0.000000 
0.500000 
0.500000 
1.118034 
1.118034 
3.535534 
3.535534 
1.581139 
1.581139 
0.000000 
0.000000 
0.500000 
0.500000 
1.118034 
1.118034 
3.500000 
3.500000 
1.581139 
1.581139 
0.000000 
0.000000 
0.500000 
0.500000 
1.118034 
1.118034 
2.236068 
2.236068 
1.581139 
1.581139 
0.000000 
0.000000 
0.500000 
0.500000 
1.118034 
1.118034 
1.118034 
1.118034 
1.581139 
1.581139 
0.000000 
0.000000 
0.500000 
0.500000 
1.118034 
1.118034 
0.500000 
0.500000 
1.581139 
1.581139 
0.000000 
0.000000 
0.500000 
0.500000 
1.118034 
1.118034 
2.061553 
2.061553 
1.581139 
1.581139 
0.000000 
0.000000 
0.500000 
0.500000 
1.118034 
1.118034 
2.061553 
2.061553 
1.581139 
1.581139 
0.000000 
0.000000 
0.500000 
0.500000 
1.118034 
1.118034 
4.031129 
4.031129 
0.000000 
0.000000 
1.581139 
1.581139 
0.000000 
0.000000 
0.500000 
0.500000 
1.118034 
1.118034 
0.707107 
0.707107 
9.500000 
9.500000 
23.135471 
23.135471 
0.000000 
0.000000 
0.500000 
0.500000 
1.118034 
1.118034 
0.500000 
0.500000 
1.118034 
1.118034 
8.276473 
8.276473 
0.000000 
0.000000 
10.404326 
10.404326 
1.118034 
1.118034 
11.510864 
11.510864 
1.118034 
1.118034 
8.015610 
8.015610 
0.000000 
0.000000 
0.707107 
0.707107 
0.707107 
0.707107 
0.000000 
0.000000 
0.707107 
0.707107 
1.581139 
1.581139 
1.581139 
1.581139 
9.124144 
9.124144 
0.707107 
0.707107 
1.118034 
1.118034 
1.802776 
1.802776 
2.121320 
2.121320 
0.707107 
0.707107 
4.500000 
4.500000 
2.061553 
2.061553 
1.581139 
1.581139 
0.707107 
0.707107 
0.707107 
0.707107 
1.581139 
1.581139 
1.581139 
1.581139 
0.707107 
0.707107 
1.118034 
1.118034 
1.581139 
1.581139 
1.581139 
1.581139 
0.707107 
0.707107 
9.513149 
9.513149 
2.000000 
2.000000 
1.581139 
1.581139 
0.707107 
0.707107 
0.500000 
0.500000 
1.118034 
1.118034 
