0.000000 
0.000000 
3.201562 
3.201562 
0.500000 
0.500000 
0.000000 
0.000000 
0.000000 
0.000000 
0.500000 
0.500000 
4.743416 
4.743416 
3.201562 
3.201562 
0.500000 
0.500000 
16.530275 
16.530275 
1.802776 
1.802776 
0.500000 
0.500000 
2.236068 
2.236068 
1.581139 
1.581139 
0.500000 
0.500000 
7.905694 
7.905694 
1.000000 
1.000000 
0.500000 
0.500000 
0.000000 
0.000000 
4.609772 
4.609772 
0.500000 
0.500000 
0.500000 
0.500000 
2.121320 
2.121320 
4.743416 
4.743416 
0.707107 
0.707107 
0.500000 
0.500000 
8.558621 
8.558621 
0.500000 
0.500000 
1.500000 
1.500000 
0.500000 
0.500000 
3.041381 
3.041381 
1.118034 
1.118034 
3.807887 
3.807887 
0.500000 
0.500000 
1.000000 
1.000000 
1.802776 
1.802776 
1.500000 
1.500000 
0.500000 
0.500000 
5.500000 
5.500000 
2.121320 
2.121320 
0.500000 
0.500000 
0.500000 
0.500000 
0.000000 
0.000000 
6.082763 
6.082763 
3.605551 
3.605551 
0.500000 
0.500000 
1.000000 
1.000000 
3.905125 
3.905125 
1.581139 
1.581139 
0.500000 
0.500000 
1.000000 
1.000000 
3.354102 
3.354102 
2.915476 
2.915476 
0.500000 
0.500000 
0.500000 
0.500000 
25.124689 
25.124689 
2.915476 
2.915476 
2.000000 
2.000000 
2.061553 
2.061553 
5.590170 
5.590170 
0.000000 
0.000000 
6.184658 
6.184658 
27.540879 
27.540879 
5.590170 
5.590170 
2.236068 
2.236068 
7.905694 
7.905694 
4.031129 
4.031129 
5.590170 
5.590170 
1.581139 
1.581139 
0.707107 
0.707107 
16.688319 
16.688319 
5.590170 
5.590170 
0.500000 
0.500000 
8.631338 
8.631338 
1.581139 
1.581139 
5.590170 
5.590170 
2.061553 
2.061553 
1.118034 
1.118034 
1.581139 
1.581139 
5.590170 
5.590170 
1.500000 
1.500000 
2.236068 
2.236068 
1.802776 
1.802776 
5.590170 
5.590170 
2.000000 
2.000000 
0.707107 
0.707107 
8.000000 
8.000000 
5.590170 
5.590170 
0.000000 
0.000000 
0.500000 
0.500000 
0.500000 
0.500000 
1.118034 
1.118034 
5.590170 
5.590170 
0.000000 
0.000000 
1.118034 
1.118034 
0.500000 
0.500000 
2.000000 
2.000000 
5.590170 
5.590170 
0.000000 
0.000000 
0.500000 
0.500000 
0.500000 
0.500000 
2.000000 
2.000000 
5.590170 
5.590170 
0.000000 
0.000000 
1.118034 
1.118034 
2.121320 
2.121320 
3.041381 
3.041381 
5.590170 
5.590170 
0.000000 
0.000000 
0.000000 
0.000000 
2.828427 
2.828427 
2.236068 
2.236068 
5.590170 
5.590170 
0.000000 
0.000000 
0.707107 
0.707107 
1.414214 
1.414214 
12.589678 
12.589678 
5.590170 
5.590170 
0.000000 
0.000000 
12.010412 
12.010412 
7.905694 
7.905694 
3.354102 
3.354102 
5.590170 
5.590170 
0.000000 
0.000000 
0.000000 
0.000000 
3.000000 
3.000000 
2.500000 
2.500000 
3.354102 
3.354102 
0.000000 
0.000000 
0.000000 
0.000000 
3.500000 
3.500000 
2.500000 
2.500000 
3.354102 
3.354102 
0.000000 
0.000000 
0.000000 
0.000000 
0.500000 
0.500000 
4.609772 
4.609772 
3.354102 
3.354102 
0.000000 
0.000000 
0.000000 
0.000000 
1.802776 
1.802776 
1.000000 
1.000000 
3.354102 
3.354102 
0.000000 
0.000000 
0.000000 
0.000000 
14.221463 
14.221463 
1.000000 
1.000000 
3.354102 
3.354102 
0.000000 
0.000000 
0.000000 
0.000000 
3.905125 
3.905125 
1.000000 
1.000000 
3.354102 
3.354102 
