0.000000 
0.000000 
0.000000 
0.000000 
1.802776 
1.802776 
0.000000 
0.000000 
2.061553 
2.061553 
0.500000 
0.500000 
23.537205 
23.537205 
2.500000 
2.500000 
1.118034 
1.118034 
0.500000 
0.500000 
0.707107 
0.707107 
1.000000 
1.000000 
1.581139 
1.581139 
1.118034 
1.118034 
1.802776 
1.802776 
1.000000 
1.000000 
2.236068 
2.236068 
1.000000 
1.000000 
2.061553 
2.061553 
7.017834 
7.017834 
0.500000 
0.500000 
3.640055 
3.640055 
0.000000 
0.000000 
4.527693 
4.527693 
1.118034 
1.118034 
4.527693 
4.527693 
0.707107 
0.707107 
4.000000 
4.000000 
0.500000 
0.500000 
3.000000 
3.000000 
0.707107 
0.707107 
3.000000 
3.000000 
2.061553 
2.061553 
3.000000 
3.000000 
2.500000 
2.500000 
3.000000 
3.000000 
3.535534 
3.535534 
3.000000 
3.000000 
2.500000 
2.500000 
3.000000 
3.000000 
1.581139 
1.581139 
3.000000 
3.000000 
2.500000 
2.500000 
3.000000 
3.000000 
9.552487 
9.552487 
3.000000 
3.000000 
3.162278 
3.162278 
3.000000 
3.000000 
6.082763 
6.082763 
3.000000 
3.000000 
0.707107 
0.707107 
3.000000 
3.000000 
2.500000 
2.500000 
3.000000 
3.000000 
3.041381 
3.041381 
3.000000 
3.000000 
10.688779 
10.688779 
3.000000 
3.000000 
3.354102 
3.354102 
4.031129 
4.031129 
6.800735 
6.800735 
4.716991 
4.716991 
3.201562 
3.201562 
1.500000 
1.500000 
0.000000 
0.000000 
2.061553 
2.061553 
5.024938 
5.024938 
0.707107 
0.707107 
6.500000 
6.500000 
0.500000 
0.500000 
6.519202 
6.519202 
3.354102 
3.354102 
