0.000000 
0.000000 
0.000000 
0.000000 
0.000000 
0.000000 
2.692582 
2.692582 
0.000000 
0.000000 
3.354102 
3.354102 
1.581139 
1.581139 
3.535534 
3.535534 
2.500000 
2.500000 
1.581139 
1.581139 
3.807887 
3.807887 
2.121320 
2.121320 
1.581139 
1.581139 
3.041381 
3.041381 
4.123106 
4.123106 
1.581139 
1.581139 
2.549510 
2.549510 
24.581497 
24.581497 
1.581139 
1.581139 
0.500000 
0.500000 
2.549510 
2.549510 
1.581139 
1.581139 
1.000000 
1.000000 
3.000000 
3.000000 
1.581139 
1.581139 
1.118034 
1.118034 
2.061553 
2.061553 
1.581139 
1.581139 
1.118034 
1.118034 
1.118034 
1.118034 
1.581139 
1.581139 
1.581139 
1.581139 
1.581139 
1.581139 
1.581139 
1.581139 
1.000000 
1.000000 
1.581139 
1.581139 
1.581139 
1.581139 
5.590170 
5.590170 
0.707107 
0.707107 
1.581139 
1.581139 
1.000000 
1.000000 
12.589678 
12.589678 
1.581139 
1.581139 
2.121320 
2.121320 
1.500000 
1.500000 
1.581139 
1.581139 
5.522681 
5.522681 
2.236068 
2.236068 
1.581139 
1.581139 
0.500000 
0.500000 
1.802776 
1.802776 
1.581139 
1.581139 
0.707107 
0.707107 
1.802776 
1.802776 
1.500000 
1.500000 
10.547512 
10.547512 
1.000000 
1.000000 
1.581139 
1.581139 
1.000000 
1.000000 
1.118034 
1.118034 
0.500000 
0.500000 
1.118034 
1.118034 
0.500000 
0.500000 
0.500000 
0.500000 
1.118034 
1.118034 
1.118034 
1.118034 
0.707107 
0.707107 
8.514693 
8.514693 
0.500000 
0.500000 
2.000000 
2.000000 
1.118034 
1.118034 
3.500000 
3.500000 
0.500000 
0.500000 
2.500000 
2.500000 
0.000000 
0.000000 
2.549510 
2.549510 
0.000000 
0.000000 
1.118034 
1.118034 
0.000000 
0.000000 
2.061553 
2.061553 
0.000000 
0.000000 
2.915476 
2.915476 
3.905125 
3.905125 
23.005434 
23.005434 
0.000000 
0.000000 
3.905125 
3.905125 
3.905125 
3.905125 
24.505102 
24.505102 
6.020797 
6.020797 
3.905125 
3.905125 
1.802776 
1.802776 
2.915476 
2.915476 
3.905125 
3.905125 
0.500000 
0.500000 
1.000000 
1.000000 
3.905125 
3.905125 
2.061553 
2.061553 
0.707107 
0.707107 
3.905125 
3.905125 
