0.000000 
0.000000 
1.118034 
1.118034 
2.061553 
2.061553 
2.549510 
2.549510 
1.500000 
1.500000 
2.236068 
2.236068 
1.581139 
1.581139 
2.236068 
2.236068 
3.605551 
3.605551 
1.118034 
1.118034 
0.500000 
0.500000 
0.000000 
0.000000 
0.707107 
0.707107 
1.118034 
1.118034 
1.118034 
1.118034 
0.707107 
0.707107 
1.581139 
1.581139 
1.414214 
1.414214 
10.547512 
10.547512 
2.500000 
2.500000 
2.828427 
2.828427 
2.236068 
2.236068 
1.000000 
1.000000 
0.000000 
0.000000 
1.000000 
1.000000 
2.236068 
2.236068 
2.061553 
2.061553 
9.552487 
9.552487 
2.915476 
2.915476 
4.472136 
4.472136 
3.162278 
3.162278 
8.732125 
8.732125 
1.000000 
1.000000 
7.500000 
7.500000 
2.121320 
2.121320 
4.123106 
4.123106 
2.236068 
2.236068 
0.500000 
0.500000 
0.500000 
0.500000 
