0.000000 
0.000000 
0.000000 
0.000000 
0.000000 
0.000000 
3.041381 
3.041381 
2.549510 
2.549510 
0.500000 
0.500000 
4.272002 
4.272002 
3.000000 
3.000000 
0.707107 
0.707107 
4.924429 
4.924429 
4.527693 
4.527693 
0.000000 
0.000000 
2.000000 
2.000000 
2.500000 
2.500000 
0.707107 
0.707107 
2.000000 
2.000000 
2.061553 
2.061553 
0.500000 
0.500000 
2.236068 
2.236068 
0.707107 
0.707107 
0.500000 
0.500000 
2.500000 
2.500000 
11.597414 
11.597414 
3.162278 
3.162278 
1.581139 
1.581139 
1.500000 
1.500000 
0.707107 
0.707107 
7.017834 
7.017834 
1.000000 
1.000000 
1.000000 
1.000000 
2.061553 
2.061553 
13.009612 
13.009612 
0.707107 
0.707107 
3.162278 
3.162278 
1.118034 
1.118034 
1.118034 
1.118034 
3.000000 
3.000000 
19.163768 
19.163768 
0.000000 
0.000000 
3.535534 
3.535534 
1.118034 
1.118034 
0.000000 
0.000000 
2.500000 
2.500000 
0.000000 
0.000000 
0.000000 
0.000000 
3.162278 
3.162278 
19.557607 
19.557607 
0.000000 
0.000000 
1.802776 
1.802776 
4.272002 
4.272002 
0.000000 
0.000000 
7.017834 
7.017834 
5.099020 
5.099020 
0.000000 
0.000000 
2.915476 
2.915476 
3.201562 
3.201562 
0.000000 
0.000000 
3.000000 
3.000000 
3.000000 
3.000000 
0.000000 
0.000000 
4.123106 
4.123106 
3.000000 
3.000000 
0.000000 
0.000000 
6.020797 
6.020797 
3.000000 
3.000000 
0.000000 
0.000000 
6.020797 
6.020797 
3.000000 
3.000000 
0.000000 
0.000000 
0.000000 
0.000000 
6.020797 
6.020797 
21.400935 
21.400935 
0.000000 
0.000000 
0.000000 
0.000000 
6.020797 
6.020797 
1.414214 
1.414214 
0.000000 
0.000000 
0.000000 
0.000000 
6.020797 
6.020797 
2.061553 
2.061553 
0.000000 
0.000000 
0.000000 
0.000000 
6.020797 
6.020797 
2.061553 
2.061553 
0.000000 
0.000000 
0.000000 
0.000000 
0.000000 
0.000000 
6.020797 
6.020797 
2.061553 
2.061553 
0.000000 
0.000000 
0.000000 
0.000000 
0.000000 
0.000000 
6.020797 
6.020797 
2.061553 
2.061553 
0.000000 
0.000000 
0.000000 
0.000000 
0.000000 
0.000000 
6.020797 
6.020797 
2.061553 
2.061553 
0.000000 
0.000000 
0.000000 
0.000000 
0.000000 
0.000000 
6.020797 
6.020797 
2.061553 
2.061553 
0.000000 
0.000000 
0.000000 
0.000000 
0.000000 
0.000000 
6.020797 
6.020797 
2.061553 
2.061553 
0.000000 
0.000000 
0.000000 
0.000000 
0.000000 
0.000000 
6.020797 
6.020797 
2.061553 
2.061553 
0.000000 
0.000000 
0.000000 
0.000000 
0.000000 
0.000000 
0.000000 
0.000000 
6.020797 
6.020797 
2.061553 
2.061553 
24.000000 
24.000000 
0.000000 
0.000000 
0.000000 
0.000000 
0.000000 
0.000000 
6.020797 
6.020797 
2.061553 
2.061553 
6.082763 
6.082763 
0.000000 
0.000000 
0.000000 
0.000000 
0.000000 
0.000000 
6.020797 
6.020797 
2.061553 
2.061553 
1.500000 
1.500000 
0.000000 
0.000000 
0.000000 
0.000000 
0.000000 
0.000000 
2.061553 
2.061553 
1.581139 
1.581139 
0.000000 
0.000000 
0.000000 
0.000000 
0.000000 
0.000000 
2.061553 
2.061553 
2.061553 
2.061553 
0.000000 
0.000000 
0.000000 
0.000000 
2.061553 
2.061553 
