0.000000 
0.000000 
0.000000 
0.000000 
0.000000 
0.000000 
0.000000 
0.000000 
2.061553 
2.061553 
6.264982 
6.264982 
2.549510 
2.549510 
3.162278 
3.162278 
2.061553 
2.061553 
7.017834 
7.017834 
1.802776 
1.802776 
5.024938 
5.024938 
8.015610 
8.015610 
2.000000 
2.000000 
4.031129 
4.031129 
2.692582 
2.692582 
2.500000 
2.500000 
2.549510 
2.549510 
1.500000 
1.500000 
3.000000 
3.000000 
2.549510 
2.549510 
2.549510 
2.549510 
2.000000 
2.000000 
5.408327 
5.408327 
11.180340 
11.180340 
0.707107 
0.707107 
1.802776 
1.802776 
6.800735 
6.800735 
2.236068 
2.236068 
5.500000 
5.500000 
1.500000 
1.500000 
4.472136 
4.472136 
1.500000 
1.500000 
0.000000 
0.000000 
1.118034 
1.118034 
1.000000 
1.000000 
0.000000 
0.000000 
5.590170 
5.590170 
0.500000 
0.500000 
1.118034 
1.118034 
0.000000 
0.000000 
1.118034 
1.118034 
1.000000 
1.000000 
0.707107 
0.707107 
0.500000 
0.500000 
1.802776 
1.802776 
0.000000 
0.000000 
1.118034 
1.118034 
0.000000 
0.000000 
0.707107 
0.707107 
1.000000 
1.000000 
0.000000 
0.000000 
1.000000 
1.000000 
0.707107 
0.707107 
4.031129 
4.031129 
1.118034 
1.118034 
0.500000 
0.500000 
1.118034 
1.118034 
0.707107 
0.707107 
3.000000 
3.000000 
6.184658 
6.184658 
0.500000 
0.500000 
1.414214 
1.414214 
1.581139 
1.581139 
1.000000 
1.000000 
6.184658 
6.184658 
0.000000 
0.000000 
3.640055 
3.640055 
0.500000 
0.500000 
0.707107 
0.707107 
6.184658 
6.184658 
0.707107 
0.707107 
1.414214 
1.414214 
1.500000 
1.500000 
0.707107 
0.707107 
10.049876 
10.049876 
0.500000 
0.500000 
1.500000 
1.500000 
0.000000 
0.000000 
0.500000 
0.500000 
0.707107 
0.707107 
1.118034 
1.118034 
1.000000 
1.000000 
2.236068 
2.236068 
0.000000 
0.000000 
1.414214 
1.414214 
2.121320 
2.121320 
1.118034 
1.118034 
0.500000 
0.500000 
2.692582 
2.692582 
0.000000 
0.000000 
1.118034 
1.118034 
0.707107 
0.707107 
1.118034 
1.118034 
0.500000 
0.500000 
1.802776 
1.802776 
14.000000 
14.000000 
0.707107 
0.707107 
0.707107 
0.707107 
1.118034 
1.118034 
0.500000 
0.500000 
5.590170 
5.590170 
0.707107 
0.707107 
0.707107 
0.707107 
0.707107 
0.707107 
1.118034 
1.118034 
1.000000 
1.000000 
1.000000 
1.000000 
0.000000 
0.000000 
0.707107 
0.707107 
0.707107 
0.707107 
1.118034 
1.118034 
1.581139 
1.581139 
0.707107 
0.707107 
0.500000 
0.500000 
0.707107 
0.707107 
0.707107 
0.707107 
1.118034 
1.118034 
0.500000 
0.500000 
3.041381 
3.041381 
1.414214 
1.414214 
0.707107 
0.707107 
0.707107 
0.707107 
1.118034 
1.118034 
0.707107 
0.707107 
0.500000 
0.500000 
0.000000 
0.000000 
6.184658 
6.184658 
0.707107 
0.707107 
0.707107 
0.707107 
1.118034 
1.118034 
0.000000 
0.000000 
1.000000 
1.000000 
6.500000 
6.500000 
1.118034 
1.118034 
0.707107 
0.707107 
0.707107 
0.707107 
1.118034 
1.118034 
0.500000 
0.500000 
0.500000 
0.500000 
1.000000 
1.000000 
1.414214 
1.414214 
0.707107 
0.707107 
0.707107 
0.707107 
1.118034 
1.118034 
0.500000 
0.500000 
1.000000 
1.000000 
1.581139 
1.581139 
1.000000 
1.000000 
0.707107 
0.707107 
0.707107 
0.707107 
1.118034 
1.118034 
0.500000 
0.500000 
0.500000 
0.500000 
1.581139 
1.581139 
10.500000 
10.500000 
0.707107 
0.707107 
0.707107 
0.707107 
1.118034 
1.118034 
0.000000 
0.000000 
1.000000 
1.000000 
1.581139 
1.581139 
1.581139 
1.581139 
0.707107 
0.707107 
0.707107 
0.707107 
1.118034 
1.118034 
0.500000 
0.500000 
1.000000 
1.000000 
1.581139 
1.581139 
0.707107 
0.707107 
0.707107 
0.707107 
0.707107 
0.707107 
1.118034 
1.118034 
0.500000 
0.500000 
0.000000 
0.000000 
1.581139 
1.581139 
0.707107 
0.707107 
0.707107 
0.707107 
0.707107 
0.707107 
0.500000 
0.500000 
0.500000 
0.500000 
1.581139 
1.581139 
0.500000 
0.500000 
0.707107 
0.707107 
0.707107 
0.707107 
0.707107 
0.707107 
0.000000 
0.000000 
1.581139 
1.581139 
1.118034 
1.118034 
0.707107 
0.707107 
0.500000 
0.500000 
0.000000 
0.000000 
1.581139 
1.581139 
1.000000 
1.000000 
0.500000 
0.500000 
0.500000 
0.500000 
1.581139 
1.581139 
1.118034 
1.118034 
0.500000 
0.500000 
0.500000 
0.500000 
1.581139 
1.581139 
1.000000 
1.000000 
0.707107 
0.707107 
0.000000 
0.000000 
