0.000000 
0.000000 
0.000000 
0.000000 
3.535534 
3.535534 
0.500000 
0.500000 
19.026298 
19.026298 
1.414214 
1.414214 
4.123106 
4.123106 
10.547512 
10.547512 
5.590170 
5.590170 
4.527693 
4.527693 
12.175796 
12.175796 
1.414214 
1.414214 
3.807887 
3.807887 
5.099020 
5.099020 
4.609772 
4.609772 
4.609772 
4.609772 
0.707107 
0.707107 
3.162278 
3.162278 
2.692582 
2.692582 
3.162278 
3.162278 
3.162278 
3.162278 
3.162278 
3.162278 
1.000000 
1.000000 
3.162278 
3.162278 
0.707107 
0.707107 
3.162278 
3.162278 
0.707107 
0.707107 
3.162278 
3.162278 
3.041381 
3.041381 
3.162278 
3.162278 
5.656854 
5.656854 
3.162278 
3.162278 
17.507141 
17.507141 
3.162278 
3.162278 
7.433034 
7.433034 
3.162278 
3.162278 
5.099020 
5.099020 
3.162278 
3.162278 
3.162278 
3.162278 
3.162278 
3.162278 
1.000000 
1.000000 
3.162278 
3.162278 
13.536986 
13.536986 
3.162278 
3.162278 
0.000000 
0.000000 
0.500000 
0.500000 
3.162278 
3.162278 
27.004629 
27.004629 
12.010412 
12.010412 
10.920165 
10.920165 
2.915476 
2.915476 
3.807887 
3.807887 
3.640055 
3.640055 
9.552487 
9.552487 
5.590170 
5.590170 
12.539936 
12.539936 
4.301163 
4.301163 
13.238202 
13.238202 
2.236068 
2.236068 
12.041595 
12.041595 
2.236068 
2.236068 
9.486833 
9.486833 
2.236068 
2.236068 
3.535534 
3.535534 
2.236068 
2.236068 
0.000000 
0.000000 
6.964194 
6.964194 
21.476732 
21.476732 
2.236068 
2.236068 
6.041523 
6.041523 
2.236068 
2.236068 
23.135471 
23.135471 
2.692582 
2.692582 
1.802776 
1.802776 
0.000000 
0.000000 
6.041523 
6.041523 
2.692582 
2.692582 
4.000000 
4.000000 
11.101802 
11.101802 
24.748737 
24.748737 
2.692582 
2.692582 
4.000000 
4.000000 
3.535534 
3.535534 
25.079872 
25.079872 
2.692582 
2.692582 
4.000000 
4.000000 
9.500000 
9.500000 
1.802776 
1.802776 
2.692582 
2.692582 
4.000000 
4.000000 
