0.000000 
0.000000 
0.000000 
0.000000 
0.000000 
0.000000 
0.000000 
0.000000 
0.000000 
0.000000 
0.000000 
0.000000 
7.017834 
7.017834 
1.414214 
1.414214 
0.000000 
0.000000 
0.000000 
0.000000 
7.017834 
7.017834 
0.000000 
0.000000 
2.236068 
2.236068 
0.000000 
0.000000 
0.000000 
0.000000 
7.017834 
7.017834 
4.031129 
4.031129 
1.118034 
1.118034 
0.000000 
0.000000 
0.000000 
0.000000 
7.017834 
7.017834 
1.414214 
1.414214 
2.061553 
2.061553 
0.000000 
0.000000 
8.732125 
8.732125 
7.017834 
7.017834 
0.000000 
0.000000 
3.605551 
3.605551 
1.802776 
1.802776 
0.000000 
0.000000 
1.581139 
1.581139 
7.017834 
7.017834 
0.000000 
0.000000 
3.041381 
3.041381 
1.581139 
1.581139 
0.000000 
0.000000 
2.549510 
2.549510 
7.017834 
7.017834 
0.000000 
0.000000 
0.000000 
0.000000 
0.500000 
0.500000 
2.692582 
2.692582 
0.000000 
0.000000 
2.500000 
2.500000 
7.017834 
7.017834 
6.041523 
6.041523 
0.000000 
0.000000 
1.581139 
1.581139 
1.500000 
1.500000 
0.000000 
0.000000 
9.552487 
9.552487 
7.017834 
7.017834 
9.124144 
9.124144 
0.000000 
0.000000 
1.000000 
1.000000 
1.118034 
1.118034 
0.000000 
0.000000 
3.041381 
3.041381 
7.017834 
7.017834 
2.692582 
2.692582 
0.000000 
0.000000 
0.707107 
0.707107 
0.707107 
0.707107 
0.000000 
0.000000 
9.552487 
9.552487 
7.017834 
7.017834 
1.802776 
1.802776 
0.000000 
0.000000 
1.581139 
1.581139 
14.080128 
14.080128 
0.000000 
0.000000 
9.055385 
9.055385 
7.017834 
7.017834 
1.118034 
1.118034 
0.000000 
0.000000 
1.581139 
1.581139 
4.000000 
4.000000 
0.000000 
0.000000 
3.000000 
3.000000 
7.017834 
7.017834 
0.500000 
0.500000 
0.000000 
0.000000 
1.581139 
1.581139 
6.184658 
6.184658 
0.000000 
0.000000 
14.008926 
14.008926 
7.017834 
7.017834 
0.000000 
0.000000 
1.118034 
1.118034 
0.000000 
0.000000 
1.581139 
1.581139 
2.000000 
2.000000 
8.062258 
8.062258 
7.017834 
7.017834 
0.000000 
0.000000 
3.041381 
3.041381 
6.000000 
6.000000 
0.000000 
0.000000 
1.581139 
1.581139 
21.224985 
21.224985 
13.729530 
13.729530 
1.500000 
1.500000 
11.510864 
11.510864 
1.581139 
1.581139 
0.000000 
0.000000 
1.581139 
1.581139 
21.224985 
21.224985 
7.762087 
7.762087 
1.500000 
1.500000 
13.009612 
13.009612 
2.000000 
2.000000 
0.000000 
0.000000 
1.581139 
1.581139 
21.224985 
21.224985 
13.000000 
13.000000 
14.008926 
14.008926 
3.500000 
3.500000 
2.000000 
2.000000 
0.000000 
0.000000 
1.581139 
1.581139 
21.224985 
21.224985 
3.041381 
3.041381 
0.000000 
0.000000 
14.008926 
14.008926 
12.000000 
12.000000 
2.000000 
2.000000 
0.000000 
0.000000 
1.581139 
1.581139 
21.224985 
21.224985 
7.566373 
7.566373 
0.000000 
0.000000 
2.549510 
2.549510 
14.008926 
14.008926 
12.000000 
12.000000 
2.000000 
2.000000 
1.581139 
1.581139 
21.224985 
21.224985 
7.566373 
7.566373 
2.549510 
2.549510 
1.118034 
1.118034 
14.008926 
14.008926 
12.000000 
12.000000 
2.000000 
2.000000 
1.581139 
1.581139 
21.224985 
21.224985 
7.566373 
7.566373 
12.500000 
12.500000 
2.915476 
2.915476 
14.008926 
14.008926 
12.000000 
12.000000 
2.000000 
2.000000 
1.581139 
1.581139 
21.224985 
21.224985 
7.566373 
7.566373 
10.012492 
10.012492 
1.802776 
1.802776 
14.008926 
14.008926 
12.000000 
12.000000 
2.000000 
2.000000 
1.581139 
1.581139 
21.224985 
21.224985 
7.566373 
7.566373 
10.012492 
10.012492 
4.272002 
4.272002 
14.008926 
14.008926 
12.000000 
12.000000 
2.000000 
2.000000 
1.581139 
1.581139 
21.224985 
21.224985 
7.566373 
7.566373 
10.012492 
10.012492 
1.118034 
1.118034 
14.008926 
14.008926 
12.000000 
12.000000 
2.000000 
2.000000 
1.581139 
1.581139 
21.224985 
21.224985 
7.566373 
7.566373 
10.012492 
10.012492 
4.472136 
4.472136 
14.008926 
14.008926 
12.000000 
12.000000 
2.000000 
2.000000 
21.224985 
21.224985 
7.566373 
7.566373 
10.012492 
10.012492 
1.414214 
1.414214 
14.008926 
14.008926 
12.000000 
12.000000 
2.000000 
2.000000 
21.224985 
21.224985 
7.566373 
7.566373 
10.012492 
10.012492 
8.276473 
8.276473 
14.008926 
14.008926 
12.000000 
12.000000 
2.000000 
2.000000 
21.224985 
21.224985 
7.566373 
7.566373 
10.012492 
10.012492 
1.118034 
1.118034 
14.008926 
14.008926 
12.000000 
12.000000 
2.000000 
2.000000 
21.224985 
21.224985 
7.566373 
7.566373 
10.012492 
10.012492 
2.121320 
2.121320 
14.008926 
14.008926 
12.000000 
12.000000 
2.000000 
2.000000 
7.566373 
7.566373 
10.012492 
10.012492 
1.000000 
1.000000 
14.008926 
14.008926 
12.000000 
12.000000 
2.000000 
2.000000 
7.566373 
7.566373 
10.012492 
10.012492 
1.118034 
1.118034 
14.008926 
14.008926 
12.000000 
12.000000 
7.566373 
7.566373 
10.012492 
10.012492 
1.581139 
1.581139 
12.000000 
12.000000 
7.566373 
7.566373 
10.012492 
10.012492 
1.414214 
1.414214 
10.012492 
10.012492 
10.062306 
10.062306 
10.012492 
10.012492 
3.041381 
3.041381 
10.012492 
10.012492 
5.024938 
5.024938 
