0.000000 
0.000000 
0.000000 
0.000000 
2.236068 
2.236068 
2.500000 
2.500000 
3.640055 
3.640055 
1.118034 
1.118034 
1.581139 
1.581139 
0.707107 
0.707107 
9.055385 
9.055385 
0.500000 
0.500000 
3.535534 
3.535534 
1.802776 
1.802776 
5.024938 
5.024938 
1.581139 
1.581139 
5.024938 
5.024938 
2.236068 
2.236068 
4.000000 
4.000000 
0.707107 
0.707107 
1.581139 
1.581139 
2.061553 
2.061553 
12.509996 
12.509996 
1.414214 
1.414214 
2.549510 
2.549510 
2.000000 
2.000000 
2.549510 
2.549510 
2.236068 
2.236068 
3.500000 
3.500000 
0.000000 
0.000000 
5.000000 
5.000000 
0.500000 
0.500000 
10.049876 
10.049876 
1.118034 
1.118034 
4.031129 
4.031129 
3.000000 
3.000000 
4.031129 
4.031129 
2.061553 
2.061553 
8.746428 
8.746428 
1.118034 
1.118034 
2.500000 
2.500000 
0.500000 
0.500000 
12.093387 
12.093387 
1.118034 
1.118034 
12.093387 
12.093387 
8.514693 
8.514693 
0.000000 
0.000000 
12.093387 
12.093387 
20.524376 
20.524376 
2.549510 
2.549510 
12.093387 
12.093387 
0.500000 
0.500000 
2.915476 
2.915476 
12.093387 
12.093387 
1.118034 
1.118034 
1.802776 
1.802776 
12.093387 
12.093387 
7.158911 
7.158911 
1.500000 
1.500000 
12.093387 
12.093387 
1.118034 
1.118034 
0.000000 
0.000000 
12.093387 
12.093387 
2.915476 
2.915476 
1.000000 
1.000000 
12.093387 
12.093387 
4.272002 
4.272002 
0.500000 
0.500000 
12.093387 
12.093387 
3.640055 
3.640055 
3.535534 
3.535534 
12.093387 
12.093387 
2.236068 
2.236068 
1.118034 
1.118034 
12.093387 
12.093387 
2.236068 
2.236068 
5.590170 
5.590170 
12.093387 
12.093387 
1.414214 
1.414214 
1.581139 
1.581139 
12.093387 
12.093387 
1.118034 
1.118034 
1.581139 
1.581139 
12.093387 
12.093387 
27.225907 
27.225907 
1.581139 
1.581139 
1.414214 
1.414214 
1.581139 
1.581139 
0.500000 
0.500000 
1.581139 
1.581139 
1.118034 
1.118034 
1.581139 
1.581139 
1.581139 
1.581139 
