0.000000 
0.000000 
0.000000 
0.000000 
0.000000 
0.000000 
2.000000 
2.000000 
2.121320 
2.121320 
1.581139 
1.581139 
2.000000 
2.000000 
1.118034 
1.118034 
0.500000 
0.500000 
2.000000 
2.000000 
0.707107 
0.707107 
0.000000 
0.000000 
2.000000 
2.000000 
0.500000 
0.500000 
0.500000 
0.500000 
2.000000 
2.000000 
28.040150 
28.040150 
0.500000 
0.500000 
2.000000 
2.000000 
0.500000 
0.500000 
1.000000 
1.000000 
2.000000 
2.000000 
32.500000 
32.500000 
0.500000 
0.500000 
2.000000 
2.000000 
1.581139 
1.581139 
0.707107 
0.707107 
14.008926 
14.008926 
3.000000 
3.000000 
0.500000 
0.500000 
3.354102 
3.354102 
0.500000 
0.500000 
0.500000 
0.500000 
3.354102 
3.354102 
24.520400 
24.520400 
0.707107 
0.707107 
3.354102 
3.354102 
2.500000 
2.500000 
0.500000 
0.500000 
3.354102 
3.354102 
24.505102 
24.505102 
0.500000 
0.500000 
3.354102 
3.354102 
1.414214 
1.414214 
0.707107 
0.707107 
3.354102 
3.354102 
16.070159 
16.070159 
0.000000 
0.000000 
3.354102 
3.354102 
16.070159 
16.070159 
0.000000 
0.000000 
3.354102 
3.354102 
16.070159 
16.070159 
0.000000 
0.000000 
3.354102 
3.354102 
16.070159 
16.070159 
0.000000 
0.000000 
3.354102 
3.354102 
16.070159 
16.070159 
0.000000 
0.000000 
3.354102 
3.354102 
16.070159 
16.070159 
0.000000 
0.000000 
3.354102 
3.354102 
20.615528 
20.615528 
0.000000 
0.000000 
3.354102 
3.354102 
20.615528 
20.615528 
0.000000 
0.000000 
3.354102 
3.354102 
20.615528 
20.615528 
0.000000 
0.000000 
3.354102 
3.354102 
20.615528 
20.615528 
0.000000 
0.000000 
20.615528 
20.615528 
0.000000 
0.000000 
20.615528 
20.615528 
0.000000 
0.000000 
20.615528 
20.615528 
0.000000 
0.000000 
0.000000 
0.000000 
20.615528 
20.615528 
0.000000 
0.000000 
0.000000 
0.000000 
2.061553 
2.061553 
20.615528 
20.615528 
0.000000 
0.000000 
0.500000 
0.500000 
1.581139 
1.581139 
20.615528 
20.615528 
1.118034 
1.118034 
2.000000 
2.000000 
20.615528 
20.615528 
1.118034 
1.118034 
0.000000 
0.000000 
8.139410 
8.139410 
1.000000 
1.000000 
3.605551 
3.605551 
2.121320 
2.121320 
1.000000 
1.000000 
3.605551 
3.605551 
3.162278 
3.162278 
1.000000 
1.000000 
3.605551 
3.605551 
3.354102 
3.354102 
1.000000 
1.000000 
3.605551 
3.605551 
0.500000 
0.500000 
3.640055 
3.640055 
3.605551 
3.605551 
0.500000 
0.500000 
0.500000 
0.500000 
3.605551 
3.605551 
0.500000 
0.500000 
