0.000000 
0.000000 
0.000000 
0.000000 
0.000000 
0.000000 
0.000000 
0.000000 
0.707107 
0.707107 
2.692582 
2.692582 
0.000000 
0.000000 
1.802776 
1.802776 
0.500000 
0.500000 
0.000000 
0.000000 
1.581139 
1.581139 
0.500000 
0.500000 
3.041381 
3.041381 
1.118034 
1.118034 
0.500000 
0.500000 
0.707107 
0.707107 
0.500000 
0.500000 
0.500000 
0.500000 
1.802776 
1.802776 
0.707107 
0.707107 
0.000000 
0.000000 
0.500000 
0.500000 
1.581139 
1.581139 
0.707107 
0.707107 
2.061553 
2.061553 
0.500000 
0.500000 
24.046829 
24.046829 
0.707107 
0.707107 
11.180340 
11.180340 
0.500000 
0.500000 
1.802776 
1.802776 
3.000000 
3.000000 
2.500000 
2.500000 
0.500000 
0.500000 
3.041381 
3.041381 
0.707107 
0.707107 
26.004807 
26.004807 
0.500000 
0.500000 
19.525624 
19.525624 
0.500000 
0.500000 
2.061553 
2.061553 
0.500000 
0.500000 
4.500000 
4.500000 
2.061553 
2.061553 
2.061553 
2.061553 
0.500000 
0.500000 
6.500000 
6.500000 
3.605551 
3.605551 
1.118034 
1.118034 
0.500000 
0.500000 
3.535534 
3.535534 
2.061553 
2.061553 
1.802776 
1.802776 
0.500000 
0.500000 
10.547512 
10.547512 
5.500000 
5.500000 
16.500000 
16.500000 
0.500000 
0.500000 
5.522681 
5.522681 
2.692582 
2.692582 
2.061553 
2.061553 
0.500000 
0.500000 
5.522681 
5.522681 
3.500000 
3.500000 
0.000000 
0.000000 
4.031129 
4.031129 
4.527693 
4.527693 
1.000000 
1.000000 
2.000000 
2.000000 
3.640055 
3.640055 
1.802776 
1.802776 
9.055385 
9.055385 
3.535534 
3.535534 
28.071338 
28.071338 
2.236068 
2.236068 
3.535534 
3.535534 
2.915476 
2.915476 
2.500000 
2.500000 
6.576473 
6.576473 
0.000000 
0.000000 
7.280110 
7.280110 
2.915476 
2.915476 
1.000000 
1.000000 
0.500000 
0.500000 
7.762087 
7.762087 
1.500000 
1.500000 
0.707107 
0.707107 
2.061553 
2.061553 
1.000000 
1.000000 
1.000000 
1.000000 
0.500000 
0.500000 
5.099020 
5.099020 
2.000000 
2.000000 
1.118034 
1.118034 
1.118034 
1.118034 
3.605551 
3.605551 
3.041381 
3.041381 
1.500000 
1.500000 
1.581139 
1.581139 
3.535534 
3.535534 
3.905125 
3.905125 
1.500000 
1.500000 
2.000000 
2.000000 
30.000000 
30.000000 
3.905125 
3.905125 
2.500000 
2.500000 
1.000000 
1.000000 
1.414214 
1.414214 
3.905125 
3.905125 
2.061553 
2.061553 
0.500000 
0.500000 
0.000000 
0.000000 
30.565503 
30.565503 
3.905125 
3.905125 
0.500000 
0.500000 
1.118034 
1.118034 
1.118034 
1.118034 
2.692582 
2.692582 
3.905125 
3.905125 
0.500000 
0.500000 
1.414214 
1.414214 
0.500000 
0.500000 
3.162278 
3.162278 
3.905125 
3.905125 
0.500000 
0.500000 
0.500000 
0.500000 
1.581139 
1.581139 
1.802776 
1.802776 
3.905125 
3.905125 
0.500000 
0.500000 
0.000000 
0.000000 
0.707107 
0.707107 
1.118034 
1.118034 
3.905125 
3.905125 
0.000000 
0.000000 
0.000000 
0.000000 
0.500000 
0.500000 
1.500000 
1.500000 
3.905125 
3.905125 
0.500000 
0.500000 
0.500000 
0.500000 
0.500000 
0.500000 
3.535534 
3.535534 
3.905125 
3.905125 
1.118034 
1.118034 
0.707107 
0.707107 
0.707107 
0.707107 
3.201562 
3.201562 
3.905125 
3.905125 
0.707107 
0.707107 
1.000000 
1.000000 
