0.000000 
0.000000 
2.061553 
2.061553 
0.000000 
0.000000 
2.061553 
2.061553 
0.000000 
0.000000 
0.000000 
0.000000 
0.000000 
0.000000 
2.061553 
2.061553 
1.581139 
1.581139 
2.000000 
2.000000 
0.000000 
0.000000 
2.061553 
2.061553 
0.000000 
0.000000 
0.000000 
0.000000 
1.581139 
1.581139 
2.000000 
2.000000 
0.000000 
0.000000 
2.061553 
2.061553 
0.000000 
0.000000 
2.061553 
2.061553 
1.581139 
1.581139 
2.000000 
2.000000 
0.000000 
0.000000 
2.061553 
2.061553 
0.000000 
0.000000 
0.000000 
0.000000 
2.061553 
2.061553 
1.581139 
1.581139 
2.000000 
2.000000 
0.000000 
0.000000 
2.061553 
2.061553 
0.000000 
0.000000 
0.000000 
0.000000 
0.000000 
0.000000 
2.061553 
2.061553 
1.581139 
1.581139 
2.000000 
2.000000 
0.000000 
0.000000 
2.061553 
2.061553 
0.000000 
0.000000 
2.000000 
2.000000 
0.000000 
0.000000 
0.000000 
0.000000 
2.061553 
2.061553 
1.581139 
1.581139 
2.000000 
2.000000 
0.000000 
0.000000 
2.061553 
2.061553 
0.000000 
0.000000 
1.500000 
1.500000 
2.000000 
2.000000 
0.000000 
0.000000 
0.000000 
0.000000 
2.061553 
2.061553 
1.581139 
1.581139 
2.000000 
2.000000 
0.000000 
0.000000 
2.061553 
2.061553 
0.000000 
0.000000 
2.000000 
2.000000 
1.500000 
1.500000 
2.000000 
2.000000 
0.000000 
0.000000 
0.000000 
0.000000 
2.061553 
2.061553 
1.581139 
1.581139 
2.000000 
2.000000 
0.000000 
0.000000 
2.061553 
2.061553 
0.000000 
0.000000 
0.000000 
0.000000 
2.000000 
2.000000 
1.500000 
1.500000 
2.000000 
2.000000 
0.000000 
0.000000 
0.000000 
0.000000 
2.061553 
2.061553 
1.581139 
1.581139 
2.000000 
2.000000 
0.000000 
0.000000 
2.061553 
2.061553 
2.061553 
2.061553 
0.000000 
0.000000 
2.000000 
2.000000 
1.500000 
1.500000 
2.000000 
2.000000 
0.000000 
0.000000 
0.000000 
0.000000 
2.061553 
2.061553 
1.581139 
1.581139 
2.000000 
2.000000 
0.000000 
0.000000 
2.061553 
2.061553 
0.000000 
0.000000 
2.061553 
2.061553 
0.000000 
0.000000 
2.000000 
2.000000 
1.500000 
1.500000 
2.000000 
2.000000 
0.000000 
0.000000 
0.000000 
0.000000 
2.061553 
2.061553 
1.581139 
1.581139 
2.000000 
2.000000 
0.000000 
0.000000 
2.061553 
2.061553 
0.000000 
0.000000 
0.000000 
0.000000 
2.061553 
2.061553 
0.000000 
0.000000 
2.000000 
2.000000 
1.500000 
1.500000 
2.000000 
2.000000 
0.000000 
0.000000 
0.000000 
0.000000 
2.061553 
2.061553 
1.581139 
1.581139 
2.000000 
2.000000 
0.000000 
0.000000 
2.061553 
2.061553 
2.061553 
2.061553 
0.000000 
0.000000 
2.061553 
2.061553 
0.000000 
0.000000 
2.000000 
2.000000 
1.500000 
1.500000 
2.000000 
2.000000 
0.000000 
0.000000 
0.000000 
0.000000 
2.061553 
2.061553 
1.581139 
1.581139 
2.000000 
2.000000 
0.000000 
0.000000 
0.000000 
0.000000 
2.061553 
2.061553 
0.000000 
0.000000 
2.061553 
2.061553 
0.000000 
0.000000 
2.000000 
2.000000 
1.500000 
1.500000 
2.000000 
2.000000 
0.000000 
0.000000 
0.000000 
0.000000 
2.061553 
2.061553 
1.581139 
1.581139 
2.000000 
2.000000 
0.000000 
0.000000 
0.000000 
0.000000 
2.000000 
2.000000 
2.061553 
2.061553 
0.000000 
0.000000 
2.061553 
2.061553 
0.000000 
0.000000 
2.000000 
2.000000 
1.500000 
1.500000 
2.000000 
2.000000 
0.000000 
0.000000 
0.000000 
0.000000 
2.061553 
2.061553 
1.581139 
1.581139 
2.000000 
2.000000 
0.000000 
0.000000 
1.500000 
1.500000 
1.581139 
1.581139 
2.000000 
2.000000 
2.061553 
2.061553 
0.000000 
0.000000 
2.061553 
2.061553 
0.000000 
0.000000 
2.000000 
2.000000 
1.500000 
1.500000 
2.000000 
2.000000 
0.000000 
0.000000 
0.000000 
0.000000 
2.061553 
2.061553 
0.000000 
0.000000 
0.000000 
0.000000 
1.500000 
1.500000 
1.500000 
1.500000 
1.581139 
1.581139 
2.000000 
2.000000 
2.061553 
2.061553 
0.000000 
0.000000 
2.061553 
2.061553 
0.000000 
0.000000 
2.000000 
2.000000 
1.500000 
1.500000 
2.000000 
2.000000 
0.000000 
0.000000 
2.061553 
2.061553 
0.000000 
0.000000 
2.061553 
2.061553 
5.024938 
5.024938 
1.500000 
1.500000 
1.500000 
1.500000 
1.581139 
1.581139 
2.000000 
2.000000 
2.061553 
2.061553 
0.000000 
0.000000 
2.061553 
2.061553 
0.000000 
0.000000 
2.000000 
2.000000 
1.500000 
1.500000 
2.000000 
2.000000 
0.000000 
0.000000 
0.000000 
0.000000 
0.000000 
0.000000 
2.000000 
2.000000 
2.061553 
2.061553 
2.061553 
2.061553 
1.500000 
1.500000 
1.500000 
1.500000 
1.581139 
1.581139 
2.000000 
2.000000 
2.061553 
2.061553 
0.000000 
0.000000 
2.061553 
2.061553 
0.000000 
0.000000 
2.000000 
2.000000 
1.500000 
1.500000 
2.000000 
2.000000 
0.000000 
0.000000 
0.000000 
0.000000 
0.000000 
0.000000 
0.000000 
0.000000 
0.000000 
0.000000 
1.500000 
1.500000 
2.000000 
2.000000 
2.061553 
2.061553 
1.000000 
1.000000 
1.500000 
1.500000 
1.500000 
1.500000 
1.581139 
1.581139 
2.000000 
2.000000 
2.061553 
2.061553 
0.000000 
0.000000 
2.061553 
2.061553 
0.000000 
0.000000 
2.000000 
2.000000 
1.500000 
1.500000 
2.000000 
2.000000 
0.000000 
0.000000 
0.000000 
0.000000 
0.000000 
0.000000 
2.061553 
2.061553 
1.581139 
1.581139 
0.707107 
0.707107 
0.000000 
0.000000 
0.000000 
0.000000 
1.500000 
1.500000 
2.000000 
2.000000 
2.061553 
2.061553 
1.000000 
1.000000 
1.500000 
1.500000 
1.500000 
1.500000 
1.581139 
1.581139 
2.000000 
2.000000 
2.061553 
2.061553 
0.000000 
0.000000 
2.061553 
2.061553 
0.000000 
0.000000 
2.000000 
2.000000 
1.500000 
1.500000 
2.500000 
2.500000 
0.500000 
0.500000 
3.535534 
3.535534 
3.535534 
3.535534 
1.500000 
1.500000 
0.707107 
0.707107 
0.000000 
0.000000 
0.000000 
0.000000 
1.500000 
1.500000 
2.000000 
2.000000 
2.061553 
2.061553 
3.000000 
3.000000 
1.500000 
1.500000 
1.500000 
1.500000 
1.581139 
1.581139 
2.000000 
2.000000 
2.061553 
2.061553 
0.000000 
0.000000 
2.061553 
2.061553 
0.000000 
0.000000 
2.000000 
2.000000 
0.000000 
0.000000 
2.549510 
2.549510 
1.414214 
1.414214 
3.535534 
3.535534 
3.041381 
3.041381 
3.000000 
3.000000 
0.500000 
0.500000 
0.000000 
0.000000 
0.000000 
0.000000 
1.500000 
1.500000 
2.000000 
2.000000 
2.061553 
2.061553 
1.000000 
1.000000 
1.500000 
1.500000 
1.500000 
1.500000 
1.581139 
1.581139 
2.000000 
2.000000 
2.061553 
2.061553 
0.000000 
0.000000 
2.061553 
2.061553 
3.000000 
3.000000 
2.549510 
2.549510 
1.000000 
1.000000 
3.535534 
3.535534 
1.500000 
1.500000 
0.707107 
0.707107 
1.118034 
1.118034 
0.000000 
0.000000 
0.000000 
0.000000 
1.500000 
1.500000 
2.000000 
2.000000 
2.061553 
2.061553 
0.707107 
0.707107 
1.500000 
1.500000 
1.500000 
1.500000 
1.581139 
1.581139 
2.000000 
2.000000 
2.061553 
2.061553 
0.000000 
0.000000 
2.061553 
2.061553 
3.041381 
3.041381 
1.500000 
1.500000 
0.500000 
0.500000 
3.535534 
3.535534 
3.000000 
3.000000 
0.500000 
0.500000 
1.118034 
1.118034 
0.000000 
0.000000 
0.000000 
0.000000 
1.500000 
1.500000 
0.500000 
0.500000 
2.061553 
2.061553 
2.061553 
2.061553 
1.500000 
1.500000 
1.500000 
1.500000 
1.581139 
1.581139 
2.000000 
2.000000 
2.061553 
2.061553 
0.000000 
0.000000 
0.000000 
0.000000 
2.549510 
2.549510 
4.500000 
4.500000 
1.000000 
1.000000 
3.535534 
3.535534 
1.500000 
1.500000 
0.000000 
0.000000 
1.118034 
1.118034 
0.000000 
0.000000 
0.000000 
0.000000 
1.500000 
1.500000 
1.500000 
1.500000 
2.061553 
2.061553 
1.802776 
1.802776 
1.500000 
1.500000 
1.500000 
1.500000 
1.581139 
1.581139 
2.000000 
2.000000 
2.061553 
2.061553 
0.000000 
0.000000 
1.581139 
1.581139 
4.031129 
4.031129 
1.118034 
1.118034 
2.549510 
2.549510 
3.535534 
3.535534 
1.000000 
1.000000 
0.500000 
0.500000 
1.118034 
1.118034 
0.000000 
0.000000 
0.000000 
0.000000 
1.500000 
1.500000 
1.118034 
1.118034 
2.061553 
2.061553 
1.581139 
1.581139 
1.500000 
1.500000 
1.500000 
1.500000 
1.581139 
1.581139 
2.000000 
2.000000 
2.061553 
2.061553 
0.000000 
0.000000 
1.500000 
1.500000 
1.581139 
1.581139 
2.236068 
2.236068 
1.118034 
1.118034 
2.549510 
2.549510 
3.535534 
3.535534 
1.581139 
1.581139 
3.500000 
3.500000 
1.118034 
1.118034 
0.000000 
0.000000 
0.000000 
0.000000 
1.500000 
1.500000 
1.118034 
1.118034 
2.061553 
2.061553 
1.414214 
1.414214 
0.500000 
0.500000 
1.500000 
1.500000 
1.581139 
1.581139 
2.000000 
2.000000 
0.000000 
0.000000 
2.061553 
2.061553 
2.549510 
2.549510 
1.581139 
1.581139 
2.692582 
2.692582 
1.414214 
1.414214 
2.549510 
2.549510 
3.535534 
3.535534 
0.000000 
0.000000 
0.500000 
0.500000 
1.118034 
1.118034 
0.000000 
0.000000 
0.000000 
0.000000 
1.500000 
1.500000 
1.118034 
1.118034 
2.061553 
2.061553 
1.414214 
1.414214 
2.061553 
2.061553 
1.500000 
1.500000 
1.581139 
1.581139 
2.000000 
2.000000 
0.000000 
0.000000 
0.000000 
0.000000 
1.581139 
1.581139 
1.581139 
1.581139 
0.707107 
0.707107 
1.581139 
1.581139 
2.236068 
2.236068 
1.118034 
1.118034 
2.549510 
2.549510 
3.535534 
3.535534 
0.000000 
0.000000 
0.500000 
0.500000 
1.118034 
1.118034 
0.000000 
0.000000 
0.000000 
0.000000 
1.500000 
1.500000 
1.118034 
1.118034 
2.061553 
2.061553 
1.414214 
1.414214 
2.061553 
2.061553 
1.500000 
1.500000 
1.581139 
1.581139 
2.000000 
2.000000 
0.000000 
0.000000 
0.000000 
0.000000 
1.118034 
1.118034 
1.581139 
1.581139 
1.581139 
1.581139 
1.000000 
1.000000 
1.581139 
1.581139 
1.118034 
1.118034 
0.500000 
0.500000 
2.549510 
2.549510 
3.535534 
3.535534 
0.000000 
0.000000 
0.500000 
0.500000 
1.118034 
1.118034 
0.000000 
0.000000 
0.000000 
0.000000 
1.500000 
1.500000 
1.118034 
1.118034 
2.061553 
2.061553 
1.414214 
1.414214 
2.061553 
2.061553 
2.500000 
2.500000 
0.000000 
0.000000 
0.000000 
0.000000 
2.061553 
2.061553 
0.000000 
0.000000 
2.000000 
2.000000 
1.581139 
1.581139 
1.581139 
1.581139 
0.500000 
0.500000 
1.581139 
1.581139 
0.000000 
0.000000 
0.500000 
0.500000 
2.549510 
2.549510 
3.535534 
3.535534 
0.500000 
0.500000 
0.500000 
0.500000 
1.118034 
1.118034 
0.000000 
0.000000 
0.000000 
0.000000 
1.500000 
1.500000 
1.118034 
1.118034 
2.061553 
2.061553 
1.414214 
1.414214 
2.061553 
2.061553 
2.500000 
2.500000 
0.000000 
0.000000 
1.581139 
1.581139 
1.581139 
1.581139 
2.061553 
2.061553 
0.000000 
0.000000 
2.000000 
2.000000 
1.581139 
1.581139 
1.581139 
1.581139 
3.041381 
3.041381 
1.581139 
1.581139 
0.500000 
0.500000 
0.500000 
0.500000 
2.549510 
2.549510 
3.535534 
3.535534 
1.000000 
1.000000 
0.500000 
0.500000 
1.118034 
1.118034 
0.000000 
0.000000 
0.000000 
0.000000 
1.500000 
1.500000 
1.118034 
1.118034 
1.414214 
1.414214 
2.061553 
2.061553 
2.500000 
2.500000 
0.000000 
0.000000 
0.000000 
0.000000 
0.000000 
0.000000 
1.581139 
1.581139 
1.581139 
1.581139 
1.581139 
1.581139 
2.061553 
2.061553 
0.000000 
0.000000 
2.000000 
2.000000 
1.581139 
1.581139 
1.581139 
1.581139 
0.707107 
0.707107 
1.581139 
1.581139 
0.500000 
0.500000 
1.118034 
1.118034 
2.549510 
2.549510 
3.535534 
3.535534 
2.500000 
2.500000 
0.500000 
0.500000 
1.118034 
1.118034 
0.000000 
0.000000 
1.500000 
1.500000 
1.118034 
1.118034 
1.414214 
1.414214 
2.061553 
2.061553 
2.500000 
2.500000 
0.000000 
0.000000 
0.000000 
0.000000 
1.500000 
1.500000 
1.000000 
1.000000 
2.236068 
2.236068 
2.061553 
2.061553 
1.581139 
1.581139 
1.581139 
1.581139 
2.061553 
2.061553 
0.000000 
0.000000 
2.000000 
2.000000 
1.581139 
1.581139 
1.581139 
1.581139 
0.500000 
0.500000 
1.581139 
1.581139 
1.414214 
1.414214 
0.707107 
0.707107 
2.549510 
2.549510 
3.535534 
3.535534 
2.500000 
2.500000 
0.500000 
0.500000 
1.118034 
1.118034 
1.118034 
1.118034 
1.414214 
1.414214 
2.061553 
2.061553 
2.500000 
2.500000 
