0.000000 
0.000000 
0.000000 
0.000000 
0.000000 
0.000000 
8.000000 
8.000000 
0.500000 
0.500000 
4.272002 
4.272002 
1.000000 
1.000000 
0.707107 
0.707107 
3.640055 
3.640055 
1.000000 
1.000000 
2.061553 
2.061553 
7.810250 
7.810250 
0.707107 
0.707107 
2.500000 
2.500000 
1.581139 
1.581139 
0.500000 
0.500000 
21.023796 
21.023796 
2.549510 
2.549510 
0.500000 
0.500000 
21.023796 
21.023796 
4.000000 
4.000000 
1.000000 
1.000000 
21.023796 
21.023796 
7.071068 
7.071068 
0.707107 
0.707107 
21.023796 
21.023796 
5.830952 
5.830952 
0.000000 
0.000000 
21.023796 
21.023796 
2.000000 
2.000000 
0.707107 
0.707107 
21.023796 
21.023796 
2.000000 
2.000000 
0.500000 
0.500000 
21.023796 
21.023796 
0.500000 
0.500000 
0.000000 
0.000000 
21.023796 
21.023796 
4.527693 
4.527693 
0.707107 
0.707107 
21.023796 
21.023796 
0.500000 
0.500000 
8.500000 
8.500000 
21.023796 
21.023796 
0.500000 
0.500000 
1.000000 
1.000000 
21.023796 
21.023796 
5.220153 
5.220153 
0.000000 
0.000000 
1.000000 
1.000000 
21.023796 
21.023796 
2.549510 
2.549510 
1.118034 
1.118034 
1.000000 
1.000000 
21.023796 
21.023796 
3.640055 
3.640055 
1.581139 
1.581139 
1.000000 
1.000000 
21.023796 
21.023796 
4.301163 
4.301163 
4.031129 
4.031129 
1.000000 
1.000000 
21.023796 
21.023796 
3.354102 
3.354102 
2.061553 
2.061553 
1.000000 
1.000000 
3.354102 
3.354102 
1.118034 
1.118034 
1.000000 
1.000000 
3.354102 
3.354102 
2.828427 
2.828427 
1.000000 
1.000000 
3.354102 
3.354102 
1.000000 
1.000000 
1.000000 
1.000000 
3.354102 
3.354102 
0.000000 
0.000000 
3.162278 
3.162278 
1.000000 
1.000000 
3.354102 
3.354102 
1.500000 
1.500000 
3.000000 
3.000000 
1.000000 
1.000000 
3.354102 
3.354102 
2.121320 
2.121320 
16.530275 
16.530275 
1.000000 
1.000000 
3.354102 
3.354102 
3.041381 
3.041381 
1.581139 
1.581139 
1.000000 
1.000000 
3.354102 
3.354102 
0.707107 
0.707107 
14.637281 
14.637281 
1.000000 
1.000000 
3.354102 
3.354102 
0.000000 
0.000000 
2.500000 
2.500000 
1.000000 
1.000000 
3.354102 
3.354102 
1.118034 
1.118034 
1.118034 
1.118034 
3.354102 
3.354102 
1.118034 
1.118034 
29.107559 
29.107559 
3.354102 
3.354102 
0.000000 
0.000000 
0.000000 
0.000000 
1.118034 
1.118034 
3.905125 
3.905125 
3.354102 
3.354102 
11.661904 
11.661904 
0.000000 
0.000000 
18.506756 
18.506756 
3.905125 
3.905125 
3.354102 
3.354102 
3.605551 
3.605551 
0.000000 
0.000000 
13.341664 
13.341664 
3.905125 
3.905125 
3.201562 
3.201562 
0.000000 
0.000000 
2.236068 
2.236068 
3.905125 
3.905125 
2.500000 
2.500000 
0.000000 
0.000000 
2.692582 
2.692582 
3.905125 
3.905125 
1.414214 
1.414214 
23.420077 
23.420077 
2.061553 
2.061553 
3.905125 
3.905125 
1.118034 
1.118034 
0.707107 
0.707107 
2.061553 
2.061553 
3.905125 
3.905125 
