0.000000 
0.000000 
0.000000 
0.000000 
0.000000 
0.000000 
0.000000 
0.000000 
0.500000 
0.500000 
1.118034 
1.118034 
2.000000 
2.000000 
0.500000 
0.500000 
0.500000 
0.500000 
0.500000 
0.500000 
0.707107 
0.707107 
0.707107 
0.707107 
3.041381 
3.041381 
1.118034 
1.118034 
2.061553 
2.061553 
0.500000 
0.500000 
3.162278 
3.162278 
1.000000 
1.000000 
1.414214 
1.414214 
0.707107 
0.707107 
0.000000 
0.000000 
11.884864 
11.884864 
0.500000 
0.500000 
1.414214 
1.414214 
0.707107 
0.707107 
0.000000 
0.000000 
1.000000 
1.000000 
11.884864 
11.884864 
1.581139 
1.581139 
1.500000 
1.500000 
1.118034 
1.118034 
1.500000 
1.500000 
1.118034 
1.118034 
11.884864 
11.884864 
1.414214 
1.414214 
1.118034 
1.118034 
1.118034 
1.118034 
0.500000 
0.500000 
3.041381 
3.041381 
11.884864 
11.884864 
1.802776 
1.802776 
0.500000 
0.500000 
1.118034 
1.118034 
0.500000 
0.500000 
1.118034 
1.118034 
11.884864 
11.884864 
2.828427 
2.828427 
0.500000 
0.500000 
0.500000 
0.500000 
0.500000 
0.500000 
1.581139 
1.581139 
11.884864 
11.884864 
2.236068 
2.236068 
1.802776 
1.802776 
0.000000 
0.000000 
0.500000 
0.500000 
2.061553 
2.061553 
11.884864 
11.884864 
2.061553 
2.061553 
9.513149 
9.513149 
0.707107 
0.707107 
0.500000 
0.500000 
2.061553 
2.061553 
11.884864 
11.884864 
1.802776 
1.802776 
0.000000 
0.000000 
0.500000 
0.500000 
0.500000 
0.500000 
0.500000 
0.500000 
11.884864 
11.884864 
2.061553 
2.061553 
1.118034 
1.118034 
0.500000 
0.500000 
0.500000 
0.500000 
1.581139 
1.581139 
11.884864 
11.884864 
1.802776 
1.802776 
1.118034 
1.118034 
1.118034 
1.118034 
0.000000 
0.000000 
0.500000 
0.500000 
1.581139 
1.581139 
11.884864 
11.884864 
1.802776 
1.802776 
1.118034 
1.118034 
1.118034 
1.118034 
33.136083 
33.136083 
0.500000 
0.500000 
6.082763 
6.082763 
11.884864 
11.884864 
1.802776 
1.802776 
1.118034 
1.118034 
1.118034 
1.118034 
2.000000 
2.000000 
0.500000 
0.500000 
2.549510 
2.549510 
11.884864 
11.884864 
1.802776 
1.802776 
1.118034 
1.118034 
1.118034 
1.118034 
0.000000 
0.000000 
2.000000 
2.000000 
0.500000 
0.500000 
3.041381 
3.041381 
11.884864 
11.884864 
12.649111 
12.649111 
1.118034 
1.118034 
1.118034 
1.118034 
1.118034 
1.118034 
2.000000 
2.000000 
0.500000 
0.500000 
2.500000 
2.500000 
11.884864 
11.884864 
2.828427 
2.828427 
1.118034 
1.118034 
1.118034 
1.118034 
0.707107 
0.707107 
2.000000 
2.000000 
0.500000 
0.500000 
5.024938 
5.024938 
2.236068 
2.236068 
1.118034 
1.118034 
1.118034 
1.118034 
11.000000 
11.000000 
2.000000 
2.000000 
0.500000 
0.500000 
2.500000 
2.500000 
2.549510 
2.549510 
17.240940 
17.240940 
1.118034 
1.118034 
0.500000 
0.500000 
2.000000 
2.000000 
0.500000 
0.500000 
2.549510 
2.549510 
2.000000 
2.000000 
4.609772 
4.609772 
1.118034 
1.118034 
0.500000 
0.500000 
2.000000 
2.000000 
3.000000 
3.000000 
1.500000 
1.500000 
1.802776 
1.802776 
1.118034 
1.118034 
0.500000 
0.500000 
2.000000 
2.000000 
5.024938 
5.024938 
1.581139 
1.581139 
1.118034 
1.118034 
1.118034 
1.118034 
0.500000 
0.500000 
2.000000 
2.000000 
2.061553 
2.061553 
1.500000 
1.500000 
2.000000 
2.000000 
1.118034 
1.118034 
0.500000 
0.500000 
2.000000 
2.000000 
2.000000 
2.000000 
2.061553 
2.061553 
1.118034 
1.118034 
1.118034 
1.118034 
0.500000 
0.500000 
2.000000 
2.000000 
3.041381 
3.041381 
1.000000 
1.000000 
34.003676 
34.003676 
1.118034 
1.118034 
0.500000 
0.500000 
2.000000 
2.000000 
1.500000 
1.500000 
1.118034 
1.118034 
1.000000 
1.000000 
1.118034 
1.118034 
0.500000 
0.500000 
2.000000 
2.000000 
1.000000 
1.000000 
0.500000 
0.500000 
1.414214 
1.414214 
1.118034 
1.118034 
2.000000 
2.000000 
1.000000 
1.000000 
0.707107 
0.707107 
1.414214 
1.414214 
0.500000 
0.500000 
2.000000 
2.000000 
0.500000 
0.500000 
0.000000 
0.000000 
25.544080 
25.544080 
0.707107 
0.707107 
0.000000 
0.000000 
0.500000 
0.500000 
7.158911 
7.158911 
1.118034 
1.118034 
0.707107 
0.707107 
1.581139 
1.581139 
3.535534 
3.535534 
0.000000 
0.000000 
1.581139 
1.581139 
0.000000 
0.000000 
1.118034 
1.118034 
2.549510 
2.549510 
1.118034 
1.118034 
1.581139 
1.581139 
2.500000 
2.500000 
0.500000 
0.500000 
3.000000 
3.000000 
1.118034 
1.118034 
6.020797 
6.020797 
1.500000 
1.500000 
1.000000 
1.000000 
7.158911 
7.158911 
0.000000 
0.000000 
1.118034 
1.118034 
2.121320 
2.121320 
2.500000 
2.500000 
2.236068 
2.236068 
7.158911 
7.158911 
1.118034 
1.118034 
1.118034 
1.118034 
1.118034 
1.118034 
3.041381 
3.041381 
1.118034 
1.118034 
7.158911 
7.158911 
