0.000000 
0.000000 
0.000000 
0.000000 
0.000000 
0.000000 
1.118034 
1.118034 
2.500000 
2.500000 
1.500000 
1.500000 
0.000000 
0.000000 
2.500000 
2.500000 
0.707107 
0.707107 
3.041381 
3.041381 
2.500000 
2.500000 
1.414214 
1.414214 
2.500000 
2.500000 
2.500000 
2.500000 
10.307764 
10.307764 
2.500000 
2.500000 
2.500000 
2.500000 
1.802776 
1.802776 
3.500000 
3.500000 
2.500000 
2.500000 
12.816006 
12.816006 
0.000000 
0.000000 
2.000000 
2.000000 
2.500000 
2.500000 
0.707107 
0.707107 
2.061553 
2.061553 
2.061553 
2.061553 
2.500000 
2.500000 
1.118034 
1.118034 
1.118034 
1.118034 
3.535534 
3.535534 
2.500000 
2.500000 
2.236068 
2.236068 
5.385165 
5.385165 
12.165525 
12.165525 
2.500000 
2.500000 
2.121320 
2.121320 
0.000000 
0.000000 
8.514693 
8.514693 
1.118034 
1.118034 
2.500000 
2.500000 
2.500000 
2.500000 
1.581139 
1.581139 
0.500000 
0.500000 
1.500000 
1.500000 
2.500000 
2.500000 
1.581139 
1.581139 
1.118034 
1.118034 
1.118034 
1.118034 
1.118034 
1.118034 
2.500000 
2.500000 
0.707107 
0.707107 
1.118034 
1.118034 
1.581139 
1.581139 
1.118034 
1.118034 
2.500000 
2.500000 
1.118034 
1.118034 
6.500000 
6.500000 
1.000000 
1.000000 
1.118034 
1.118034 
2.500000 
2.500000 
1.118034 
1.118034 
1.000000 
1.000000 
1.802776 
1.802776 
1.118034 
1.118034 
0.707107 
0.707107 
1.000000 
1.000000 
1.414214 
1.414214 
1.118034 
1.118034 
1.118034 
1.118034 
0.500000 
0.500000 
1.500000 
1.500000 
1.118034 
1.118034 
1.581139 
1.581139 
0.500000 
0.500000 
4.123106 
4.123106 
1.118034 
1.118034 
1.802776 
1.802776 
0.707107 
0.707107 
1.118034 
1.118034 
1.118034 
1.118034 
1.118034 
1.118034 
0.000000 
0.000000 
4.000000 
4.000000 
1.118034 
1.118034 
1.802776 
1.802776 
1.000000 
1.000000 
5.024938 
5.024938 
1.118034 
1.118034 
1.802776 
1.802776 
1.118034 
1.118034 
4.031129 
4.031129 
1.118034 
1.118034 
1.581139 
1.581139 
1.118034 
1.118034 
1.802776 
1.802776 
1.118034 
1.118034 
3.041381 
3.041381 
0.500000 
0.500000 
2.915476 
2.915476 
1.118034 
1.118034 
2.000000 
2.000000 
0.000000 
0.000000 
1.802776 
1.802776 
1.118034 
1.118034 
2.000000 
2.000000 
0.500000 
0.500000 
5.147815 
5.147815 
1.118034 
1.118034 
1.500000 
1.500000 
6.020797 
6.020797 
2.121320 
2.121320 
2.000000 
2.000000 
1.118034 
1.118034 
0.707107 
0.707107 
1.000000 
1.000000 
1.118034 
1.118034 
1.118034 
1.118034 
2.121320 
2.121320 
1.118034 
1.118034 
1.118034 
1.118034 
1.118034 
1.118034 
1.500000 
1.500000 
9.013878 
9.013878 
16.500000 
16.500000 
0.500000 
0.500000 
2.000000 
2.000000 
1.000000 
1.000000 
0.000000 
0.000000 
0.000000 
0.000000 
0.000000 
0.000000 
3.041381 
3.041381 
1.000000 
1.000000 
3.605551 
3.605551 
0.000000 
0.000000 
6.519202 
6.519202 
3.041381 
3.041381 
1.000000 
1.000000 
3.605551 
3.605551 
0.000000 
0.000000 
2.500000 
2.500000 
3.500000 
3.500000 
1.000000 
1.000000 
3.605551 
3.605551 
0.000000 
0.000000 
3.535534 
3.535534 
3.041381 
3.041381 
1.000000 
1.000000 
3.605551 
3.605551 
0.000000 
0.000000 
3.000000 
3.000000 
2.549510 
2.549510 
1.000000 
1.000000 
