0.000000 
0.000000 
0.000000 
0.000000 
0.000000 
0.000000 
0.000000 
0.000000 
0.000000 
0.000000 
0.500000 
0.500000 
0.500000 
0.500000 
1.500000 
1.500000 
0.000000 
0.000000 
0.000000 
0.000000 
0.707107 
0.707107 
1.500000 
1.500000 
0.000000 
0.000000 
0.707107 
0.707107 
1.581139 
1.581139 
4.609772 
4.609772 
0.000000 
0.000000 
0.500000 
0.500000 
0.500000 
0.500000 
2.500000 
2.500000 
0.000000 
0.000000 
0.500000 
0.500000 
1.414214 
1.414214 
0.707107 
0.707107 
0.000000 
0.000000 
1.118034 
1.118034 
2.549510 
2.549510 
0.500000 
0.500000 
0.000000 
0.000000 
0.500000 
0.500000 
1.581139 
1.581139 
3.354102 
3.354102 
0.000000 
0.000000 
0.707107 
0.707107 
2.000000 
2.000000 
1.414214 
1.414214 
0.000000 
0.000000 
0.707107 
0.707107 
1.581139 
1.581139 
1.802776 
1.802776 
0.000000 
0.000000 
0.707107 
0.707107 
1.802776 
1.802776 
1.581139 
1.581139 
0.000000 
0.000000 
0.707107 
0.707107 
2.121320 
2.121320 
2.061553 
2.061553 
0.000000 
0.000000 
0.500000 
0.500000 
6.500000 
6.500000 
1.118034 
1.118034 
0.000000 
0.000000 
0.000000 
0.000000 
0.000000 
0.000000 
0.500000 
0.500000 
0.000000 
0.000000 
0.500000 
0.500000 
0.500000 
0.500000 
0.707107 
0.707107 
0.500000 
0.500000 
4.743416 
4.743416 
0.707107 
0.707107 
0.000000 
0.000000 
10.000000 
10.000000 
0.500000 
0.500000 
0.000000 
0.000000 
0.000000 
0.000000 
9.513149 
9.513149 
0.500000 
0.500000 
0.000000 
0.000000 
0.707107 
0.707107 
1.118034 
1.118034 
0.707107 
0.707107 
0.000000 
0.000000 
0.000000 
0.000000 
7.158911 
7.158911 
8.500000 
8.500000 
0.000000 
0.000000 
0.500000 
0.500000 
1.118034 
1.118034 
1.500000 
1.500000 
0.000000 
0.000000 
0.000000 
0.000000 
0.000000 
0.000000 
1.000000 
1.000000 
1.500000 
1.500000 
1.500000 
1.500000 
0.000000 
0.000000 
0.500000 
0.500000 
4.031129 
4.031129 
1.500000 
1.500000 
2.061553 
2.061553 
0.000000 
0.000000 
0.500000 
0.500000 
7.500000 
7.500000 
1.500000 
1.500000 
2.000000 
2.000000 
0.000000 
0.000000 
4.000000 
4.000000 
1.118034 
1.118034 
1.500000 
1.500000 
1.581139 
1.581139 
0.000000 
0.000000 
1.802776 
1.802776 
2.500000 
2.500000 
1.500000 
1.500000 
5.522681 
5.522681 
0.000000 
0.000000 
3.000000 
3.000000 
2.549510 
2.549510 
1.500000 
1.500000 
1.000000 
1.000000 
0.000000 
0.000000 
2.549510 
2.549510 
2.692582 
2.692582 
1.500000 
1.500000 
2.000000 
2.000000 
0.000000 
0.000000 
6.519202 
6.519202 
19.780040 
19.780040 
1.500000 
1.500000 
0.000000 
0.000000 
3.000000 
3.000000 
1.500000 
1.500000 
3.041381 
3.041381 
19.780040 
19.780040 
1.500000 
1.500000 
0.000000 
0.000000 
6.324555 
6.324555 
0.707107 
0.707107 
3.640055 
3.640055 
19.780040 
19.780040 
1.500000 
1.500000 
0.000000 
0.000000 
6.670832 
6.670832 
1.500000 
1.500000 
3.000000 
3.000000 
19.780040 
19.780040 
1.500000 
1.500000 
0.000000 
0.000000 
5.522681 
5.522681 
6.519202 
6.519202 
7.071068 
7.071068 
19.780040 
19.780040 
1.500000 
1.500000 
17.262677 
17.262677 
2.000000 
2.000000 
1.118034 
1.118034 
3.640055 
3.640055 
19.780040 
19.780040 
1.500000 
1.500000 
17.262677 
17.262677 
1.500000 
1.500000 
4.031129 
4.031129 
2.549510 
2.549510 
19.780040 
19.780040 
1.500000 
1.500000 
17.262677 
17.262677 
1.118034 
1.118034 
1.000000 
1.000000 
5.522681 
5.522681 
19.780040 
19.780040 
17.262677 
17.262677 
0.500000 
0.500000 
10.000000 
10.000000 
1.500000 
1.500000 
19.780040 
19.780040 
17.262677 
17.262677 
0.707107 
0.707107 
2.915476 
2.915476 
2.549510 
2.549510 
19.780040 
19.780040 
0.000000 
0.000000 
17.262677 
17.262677 
1.000000 
1.000000 
0.500000 
0.500000 
3.000000 
3.000000 
19.780040 
19.780040 
