0.000000 
0.000000 
0.000000 
0.000000 
0.000000 
0.000000 
0.000000 
0.000000 
5.024938 
5.024938 
3.500000 
3.500000 
1.000000 
1.000000 
0.500000 
0.500000 
2.549510 
2.549510 
3.162278 
3.162278 
0.707107 
0.707107 
0.000000 
0.000000 
4.031129 
4.031129 
3.162278 
3.162278 
8.321658 
8.321658 
1.581139 
1.581139 
4.031129 
4.031129 
3.162278 
3.162278 
8.321658 
8.321658 
0.500000 
0.500000 
0.000000 
0.000000 
4.031129 
4.031129 
3.162278 
3.162278 
8.321658 
8.321658 
1.118034 
1.118034 
10.511898 
10.511898 
4.031129 
4.031129 
3.162278 
3.162278 
1.414214 
1.414214 
0.500000 
0.500000 
2.692582 
2.692582 
4.031129 
4.031129 
3.162278 
3.162278 
1.000000 
1.000000 
1.118034 
1.118034 
3.535534 
3.535534 
4.031129 
4.031129 
3.162278 
3.162278 
1.118034 
1.118034 
1.000000 
1.000000 
9.552487 
9.552487 
4.031129 
4.031129 
3.162278 
3.162278 
0.707107 
0.707107 
0.707107 
0.707107 
9.552487 
9.552487 
4.031129 
4.031129 
3.162278 
3.162278 
1.581139 
1.581139 
0.707107 
0.707107 
9.552487 
9.552487 
4.031129 
4.031129 
3.162278 
3.162278 
1.000000 
1.000000 
0.000000 
0.000000 
9.552487 
9.552487 
4.031129 
4.031129 
3.162278 
3.162278 
1.118034 
1.118034 
0.500000 
0.500000 
9.552487 
9.552487 
4.031129 
4.031129 
3.162278 
3.162278 
1.581139 
1.581139 
0.000000 
0.000000 
0.000000 
0.000000 
9.552487 
9.552487 
4.031129 
4.031129 
3.162278 
3.162278 
0.500000 
0.500000 
0.707107 
0.707107 
2.000000 
2.000000 
9.552487 
9.552487 
4.031129 
4.031129 
3.162278 
3.162278 
0.707107 
0.707107 
0.500000 
0.500000 
2.000000 
2.000000 
9.552487 
9.552487 
4.031129 
4.031129 
3.162278 
3.162278 
0.500000 
0.500000 
0.500000 
0.500000 
2.000000 
2.000000 
9.552487 
9.552487 
4.031129 
4.031129 
5.024938 
5.024938 
1.118034 
1.118034 
2.000000 
2.000000 
9.552487 
9.552487 
4.743416 
4.743416 
1.118034 
1.118034 
2.000000 
2.000000 
9.552487 
9.552487 
0.500000 
0.500000 
1.118034 
1.118034 
2.000000 
2.000000 
9.552487 
9.552487 
0.707107 
0.707107 
1.118034 
1.118034 
2.000000 
2.000000 
9.552487 
9.552487 
1.118034 
1.118034 
1.118034 
1.118034 
2.000000 
2.000000 
9.552487 
9.552487 
1.500000 
1.500000 
1.118034 
1.118034 
2.000000 
2.000000 
9.552487 
9.552487 
12.658989 
12.658989 
3.605551 
3.605551 
2.000000 
2.000000 
3.535534 
3.535534 
1.500000 
1.500000 
2.000000 
2.000000 
5.024938 
5.024938 
1.500000 
1.500000 
2.000000 
2.000000 
4.924429 
4.924429 
0.707107 
0.707107 
2.000000 
2.000000 
13.038405 
13.038405 
0.500000 
0.500000 
2.000000 
2.000000 
1.414214 
1.414214 
2.236068 
2.236068 
2.000000 
2.000000 
5.024938 
5.024938 
1.118034 
1.118034 
1.414214 
1.414214 
1.802776 
1.802776 
1.118034 
1.118034 
1.802776 
1.802776 
0.707107 
0.707107 
1.802776 
1.802776 
1.000000 
1.000000 
6.184658 
6.184658 
0.500000 
0.500000 
5.522681 
5.522681 
2.121320 
2.121320 
4.500000 
4.500000 
0.500000 
0.500000 
3.640055 
3.640055 
1.118034 
1.118034 
4.000000 
4.000000 
1.000000 
1.000000 
4.609772 
4.609772 
