0.000000 
0.000000 
1.581139 
1.581139 
1.500000 
1.500000 
0.000000 
0.000000 
0.000000 
0.000000 
24.041631 
24.041631 
0.000000 
0.000000 
0.707107 
0.707107 
1.581139 
1.581139 
0.000000 
0.000000 
0.707107 
0.707107 
1.118034 
1.118034 
0.000000 
0.000000 
0.707107 
0.707107 
20.742469 
20.742469 
0.000000 
0.000000 
6.324555 
6.324555 
0.000000 
0.000000 
0.000000 
0.000000 
0.707107 
0.707107 
1.118034 
1.118034 
0.000000 
0.000000 
1.581139 
1.581139 
1.000000 
1.000000 
0.000000 
0.000000 
1.581139 
1.581139 
1.118034 
1.118034 
0.000000 
0.000000 
1.500000 
1.500000 
0.500000 
0.500000 
0.000000 
0.000000 
1.000000 
1.000000 
2.121320 
2.121320 
0.000000 
0.000000 
1.118034 
1.118034 
1.118034 
1.118034 
0.000000 
0.000000 
9.552487 
9.552487 
2.236068 
2.236068 
0.000000 
0.000000 
0.000000 
0.000000 
4.123106 
4.123106 
2.549510 
2.549510 
8.062258 
8.062258 
0.000000 
0.000000 
4.123106 
4.123106 
1.414214 
1.414214 
1.118034 
1.118034 
0.000000 
0.000000 
4.123106 
4.123106 
2.549510 
2.549510 
0.000000 
0.000000 
0.707107 
0.707107 
4.123106 
4.123106 
2.000000 
2.000000 
0.500000 
0.500000 
1.500000 
1.500000 
4.123106 
4.123106 
2.692582 
2.692582 
0.707107 
0.707107 
0.500000 
0.500000 
4.123106 
4.123106 
2.236068 
2.236068 
1.118034 
1.118034 
0.707107 
0.707107 
4.123106 
4.123106 
12.041595 
12.041595 
1.500000 
1.500000 
1.000000 
1.000000 
4.123106 
4.123106 
1.000000 
1.000000 
2.061553 
2.061553 
1.118034 
1.118034 
4.123106 
4.123106 
0.707107 
0.707107 
0.707107 
0.707107 
0.707107 
0.707107 
4.123106 
4.123106 
0.000000 
0.000000 
0.500000 
0.500000 
1.000000 
1.000000 
7.632169 
7.632169 
0.707107 
0.707107 
2.549510 
2.549510 
0.707107 
0.707107 
2.500000 
2.500000 
1.118034 
1.118034 
2.549510 
2.549510 
9.000000 
9.000000 
4.609772 
4.609772 
1.000000 
1.000000 
2.549510 
2.549510 
0.707107 
0.707107 
4.609772 
4.609772 
9.124144 
9.124144 
2.549510 
2.549510 
0.707107 
0.707107 
4.272002 
4.272002 
3.535534 
3.535534 
2.549510 
2.549510 
0.500000 
0.500000 
8.544004 
8.544004 
1.802776 
1.802776 
2.549510 
2.549510 
0.500000 
0.500000 
1.118034 
1.118034 
0.000000 
0.000000 
2.549510 
2.549510 
0.500000 
0.500000 
1.000000 
1.000000 
2.061553 
2.061553 
2.549510 
2.549510 
0.500000 
0.500000 
0.000000 
0.000000 
1.581139 
1.581139 
2.549510 
2.549510 
0.707107 
0.707107 
0.707107 
0.707107 
0.707107 
0.707107 
0.000000 
0.000000 
2.549510 
2.549510 
1.000000 
1.000000 
1.802776 
1.802776 
1.118034 
1.118034 
1.500000 
1.500000 
2.549510 
2.549510 
0.500000 
0.500000 
2.061553 
2.061553 
11.180340 
11.180340 
1.500000 
1.500000 
2.549510 
2.549510 
1.414214 
1.414214 
3.000000 
3.000000 
14.534442 
14.534442 
1.500000 
1.500000 
2.549510 
2.549510 
12.500000 
12.500000 
10.547512 
10.547512 
2.061553 
2.061553 
