0.000000 
0.000000 
0.000000 
0.000000 
2.692582 
2.692582 
2.000000 
2.000000 
2.549510 
2.549510 
3.041381 
3.041381 
8.631338 
8.631338 
3.500000 
3.500000 
1.581139 
1.581139 
3.535534 
3.535534 
1.802776 
1.802776 
7.017834 
7.017834 
1.581139 
1.581139 
2.000000 
2.000000 
1.118034 
1.118034 
1.500000 
1.500000 
0.500000 
0.500000 
1.000000 
1.000000 
10.049876 
10.049876 
1.000000 
1.000000 
10.049876 
10.049876 
1.000000 
1.000000 
1.000000 
1.000000 
1.118034 
1.118034 
1.000000 
1.000000 
0.707107 
0.707107 
0.000000 
0.000000 
1.414214 
1.414214 
0.500000 
0.500000 
2.549510 
2.549510 
9.500000 
9.500000 
0.000000 
0.000000 
3.535534 
3.535534 
0.000000 
0.000000 
0.500000 
0.500000 
8.246211 
8.246211 
0.000000 
0.000000 
0.000000 
0.000000 
3.535534 
3.535534 
10.012492 
10.012492 
0.500000 
0.500000 
8.514693 
8.514693 
1.118034 
1.118034 
1.581139 
1.581139 
3.162278 
3.162278 
2.061553 
2.061553 
1.118034 
1.118034 
3.000000 
3.000000 
6.500000 
6.500000 
0.500000 
0.500000 
7.000000 
7.000000 
3.354102 
3.354102 
4.123106 
4.123106 
3.354102 
3.354102 
4.031129 
4.031129 
1.118034 
1.118034 
3.354102 
3.354102 
5.220153 
5.220153 
1.118034 
1.118034 
3.354102 
3.354102 
4.527693 
4.527693 
0.707107 
0.707107 
3.354102 
3.354102 
4.716991 
4.716991 
2.236068 
2.236068 
3.354102 
3.354102 
10.440307 
10.440307 
4.031129 
4.031129 
3.354102 
3.354102 
8.077747 
8.077747 
2.549510 
2.549510 
3.354102 
3.354102 
7.280110 
7.280110 
1.118034 
1.118034 
3.354102 
3.354102 
13.462912 
13.462912 
1.118034 
1.118034 
3.354102 
3.354102 
4.609772 
4.609772 
2.000000 
2.000000 
3.354102 
3.354102 
4.472136 
4.472136 
2.000000 
2.000000 
3.354102 
3.354102 
3.807887 
3.807887 
2.000000 
2.000000 
3.354102 
3.354102 
7.648529 
7.648529 
2.000000 
2.000000 
3.354102 
3.354102 
0.707107 
0.707107 
2.000000 
2.000000 
0.000000 
0.000000 
3.354102 
3.354102 
0.500000 
0.500000 
2.000000 
2.000000 
5.522681 
5.522681 
3.354102 
3.354102 
20.814658 
20.814658 
2.000000 
2.000000 
0.000000 
0.000000 
4.743416 
4.743416 
2.000000 
2.000000 
1.414214 
1.414214 
4.031129 
4.031129 
2.000000 
2.000000 
