0.000000 
0.000000 
0.000000 
0.000000 
0.000000 
0.000000 
8.381527 
8.381527 
3.640055 
3.640055 
5.024938 
5.024938 
3.605551 
3.605551 
2.000000 
2.000000 
1.118034 
1.118034 
4.301163 
4.301163 
1.500000 
1.500000 
1.581139 
1.581139 
2.121320 
2.121320 
9.013878 
9.013878 
1.802776 
1.802776 
17.182840 
17.182840 
1.500000 
1.500000 
1.118034 
1.118034 
1.118034 
1.118034 
1.118034 
1.118034 
0.500000 
0.500000 
2.061553 
2.061553 
1.118034 
1.118034 
0.707107 
0.707107 
1.581139 
1.581139 
1.118034 
1.118034 
0.500000 
0.500000 
1.000000 
1.000000 
0.500000 
0.500000 
1.118034 
1.118034 
1.581139 
1.581139 
0.500000 
0.500000 
0.707107 
0.707107 
1.802776 
1.802776 
0.500000 
0.500000 
0.000000 
0.000000 
0.707107 
0.707107 
1.500000 
1.500000 
1.000000 
1.000000 
1.581139 
1.581139 
1.000000 
1.000000 
1.118034 
1.118034 
0.000000 
0.000000 
1.581139 
1.581139 
0.500000 
0.500000 
0.500000 
0.500000 
0.707107 
0.707107 
1.000000 
1.000000 
0.500000 
0.500000 
18.506756 
18.506756 
0.500000 
0.500000 
0.000000 
0.000000 
1.118034 
1.118034 
1.581139 
1.581139 
0.500000 
0.500000 
0.500000 
0.500000 
0.707107 
0.707107 
0.500000 
0.500000 
0.707107 
0.707107 
0.500000 
0.500000 
0.500000 
0.500000 
2.061553 
2.061553 
0.707107 
0.707107 
0.500000 
0.500000 
0.000000 
0.000000 
1.500000 
1.500000 
0.707107 
0.707107 
0.500000 
0.500000 
0.500000 
0.500000 
1.118034 
1.118034 
0.500000 
0.500000 
0.000000 
0.000000 
0.500000 
0.500000 
5.522681 
5.522681 
1.118034 
1.118034 
0.707107 
0.707107 
0.000000 
0.000000 
1.000000 
1.000000 
0.707107 
0.707107 
2.061553 
2.061553 
0.500000 
0.500000 
0.000000 
0.000000 
0.500000 
0.500000 
5.220153 
5.220153 
1.000000 
1.000000 
0.707107 
0.707107 
0.000000 
0.000000 
5.220153 
5.220153 
0.500000 
0.500000 
2.500000 
2.500000 
0.500000 
0.500000 
12.298374 
12.298374 
0.500000 
0.500000 
0.707107 
0.707107 
1.118034 
1.118034 
0.707107 
0.707107 
3.605551 
3.605551 
1.118034 
1.118034 
0.000000 
0.000000 
0.500000 
0.500000 
0.707107 
0.707107 
2.500000 
2.500000 
0.500000 
0.500000 
0.500000 
0.500000 
3.162278 
3.162278 
0.500000 
0.500000 
0.000000 
0.000000 
0.500000 
0.500000 
1.118034 
1.118034 
1.000000 
1.000000 
2.500000 
2.500000 
0.500000 
0.500000 
0.707107 
0.707107 
2.121320 
2.121320 
2.000000 
2.000000 
0.500000 
0.500000 
2.121320 
2.121320 
0.707107 
0.707107 
1.118034 
1.118034 
2.061553 
2.061553 
2.549510 
2.549510 
0.500000 
0.500000 
1.000000 
1.000000 
0.707107 
0.707107 
1.118034 
1.118034 
1.500000 
1.500000 
2.061553 
2.061553 
5.522681 
5.522681 
8.746428 
8.746428 
0.707107 
0.707107 
1.414214 
1.414214 
1.500000 
1.500000 
1.500000 
1.500000 
0.707107 
0.707107 
1.500000 
1.500000 
0.707107 
0.707107 
6.020797 
6.020797 
2.549510 
2.549510 
1.000000 
1.000000 
0.707107 
0.707107 
8.514693 
8.514693 
8.558621 
8.558621 
0.707107 
0.707107 
1.118034 
1.118034 
3.500000 
3.500000 
0.707107 
0.707107 
0.500000 
0.500000 
1.000000 
1.000000 
0.000000 
0.000000 
1.118034 
1.118034 
0.707107 
0.707107 
0.500000 
0.500000 
0.707107 
0.707107 
11.313708 
11.313708 
1.000000 
1.000000 
1.118034 
1.118034 
1.581139 
1.581139 
1.000000 
1.000000 
0.500000 
0.500000 
1.581139 
1.581139 
0.500000 
0.500000 
1.118034 
1.118034 
2.000000 
2.000000 
0.000000 
0.000000 
0.500000 
0.500000 
1.118034 
1.118034 
0.500000 
0.500000 
1.118034 
1.118034 
5.099020 
5.099020 
0.707107 
0.707107 
5.099020 
5.099020 
0.500000 
0.500000 
