0.000000 
0.000000 
0.000000 
0.000000 
0.000000 
0.000000 
0.500000 
0.500000 
0.000000 
0.000000 
2.915476 
2.915476 
0.000000 
0.000000 
3.041381 
3.041381 
0.000000 
0.000000 
0.707107 
0.707107 
0.000000 
0.000000 
18.062392 
18.062392 
0.000000 
0.000000 
1.118034 
1.118034 
0.000000 
0.000000 
2.061553 
2.061553 
0.000000 
0.000000 
2.500000 
2.500000 
0.000000 
0.000000 
0.000000 
0.000000 
2.692582 
2.692582 
0.000000 
0.000000 
0.000000 
0.000000 
12.500000 
12.500000 
0.000000 
0.000000 
0.000000 
0.000000 
3.535534 
3.535534 
0.000000 
0.000000 
0.000000 
0.000000 
11.543396 
11.543396 
0.000000 
0.000000 
0.000000 
0.000000 
2.236068 
2.236068 
0.000000 
0.000000 
0.000000 
0.000000 
29.769951 
29.769951 
0.000000 
0.000000 
16.507574 
16.507574 
22.588714 
22.588714 
2.549510 
2.549510 
1.000000 
1.000000 
2.549510 
2.549510 
2.915476 
2.915476 
2.549510 
2.549510 
2.500000 
2.500000 
2.549510 
2.549510 
0.000000 
0.000000 
2.692582 
2.692582 
2.549510 
2.549510 
18.668155 
18.668155 
25.243811 
25.243811 
2.549510 
2.549510 
2.692582 
2.692582 
0.500000 
0.500000 
2.549510 
2.549510 
2.692582 
2.692582 
1.500000 
1.500000 
2.549510 
2.549510 
2.692582 
2.692582 
2.828427 
2.828427 
9.552487 
9.552487 
2.692582 
2.692582 
2.828427 
2.828427 
0.500000 
0.500000 
2.692582 
2.692582 
2.828427 
2.828427 
12.509996 
12.509996 
2.692582 
2.692582 
2.828427 
2.828427 
12.509996 
12.509996 
2.692582 
2.692582 
2.828427 
2.828427 
12.509996 
12.509996 
2.692582 
2.692582 
2.828427 
2.828427 
12.509996 
12.509996 
2.692582 
2.692582 
2.828427 
2.828427 
12.509996 
12.509996 
2.692582 
2.692582 
2.828427 
2.828427 
12.509996 
12.509996 
2.692582 
2.692582 
2.828427 
2.828427 
12.509996 
12.509996 
2.692582 
2.692582 
2.828427 
2.828427 
12.509996 
12.509996 
2.692582 
2.692582 
2.828427 
2.828427 
12.509996 
12.509996 
2.692582 
2.692582 
2.828427 
2.828427 
12.509996 
12.509996 
2.692582 
2.692582 
2.828427 
2.828427 
12.509996 
12.509996 
0.000000 
0.000000 
2.828427 
2.828427 
12.509996 
12.509996 
22.022716 
22.022716 
2.828427 
2.828427 
12.509996 
12.509996 
