0.000000 
0.000000 
1.414214 
1.414214 
1.581139 
1.581139 
0.500000 
0.500000 
0.000000 
0.000000 
1.118034 
1.118034 
1.000000 
1.000000 
1.118034 
1.118034 
1.581139 
1.581139 
1.118034 
1.118034 
1.414214 
1.414214 
1.118034 
1.118034 
0.707107 
0.707107 
1.118034 
1.118034 
16.000000 
16.000000 
3.201562 
3.201562 
2.549510 
2.549510 
2.549510 
2.549510 
2.549510 
2.549510 
2.549510 
2.549510 
2.549510 
2.549510 
2.549510 
2.549510 
2.549510 
2.549510 
2.549510 
2.549510 
2.549510 
2.549510 
2.549510 
2.549510 
2.549510 
2.549510 
2.549510 
2.549510 
0.000000 
0.000000 
2.549510 
2.549510 
3.500000 
3.500000 
2.549510 
2.549510 
4.609772 
4.609772 
2.549510 
2.549510 
28.714108 
28.714108 
2.000000 
2.000000 
2.000000 
2.000000 
24.964975 
24.964975 
0.000000 
0.000000 
0.707107 
0.707107 
0.500000 
0.500000 
16.530275 
16.530275 
