0.000000 
0.000000 
0.000000 
0.000000 
0.000000 
0.000000 
2.061553 
2.061553 
4.527693 
4.527693 
3.807887 
3.807887 
1.802776 
1.802776 
2.500000 
2.500000 
9.219544 
9.219544 
1.414214 
1.414214 
2.500000 
2.500000 
0.500000 
0.500000 
2.500000 
2.500000 
2.500000 
2.500000 
1.118034 
1.118034 
0.707107 
0.707107 
2.500000 
2.500000 
0.500000 
0.500000 
0.707107 
0.707107 
2.500000 
2.500000 
0.707107 
0.707107 
0.707107 
0.707107 
2.500000 
2.500000 
3.162278 
3.162278 
0.000000 
0.000000 
0.707107 
0.707107 
2.500000 
2.500000 
3.162278 
3.162278 
0.707107 
0.707107 
0.707107 
0.707107 
2.500000 
2.500000 
3.162278 
3.162278 
1.802776 
1.802776 
0.707107 
0.707107 
2.500000 
2.500000 
3.162278 
3.162278 
1.802776 
1.802776 
0.707107 
0.707107 
2.500000 
2.500000 
3.162278 
3.162278 
0.000000 
0.000000 
0.707107 
0.707107 
2.500000 
2.500000 
3.162278 
3.162278 
1.000000 
1.000000 
0.707107 
0.707107 
2.500000 
2.500000 
3.162278 
3.162278 
0.500000 
0.500000 
0.707107 
0.707107 
2.500000 
2.500000 
3.162278 
3.162278 
1.581139 
1.581139 
0.707107 
0.707107 
2.500000 
2.500000 
3.162278 
3.162278 
1.802776 
1.802776 
0.707107 
0.707107 
2.500000 
2.500000 
3.162278 
3.162278 
2.061553 
2.061553 
0.707107 
0.707107 
3.162278 
3.162278 
1.802776 
1.802776 
0.707107 
0.707107 
3.162278 
3.162278 
21.023796 
21.023796 
0.707107 
0.707107 
3.162278 
3.162278 
0.000000 
0.000000 
30.438463 
30.438463 
3.162278 
3.162278 
19.525624 
19.525624 
0.000000 
0.000000 
3.162278 
3.162278 
2.000000 
2.000000 
0.500000 
0.500000 
2.061553 
2.061553 
0.500000 
0.500000 
10.295630 
10.295630 
6.500000 
6.500000 
3.000000 
3.000000 
1.581139 
1.581139 
3.354102 
3.354102 
1.000000 
1.000000 
12.010412 
12.010412 
1.414214 
1.414214 
3.201562 
3.201562 
1.802776 
1.802776 
2.915476 
2.915476 
1.414214 
1.414214 
2.692582 
2.692582 
0.707107 
0.707107 
1.500000 
1.500000 
1.414214 
1.414214 
0.000000 
0.000000 
1.500000 
1.500000 
2.692582 
2.692582 
0.500000 
0.500000 
23.021729 
23.021729 
1.414214 
1.414214 
2.121320 
2.121320 
20.718349 
20.718349 
18.500000 
18.500000 
2.121320 
2.121320 
2.549510 
2.549510 
2.692582 
2.692582 
1.118034 
1.118034 
1.581139 
1.581139 
4.272002 
4.272002 
0.707107 
0.707107 
1.581139 
1.581139 
23.521267 
23.521267 
0.000000 
0.000000 
1.581139 
1.581139 
1.581139 
1.581139 
4.924429 
4.924429 
