0.000000 
0.000000 
0.000000 
0.000000 
2.692582 
2.692582 
0.000000 
0.000000 
0.000000 
0.000000 
2.236068 
2.236068 
4.609772 
4.609772 
0.000000 
0.000000 
1.000000 
1.000000 
4.609772 
4.609772 
13.453624 
13.453624 
3.041381 
3.041381 
4.609772 
4.609772 
1.000000 
1.000000 
4.000000 
4.000000 
4.609772 
4.609772 
1.000000 
1.000000 
3.000000 
3.000000 
4.609772 
4.609772 
1.000000 
1.000000 
14.035669 
14.035669 
4.609772 
4.609772 
1.000000 
1.000000 
4.527693 
4.527693 
4.609772 
4.609772 
1.000000 
1.000000 
3.500000 
3.500000 
4.609772 
4.609772 
1.000000 
1.000000 
4.000000 
4.000000 
