0.000000 
0.000000 
0.000000 
0.000000 
0.707107 
0.707107 
2.121320 
2.121320 
2.236068 
2.236068 
1.118034 
1.118034 
0.707107 
0.707107 
1.118034 
1.118034 
1.118034 
1.118034 
0.707107 
0.707107 
1.118034 
1.118034 
1.118034 
1.118034 
2.000000 
2.000000 
0.707107 
0.707107 
0.000000 
0.000000 
2.500000 
2.500000 
2.549510 
2.549510 
4.527693 
4.527693 
3.162278 
3.162278 
0.707107 
0.707107 
17.117243 
17.117243 
1.414214 
1.414214 
0.707107 
0.707107 
4.272002 
4.272002 
6.000000 
6.000000 
1.118034 
1.118034 
4.609772 
4.609772 
1.118034 
1.118034 
2.549510 
2.549510 
10.049876 
10.049876 
2.000000 
2.000000 
9.962429 
9.962429 
4.527693 
4.527693 
1.414214 
1.414214 
2.549510 
2.549510 
12.509996 
12.509996 
2.121320 
2.121320 
0.707107 
0.707107 
3.041381 
3.041381 
1.581139 
1.581139 
1.414214 
1.414214 
7.648529 
7.648529 
2.000000 
2.000000 
3.500000 
3.500000 
2.828427 
2.828427 
1.802776 
1.802776 
2.549510 
2.549510 
3.354102 
3.354102 
1.118034 
1.118034 
2.236068 
2.236068 
3.354102 
3.354102 
1.500000 
1.500000 
1.581139 
1.581139 
3.354102 
3.354102 
0.707107 
0.707107 
1.500000 
1.500000 
3.354102 
3.354102 
1.581139 
1.581139 
3.605551 
3.605551 
3.354102 
3.354102 
1.581139 
1.581139 
16.007811 
16.007811 
3.354102 
3.354102 
1.118034 
1.118034 
2.549510 
2.549510 
3.354102 
3.354102 
1.581139 
1.581139 
3.162278 
3.162278 
3.354102 
3.354102 
1.581139 
1.581139 
3.000000 
3.000000 
3.354102 
3.354102 
2.500000 
2.500000 
2.692582 
2.692582 
3.354102 
3.354102 
19.000000 
19.000000 
7.500000 
7.500000 
3.354102 
3.354102 
18.668155 
18.668155 
1.500000 
1.500000 
3.354102 
3.354102 
2.061553 
2.061553 
2.121320 
2.121320 
3.354102 
3.354102 
0.707107 
0.707107 
6.519202 
6.519202 
3.354102 
3.354102 
1.500000 
1.500000 
2.500000 
2.500000 
3.354102 
3.354102 
3.041381 
3.041381 
3.041381 
3.041381 
4.000000 
4.000000 
2.549510 
2.549510 
3.041381 
3.041381 
2.915476 
2.915476 
22.500000 
22.500000 
13.038405 
13.038405 
4.000000 
4.000000 
13.038405 
13.038405 
20.099751 
20.099751 
13.038405 
13.038405 
1.414214 
1.414214 
13.038405 
13.038405 
