0.000000 
0.000000 
0.000000 
0.000000 
2.549510 
2.549510 
25.519600 
25.519600 
5.024938 
5.024938 
1.581139 
1.581139 
2.692582 
2.692582 
1.000000 
1.000000 
2.061553 
2.061553 
3.041381 
3.041381 
5.024938 
5.024938 
8.276473 
8.276473 
3.000000 
3.000000 
1.802776 
1.802776 
1.118034 
1.118034 
1.802776 
1.802776 
10.012492 
10.012492 
3.162278 
3.162278 
10.511898 
10.511898 
3.354102 
3.354102 
2.500000 
2.500000 
2.000000 
2.000000 
1.000000 
1.000000 
2.500000 
2.500000 
14.035669 
14.035669 
5.024938 
5.024938 
1.802776 
1.802776 
5.000000 
5.000000 
2.549510 
2.549510 
13.038405 
13.038405 
15.132746 
15.132746 
1.500000 
1.500000 
15.132746 
15.132746 
0.500000 
0.500000 
18.527007 
18.527007 
0.000000 
0.000000 
2.236068 
2.236068 
3.605551 
3.605551 
1.000000 
1.000000 
14.500000 
14.500000 
2.061553 
2.061553 
1.500000 
1.500000 
6.324555 
6.324555 
1.500000 
1.500000 
1.500000 
1.500000 
5.024938 
5.024938 
1.500000 
1.500000 
1.500000 
1.500000 
18.506756 
18.506756 
1.500000 
1.500000 
1.500000 
1.500000 
5.408327 
5.408327 
1.500000 
1.500000 
1.500000 
1.500000 
21.148286 
21.148286 
1.500000 
1.500000 
1.500000 
1.500000 
1.581139 
1.581139 
23.048861 
23.048861 
0.000000 
0.000000 
1.500000 
1.500000 
1.118034 
1.118034 
2.692582 
2.692582 
1.000000 
1.000000 
1.500000 
1.500000 
3.162278 
3.162278 
2.828427 
2.828427 
1.802776 
1.802776 
1.500000 
1.500000 
3.354102 
3.354102 
1.118034 
1.118034 
1.500000 
1.500000 
1.500000 
1.500000 
3.354102 
3.354102 
1.118034 
1.118034 
0.000000 
0.000000 
2.500000 
2.500000 
1.500000 
1.500000 
3.354102 
3.354102 
1.118034 
1.118034 
0.000000 
0.000000 
3.000000 
3.000000 
1.500000 
1.500000 
25.811819 
25.811819 
1.118034 
1.118034 
0.000000 
0.000000 
6.020797 
6.020797 
1.500000 
1.500000 
2.828427 
2.828427 
1.118034 
1.118034 
0.000000 
0.000000 
4.031129 
4.031129 
1.500000 
1.500000 
2.549510 
2.549510 
1.118034 
1.118034 
0.000000 
0.000000 
3.000000 
3.000000 
1.500000 
1.500000 
2.061553 
2.061553 
1.118034 
1.118034 
0.000000 
0.000000 
5.522681 
5.522681 
13.829317 
13.829317 
26.518861 
26.518861 
0.000000 
0.000000 
2.000000 
2.000000 
0.707107 
0.707107 
4.031129 
4.031129 
0.000000 
0.000000 
2.000000 
2.000000 
0.500000 
0.500000 
4.472136 
4.472136 
0.000000 
0.000000 
2.000000 
2.000000 
0.500000 
0.500000 
2.692582 
2.692582 
