0.000000 
0.000000 
0.000000 
0.000000 
0.000000 
0.000000 
3.162278 
3.162278 
1.118034 
1.118034 
0.000000 
0.000000 
3.640055 
3.640055 
1.581139 
1.581139 
0.500000 
0.500000 
3.535534 
3.535534 
1.500000 
1.500000 
1.000000 
1.000000 
3.535534 
3.535534 
1.802776 
1.802776 
1.118034 
1.118034 
3.535534 
3.535534 
2.236068 
2.236068 
0.500000 
0.500000 
3.535534 
3.535534 
2.549510 
2.549510 
0.500000 
0.500000 
2.061553 
2.061553 
1.000000 
1.000000 
0.500000 
0.500000 
0.500000 
0.500000 
0.000000 
0.000000 
0.000000 
0.000000 
2.061553 
2.061553 
1.118034 
1.118034 
1.118034 
1.118034 
3.041381 
3.041381 
2.500000 
2.500000 
0.500000 
0.500000 
4.031129 
4.031129 
2.061553 
2.061553 
1.118034 
1.118034 
3.162278 
3.162278 
2.549510 
2.549510 
1.118034 
1.118034 
21.023796 
21.023796 
2.692582 
2.692582 
1.118034 
1.118034 
3.041381 
3.041381 
1.118034 
1.118034 
0.000000 
0.000000 
1.118034 
1.118034 
2.236068 
2.236068 
11.011358 
11.011358 
1.581139 
1.581139 
1.118034 
1.118034 
2.915476 
2.915476 
2.000000 
2.000000 
0.707107 
0.707107 
1.118034 
1.118034 
20.000000 
20.000000 
4.031129 
4.031129 
3.000000 
3.000000 
1.118034 
1.118034 
2.692582 
2.692582 
4.527693 
4.527693 
3.000000 
3.000000 
1.118034 
1.118034 
2.692582 
2.692582 
3.807887 
3.807887 
3.000000 
3.000000 
1.118034 
1.118034 
2.692582 
2.692582 
15.532225 
15.532225 
0.000000 
0.000000 
3.000000 
3.000000 
1.118034 
1.118034 
2.692582 
2.692582 
16.070159 
16.070159 
1.000000 
1.000000 
3.000000 
3.000000 
1.118034 
1.118034 
2.692582 
2.692582 
14.396180 
14.396180 
1.000000 
1.000000 
3.000000 
3.000000 
1.118034 
1.118034 
28.004464 
28.004464 
6.082763 
6.082763 
0.000000 
0.000000 
1.000000 
1.000000 
29.516944 
29.516944 
1.118034 
1.118034 
28.004464 
28.004464 
4.527693 
4.527693 
0.000000 
0.000000 
1.000000 
1.000000 
24.083189 
24.083189 
1.118034 
1.118034 
28.004464 
28.004464 
7.516648 
7.516648 
0.000000 
0.000000 
1.000000 
1.000000 
3.000000 
3.000000 
1.118034 
1.118034 
28.004464 
28.004464 
1.802776 
1.802776 
0.000000 
0.000000 
1.000000 
1.000000 
2.500000 
2.500000 
1.118034 
1.118034 
28.004464 
28.004464 
1.414214 
1.414214 
0.000000 
0.000000 
1.000000 
1.000000 
13.086252 
13.086252 
28.004464 
28.004464 
1.802776 
1.802776 
0.000000 
0.000000 
1.000000 
1.000000 
0.707107 
0.707107 
28.004464 
28.004464 
1.414214 
1.414214 
0.000000 
0.000000 
1.000000 
1.000000 
1.414214 
1.414214 
28.004464 
28.004464 
1.118034 
1.118034 
0.000000 
0.000000 
1.000000 
1.000000 
2.692582 
2.692582 
28.004464 
28.004464 
8.062258 
8.062258 
0.000000 
0.000000 
1.000000 
1.000000 
2.549510 
2.549510 
28.004464 
28.004464 
8.381527 
8.381527 
0.000000 
0.000000 
1.000000 
1.000000 
3.535534 
3.535534 
28.004464 
28.004464 
1.118034 
1.118034 
0.000000 
0.000000 
1.000000 
1.000000 
3.354102 
3.354102 
28.004464 
28.004464 
1.802776 
1.802776 
0.000000 
0.000000 
1.000000 
1.000000 
3.354102 
3.354102 
28.004464 
28.004464 
14.534442 
14.534442 
0.000000 
0.000000 
1.000000 
1.000000 
3.354102 
3.354102 
28.004464 
28.004464 
15.787653 
15.787653 
0.000000 
0.000000 
21.189620 
21.189620 
28.004464 
28.004464 
16.070159 
16.070159 
0.000000 
0.000000 
2.500000 
2.500000 
2.236068 
2.236068 
