0.000000 
0.000000 
4.031129 
4.031129 
2.692582 
2.692582 
1.118034 
1.118034 
11.000000 
11.000000 
2.236068 
2.236068 
2.121320 
2.121320 
5.147815 
5.147815 
2.549510 
2.549510 
3.041381 
3.041381 
1.802776 
1.802776 
2.549510 
2.549510 
4.123106 
4.123106 
0.000000 
0.000000 
4.123106 
4.123106 
1.118034 
1.118034 
4.123106 
4.123106 
1.802776 
1.802776 
4.123106 
4.123106 
1.802776 
1.802776 
4.123106 
4.123106 
1.802776 
1.802776 
4.123106 
4.123106 
1.802776 
1.802776 
4.123106 
4.123106 
1.802776 
1.802776 
4.123106 
4.123106 
1.802776 
1.802776 
30.269622 
30.269622 
1.802776 
1.802776 
2.500000 
2.500000 
1.802776 
1.802776 
23.048861 
23.048861 
17.066048 
17.066048 
23.048861 
23.048861 
1.118034 
1.118034 
23.048861 
23.048861 
1.802776 
1.802776 
23.048861 
23.048861 
0.707107 
0.707107 
23.048861 
23.048861 
26.004807 
26.004807 
23.048861 
23.048861 
3.000000 
3.000000 
23.048861 
23.048861 
1.802776 
1.802776 
23.048861 
23.048861 
1.802776 
1.802776 
23.048861 
23.048861 
1.802776 
1.802776 
23.048861 
23.048861 
4.272002 
4.272002 
23.048861 
23.048861 
1.802776 
1.802776 
23.048861 
23.048861 
31.100643 
31.100643 
23.048861 
23.048861 
2.121320 
2.121320 
23.048861 
23.048861 
1.500000 
1.500000 
23.048861 
23.048861 
2.549510 
2.549510 
1.118034 
1.118034 
