0.000000 
0.000000 
1.000000 
1.000000 
2.061553 
2.061553 
1.414214 
1.414214 
2.061553 
2.061553 
1.118034 
1.118034 
3.535534 
3.535534 
1.581139 
1.581139 
2.549510 
2.549510 
2.061553 
2.061553 
0.000000 
0.000000 
0.000000 
0.000000 
2.061553 
2.061553 
0.000000 
0.000000 
0.000000 
0.000000 
3.905125 
3.905125 
0.000000 
0.000000 
0.000000 
0.000000 
22.000000 
22.000000 
3.905125 
3.905125 
5.099020 
5.099020 
0.000000 
0.000000 
4.272002 
4.272002 
3.905125 
3.905125 
0.707107 
0.707107 
0.000000 
0.000000 
2.692582 
2.692582 
3.905125 
3.905125 
4.031129 
4.031129 
0.000000 
0.000000 
6.576473 
6.576473 
3.905125 
3.905125 
5.000000 
5.000000 
0.000000 
0.000000 
2.061553 
2.061553 
3.905125 
3.905125 
5.000000 
5.000000 
0.000000 
0.000000 
7.280110 
7.280110 
3.905125 
3.905125 
5.000000 
5.000000 
0.000000 
0.000000 
7.280110 
7.280110 
6.082763 
6.082763 
5.000000 
5.000000 
0.000000 
0.000000 
7.280110 
7.280110 
1.118034 
1.118034 
5.000000 
5.000000 
0.000000 
0.000000 
7.280110 
7.280110 
3.640055 
3.640055 
5.000000 
5.000000 
0.000000 
0.000000 
7.280110 
7.280110 
5.522681 
5.522681 
5.000000 
5.000000 
0.000000 
0.000000 
7.280110 
7.280110 
20.500000 
20.500000 
5.000000 
5.000000 
0.000000 
0.000000 
7.280110 
7.280110 
3.535534 
3.535534 
0.000000 
0.000000 
5.000000 
5.000000 
0.000000 
0.000000 
7.280110 
7.280110 
20.506097 
20.506097 
16.770510 
16.770510 
23.769729 
23.769729 
7.280110 
7.280110 
20.506097 
20.506097 
16.770510 
16.770510 
2.500000 
2.500000 
7.280110 
7.280110 
20.506097 
20.506097 
16.770510 
16.770510 
4.716991 
4.716991 
7.280110 
7.280110 
20.506097 
20.506097 
16.770510 
16.770510 
29.500000 
29.500000 
7.280110 
7.280110 
20.506097 
20.506097 
16.770510 
16.770510 
4.031129 
4.031129 
7.280110 
7.280110 
20.506097 
20.506097 
16.770510 
16.770510 
13.647344 
13.647344 
7.280110 
7.280110 
20.506097 
20.506097 
16.770510 
16.770510 
2.828427 
2.828427 
7.280110 
7.280110 
20.506097 
20.506097 
16.770510 
16.770510 
1.118034 
1.118034 
20.506097 
20.506097 
16.770510 
16.770510 
1.118034 
1.118034 
20.506097 
20.506097 
16.770510 
16.770510 
1.118034 
1.118034 
20.506097 
20.506097 
16.770510 
16.770510 
4.123106 
4.123106 
20.506097 
20.506097 
16.770510 
16.770510 
1.118034 
1.118034 
20.506097 
20.506097 
16.770510 
16.770510 
1.802776 
1.802776 
20.506097 
20.506097 
16.770510 
16.770510 
1.000000 
1.000000 
20.506097 
20.506097 
