0.000000 
0.000000 
1.118034 
1.118034 
1.581139 
1.581139 
14.534442 
14.534442 
2.000000 
2.000000 
4.527693 
4.527693 
5.024938 
5.024938 
2.061553 
2.061553 
0.707107 
0.707107 
0.000000 
0.000000 
14.035669 
14.035669 
1.000000 
1.000000 
2.061553 
2.061553 
1.118034 
1.118034 
2.549510 
2.549510 
2.061553 
2.061553 
1.581139 
1.581139 
2.061553 
2.061553 
1.000000 
1.000000 
2.000000 
2.000000 
0.500000 
0.500000 
0.000000 
0.000000 
2.061553 
2.061553 
0.000000 
0.000000 
2.061553 
2.061553 
3.201562 
3.201562 
1.500000 
1.500000 
3.201562 
3.201562 
0.500000 
0.500000 
3.201562 
3.201562 
0.500000 
0.500000 
3.201562 
3.201562 
0.500000 
0.500000 
3.201562 
3.201562 
0.707107 
0.707107 
16.031220 
16.031220 
2.061553 
2.061553 
2.236068 
2.236068 
1.118034 
1.118034 
2.236068 
2.236068 
12.658989 
12.658989 
2.236068 
2.236068 
2.549510 
2.549510 
2.236068 
2.236068 
11.180340 
11.180340 
2.236068 
2.236068 
2.549510 
2.549510 
2.236068 
2.236068 
2.061553 
2.061553 
2.236068 
2.236068 
9.000000 
9.000000 
2.236068 
2.236068 
1.414214 
1.414214 
2.236068 
2.236068 
0.707107 
0.707107 
2.236068 
2.236068 
1.802776 
1.802776 
2.236068 
2.236068 
0.707107 
0.707107 
2.236068 
2.236068 
1.414214 
1.414214 
2.236068 
2.236068 
0.707107 
0.707107 
2.236068 
2.236068 
0.707107 
0.707107 
0.000000 
0.000000 
2.236068 
2.236068 
1.414214 
1.414214 
1.000000 
1.000000 
1.000000 
1.000000 
