0.000000 
0.000000 
0.000000 
0.000000 
0.000000 
0.000000 
0.000000 
0.000000 
0.000000 
0.000000 
0.000000 
0.000000 
0.000000 
0.000000 
0.000000 
0.000000 
7.017834 
7.017834 
1.414214 
1.414214 
0.707107 
0.707107 
1.118034 
1.118034 
2.061553 
2.061553 
6.519202 
6.519202 
0.000000 
0.000000 
0.000000 
0.000000 
7.017834 
7.017834 
0.500000 
0.500000 
5.522681 
5.522681 
2.692582 
2.692582 
1.118034 
1.118034 
2.549510 
2.549510 
1.000000 
1.000000 
0.000000 
0.000000 
7.017834 
7.017834 
5.522681 
5.522681 
1.581139 
1.581139 
1.414214 
1.414214 
6.020797 
6.020797 
2.549510 
2.549510 
0.707107 
0.707107 
0.000000 
0.000000 
7.017834 
7.017834 
0.500000 
0.500000 
5.700877 
5.700877 
1.118034 
1.118034 
2.236068 
2.236068 
2.500000 
2.500000 
0.000000 
0.000000 
10.012492 
10.012492 
0.000000 
0.000000 
7.017834 
7.017834 
0.500000 
0.500000 
1.118034 
1.118034 
1.802776 
1.802776 
2.692582 
2.692582 
1.581139 
1.581139 
0.000000 
0.000000 
0.000000 
0.000000 
1.802776 
1.802776 
12.658989 
12.658989 
0.000000 
0.000000 
7.017834 
7.017834 
0.500000 
0.500000 
1.118034 
1.118034 
1.802776 
1.802776 
1.118034 
1.118034 
4.031129 
4.031129 
3.807887 
3.807887 
1.118034 
1.118034 
2.000000 
2.000000 
2.549510 
2.549510 
0.000000 
0.000000 
7.017834 
7.017834 
0.500000 
0.500000 
1.118034 
1.118034 
1.414214 
1.414214 
1.802776 
1.802776 
3.640055 
3.640055 
0.500000 
0.500000 
1.118034 
1.118034 
1.118034 
1.118034 
1.118034 
1.118034 
0.000000 
0.000000 
7.017834 
7.017834 
0.500000 
0.500000 
1.118034 
1.118034 
1.000000 
1.000000 
0.707107 
0.707107 
1.118034 
1.118034 
1.118034 
1.118034 
1.118034 
1.118034 
0.707107 
0.707107 
4.472136 
4.472136 
0.000000 
0.000000 
7.017834 
7.017834 
0.500000 
0.500000 
1.118034 
1.118034 
1.000000 
1.000000 
0.500000 
0.500000 
1.802776 
1.802776 
1.118034 
1.118034 
1.118034 
1.118034 
1.000000 
1.000000 
0.707107 
0.707107 
0.000000 
0.000000 
7.017834 
7.017834 
0.500000 
0.500000 
1.118034 
1.118034 
0.500000 
0.500000 
0.707107 
0.707107 
1.118034 
1.118034 
1.802776 
1.802776 
1.118034 
1.118034 
0.500000 
0.500000 
1.000000 
1.000000 
0.000000 
0.000000 
7.017834 
7.017834 
0.500000 
0.500000 
1.118034 
1.118034 
17.000000 
17.000000 
2.915476 
2.915476 
1.581139 
1.581139 
1.802776 
1.802776 
1.118034 
1.118034 
1.581139 
1.581139 
1.000000 
1.000000 
0.000000 
0.000000 
7.017834 
7.017834 
0.500000 
0.500000 
1.118034 
1.118034 
1.581139 
1.581139 
1.118034 
1.118034 
1.414214 
1.414214 
0.000000 
0.000000 
1.802776 
1.802776 
1.118034 
1.118034 
1.500000 
1.500000 
1.000000 
1.000000 
0.000000 
0.000000 
7.017834 
7.017834 
0.500000 
0.500000 
1.118034 
1.118034 
1.500000 
1.500000 
1.802776 
1.802776 
0.500000 
0.500000 
0.000000 
0.000000 
1.802776 
1.802776 
1.118034 
1.118034 
1.118034 
1.118034 
1.000000 
1.000000 
0.000000 
0.000000 
7.017834 
7.017834 
0.500000 
0.500000 
1.118034 
1.118034 
7.762087 
7.762087 
1.802776 
1.802776 
1.118034 
1.118034 
0.000000 
0.000000 
0.000000 
0.000000 
1.802776 
1.802776 
1.118034 
1.118034 
4.123106 
4.123106 
1.000000 
1.000000 
7.017834 
7.017834 
0.500000 
0.500000 
1.118034 
1.118034 
11.672618 
11.672618 
1.414214 
1.414214 
0.500000 
0.500000 
0.000000 
0.000000 
1.000000 
1.000000 
0.000000 
0.000000 
1.802776 
1.802776 
1.118034 
1.118034 
1.118034 
1.118034 
1.000000 
1.000000 
0.500000 
0.500000 
1.118034 
1.118034 
0.500000 
0.500000 
1.118034 
1.118034 
0.500000 
0.500000 
0.000000 
0.000000 
0.000000 
0.000000 
22.005681 
22.005681 
12.539936 
12.539936 
1.802776 
1.802776 
1.118034 
1.118034 
1.000000 
1.000000 
1.000000 
1.000000 
0.500000 
0.500000 
1.118034 
1.118034 
0.500000 
0.500000 
1.581139 
1.581139 
0.500000 
0.500000 
1.118034 
1.118034 
0.000000 
0.000000 
1.000000 
1.000000 
12.539936 
12.539936 
1.802776 
1.802776 
1.118034 
1.118034 
1.000000 
1.000000 
1.000000 
1.000000 
0.500000 
0.500000 
1.118034 
1.118034 
0.500000 
0.500000 
1.500000 
1.500000 
0.500000 
0.500000 
0.000000 
0.000000 
0.500000 
0.500000 
0.000000 
0.000000 
1.000000 
1.000000 
12.539936 
12.539936 
1.802776 
1.802776 
1.118034 
1.118034 
0.500000 
0.500000 
1.000000 
1.000000 
1.118034 
1.118034 
0.500000 
0.500000 
1.118034 
1.118034 
0.500000 
0.500000 
0.000000 
0.000000 
0.500000 
0.500000 
0.000000 
0.000000 
14.115594 
14.115594 
12.539936 
12.539936 
1.802776 
1.802776 
1.118034 
1.118034 
1.118034 
1.118034 
1.000000 
1.000000 
0.500000 
0.500000 
1.000000 
1.000000 
0.500000 
0.500000 
0.000000 
0.000000 
0.000000 
0.000000 
0.500000 
0.500000 
0.000000 
0.000000 
14.115594 
14.115594 
11.704700 
11.704700 
1.802776 
1.802776 
1.118034 
1.118034 
0.000000 
0.000000 
1.000000 
1.000000 
0.500000 
0.500000 
0.500000 
0.500000 
0.500000 
0.500000 
0.500000 
0.500000 
0.000000 
0.000000 
0.500000 
0.500000 
0.000000 
0.000000 
14.115594 
14.115594 
1.118034 
1.118034 
1.802776 
1.802776 
1.000000 
1.000000 
1.000000 
1.000000 
0.500000 
0.500000 
0.000000 
0.000000 
0.500000 
0.500000 
0.000000 
0.000000 
3.535534 
3.535534 
0.000000 
0.000000 
0.500000 
0.500000 
0.000000 
0.000000 
14.115594 
14.115594 
1.500000 
1.500000 
1.802776 
1.802776 
0.500000 
0.500000 
1.000000 
1.000000 
0.500000 
0.500000 
0.707107 
0.707107 
0.500000 
0.500000 
1.118034 
1.118034 
1.000000 
1.000000 
0.000000 
0.000000 
0.500000 
0.500000 
0.000000 
0.000000 
14.115594 
14.115594 
1.500000 
1.500000 
1.802776 
1.802776 
0.500000 
0.500000 
1.000000 
1.000000 
0.500000 
0.500000 
0.707107 
0.707107 
0.500000 
0.500000 
1.118034 
1.118034 
1.118034 
1.118034 
0.000000 
0.000000 
0.500000 
0.500000 
0.000000 
0.000000 
14.115594 
14.115594 
1.500000 
1.500000 
1.802776 
1.802776 
0.500000 
0.500000 
1.000000 
1.000000 
0.500000 
0.500000 
0.707107 
0.707107 
0.500000 
0.500000 
0.707107 
0.707107 
8.062258 
8.062258 
0.000000 
0.000000 
0.500000 
0.500000 
0.000000 
0.000000 
14.115594 
14.115594 
1.500000 
1.500000 
0.500000 
0.500000 
0.500000 
0.500000 
0.707107 
0.707107 
0.500000 
0.500000 
0.707107 
0.707107 
2.000000 
2.000000 
0.000000 
0.000000 
0.500000 
0.500000 
0.000000 
0.000000 
14.115594 
14.115594 
1.500000 
1.500000 
0.500000 
0.500000 
12.649111 
12.649111 
0.707107 
0.707107 
0.500000 
0.500000 
19.293781 
19.293781 
2.000000 
2.000000 
0.000000 
0.000000 
0.500000 
0.500000 
0.000000 
0.000000 
14.115594 
14.115594 
1.500000 
1.500000 
0.500000 
0.500000 
2.236068 
2.236068 
0.707107 
0.707107 
0.500000 
0.500000 
3.535534 
3.535534 
2.236068 
2.236068 
0.000000 
0.000000 
0.500000 
0.500000 
0.000000 
0.000000 
14.115594 
14.115594 
1.500000 
1.500000 
0.500000 
0.500000 
2.549510 
2.549510 
0.707107 
0.707107 
0.500000 
0.500000 
3.535534 
3.535534 
5.385165 
5.385165 
3.535534 
3.535534 
0.500000 
0.500000 
0.000000 
0.000000 
14.115594 
14.115594 
1.500000 
1.500000 
0.500000 
0.500000 
1.414214 
1.414214 
0.707107 
0.707107 
0.500000 
0.500000 
3.535534 
3.535534 
4.924429 
4.924429 
2.000000 
2.000000 
0.500000 
0.500000 
14.115594 
14.115594 
1.500000 
1.500000 
0.500000 
0.500000 
1.000000 
1.000000 
0.707107 
0.707107 
0.500000 
0.500000 
3.535534 
3.535534 
1.118034 
1.118034 
15.700318 
15.700318 
0.500000 
0.500000 
14.115594 
14.115594 
1.500000 
1.500000 
0.500000 
0.500000 
6.964194 
6.964194 
0.707107 
0.707107 
3.535534 
3.535534 
2.000000 
2.000000 
3.162278 
3.162278 
0.500000 
0.500000 
14.115594 
14.115594 
1.500000 
1.500000 
0.500000 
0.500000 
2.549510 
2.549510 
0.707107 
0.707107 
3.535534 
3.535534 
8.015610 
8.015610 
2.549510 
2.549510 
14.115594 
14.115594 
1.500000 
1.500000 
0.500000 
0.500000 
6.264982 
6.264982 
0.707107 
0.707107 
3.535534 
3.535534 
0.707107 
0.707107 
12.257651 
12.257651 
1.500000 
1.500000 
0.500000 
0.500000 
2.500000 
2.500000 
0.707107 
0.707107 
3.535534 
3.535534 
1.414214 
1.414214 
5.000000 
5.000000 
1.500000 
1.500000 
0.500000 
0.500000 
2.500000 
2.500000 
0.707107 
0.707107 
0.000000 
0.000000 
3.535534 
3.535534 
9.708244 
9.708244 
5.000000 
5.000000 
1.500000 
1.500000 
0.500000 
0.500000 
2.500000 
2.500000 
0.707107 
0.707107 
0.000000 
0.000000 
2.500000 
2.500000 
3.535534 
3.535534 
1.500000 
1.500000 
5.000000 
5.000000 
2.500000 
2.500000 
