0.000000 
0.000000 
0.000000 
0.000000 
0.000000 
0.000000 
1.581139 
1.581139 
3.354102 
3.354102 
0.707107 
0.707107 
3.535534 
3.535534 
3.041381 
3.041381 
25.005000 
25.005000 
2.915476 
2.915476 
2.549510 
2.549510 
2.500000 
2.500000 
10.124228 
10.124228 
1.414214 
1.414214 
2.121320 
2.121320 
4.743416 
4.743416 
0.707107 
0.707107 
0.000000 
0.000000 
3.535534 
3.535534 
1.118034 
1.118034 
1.118034 
1.118034 
1.581139 
1.581139 
1.414214 
1.414214 
1.118034 
1.118034 
12.500000 
12.500000 
0.707107 
0.707107 
2.549510 
2.549510 
12.500000 
12.500000 
0.500000 
0.500000 
2.500000 
2.500000 
12.500000 
12.500000 
0.707107 
0.707107 
2.121320 
2.121320 
12.500000 
12.500000 
0.707107 
0.707107 
2.121320 
2.121320 
4.301163 
4.301163 
1.802776 
1.802776 
2.121320 
2.121320 
4.031129 
4.031129 
1.581139 
1.581139 
2.121320 
2.121320 
6.103278 
6.103278 
1.414214 
1.414214 
2.121320 
2.121320 
19.906029 
19.906029 
0.500000 
0.500000 
2.121320 
2.121320 
3.041381 
3.041381 
2.061553 
2.061553 
2.121320 
2.121320 
3.041381 
3.041381 
2.061553 
2.061553 
2.121320 
2.121320 
3.041381 
3.041381 
1.581139 
1.581139 
2.121320 
2.121320 
19.811613 
19.811613 
1.118034 
1.118034 
2.121320 
2.121320 
3.041381 
3.041381 
1.118034 
1.118034 
2.121320 
2.121320 
1.000000 
1.000000 
1.118034 
1.118034 
2.121320 
2.121320 
2.549510 
2.549510 
1.500000 
1.500000 
2.121320 
2.121320 
2.692582 
2.692582 
1.802776 
1.802776 
2.121320 
2.121320 
14.230249 
14.230249 
1.414214 
1.414214 
2.121320 
2.121320 
2.500000 
2.500000 
0.707107 
0.707107 
1.000000 
1.000000 
0.000000 
0.000000 
2.549510 
2.549510 
1.118034 
1.118034 
2.236068 
2.236068 
0.707107 
0.707107 
2.236068 
2.236068 
1.000000 
1.000000 
0.707107 
0.707107 
2.061553 
2.061553 
12.093387 
12.093387 
2.692582 
2.692582 
1.500000 
1.500000 
2.500000 
2.500000 
1.118034 
1.118034 
2.500000 
2.500000 
0.500000 
0.500000 
1.802776 
1.802776 
2.828427 
2.828427 
1.414214 
1.414214 
3.354102 
3.354102 
6.670832 
6.670832 
1.000000 
1.000000 
2.500000 
2.500000 
1.581139 
1.581139 
2.061553 
2.061553 
