0.000000 
0.000000 
0.000000 
0.000000 
0.000000 
0.000000 
2.692582 
2.692582 
4.609772 
4.609772 
0.707107 
0.707107 
1.581139 
1.581139 
1.581139 
1.581139 
1.802776 
1.802776 
1.118034 
1.118034 
2.000000 
2.000000 
5.000000 
5.000000 
7.017834 
7.017834 
2.549510 
2.549510 
1.581139 
1.581139 
0.500000 
0.500000 
2.000000 
2.000000 
2.061553 
2.061553 
0.707107 
0.707107 
1.000000 
1.000000 
1.802776 
1.802776 
0.500000 
0.500000 
4.031129 
4.031129 
2.061553 
2.061553 
1.000000 
1.000000 
2.692582 
2.692582 
4.000000 
4.000000 
0.500000 
0.500000 
1.500000 
1.500000 
1.414214 
1.414214 
0.000000 
0.000000 
0.707107 
0.707107 
3.041381 
3.041381 
1.118034 
1.118034 
0.707107 
0.707107 
0.500000 
0.500000 
2.500000 
2.500000 
6.020797 
6.020797 
0.000000 
0.000000 
0.500000 
0.500000 
1.118034 
1.118034 
5.522681 
5.522681 
6.020797 
6.020797 
0.500000 
0.500000 
0.707107 
0.707107 
1.000000 
1.000000 
2.549510 
2.549510 
0.500000 
0.500000 
0.000000 
0.000000 
0.500000 
0.500000 
0.707107 
0.707107 
0.000000 
0.000000 
2.500000 
2.500000 
2.549510 
2.549510 
0.500000 
0.500000 
0.500000 
0.500000 
0.500000 
0.500000 
0.500000 
0.500000 
2.500000 
2.500000 
2.692582 
2.692582 
0.500000 
0.500000 
0.500000 
0.500000 
0.707107 
0.707107 
0.000000 
0.000000 
1.000000 
1.000000 
0.000000 
0.000000 
10.500000 
10.500000 
0.500000 
0.500000 
0.000000 
0.000000 
0.500000 
0.500000 
4.123106 
4.123106 
5.700877 
5.700877 
0.707107 
0.707107 
0.500000 
0.500000 
0.000000 
0.000000 
0.500000 
0.500000 
1.118034 
1.118034 
8.500000 
8.500000 
3.500000 
3.500000 
0.500000 
0.500000 
1.000000 
1.000000 
1.000000 
1.000000 
2.061553 
2.061553 
0.707107 
0.707107 
1.118034 
1.118034 
0.500000 
0.500000 
0.500000 
0.500000 
0.707107 
0.707107 
1.118034 
1.118034 
1.000000 
1.000000 
0.707107 
0.707107 
0.500000 
0.500000 
1.118034 
1.118034 
1.118034 
1.118034 
1.802776 
1.802776 
2.061553 
2.061553 
1.000000 
1.000000 
0.500000 
0.500000 
1.118034 
1.118034 
1.500000 
1.500000 
1.802776 
1.802776 
9.219544 
9.219544 
1.118034 
1.118034 
0.500000 
0.500000 
1.118034 
1.118034 
1.802776 
1.802776 
1.581139 
1.581139 
0.707107 
0.707107 
0.000000 
0.000000 
2.061553 
2.061553 
0.500000 
0.500000 
1.118034 
1.118034 
1.000000 
1.000000 
2.121320 
2.121320 
1.118034 
1.118034 
0.000000 
0.000000 
0.000000 
0.000000 
3.162278 
3.162278 
0.500000 
0.500000 
1.118034 
1.118034 
1.118034 
1.118034 
1.118034 
1.118034 
1.118034 
1.118034 
3.041381 
3.041381 
0.000000 
0.000000 
1.581139 
1.581139 
0.500000 
0.500000 
1.118034 
1.118034 
6.670832 
6.670832 
1.118034 
1.118034 
1.118034 
1.118034 
1.581139 
1.581139 
0.000000 
0.000000 
6.020797 
6.020797 
0.500000 
0.500000 
1.118034 
1.118034 
6.670832 
6.670832 
1.118034 
1.118034 
0.500000 
0.500000 
0.000000 
0.000000 
1.118034 
1.118034 
0.000000 
0.000000 
1.118034 
1.118034 
0.500000 
0.500000 
1.118034 
1.118034 
6.670832 
6.670832 
1.118034 
1.118034 
1.581139 
1.581139 
2.236068 
2.236068 
4.000000 
4.000000 
0.000000 
0.000000 
1.118034 
1.118034 
0.500000 
0.500000 
1.118034 
1.118034 
6.670832 
6.670832 
1.118034 
1.118034 
7.071068 
7.071068 
0.000000 
0.000000 
2.061553 
2.061553 
1.000000 
1.000000 
0.000000 
0.000000 
1.581139 
1.581139 
0.500000 
0.500000 
1.118034 
1.118034 
6.670832 
6.670832 
1.118034 
1.118034 
4.500000 
4.500000 
1.581139 
1.581139 
1.118034 
1.118034 
0.500000 
0.500000 
0.000000 
0.000000 
1.802776 
1.802776 
1.118034 
1.118034 
6.670832 
6.670832 
1.118034 
1.118034 
0.000000 
0.000000 
2.000000 
2.000000 
0.500000 
0.500000 
2.000000 
2.000000 
0.000000 
0.000000 
1.000000 
1.000000 
1.118034 
1.118034 
6.670832 
6.670832 
1.118034 
1.118034 
1.118034 
1.118034 
0.000000 
0.000000 
2.000000 
2.000000 
0.500000 
0.500000 
2.000000 
2.000000 
0.000000 
0.000000 
0.707107 
0.707107 
1.118034 
1.118034 
6.670832 
6.670832 
1.118034 
1.118034 
1.000000 
1.000000 
1.581139 
1.581139 
2.000000 
2.000000 
0.500000 
0.500000 
1.500000 
1.500000 
0.000000 
0.000000 
0.000000 
0.000000 
1.118034 
1.118034 
6.670832 
6.670832 
1.118034 
1.118034 
3.535534 
3.535534 
0.500000 
0.500000 
2.000000 
2.000000 
0.500000 
0.500000 
1.500000 
1.500000 
0.000000 
0.000000 
1.118034 
1.118034 
1.118034 
1.118034 
6.670832 
6.670832 
1.118034 
1.118034 
1.414214 
1.414214 
0.000000 
0.000000 
0.500000 
0.500000 
2.000000 
2.000000 
0.500000 
0.500000 
1.500000 
1.500000 
0.000000 
0.000000 
1.000000 
1.000000 
6.670832 
6.670832 
1.118034 
1.118034 
1.581139 
1.581139 
1.414214 
1.414214 
0.707107 
0.707107 
2.000000 
2.000000 
0.500000 
0.500000 
1.500000 
1.500000 
0.000000 
0.000000 
1.581139 
1.581139 
6.670832 
6.670832 
1.118034 
1.118034 
1.414214 
1.414214 
0.500000 
0.500000 
0.500000 
0.500000 
4.924429 
4.924429 
0.500000 
0.500000 
1.500000 
1.500000 
0.000000 
0.000000 
1.118034 
1.118034 
6.670832 
6.670832 
1.118034 
1.118034 
1.118034 
1.118034 
