0.000000 
0.000000 
0.000000 
0.000000 
0.000000 
0.000000 
0.000000 
0.000000 
0.000000 
0.000000 
0.000000 
0.000000 
0.000000 
0.000000 
0.000000 
0.000000 
1.118034 
1.118034 
0.500000 
0.500000 
0.500000 
0.500000 
1.118034 
1.118034 
4.031129 
4.031129 
3.162278 
3.162278 
3.354102 
3.354102 
0.707107 
0.707107 
0.000000 
0.000000 
0.707107 
0.707107 
1.000000 
1.000000 
1.581139 
1.581139 
6.000000 
6.000000 
3.162278 
3.162278 
1.118034 
1.118034 
0.500000 
0.500000 
0.000000 
0.000000 
0.500000 
0.500000 
0.707107 
0.707107 
15.402922 
15.402922 
4.716991 
4.716991 
6.500000 
6.500000 
10.000000 
10.000000 
0.000000 
0.000000 
0.000000 
0.000000 
0.000000 
0.000000 
0.000000 
0.000000 
0.000000 
0.000000 
1.581139 
1.581139 
3.640055 
3.640055 
3.041381 
3.041381 
4.000000 
4.000000 
0.000000 
0.000000 
0.000000 
0.000000 
0.500000 
0.500000 
0.000000 
0.000000 
0.000000 
0.000000 
0.500000 
0.500000 
1.414214 
1.414214 
3.640055 
3.640055 
3.041381 
3.041381 
7.516648 
7.516648 
0.000000 
0.000000 
0.000000 
0.000000 
0.500000 
0.500000 
0.000000 
0.000000 
0.000000 
0.000000 
0.000000 
0.000000 
0.707107 
0.707107 
7.516648 
7.516648 
1.500000 
1.500000 
2.549510 
2.549510 
0.000000 
0.000000 
1.118034 
1.118034 
0.000000 
0.000000 
0.500000 
0.500000 
0.000000 
0.000000 
0.000000 
0.000000 
0.707107 
0.707107 
2.500000 
2.500000 
1.581139 
1.581139 
5.700877 
5.700877 
2.500000 
2.500000 
0.000000 
0.000000 
0.500000 
0.500000 
1.118034 
1.118034 
0.000000 
0.000000 
0.000000 
0.000000 
0.000000 
0.000000 
0.000000 
0.000000 
0.500000 
0.500000 
9.513149 
9.513149 
4.743416 
4.743416 
3.354102 
3.354102 
2.500000 
2.500000 
0.500000 
0.500000 
0.000000 
0.000000 
1.118034 
1.118034 
0.000000 
0.000000 
0.500000 
0.500000 
0.000000 
0.000000 
0.000000 
0.000000 
0.000000 
0.000000 
0.500000 
0.500000 
2.236068 
2.236068 
3.041381 
3.041381 
6.020797 
6.020797 
0.500000 
0.500000 
0.000000 
0.000000 
1.118034 
1.118034 
0.000000 
0.000000 
0.000000 
0.000000 
0.000000 
0.000000 
0.000000 
0.000000 
0.500000 
0.500000 
0.500000 
0.500000 
1.414214 
1.414214 
1.414214 
1.414214 
3.000000 
3.000000 
0.500000 
0.500000 
0.500000 
0.500000 
1.118034 
1.118034 
0.000000 
0.000000 
0.000000 
0.000000 
0.000000 
0.000000 
0.000000 
0.000000 
0.000000 
0.000000 
0.500000 
0.500000 
1.414214 
1.414214 
1.000000 
1.000000 
3.041381 
3.041381 
0.500000 
0.500000 
0.707107 
0.707107 
1.118034 
1.118034 
0.000000 
0.000000 
0.000000 
0.000000 
0.000000 
0.000000 
0.000000 
0.000000 
0.000000 
0.000000 
1.000000 
1.000000 
1.414214 
1.414214 
0.707107 
0.707107 
6.519202 
6.519202 
3.807887 
3.807887 
0.500000 
0.500000 
1.118034 
1.118034 
0.000000 
0.000000 
0.500000 
0.500000 
0.000000 
0.000000 
0.000000 
0.000000 
1.118034 
1.118034 
1.118034 
1.118034 
1.414214 
1.414214 
1.118034 
1.118034 
2.692582 
2.692582 
6.020797 
6.020797 
0.500000 
0.500000 
1.118034 
1.118034 
0.000000 
0.000000 
0.500000 
0.500000 
0.000000 
0.000000 
0.000000 
0.000000 
0.000000 
0.000000 
10.606602 
10.606602 
1.414214 
1.414214 
1.000000 
1.000000 
2.500000 
2.500000 
6.184658 
6.184658 
0.500000 
0.500000 
1.118034 
1.118034 
0.000000 
0.000000 
0.707107 
0.707107 
0.000000 
0.000000 
0.000000 
0.000000 
0.707107 
0.707107 
1.414214 
1.414214 
1.414214 
1.414214 
0.500000 
0.500000 
5.408327 
5.408327 
6.184658 
6.184658 
0.500000 
0.500000 
1.118034 
1.118034 
0.000000 
0.000000 
1.000000 
1.000000 
0.000000 
0.000000 
0.000000 
0.000000 
3.535534 
3.535534 
4.527693 
4.527693 
1.414214 
1.414214 
0.500000 
0.500000 
1.500000 
1.500000 
6.184658 
6.184658 
0.500000 
0.500000 
1.118034 
1.118034 
0.000000 
0.000000 
0.500000 
0.500000 
0.000000 
0.000000 
0.707107 
0.707107 
8.746428 
8.746428 
1.414214 
1.414214 
0.500000 
0.500000 
6.020797 
6.020797 
0.000000 
0.000000 
6.184658 
6.184658 
0.500000 
0.500000 
1.118034 
1.118034 
0.000000 
0.000000 
5.024938 
5.024938 
0.000000 
0.000000 
0.500000 
0.500000 
1.500000 
1.500000 
1.414214 
1.414214 
0.500000 
0.500000 
1.802776 
1.802776 
0.000000 
0.000000 
6.184658 
6.184658 
0.500000 
0.500000 
1.118034 
1.118034 
1.118034 
1.118034 
1.000000 
1.000000 
2.549510 
2.549510 
1.414214 
1.414214 
1.414214 
1.414214 
2.236068 
2.236068 
1.118034 
1.118034 
6.184658 
6.184658 
0.500000 
0.500000 
1.118034 
1.118034 
0.500000 
0.500000 
0.500000 
0.500000 
1.000000 
1.000000 
1.414214 
1.414214 
1.000000 
1.000000 
4.924429 
4.924429 
0.000000 
0.000000 
6.184658 
6.184658 
0.500000 
0.500000 
1.118034 
1.118034 
0.500000 
0.500000 
0.000000 
0.000000 
10.547512 
10.547512 
1.414214 
1.414214 
0.500000 
0.500000 
11.661904 
11.661904 
0.000000 
0.000000 
6.184658 
6.184658 
0.500000 
0.500000 
0.707107 
0.707107 
0.500000 
0.500000 
10.000000 
10.000000 
1.414214 
1.414214 
3.500000 
3.500000 
2.915476 
2.915476 
0.500000 
0.500000 
6.184658 
6.184658 
0.500000 
0.500000 
0.500000 
0.500000 
1.000000 
1.000000 
1.581139 
1.581139 
1.414214 
1.414214 
0.500000 
0.500000 
2.692582 
2.692582 
0.000000 
0.000000 
6.184658 
6.184658 
0.500000 
0.500000 
6.000000 
6.000000 
0.000000 
0.000000 
1.500000 
1.500000 
1.414214 
1.414214 
1.500000 
1.500000 
8.276473 
8.276473 
1.000000 
1.000000 
6.184658 
6.184658 
0.500000 
0.500000 
0.707107 
0.707107 
1.000000 
1.000000 
7.500000 
7.500000 
1.500000 
1.500000 
0.000000 
0.000000 
0.000000 
0.000000 
0.707107 
0.707107 
6.184658 
6.184658 
0.500000 
0.500000 
1.000000 
1.000000 
1.000000 
1.000000 
7.500000 
7.500000 
1.118034 
1.118034 
0.000000 
0.000000 
0.000000 
0.000000 
0.000000 
0.000000 
1.118034 
1.118034 
6.184658 
6.184658 
1.500000 
1.500000 
0.500000 
0.500000 
1.000000 
1.000000 
3.041381 
3.041381 
1.500000 
1.500000 
0.000000 
0.000000 
0.000000 
0.000000 
0.707107 
0.707107 
0.000000 
0.000000 
2.061553 
2.061553 
6.184658 
6.184658 
1.500000 
1.500000 
1.802776 
1.802776 
3.500000 
3.500000 
1.500000 
1.500000 
2.549510 
2.549510 
0.000000 
0.000000 
1.000000 
1.000000 
1.000000 
1.000000 
0.000000 
0.000000 
1.802776 
1.802776 
6.184658 
6.184658 
1.500000 
1.500000 
0.500000 
0.500000 
1.000000 
1.000000 
2.692582 
2.692582 
1.500000 
1.500000 
0.000000 
0.000000 
0.500000 
0.500000 
0.500000 
0.500000 
0.000000 
0.000000 
0.500000 
0.500000 
1.500000 
1.500000 
0.500000 
0.500000 
2.549510 
2.549510 
12.539936 
12.539936 
5.024938 
5.024938 
0.000000 
0.000000 
0.500000 
0.500000 
1.802776 
1.802776 
18.027756 
18.027756 
0.500000 
0.500000 
1.500000 
1.500000 
0.500000 
0.500000 
2.500000 
2.500000 
12.539936 
12.539936 
4.123106 
4.123106 
0.000000 
0.000000 
0.500000 
0.500000 
7.158911 
7.158911 
5.385165 
5.385165 
0.500000 
0.500000 
1.500000 
1.500000 
0.500000 
0.500000 
3.041381 
3.041381 
12.539936 
12.539936 
1.414214 
1.414214 
0.000000 
0.000000 
0.500000 
0.500000 
1.118034 
1.118034 
1.118034 
1.118034 
0.500000 
0.500000 
1.500000 
1.500000 
0.500000 
0.500000 
6.000000 
6.000000 
12.539936 
12.539936 
1.802776 
1.802776 
0.000000 
0.000000 
0.500000 
0.500000 
1.414214 
1.414214 
0.707107 
0.707107 
0.500000 
0.500000 
1.500000 
1.500000 
0.500000 
0.500000 
3.500000 
3.500000 
12.539936 
12.539936 
1.802776 
1.802776 
0.000000 
0.000000 
0.500000 
0.500000 
2.061553 
2.061553 
9.013878 
9.013878 
0.500000 
0.500000 
1.500000 
1.500000 
0.500000 
0.500000 
3.000000 
3.000000 
12.539936 
12.539936 
1.000000 
1.000000 
0.000000 
0.000000 
0.500000 
0.500000 
17.007351 
17.007351 
3.000000 
3.000000 
0.500000 
0.500000 
1.500000 
1.500000 
0.500000 
0.500000 
8.514693 
8.514693 
12.539936 
12.539936 
0.707107 
0.707107 
0.000000 
0.000000 
0.500000 
0.500000 
1.118034 
1.118034 
3.000000 
3.000000 
0.500000 
0.500000 
1.500000 
1.500000 
0.500000 
0.500000 
3.041381 
3.041381 
12.539936 
12.539936 
1.118034 
1.118034 
0.000000 
0.000000 
0.500000 
0.500000 
14.008926 
14.008926 
8.558621 
8.558621 
0.500000 
0.500000 
1.500000 
1.500000 
0.500000 
0.500000 
3.041381 
3.041381 
12.539936 
12.539936 
0.500000 
0.500000 
0.000000 
0.000000 
