0.000000 
0.000000 
0.000000 
0.000000 
0.000000 
0.000000 
0.000000 
0.000000 
0.000000 
0.000000 
0.000000 
0.000000 
0.000000 
0.000000 
0.000000 
0.000000 
0.000000 
0.000000 
1.414214 
1.414214 
7.071068 
7.071068 
1.000000 
1.000000 
1.118034 
1.118034 
0.500000 
0.500000 
0.000000 
0.000000 
0.000000 
0.000000 
1.581139 
1.581139 
7.071068 
7.071068 
1.581139 
1.581139 
1.414214 
1.414214 
1.000000 
1.000000 
0.000000 
0.000000 
0.000000 
0.000000 
0.000000 
0.000000 
2.236068 
2.236068 
6.020797 
6.020797 
2.061553 
2.061553 
0.707107 
0.707107 
6.519202 
6.519202 
2.061553 
2.061553 
0.000000 
0.000000 
0.000000 
0.000000 
2.061553 
2.061553 
2.000000 
2.000000 
3.041381 
3.041381 
1.500000 
1.500000 
2.500000 
2.500000 
0.000000 
0.000000 
2.000000 
2.000000 
0.000000 
0.000000 
0.000000 
0.000000 
2.000000 
2.000000 
7.762087 
7.762087 
5.522681 
5.522681 
19.506409 
19.506409 
2.500000 
2.500000 
1.118034 
1.118034 
2.000000 
2.000000 
0.000000 
0.000000 
0.000000 
0.000000 
5.000000 
5.000000 
2.915476 
2.915476 
1.000000 
1.000000 
1.118034 
1.118034 
3.041381 
3.041381 
1.581139 
1.581139 
2.000000 
2.000000 
0.000000 
0.000000 
0.000000 
0.000000 
2.549510 
2.549510 
1.581139 
1.581139 
3.041381 
3.041381 
2.061553 
2.061553 
9.500000 
9.500000 
8.631338 
8.631338 
2.000000 
2.000000 
0.000000 
0.000000 
0.000000 
0.000000 
3.162278 
3.162278 
6.670832 
6.670832 
2.692582 
2.692582 
0.500000 
0.500000 
3.162278 
3.162278 
2.549510 
2.549510 
2.000000 
2.000000 
0.000000 
0.000000 
0.000000 
0.000000 
3.162278 
3.162278 
2.000000 
2.000000 
2.000000 
2.000000 
1.000000 
1.000000 
2.692582 
2.692582 
0.000000 
0.000000 
2.000000 
2.000000 
2.000000 
2.000000 
0.000000 
0.000000 
0.000000 
0.000000 
3.162278 
3.162278 
2.061553 
2.061553 
5.522681 
5.522681 
0.707107 
0.707107 
4.031129 
4.031129 
0.000000 
0.000000 
9.192388 
9.192388 
1.118034 
1.118034 
2.000000 
2.000000 
0.000000 
0.000000 
0.000000 
0.000000 
3.162278 
3.162278 
2.061553 
2.061553 
1.500000 
1.500000 
1.500000 
1.500000 
1.000000 
1.000000 
1.802776 
1.802776 
2.000000 
2.000000 
1.118034 
1.118034 
2.000000 
2.000000 
0.000000 
0.000000 
0.000000 
0.000000 
3.162278 
3.162278 
1.118034 
1.118034 
2.000000 
2.000000 
1.118034 
1.118034 
3.500000 
3.500000 
1.802776 
1.802776 
1.581139 
1.581139 
1.118034 
1.118034 
2.000000 
2.000000 
0.000000 
0.000000 
0.000000 
0.000000 
3.162278 
3.162278 
0.707107 
0.707107 
1.000000 
1.000000 
1.118034 
1.118034 
12.093387 
12.093387 
0.000000 
0.000000 
1.802776 
1.802776 
1.000000 
1.000000 
1.118034 
1.118034 
2.000000 
2.000000 
0.000000 
0.000000 
0.000000 
0.000000 
3.162278 
3.162278 
0.707107 
0.707107 
1.000000 
1.000000 
0.707107 
0.707107 
3.162278 
3.162278 
0.500000 
0.500000 
1.802776 
1.802776 
0.000000 
0.000000 
1.118034 
1.118034 
2.000000 
2.000000 
3.162278 
3.162278 
0.000000 
0.000000 
0.500000 
0.500000 
1.802776 
1.802776 
9.013878 
9.013878 
3.041381 
3.041381 
1.802776 
1.802776 
0.000000 
0.000000 
11.768602 
11.768602 
2.000000 
2.000000 
3.162278 
3.162278 
3.535534 
3.535534 
0.000000 
0.000000 
1.802776 
1.802776 
0.500000 
0.500000 
0.707107 
0.707107 
1.802776 
1.802776 
1.000000 
1.000000 
0.500000 
0.500000 
2.000000 
2.000000 
3.162278 
3.162278 
0.500000 
0.500000 
1.000000 
1.000000 
1.802776 
1.802776 
0.500000 
0.500000 
0.000000 
0.000000 
1.802776 
1.802776 
0.500000 
0.500000 
0.707107 
0.707107 
2.000000 
2.000000 
3.162278 
3.162278 
0.500000 
0.500000 
0.500000 
0.500000 
1.802776 
1.802776 
1.500000 
1.500000 
0.000000 
0.000000 
1.802776 
1.802776 
0.500000 
0.500000 
0.000000 
0.000000 
2.000000 
2.000000 
3.162278 
3.162278 
0.707107 
0.707107 
0.500000 
0.500000 
1.802776 
1.802776 
6.500000 
6.500000 
0.000000 
0.000000 
1.802776 
1.802776 
1.118034 
1.118034 
6.800735 
6.800735 
3.162278 
3.162278 
0.000000 
0.000000 
0.000000 
0.000000 
1.802776 
1.802776 
0.500000 
0.500000 
0.000000 
0.000000 
0.500000 
0.500000 
1.802776 
1.802776 
0.500000 
0.500000 
0.500000 
0.500000 
3.162278 
3.162278 
0.500000 
0.500000 
0.000000 
0.000000 
1.802776 
1.802776 
0.707107 
0.707107 
1.118034 
1.118034 
1.118034 
1.118034 
1.802776 
1.802776 
0.000000 
0.000000 
0.500000 
0.500000 
3.162278 
3.162278 
0.500000 
0.500000 
1.000000 
1.000000 
1.802776 
1.802776 
0.707107 
0.707107 
1.118034 
1.118034 
0.500000 
0.500000 
1.802776 
1.802776 
0.707107 
0.707107 
5.522681 
5.522681 
0.000000 
0.000000 
0.000000 
0.000000 
1.802776 
1.802776 
1.118034 
1.118034 
1.118034 
1.118034 
0.000000 
0.000000 
1.802776 
1.802776 
0.000000 
0.000000 
0.000000 
0.000000 
0.000000 
0.000000 
0.500000 
0.500000 
1.802776 
1.802776 
3.354102 
3.354102 
1.118034 
1.118034 
0.000000 
0.000000 
1.802776 
1.802776 
0.500000 
0.500000 
0.500000 
0.500000 
0.500000 
0.500000 
0.500000 
0.500000 
1.802776 
1.802776 
1.000000 
1.000000 
0.000000 
0.000000 
1.118034 
1.118034 
2.549510 
2.549510 
1.802776 
1.802776 
0.000000 
0.000000 
7.500000 
7.500000 
0.000000 
0.000000 
0.707107 
0.707107 
1.802776 
1.802776 
0.500000 
0.500000 
0.000000 
0.000000 
0.500000 
0.500000 
1.118034 
1.118034 
0.500000 
0.500000 
1.802776 
1.802776 
0.500000 
0.500000 
6.082763 
6.082763 
0.500000 
0.500000 
0.000000 
0.000000 
1.802776 
1.802776 
1.118034 
1.118034 
0.000000 
0.000000 
0.500000 
0.500000 
1.118034 
1.118034 
0.707107 
0.707107 
0.707107 
0.707107 
1.118034 
1.118034 
1.118034 
1.118034 
0.707107 
0.707107 
1.802776 
1.802776 
1.500000 
1.500000 
0.000000 
0.000000 
0.000000 
0.000000 
0.500000 
0.500000 
1.118034 
1.118034 
1.000000 
1.000000 
0.500000 
0.500000 
3.535534 
3.535534 
0.000000 
0.000000 
0.000000 
0.000000 
1.802776 
1.802776 
1.414214 
1.414214 
1.118034 
1.118034 
0.000000 
0.000000 
1.118034 
1.118034 
1.118034 
1.118034 
0.500000 
0.500000 
1.000000 
1.000000 
1.000000 
1.000000 
1.000000 
1.000000 
1.414214 
1.414214 
2.500000 
2.500000 
1.118034 
1.118034 
5.099020 
5.099020 
0.707107 
0.707107 
1.118034 
1.118034 
1.118034 
1.118034 
5.500000 
5.500000 
3.041381 
3.041381 
0.707107 
0.707107 
1.500000 
1.500000 
7.762087 
7.762087 
1.118034 
1.118034 
5.099020 
5.099020 
0.707107 
0.707107 
1.118034 
1.118034 
1.581139 
1.581139 
1.500000 
1.500000 
1.500000 
1.500000 
1.000000 
1.000000 
1.500000 
1.500000 
3.605551 
3.605551 
1.581139 
1.581139 
5.099020 
5.099020 
0.707107 
0.707107 
1.118034 
1.118034 
2.061553 
2.061553 
1.414214 
1.414214 
0.707107 
0.707107 
1.500000 
1.500000 
1.500000 
1.500000 
2.692582 
2.692582 
1.581139 
1.581139 
5.099020 
5.099020 
0.707107 
0.707107 
3.500000 
3.500000 
1.500000 
1.500000 
1.414214 
1.414214 
7.566373 
7.566373 
7.000000 
7.000000 
5.099020 
5.099020 
5.522681 
5.522681 
1.581139 
1.581139 
5.099020 
5.099020 
0.707107 
0.707107 
3.500000 
3.500000 
1.500000 
1.500000 
1.414214 
1.414214 
12.903488 
12.903488 
0.707107 
0.707107 
1.581139 
1.581139 
1.118034 
1.118034 
0.000000 
0.000000 
1.581139 
1.581139 
5.099020 
5.099020 
0.707107 
0.707107 
3.500000 
3.500000 
1.500000 
1.500000 
1.414214 
1.414214 
1.118034 
1.118034 
0.500000 
0.500000 
2.061553 
2.061553 
1.118034 
1.118034 
0.000000 
0.000000 
1.581139 
1.581139 
5.099020 
5.099020 
0.707107 
0.707107 
3.500000 
3.500000 
1.500000 
1.500000 
1.414214 
1.414214 
2.500000 
2.500000 
5.147815 
5.147815 
2.692582 
2.692582 
1.118034 
1.118034 
0.000000 
0.000000 
0.000000 
0.000000 
1.581139 
1.581139 
5.099020 
5.099020 
0.707107 
0.707107 
3.500000 
3.500000 
1.500000 
1.500000 
1.414214 
1.414214 
6.500000 
6.500000 
0.707107 
0.707107 
2.061553 
2.061553 
1.414214 
1.414214 
