0.000000 
0.000000 
0.000000 
0.000000 
0.000000 
0.000000 
0.000000 
0.000000 
0.000000 
0.000000 
0.000000 
0.000000 
0.000000 
0.000000 
0.000000 
0.000000 
1.118034 
1.118034 
1.000000 
1.000000 
2.500000 
2.500000 
0.500000 
0.500000 
1.118034 
1.118034 
0.500000 
0.500000 
1.581139 
1.581139 
1.000000 
1.000000 
1.000000 
1.000000 
8.139410 
8.139410 
0.707107 
0.707107 
1.802776 
1.802776 
0.500000 
0.500000 
0.707107 
0.707107 
1.118034 
1.118034 
1.000000 
1.000000 
1.118034 
1.118034 
1.118034 
1.118034 
10.606602 
10.606602 
0.707107 
0.707107 
0.500000 
0.500000 
1.000000 
1.000000 
1.000000 
1.000000 
0.500000 
0.500000 
1.118034 
1.118034 
0.707107 
0.707107 
1.414214 
1.414214 
0.000000 
0.000000 
1.000000 
1.000000 
1.000000 
1.000000 
8.246211 
8.246211 
1.000000 
1.000000 
9.500000 
9.500000 
1.000000 
1.000000 
1.414214 
1.414214 
0.000000 
0.000000 
1.000000 
1.000000 
10.440307 
10.440307 
0.707107 
0.707107 
1.581139 
1.581139 
0.500000 
0.500000 
1.414214 
1.414214 
0.500000 
0.500000 
1.000000 
1.000000 
0.707107 
0.707107 
0.500000 
0.500000 
0.707107 
0.707107 
0.500000 
0.500000 
0.000000 
0.000000 
1.500000 
1.500000 
4.500000 
4.500000 
0.500000 
0.500000 
0.707107 
0.707107 
1.000000 
1.000000 
0.707107 
0.707107 
2.061553 
2.061553 
15.008331 
15.008331 
1.500000 
1.500000 
0.500000 
0.500000 
0.500000 
0.500000 
0.707107 
0.707107 
0.500000 
0.500000 
0.707107 
0.707107 
0.707107 
0.707107 
1.581139 
1.581139 
0.707107 
0.707107 
0.500000 
0.500000 
1.414214 
1.414214 
0.707107 
0.707107 
0.707107 
0.707107 
0.707107 
0.707107 
0.000000 
0.000000 
1.581139 
1.581139 
0.707107 
0.707107 
0.500000 
0.500000 
1.414214 
1.414214 
1.500000 
1.500000 
1.118034 
1.118034 
18.439089 
18.439089 
0.500000 
0.500000 
17.464249 
17.464249 
0.707107 
0.707107 
0.500000 
0.500000 
1.414214 
1.414214 
1.500000 
1.500000 
0.707107 
0.707107 
2.236068 
2.236068 
1.000000 
1.000000 
1.802776 
1.802776 
0.707107 
0.707107 
0.500000 
0.500000 
1.414214 
1.414214 
1.500000 
1.500000 
0.500000 
0.500000 
2.236068 
2.236068 
0.707107 
0.707107 
1.802776 
1.802776 
0.707107 
0.707107 
4.031129 
4.031129 
1.414214 
1.414214 
3.041381 
3.041381 
0.000000 
0.000000 
2.236068 
2.236068 
1.000000 
1.000000 
1.802776 
1.802776 
0.707107 
0.707107 
4.031129 
4.031129 
1.414214 
1.414214 
1.000000 
1.000000 
5.000000 
5.000000 
2.236068 
2.236068 
1.000000 
1.000000 
0.000000 
0.000000 
1.802776 
1.802776 
0.707107 
0.707107 
4.031129 
4.031129 
1.414214 
1.414214 
0.707107 
0.707107 
0.707107 
0.707107 
2.236068 
2.236068 
1.500000 
1.500000 
0.000000 
0.000000 
0.000000 
0.000000 
11.280514 
11.280514 
0.707107 
0.707107 
4.031129 
4.031129 
1.414214 
1.414214 
0.707107 
0.707107 
0.707107 
0.707107 
2.236068 
2.236068 
5.024938 
5.024938 
9.962429 
9.962429 
1.581139 
1.581139 
9.552487 
9.552487 
0.707107 
0.707107 
4.031129 
4.031129 
1.414214 
1.414214 
0.707107 
0.707107 
1.581139 
1.581139 
2.236068 
2.236068 
2.500000 
2.500000 
0.000000 
0.000000 
0.000000 
0.000000 
11.101802 
11.101802 
2.000000 
2.000000 
10.688779 
10.688779 
0.707107 
0.707107 
4.031129 
4.031129 
1.414214 
1.414214 
0.707107 
0.707107 
1.581139 
1.581139 
2.236068 
2.236068 
3.535534 
3.535534 
1.500000 
1.500000 
1.500000 
1.500000 
4.472136 
4.472136 
2.549510 
2.549510 
7.158911 
7.158911 
0.707107 
0.707107 
4.031129 
4.031129 
1.414214 
1.414214 
0.707107 
0.707107 
3.535534 
3.535534 
2.236068 
2.236068 
2.000000 
2.000000 
2.500000 
2.500000 
8.015610 
8.015610 
10.000000 
10.000000 
1.802776 
1.802776 
2.236068 
2.236068 
0.707107 
0.707107 
4.031129 
4.031129 
1.414214 
1.414214 
0.707107 
0.707107 
1.118034 
1.118034 
2.236068 
2.236068 
2.000000 
2.000000 
0.000000 
0.000000 
4.242641 
4.242641 
2.061553 
2.061553 
10.000000 
10.000000 
8.015610 
8.015610 
1.581139 
1.581139 
0.707107 
0.707107 
4.031129 
4.031129 
1.414214 
1.414214 
0.707107 
0.707107 
0.707107 
0.707107 
2.236068 
2.236068 
2.000000 
2.000000 
0.000000 
0.000000 
0.000000 
0.000000 
0.000000 
0.000000 
0.000000 
0.000000 
8.514693 
8.514693 
2.061553 
2.061553 
10.000000 
10.000000 
3.354102 
3.354102 
1.581139 
1.581139 
0.707107 
0.707107 
4.031129 
4.031129 
1.414214 
1.414214 
0.707107 
0.707107 
4.031129 
4.031129 
2.236068 
2.236068 
2.000000 
2.000000 
0.000000 
0.000000 
0.000000 
0.000000 
2.061553 
2.061553 
0.500000 
0.500000 
0.000000 
0.000000 
3.000000 
3.000000 
2.061553 
2.061553 
10.000000 
10.000000 
9.500000 
9.500000 
1.581139 
1.581139 
0.707107 
0.707107 
4.031129 
4.031129 
1.414214 
1.414214 
0.707107 
0.707107 
4.031129 
4.031129 
2.236068 
2.236068 
2.000000 
2.000000 
3.535534 
3.535534 
0.000000 
0.000000 
2.061553 
2.061553 
1.000000 
1.000000 
0.000000 
0.000000 
3.000000 
3.000000 
2.061553 
2.061553 
10.000000 
10.000000 
3.041381 
3.041381 
1.581139 
1.581139 
4.031129 
4.031129 
0.707107 
0.707107 
4.031129 
4.031129 
2.236068 
2.236068 
2.000000 
2.000000 
3.535534 
3.535534 
0.000000 
0.000000 
2.061553 
2.061553 
1.581139 
1.581139 
0.000000 
0.000000 
3.000000 
3.000000 
2.061553 
2.061553 
10.000000 
10.000000 
2.236068 
2.236068 
1.581139 
1.581139 
4.031129 
4.031129 
0.707107 
0.707107 
4.031129 
4.031129 
2.236068 
2.236068 
2.000000 
2.000000 
3.535534 
3.535534 
0.000000 
0.000000 
2.061553 
2.061553 
1.414214 
1.414214 
0.000000 
0.000000 
3.000000 
3.000000 
2.061553 
2.061553 
10.000000 
10.000000 
10.606602 
10.606602 
1.581139 
1.581139 
4.031129 
4.031129 
0.707107 
0.707107 
4.031129 
4.031129 
2.000000 
2.000000 
0.000000 
0.000000 
3.535534 
3.535534 
0.000000 
0.000000 
2.061553 
2.061553 
9.513149 
9.513149 
0.000000 
0.000000 
3.000000 
3.000000 
2.061553 
2.061553 
10.000000 
10.000000 
2.549510 
2.549510 
1.581139 
1.581139 
4.031129 
4.031129 
0.707107 
0.707107 
4.031129 
4.031129 
2.000000 
2.000000 
3.535534 
3.535534 
3.535534 
3.535534 
0.000000 
0.000000 
2.061553 
2.061553 
1.414214 
1.414214 
0.000000 
0.000000 
3.000000 
3.000000 
2.061553 
2.061553 
10.000000 
10.000000 
3.354102 
3.354102 
1.581139 
1.581139 
0.707107 
0.707107 
4.031129 
4.031129 
2.000000 
2.000000 
6.020797 
6.020797 
3.535534 
3.535534 
0.000000 
0.000000 
2.061553 
2.061553 
6.184658 
6.184658 
0.000000 
0.000000 
3.000000 
3.000000 
2.061553 
2.061553 
10.000000 
10.000000 
6.082763 
6.082763 
1.581139 
1.581139 
0.707107 
0.707107 
4.031129 
4.031129 
2.000000 
2.000000 
6.020797 
6.020797 
3.535534 
3.535534 
0.000000 
0.000000 
2.061553 
2.061553 
0.707107 
0.707107 
0.000000 
0.000000 
3.000000 
3.000000 
2.061553 
2.061553 
10.000000 
10.000000 
1.118034 
1.118034 
1.581139 
1.581139 
4.031129 
4.031129 
2.000000 
2.000000 
0.000000 
0.000000 
6.020797 
6.020797 
3.535534 
3.535534 
0.000000 
0.000000 
2.061553 
2.061553 
1.118034 
1.118034 
0.000000 
0.000000 
3.000000 
3.000000 
2.061553 
2.061553 
10.000000 
10.000000 
1.000000 
1.000000 
1.581139 
1.581139 
4.031129 
4.031129 
2.000000 
2.000000 
1.000000 
1.000000 
6.020797 
6.020797 
3.535534 
3.535534 
0.000000 
0.000000 
2.061553 
2.061553 
0.500000 
0.500000 
0.000000 
0.000000 
3.000000 
3.000000 
2.061553 
2.061553 
10.000000 
10.000000 
0.707107 
0.707107 
1.581139 
1.581139 
4.031129 
4.031129 
2.000000 
2.000000 
1.581139 
1.581139 
6.020797 
6.020797 
3.535534 
3.535534 
0.000000 
0.000000 
2.061553 
2.061553 
1.118034 
1.118034 
0.000000 
0.000000 
3.000000 
3.000000 
2.061553 
2.061553 
10.000000 
10.000000 
0.000000 
0.000000 
1.581139 
1.581139 
4.031129 
4.031129 
2.000000 
2.000000 
0.000000 
0.000000 
1.500000 
1.500000 
6.020797 
6.020797 
3.535534 
3.535534 
0.000000 
0.000000 
2.061553 
2.061553 
0.000000 
0.000000 
0.000000 
0.000000 
3.000000 
3.000000 
2.061553 
2.061553 
10.000000 
10.000000 
0.707107 
0.707107 
1.581139 
1.581139 
4.031129 
4.031129 
0.707107 
0.707107 
0.500000 
0.500000 
6.020797 
6.020797 
3.535534 
3.535534 
0.000000 
0.000000 
2.061553 
2.061553 
0.707107 
0.707107 
0.000000 
0.000000 
3.000000 
3.000000 
2.061553 
2.061553 
0.707107 
0.707107 
1.581139 
1.581139 
4.031129 
4.031129 
1.118034 
1.118034 
1.118034 
1.118034 
6.020797 
6.020797 
3.535534 
3.535534 
0.000000 
0.000000 
2.061553 
2.061553 
0.000000 
0.000000 
3.000000 
3.000000 
1.500000 
1.500000 
4.031129 
4.031129 
0.707107 
0.707107 
0.500000 
0.500000 
6.020797 
6.020797 
3.535534 
3.535534 
2.061553 
2.061553 
1.000000 
1.000000 
3.000000 
3.000000 
5.000000 
5.000000 
