0.000000 
0.000000 
0.000000 
0.000000 
0.000000 
0.000000 
0.000000 
0.000000 
0.000000 
0.000000 
0.000000 
0.000000 
1.118034 
1.118034 
0.707107 
0.707107 
0.000000 
0.000000 
0.500000 
0.500000 
18.062392 
18.062392 
0.000000 
0.000000 
0.000000 
0.000000 
0.500000 
0.500000 
1.500000 
1.500000 
2.549510 
2.549510 
0.500000 
0.500000 
2.000000 
2.000000 
3.640055 
3.640055 
0.000000 
0.000000 
0.500000 
0.500000 
1.581139 
1.581139 
1.500000 
1.500000 
2.549510 
2.549510 
1.118034 
1.118034 
2.061553 
2.061553 
8.062258 
8.062258 
0.000000 
0.000000 
12.539936 
12.539936 
1.500000 
1.500000 
7.017834 
7.017834 
1.500000 
1.500000 
2.549510 
2.549510 
7.516648 
7.516648 
3.640055 
3.640055 
4.123106 
4.123106 
2.061553 
2.061553 
2.500000 
2.500000 
2.061553 
2.061553 
11.280514 
11.280514 
1.500000 
1.500000 
2.549510 
2.549510 
2.549510 
2.549510 
9.486833 
9.486833 
1.500000 
1.500000 
0.000000 
0.000000 
2.061553 
2.061553 
1.581139 
1.581139 
2.121320 
2.121320 
11.280514 
11.280514 
1.500000 
1.500000 
2.549510 
2.549510 
2.549510 
2.549510 
1.802776 
1.802776 
18.788294 
18.788294 
0.000000 
0.000000 
0.000000 
0.000000 
0.000000 
0.000000 
2.061553 
2.061553 
8.631338 
8.631338 
2.121320 
2.121320 
11.280514 
11.280514 
1.500000 
1.500000 
2.549510 
2.549510 
2.549510 
2.549510 
1.802776 
1.802776 
4.609772 
4.609772 
2.828427 
2.828427 
1.802776 
1.802776 
0.000000 
0.000000 
2.061553 
2.061553 
1.118034 
1.118034 
2.121320 
2.121320 
11.280514 
11.280514 
1.500000 
1.500000 
2.549510 
2.549510 
2.549510 
2.549510 
1.802776 
1.802776 
3.354102 
3.354102 
0.000000 
0.000000 
5.220153 
5.220153 
1.802776 
1.802776 
0.000000 
0.000000 
2.061553 
2.061553 
3.201562 
3.201562 
2.121320 
2.121320 
11.280514 
11.280514 
1.500000 
1.500000 
2.549510 
2.549510 
2.549510 
2.549510 
1.802776 
1.802776 
0.707107 
0.707107 
0.000000 
0.000000 
0.000000 
0.000000 
0.000000 
0.000000 
5.000000 
5.000000 
1.802776 
1.802776 
0.000000 
0.000000 
2.061553 
2.061553 
3.201562 
3.201562 
2.121320 
2.121320 
11.280514 
11.280514 
1.500000 
1.500000 
2.549510 
2.549510 
2.549510 
2.549510 
9.124144 
9.124144 
0.500000 
0.500000 
0.000000 
0.000000 
1.802776 
1.802776 
0.000000 
0.000000 
12.509996 
12.509996 
1.802776 
1.802776 
0.000000 
0.000000 
2.061553 
2.061553 
3.201562 
3.201562 
2.121320 
2.121320 
11.280514 
11.280514 
1.500000 
1.500000 
2.549510 
2.549510 
2.549510 
2.549510 
0.500000 
0.500000 
2.061553 
2.061553 
0.000000 
0.000000 
0.000000 
0.000000 
0.000000 
0.000000 
0.000000 
0.000000 
2.500000 
2.500000 
1.802776 
1.802776 
0.000000 
0.000000 
2.061553 
2.061553 
3.201562 
3.201562 
2.121320 
2.121320 
11.280514 
11.280514 
1.500000 
1.500000 
2.549510 
2.549510 
2.549510 
2.549510 
1.118034 
1.118034 
3.535534 
3.535534 
0.500000 
0.500000 
0.000000 
0.000000 
0.707107 
0.707107 
0.000000 
0.000000 
2.061553 
2.061553 
1.802776 
1.802776 
0.000000 
0.000000 
2.061553 
2.061553 
3.201562 
3.201562 
2.121320 
2.121320 
11.280514 
11.280514 
1.500000 
1.500000 
2.549510 
2.549510 
2.549510 
2.549510 
1.000000 
1.000000 
13.038405 
13.038405 
0.000000 
0.000000 
0.500000 
0.500000 
0.000000 
0.000000 
1.000000 
1.000000 
0.000000 
0.000000 
0.707107 
0.707107 
1.802776 
1.802776 
0.000000 
0.000000 
2.061553 
2.061553 
3.201562 
3.201562 
2.121320 
2.121320 
11.280514 
11.280514 
1.500000 
1.500000 
2.549510 
2.549510 
2.549510 
2.549510 
0.500000 
0.500000 
6.519202 
6.519202 
7.566373 
7.566373 
0.500000 
0.500000 
0.000000 
0.000000 
1.000000 
1.000000 
0.000000 
0.000000 
1.000000 
1.000000 
1.802776 
1.802776 
0.000000 
0.000000 
2.061553 
2.061553 
3.201562 
3.201562 
2.121320 
2.121320 
11.280514 
11.280514 
1.500000 
1.500000 
2.549510 
2.549510 
2.549510 
2.549510 
0.500000 
0.500000 
6.324555 
6.324555 
1.118034 
1.118034 
0.500000 
0.500000 
0.000000 
0.000000 
1.500000 
1.500000 
0.000000 
0.000000 
1.118034 
1.118034 
1.802776 
1.802776 
0.000000 
0.000000 
2.061553 
2.061553 
3.201562 
3.201562 
2.121320 
2.121320 
11.280514 
11.280514 
1.500000 
1.500000 
2.549510 
2.549510 
2.549510 
2.549510 
0.707107 
0.707107 
6.324555 
6.324555 
0.500000 
0.500000 
0.500000 
0.500000 
0.000000 
0.000000 
1.118034 
1.118034 
0.000000 
0.000000 
0.000000 
0.000000 
1.802776 
1.802776 
0.000000 
0.000000 
2.061553 
2.061553 
3.201562 
3.201562 
2.121320 
2.121320 
11.280514 
11.280514 
2.549510 
2.549510 
0.500000 
0.500000 
6.324555 
6.324555 
5.522681 
5.522681 
0.500000 
0.500000 
0.000000 
0.000000 
9.219544 
9.219544 
0.000000 
0.000000 
0.500000 
0.500000 
1.802776 
1.802776 
0.000000 
0.000000 
2.061553 
2.061553 
3.201562 
3.201562 
2.121320 
2.121320 
11.280514 
11.280514 
2.549510 
2.549510 
1.118034 
1.118034 
6.324555 
6.324555 
3.201562 
3.201562 
0.500000 
0.500000 
0.000000 
0.000000 
9.219544 
9.219544 
10.049876 
10.049876 
0.500000 
0.500000 
1.802776 
1.802776 
0.000000 
0.000000 
2.061553 
2.061553 
3.201562 
3.201562 
2.121320 
2.121320 
11.280514 
11.280514 
2.549510 
2.549510 
0.500000 
0.500000 
6.324555 
6.324555 
0.000000 
0.000000 
3.201562 
3.201562 
0.500000 
0.500000 
0.000000 
0.000000 
9.219544 
9.219544 
0.707107 
0.707107 
19.962465 
19.962465 
10.124228 
10.124228 
0.000000 
0.000000 
3.201562 
3.201562 
2.121320 
2.121320 
2.549510 
2.549510 
0.500000 
0.500000 
6.324555 
6.324555 
0.000000 
0.000000 
9.394147 
9.394147 
0.500000 
0.500000 
0.000000 
0.000000 
9.219544 
9.219544 
0.500000 
0.500000 
3.000000 
3.000000 
7.017834 
7.017834 
3.201562 
3.201562 
0.707107 
0.707107 
6.324555 
6.324555 
0.000000 
0.000000 
13.509256 
13.509256 
0.500000 
0.500000 
0.000000 
0.000000 
9.219544 
9.219544 
1.581139 
1.581139 
2.549510 
2.549510 
0.000000 
0.000000 
3.201562 
3.201562 
0.000000 
0.000000 
6.324555 
6.324555 
0.000000 
0.000000 
0.500000 
0.500000 
0.500000 
0.500000 
0.000000 
0.000000 
9.219544 
9.219544 
7.500000 
7.500000 
1.000000 
1.000000 
0.707107 
0.707107 
6.082763 
6.082763 
0.707107 
0.707107 
6.324555 
6.324555 
0.000000 
0.000000 
0.000000 
0.000000 
0.500000 
0.500000 
0.500000 
0.500000 
0.000000 
0.000000 
2.915476 
2.915476 
7.500000 
7.500000 
1.118034 
1.118034 
0.500000 
0.500000 
1.802776 
1.802776 
0.000000 
0.000000 
6.324555 
6.324555 
1.118034 
1.118034 
0.000000 
0.000000 
0.500000 
0.500000 
0.500000 
0.500000 
0.000000 
0.000000 
7.500000 
7.500000 
2.500000 
2.500000 
1.000000 
1.000000 
0.000000 
0.000000 
0.000000 
0.000000 
6.324555 
6.324555 
1.000000 
1.000000 
0.000000 
0.000000 
1.000000 
1.000000 
0.500000 
0.500000 
0.000000 
0.000000 
7.500000 
7.500000 
27.018512 
27.018512 
8.000000 
8.000000 
0.000000 
0.000000 
0.000000 
0.000000 
6.324555 
6.324555 
0.000000 
0.000000 
3.041381 
3.041381 
2.061553 
2.061553 
0.500000 
0.500000 
1.802776 
1.802776 
7.500000 
7.500000 
0.707107 
0.707107 
1.000000 
1.000000 
1.581139 
1.581139 
0.707107 
0.707107 
6.324555 
6.324555 
1.118034 
1.118034 
3.041381 
3.041381 
2.236068 
2.236068 
1.802776 
1.802776 
9.486833 
9.486833 
2.061553 
2.061553 
1.500000 
1.500000 
1.802776 
1.802776 
0.500000 
0.500000 
6.324555 
6.324555 
0.000000 
0.000000 
14.577380 
14.577380 
3.041381 
3.041381 
7.017834 
7.017834 
11.401754 
11.401754 
9.486833 
9.486833 
21.505813 
21.505813 
1.000000 
1.000000 
7.566373 
7.566373 
0.500000 
0.500000 
6.324555 
6.324555 
1.000000 
1.000000 
6.946222 
6.946222 
3.041381 
3.041381 
1.581139 
1.581139 
1.118034 
1.118034 
9.486833 
9.486833 
2.549510 
2.549510 
1.802776 
1.802776 
1.414214 
1.414214 
1.118034 
1.118034 
1.118034 
1.118034 
2.121320 
2.121320 
3.041381 
3.041381 
13.536986 
13.536986 
2.692582 
2.692582 
9.486833 
9.486833 
2.061553 
2.061553 
1.118034 
1.118034 
2.915476 
2.915476 
1.414214 
1.414214 
1.118034 
1.118034 
1.581139 
1.581139 
3.041381 
3.041381 
1.802776 
1.802776 
8.015610 
8.015610 
9.486833 
9.486833 
4.031129 
4.031129 
1.118034 
1.118034 
2.549510 
2.549510 
1.414214 
1.414214 
0.000000 
0.000000 
1.118034 
1.118034 
1.802776 
1.802776 
3.041381 
3.041381 
1.802776 
1.802776 
4.609772 
4.609772 
9.486833 
9.486833 
6.576473 
6.576473 
1.118034 
1.118034 
9.617692 
9.617692 
2.121320 
2.121320 
1.802776 
1.802776 
1.118034 
1.118034 
13.038405 
13.038405 
3.041381 
3.041381 
1.802776 
1.802776 
2.236068 
2.236068 
9.486833 
9.486833 
0.000000 
0.000000 
1.118034 
1.118034 
5.522681 
5.522681 
7.566373 
7.566373 
15.132746 
15.132746 
1.118034 
1.118034 
2.692582 
2.692582 
3.041381 
3.041381 
1.802776 
1.802776 
2.236068 
2.236068 
9.486833 
9.486833 
1.414214 
1.414214 
1.118034 
1.118034 
0.500000 
0.500000 
1.802776 
1.802776 
0.707107 
0.707107 
1.118034 
1.118034 
1.500000 
1.500000 
3.041381 
3.041381 
1.802776 
1.802776 
2.236068 
2.236068 
9.486833 
9.486833 
14.035669 
14.035669 
1.118034 
1.118034 
11.768602 
11.768602 
1.802776 
1.802776 
0.500000 
0.500000 
1.118034 
1.118034 
1.500000 
1.500000 
3.041381 
3.041381 
1.802776 
1.802776 
2.236068 
2.236068 
9.486833 
9.486833 
1.581139 
1.581139 
1.118034 
1.118034 
3.041381 
3.041381 
4.123106 
4.123106 
1.118034 
1.118034 
1.118034 
1.118034 
1.500000 
1.500000 
3.041381 
3.041381 
1.802776 
1.802776 
2.236068 
2.236068 
9.486833 
9.486833 
2.236068 
2.236068 
1.118034 
1.118034 
2.000000 
2.000000 
4.123106 
4.123106 
