0.000000 
0.000000 
1.118034 
1.118034 
1.000000 
1.000000 
1.000000 
1.000000 
1.000000 
1.000000 
1.000000 
1.000000 
1.000000 
1.000000 
1.000000 
1.000000 
1.000000 
1.000000 
1.000000 
1.000000 
1.000000 
1.000000 
1.000000 
1.000000 
1.000000 
1.000000 
1.000000 
1.000000 
1.000000 
1.000000 
1.000000 
1.000000 
1.000000 
1.000000 
0.000000 
0.000000 
0.000000 
0.000000 
0.000000 
0.000000 
9.055385 
9.055385 
0.707107 
0.707107 
0.707107 
0.707107 
2.121320 
2.121320 
0.500000 
0.500000 
0.500000 
0.500000 
1.118034 
1.118034 
1.500000 
1.500000 
1.118034 
1.118034 
1.000000 
1.000000 
2.000000 
2.000000 
0.500000 
0.500000 
1.118034 
1.118034 
0.500000 
0.500000 
6.082763 
6.082763 
1.000000 
1.000000 
1.581139 
1.581139 
0.707107 
0.707107 
1.581139 
1.581139 
0.500000 
0.500000 
1.000000 
1.000000 
1.000000 
1.000000 
1.414214 
1.414214 
0.500000 
0.500000 
0.000000 
0.000000 
1.118034 
1.118034 
8.062258 
8.062258 
0.707107 
0.707107 
0.500000 
0.500000 
0.707107 
0.707107 
7.615773 
7.615773 
6.500000 
6.500000 
0.000000 
0.000000 
0.707107 
0.707107 
7.615773 
7.615773 
1.000000 
1.000000 
0.000000 
0.000000 
0.000000 
0.000000 
7.615773 
7.615773 
0.707107 
0.707107 
0.000000 
0.000000 
0.500000 
0.500000 
5.099020 
5.099020 
0.500000 
0.500000 
0.000000 
0.000000 
0.000000 
0.000000 
1.118034 
1.118034 
1.000000 
1.000000 
0.000000 
0.000000 
0.000000 
0.000000 
1.000000 
1.000000 
0.000000 
0.000000 
0.000000 
0.000000 
1.118034 
1.118034 
1.000000 
1.000000 
0.500000 
0.500000 
0.000000 
0.000000 
0.500000 
0.500000 
1.000000 
1.000000 
0.500000 
0.500000 
