0.000000 
0.000000 
0.000000 
0.000000 
0.000000 
0.000000 
0.000000 
0.000000 
0.000000 
0.000000 
0.000000 
0.000000 
0.000000 
0.000000 
0.500000 
0.500000 
1.414214 
1.414214 
11.401754 
11.401754 
0.000000 
0.000000 
0.000000 
0.000000 
0.000000 
0.000000 
1.802776 
1.802776 
2.061553 
2.061553 
0.707107 
0.707107 
0.000000 
0.000000 
2.061553 
2.061553 
0.000000 
0.000000 
0.000000 
0.000000 
2.121320 
2.121320 
0.707107 
0.707107 
1.581139 
1.581139 
2.549510 
2.549510 
1.802776 
1.802776 
0.000000 
0.000000 
0.000000 
0.000000 
2.549510 
2.549510 
2.236068 
2.236068 
1.000000 
1.000000 
1.118034 
1.118034 
5.852350 
5.852350 
0.000000 
0.000000 
0.000000 
0.000000 
19.000000 
19.000000 
0.707107 
0.707107 
0.500000 
0.500000 
0.000000 
0.000000 
1.581139 
1.581139 
7.516648 
7.516648 
0.000000 
0.000000 
0.000000 
0.000000 
3.041381 
3.041381 
1.414214 
1.414214 
1.500000 
1.500000 
0.707107 
0.707107 
0.500000 
0.500000 
1.000000 
1.000000 
0.000000 
0.000000 
0.000000 
0.000000 
2.000000 
2.000000 
1.414214 
1.414214 
8.000000 
8.000000 
0.500000 
0.500000 
0.707107 
0.707107 
1.000000 
1.000000 
0.000000 
0.000000 
0.000000 
0.000000 
0.500000 
0.500000 
1.414214 
1.414214 
5.830952 
5.830952 
0.500000 
0.500000 
0.500000 
0.500000 
1.000000 
1.000000 
0.000000 
0.000000 
0.000000 
0.000000 
1.118034 
1.118034 
20.223748 
20.223748 
5.500000 
5.500000 
0.500000 
0.500000 
0.500000 
0.500000 
1.000000 
1.000000 
0.000000 
0.000000 
0.000000 
0.000000 
1.581139 
1.581139 
16.507574 
16.507574 
0.707107 
0.707107 
0.500000 
0.500000 
0.500000 
0.500000 
1.000000 
1.000000 
0.000000 
0.000000 
0.000000 
0.000000 
27.294688 
27.294688 
16.507574 
16.507574 
0.707107 
0.707107 
0.500000 
0.500000 
0.500000 
0.500000 
1.000000 
1.000000 
0.000000 
0.000000 
0.000000 
0.000000 
32.638168 
32.638168 
6.800735 
6.800735 
0.500000 
0.500000 
0.500000 
0.500000 
0.500000 
0.500000 
1.000000 
1.000000 
0.000000 
0.000000 
0.000000 
0.000000 
16.530275 
16.530275 
1.118034 
1.118034 
1.118034 
1.118034 
0.500000 
0.500000 
0.500000 
0.500000 
1.000000 
1.000000 
0.000000 
0.000000 
0.000000 
0.000000 
0.707107 
0.707107 
1.000000 
1.000000 
1.802776 
1.802776 
0.500000 
0.500000 
0.500000 
0.500000 
1.000000 
1.000000 
0.707107 
0.707107 
2.061553 
2.061553 
1.118034 
1.118034 
0.500000 
0.500000 
0.500000 
0.500000 
1.000000 
1.000000 
0.500000 
0.500000 
2.500000 
2.500000 
2.061553 
2.061553 
0.500000 
0.500000 
0.500000 
0.500000 
1.000000 
1.000000 
12.041595 
12.041595 
3.041381 
3.041381 
1.581139 
1.581139 
0.500000 
0.500000 
0.500000 
0.500000 
1.000000 
1.000000 
1.500000 
1.500000 
2.000000 
2.000000 
1.802776 
1.802776 
0.500000 
0.500000 
0.500000 
0.500000 
1.000000 
1.000000 
1.802776 
1.802776 
2.500000 
2.500000 
1.802776 
1.802776 
0.500000 
0.500000 
0.500000 
0.500000 
1.000000 
1.000000 
0.000000 
0.000000 
1.802776 
1.802776 
1.802776 
1.802776 
0.500000 
0.500000 
0.500000 
0.500000 
1.000000 
1.000000 
1.802776 
1.802776 
2.692582 
2.692582 
1.802776 
1.802776 
0.000000 
0.000000 
0.500000 
0.500000 
0.500000 
0.500000 
2.549510 
2.549510 
4.527693 
4.527693 
1.802776 
1.802776 
0.500000 
0.500000 
0.500000 
0.500000 
10.404326 
10.404326 
3.535534 
3.535534 
1.802776 
1.802776 
0.500000 
0.500000 
0.707107 
0.707107 
1.802776 
1.802776 
1.802776 
1.802776 
0.500000 
0.500000 
0.500000 
0.500000 
1.581139 
1.581139 
1.802776 
1.802776 
0.500000 
0.500000 
5.700877 
5.700877 
1.118034 
1.118034 
1.802776 
1.802776 
0.500000 
0.500000 
8.514693 
8.514693 
2.500000 
2.500000 
1.802776 
1.802776 
0.500000 
0.500000 
2.500000 
2.500000 
4.031129 
4.031129 
1.802776 
1.802776 
0.500000 
0.500000 
8.077747 
8.077747 
3.535534 
3.535534 
1.802776 
1.802776 
0.500000 
0.500000 
3.500000 
3.500000 
2.692582 
2.692582 
1.802776 
1.802776 
0.500000 
0.500000 
3.500000 
3.500000 
1.118034 
1.118034 
1.802776 
1.802776 
0.000000 
0.000000 
0.500000 
0.500000 
4.000000 
4.000000 
1.000000 
1.000000 
1.802776 
1.802776 
1.000000 
1.000000 
0.500000 
0.500000 
2.549510 
2.549510 
1.802776 
1.802776 
2.500000 
2.500000 
0.500000 
0.500000 
9.013878 
9.013878 
1.802776 
1.802776 
2.500000 
2.500000 
9.013878 
9.013878 
11.335784 
11.335784 
4.527693 
4.527693 
2.500000 
2.500000 
9.013878 
9.013878 
1.414214 
1.414214 
4.527693 
4.527693 
0.000000 
0.000000 
2.500000 
2.500000 
9.013878 
9.013878 
1.118034 
1.118034 
18.172782 
18.172782 
1.414214 
1.414214 
2.500000 
2.500000 
9.013878 
9.013878 
0.707107 
0.707107 
1.581139 
1.581139 
