0.000000 
0.000000 
0.000000 
0.000000 
0.000000 
0.000000 
0.000000 
0.000000 
2.000000 
2.000000 
0.000000 
0.000000 
8.860023 
8.860023 
0.000000 
0.000000 
0.500000 
0.500000 
4.272002 
4.272002 
2.000000 
2.000000 
0.000000 
0.000000 
4.301163 
4.301163 
0.000000 
0.000000 
1.000000 
1.000000 
8.015610 
8.015610 
0.000000 
0.000000 
4.500000 
4.500000 
9.340771 
9.340771 
2.549510 
2.549510 
2.061553 
2.061553 
0.000000 
0.000000 
1.581139 
1.581139 
1.581139 
1.581139 
7.382412 
7.382412 
3.041381 
3.041381 
0.000000 
0.000000 
7.158911 
7.158911 
2.500000 
2.500000 
6.964194 
6.964194 
9.500000 
9.500000 
0.000000 
0.000000 
7.158911 
7.158911 
2.061553 
2.061553 
4.031129 
4.031129 
1.500000 
1.500000 
0.000000 
0.000000 
7.158911 
7.158911 
8.732125 
8.732125 
14.221463 
14.221463 
3.000000 
3.000000 
0.000000 
0.000000 
7.158911 
7.158911 
2.000000 
2.000000 
3.640055 
3.640055 
2.000000 
2.000000 
0.000000 
0.000000 
7.158911 
7.158911 
1.500000 
1.500000 
2.121320 
2.121320 
6.000000 
6.000000 
0.000000 
0.000000 
7.158911 
7.158911 
10.000000 
10.000000 
1.581139 
1.581139 
4.609772 
4.609772 
0.000000 
0.000000 
7.158911 
7.158911 
1.802776 
1.802776 
1.581139 
1.581139 
5.852350 
5.852350 
0.000000 
0.000000 
7.158911 
7.158911 
2.061553 
2.061553 
3.162278 
3.162278 
4.609772 
4.609772 
0.000000 
0.000000 
7.158911 
7.158911 
2.500000 
2.500000 
1.118034 
1.118034 
2.061553 
2.061553 
7.158911 
7.158911 
9.013878 
9.013878 
5.024938 
5.024938 
1.802776 
1.802776 
7.158911 
7.158911 
2.000000 
2.000000 
3.605551 
3.605551 
1.118034 
1.118034 
7.158911 
7.158911 
0.000000 
0.000000 
12.000000 
12.000000 
3.201562 
3.201562 
1.118034 
1.118034 
7.158911 
7.158911 
1.500000 
1.500000 
0.707107 
0.707107 
1.500000 
1.500000 
1.118034 
1.118034 
7.158911 
7.158911 
0.000000 
0.000000 
3.041381 
3.041381 
2.000000 
2.000000 
0.500000 
0.500000 
1.118034 
1.118034 
7.158911 
7.158911 
3.000000 
3.000000 
8.514693 
8.514693 
2.061553 
2.061553 
1.581139 
1.581139 
1.118034 
1.118034 
0.000000 
0.000000 
0.000000 
0.000000 
0.000000 
0.000000 
3.000000 
3.000000 
1.802776 
1.802776 
1.500000 
1.500000 
3.041381 
3.041381 
1.118034 
1.118034 
0.000000 
0.000000 
2.061553 
2.061553 
11.543396 
11.543396 
3.000000 
3.000000 
3.000000 
3.000000 
1.581139 
1.581139 
7.017834 
7.017834 
3.354102 
3.354102 
1.118034 
1.118034 
1.414214 
1.414214 
1.414214 
1.414214 
2.549510 
2.549510 
2.061553 
2.061553 
3.000000 
3.000000 
1.581139 
1.581139 
1.500000 
1.500000 
11.715375 
11.715375 
1.118034 
1.118034 
2.061553 
2.061553 
0.707107 
0.707107 
4.031129 
4.031129 
6.000000 
6.000000 
3.000000 
3.000000 
1.581139 
1.581139 
1.118034 
1.118034 
6.184658 
6.184658 
1.118034 
1.118034 
2.000000 
2.000000 
1.118034 
1.118034 
2.828427 
2.828427 
1.414214 
1.414214 
3.000000 
3.000000 
1.581139 
1.581139 
0.500000 
0.500000 
1.581139 
1.581139 
1.118034 
1.118034 
1.118034 
1.118034 
7.017834 
7.017834 
2.500000 
2.500000 
1.500000 
1.500000 
3.000000 
3.000000 
1.581139 
1.581139 
1.118034 
1.118034 
1.500000 
1.500000 
1.118034 
1.118034 
6.519202 
6.519202 
7.017834 
7.017834 
4.272002 
4.272002 
2.000000 
2.000000 
3.000000 
3.000000 
1.581139 
1.581139 
1.000000 
1.000000 
1.581139 
1.581139 
1.118034 
1.118034 
1.414214 
1.414214 
7.017834 
7.017834 
3.640055 
3.640055 
2.061553 
2.061553 
3.000000 
3.000000 
1.581139 
1.581139 
1.414214 
1.414214 
1.581139 
1.581139 
1.118034 
1.118034 
0.000000 
0.000000 
1.000000 
1.000000 
7.017834 
7.017834 
3.807887 
3.807887 
3.807887 
3.807887 
3.000000 
3.000000 
1.581139 
1.581139 
1.118034 
1.118034 
0.500000 
0.500000 
1.118034 
1.118034 
0.000000 
0.000000 
1.118034 
1.118034 
0.500000 
0.500000 
4.472136 
4.472136 
7.566373 
7.566373 
1.000000 
1.000000 
3.000000 
3.000000 
1.581139 
1.581139 
7.000000 
7.000000 
1.118034 
1.118034 
1.118034 
1.118034 
1.000000 
1.000000 
1.581139 
1.581139 
3.000000 
3.000000 
1.118034 
1.118034 
3.605551 
3.605551 
0.707107 
0.707107 
3.000000 
3.000000 
1.581139 
1.581139 
0.500000 
0.500000 
1.414214 
1.414214 
1.500000 
1.500000 
1.581139 
1.581139 
0.707107 
0.707107 
1.118034 
1.118034 
2.692582 
2.692582 
4.031129 
4.031129 
3.000000 
3.000000 
1.581139 
1.581139 
0.000000 
0.000000 
9.500000 
9.500000 
1.802776 
1.802776 
1.802776 
1.802776 
1.118034 
1.118034 
1.118034 
1.118034 
1.118034 
1.118034 
1.581139 
1.581139 
3.000000 
3.000000 
1.581139 
1.581139 
0.500000 
0.500000 
1.118034 
1.118034 
1.118034 
1.118034 
1.118034 
1.118034 
2.061553 
2.061553 
1.118034 
1.118034 
5.024938 
5.024938 
1.581139 
1.581139 
3.000000 
3.000000 
1.581139 
1.581139 
1.414214 
1.414214 
1.118034 
1.118034 
1.118034 
1.118034 
1.118034 
1.118034 
1.118034 
1.118034 
1.118034 
1.118034 
4.743416 
4.743416 
1.802776 
1.802776 
1.581139 
1.581139 
1.118034 
1.118034 
1.000000 
1.000000 
1.118034 
1.118034 
4.500000 
4.500000 
6.020797 
6.020797 
1.118034 
1.118034 
6.020797 
6.020797 
2.828427 
2.828427 
1.581139 
1.581139 
1.118034 
1.118034 
1.414214 
1.414214 
1.118034 
1.118034 
0.500000 
0.500000 
4.527693 
4.527693 
1.118034 
1.118034 
4.500000 
4.500000 
2.500000 
2.500000 
1.118034 
1.118034 
0.500000 
0.500000 
