0.000000 
0.000000 
0.000000 
0.000000 
0.000000 
0.000000 
0.000000 
0.000000 
1.000000 
1.000000 
1.000000 
1.000000 
1.414214 
1.414214 
0.500000 
0.500000 
2.000000 
2.000000 
1.118034 
1.118034 
8.381527 
8.381527 
6.082763 
6.082763 
1.802776 
1.802776 
0.500000 
0.500000 
8.276473 
8.276473 
7.500000 
7.500000 
6.519202 
6.519202 
0.500000 
0.500000 
8.139410 
8.139410 
2.500000 
2.500000 
3.041381 
3.041381 
1.581139 
1.581139 
1.118034 
1.118034 
3.640055 
3.640055 
4.609772 
4.609772 
2.236068 
2.236068 
0.707107 
0.707107 
3.041381 
3.041381 
3.354102 
3.354102 
2.061553 
2.061553 
0.500000 
0.500000 
3.354102 
3.354102 
16.031220 
16.031220 
2.500000 
2.500000 
1.118034 
1.118034 
2.061553 
2.061553 
4.527693 
4.527693 
5.024938 
5.024938 
1.118034 
1.118034 
3.162278 
3.162278 
5.522681 
5.522681 
2.061553 
2.061553 
1.118034 
1.118034 
4.609772 
4.609772 
14.713939 
14.713939 
2.500000 
2.500000 
1.118034 
1.118034 
8.062258 
8.062258 
5.656854 
5.656854 
2.500000 
2.500000 
1.118034 
1.118034 
3.905125 
3.905125 
4.527693 
4.527693 
1.500000 
1.500000 
1.118034 
1.118034 
3.162278 
3.162278 
0.000000 
0.000000 
2.549510 
2.549510 
1.000000 
1.000000 
1.118034 
1.118034 
11.045361 
11.045361 
1.118034 
1.118034 
4.242641 
4.242641 
3.162278 
3.162278 
1.118034 
1.118034 
3.041381 
3.041381 
1.118034 
1.118034 
2.500000 
2.500000 
1.118034 
1.118034 
1.118034 
1.118034 
6.000000 
6.000000 
1.118034 
1.118034 
1.802776 
1.802776 
1.118034 
1.118034 
1.118034 
1.118034 
5.700877 
5.700877 
1.118034 
1.118034 
7.071068 
7.071068 
1.000000 
1.000000 
1.118034 
1.118034 
1.500000 
1.500000 
1.118034 
1.118034 
1.581139 
1.581139 
1.000000 
1.000000 
1.118034 
1.118034 
2.236068 
2.236068 
1.118034 
1.118034 
2.500000 
2.500000 
1.118034 
1.118034 
1.118034 
1.118034 
1.802776 
1.802776 
1.118034 
1.118034 
2.500000 
2.500000 
3.041381 
3.041381 
1.118034 
1.118034 
2.549510 
2.549510 
1.118034 
1.118034 
1.581139 
1.581139 
0.500000 
0.500000 
1.118034 
1.118034 
2.549510 
2.549510 
1.118034 
1.118034 
2.236068 
2.236068 
1.000000 
1.000000 
7.017834 
7.017834 
1.118034 
1.118034 
1.118034 
1.118034 
0.000000 
0.000000 
4.716991 
4.716991 
1.118034 
1.118034 
1.581139 
1.581139 
1.118034 
1.118034 
1.802776 
1.802776 
1.118034 
1.118034 
2.500000 
2.500000 
0.500000 
0.500000 
0.707107 
0.707107 
1.118034 
1.118034 
4.242641 
4.242641 
0.500000 
0.500000 
2.500000 
2.500000 
1.118034 
1.118034 
1.581139 
1.581139 
1.000000 
1.000000 
2.236068 
2.236068 
1.118034 
1.118034 
0.707107 
0.707107 
1.000000 
1.000000 
2.236068 
2.236068 
0.707107 
0.707107 
0.707107 
0.707107 
13.152946 
13.152946 
0.707107 
0.707107 
0.500000 
0.500000 
10.511898 
10.511898 
0.707107 
0.707107 
0.707107 
0.707107 
10.511898 
10.511898 
0.707107 
0.707107 
0.500000 
0.500000 
10.511898 
10.511898 
21.783021 
21.783021 
0.500000 
0.500000 
10.511898 
10.511898 
21.783021 
21.783021 
1.000000 
1.000000 
10.511898 
10.511898 
21.783021 
21.783021 
0.000000 
0.000000 
10.511898 
10.511898 
21.783021 
21.783021 
0.500000 
0.500000 
10.511898 
10.511898 
0.000000 
0.000000 
21.783021 
21.783021 
1.000000 
1.000000 
10.511898 
10.511898 
