0.000000 
0.000000 
0.000000 
0.000000 
0.000000 
0.000000 
0.000000 
0.000000 
1.118034 
1.118034 
15.206906 
15.206906 
7.516648 
7.516648 
0.707107 
0.707107 
0.500000 
0.500000 
2.000000 
2.000000 
2.236068 
2.236068 
0.707107 
0.707107 
0.000000 
0.000000 
0.500000 
0.500000 
3.605551 
3.605551 
4.609772 
4.609772 
0.707107 
0.707107 
0.707107 
0.707107 
2.000000 
2.000000 
12.257651 
12.257651 
4.272002 
4.272002 
0.707107 
0.707107 
6.519202 
6.519202 
1.118034 
1.118034 
1.118034 
1.118034 
2.549510 
2.549510 
0.707107 
0.707107 
0.000000 
0.000000 
0.500000 
0.500000 
2.236068 
2.236068 
1.802776 
1.802776 
5.700877 
5.700877 
0.707107 
0.707107 
13.000000 
13.000000 
0.500000 
0.500000 
2.236068 
2.236068 
8.062258 
8.062258 
0.000000 
0.000000 
0.707107 
0.707107 
0.707107 
0.707107 
0.500000 
0.500000 
0.500000 
0.500000 
8.544004 
8.544004 
2.549510 
2.549510 
0.707107 
0.707107 
0.500000 
0.500000 
0.500000 
0.500000 
0.500000 
0.500000 
0.707107 
0.707107 
2.061553 
2.061553 
0.707107 
0.707107 
0.000000 
0.000000 
0.000000 
0.000000 
0.500000 
0.500000 
1.000000 
1.000000 
2.061553 
2.061553 
2.549510 
2.549510 
0.707107 
0.707107 
0.000000 
0.000000 
0.000000 
0.000000 
0.500000 
0.500000 
2.500000 
2.500000 
1.500000 
1.500000 
1.000000 
1.000000 
0.707107 
0.707107 
0.000000 
0.000000 
0.707107 
0.707107 
0.500000 
0.500000 
0.500000 
0.500000 
2.549510 
2.549510 
1.802776 
1.802776 
0.707107 
0.707107 
0.000000 
0.000000 
0.000000 
0.000000 
1.118034 
1.118034 
0.500000 
0.500000 
0.000000 
0.000000 
1.581139 
1.581139 
1.581139 
1.581139 
0.707107 
0.707107 
0.500000 
0.500000 
0.000000 
0.000000 
13.038405 
13.038405 
0.500000 
0.500000 
1.581139 
1.581139 
1.500000 
1.500000 
1.581139 
1.581139 
0.707107 
0.707107 
0.000000 
0.000000 
0.500000 
0.500000 
0.000000 
0.000000 
0.500000 
0.500000 
3.162278 
3.162278 
1.581139 
1.581139 
1.500000 
1.500000 
1.581139 
1.581139 
0.707107 
0.707107 
0.000000 
0.000000 
0.500000 
0.500000 
0.000000 
0.000000 
0.500000 
0.500000 
3.162278 
3.162278 
7.071068 
7.071068 
1.500000 
1.500000 
1.581139 
1.581139 
3.201562 
3.201562 
0.500000 
0.500000 
0.000000 
0.000000 
0.500000 
0.500000 
3.162278 
3.162278 
6.020797 
6.020797 
1.500000 
1.500000 
1.581139 
1.581139 
25.124689 
25.124689 
0.500000 
0.500000 
0.000000 
0.000000 
0.500000 
0.500000 
2.061553 
2.061553 
0.707107 
0.707107 
1.500000 
1.500000 
1.581139 
1.581139 
0.000000 
0.000000 
25.124689 
25.124689 
0.500000 
0.500000 
0.000000 
0.000000 
2.061553 
2.061553 
0.000000 
0.000000 
0.707107 
0.707107 
1.500000 
1.500000 
1.581139 
1.581139 
0.000000 
0.000000 
1.802776 
1.802776 
14.500000 
14.500000 
0.500000 
0.500000 
0.000000 
0.000000 
1.581139 
1.581139 
0.500000 
0.500000 
0.707107 
0.707107 
1.500000 
1.500000 
1.581139 
1.581139 
0.000000 
0.000000 
1.000000 
1.000000 
12.589678 
12.589678 
0.500000 
0.500000 
0.000000 
0.000000 
1.118034 
1.118034 
0.707107 
0.707107 
0.707107 
0.707107 
1.500000 
1.500000 
1.581139 
1.581139 
0.000000 
0.000000 
2.061553 
2.061553 
1.500000 
1.500000 
0.500000 
0.500000 
0.000000 
0.000000 
1.118034 
1.118034 
1.000000 
1.000000 
0.707107 
0.707107 
1.500000 
1.500000 
1.581139 
1.581139 
0.000000 
0.000000 
0.000000 
0.000000 
1.802776 
1.802776 
26.575365 
26.575365 
0.500000 
0.500000 
0.000000 
0.000000 
1.500000 
1.500000 
0.000000 
0.000000 
0.707107 
0.707107 
1.500000 
1.500000 
1.581139 
1.581139 
1.802776 
1.802776 
0.000000 
0.000000 
1.802776 
1.802776 
26.575365 
26.575365 
0.500000 
0.500000 
0.000000 
0.000000 
1.000000 
1.000000 
0.500000 
0.500000 
0.707107 
0.707107 
1.500000 
1.500000 
1.581139 
1.581139 
2.915476 
2.915476 
0.000000 
0.000000 
1.802776 
1.802776 
25.811819 
25.811819 
0.500000 
0.500000 
2.500000 
2.500000 
0.707107 
0.707107 
0.707107 
0.707107 
1.500000 
1.500000 
1.581139 
1.581139 
10.124228 
10.124228 
0.000000 
0.000000 
1.802776 
1.802776 
25.811819 
25.811819 
0.500000 
0.500000 
2.061553 
2.061553 
1.500000 
1.500000 
0.707107 
0.707107 
1.500000 
1.500000 
1.581139 
1.581139 
1.118034 
1.118034 
0.000000 
0.000000 
1.802776 
1.802776 
5.590170 
5.590170 
0.500000 
0.500000 
1.802776 
1.802776 
1.581139 
1.581139 
0.707107 
0.707107 
1.500000 
1.500000 
1.581139 
1.581139 
1.000000 
1.000000 
0.000000 
0.000000 
1.802776 
1.802776 
1.581139 
1.581139 
0.500000 
0.500000 
12.619429 
12.619429 
1.581139 
1.581139 
0.707107 
0.707107 
1.500000 
1.500000 
0.000000 
0.000000 
1.118034 
1.118034 
0.000000 
0.000000 
1.802776 
1.802776 
1.118034 
1.118034 
2.500000 
2.500000 
2.000000 
2.000000 
0.707107 
0.707107 
0.000000 
0.000000 
1.118034 
1.118034 
2.236068 
2.236068 
0.000000 
0.000000 
1.802776 
1.802776 
1.581139 
1.581139 
2.061553 
2.061553 
5.000000 
5.000000 
0.707107 
0.707107 
0.000000 
0.000000 
1.000000 
1.000000 
2.236068 
2.236068 
0.000000 
0.000000 
20.506097 
20.506097 
1.000000 
1.000000 
8.246211 
8.246211 
0.500000 
0.500000 
0.707107 
0.707107 
0.000000 
0.000000 
1.000000 
1.000000 
2.236068 
2.236068 
0.000000 
0.000000 
1.581139 
1.581139 
7.516648 
7.516648 
8.246211 
8.246211 
0.500000 
0.500000 
0.707107 
0.707107 
0.000000 
0.000000 
1.000000 
1.000000 
2.236068 
2.236068 
0.000000 
0.000000 
1.802776 
1.802776 
2.121320 
2.121320 
10.307764 
10.307764 
1.500000 
1.500000 
0.000000 
0.000000 
1.000000 
1.000000 
2.236068 
2.236068 
0.000000 
0.000000 
2.692582 
2.692582 
13.729530 
13.729530 
2.000000 
2.000000 
1.118034 
1.118034 
0.000000 
0.000000 
1.000000 
1.000000 
2.236068 
2.236068 
1.414214 
1.414214 
4.031129 
4.031129 
1.581139 
1.581139 
1.000000 
1.000000 
0.000000 
0.000000 
0.000000 
0.000000 
1.000000 
1.000000 
2.236068 
2.236068 
1.581139 
1.581139 
3.162278 
3.162278 
1.000000 
1.000000 
5.220153 
5.220153 
1.000000 
1.000000 
0.000000 
0.000000 
1.000000 
1.000000 
2.236068 
2.236068 
1.118034 
1.118034 
19.729420 
19.729420 
1.000000 
1.000000 
0.500000 
0.500000 
1.118034 
1.118034 
0.000000 
0.000000 
1.000000 
1.000000 
2.236068 
2.236068 
0.500000 
0.500000 
19.729420 
19.729420 
1.000000 
1.000000 
1.581139 
1.581139 
