0.000000 
0.000000 
0.000000 
0.000000 
1.802776 
1.802776 
2.061553 
2.061553 
2.500000 
2.500000 
6.082763 
6.082763 
2.500000 
2.500000 
2.061553 
2.061553 
2.500000 
2.500000 
5.590170 
5.590170 
2.500000 
2.500000 
0.500000 
0.500000 
2.500000 
2.500000 
1.118034 
1.118034 
2.500000 
2.500000 
0.500000 
0.500000 
2.500000 
2.500000 
0.500000 
0.500000 
0.000000 
0.000000 
2.500000 
2.500000 
0.500000 
0.500000 
1.500000 
1.500000 
11.672618 
11.672618 
0.500000 
0.500000 
1.500000 
1.500000 
1.500000 
1.500000 
0.500000 
0.500000 
1.000000 
1.000000 
1.500000 
1.500000 
0.500000 
0.500000 
2.121320 
2.121320 
1.500000 
1.500000 
0.500000 
0.500000 
15.628500 
15.628500 
1.500000 
1.500000 
0.500000 
0.500000 
4.031129 
4.031129 
1.500000 
1.500000 
0.500000 
0.500000 
1.802776 
1.802776 
1.500000 
1.500000 
0.500000 
0.500000 
1.118034 
1.118034 
1.500000 
1.500000 
0.500000 
0.500000 
3.905125 
3.905125 
1.500000 
1.500000 
0.500000 
0.500000 
3.905125 
3.905125 
1.500000 
1.500000 
0.500000 
0.500000 
3.905125 
3.905125 
1.500000 
1.500000 
0.500000 
0.500000 
3.905125 
3.905125 
1.500000 
1.500000 
0.500000 
0.500000 
3.905125 
3.905125 
1.500000 
1.500000 
0.000000 
0.000000 
3.905125 
3.905125 
1.500000 
1.500000 
2.000000 
2.000000 
3.905125 
3.905125 
1.500000 
1.500000 
6.500000 
6.500000 
3.905125 
3.905125 
1.500000 
1.500000 
3.500000 
3.500000 
3.905125 
3.905125 
3.201562 
3.201562 
3.905125 
3.905125 
8.062258 
8.062258 
3.905125 
3.905125 
3.535534 
3.535534 
3.905125 
3.905125 
2.828427 
2.828427 
3.905125 
3.905125 
1.500000 
1.500000 
3.905125 
3.905125 
0.500000 
0.500000 
3.905125 
3.905125 
0.707107 
0.707107 
3.905125 
3.905125 
0.500000 
0.500000 
0.500000 
0.500000 
0.500000 
0.500000 
0.500000 
0.500000 
0.500000 
0.500000 
