0.000000 
0.000000 
0.000000 
0.000000 
2.061553 
2.061553 
1.000000 
1.000000 
0.500000 
0.500000 
2.000000 
2.000000 
0.500000 
0.500000 
25.079872 
25.079872 
0.500000 
0.500000 
3.354102 
3.354102 
0.500000 
0.500000 
30.000000 
30.000000 
0.000000 
0.000000 
0.500000 
0.500000 
30.000000 
30.000000 
0.707107 
0.707107 
0.500000 
0.500000 
30.000000 
30.000000 
3.640055 
3.640055 
0.500000 
0.500000 
30.000000 
30.000000 
3.640055 
3.640055 
0.500000 
0.500000 
30.000000 
30.000000 
3.640055 
3.640055 
0.500000 
0.500000 
30.000000 
30.000000 
3.640055 
3.640055 
0.500000 
0.500000 
30.000000 
30.000000 
3.640055 
3.640055 
0.500000 
0.500000 
30.000000 
30.000000 
3.640055 
3.640055 
0.500000 
0.500000 
30.000000 
30.000000 
0.000000 
0.000000 
3.640055 
3.640055 
0.500000 
0.500000 
30.000000 
30.000000 
1.500000 
1.500000 
3.640055 
3.640055 
0.500000 
0.500000 
30.000000 
30.000000 
1.500000 
1.500000 
3.640055 
3.640055 
0.500000 
0.500000 
30.000000 
30.000000 
1.500000 
1.500000 
3.640055 
3.640055 
30.000000 
30.000000 
1.500000 
1.500000 
3.640055 
3.640055 
30.000000 
30.000000 
1.500000 
1.500000 
3.640055 
3.640055 
30.000000 
30.000000 
1.500000 
1.500000 
3.640055 
3.640055 
1.500000 
1.500000 
3.640055 
3.640055 
1.500000 
1.500000 
3.640055 
3.640055 
1.500000 
1.500000 
0.000000 
0.000000 
1.500000 
1.500000 
0.000000 
0.000000 
0.000000 
0.000000 
0.500000 
0.500000 
1.500000 
1.500000 
6.020797 
6.020797 
3.535534 
3.535534 
0.500000 
0.500000 
1.500000 
1.500000 
4.500000 
4.500000 
1.802776 
1.802776 
1.500000 
1.500000 
1.500000 
1.500000 
1.802776 
1.802776 
1.118034 
1.118034 
1.500000 
1.500000 
1.500000 
1.500000 
0.707107 
0.707107 
21.000000 
21.000000 
1.414214 
1.414214 
1.500000 
1.500000 
26.019224 
26.019224 
21.000000 
21.000000 
1.581139 
1.581139 
0.000000 
0.000000 
2.236068 
2.236068 
21.000000 
21.000000 
0.707107 
0.707107 
2.500000 
2.500000 
2.000000 
2.000000 
21.000000 
21.000000 
1.118034 
1.118034 
2.500000 
2.500000 
3.354102 
3.354102 
21.000000 
21.000000 
9.219544 
9.219544 
2.121320 
2.121320 
25.317978 
25.317978 
21.000000 
21.000000 
2.500000 
2.500000 
1.414214 
1.414214 
5.024938 
5.024938 
21.000000 
21.000000 
1.000000 
1.000000 
1.000000 
1.000000 
3.640055 
3.640055 
21.000000 
21.000000 
5.024938 
5.024938 
1.802776 
1.802776 
30.004166 
30.004166 
21.000000 
21.000000 
1.118034 
1.118034 
2.061553 
2.061553 
30.004166 
30.004166 
21.000000 
21.000000 
0.000000 
0.000000 
