0.000000 
0.000000 
0.000000 
0.000000 
0.000000 
0.000000 
0.000000 
0.000000 
0.000000 
0.000000 
1.118034 
1.118034 
2.000000 
2.000000 
2.000000 
2.000000 
1.414214 
1.414214 
1.000000 
1.000000 
1.118034 
1.118034 
1.118034 
1.118034 
2.236068 
2.236068 
2.000000 
2.000000 
11.543396 
11.543396 
0.500000 
0.500000 
1.581139 
1.581139 
1.802776 
1.802776 
3.041381 
3.041381 
1.802776 
1.802776 
1.000000 
1.000000 
1.581139 
1.581139 
0.707107 
0.707107 
4.123106 
4.123106 
1.414214 
1.414214 
0.707107 
0.707107 
1.118034 
1.118034 
1.118034 
1.118034 
3.535534 
3.535534 
0.500000 
0.500000 
0.707107 
0.707107 
1.118034 
1.118034 
2.061553 
2.061553 
1.000000 
1.000000 
4.123106 
4.123106 
0.707107 
0.707107 
10.606602 
10.606602 
1.500000 
1.500000 
3.041381 
3.041381 
1.581139 
1.581139 
0.707107 
0.707107 
2.549510 
2.549510 
1.118034 
1.118034 
2.549510 
2.549510 
0.500000 
0.500000 
0.707107 
0.707107 
6.082763 
6.082763 
2.061553 
2.061553 
3.000000 
3.000000 
2.549510 
2.549510 
0.707107 
0.707107 
2.061553 
2.061553 
6.500000 
6.500000 
16.124515 
16.124515 
0.500000 
0.500000 
0.707107 
0.707107 
2.061553 
2.061553 
1.118034 
1.118034 
11.401754 
11.401754 
2.692582 
2.692582 
0.000000 
0.000000 
0.707107 
0.707107 
2.061553 
2.061553 
1.500000 
1.500000 
4.031129 
4.031129 
3.041381 
3.041381 
0.000000 
0.000000 
0.707107 
0.707107 
2.061553 
2.061553 
1.118034 
1.118034 
4.000000 
4.000000 
23.021729 
23.021729 
0.000000 
0.000000 
0.707107 
0.707107 
2.061553 
2.061553 
1.581139 
1.581139 
3.162278 
3.162278 
2.692582 
2.692582 
0.000000 
0.000000 
0.000000 
0.000000 
0.707107 
0.707107 
2.061553 
2.061553 
1.118034 
1.118034 
17.500000 
17.500000 
3.162278 
3.162278 
0.000000 
0.000000 
0.000000 
0.000000 
0.707107 
0.707107 
2.061553 
2.061553 
0.707107 
0.707107 
1.118034 
1.118034 
1.581139 
1.581139 
1.118034 
1.118034 
0.000000 
0.000000 
0.707107 
0.707107 
2.061553 
2.061553 
0.500000 
0.500000 
1.118034 
1.118034 
1.581139 
1.581139 
1.118034 
1.118034 
0.000000 
0.000000 
0.707107 
0.707107 
2.061553 
2.061553 
0.500000 
0.500000 
1.118034 
1.118034 
1.581139 
1.581139 
1.118034 
1.118034 
0.000000 
0.000000 
0.707107 
0.707107 
2.061553 
2.061553 
0.500000 
0.500000 
23.048861 
23.048861 
1.581139 
1.581139 
1.118034 
1.118034 
0.000000 
0.000000 
2.061553 
2.061553 
0.500000 
0.500000 
1.414214 
1.414214 
1.581139 
1.581139 
1.118034 
1.118034 
0.000000 
0.000000 
2.061553 
2.061553 
11.510864 
11.510864 
1.500000 
1.500000 
1.581139 
1.581139 
1.118034 
1.118034 
0.000000 
0.000000 
2.061553 
2.061553 
0.500000 
0.500000 
1.118034 
1.118034 
1.581139 
1.581139 
1.118034 
1.118034 
0.000000 
0.000000 
2.061553 
2.061553 
1.414214 
1.414214 
1.118034 
1.118034 
1.581139 
1.581139 
1.118034 
1.118034 
0.000000 
0.000000 
2.061553 
2.061553 
1.500000 
1.500000 
1.118034 
1.118034 
1.581139 
1.581139 
1.118034 
1.118034 
0.000000 
0.000000 
1.500000 
1.500000 
1.118034 
1.118034 
1.581139 
1.581139 
1.118034 
1.118034 
0.000000 
0.000000 
1.118034 
1.118034 
1.118034 
1.118034 
1.581139 
1.581139 
0.000000 
0.000000 
1.118034 
1.118034 
1.118034 
1.118034 
1.118034 
1.118034 
1.581139 
1.581139 
0.000000 
0.000000 
1.118034 
1.118034 
1.581139 
1.581139 
1.118034 
1.118034 
1.581139 
1.581139 
0.000000 
0.000000 
0.000000 
0.000000 
0.000000 
0.000000 
0.000000 
0.000000 
1.118034 
1.118034 
1.118034 
1.118034 
1.118034 
1.118034 
1.581139 
1.581139 
0.707107 
0.707107 
1.802776 
1.802776 
2.549510 
2.549510 
0.000000 
0.000000 
1.118034 
1.118034 
10.111874 
10.111874 
1.118034 
1.118034 
1.581139 
1.581139 
0.707107 
0.707107 
1.118034 
1.118034 
3.535534 
3.535534 
0.000000 
0.000000 
1.118034 
1.118034 
2.692582 
2.692582 
1.118034 
1.118034 
0.707107 
0.707107 
2.061553 
2.061553 
1.581139 
1.581139 
0.000000 
0.000000 
2.121320 
2.121320 
1.118034 
1.118034 
0.707107 
0.707107 
1.000000 
1.000000 
15.508062 
15.508062 
0.000000 
0.000000 
4.123106 
4.123106 
1.118034 
1.118034 
0.707107 
0.707107 
7.762087 
7.762087 
13.583078 
13.583078 
0.000000 
0.000000 
4.123106 
4.123106 
1.118034 
1.118034 
0.707107 
0.707107 
7.762087 
7.762087 
1.000000 
1.000000 
0.000000 
0.000000 
4.123106 
4.123106 
1.118034 
1.118034 
0.707107 
0.707107 
7.762087 
7.762087 
3.000000 
3.000000 
0.000000 
0.000000 
4.123106 
4.123106 
1.118034 
1.118034 
0.707107 
0.707107 
7.762087 
7.762087 
4.031129 
4.031129 
0.000000 
0.000000 
4.123106 
4.123106 
0.000000 
0.000000 
0.707107 
0.707107 
7.762087 
7.762087 
3.535534 
3.535534 
0.000000 
0.000000 
4.123106 
4.123106 
