0.000000 
0.000000 
0.000000 
0.000000 
0.000000 
0.000000 
0.000000 
0.000000 
3.000000 
3.000000 
17.507141 
17.507141 
4.123106 
4.123106 
10.977249 
10.977249 
9.513149 
9.513149 
3.535534 
3.535534 
12.509996 
12.509996 
4.000000 
4.000000 
2.500000 
2.500000 
5.000000 
5.000000 
1.118034 
1.118034 
0.000000 
0.000000 
0.000000 
0.000000 
1.581139 
1.581139 
2.549510 
2.549510 
1.500000 
1.500000 
1.414214 
1.414214 
0.707107 
0.707107 
0.707107 
0.707107 
1.500000 
1.500000 
1.118034 
1.118034 
1.500000 
1.500000 
2.828427 
2.828427 
0.000000 
0.000000 
0.000000 
0.000000 
0.500000 
0.500000 
1.500000 
1.500000 
0.707107 
0.707107 
1.500000 
1.500000 
1.118034 
1.118034 
0.000000 
0.000000 
1.414214 
1.414214 
0.000000 
0.000000 
1.581139 
1.581139 
2.236068 
2.236068 
2.061553 
2.061553 
1.500000 
1.500000 
9.962429 
9.962429 
2.061553 
2.061553 
1.414214 
1.414214 
0.000000 
0.000000 
1.581139 
1.581139 
14.142136 
14.142136 
2.061553 
2.061553 
5.522681 
5.522681 
9.962429 
9.962429 
0.500000 
0.500000 
1.414214 
1.414214 
0.000000 
0.000000 
1.581139 
1.581139 
14.142136 
14.142136 
0.500000 
0.500000 
5.522681 
5.522681 
9.962429 
9.962429 
0.000000 
0.000000 
0.500000 
0.500000 
1.414214 
1.414214 
0.000000 
0.000000 
1.581139 
1.581139 
14.142136 
14.142136 
0.500000 
0.500000 
5.522681 
5.522681 
9.962429 
9.962429 
5.000000 
5.000000 
0.500000 
0.500000 
1.414214 
1.414214 
0.000000 
0.000000 
1.581139 
1.581139 
18.248288 
18.248288 
0.000000 
0.000000 
5.522681 
5.522681 
7.762087 
7.762087 
0.000000 
0.000000 
0.000000 
0.000000 
1.000000 
1.000000 
0.500000 
0.500000 
1.414214 
1.414214 
0.000000 
0.000000 
1.581139 
1.581139 
8.062258 
8.062258 
8.514693 
8.514693 
24.520400 
24.520400 
1.118034 
1.118034 
0.000000 
0.000000 
0.000000 
0.000000 
0.000000 
0.000000 
1.581139 
1.581139 
0.500000 
0.500000 
0.500000 
0.500000 
1.414214 
1.414214 
0.000000 
0.000000 
1.581139 
1.581139 
3.500000 
3.500000 
5.024938 
5.024938 
1.000000 
1.000000 
2.236068 
2.236068 
0.000000 
0.000000 
0.500000 
0.500000 
0.707107 
0.707107 
0.000000 
0.000000 
1.414214 
1.414214 
0.707107 
0.707107 
0.500000 
0.500000 
1.414214 
1.414214 
0.000000 
0.000000 
1.581139 
1.581139 
3.500000 
3.500000 
5.024938 
5.024938 
1.118034 
1.118034 
1.581139 
1.581139 
0.000000 
0.000000 
1.000000 
1.000000 
1.581139 
1.581139 
0.707107 
0.707107 
1.118034 
1.118034 
1.414214 
1.414214 
1.000000 
1.000000 
0.500000 
0.500000 
1.414214 
1.414214 
0.000000 
0.000000 
1.581139 
1.581139 
3.535534 
3.535534 
7.000000 
7.000000 
1.581139 
1.581139 
2.236068 
2.236068 
0.000000 
0.000000 
0.000000 
0.000000 
2.061553 
2.061553 
1.581139 
1.581139 
0.707107 
0.707107 
1.581139 
1.581139 
1.414214 
1.414214 
4.500000 
4.500000 
0.500000 
0.500000 
1.414214 
1.414214 
0.000000 
0.000000 
1.581139 
1.581139 
2.061553 
2.061553 
2.061553 
2.061553 
0.500000 
0.500000 
1.581139 
1.581139 
1.000000 
1.000000 
0.000000 
0.000000 
2.061553 
2.061553 
1.414214 
1.414214 
0.707107 
0.707107 
3.041381 
3.041381 
7.762087 
7.762087 
0.500000 
0.500000 
0.500000 
0.500000 
11.101802 
11.101802 
0.000000 
0.000000 
1.581139 
1.581139 
1.000000 
1.000000 
5.590170 
5.590170 
1.581139 
1.581139 
1.802776 
1.802776 
1.000000 
1.000000 
0.000000 
0.000000 
6.500000 
6.500000 
1.581139 
1.581139 
0.707107 
0.707107 
1.500000 
1.500000 
1.500000 
1.500000 
1.414214 
1.414214 
0.500000 
0.500000 
2.061553 
2.061553 
0.000000 
0.000000 
1.581139 
1.581139 
3.535534 
3.535534 
1.000000 
1.000000 
1.802776 
1.802776 
1.000000 
1.000000 
1.000000 
1.000000 
0.000000 
0.000000 
0.500000 
0.500000 
1.581139 
1.581139 
0.707107 
0.707107 
1.500000 
1.500000 
2.000000 
2.000000 
1.414214 
1.414214 
0.500000 
0.500000 
0.500000 
0.500000 
0.000000 
0.000000 
1.581139 
1.581139 
3.535534 
3.535534 
1.000000 
1.000000 
0.000000 
0.000000 
0.707107 
0.707107 
1.000000 
1.000000 
0.000000 
0.000000 
0.500000 
0.500000 
1.581139 
1.581139 
0.707107 
0.707107 
1.500000 
1.500000 
2.061553 
2.061553 
1.414214 
1.414214 
0.500000 
0.500000 
0.500000 
0.500000 
0.000000 
0.000000 
1.581139 
1.581139 
3.535534 
3.535534 
0.707107 
0.707107 
1.118034 
1.118034 
0.707107 
0.707107 
1.000000 
1.000000 
0.000000 
0.000000 
0.500000 
0.500000 
1.581139 
1.581139 
0.707107 
0.707107 
1.414214 
1.414214 
2.061553 
2.061553 
7.280110 
7.280110 
0.500000 
0.500000 
0.500000 
0.500000 
6.800735 
6.800735 
3.535534 
3.535534 
0.500000 
0.500000 
1.581139 
1.581139 
0.500000 
0.500000 
1.000000 
1.000000 
0.000000 
0.000000 
3.640055 
3.640055 
1.581139 
1.581139 
0.707107 
0.707107 
0.500000 
0.500000 
2.061553 
2.061553 
0.707107 
0.707107 
0.500000 
0.500000 
0.500000 
0.500000 
1.581139 
1.581139 
3.535534 
3.535534 
0.500000 
0.500000 
0.707107 
0.707107 
2.061553 
2.061553 
0.000000 
0.000000 
1.000000 
1.000000 
0.000000 
0.000000 
1.414214 
1.414214 
1.581139 
1.581139 
0.707107 
0.707107 
0.500000 
0.500000 
2.061553 
2.061553 
0.707107 
0.707107 
0.500000 
0.500000 
6.500000 
6.500000 
1.000000 
1.000000 
3.535534 
3.535534 
0.000000 
0.000000 
0.707107 
0.707107 
1.581139 
1.581139 
0.500000 
0.500000 
1.000000 
1.000000 
0.000000 
0.000000 
2.061553 
2.061553 
1.581139 
1.581139 
0.707107 
0.707107 
0.500000 
0.500000 
2.061553 
2.061553 
0.707107 
0.707107 
0.000000 
0.000000 
1.118034 
1.118034 
3.535534 
3.535534 
7.017834 
7.017834 
1.000000 
1.000000 
9.823441 
9.823441 
0.000000 
0.000000 
0.500000 
0.500000 
1.000000 
1.000000 
0.000000 
0.000000 
1.118034 
1.118034 
1.581139 
1.581139 
0.707107 
0.707107 
6.020797 
6.020797 
2.061553 
2.061553 
0.707107 
0.707107 
0.500000 
0.500000 
7.516648 
7.516648 
3.535534 
3.535534 
0.707107 
0.707107 
1.000000 
1.000000 
9.823441 
9.823441 
0.000000 
0.000000 
0.000000 
0.000000 
7.000000 
7.000000 
1.000000 
1.000000 
0.000000 
0.000000 
0.500000 
0.500000 
1.581139 
1.581139 
0.707107 
0.707107 
0.707107 
0.707107 
2.061553 
2.061553 
0.707107 
0.707107 
0.500000 
0.500000 
1.118034 
1.118034 
3.535534 
3.535534 
0.707107 
0.707107 
2.000000 
2.000000 
9.823441 
9.823441 
0.000000 
0.000000 
0.000000 
0.000000 
0.000000 
0.000000 
1.118034 
1.118034 
1.000000 
1.000000 
0.000000 
0.000000 
0.707107 
0.707107 
1.581139 
1.581139 
0.707107 
0.707107 
5.522681 
5.522681 
2.061553 
2.061553 
0.707107 
0.707107 
0.500000 
0.500000 
1.118034 
1.118034 
3.535534 
3.535534 
0.707107 
0.707107 
2.121320 
2.121320 
9.823441 
9.823441 
0.707107 
0.707107 
1.500000 
1.500000 
0.000000 
0.000000 
1.118034 
1.118034 
1.000000 
1.000000 
0.000000 
0.000000 
2.236068 
2.236068 
1.581139 
1.581139 
0.707107 
0.707107 
0.500000 
0.500000 
2.061553 
2.061553 
0.707107 
0.707107 
7.017834 
7.017834 
6.082763 
6.082763 
3.535534 
3.535534 
0.707107 
0.707107 
2.000000 
2.000000 
9.823441 
9.823441 
0.000000 
0.000000 
1.414214 
1.414214 
2.549510 
2.549510 
0.000000 
0.000000 
4.272002 
4.272002 
1.000000 
1.000000 
0.000000 
0.000000 
2.549510 
2.549510 
1.581139 
1.581139 
1.581139 
1.581139 
2.061553 
2.061553 
0.707107 
0.707107 
1.118034 
1.118034 
8.139410 
8.139410 
3.535534 
3.535534 
0.707107 
0.707107 
3.000000 
3.000000 
9.823441 
9.823441 
0.500000 
0.500000 
2.236068 
2.236068 
2.549510 
2.549510 
0.000000 
0.000000 
1.581139 
1.581139 
1.000000 
1.000000 
2.549510 
2.549510 
1.581139 
1.581139 
2.692582 
2.692582 
2.061553 
2.061553 
0.707107 
0.707107 
1.581139 
1.581139 
3.354102 
3.354102 
3.535534 
3.535534 
0.707107 
0.707107 
15.033296 
15.033296 
9.823441 
9.823441 
0.000000 
0.000000 
1.414214 
1.414214 
1.581139 
1.581139 
2.549510 
2.549510 
0.000000 
0.000000 
1.581139 
1.581139 
1.000000 
1.000000 
6.082763 
6.082763 
1.581139 
1.581139 
2.549510 
2.549510 
2.061553 
2.061553 
0.707107 
0.707107 
2.121320 
2.121320 
2.236068 
2.236068 
3.535534 
3.535534 
0.707107 
0.707107 
15.033296 
15.033296 
9.823441 
9.823441 
2.549510 
2.549510 
1.500000 
1.500000 
7.516648 
7.516648 
2.549510 
2.549510 
0.000000 
0.000000 
1.581139 
1.581139 
5.315073 
5.315073 
1.581139 
1.581139 
2.061553 
2.061553 
2.061553 
2.061553 
0.707107 
0.707107 
2.121320 
2.121320 
2.236068 
2.236068 
3.535534 
3.535534 
0.707107 
0.707107 
15.033296 
15.033296 
9.823441 
9.823441 
0.000000 
0.000000 
1.414214 
1.414214 
3.000000 
3.000000 
1.581139 
1.581139 
2.549510 
2.549510 
0.000000 
0.000000 
1.581139 
1.581139 
2.549510 
2.549510 
4.527693 
4.527693 
2.061553 
2.061553 
0.707107 
0.707107 
2.121320 
2.121320 
2.236068 
2.236068 
0.707107 
0.707107 
15.033296 
15.033296 
9.823441 
9.823441 
3.354102 
3.354102 
1.000000 
1.000000 
9.055385 
9.055385 
8.077747 
8.077747 
2.549510 
2.549510 
0.000000 
0.000000 
1.581139 
1.581139 
8.015610 
8.015610 
1.000000 
1.000000 
2.061553 
2.061553 
0.707107 
0.707107 
2.121320 
2.121320 
2.236068 
2.236068 
0.707107 
0.707107 
15.033296 
15.033296 
9.823441 
9.823441 
0.000000 
0.000000 
3.535534 
3.535534 
3.041381 
3.041381 
2.236068 
2.236068 
8.077747 
8.077747 
2.549510 
2.549510 
0.000000 
0.000000 
1.581139 
1.581139 
3.041381 
3.041381 
7.211103 
7.211103 
0.707107 
0.707107 
2.121320 
2.121320 
2.236068 
2.236068 
0.707107 
0.707107 
15.033296 
15.033296 
9.823441 
9.823441 
0.000000 
0.000000 
0.000000 
0.000000 
2.061553 
2.061553 
4.123106 
4.123106 
2.692582 
2.692582 
3.041381 
3.041381 
8.077747 
8.077747 
2.549510 
2.549510 
0.000000 
0.000000 
1.581139 
1.581139 
3.162278 
3.162278 
2.061553 
2.061553 
0.707107 
0.707107 
2.121320 
2.121320 
2.236068 
2.236068 
0.707107 
0.707107 
15.033296 
15.033296 
9.823441 
9.823441 
0.000000 
0.000000 
1.581139 
1.581139 
2.549510 
2.549510 
1.118034 
1.118034 
4.031129 
4.031129 
2.692582 
2.692582 
8.732125 
8.732125 
8.077747 
8.077747 
2.549510 
2.549510 
0.000000 
0.000000 
1.581139 
1.581139 
8.062258 
8.062258 
2.061553 
2.061553 
2.121320 
2.121320 
2.236068 
2.236068 
0.707107 
0.707107 
15.033296 
15.033296 
9.823441 
9.823441 
2.061553 
2.061553 
5.385165 
5.385165 
1.500000 
1.500000 
10.735455 
10.735455 
2.549510 
2.549510 
2.692582 
2.692582 
1.118034 
1.118034 
8.077747 
8.077747 
2.549510 
2.549510 
0.000000 
0.000000 
1.581139 
1.581139 
2.061553 
2.061553 
2.061553 
2.061553 
2.121320 
2.121320 
2.236068 
2.236068 
0.707107 
0.707107 
15.033296 
15.033296 
9.823441 
9.823441 
