0.000000 
0.000000 
1.118034 
1.118034 
3.535534 
3.535534 
3.535534 
3.535534 
3.535534 
3.535534 
3.535534 
3.535534 
3.535534 
3.535534 
3.535534 
3.535534 
3.535534 
3.535534 
3.535534 
3.535534 
0.000000 
0.000000 
3.535534 
3.535534 
0.707107 
0.707107 
3.535534 
3.535534 
0.500000 
0.500000 
3.535534 
3.535534 
9.013878 
9.013878 
3.535534 
3.535534 
1.414214 
1.414214 
3.535534 
3.535534 
1.000000 
1.000000 
3.535534 
3.535534 
1.802776 
1.802776 
3.535534 
3.535534 
1.802776 
1.802776 
1.802776 
1.802776 
