0.000000 
0.000000 
0.000000 
0.000000 
0.000000 
0.000000 
0.000000 
0.000000 
0.500000 
0.500000 
4.924429 
4.924429 
0.000000 
0.000000 
0.500000 
0.500000 
0.500000 
0.500000 
0.707107 
0.707107 
1.000000 
1.000000 
1.500000 
1.500000 
0.000000 
0.000000 
0.000000 
0.000000 
0.500000 
0.500000 
0.500000 
0.500000 
0.500000 
0.500000 
1.000000 
1.000000 
0.000000 
0.000000 
0.500000 
0.500000 
0.000000 
0.000000 
0.500000 
0.500000 
1.000000 
1.000000 
0.500000 
0.500000 
1.500000 
1.500000 
1.118034 
1.118034 
7.000000 
7.000000 
0.000000 
0.000000 
0.500000 
0.500000 
0.707107 
0.707107 
1.581139 
1.581139 
1.500000 
1.500000 
0.000000 
0.000000 
7.000000 
7.000000 
3.041381 
3.041381 
0.500000 
0.500000 
0.500000 
0.500000 
1.118034 
1.118034 
1.000000 
1.000000 
0.707107 
0.707107 
7.000000 
7.000000 
0.000000 
0.000000 
0.500000 
0.500000 
1.118034 
1.118034 
1.000000 
1.000000 
0.707107 
0.707107 
0.707107 
0.707107 
7.000000 
7.000000 
0.500000 
0.500000 
0.500000 
0.500000 
0.500000 
0.500000 
1.000000 
1.000000 
5.099020 
5.099020 
0.500000 
0.500000 
7.000000 
7.000000 
0.500000 
0.500000 
0.500000 
0.500000 
1.000000 
1.000000 
1.000000 
1.000000 
1.118034 
1.118034 
0.500000 
0.500000 
7.000000 
7.000000 
0.500000 
0.500000 
0.500000 
0.500000 
1.000000 
1.000000 
2.000000 
2.000000 
2.236068 
2.236068 
0.500000 
0.500000 
7.000000 
7.000000 
1.118034 
1.118034 
0.500000 
0.500000 
1.000000 
1.000000 
0.707107 
0.707107 
1.000000 
1.000000 
0.500000 
0.500000 
7.000000 
7.000000 
0.000000 
0.000000 
0.500000 
0.500000 
1.000000 
1.000000 
0.000000 
0.000000 
1.118034 
1.118034 
0.500000 
0.500000 
7.000000 
7.000000 
0.500000 
0.500000 
0.500000 
0.500000 
1.000000 
1.000000 
0.500000 
0.500000 
1.500000 
1.500000 
0.500000 
0.500000 
7.000000 
7.000000 
0.000000 
0.000000 
0.500000 
0.500000 
1.000000 
1.000000 
0.500000 
0.500000 
1.581139 
1.581139 
0.500000 
0.500000 
7.000000 
7.000000 
0.000000 
0.000000 
0.500000 
0.500000 
1.000000 
1.000000 
0.000000 
0.000000 
1.581139 
1.581139 
0.500000 
0.500000 
7.000000 
7.000000 
0.500000 
0.500000 
1.000000 
1.000000 
0.000000 
0.000000 
1.581139 
1.581139 
2.500000 
2.500000 
7.000000 
7.000000 
0.000000 
0.000000 
1.000000 
1.000000 
0.000000 
0.000000 
1.581139 
1.581139 
0.000000 
0.000000 
0.707107 
0.707107 
7.000000 
7.000000 
0.500000 
0.500000 
1.000000 
1.000000 
0.000000 
0.000000 
1.581139 
1.581139 
0.000000 
0.000000 
0.000000 
0.000000 
7.000000 
7.000000 
0.500000 
0.500000 
1.000000 
1.000000 
0.000000 
0.000000 
1.581139 
1.581139 
0.000000 
0.000000 
0.000000 
0.000000 
0.000000 
0.000000 
1.000000 
1.000000 
0.000000 
0.000000 
1.581139 
1.581139 
0.000000 
0.000000 
0.000000 
0.000000 
0.000000 
0.000000 
0.000000 
0.000000 
1.000000 
1.000000 
0.500000 
0.500000 
1.581139 
1.581139 
1.118034 
1.118034 
0.000000 
0.000000 
0.000000 
0.000000 
0.500000 
0.500000 
1.000000 
1.000000 
0.000000 
0.000000 
1.581139 
1.581139 
0.707107 
0.707107 
0.000000 
0.000000 
2.500000 
2.500000 
0.500000 
0.500000 
1.000000 
1.000000 
0.000000 
0.000000 
1.581139 
1.581139 
1.000000 
1.000000 
0.000000 
0.000000 
0.000000 
0.000000 
0.000000 
0.000000 
0.707107 
0.707107 
1.581139 
1.581139 
0.500000 
0.500000 
0.000000 
0.000000 
0.500000 
0.500000 
0.000000 
0.000000 
0.707107 
0.707107 
1.581139 
1.581139 
1.000000 
1.000000 
0.000000 
0.000000 
0.500000 
0.500000 
0.000000 
0.000000 
0.500000 
0.500000 
1.581139 
1.581139 
0.707107 
0.707107 
0.000000 
0.000000 
0.500000 
0.500000 
3.535534 
3.535534 
0.000000 
0.000000 
1.581139 
1.581139 
0.000000 
0.000000 
0.000000 
0.000000 
1.000000 
1.000000 
0.000000 
0.000000 
0.000000 
0.000000 
0.500000 
0.500000 
0.000000 
0.000000 
1.581139 
1.581139 
0.000000 
0.000000 
2.236068 
2.236068 
0.500000 
0.500000 
0.000000 
0.000000 
0.707107 
0.707107 
0.000000 
0.000000 
0.707107 
0.707107 
1.118034 
1.118034 
4.609772 
4.609772 
0.707107 
0.707107 
0.000000 
0.000000 
0.000000 
0.000000 
0.000000 
0.000000 
0.500000 
0.500000 
4.031129 
4.031129 
2.828427 
2.828427 
1.118034 
1.118034 
0.000000 
0.000000 
0.000000 
0.000000 
0.000000 
0.000000 
4.031129 
4.031129 
0.000000 
0.000000 
5.000000 
5.000000 
2.692582 
2.692582 
0.500000 
0.500000 
0.000000 
0.000000 
0.000000 
0.000000 
0.000000 
0.000000 
0.000000 
0.000000 
1.118034 
1.118034 
0.500000 
0.500000 
2.236068 
2.236068 
1.118034 
1.118034 
0.000000 
0.000000 
0.000000 
0.000000 
0.000000 
0.000000 
5.024938 
5.024938 
0.500000 
0.500000 
2.692582 
2.692582 
0.707107 
0.707107 
0.500000 
0.500000 
0.000000 
0.000000 
0.000000 
0.000000 
0.500000 
0.500000 
0.500000 
0.500000 
4.609772 
4.609772 
0.000000 
0.000000 
0.500000 
0.500000 
0.500000 
0.500000 
3.640055 
3.640055 
0.000000 
0.000000 
0.707107 
0.707107 
4.527693 
4.527693 
0.000000 
0.000000 
0.707107 
0.707107 
0.000000 
0.000000 
0.000000 
0.000000 
1.118034 
1.118034 
0.707107 
0.707107 
2.915476 
2.915476 
4.609772 
4.609772 
0.500000 
0.500000 
0.500000 
0.500000 
0.500000 
0.500000 
0.000000 
0.000000 
0.707107 
0.707107 
0.000000 
0.000000 
2.828427 
2.828427 
0.500000 
0.500000 
1.581139 
1.581139 
0.500000 
0.500000 
0.707107 
0.707107 
