0.000000 
0.000000 
0.000000 
0.000000 
0.000000 
0.000000 
1.500000 
1.500000 
0.000000 
0.000000 
1.500000 
1.500000 
0.000000 
0.000000 
0.000000 
0.000000 
1.500000 
1.500000 
1.118034 
1.118034 
0.000000 
0.000000 
1.500000 
1.500000 
1.118034 
1.118034 
0.000000 
0.000000 
1.500000 
1.500000 
1.118034 
1.118034 
0.000000 
0.000000 
1.500000 
1.500000 
1.118034 
1.118034 
0.000000 
0.000000 
1.500000 
1.500000 
1.118034 
1.118034 
0.000000 
0.000000 
1.500000 
1.500000 
1.118034 
1.118034 
0.000000 
0.000000 
1.500000 
1.500000 
1.118034 
1.118034 
0.000000 
0.000000 
1.500000 
1.500000 
1.118034 
1.118034 
0.000000 
0.000000 
1.500000 
1.500000 
1.118034 
1.118034 
0.000000 
0.000000 
1.500000 
1.500000 
1.118034 
1.118034 
0.000000 
0.000000 
1.500000 
1.500000 
1.118034 
1.118034 
0.000000 
0.000000 
1.500000 
1.500000 
0.000000 
0.000000 
1.118034 
1.118034 
1.500000 
1.500000 
0.000000 
0.000000 
0.000000 
0.000000 
2.500000 
2.500000 
1.118034 
1.118034 
0.000000 
0.000000 
1.000000 
1.000000 
0.000000 
0.000000 
0.000000 
0.000000 
1.118034 
1.118034 
1.500000 
1.500000 
1.000000 
1.000000 
0.000000 
0.000000 
24.020824 
24.020824 
1.118034 
1.118034 
1.500000 
1.500000 
1.000000 
1.000000 
0.000000 
0.000000 
3.162278 
3.162278 
1.500000 
1.500000 
1.000000 
1.000000 
0.000000 
0.000000 
1.000000 
1.000000 
1.500000 
1.500000 
1.000000 
1.000000 
0.000000 
0.000000 
0.500000 
0.500000 
0.000000 
0.000000 
1.500000 
1.500000 
1.000000 
1.000000 
0.000000 
0.000000 
0.500000 
0.500000 
1.581139 
1.581139 
1.500000 
1.500000 
1.000000 
1.000000 
0.000000 
0.000000 
0.500000 
0.500000 
1.500000 
1.500000 
1.500000 
1.500000 
1.000000 
1.000000 
0.000000 
0.000000 
0.500000 
0.500000 
1.118034 
1.118034 
1.500000 
1.500000 
1.000000 
1.000000 
0.000000 
0.000000 
0.500000 
0.500000 
0.500000 
0.500000 
1.500000 
1.500000 
4.301163 
4.301163 
0.000000 
0.000000 
0.500000 
0.500000 
1.414214 
1.414214 
1.500000 
1.500000 
2.236068 
2.236068 
0.000000 
0.000000 
0.500000 
0.500000 
1.414214 
1.414214 
1.500000 
1.500000 
0.500000 
0.500000 
0.000000 
0.000000 
0.500000 
0.500000 
1.414214 
1.414214 
1.500000 
1.500000 
1.118034 
1.118034 
0.000000 
0.000000 
0.500000 
0.500000 
0.000000 
0.000000 
1.500000 
1.500000 
1.500000 
1.500000 
0.707107 
0.707107 
0.000000 
0.000000 
0.500000 
0.500000 
4.000000 
4.000000 
1.500000 
1.500000 
1.500000 
1.500000 
1.802776 
1.802776 
0.500000 
0.500000 
4.000000 
4.000000 
1.500000 
1.500000 
1.500000 
1.500000 
0.500000 
0.500000 
0.500000 
0.500000 
4.000000 
4.000000 
1.500000 
1.500000 
1.118034 
1.118034 
0.500000 
0.500000 
0.000000 
0.000000 
25.544080 
25.544080 
1.500000 
1.500000 
1.118034 
1.118034 
0.500000 
0.500000 
1.118034 
1.118034 
4.527693 
4.527693 
1.500000 
1.500000 
1.118034 
1.118034 
0.500000 
0.500000 
0.000000 
0.000000 
1.581139 
1.581139 
4.527693 
4.527693 
1.500000 
1.500000 
1.118034 
1.118034 
0.000000 
0.000000 
10.511898 
10.511898 
4.527693 
4.527693 
1.500000 
1.500000 
1.118034 
1.118034 
0.000000 
0.000000 
1.581139 
1.581139 
26.730133 
26.730133 
1.500000 
1.500000 
1.118034 
1.118034 
