0.000000 
0.000000 
0.000000 
0.000000 
0.000000 
0.000000 
0.000000 
0.000000 
0.000000 
0.000000 
1.500000 
1.500000 
3.535534 
3.535534 
1.118034 
1.118034 
2.236068 
2.236068 
2.549510 
2.549510 
1.500000 
1.500000 
4.527693 
4.527693 
1.118034 
1.118034 
2.236068 
2.236068 
1.581139 
1.581139 
1.500000 
1.500000 
4.472136 
4.472136 
1.500000 
1.500000 
2.236068 
2.236068 
0.500000 
0.500000 
1.500000 
1.500000 
3.041381 
3.041381 
20.223748 
20.223748 
20.155644 
20.155644 
1.500000 
1.500000 
1.500000 
1.500000 
3.041381 
3.041381 
2.828427 
2.828427 
1.581139 
1.581139 
7.516648 
7.516648 
1.500000 
1.500000 
3.041381 
3.041381 
0.707107 
0.707107 
2.549510 
2.549510 
1.000000 
1.000000 
1.500000 
1.500000 
3.041381 
3.041381 
4.031129 
4.031129 
2.692582 
2.692582 
0.707107 
0.707107 
1.500000 
1.500000 
10.547512 
10.547512 
3.535534 
3.535534 
1.802776 
1.802776 
1.000000 
1.000000 
1.500000 
1.500000 
2.828427 
2.828427 
2.692582 
2.692582 
2.061553 
2.061553 
0.000000 
0.000000 
1.500000 
1.500000 
1.118034 
1.118034 
1.118034 
1.118034 
0.707107 
0.707107 
1.000000 
1.000000 
1.500000 
1.500000 
1.118034 
1.118034 
1.581139 
1.581139 
2.500000 
2.500000 
0.707107 
0.707107 
1.500000 
1.500000 
1.118034 
1.118034 
1.500000 
1.500000 
3.535534 
3.535534 
1.500000 
1.500000 
1.500000 
1.500000 
1.118034 
1.118034 
1.118034 
1.118034 
3.162278 
3.162278 
6.000000 
6.000000 
1.500000 
1.500000 
1.118034 
1.118034 
1.118034 
1.118034 
0.000000 
0.000000 
1.581139 
1.581139 
0.000000 
0.000000 
1.500000 
1.500000 
1.118034 
1.118034 
1.118034 
1.118034 
17.528548 
17.528548 
1.118034 
1.118034 
0.500000 
0.500000 
1.118034 
1.118034 
1.118034 
1.118034 
17.528548 
17.528548 
2.121320 
2.121320 
14.300350 
14.300350 
1.118034 
1.118034 
1.118034 
1.118034 
17.528548 
17.528548 
3.354102 
3.354102 
0.000000 
0.000000 
0.000000 
0.000000 
14.300350 
14.300350 
1.118034 
1.118034 
1.118034 
1.118034 
17.528548 
17.528548 
8.139410 
8.139410 
0.000000 
0.000000 
1.118034 
1.118034 
3.000000 
3.000000 
14.300350 
14.300350 
1.118034 
1.118034 
1.118034 
1.118034 
17.528548 
17.528548 
4.000000 
4.000000 
0.000000 
0.000000 
0.707107 
0.707107 
0.707107 
0.707107 
3.041381 
3.041381 
14.300350 
14.300350 
1.118034 
1.118034 
1.118034 
1.118034 
17.528548 
17.528548 
7.648529 
7.648529 
0.500000 
0.500000 
0.707107 
0.707107 
5.500000 
5.500000 
21.708293 
21.708293 
14.300350 
14.300350 
1.118034 
1.118034 
1.118034 
1.118034 
17.528548 
17.528548 
8.514693 
8.514693 
0.000000 
0.000000 
7.017834 
7.017834 
0.707107 
0.707107 
5.500000 
5.500000 
1.000000 
1.000000 
14.300350 
14.300350 
1.118034 
1.118034 
1.118034 
1.118034 
17.528548 
17.528548 
0.707107 
0.707107 
0.707107 
0.707107 
2.549510 
2.549510 
0.707107 
0.707107 
5.500000 
5.500000 
0.707107 
0.707107 
14.300350 
14.300350 
1.118034 
1.118034 
1.118034 
1.118034 
17.528548 
17.528548 
8.558621 
8.558621 
0.500000 
0.500000 
2.000000 
2.000000 
0.707107 
0.707107 
5.500000 
5.500000 
2.549510 
2.549510 
14.300350 
14.300350 
1.118034 
1.118034 
1.118034 
1.118034 
17.528548 
17.528548 
0.500000 
0.500000 
1.581139 
1.581139 
4.031129 
4.031129 
0.707107 
0.707107 
5.500000 
5.500000 
3.000000 
3.000000 
14.300350 
14.300350 
1.118034 
1.118034 
17.528548 
17.528548 
8.631338 
8.631338 
0.000000 
0.000000 
1.581139 
1.581139 
3.041381 
3.041381 
0.707107 
0.707107 
5.500000 
5.500000 
2.549510 
2.549510 
14.300350 
14.300350 
1.118034 
1.118034 
17.528548 
17.528548 
5.385165 
5.385165 
3.640055 
3.640055 
1.581139 
1.581139 
4.609772 
4.609772 
0.707107 
0.707107 
5.500000 
5.500000 
4.301163 
4.301163 
14.300350 
14.300350 
1.118034 
1.118034 
17.528548 
17.528548 
2.061553 
2.061553 
2.500000 
2.500000 
1.581139 
1.581139 
15.033296 
15.033296 
0.707107 
0.707107 
5.500000 
5.500000 
2.549510 
2.549510 
14.300350 
14.300350 
17.528548 
17.528548 
2.500000 
2.500000 
2.500000 
2.500000 
1.581139 
1.581139 
4.527693 
4.527693 
0.707107 
0.707107 
5.500000 
5.500000 
16.070159 
16.070159 
14.300350 
14.300350 
17.528548 
17.528548 
2.915476 
2.915476 
20.524376 
20.524376 
1.581139 
1.581139 
5.700877 
5.700877 
0.707107 
0.707107 
5.500000 
5.500000 
0.500000 
0.500000 
14.300350 
14.300350 
2.236068 
2.236068 
20.524376 
20.524376 
1.581139 
1.581139 
5.700877 
5.700877 
0.707107 
0.707107 
5.500000 
5.500000 
0.500000 
0.500000 
14.300350 
14.300350 
1.802776 
1.802776 
20.524376 
20.524376 
1.581139 
1.581139 
5.700877 
5.700877 
0.707107 
0.707107 
5.500000 
5.500000 
1.802776 
1.802776 
1.414214 
1.414214 
20.524376 
20.524376 
1.581139 
1.581139 
5.700877 
5.700877 
0.707107 
0.707107 
5.500000 
5.500000 
4.123106 
4.123106 
0.707107 
0.707107 
20.524376 
20.524376 
1.581139 
1.581139 
5.700877 
5.700877 
0.707107 
0.707107 
5.500000 
5.500000 
10.440307 
10.440307 
0.707107 
0.707107 
20.524376 
20.524376 
1.581139 
1.581139 
5.700877 
5.700877 
5.500000 
5.500000 
3.041381 
3.041381 
1.802776 
1.802776 
20.524376 
20.524376 
1.581139 
1.581139 
5.700877 
5.700877 
1.000000 
1.000000 
0.000000 
0.000000 
20.524376 
20.524376 
1.581139 
1.581139 
5.700877 
5.700877 
2.236068 
2.236068 
1.118034 
1.118034 
20.524376 
20.524376 
1.581139 
1.581139 
5.700877 
5.700877 
1.802776 
1.802776 
9.013878 
9.013878 
20.524376 
20.524376 
1.581139 
1.581139 
5.700877 
5.700877 
1.000000 
1.000000 
3.807887 
3.807887 
