0.000000 
0.000000 
3.000000 
3.000000 
1.802776 
1.802776 
0.500000 
0.500000 
2.500000 
2.500000 
2.236068 
2.236068 
3.535534 
3.535534 
17.507141 
17.507141 
2.061553 
2.061553 
1.581139 
1.581139 
1.118034 
1.118034 
2.121320 
2.121320 
2.915476 
2.915476 
4.743416 
4.743416 
1.118034 
1.118034 
0.500000 
0.500000 
1.500000 
1.500000 
1.118034 
1.118034 
1.414214 
1.414214 
2.500000 
2.500000 
2.236068 
2.236068 
2.000000 
2.000000 
1.414214 
1.414214 
18.062392 
18.062392 
1.581139 
1.581139 
1.118034 
1.118034 
3.000000 
3.000000 
4.031129 
4.031129 
2.061553 
2.061553 
2.061553 
2.061553 
2.061553 
2.061553 
2.061553 
2.061553 
2.061553 
2.061553 
2.061553 
2.061553 
10.307764 
10.307764 
0.000000 
0.000000 
0.000000 
0.000000 
0.000000 
0.000000 
2.500000 
2.500000 
0.000000 
0.000000 
1.118034 
1.118034 
0.000000 
0.000000 
1.118034 
1.118034 
