0.000000 
0.000000 
0.000000 
0.000000 
0.000000 
0.000000 
0.000000 
0.000000 
0.000000 
0.000000 
0.000000 
0.000000 
0.000000 
0.000000 
31.144823 
31.144823 
1.118034 
1.118034 
1.118034 
1.118034 
1.118034 
1.118034 
2.500000 
2.500000 
3.500000 
3.500000 
1.118034 
1.118034 
1.802776 
1.802776 
0.707107 
0.707107 
1.000000 
1.000000 
0.707107 
0.707107 
0.500000 
0.500000 
16.568042 
16.568042 
0.500000 
0.500000 
0.000000 
0.000000 
1.000000 
1.000000 
0.000000 
0.000000 
0.000000 
0.000000 
1.500000 
1.500000 
2.061553 
2.061553 
15.008331 
15.008331 
1.000000 
1.000000 
0.000000 
0.000000 
0.707107 
0.707107 
0.707107 
0.707107 
0.500000 
0.500000 
1.000000 
1.000000 
1.500000 
1.500000 
0.707107 
0.707107 
2.500000 
2.500000 
0.500000 
0.500000 
2.549510 
2.549510 
1.118034 
1.118034 
15.297059 
15.297059 
1.414214 
1.414214 
1.581139 
1.581139 
1.000000 
1.000000 
1.118034 
1.118034 
1.414214 
1.414214 
1.118034 
1.118034 
2.692582 
2.692582 
13.928388 
13.928388 
1.414214 
1.414214 
2.061553 
2.061553 
2.061553 
2.061553 
3.500000 
3.500000 
1.118034 
1.118034 
4.123106 
4.123106 
0.000000 
0.000000 
1.118034 
1.118034 
16.568042 
16.568042 
