0.000000 
0.000000 
0.000000 
0.000000 
0.000000 
0.000000 
0.000000 
0.000000 
0.000000 
0.000000 
0.000000 
0.000000 
0.707107 
0.707107 
1.000000 
1.000000 
15.532225 
15.532225 
1.000000 
1.000000 
1.118034 
1.118034 
1.000000 
1.000000 
0.000000 
0.000000 
0.000000 
0.000000 
1.000000 
1.000000 
0.707107 
0.707107 
1.500000 
1.500000 
1.118034 
1.118034 
4.527693 
4.527693 
0.500000 
0.500000 
0.707107 
0.707107 
5.500000 
5.500000 
0.500000 
0.500000 
1.581139 
1.581139 
1.118034 
1.118034 
5.099020 
5.099020 
0.500000 
0.500000 
0.707107 
0.707107 
5.500000 
5.500000 
1.500000 
1.500000 
1.581139 
1.581139 
2.000000 
2.000000 
1.118034 
1.118034 
0.000000 
0.000000 
0.707107 
0.707107 
0.500000 
0.500000 
5.500000 
5.500000 
0.707107 
0.707107 
1.581139 
1.581139 
4.527693 
4.527693 
6.082763 
6.082763 
0.500000 
0.500000 
0.707107 
0.707107 
1.581139 
1.581139 
5.500000 
5.500000 
1.581139 
1.581139 
1.581139 
1.581139 
0.500000 
0.500000 
1.000000 
1.000000 
0.000000 
0.000000 
1.000000 
1.000000 
0.707107 
0.707107 
0.707107 
0.707107 
5.500000 
5.500000 
0.500000 
0.500000 
1.581139 
1.581139 
0.000000 
0.000000 
1.000000 
1.000000 
0.000000 
0.000000 
7.500000 
7.500000 
1.000000 
1.000000 
0.707107 
0.707107 
0.500000 
0.500000 
5.500000 
5.500000 
0.500000 
0.500000 
1.581139 
1.581139 
3.640055 
3.640055 
1.000000 
1.000000 
0.707107 
0.707107 
4.031129 
4.031129 
1.000000 
1.000000 
0.707107 
0.707107 
1.500000 
1.500000 
5.500000 
5.500000 
0.500000 
0.500000 
1.581139 
1.581139 
0.707107 
0.707107 
1.000000 
1.000000 
1.500000 
1.500000 
0.707107 
0.707107 
1.000000 
1.000000 
0.707107 
0.707107 
0.707107 
0.707107 
5.500000 
5.500000 
0.000000 
0.000000 
1.581139 
1.581139 
0.707107 
0.707107 
1.000000 
1.000000 
1.118034 
1.118034 
0.000000 
0.000000 
1.000000 
1.000000 
0.707107 
0.707107 
2.061553 
2.061553 
5.500000 
5.500000 
1.000000 
1.000000 
1.581139 
1.581139 
0.500000 
0.500000 
1.000000 
1.000000 
0.500000 
0.500000 
0.500000 
0.500000 
1.000000 
1.000000 
0.707107 
0.707107 
1.414214 
1.414214 
5.500000 
5.500000 
2.061553 
2.061553 
1.581139 
1.581139 
5.522681 
5.522681 
1.000000 
1.000000 
0.500000 
0.500000 
0.000000 
0.000000 
1.000000 
1.000000 
0.707107 
0.707107 
1.118034 
1.118034 
5.500000 
5.500000 
1.118034 
1.118034 
1.581139 
1.581139 
5.522681 
5.522681 
1.000000 
1.000000 
0.000000 
0.000000 
1.118034 
1.118034 
6.324555 
6.324555 
1.000000 
1.000000 
0.707107 
0.707107 
1.118034 
1.118034 
5.500000 
5.500000 
4.000000 
4.000000 
1.581139 
1.581139 
0.000000 
0.000000 
1.000000 
1.000000 
0.500000 
0.500000 
0.000000 
0.000000 
0.500000 
0.500000 
1.000000 
1.000000 
0.707107 
0.707107 
1.118034 
1.118034 
5.500000 
5.500000 
0.000000 
0.000000 
1.581139 
1.581139 
0.707107 
0.707107 
1.000000 
1.000000 
0.500000 
0.500000 
0.500000 
0.500000 
0.000000 
0.000000 
1.000000 
1.000000 
0.707107 
0.707107 
1.118034 
1.118034 
5.500000 
5.500000 
0.000000 
0.000000 
1.581139 
1.581139 
0.500000 
0.500000 
1.000000 
1.000000 
1.000000 
1.000000 
1.414214 
1.414214 
0.500000 
0.500000 
1.000000 
1.000000 
0.707107 
0.707107 
1.118034 
1.118034 
5.500000 
5.500000 
0.000000 
0.000000 
1.581139 
1.581139 
0.500000 
0.500000 
1.000000 
1.000000 
1.118034 
1.118034 
1.118034 
1.118034 
6.020797 
6.020797 
1.000000 
1.000000 
0.707107 
0.707107 
1.118034 
1.118034 
0.707107 
0.707107 
0.500000 
0.500000 
1.000000 
1.000000 
0.000000 
0.000000 
1.118034 
1.118034 
0.707107 
0.707107 
1.500000 
1.500000 
1.000000 
1.000000 
0.707107 
0.707107 
1.118034 
1.118034 
0.500000 
0.500000 
1.118034 
1.118034 
1.000000 
1.000000 
0.000000 
0.000000 
1.000000 
1.000000 
1.118034 
1.118034 
5.500000 
5.500000 
1.500000 
1.500000 
1.000000 
1.000000 
1.118034 
1.118034 
0.500000 
0.500000 
1.118034 
1.118034 
1.000000 
1.000000 
1.802776 
1.802776 
1.000000 
1.000000 
0.500000 
0.500000 
1.000000 
1.000000 
1.500000 
1.500000 
1.000000 
1.000000 
1.118034 
1.118034 
0.500000 
0.500000 
1.118034 
1.118034 
0.000000 
0.000000 
1.414214 
1.414214 
1.000000 
1.000000 
0.500000 
0.500000 
0.500000 
0.500000 
1.500000 
1.500000 
1.118034 
1.118034 
1.414214 
1.414214 
1.118034 
1.118034 
0.000000 
0.000000 
0.500000 
0.500000 
3.201562 
3.201562 
0.500000 
0.500000 
3.807887 
3.807887 
1.500000 
1.500000 
1.118034 
1.118034 
0.500000 
0.500000 
1.118034 
1.118034 
0.707107 
0.707107 
0.000000 
0.000000 
0.500000 
0.500000 
0.500000 
0.500000 
0.500000 
0.500000 
1.500000 
1.500000 
1.118034 
1.118034 
1.000000 
1.000000 
1.118034 
1.118034 
0.707107 
0.707107 
0.707107 
0.707107 
0.500000 
0.500000 
0.500000 
0.500000 
1.118034 
1.118034 
1.500000 
1.500000 
1.118034 
1.118034 
0.000000 
0.000000 
1.118034 
1.118034 
0.707107 
0.707107 
0.500000 
0.500000 
7.762087 
7.762087 
0.500000 
0.500000 
0.500000 
0.500000 
1.500000 
1.500000 
1.118034 
1.118034 
0.500000 
0.500000 
1.118034 
1.118034 
0.707107 
0.707107 
0.500000 
0.500000 
0.500000 
0.500000 
0.500000 
0.500000 
0.000000 
0.000000 
1.500000 
1.500000 
1.118034 
1.118034 
1.118034 
1.118034 
1.118034 
1.118034 
0.707107 
0.707107 
4.301163 
4.301163 
0.707107 
0.707107 
0.500000 
0.500000 
0.707107 
0.707107 
1.500000 
1.500000 
0.000000 
0.000000 
1.118034 
1.118034 
0.707107 
0.707107 
0.707107 
0.707107 
0.500000 
0.500000 
0.500000 
0.500000 
0.707107 
0.707107 
1.500000 
1.500000 
0.500000 
0.500000 
1.118034 
1.118034 
0.707107 
0.707107 
1.500000 
1.500000 
1.118034 
1.118034 
0.500000 
0.500000 
0.500000 
0.500000 
1.500000 
1.500000 
0.000000 
0.000000 
1.118034 
1.118034 
0.000000 
0.000000 
0.707107 
0.707107 
1.500000 
1.500000 
0.707107 
0.707107 
0.500000 
0.500000 
0.500000 
0.500000 
1.500000 
1.500000 
0.500000 
0.500000 
1.118034 
1.118034 
1.802776 
1.802776 
0.707107 
0.707107 
1.500000 
1.500000 
4.527693 
4.527693 
0.500000 
0.500000 
0.000000 
0.000000 
1.500000 
1.500000 
0.000000 
0.000000 
1.118034 
1.118034 
0.000000 
0.000000 
0.500000 
0.500000 
0.707107 
0.707107 
1.500000 
1.500000 
4.527693 
4.527693 
0.500000 
0.500000 
0.000000 
0.000000 
1.500000 
1.500000 
0.000000 
0.000000 
1.118034 
1.118034 
1.581139 
1.581139 
0.500000 
0.500000 
0.707107 
0.707107 
1.500000 
1.500000 
4.527693 
4.527693 
0.500000 
0.500000 
0.000000 
0.000000 
0.000000 
0.000000 
0.000000 
0.000000 
1.581139 
1.581139 
0.707107 
0.707107 
1.500000 
1.500000 
4.527693 
4.527693 
0.500000 
0.500000 
0.000000 
0.000000 
0.500000 
0.500000 
0.707107 
0.707107 
1.000000 
1.000000 
0.707107 
0.707107 
1.500000 
1.500000 
4.527693 
4.527693 
0.500000 
0.500000 
0.500000 
0.500000 
0.500000 
0.500000 
0.707107 
0.707107 
1.000000 
1.000000 
0.707107 
0.707107 
1.500000 
1.500000 
4.527693 
4.527693 
0.500000 
0.500000 
1.000000 
1.000000 
0.000000 
0.000000 
0.000000 
0.000000 
0.707107 
0.707107 
0.707107 
0.707107 
1.500000 
1.500000 
4.527693 
4.527693 
0.500000 
0.500000 
0.500000 
0.500000 
