0.000000 
0.000000 
0.000000 
0.000000 
0.000000 
0.000000 
5.000000 
5.000000 
0.707107 
0.707107 
1.414214 
1.414214 
1.118034 
1.118034 
0.707107 
0.707107 
0.500000 
0.500000 
1.118034 
1.118034 
0.000000 
0.000000 
0.500000 
0.500000 
0.707107 
0.707107 
1.802776 
1.802776 
24.505102 
24.505102 
1.118034 
1.118034 
1.000000 
1.000000 
2.000000 
2.000000 
1.581139 
1.581139 
0.707107 
0.707107 
0.500000 
0.500000 
2.061553 
2.061553 
1.581139 
1.581139 
9.617692 
9.617692 
1.581139 
1.581139 
1.414214 
1.414214 
9.486833 
9.486833 
1.581139 
1.581139 
2.549510 
2.549510 
2.549510 
2.549510 
3.162278 
3.162278 
1.500000 
1.500000 
2.549510 
2.549510 
0.500000 
0.500000 
10.012492 
10.012492 
13.000000 
13.000000 
0.500000 
0.500000 
1.802776 
1.802776 
3.162278 
3.162278 
0.500000 
0.500000 
0.000000 
0.000000 
6.946222 
6.946222 
9.013878 
9.013878 
3.535534 
3.535534 
1.581139 
1.581139 
4.527693 
4.527693 
0.500000 
0.500000 
0.500000 
0.500000 
0.500000 
0.500000 
6.264982 
6.264982 
1.500000 
1.500000 
1.000000 
1.000000 
2.500000 
2.500000 
5.590170 
5.590170 
1.581139 
1.581139 
1.500000 
1.500000 
0.000000 
0.000000 
1.581139 
1.581139 
3.354102 
3.354102 
1.581139 
1.581139 
0.500000 
0.500000 
1.500000 
1.500000 
3.354102 
3.354102 
0.500000 
0.500000 
1.000000 
1.000000 
1.118034 
1.118034 
3.354102 
3.354102 
0.500000 
0.500000 
1.000000 
1.000000 
0.707107 
0.707107 
3.354102 
3.354102 
1.000000 
1.000000 
1.000000 
1.000000 
1.000000 
1.000000 
3.354102 
3.354102 
1.000000 
1.000000 
1.000000 
1.000000 
1.414214 
1.414214 
3.354102 
3.354102 
1.118034 
1.118034 
1.000000 
1.000000 
1.414214 
1.414214 
3.354102 
3.354102 
7.106335 
7.106335 
1.000000 
1.000000 
3.162278 
3.162278 
3.354102 
3.354102 
2.549510 
2.549510 
0.000000 
0.000000 
1.000000 
1.000000 
2.549510 
2.549510 
3.354102 
3.354102 
1.581139 
1.581139 
0.000000 
0.000000 
1.000000 
1.000000 
3.905125 
3.905125 
3.354102 
3.354102 
1.000000 
1.000000 
0.000000 
0.000000 
1.000000 
1.000000 
3.905125 
3.905125 
3.354102 
3.354102 
1.000000 
1.000000 
3.041381 
3.041381 
1.000000 
1.000000 
3.905125 
3.905125 
3.354102 
3.354102 
1.118034 
1.118034 
0.707107 
0.707107 
1.000000 
1.000000 
3.905125 
3.905125 
3.354102 
3.354102 
1.118034 
1.118034 
0.707107 
0.707107 
1.000000 
1.000000 
3.905125 
3.905125 
3.354102 
3.354102 
1.118034 
1.118034 
3.041381 
3.041381 
1.000000 
1.000000 
3.905125 
3.905125 
3.354102 
3.354102 
0.000000 
0.000000 
22.022716 
22.022716 
1.000000 
1.000000 
3.905125 
3.905125 
0.707107 
0.707107 
3.535534 
3.535534 
1.000000 
1.000000 
3.905125 
3.905125 
1.118034 
1.118034 
0.707107 
0.707107 
3.905125 
3.905125 
0.500000 
0.500000 
1.802776 
1.802776 
3.905125 
3.905125 
0.500000 
0.500000 
0.500000 
0.500000 
3.905125 
3.905125 
0.500000 
0.500000 
