0.000000 
0.000000 
0.000000 
0.000000 
0.000000 
0.000000 
0.000000 
0.000000 
0.000000 
0.000000 
0.000000 
0.000000 
0.000000 
0.000000 
0.000000 
0.000000 
1.000000 
1.000000 
1.000000 
1.000000 
0.000000 
0.000000 
1.000000 
1.000000 
1.000000 
1.000000 
1.000000 
1.000000 
1.000000 
1.000000 
0.500000 
0.500000 
0.500000 
0.500000 
1.118034 
1.118034 
0.500000 
0.500000 
1.581139 
1.581139 
0.500000 
0.500000 
0.000000 
0.000000 
4.609772 
4.609772 
0.500000 
0.500000 
1.118034 
1.118034 
0.500000 
0.500000 
1.581139 
1.581139 
1.000000 
1.000000 
0.000000 
0.000000 
1.000000 
1.000000 
0.500000 
0.500000 
0.707107 
0.707107 
1.000000 
1.000000 
1.118034 
1.118034 
0.707107 
0.707107 
0.000000 
0.000000 
1.000000 
1.000000 
3.162278 
3.162278 
0.707107 
0.707107 
1.000000 
1.000000 
1.000000 
1.000000 
1.581139 
1.581139 
0.500000 
0.500000 
2.549510 
2.549510 
1.118034 
1.118034 
6.519202 
6.519202 
1.000000 
1.000000 
1.000000 
1.000000 
1.118034 
1.118034 
0.000000 
0.000000 
0.500000 
0.500000 
1.581139 
1.581139 
1.000000 
1.000000 
0.500000 
0.500000 
1.000000 
1.000000 
1.000000 
1.000000 
1.118034 
1.118034 
2.000000 
2.000000 
0.000000 
0.000000 
1.118034 
1.118034 
0.000000 
0.000000 
0.500000 
0.500000 
1.000000 
1.000000 
1.000000 
1.000000 
0.000000 
0.000000 
0.000000 
0.000000 
1.000000 
1.000000 
0.000000 
0.000000 
2.061553 
2.061553 
0.500000 
0.500000 
1.414214 
1.414214 
1.000000 
1.000000 
5.099020 
5.099020 
0.500000 
0.500000 
0.000000 
0.000000 
0.500000 
0.500000 
0.500000 
0.500000 
0.000000 
0.000000 
1.414214 
1.414214 
0.500000 
0.500000 
1.414214 
1.414214 
1.000000 
1.000000 
1.500000 
1.500000 
4.527693 
4.527693 
0.500000 
0.500000 
0.500000 
0.500000 
0.707107 
0.707107 
0.000000 
0.000000 
1.118034 
1.118034 
0.500000 
0.500000 
1.414214 
1.414214 
1.000000 
1.000000 
0.000000 
0.000000 
0.000000 
0.000000 
1.118034 
1.118034 
0.500000 
0.500000 
0.500000 
0.500000 
0.000000 
0.000000 
4.500000 
4.500000 
0.000000 
0.000000 
1.414214 
1.414214 
1.000000 
1.000000 
1.118034 
1.118034 
0.500000 
0.500000 
0.000000 
0.000000 
0.000000 
0.000000 
0.000000 
0.000000 
0.500000 
0.500000 
0.000000 
0.000000 
1.118034 
1.118034 
0.707107 
0.707107 
1.118034 
1.118034 
1.000000 
1.000000 
1.000000 
1.000000 
1.118034 
1.118034 
1.118034 
1.118034 
0.000000 
0.000000 
0.500000 
0.500000 
0.500000 
0.500000 
0.000000 
0.000000 
1.118034 
1.118034 
0.707107 
0.707107 
0.707107 
0.707107 
1.000000 
1.000000 
0.500000 
0.500000 
0.000000 
0.000000 
0.707107 
0.707107 
0.000000 
0.000000 
0.500000 
0.500000 
0.500000 
0.500000 
0.500000 
0.500000 
1.500000 
1.500000 
1.500000 
1.500000 
1.581139 
1.581139 
1.000000 
1.000000 
0.500000 
0.500000 
0.707107 
0.707107 
1.000000 
1.000000 
0.000000 
0.000000 
0.500000 
0.500000 
1.000000 
1.000000 
0.000000 
0.000000 
1.500000 
1.500000 
0.500000 
0.500000 
0.500000 
0.500000 
1.000000 
1.000000 
0.500000 
0.500000 
0.500000 
0.500000 
1.414214 
1.414214 
0.000000 
0.000000 
0.500000 
0.500000 
0.707107 
0.707107 
0.000000 
0.000000 
1.500000 
1.500000 
0.707107 
0.707107 
0.000000 
0.000000 
1.000000 
1.000000 
0.500000 
0.500000 
0.000000 
0.000000 
0.500000 
0.500000 
0.000000 
0.000000 
0.500000 
0.500000 
1.581139 
1.581139 
0.000000 
0.000000 
1.500000 
1.500000 
1.118034 
1.118034 
1.802776 
1.802776 
1.000000 
1.000000 
0.500000 
0.500000 
0.000000 
0.000000 
0.000000 
0.000000 
0.000000 
0.000000 
0.000000 
0.000000 
1.500000 
1.500000 
1.500000 
1.500000 
0.000000 
0.000000 
1.500000 
1.500000 
1.000000 
1.000000 
1.802776 
1.802776 
0.500000 
0.500000 
0.500000 
0.500000 
0.000000 
0.000000 
1.414214 
1.414214 
1.000000 
1.000000 
0.000000 
0.000000 
0.000000 
0.000000 
1.500000 
1.500000 
0.000000 
0.000000 
1.500000 
1.500000 
0.500000 
0.500000 
1.802776 
1.802776 
3.201562 
3.201562 
0.500000 
0.500000 
0.000000 
0.000000 
1.000000 
1.000000 
1.000000 
1.000000 
0.000000 
0.000000 
0.000000 
0.000000 
0.000000 
0.000000 
1.500000 
1.500000 
0.000000 
0.000000 
1.500000 
1.500000 
0.707107 
0.707107 
1.802776 
1.802776 
3.201562 
3.201562 
0.707107 
0.707107 
0.000000 
0.000000 
0.000000 
0.000000 
0.707107 
0.707107 
2.061553 
2.061553 
0.500000 
0.500000 
0.000000 
0.000000 
0.707107 
0.707107 
2.236068 
2.236068 
0.500000 
0.500000 
1.500000 
1.500000 
1.118034 
1.118034 
1.802776 
1.802776 
3.201562 
3.201562 
0.000000 
0.000000 
1.581139 
1.581139 
0.000000 
0.000000 
1.118034 
1.118034 
1.581139 
1.581139 
1.000000 
1.000000 
0.000000 
0.000000 
0.707107 
0.707107 
1.802776 
1.802776 
0.000000 
0.000000 
1.500000 
1.500000 
1.118034 
1.118034 
1.802776 
1.802776 
3.201562 
3.201562 
1.000000 
1.000000 
1.581139 
1.581139 
0.000000 
0.000000 
0.000000 
0.000000 
1.802776 
1.802776 
0.000000 
0.000000 
0.000000 
0.000000 
0.707107 
0.707107 
1.118034 
1.118034 
0.000000 
0.000000 
1.500000 
1.500000 
0.707107 
0.707107 
1.802776 
1.802776 
3.201562 
3.201562 
0.707107 
0.707107 
1.581139 
1.581139 
0.000000 
0.000000 
0.500000 
0.500000 
0.500000 
0.500000 
0.000000 
0.000000 
0.000000 
0.000000 
0.707107 
0.707107 
0.707107 
0.707107 
0.000000 
0.000000 
1.500000 
1.500000 
0.000000 
0.000000 
9.513149 
9.513149 
3.201562 
3.201562 
1.000000 
1.000000 
1.581139 
1.581139 
0.000000 
0.000000 
0.000000 
0.000000 
0.500000 
0.500000 
0.707107 
0.707107 
0.000000 
0.000000 
0.707107 
0.707107 
0.500000 
0.500000 
0.500000 
0.500000 
1.500000 
1.500000 
0.500000 
0.500000 
1.500000 
1.500000 
3.201562 
3.201562 
0.500000 
0.500000 
1.581139 
1.581139 
0.000000 
0.000000 
0.500000 
0.500000 
0.500000 
0.500000 
0.000000 
0.000000 
0.000000 
0.000000 
0.707107 
0.707107 
0.707107 
0.707107 
0.000000 
0.000000 
1.500000 
1.500000 
0.500000 
0.500000 
0.500000 
0.500000 
3.201562 
3.201562 
0.500000 
0.500000 
1.581139 
1.581139 
0.000000 
0.000000 
0.000000 
0.000000 
0.500000 
0.500000 
5.220153 
5.220153 
0.707107 
0.707107 
0.500000 
0.500000 
0.000000 
0.000000 
1.500000 
1.500000 
0.500000 
0.500000 
1.000000 
1.000000 
3.201562 
3.201562 
1.000000 
1.000000 
1.581139 
1.581139 
0.000000 
0.000000 
0.500000 
0.500000 
0.500000 
0.500000 
0.000000 
0.000000 
0.707107 
0.707107 
1.118034 
1.118034 
0.500000 
0.500000 
1.500000 
1.500000 
0.500000 
0.500000 
1.802776 
1.802776 
3.201562 
3.201562 
1.118034 
1.118034 
1.581139 
1.581139 
0.000000 
0.000000 
1.000000 
1.000000 
0.500000 
0.500000 
0.000000 
0.000000 
0.707107 
0.707107 
5.000000 
5.000000 
0.000000 
0.000000 
1.500000 
1.500000 
0.707107 
0.707107 
1.414214 
1.414214 
3.201562 
3.201562 
1.000000 
1.000000 
1.581139 
1.581139 
0.000000 
0.000000 
0.000000 
0.000000 
0.500000 
0.500000 
0.500000 
0.500000 
0.707107 
0.707107 
1.118034 
1.118034 
0.000000 
0.000000 
1.000000 
1.000000 
1.118034 
1.118034 
3.201562 
3.201562 
0.707107 
0.707107 
0.000000 
0.000000 
0.000000 
0.000000 
1.581139 
1.581139 
0.000000 
0.000000 
0.707107 
0.707107 
0.500000 
0.500000 
0.500000 
0.500000 
0.707107 
0.707107 
0.000000 
0.000000 
0.000000 
0.000000 
1.000000 
1.000000 
1.000000 
1.000000 
3.201562 
3.201562 
0.707107 
0.707107 
1.000000 
1.000000 
0.500000 
0.500000 
1.581139 
1.581139 
0.000000 
0.000000 
0.000000 
0.000000 
0.500000 
0.500000 
0.500000 
0.500000 
0.707107 
0.707107 
0.000000 
0.000000 
0.000000 
0.000000 
1.000000 
1.000000 
4.031129 
4.031129 
3.201562 
3.201562 
0.500000 
0.500000 
0.707107 
0.707107 
0.707107 
0.707107 
1.581139 
1.581139 
0.000000 
0.000000 
0.707107 
0.707107 
0.500000 
0.500000 
0.500000 
0.500000 
0.707107 
0.707107 
0.500000 
0.500000 
1.118034 
1.118034 
1.000000 
1.000000 
1.500000 
1.500000 
3.201562 
3.201562 
0.500000 
0.500000 
0.707107 
0.707107 
1.000000 
1.000000 
1.581139 
1.581139 
0.000000 
0.000000 
0.500000 
0.500000 
0.500000 
0.500000 
0.500000 
0.500000 
0.707107 
0.707107 
0.707107 
0.707107 
0.000000 
0.000000 
1.000000 
1.000000 
1.000000 
1.000000 
0.500000 
0.500000 
0.707107 
0.707107 
0.000000 
0.000000 
1.581139 
1.581139 
0.000000 
0.000000 
0.500000 
0.500000 
0.500000 
0.500000 
0.707107 
0.707107 
0.000000 
0.000000 
0.000000 
0.000000 
1.000000 
1.000000 
1.414214 
1.414214 
0.000000 
0.000000 
0.707107 
0.707107 
0.500000 
0.500000 
1.581139 
1.581139 
0.707107 
0.707107 
0.500000 
0.500000 
0.500000 
0.500000 
0.500000 
0.500000 
0.000000 
0.000000 
1.000000 
1.000000 
1.000000 
1.000000 
0.707107 
0.707107 
0.707107 
0.707107 
0.500000 
0.500000 
0.500000 
0.500000 
0.500000 
0.500000 
0.500000 
0.500000 
6.020797 
6.020797 
0.000000 
0.000000 
1.000000 
1.000000 
1.414214 
1.414214 
0.707107 
0.707107 
