0.000000 
0.000000 
0.000000 
0.000000 
0.000000 
0.000000 
2.549510 
2.549510 
2.549510 
2.549510 
1.802776 
1.802776 
2.692582 
2.692582 
1.581139 
1.581139 
5.000000 
5.000000 
1.000000 
1.000000 
1.000000 
1.000000 
5.000000 
5.000000 
0.500000 
0.500000 
0.707107 
0.707107 
2.061553 
2.061553 
0.500000 
0.500000 
0.500000 
0.500000 
2.000000 
2.000000 
1.118034 
1.118034 
1.118034 
1.118034 
3.162278 
3.162278 
1.500000 
1.500000 
0.707107 
0.707107 
2.549510 
2.549510 
2.500000 
2.500000 
0.500000 
0.500000 
6.020797 
6.020797 
1.000000 
1.000000 
1.118034 
1.118034 
3.162278 
3.162278 
4.609772 
4.609772 
0.000000 
0.000000 
3.162278 
3.162278 
0.500000 
0.500000 
0.500000 
0.500000 
1.802776 
1.802776 
3.500000 
3.500000 
3.640055 
3.640055 
4.031129 
4.031129 
0.707107 
0.707107 
1.414214 
1.414214 
0.500000 
0.500000 
0.500000 
0.500000 
1.000000 
1.000000 
1.000000 
1.000000 
1.802776 
1.802776 
0.707107 
0.707107 
0.000000 
0.000000 
1.581139 
1.581139 
1.118034 
1.118034 
1.000000 
1.000000 
2.061553 
2.061553 
0.707107 
0.707107 
1.000000 
1.000000 
1.500000 
1.500000 
0.000000 
0.000000 
0.707107 
0.707107 
0.000000 
0.000000 
0.707107 
0.707107 
2.500000 
2.500000 
1.118034 
1.118034 
0.500000 
0.500000 
1.118034 
1.118034 
0.707107 
0.707107 
1.118034 
1.118034 
1.118034 
1.118034 
0.500000 
0.500000 
1.118034 
1.118034 
2.121320 
2.121320 
2.236068 
2.236068 
0.500000 
0.500000 
1.414214 
1.414214 
1.118034 
1.118034 
4.123106 
4.123106 
7.280110 
7.280110 
10.111874 
10.111874 
1.500000 
1.500000 
1.581139 
1.581139 
2.549510 
2.549510 
3.162278 
3.162278 
2.236068 
2.236068 
2.915476 
2.915476 
3.000000 
3.000000 
2.500000 
2.500000 
4.000000 
4.000000 
2.061553 
2.061553 
2.500000 
2.500000 
3.041381 
3.041381 
5.700877 
5.700877 
1.802776 
1.802776 
2.000000 
2.000000 
2.236068 
2.236068 
2.236068 
2.236068 
2.061553 
2.061553 
2.061553 
2.061553 
1.581139 
1.581139 
1.414214 
1.414214 
2.549510 
2.549510 
1.414214 
1.414214 
0.500000 
0.500000 
2.000000 
2.000000 
0.707107 
0.707107 
0.707107 
0.707107 
4.609772 
4.609772 
1.000000 
1.000000 
0.707107 
0.707107 
1.118034 
1.118034 
1.118034 
1.118034 
0.707107 
0.707107 
0.500000 
0.500000 
1.118034 
1.118034 
0.000000 
0.000000 
1.118034 
1.118034 
1.414214 
1.414214 
0.500000 
0.500000 
1.000000 
1.000000 
0.500000 
0.500000 
0.000000 
0.000000 
1.581139 
1.581139 
1.118034 
1.118034 
