0.000000 
0.000000 
0.000000 
0.000000 
0.000000 
0.000000 
0.000000 
0.000000 
0.500000 
0.500000 
7.566373 
7.566373 
0.707107 
0.707107 
1.118034 
1.118034 
0.500000 
0.500000 
3.162278 
3.162278 
0.500000 
0.500000 
1.000000 
1.000000 
0.000000 
0.000000 
0.707107 
0.707107 
3.162278 
3.162278 
0.707107 
0.707107 
0.707107 
0.707107 
3.000000 
3.000000 
4.527693 
4.527693 
3.162278 
3.162278 
0.500000 
0.500000 
0.707107 
0.707107 
3.041381 
3.041381 
1.581139 
1.581139 
3.162278 
3.162278 
1.414214 
1.414214 
2.500000 
2.500000 
2.500000 
2.500000 
0.707107 
0.707107 
3.162278 
3.162278 
2.061553 
2.061553 
3.535534 
3.535534 
2.500000 
2.500000 
1.118034 
1.118034 
3.162278 
3.162278 
1.802776 
1.802776 
0.707107 
0.707107 
2.500000 
2.500000 
0.707107 
0.707107 
3.162278 
3.162278 
2.121320 
2.121320 
1.118034 
1.118034 
2.500000 
2.500000 
0.707107 
0.707107 
3.162278 
3.162278 
6.670832 
6.670832 
1.000000 
1.000000 
2.500000 
2.500000 
0.707107 
0.707107 
3.162278 
3.162278 
1.118034 
1.118034 
0.500000 
0.500000 
2.500000 
2.500000 
0.707107 
0.707107 
3.162278 
3.162278 
2.236068 
2.236068 
0.500000 
0.500000 
2.500000 
2.500000 
3.807887 
3.807887 
3.162278 
3.162278 
1.000000 
1.000000 
1.414214 
1.414214 
2.500000 
2.500000 
0.707107 
0.707107 
3.162278 
3.162278 
0.500000 
0.500000 
0.500000 
0.500000 
2.500000 
2.500000 
1.118034 
1.118034 
3.162278 
3.162278 
1.118034 
1.118034 
0.500000 
0.500000 
2.500000 
2.500000 
1.581139 
1.581139 
3.162278 
3.162278 
0.500000 
0.500000 
1.000000 
1.000000 
2.500000 
2.500000 
1.500000 
1.500000 
3.162278 
3.162278 
2.236068 
2.236068 
0.500000 
0.500000 
2.500000 
2.500000 
2.061553 
2.061553 
1.802776 
1.802776 
0.500000 
0.500000 
2.500000 
2.500000 
1.500000 
1.500000 
1.118034 
1.118034 
1.000000 
1.000000 
2.500000 
2.500000 
9.124144 
9.124144 
0.707107 
0.707107 
0.500000 
0.500000 
2.500000 
2.500000 
0.500000 
0.500000 
1.118034 
1.118034 
1.118034 
1.118034 
0.707107 
0.707107 
0.000000 
0.000000 
0.000000 
0.000000 
0.707107 
0.707107 
0.500000 
0.500000 
0.707107 
0.707107 
0.707107 
0.707107 
0.707107 
0.707107 
0.500000 
0.500000 
1.118034 
1.118034 
1.802776 
1.802776 
0.500000 
0.500000 
8.015610 
8.015610 
1.118034 
1.118034 
0.707107 
0.707107 
11.543396 
11.543396 
1.118034 
1.118034 
0.500000 
0.500000 
0.000000 
0.000000 
11.180340 
11.180340 
0.707107 
0.707107 
0.500000 
0.500000 
2.000000 
2.000000 
0.707107 
0.707107 
0.707107 
0.707107 
0.000000 
0.000000 
1.802776 
1.802776 
0.707107 
0.707107 
1.118034 
1.118034 
0.500000 
0.500000 
8.514693 
8.514693 
0.707107 
0.707107 
0.500000 
0.500000 
0.500000 
0.500000 
2.549510 
2.549510 
0.707107 
0.707107 
1.118034 
1.118034 
0.500000 
0.500000 
2.061553 
2.061553 
0.707107 
0.707107 
12.257651 
12.257651 
0.500000 
0.500000 
6.576473 
6.576473 
0.707107 
0.707107 
0.500000 
0.500000 
0.500000 
0.500000 
3.000000 
3.000000 
0.707107 
0.707107 
1.802776 
1.802776 
1.118034 
1.118034 
3.000000 
3.000000 
0.707107 
0.707107 
1.118034 
1.118034 
0.000000 
0.000000 
2.000000 
2.000000 
0.707107 
0.707107 
0.707107 
0.707107 
0.000000 
0.000000 
5.000000 
5.000000 
0.707107 
0.707107 
0.500000 
0.500000 
0.707107 
0.707107 
1.118034 
1.118034 
0.707107 
0.707107 
0.500000 
0.500000 
0.000000 
0.000000 
