0.000000 
0.000000 
0.000000 
0.000000 
0.000000 
0.000000 
0.000000 
0.000000 
1.118034 
1.118034 
0.500000 
0.500000 
0.000000 
0.000000 
1.000000 
1.000000 
0.707107 
0.707107 
0.000000 
0.000000 
12.041595 
12.041595 
0.500000 
0.500000 
0.000000 
0.000000 
1.414214 
1.414214 
0.000000 
0.000000 
0.000000 
0.000000 
0.500000 
0.500000 
0.500000 
0.500000 
0.000000 
0.000000 
0.000000 
0.000000 
0.500000 
0.500000 
0.000000 
0.000000 
1.802776 
1.802776 
0.500000 
0.500000 
0.000000 
0.000000 
0.500000 
0.500000 
0.707107 
0.707107 
0.000000 
0.000000 
0.707107 
0.707107 
0.000000 
0.000000 
10.440307 
10.440307 
9.500000 
9.500000 
1.118034 
1.118034 
10.440307 
10.440307 
0.500000 
0.500000 
0.500000 
0.500000 
0.000000 
0.000000 
10.440307 
10.440307 
4.031129 
4.031129 
1.000000 
1.000000 
0.000000 
0.000000 
10.440307 
10.440307 
0.500000 
0.500000 
0.000000 
0.000000 
1.118034 
1.118034 
10.440307 
10.440307 
4.527693 
4.527693 
0.707107 
0.707107 
1.118034 
1.118034 
10.440307 
10.440307 
0.000000 
0.000000 
2.061553 
2.061553 
1.118034 
1.118034 
10.440307 
10.440307 
0.707107 
0.707107 
1.000000 
1.000000 
1.118034 
1.118034 
10.440307 
10.440307 
0.707107 
0.707107 
0.707107 
0.707107 
1.118034 
1.118034 
10.440307 
10.440307 
0.500000 
0.500000 
0.500000 
0.500000 
1.118034 
1.118034 
10.440307 
10.440307 
5.024938 
5.024938 
1.000000 
1.000000 
1.118034 
1.118034 
10.440307 
10.440307 
1.000000 
1.000000 
0.707107 
0.707107 
1.118034 
1.118034 
10.440307 
10.440307 
0.707107 
0.707107 
1.000000 
1.000000 
1.118034 
1.118034 
10.440307 
10.440307 
0.500000 
0.500000 
0.000000 
0.000000 
1.118034 
1.118034 
10.440307 
10.440307 
0.500000 
0.500000 
3.041381 
3.041381 
1.118034 
1.118034 
10.440307 
10.440307 
1.500000 
1.500000 
0.707107 
0.707107 
1.118034 
1.118034 
1.118034 
1.118034 
0.500000 
0.500000 
1.118034 
1.118034 
0.000000 
0.000000 
0.500000 
0.500000 
1.118034 
1.118034 
0.707107 
0.707107 
0.500000 
0.500000 
1.118034 
1.118034 
0.000000 
0.000000 
0.500000 
0.500000 
4.123106 
4.123106 
0.707107 
0.707107 
0.707107 
0.707107 
0.500000 
0.500000 
0.000000 
0.000000 
0.500000 
0.500000 
0.707107 
0.707107 
1.000000 
1.000000 
0.000000 
0.000000 
0.707107 
0.707107 
0.000000 
0.000000 
2.061553 
2.061553 
0.500000 
0.500000 
0.500000 
0.500000 
3.500000 
3.500000 
0.500000 
0.500000 
0.707107 
0.707107 
2.549510 
2.549510 
1.414214 
1.414214 
0.707107 
0.707107 
9.013878 
9.013878 
0.500000 
0.500000 
1.118034 
1.118034 
4.031129 
4.031129 
1.802776 
1.802776 
1.581139 
1.581139 
