0.000000 
0.000000 
0.000000 
0.000000 
0.000000 
0.000000 
0.000000 
0.000000 
0.000000 
0.000000 
0.000000 
0.000000 
2.549510 
2.549510 
0.000000 
0.000000 
3.500000 
3.500000 
3.000000 
3.000000 
1.000000 
1.000000 
2.915476 
2.915476 
0.000000 
0.000000 
10.259142 
10.259142 
11.011358 
11.011358 
1.118034 
1.118034 
2.500000 
2.500000 
0.500000 
0.500000 
2.500000 
2.500000 
0.000000 
0.000000 
1.581139 
1.581139 
10.259142 
10.259142 
1.118034 
1.118034 
1.802776 
1.802776 
7.017834 
7.017834 
1.414214 
1.414214 
3.640055 
3.640055 
2.061553 
2.061553 
1.118034 
1.118034 
10.259142 
10.259142 
0.500000 
0.500000 
3.640055 
3.640055 
4.031129 
4.031129 
1.414214 
1.414214 
1.802776 
1.802776 
2.000000 
2.000000 
7.648529 
7.648529 
10.259142 
10.259142 
0.500000 
0.500000 
1.118034 
1.118034 
3.535534 
3.535534 
1.414214 
1.414214 
2.121320 
2.121320 
2.000000 
2.000000 
1.802776 
1.802776 
10.259142 
10.259142 
0.500000 
0.500000 
1.118034 
1.118034 
9.500000 
9.500000 
1.414214 
1.414214 
2.236068 
2.236068 
2.000000 
2.000000 
2.500000 
2.500000 
10.259142 
10.259142 
0.500000 
0.500000 
1.118034 
1.118034 
3.500000 
3.500000 
1.414214 
1.414214 
0.707107 
0.707107 
2.000000 
2.000000 
2.500000 
2.500000 
10.259142 
10.259142 
0.500000 
0.500000 
1.118034 
1.118034 
8.514693 
8.514693 
1.414214 
1.414214 
3.640055 
3.640055 
2.000000 
2.000000 
0.707107 
0.707107 
10.259142 
10.259142 
0.500000 
0.500000 
1.118034 
1.118034 
3.500000 
3.500000 
1.414214 
1.414214 
1.000000 
1.000000 
2.000000 
2.000000 
0.707107 
0.707107 
10.259142 
10.259142 
0.500000 
0.500000 
1.118034 
1.118034 
3.500000 
3.500000 
1.414214 
1.414214 
1.581139 
1.581139 
2.000000 
2.000000 
5.522681 
5.522681 
10.259142 
10.259142 
0.500000 
0.500000 
1.118034 
1.118034 
18.398369 
18.398369 
1.414214 
1.414214 
3.605551 
3.605551 
2.000000 
2.000000 
0.500000 
0.500000 
10.259142 
10.259142 
0.500000 
0.500000 
1.118034 
1.118034 
2.549510 
2.549510 
1.414214 
1.414214 
0.707107 
0.707107 
2.000000 
2.000000 
0.500000 
0.500000 
10.259142 
10.259142 
0.500000 
0.500000 
1.118034 
1.118034 
3.000000 
3.000000 
1.414214 
1.414214 
2.000000 
2.000000 
0.000000 
0.000000 
2.000000 
2.000000 
0.500000 
0.500000 
10.259142 
10.259142 
0.500000 
0.500000 
1.118034 
1.118034 
6.264982 
6.264982 
1.414214 
1.414214 
5.590170 
5.590170 
0.000000 
0.000000 
2.000000 
2.000000 
0.500000 
0.500000 
10.259142 
10.259142 
0.500000 
0.500000 
1.118034 
1.118034 
3.041381 
3.041381 
1.414214 
1.414214 
2.121320 
2.121320 
0.000000 
0.000000 
0.000000 
0.000000 
2.000000 
2.000000 
7.071068 
7.071068 
10.259142 
10.259142 
0.500000 
0.500000 
1.118034 
1.118034 
2.500000 
2.500000 
1.414214 
1.414214 
2.000000 
2.000000 
1.118034 
1.118034 
0.000000 
0.000000 
2.000000 
2.000000 
7.071068 
7.071068 
0.500000 
0.500000 
1.118034 
1.118034 
12.806248 
12.806248 
1.414214 
1.414214 
5.700877 
5.700877 
1.118034 
1.118034 
0.000000 
0.000000 
2.000000 
2.000000 
2.000000 
2.000000 
0.500000 
0.500000 
1.118034 
1.118034 
2.236068 
2.236068 
2.236068 
2.236068 
0.000000 
0.000000 
1.118034 
1.118034 
0.000000 
0.000000 
2.000000 
2.000000 
2.000000 
2.000000 
1.118034 
1.118034 
9.486833 
9.486833 
1.118034 
1.118034 
2.000000 
2.000000 
1.118034 
1.118034 
0.000000 
0.000000 
2.000000 
2.000000 
2.828427 
2.828427 
1.118034 
1.118034 
2.236068 
2.236068 
1.118034 
1.118034 
0.000000 
0.000000 
2.000000 
2.000000 
1.118034 
1.118034 
6.519202 
6.519202 
0.000000 
0.000000 
1.118034 
1.118034 
0.000000 
0.000000 
2.000000 
2.000000 
5.522681 
5.522681 
2.500000 
2.500000 
0.000000 
0.000000 
0.000000 
0.000000 
1.118034 
1.118034 
0.000000 
0.000000 
2.000000 
2.000000 
11.500000 
11.500000 
2.549510 
2.549510 
2.000000 
2.000000 
1.414214 
1.414214 
1.118034 
1.118034 
0.000000 
0.000000 
2.000000 
2.000000 
11.672618 
11.672618 
2.692582 
2.692582 
0.000000 
0.000000 
2.000000 
2.000000 
6.082763 
6.082763 
1.118034 
1.118034 
0.000000 
0.000000 
2.000000 
2.000000 
0.707107 
0.707107 
7.566373 
7.566373 
13.009612 
13.009612 
2.000000 
2.000000 
5.500000 
5.500000 
1.118034 
1.118034 
0.000000 
0.000000 
2.000000 
2.000000 
0.000000 
0.000000 
11.884864 
11.884864 
1.414214 
1.414214 
2.000000 
2.000000 
1.118034 
1.118034 
1.118034 
1.118034 
0.000000 
0.000000 
2.000000 
2.000000 
0.707107 
0.707107 
2.692582 
2.692582 
0.000000 
0.000000 
2.500000 
2.500000 
2.000000 
2.000000 
1.581139 
1.581139 
1.118034 
1.118034 
0.000000 
0.000000 
2.000000 
2.000000 
1.500000 
1.500000 
5.700877 
5.700877 
10.000000 
10.000000 
1.118034 
1.118034 
2.000000 
2.000000 
2.061553 
2.061553 
1.118034 
1.118034 
2.000000 
2.000000 
1.500000 
1.500000 
1.414214 
1.414214 
3.041381 
3.041381 
9.013878 
9.013878 
2.000000 
2.000000 
2.500000 
2.500000 
1.118034 
1.118034 
2.000000 
2.000000 
1.500000 
1.500000 
2.692582 
2.692582 
3.041381 
3.041381 
1.500000 
1.500000 
2.000000 
2.000000 
1.802776 
1.802776 
1.118034 
1.118034 
2.000000 
2.000000 
1.500000 
1.500000 
8.381527 
8.381527 
3.041381 
3.041381 
0.500000 
0.500000 
2.000000 
2.000000 
0.500000 
0.500000 
1.118034 
1.118034 
2.000000 
2.000000 
1.500000 
1.500000 
3.201562 
3.201562 
0.000000 
0.000000 
0.000000 
0.000000 
3.041381 
3.041381 
0.500000 
0.500000 
2.000000 
2.000000 
5.024938 
5.024938 
1.500000 
1.500000 
3.041381 
3.041381 
1.118034 
1.118034 
0.707107 
0.707107 
3.041381 
3.041381 
0.707107 
0.707107 
2.000000 
2.000000 
0.707107 
0.707107 
1.500000 
1.500000 
11.412712 
11.412712 
0.000000 
0.000000 
4.272002 
4.272002 
0.500000 
0.500000 
3.041381 
3.041381 
0.707107 
0.707107 
2.000000 
2.000000 
2.236068 
2.236068 
1.500000 
1.500000 
5.590170 
5.590170 
0.000000 
0.000000 
0.000000 
0.000000 
0.707107 
0.707107 
1.000000 
1.000000 
3.041381 
3.041381 
0.707107 
0.707107 
2.000000 
2.000000 
11.011358 
11.011358 
1.500000 
1.500000 
0.500000 
0.500000 
0.000000 
0.000000 
0.000000 
0.000000 
1.118034 
1.118034 
0.000000 
0.000000 
3.041381 
3.041381 
0.707107 
0.707107 
2.000000 
2.000000 
3.041381 
3.041381 
1.500000 
1.500000 
5.590170 
5.590170 
0.000000 
0.000000 
0.000000 
0.000000 
3.500000 
3.500000 
0.500000 
0.500000 
3.041381 
3.041381 
0.707107 
0.707107 
2.000000 
2.000000 
1.802776 
1.802776 
1.500000 
1.500000 
2.549510 
2.549510 
