0.000000 
0.000000 
3.041381 
3.041381 
1.414214 
1.414214 
1.802776 
1.802776 
2.549510 
2.549510 
2.061553 
2.061553 
2.549510 
2.549510 
0.707107 
0.707107 
1.000000 
1.000000 
2.549510 
2.549510 
4.123106 
4.123106 
3.041381 
3.041381 
0.000000 
0.000000 
3.041381 
3.041381 
0.000000 
0.000000 
3.354102 
3.354102 
0.000000 
0.000000 
1.581139 
1.581139 
30.500000 
30.500000 
1.581139 
1.581139 
33.514922 
33.514922 
1.581139 
1.581139 
0.000000 
0.000000 
0.707107 
0.707107 
1.581139 
1.581139 
1.000000 
1.000000 
35.057096 
35.057096 
1.581139 
1.581139 
1.000000 
1.000000 
1.500000 
1.500000 
1.581139 
1.581139 
4.000000 
4.000000 
0.500000 
0.500000 
1.581139 
1.581139 
3.000000 
3.000000 
1.000000 
1.000000 
1.581139 
1.581139 
11.543396 
11.543396 
19.506409 
19.506409 
1.581139 
1.581139 
2.121320 
2.121320 
2.500000 
2.500000 
1.581139 
1.581139 
20.303941 
20.303941 
2.236068 
2.236068 
1.581139 
1.581139 
4.527693 
4.527693 
2.549510 
2.549510 
1.581139 
1.581139 
22.522211 
22.522211 
2.121320 
2.121320 
1.581139 
1.581139 
1.500000 
1.500000 
3.201562 
3.201562 
1.581139 
1.581139 
1.118034 
1.118034 
2.692582 
2.692582 
1.581139 
1.581139 
1.118034 
1.118034 
0.500000 
0.500000 
1.581139 
1.581139 
14.422205 
14.422205 
1.581139 
1.581139 
14.422205 
14.422205 
1.581139 
1.581139 
14.422205 
14.422205 
32.035137 
32.035137 
14.422205 
14.422205 
0.000000 
0.000000 
8.732125 
8.732125 
3.041381 
3.041381 
2.061553 
2.061553 
4.716991 
4.716991 
1.581139 
1.581139 
33.034073 
33.034073 
0.707107 
0.707107 
2.061553 
2.061553 
9.013878 
9.013878 
