0.000000 
0.000000 
0.000000 
0.000000 
0.000000 
0.000000 
2.549510 
2.549510 
1.118034 
1.118034 
2.000000 
2.000000 
2.549510 
2.549510 
1.000000 
1.000000 
2.549510 
2.549510 
7.071068 
7.071068 
1.802776 
1.802776 
1.000000 
1.000000 
3.500000 
3.500000 
0.707107 
0.707107 
4.527693 
4.527693 
3.000000 
3.000000 
1.118034 
1.118034 
2.061553 
2.061553 
7.566373 
7.566373 
1.118034 
1.118034 
2.061553 
2.061553 
3.354102 
3.354102 
0.500000 
0.500000 
2.061553 
2.061553 
2.915476 
2.915476 
1.000000 
1.000000 
1.414214 
1.414214 
2.500000 
2.500000 
0.707107 
0.707107 
1.118034 
1.118034 
7.017834 
7.017834 
1.118034 
1.118034 
1.118034 
1.118034 
3.041381 
3.041381 
20.056171 
20.056171 
1.118034 
1.118034 
5.408327 
5.408327 
6.946222 
6.946222 
1.118034 
1.118034 
6.000000 
6.000000 
1.118034 
1.118034 
1.118034 
1.118034 
2.061553 
2.061553 
4.609772 
4.609772 
1.118034 
1.118034 
4.123106 
4.123106 
10.440307 
10.440307 
1.118034 
1.118034 
2.692582 
2.692582 
2.500000 
2.500000 
1.118034 
1.118034 
7.017834 
7.017834 
1.581139 
1.581139 
1.118034 
1.118034 
3.640055 
3.640055 
1.581139 
1.581139 
1.118034 
1.118034 
3.041381 
3.041381 
1.118034 
1.118034 
1.118034 
1.118034 
5.500000 
5.500000 
0.500000 
0.500000 
1.118034 
1.118034 
2.061553 
2.061553 
2.236068 
2.236068 
1.118034 
1.118034 
2.549510 
2.549510 
1.118034 
1.118034 
1.118034 
1.118034 
2.692582 
2.692582 
1.118034 
1.118034 
1.118034 
1.118034 
2.121320 
2.121320 
0.707107 
0.707107 
5.590170 
5.590170 
0.500000 
0.500000 
1.000000 
1.000000 
0.707107 
0.707107 
1.581139 
1.581139 
1.581139 
1.581139 
3.807887 
3.807887 
2.500000 
2.500000 
1.118034 
1.118034 
3.041381 
3.041381 
0.500000 
0.500000 
3.162278 
3.162278 
1.118034 
1.118034 
2.500000 
2.500000 
1.581139 
1.581139 
2.000000 
2.000000 
1.500000 
1.500000 
11.236103 
11.236103 
0.000000 
0.000000 
1.414214 
1.414214 
4.123106 
4.123106 
1.581139 
1.581139 
1.414214 
1.414214 
3.640055 
3.640055 
1.581139 
1.581139 
1.414214 
1.414214 
4.242641 
4.242641 
0.000000 
0.000000 
10.440307 
10.440307 
1.414214 
1.414214 
4.242641 
4.242641 
4.031129 
4.031129 
6.082763 
6.082763 
6.020797 
6.020797 
4.242641 
4.242641 
