0.000000 
0.000000 
0.000000 
0.000000 
0.707107 
0.707107 
1.118034 
1.118034 
0.500000 
0.500000 
1.000000 
1.000000 
0.000000 
0.000000 
11.510864 
11.510864 
0.500000 
0.500000 
1.118034 
1.118034 
0.707107 
0.707107 
8.514693 
8.514693 
3.201562 
3.201562 
1.802776 
1.802776 
1.118034 
1.118034 
8.015610 
8.015610 
1.118034 
1.118034 
1.118034 
1.118034 
0.000000 
0.000000 
8.558621 
8.558621 
0.707107 
0.707107 
8.514693 
8.514693 
1.118034 
1.118034 
0.707107 
0.707107 
0.000000 
0.000000 
0.500000 
0.500000 
0.707107 
0.707107 
0.707107 
0.707107 
0.000000 
0.000000 
1.118034 
1.118034 
1.414214 
1.414214 
1.500000 
1.500000 
0.000000 
0.000000 
7.071068 
7.071068 
1.118034 
1.118034 
1.581139 
1.581139 
0.000000 
0.000000 
0.500000 
0.500000 
1.414214 
1.414214 
1.118034 
1.118034 
0.000000 
0.000000 
6.500000 
6.500000 
4.000000 
4.000000 
0.707107 
0.707107 
0.000000 
0.000000 
0.000000 
0.000000 
6.500000 
6.500000 
1.000000 
1.000000 
1.000000 
1.000000 
0.707107 
0.707107 
0.000000 
0.000000 
6.500000 
6.500000 
1.581139 
1.581139 
7.762087 
7.762087 
0.707107 
0.707107 
0.000000 
0.000000 
6.500000 
6.500000 
1.581139 
1.581139 
1.000000 
1.000000 
0.707107 
0.707107 
0.000000 
0.000000 
6.500000 
6.500000 
1.500000 
1.500000 
1.500000 
1.500000 
0.707107 
0.707107 
0.000000 
0.000000 
6.500000 
6.500000 
1.500000 
1.500000 
1.118034 
1.118034 
0.707107 
0.707107 
0.000000 
0.000000 
6.500000 
6.500000 
0.500000 
0.500000 
1.000000 
1.000000 
0.707107 
0.707107 
0.000000 
0.000000 
6.500000 
6.500000 
0.500000 
0.500000 
0.500000 
0.500000 
1.802776 
1.802776 
0.000000 
0.000000 
6.500000 
6.500000 
0.500000 
0.500000 
0.000000 
0.000000 
0.000000 
0.000000 
0.000000 
0.000000 
6.500000 
6.500000 
0.000000 
0.000000 
1.118034 
1.118034 
0.500000 
0.500000 
0.000000 
0.000000 
6.500000 
6.500000 
0.500000 
0.500000 
9.617692 
9.617692 
0.500000 
0.500000 
6.500000 
6.500000 
0.707107 
0.707107 
0.707107 
0.707107 
1.000000 
1.000000 
6.500000 
6.500000 
1.000000 
1.000000 
0.707107 
0.707107 
1.000000 
1.000000 
6.500000 
6.500000 
0.500000 
0.500000 
0.707107 
0.707107 
1.000000 
1.000000 
6.500000 
6.500000 
0.500000 
0.500000 
0.707107 
0.707107 
1.000000 
1.000000 
0.500000 
0.500000 
1.581139 
1.581139 
0.000000 
0.000000 
0.500000 
0.500000 
0.707107 
0.707107 
7.017834 
7.017834 
0.500000 
0.500000 
0.000000 
0.000000 
1.118034 
1.118034 
7.000000 
7.000000 
3.000000 
3.000000 
9.500000 
9.500000 
0.000000 
0.000000 
0.500000 
0.500000 
5.590170 
5.590170 
9.500000 
9.500000 
0.500000 
0.500000 
0.500000 
0.500000 
0.000000 
0.000000 
0.000000 
0.000000 
1.500000 
1.500000 
9.500000 
9.500000 
1.000000 
1.000000 
0.500000 
0.500000 
0.707107 
0.707107 
0.500000 
0.500000 
1.000000 
1.000000 
9.500000 
9.500000 
1.118034 
1.118034 
0.500000 
0.500000 
3.162278 
3.162278 
0.000000 
0.000000 
1.118034 
1.118034 
9.500000 
9.500000 
0.500000 
0.500000 
0.500000 
0.500000 
1.581139 
1.581139 
1.118034 
1.118034 
0.500000 
0.500000 
9.500000 
9.500000 
0.707107 
0.707107 
0.500000 
0.500000 
4.609772 
4.609772 
1.500000 
1.500000 
0.500000 
0.500000 
9.500000 
9.500000 
0.707107 
0.707107 
7.071068 
7.071068 
1.000000 
1.000000 
2.061553 
2.061553 
1.000000 
1.000000 
9.500000 
9.500000 
0.707107 
0.707107 
6.500000 
6.500000 
