0.000000 
0.000000 
0.000000 
0.000000 
0.000000 
0.000000 
1.118034 
1.118034 
0.500000 
0.500000 
1.500000 
1.500000 
0.500000 
0.500000 
6.082763 
6.082763 
0.500000 
0.500000 
3.905125 
3.905125 
0.500000 
0.500000 
0.707107 
0.707107 
7.648529 
7.648529 
0.500000 
0.500000 
1.802776 
1.802776 
0.500000 
0.500000 
1.118034 
1.118034 
0.500000 
0.500000 
1.118034 
1.118034 
1.414214 
1.414214 
1.118034 
1.118034 
2.061553 
2.061553 
1.118034 
1.118034 
1.581139 
1.581139 
1.118034 
1.118034 
1.000000 
1.000000 
1.118034 
1.118034 
1.500000 
1.500000 
1.118034 
1.118034 
8.000000 
8.000000 
1.118034 
1.118034 
1.802776 
1.802776 
1.118034 
1.118034 
2.500000 
2.500000 
1.118034 
1.118034 
1.581139 
1.581139 
1.118034 
1.118034 
2.236068 
2.236068 
1.118034 
1.118034 
2.236068 
2.236068 
1.118034 
1.118034 
3.041381 
3.041381 
1.118034 
1.118034 
1.581139 
1.581139 
1.118034 
1.118034 
2.121320 
2.121320 
0.000000 
0.000000 
1.000000 
1.000000 
0.707107 
0.707107 
0.500000 
0.500000 
1.118034 
1.118034 
2.061553 
2.061553 
1.581139 
1.581139 
1.000000 
1.000000 
0.500000 
0.500000 
12.903488 
12.903488 
7.280110 
7.280110 
1.118034 
1.118034 
1.118034 
1.118034 
4.500000 
4.500000 
1.118034 
1.118034 
0.500000 
0.500000 
