0.000000 
0.000000 
2.549510 
2.549510 
2.236068 
2.236068 
4.123106 
4.123106 
0.000000 
0.000000 
0.000000 
0.000000 
1.118034 
1.118034 
0.000000 
0.000000 
1.000000 
1.000000 
4.609772 
4.609772 
0.000000 
0.000000 
1.118034 
1.118034 
0.500000 
0.500000 
0.000000 
0.000000 
1.118034 
1.118034 
4.527693 
4.527693 
0.000000 
0.000000 
1.118034 
1.118034 
1.118034 
1.118034 
0.000000 
0.000000 
3.535534 
3.535534 
7.158911 
7.158911 
0.000000 
0.000000 
2.061553 
2.061553 
1.581139 
1.581139 
0.000000 
0.000000 
2.000000 
2.000000 
0.500000 
0.500000 
0.000000 
0.000000 
4.716991 
4.716991 
1.118034 
1.118034 
0.000000 
0.000000 
1.118034 
1.118034 
8.558621 
8.558621 
0.000000 
0.000000 
0.707107 
0.707107 
6.264982 
6.264982 
0.000000 
0.000000 
1.581139 
1.581139 
6.041523 
6.041523 
0.000000 
0.000000 
1.802776 
1.802776 
4.272002 
4.272002 
0.000000 
0.000000 
1.802776 
1.802776 
0.707107 
0.707107 
0.000000 
0.000000 
2.692582 
2.692582 
1.581139 
1.581139 
2.692582 
2.692582 
2.692582 
2.692582 
2.692582 
2.692582 
3.605551 
3.605551 
2.692582 
2.692582 
2.121320 
2.121320 
2.692582 
2.692582 
1.581139 
1.581139 
2.692582 
2.692582 
14.577380 
14.577380 
2.692582 
2.692582 
2.500000 
2.500000 
2.692582 
2.692582 
2.500000 
2.500000 
2.692582 
2.692582 
2.500000 
2.500000 
0.000000 
0.000000 
2.692582 
2.692582 
2.500000 
2.500000 
0.000000 
0.000000 
2.692582 
2.692582 
2.500000 
2.500000 
0.500000 
0.500000 
2.692582 
2.692582 
2.500000 
2.500000 
11.768602 
11.768602 
2.692582 
2.692582 
2.500000 
2.500000 
0.707107 
0.707107 
2.692582 
2.692582 
2.500000 
2.500000 
1.802776 
1.802776 
2.692582 
2.692582 
2.500000 
2.500000 
3.201562 
3.201562 
2.500000 
2.500000 
3.201562 
3.201562 
2.500000 
2.500000 
0.000000 
0.000000 
3.201562 
3.201562 
2.500000 
2.500000 
1.802776 
1.802776 
3.201562 
3.201562 
2.500000 
2.500000 
7.000000 
7.000000 
3.201562 
3.201562 
2.500000 
2.500000 
0.707107 
0.707107 
3.201562 
3.201562 
2.500000 
2.500000 
