0.000000 
0.000000 
0.000000 
0.000000 
1.581139 
1.581139 
0.000000 
0.000000 
1.581139 
1.581139 
0.000000 
0.000000 
10.049876 
10.049876 
0.000000 
0.000000 
2.061553 
2.061553 
0.000000 
0.000000 
2.061553 
2.061553 
0.000000 
0.000000 
0.000000 
0.000000 
2.061553 
2.061553 
0.000000 
0.000000 
3.354102 
3.354102 
2.061553 
2.061553 
0.000000 
0.000000 
4.031129 
4.031129 
28.217902 
28.217902 
0.000000 
0.000000 
14.035669 
14.035669 
22.090722 
22.090722 
0.000000 
0.000000 
4.031129 
4.031129 
1.118034 
1.118034 
0.000000 
0.000000 
6.020797 
6.020797 
2.121320 
2.121320 
0.000000 
0.000000 
0.000000 
0.000000 
4.527693 
4.527693 
3.640055 
3.640055 
0.000000 
0.000000 
0.500000 
0.500000 
2.061553 
2.061553 
3.000000 
3.000000 
0.000000 
0.000000 
2.000000 
2.000000 
9.013878 
9.013878 
1.500000 
1.500000 
0.000000 
0.000000 
1.000000 
1.000000 
9.013878 
9.013878 
16.124515 
16.124515 
1.000000 
1.000000 
1.118034 
1.118034 
3.605551 
3.605551 
1.500000 
1.500000 
1.581139 
1.581139 
12.589678 
12.589678 
1.000000 
1.000000 
1.118034 
1.118034 
3.354102 
3.354102 
1.581139 
1.581139 
5.147815 
5.147815 
13.238202 
13.238202 
3.162278 
3.162278 
0.500000 
0.500000 
2.236068 
2.236068 
2.236068 
2.236068 
0.500000 
0.500000 
9.486833 
9.486833 
9.124144 
9.124144 
1.000000 
1.000000 
3.000000 
3.000000 
9.124144 
9.124144 
0.500000 
0.500000 
9.552487 
9.552487 
9.124144 
9.124144 
5.385165 
5.385165 
22.743131 
22.743131 
9.124144 
9.124144 
5.590170 
5.590170 
27.322152 
27.322152 
9.124144 
9.124144 
2.000000 
2.000000 
2.500000 
2.500000 
9.124144 
9.124144 
1.581139 
1.581139 
0.707107 
0.707107 
9.124144 
9.124144 
0.500000 
0.500000 
0.707107 
0.707107 
0.000000 
0.000000 
9.124144 
9.124144 
2.061553 
2.061553 
27.041635 
27.041635 
1.000000 
1.000000 
9.124144 
9.124144 
1.000000 
1.000000 
1.000000 
1.000000 
0.000000 
0.000000 
1.118034 
1.118034 
9.124144 
9.124144 
0.000000 
0.000000 
1.414214 
1.414214 
2.500000 
2.500000 
0.707107 
0.707107 
9.124144 
9.124144 
0.000000 
0.000000 
0.707107 
0.707107 
3.905125 
3.905125 
1.118034 
1.118034 
9.124144 
9.124144 
0.000000 
0.000000 
0.707107 
0.707107 
2.692582 
2.692582 
1.581139 
1.581139 
9.124144 
9.124144 
0.000000 
0.000000 
1.414214 
1.414214 
2.000000 
2.000000 
9.055385 
9.055385 
9.124144 
9.124144 
0.000000 
0.000000 
0.000000 
0.000000 
2.000000 
2.000000 
9.055385 
9.055385 
9.124144 
9.124144 
0.000000 
0.000000 
1.802776 
1.802776 
2.000000 
2.000000 
9.055385 
9.055385 
9.013878 
9.013878 
8.732125 
8.732125 
2.828427 
2.828427 
2.000000 
2.000000 
9.055385 
9.055385 
5.522681 
5.522681 
1.000000 
1.000000 
25.019992 
25.019992 
