0.000000 
0.000000 
3.535534 
3.535534 
1.802776 
1.802776 
1.802776 
1.802776 
2.915476 
2.915476 
4.716991 
4.716991 
0.000000 
0.000000 
4.716991 
4.716991 
0.000000 
0.000000 
8.015610 
8.015610 
4.716991 
4.716991 
0.000000 
0.000000 
1.000000 
1.000000 
4.716991 
4.716991 
0.000000 
0.000000 
10.606602 
10.606602 
4.716991 
4.716991 
0.000000 
0.000000 
10.606602 
10.606602 
4.716991 
4.716991 
0.000000 
0.000000 
10.606602 
10.606602 
4.716991 
4.716991 
0.000000 
0.000000 
10.606602 
10.606602 
4.716991 
4.716991 
0.000000 
0.000000 
16.007811 
16.007811 
4.716991 
4.716991 
0.000000 
0.000000 
2.828427 
2.828427 
4.716991 
4.716991 
0.000000 
0.000000 
0.000000 
0.000000 
3.162278 
3.162278 
4.716991 
4.716991 
2.500000 
2.500000 
0.000000 
0.000000 
4.500000 
4.500000 
4.716991 
4.716991 
1.118034 
1.118034 
0.000000 
0.000000 
14.080128 
14.080128 
4.716991 
4.716991 
1.118034 
1.118034 
0.000000 
0.000000 
4.123106 
4.123106 
4.716991 
4.716991 
23.000000 
23.000000 
0.000000 
0.000000 
5.024938 
5.024938 
4.716991 
4.716991 
0.000000 
0.000000 
3.500000 
3.500000 
0.000000 
0.000000 
6.020797 
6.020797 
0.707107 
0.707107 
2.500000 
2.500000 
0.000000 
0.000000 
2.236068 
2.236068 
1.118034 
1.118034 
15.572412 
15.572412 
9.617692 
9.617692 
1.118034 
1.118034 
4.272002 
4.272002 
9.617692 
9.617692 
1.118034 
1.118034 
14.637281 
14.637281 
9.617692 
9.617692 
1.118034 
1.118034 
2.061553 
2.061553 
9.617692 
9.617692 
0.500000 
0.500000 
4.272002 
4.272002 
11.045361 
11.045361 
1.118034 
1.118034 
14.035669 
14.035669 
5.385165 
5.385165 
2.061553 
2.061553 
2.061553 
2.061553 
0.000000 
0.000000 
2.692582 
2.692582 
1.581139 
1.581139 
8.000000 
8.000000 
10.012492 
10.012492 
3.041381 
3.041381 
0.000000 
0.000000 
1.000000 
1.000000 
10.307764 
10.307764 
9.013878 
9.013878 
1.000000 
1.000000 
15.700318 
15.700318 
0.707107 
0.707107 
0.000000 
0.000000 
1.000000 
1.000000 
2.000000 
2.000000 
1.500000 
1.500000 
26.076810 
26.076810 
1.000000 
1.000000 
2.000000 
2.000000 
1.118034 
1.118034 
0.707107 
0.707107 
1.000000 
1.000000 
2.000000 
2.000000 
1.118034 
1.118034 
1.802776 
1.802776 
1.000000 
1.000000 
2.000000 
2.000000 
1.500000 
1.500000 
29.652150 
29.652150 
1.000000 
1.000000 
13.341664 
13.341664 
0.707107 
0.707107 
0.000000 
0.000000 
1.118034 
1.118034 
1.000000 
1.000000 
3.041381 
3.041381 
0.500000 
0.500000 
