0.000000 
0.000000 
0.000000 
0.000000 
1.802776 
1.802776 
0.500000 
0.500000 
6.500000 
6.500000 
11.313708 
11.313708 
6.500000 
6.500000 
8.381527 
8.381527 
6.500000 
6.500000 
1.500000 
1.500000 
6.500000 
6.500000 
0.707107 
0.707107 
6.500000 
6.500000 
1.500000 
1.500000 
6.500000 
6.500000 
1.581139 
1.581139 
6.500000 
6.500000 
2.000000 
2.000000 
6.500000 
6.500000 
1.802776 
1.802776 
6.500000 
6.500000 
1.581139 
1.581139 
6.500000 
6.500000 
1.581139 
1.581139 
6.500000 
6.500000 
1.500000 
1.500000 
6.500000 
6.500000 
11.101802 
11.101802 
6.500000 
6.500000 
2.692582 
2.692582 
6.500000 
6.500000 
2.915476 
2.915476 
6.500000 
6.500000 
1.500000 
1.500000 
1.414214 
1.414214 
0.707107 
0.707107 
0.500000 
0.500000 
1.802776 
1.802776 
2.061553 
2.061553 
0.000000 
0.000000 
1.581139 
1.581139 
0.707107 
0.707107 
1.581139 
1.581139 
0.500000 
0.500000 
0.500000 
0.500000 
0.707107 
0.707107 
1.000000 
1.000000 
0.707107 
0.707107 
1.500000 
1.500000 
5.700877 
5.700877 
0.500000 
0.500000 
2.061553 
2.061553 
2.061553 
2.061553 
7.826238 
7.826238 
1.500000 
1.500000 
2.236068 
2.236068 
