0.000000 
0.000000 
1.500000 
1.500000 
0.000000 
0.000000 
1.500000 
1.500000 
0.000000 
0.000000 
0.000000 
0.000000 
2.061553 
2.061553 
1.500000 
1.500000 
1.118034 
1.118034 
1.000000 
1.000000 
0.500000 
0.500000 
1.500000 
1.500000 
2.236068 
2.236068 
12.093387 
12.093387 
10.111874 
10.111874 
1.500000 
1.500000 
2.000000 
2.000000 
2.549510 
2.549510 
0.500000 
0.500000 
1.500000 
1.500000 
2.061553 
2.061553 
1.802776 
1.802776 
0.500000 
0.500000 
1.500000 
1.500000 
5.024938 
5.024938 
6.576473 
6.576473 
0.500000 
0.500000 
1.500000 
1.500000 
2.061553 
2.061553 
3.162278 
3.162278 
0.500000 
0.500000 
1.500000 
1.500000 
1.581139 
1.581139 
2.500000 
2.500000 
16.620770 
16.620770 
1.500000 
1.500000 
2.549510 
2.549510 
6.324555 
6.324555 
9.513149 
9.513149 
1.500000 
1.500000 
4.609772 
4.609772 
7.516648 
7.516648 
8.500000 
8.500000 
1.500000 
1.500000 
1.802776 
1.802776 
3.000000 
3.000000 
5.024938 
5.024938 
1.500000 
1.500000 
5.500000 
5.500000 
8.246211 
8.246211 
0.707107 
0.707107 
1.500000 
1.500000 
0.000000 
0.000000 
2.236068 
2.236068 
8.246211 
8.246211 
2.236068 
2.236068 
1.500000 
1.500000 
3.162278 
3.162278 
2.500000 
2.500000 
8.246211 
8.246211 
2.236068 
2.236068 
2.692582 
2.692582 
2.061553 
2.061553 
8.246211 
8.246211 
2.236068 
2.236068 
0.000000 
0.000000 
1.500000 
1.500000 
1.000000 
1.000000 
8.246211 
8.246211 
2.236068 
2.236068 
1.118034 
1.118034 
0.707107 
0.707107 
6.500000 
6.500000 
8.246211 
8.246211 
2.236068 
2.236068 
1.118034 
1.118034 
0.707107 
0.707107 
6.500000 
6.500000 
8.246211 
8.246211 
2.236068 
2.236068 
1.118034 
1.118034 
1.000000 
1.000000 
6.500000 
6.500000 
8.246211 
8.246211 
2.236068 
2.236068 
1.118034 
1.118034 
1.118034 
1.118034 
6.500000 
6.500000 
8.246211 
8.246211 
2.236068 
2.236068 
1.118034 
1.118034 
2.061553 
2.061553 
6.500000 
6.500000 
8.246211 
8.246211 
2.236068 
2.236068 
9.708244 
9.708244 
2.692582 
2.692582 
6.500000 
6.500000 
8.246211 
8.246211 
2.236068 
2.236068 
2.121320 
2.121320 
2.000000 
2.000000 
6.500000 
6.500000 
8.246211 
8.246211 
2.236068 
2.236068 
3.201562 
3.201562 
2.121320 
2.121320 
10.630146 
10.630146 
8.246211 
8.246211 
2.236068 
2.236068 
2.500000 
2.500000 
1.802776 
1.802776 
0.707107 
0.707107 
8.246211 
8.246211 
2.236068 
2.236068 
6.020797 
6.020797 
4.031129 
4.031129 
1.000000 
1.000000 
8.246211 
8.246211 
2.236068 
2.236068 
6.500000 
6.500000 
1.500000 
1.500000 
0.500000 
0.500000 
2.236068 
2.236068 
2.236068 
2.236068 
1.500000 
1.500000 
0.000000 
0.000000 
3.041381 
3.041381 
0.500000 
0.500000 
0.000000 
0.000000 
8.015610 
8.015610 
1.000000 
1.000000 
1.414214 
1.414214 
8.381527 
8.381527 
3.807887 
3.807887 
0.707107 
0.707107 
1.802776 
1.802776 
1.581139 
1.581139 
2.061553 
2.061553 
0.500000 
0.500000 
9.192388 
9.192388 
1.802776 
1.802776 
1.581139 
1.581139 
1.581139 
1.581139 
2.000000 
2.000000 
1.581139 
1.581139 
1.581139 
1.581139 
0.707107 
0.707107 
