0.000000 
0.000000 
0.000000 
0.000000 
0.000000 
0.000000 
0.000000 
0.000000 
1.414214 
1.414214 
1.000000 
1.000000 
3.535534 
3.535534 
0.000000 
0.000000 
1.118034 
1.118034 
0.707107 
0.707107 
1.000000 
1.000000 
3.000000 
3.000000 
2.061553 
2.061553 
10.500000 
10.500000 
1.000000 
1.000000 
0.500000 
0.500000 
5.590170 
5.590170 
7.071068 
7.071068 
2.061553 
2.061553 
1.414214 
1.414214 
0.707107 
0.707107 
1.802776 
1.802776 
3.640055 
3.640055 
0.000000 
0.000000 
2.000000 
2.000000 
0.500000 
0.500000 
2.236068 
2.236068 
11.045361 
11.045361 
1.118034 
1.118034 
1.118034 
1.118034 
1.000000 
1.000000 
2.500000 
2.500000 
3.640055 
3.640055 
1.802776 
1.802776 
1.000000 
1.000000 
0.500000 
0.500000 
2.061553 
2.061553 
11.011358 
11.011358 
0.707107 
0.707107 
0.500000 
0.500000 
1.581139 
1.581139 
1.581139 
1.581139 
5.315073 
5.315073 
0.500000 
0.500000 
0.707107 
0.707107 
1.000000 
1.000000 
4.527693 
4.527693 
0.000000 
0.000000 
5.315073 
5.315073 
1.500000 
1.500000 
0.500000 
0.500000 
1.581139 
1.581139 
2.000000 
2.000000 
0.000000 
0.000000 
5.315073 
5.315073 
1.118034 
1.118034 
1.581139 
1.581139 
4.000000 
4.000000 
3.041381 
3.041381 
0.000000 
0.000000 
5.315073 
5.315073 
3.041381 
3.041381 
3.041381 
3.041381 
2.000000 
2.000000 
3.000000 
3.000000 
0.000000 
0.000000 
5.315073 
5.315073 
9.500000 
9.500000 
8.631338 
8.631338 
2.549510 
2.549510 
8.062258 
8.062258 
0.000000 
0.000000 
5.315073 
5.315073 
0.707107 
0.707107 
3.041381 
3.041381 
3.535534 
3.535534 
3.535534 
3.535534 
0.000000 
0.000000 
0.000000 
0.000000 
5.315073 
5.315073 
8.860023 
8.860023 
2.915476 
2.915476 
2.236068 
2.236068 
3.535534 
3.535534 
0.000000 
0.000000 
3.535534 
3.535534 
0.000000 
0.000000 
5.315073 
5.315073 
8.860023 
8.860023 
2.915476 
2.915476 
2.236068 
2.236068 
3.535534 
3.535534 
0.500000 
0.500000 
3.535534 
3.535534 
0.000000 
0.000000 
5.315073 
5.315073 
8.860023 
8.860023 
1.118034 
1.118034 
2.236068 
2.236068 
3.535534 
3.535534 
0.500000 
0.500000 
7.071068 
7.071068 
0.000000 
0.000000 
5.315073 
5.315073 
9.656604 
9.656604 
0.500000 
0.500000 
2.236068 
2.236068 
3.535534 
3.535534 
0.500000 
0.500000 
2.000000 
2.000000 
0.000000 
0.000000 
5.315073 
5.315073 
0.500000 
0.500000 
1.414214 
1.414214 
2.236068 
2.236068 
3.535534 
3.535534 
0.500000 
0.500000 
2.549510 
2.549510 
0.000000 
0.000000 
5.315073 
5.315073 
0.707107 
0.707107 
4.743416 
4.743416 
2.236068 
2.236068 
3.535534 
3.535534 
0.500000 
0.500000 
1.581139 
1.581139 
0.000000 
0.000000 
5.315073 
5.315073 
1.118034 
1.118034 
1.581139 
1.581139 
2.236068 
2.236068 
3.535534 
3.535534 
0.500000 
0.500000 
2.549510 
2.549510 
0.000000 
0.000000 
5.315073 
5.315073 
7.566373 
7.566373 
5.852350 
5.852350 
2.236068 
2.236068 
3.535534 
3.535534 
0.000000 
0.000000 
0.500000 
0.500000 
0.500000 
0.500000 
0.000000 
0.000000 
5.315073 
5.315073 
0.500000 
0.500000 
2.000000 
2.000000 
2.236068 
2.236068 
3.535534 
3.535534 
3.535534 
3.535534 
0.500000 
0.500000 
3.535534 
3.535534 
0.000000 
0.000000 
1.414214 
1.414214 
5.852350 
5.852350 
2.236068 
2.236068 
3.535534 
3.535534 
0.000000 
0.000000 
3.535534 
3.535534 
0.500000 
0.500000 
1.118034 
1.118034 
0.707107 
0.707107 
1.000000 
1.000000 
2.236068 
2.236068 
3.535534 
3.535534 
3.535534 
3.535534 
3.535534 
3.535534 
0.500000 
0.500000 
1.581139 
1.581139 
0.707107 
0.707107 
0.707107 
0.707107 
2.236068 
2.236068 
3.535534 
3.535534 
0.000000 
0.000000 
3.535534 
3.535534 
3.535534 
3.535534 
0.500000 
0.500000 
0.707107 
0.707107 
2.061553 
2.061553 
1.802776 
1.802776 
2.236068 
2.236068 
3.535534 
3.535534 
0.000000 
0.000000 
0.000000 
0.000000 
3.535534 
3.535534 
3.535534 
3.535534 
0.500000 
0.500000 
0.000000 
0.000000 
2.692582 
2.692582 
1.802776 
1.802776 
2.236068 
2.236068 
3.535534 
3.535534 
3.354102 
3.354102 
0.000000 
0.000000 
3.535534 
3.535534 
3.535534 
3.535534 
0.500000 
0.500000 
1.000000 
1.000000 
4.527693 
4.527693 
1.581139 
1.581139 
2.236068 
2.236068 
4.272002 
4.272002 
0.000000 
0.000000 
3.535534 
3.535534 
3.535534 
3.535534 
0.500000 
0.500000 
0.000000 
0.000000 
3.500000 
3.500000 
1.581139 
1.581139 
4.272002 
4.272002 
0.000000 
0.000000 
3.535534 
3.535534 
3.535534 
3.535534 
0.500000 
0.500000 
0.000000 
0.000000 
1.118034 
1.118034 
1.000000 
1.000000 
0.000000 
0.000000 
4.272002 
4.272002 
0.000000 
0.000000 
3.535534 
3.535534 
3.535534 
3.535534 
0.500000 
0.500000 
0.500000 
0.500000 
1.118034 
1.118034 
1.581139 
1.581139 
4.272002 
4.272002 
0.000000 
0.000000 
3.535534 
3.535534 
3.535534 
3.535534 
2.000000 
2.000000 
1.118034 
1.118034 
1.581139 
1.581139 
0.000000 
0.000000 
1.581139 
1.581139 
4.272002 
4.272002 
0.000000 
0.000000 
3.535534 
3.535534 
3.535534 
3.535534 
1.802776 
1.802776 
1.000000 
1.000000 
0.500000 
0.500000 
4.031129 
4.031129 
1.581139 
1.581139 
4.272002 
4.272002 
0.000000 
0.000000 
3.535534 
3.535534 
3.535534 
3.535534 
1.414214 
1.414214 
1.802776 
1.802776 
7.017834 
7.017834 
3.354102 
3.354102 
1.581139 
1.581139 
4.272002 
4.272002 
0.000000 
0.000000 
3.535534 
3.535534 
3.535534 
3.535534 
0.707107 
0.707107 
1.581139 
1.581139 
1.118034 
1.118034 
6.264982 
6.264982 
1.581139 
1.581139 
4.272002 
4.272002 
0.000000 
0.000000 
3.535534 
3.535534 
3.535534 
3.535534 
4.123106 
4.123106 
2.000000 
2.000000 
0.500000 
0.500000 
6.964194 
6.964194 
1.581139 
1.581139 
4.272002 
4.272002 
0.000000 
0.000000 
3.535534 
3.535534 
3.535534 
3.535534 
0.500000 
0.500000 
2.549510 
2.549510 
1.000000 
1.000000 
