0.000000 
0.000000 
0.000000 
0.000000 
0.000000 
0.000000 
1.000000 
1.000000 
9.013878 
9.013878 
2.915476 
2.915476 
1.802776 
1.802776 
3.807887 
3.807887 
4.031129 
4.031129 
1.581139 
1.581139 
3.640055 
3.640055 
0.707107 
0.707107 
1.581139 
1.581139 
0.500000 
0.500000 
1.414214 
1.414214 
7.158911 
7.158911 
2.000000 
2.000000 
1.414214 
1.414214 
2.000000 
2.000000 
3.535534 
3.535534 
1.414214 
1.414214 
10.511898 
10.511898 
10.049876 
10.049876 
1.414214 
1.414214 
2.549510 
2.549510 
1.581139 
1.581139 
1.414214 
1.414214 
0.000000 
0.000000 
5.024938 
5.024938 
3.535534 
3.535534 
1.414214 
1.414214 
1.118034 
1.118034 
4.527693 
4.527693 
5.220153 
5.220153 
1.414214 
1.414214 
0.500000 
0.500000 
4.000000 
4.000000 
1.581139 
1.581139 
1.414214 
1.414214 
3.162278 
3.162278 
1.118034 
1.118034 
0.500000 
0.500000 
1.414214 
1.414214 
3.162278 
3.162278 
0.707107 
0.707107 
1.581139 
1.581139 
1.414214 
1.414214 
3.162278 
3.162278 
1.414214 
1.414214 
1.000000 
1.000000 
1.414214 
1.414214 
3.162278 
3.162278 
0.500000 
0.500000 
0.707107 
0.707107 
1.414214 
1.414214 
3.162278 
3.162278 
2.500000 
2.500000 
1.581139 
1.581139 
1.414214 
1.414214 
3.162278 
3.162278 
0.500000 
0.500000 
0.707107 
0.707107 
1.414214 
1.414214 
3.162278 
3.162278 
0.500000 
0.500000 
2.000000 
2.000000 
1.414214 
1.414214 
3.162278 
3.162278 
1.118034 
1.118034 
2.549510 
2.549510 
3.640055 
3.640055 
0.500000 
0.500000 
13.601471 
13.601471 
2.061553 
2.061553 
1.118034 
1.118034 
2.549510 
2.549510 
2.061553 
2.061553 
2.061553 
2.061553 
4.924429 
4.924429 
2.061553 
2.061553 
3.041381 
3.041381 
2.236068 
2.236068 
2.061553 
2.061553 
3.640055 
3.640055 
5.000000 
5.000000 
0.000000 
0.000000 
2.061553 
2.061553 
2.549510 
2.549510 
5.000000 
5.000000 
1.000000 
1.000000 
2.061553 
2.061553 
3.041381 
3.041381 
5.000000 
5.000000 
23.000000 
23.000000 
2.061553 
2.061553 
1.500000 
1.500000 
5.000000 
5.000000 
2.549510 
2.549510 
2.061553 
2.061553 
7.071068 
7.071068 
5.000000 
5.000000 
3.041381 
3.041381 
2.061553 
2.061553 
1.118034 
1.118034 
5.000000 
5.000000 
2.692582 
2.692582 
2.061553 
2.061553 
1.500000 
1.500000 
5.000000 
5.000000 
2.236068 
2.236068 
2.061553 
2.061553 
2.061553 
2.061553 
5.000000 
5.000000 
18.506756 
18.506756 
2.061553 
2.061553 
0.500000 
0.500000 
5.000000 
5.000000 
0.707107 
0.707107 
2.061553 
2.061553 
0.500000 
0.500000 
5.000000 
5.000000 
2.000000 
2.000000 
2.061553 
2.061553 
1.000000 
1.000000 
5.000000 
5.000000 
13.086252 
13.086252 
2.061553 
2.061553 
1.000000 
1.000000 
5.000000 
5.000000 
0.707107 
0.707107 
1.000000 
1.000000 
5.000000 
5.000000 
0.707107 
0.707107 
1.581139 
1.581139 
5.000000 
5.000000 
1.118034 
1.118034 
1.118034 
1.118034 
5.000000 
5.000000 
