0.000000 
0.000000 
0.000000 
0.000000 
0.000000 
0.000000 
1.500000 
1.500000 
0.707107 
0.707107 
0.500000 
0.500000 
6.576473 
6.576473 
11.510864 
11.510864 
1.000000 
1.000000 
1.000000 
1.000000 
1.118034 
1.118034 
0.500000 
0.500000 
5.590170 
5.590170 
1.000000 
1.000000 
0.500000 
0.500000 
1.000000 
1.000000 
0.000000 
0.000000 
1.118034 
1.118034 
8.139410 
8.139410 
1.118034 
1.118034 
0.500000 
0.500000 
0.500000 
0.500000 
2.000000 
2.000000 
0.707107 
0.707107 
0.000000 
0.000000 
0.500000 
0.500000 
1.581139 
1.581139 
0.500000 
0.500000 
2.500000 
2.500000 
0.500000 
0.500000 
1.000000 
1.000000 
0.500000 
0.500000 
3.535534 
3.535534 
0.707107 
0.707107 
1.000000 
1.000000 
0.500000 
0.500000 
7.516648 
7.516648 
0.000000 
0.000000 
0.707107 
0.707107 
0.500000 
0.500000 
3.041381 
3.041381 
0.000000 
0.000000 
1.118034 
1.118034 
0.500000 
0.500000 
3.041381 
3.041381 
1.118034 
1.118034 
0.500000 
0.500000 
0.500000 
0.500000 
3.041381 
3.041381 
1.500000 
1.500000 
0.000000 
0.000000 
7.071068 
7.071068 
0.000000 
0.000000 
3.041381 
3.041381 
12.658989 
12.658989 
0.000000 
0.000000 
0.707107 
0.707107 
8.015610 
8.015610 
3.041381 
3.041381 
1.000000 
1.000000 
0.000000 
0.000000 
0.707107 
0.707107 
8.015610 
8.015610 
3.041381 
3.041381 
1.581139 
1.581139 
0.000000 
0.000000 
0.000000 
0.000000 
8.015610 
8.015610 
3.041381 
3.041381 
1.118034 
1.118034 
0.000000 
0.000000 
0.000000 
0.000000 
8.015610 
8.015610 
3.041381 
3.041381 
1.802776 
1.802776 
0.000000 
0.000000 
0.000000 
0.000000 
0.000000 
0.000000 
8.015610 
8.015610 
3.041381 
3.041381 
0.707107 
0.707107 
0.000000 
0.000000 
0.500000 
0.500000 
3.500000 
3.500000 
8.015610 
8.015610 
3.041381 
3.041381 
1.581139 
1.581139 
0.000000 
0.000000 
0.707107 
0.707107 
5.590170 
5.590170 
8.015610 
8.015610 
3.041381 
3.041381 
2.061553 
2.061553 
0.000000 
0.000000 
0.500000 
0.500000 
2.549510 
2.549510 
8.015610 
8.015610 
3.041381 
3.041381 
4.031129 
4.031129 
0.000000 
0.000000 
0.500000 
0.500000 
3.500000 
3.500000 
8.015610 
8.015610 
3.041381 
3.041381 
2.121320 
2.121320 
0.000000 
0.000000 
3.162278 
3.162278 
2.500000 
2.500000 
8.015610 
8.015610 
3.041381 
3.041381 
6.020797 
6.020797 
0.000000 
0.000000 
0.707107 
0.707107 
5.024938 
5.024938 
8.015610 
8.015610 
3.041381 
3.041381 
2.061553 
2.061553 
0.000000 
0.000000 
0.000000 
0.000000 
0.000000 
0.000000 
3.041381 
3.041381 
8.015610 
8.015610 
4.031129 
4.031129 
0.000000 
0.000000 
0.707107 
0.707107 
0.500000 
0.500000 
4.000000 
4.000000 
8.015610 
8.015610 
2.915476 
2.915476 
0.000000 
0.000000 
0.500000 
0.500000 
0.707107 
0.707107 
2.500000 
2.500000 
8.015610 
8.015610 
3.905125 
3.905125 
0.707107 
0.707107 
0.000000 
0.000000 
0.000000 
0.000000 
0.707107 
0.707107 
2.500000 
2.500000 
8.015610 
8.015610 
3.905125 
3.905125 
0.000000 
0.000000 
7.280110 
7.280110 
8.514693 
8.514693 
0.000000 
0.000000 
2.500000 
2.500000 
3.905125 
3.905125 
0.500000 
0.500000 
3.000000 
3.000000 
7.280110 
7.280110 
0.000000 
0.000000 
2.500000 
2.500000 
3.905125 
3.905125 
0.500000 
0.500000 
3.041381 
3.041381 
1.000000 
1.000000 
0.500000 
0.500000 
2.500000 
2.500000 
3.905125 
3.905125 
1.118034 
1.118034 
0.707107 
0.707107 
1.500000 
1.500000 
0.500000 
0.500000 
2.500000 
2.500000 
3.905125 
3.905125 
1.581139 
1.581139 
0.000000 
0.000000 
14.142136 
14.142136 
1.500000 
1.500000 
1.000000 
1.000000 
2.500000 
2.500000 
3.905125 
3.905125 
1.581139 
1.581139 
0.000000 
0.000000 
0.707107 
0.707107 
1.500000 
1.500000 
1.118034 
1.118034 
2.500000 
2.500000 
3.905125 
3.905125 
3.500000 
3.500000 
0.000000 
0.000000 
2.061553 
2.061553 
1.500000 
1.500000 
1.118034 
1.118034 
2.500000 
2.500000 
3.905125 
3.905125 
1.118034 
1.118034 
0.000000 
0.000000 
2.915476 
2.915476 
1.500000 
1.500000 
1.118034 
1.118034 
2.500000 
2.500000 
3.905125 
3.905125 
2.236068 
2.236068 
