0.000000 
0.000000 
0.000000 
0.000000 
5.656854 
5.656854 
0.500000 
0.500000 
3.535534 
3.535534 
0.500000 
0.500000 
0.000000 
0.000000 
1.581139 
1.581139 
0.500000 
0.500000 
2.236068 
2.236068 
1.118034 
1.118034 
2.915476 
2.915476 
2.500000 
2.500000 
2.000000 
2.000000 
3.041381 
3.041381 
2.549510 
2.549510 
4.272002 
4.272002 
5.590170 
5.590170 
2.692582 
2.692582 
2.500000 
2.500000 
3.000000 
3.000000 
5.000000 
5.000000 
3.640055 
3.640055 
2.549510 
2.549510 
10.012492 
10.012492 
7.017834 
7.017834 
3.500000 
3.500000 
2.549510 
2.549510 
5.099020 
5.099020 
3.535534 
3.535534 
4.123106 
4.123106 
2.000000 
2.000000 
0.000000 
0.000000 
2.061553 
2.061553 
6.020797 
6.020797 
4.500000 
4.500000 
2.692582 
2.692582 
1.000000 
1.000000 
1.118034 
1.118034 
4.472136 
4.472136 
5.099020 
5.099020 
2.236068 
2.236068 
4.301163 
4.301163 
1.118034 
1.118034 
6.324555 
6.324555 
2.500000 
2.500000 
1.118034 
1.118034 
1.000000 
1.000000 
0.707107 
0.707107 
1.500000 
1.500000 
0.500000 
0.500000 
1.802776 
1.802776 
1.000000 
1.000000 
0.500000 
0.500000 
2.061553 
2.061553 
1.118034 
1.118034 
1.581139 
1.581139 
2.000000 
2.000000 
0.707107 
0.707107 
1.000000 
1.000000 
2.236068 
2.236068 
1.581139 
1.581139 
1.581139 
1.581139 
1.500000 
1.500000 
1.500000 
1.500000 
1.118034 
1.118034 
2.000000 
2.000000 
2.061553 
2.061553 
6.000000 
6.000000 
1.500000 
1.500000 
6.500000 
6.500000 
6.000000 
6.000000 
9.013878 
9.013878 
2.061553 
2.061553 
6.000000 
6.000000 
5.522681 
5.522681 
3.000000 
3.000000 
6.000000 
6.000000 
6.519202 
6.519202 
10.012492 
10.012492 
6.000000 
6.000000 
4.924429 
4.924429 
3.535534 
3.535534 
6.000000 
6.000000 
9.124144 
9.124144 
5.700877 
5.700877 
6.000000 
6.000000 
2.500000 
2.500000 
9.013878 
9.013878 
6.000000 
6.000000 
2.549510 
2.549510 
2.692582 
2.692582 
6.000000 
6.000000 
2.061553 
2.061553 
1.581139 
1.581139 
6.000000 
6.000000 
1.581139 
1.581139 
0.500000 
0.500000 
6.000000 
6.000000 
1.118034 
1.118034 
0.500000 
0.500000 
