0.000000 
0.000000 
0.000000 
0.000000 
1.581139 
1.581139 
3.535534 
3.535534 
4.031129 
4.031129 
7.433034 
7.433034 
1.802776 
1.802776 
1.581139 
1.581139 
0.500000 
0.500000 
1.118034 
1.118034 
0.500000 
0.500000 
8.514693 
8.514693 
19.811613 
19.811613 
1.118034 
1.118034 
0.000000 
0.000000 
19.811613 
19.811613 
0.707107 
0.707107 
0.000000 
0.000000 
18.398369 
18.398369 
2.061553 
2.061553 
0.000000 
0.000000 
3.354102 
3.354102 
1.802776 
1.802776 
0.707107 
0.707107 
3.640055 
3.640055 
1.118034 
1.118034 
1.118034 
1.118034 
4.123106 
4.123106 
1.000000 
1.000000 
1.000000 
1.000000 
4.123106 
4.123106 
6.576473 
6.576473 
0.000000 
0.000000 
1.118034 
1.118034 
4.123106 
4.123106 
0.707107 
0.707107 
3.162278 
3.162278 
1.118034 
1.118034 
4.123106 
4.123106 
2.061553 
2.061553 
0.000000 
0.000000 
2.236068 
2.236068 
0.500000 
0.500000 
4.123106 
4.123106 
3.640055 
3.640055 
2.236068 
2.236068 
1.118034 
1.118034 
0.500000 
0.500000 
4.123106 
4.123106 
3.041381 
3.041381 
4.000000 
4.000000 
6.800735 
6.800735 
5.024938 
5.024938 
4.123106 
4.123106 
3.162278 
3.162278 
8.500000 
8.500000 
1.414214 
1.414214 
1.000000 
1.000000 
4.123106 
4.123106 
2.500000 
2.500000 
0.000000 
0.000000 
4.031129 
4.031129 
1.414214 
1.414214 
0.500000 
0.500000 
4.123106 
4.123106 
3.041381 
3.041381 
0.000000 
0.000000 
0.707107 
0.707107 
4.031129 
4.031129 
14.230249 
14.230249 
0.707107 
0.707107 
4.123106 
4.123106 
1.000000 
1.000000 
3.535534 
3.535534 
1.118034 
1.118034 
4.031129 
4.031129 
1.414214 
1.414214 
1.414214 
1.414214 
4.123106 
4.123106 
0.707107 
0.707107 
3.535534 
3.535534 
1.414214 
1.414214 
4.031129 
4.031129 
4.500000 
4.500000 
0.500000 
0.500000 
4.123106 
4.123106 
0.500000 
0.500000 
3.535534 
3.535534 
0.707107 
0.707107 
4.031129 
4.031129 
1.000000 
1.000000 
1.118034 
1.118034 
4.123106 
4.123106 
0.500000 
0.500000 
3.535534 
3.535534 
0.500000 
0.500000 
4.031129 
4.031129 
0.000000 
0.000000 
0.707107 
0.707107 
4.123106 
4.123106 
1.000000 
1.000000 
3.535534 
3.535534 
0.707107 
0.707107 
4.031129 
4.031129 
2.549510 
2.549510 
1.118034 
1.118034 
4.123106 
4.123106 
2.121320 
2.121320 
0.000000 
0.000000 
3.535534 
3.535534 
1.000000 
1.000000 
4.031129 
4.031129 
0.707107 
0.707107 
0.707107 
0.707107 
2.121320 
2.121320 
1.118034 
1.118034 
3.535534 
3.535534 
0.707107 
0.707107 
4.031129 
4.031129 
1.118034 
1.118034 
6.082763 
6.082763 
1.118034 
1.118034 
0.500000 
0.500000 
3.535534 
3.535534 
0.707107 
0.707107 
4.031129 
4.031129 
3.041381 
3.041381 
0.500000 
0.500000 
1.581139 
1.581139 
0.000000 
0.000000 
0.500000 
0.500000 
3.535534 
3.535534 
0.500000 
0.500000 
4.031129 
4.031129 
1.581139 
1.581139 
0.000000 
0.000000 
2.061553 
2.061553 
0.000000 
0.000000 
0.500000 
0.500000 
3.535534 
3.535534 
1.118034 
1.118034 
4.031129 
4.031129 
5.147815 
5.147815 
0.000000 
0.000000 
1.581139 
1.581139 
0.000000 
0.000000 
2.000000 
2.000000 
3.535534 
3.535534 
1.414214 
1.414214 
4.031129 
4.031129 
1.118034 
1.118034 
0.500000 
0.500000 
0.500000 
0.500000 
0.000000 
0.000000 
0.707107 
0.707107 
3.535534 
3.535534 
2.236068 
2.236068 
4.031129 
4.031129 
8.015610 
8.015610 
1.000000 
1.000000 
10.000000 
10.000000 
0.000000 
0.000000 
0.000000 
0.000000 
0.707107 
0.707107 
3.535534 
3.535534 
1.000000 
1.000000 
4.031129 
4.031129 
2.549510 
2.549510 
0.707107 
0.707107 
0.500000 
0.500000 
2.236068 
2.236068 
0.000000 
0.000000 
0.707107 
0.707107 
3.535534 
3.535534 
1.118034 
1.118034 
1.118034 
1.118034 
1.118034 
1.118034 
1.414214 
1.414214 
8.514693 
8.514693 
0.000000 
0.000000 
0.707107 
0.707107 
3.535534 
3.535534 
1.581139 
1.581139 
9.513149 
9.513149 
0.000000 
0.000000 
2.549510 
2.549510 
2.061553 
2.061553 
0.000000 
0.000000 
0.707107 
0.707107 
1.000000 
1.000000 
0.500000 
0.500000 
4.500000 
4.500000 
1.118034 
1.118034 
0.000000 
0.000000 
1.581139 
1.581139 
0.000000 
0.000000 
0.707107 
0.707107 
0.707107 
0.707107 
0.500000 
0.500000 
4.527693 
4.527693 
1.581139 
1.581139 
2.236068 
2.236068 
1.802776 
1.802776 
0.000000 
0.000000 
0.707107 
0.707107 
6.020797 
6.020797 
0.707107 
0.707107 
1.000000 
1.000000 
0.500000 
0.500000 
