0.000000 
0.000000 
0.000000 
0.000000 
0.000000 
0.000000 
0.000000 
0.000000 
0.000000 
0.000000 
0.000000 
0.000000 
0.500000 
0.500000 
1.118034 
1.118034 
3.640055 
3.640055 
0.500000 
0.500000 
1.581139 
1.581139 
1.118034 
1.118034 
12.000000 
12.000000 
6.020797 
6.020797 
5.500000 
5.500000 
0.707107 
0.707107 
2.061553 
2.061553 
5.315073 
5.315073 
0.500000 
0.500000 
1.118034 
1.118034 
5.500000 
5.500000 
0.500000 
0.500000 
8.139410 
8.139410 
0.500000 
0.500000 
0.707107 
0.707107 
1.500000 
1.500000 
5.500000 
5.500000 
0.500000 
0.500000 
3.162278 
3.162278 
1.581139 
1.581139 
11.597414 
11.597414 
1.500000 
1.500000 
5.500000 
5.500000 
0.707107 
0.707107 
6.519202 
6.519202 
1.581139 
1.581139 
0.707107 
0.707107 
1.500000 
1.500000 
5.500000 
5.500000 
0.000000 
0.000000 
7.500000 
7.500000 
0.500000 
0.500000 
1.118034 
1.118034 
1.500000 
1.500000 
5.500000 
5.500000 
1.118034 
1.118034 
2.000000 
2.000000 
1.000000 
1.000000 
0.500000 
0.500000 
1.500000 
1.500000 
5.500000 
5.500000 
5.024938 
5.024938 
3.535534 
3.535534 
0.707107 
0.707107 
0.000000 
0.000000 
0.707107 
0.707107 
1.118034 
1.118034 
5.500000 
5.500000 
0.500000 
0.500000 
2.549510 
2.549510 
0.000000 
0.000000 
0.500000 
0.500000 
0.000000 
0.000000 
1.118034 
1.118034 
5.500000 
5.500000 
0.500000 
0.500000 
0.500000 
0.500000 
0.500000 
0.500000 
0.500000 
0.500000 
0.500000 
0.500000 
1.118034 
1.118034 
5.500000 
5.500000 
0.500000 
0.500000 
7.280110 
7.280110 
1.118034 
1.118034 
0.500000 
0.500000 
11.500000 
11.500000 
1.118034 
1.118034 
5.500000 
5.500000 
5.024938 
5.024938 
0.707107 
0.707107 
1.802776 
1.802776 
5.852350 
5.852350 
1.118034 
1.118034 
1.118034 
1.118034 
5.500000 
5.500000 
1.000000 
1.000000 
1.000000 
1.000000 
2.500000 
2.500000 
1.581139 
1.581139 
1.581139 
1.581139 
1.118034 
1.118034 
5.500000 
5.500000 
2.692582 
2.692582 
9.552487 
9.552487 
5.220153 
5.220153 
2.061553 
2.061553 
1.118034 
1.118034 
1.118034 
1.118034 
5.500000 
5.500000 
3.162278 
3.162278 
7.905694 
7.905694 
3.162278 
3.162278 
2.061553 
2.061553 
1.581139 
1.581139 
1.118034 
1.118034 
5.500000 
5.500000 
2.061553 
2.061553 
1.581139 
1.581139 
2.500000 
2.500000 
2.061553 
2.061553 
1.118034 
1.118034 
1.118034 
1.118034 
7.500000 
7.500000 
5.700877 
5.700877 
3.041381 
3.041381 
2.061553 
2.061553 
4.609772 
4.609772 
1.118034 
1.118034 
3.640055 
3.640055 
9.500000 
9.500000 
6.519202 
6.519202 
2.061553 
2.061553 
2.061553 
2.061553 
1.118034 
1.118034 
3.000000 
3.000000 
1.000000 
1.000000 
4.031129 
4.031129 
2.061553 
2.061553 
2.061553 
2.061553 
1.118034 
1.118034 
7.500000 
7.500000 
1.414214 
1.414214 
3.000000 
3.000000 
0.000000 
0.000000 
2.061553 
2.061553 
2.061553 
2.061553 
1.118034 
1.118034 
3.500000 
3.500000 
2.500000 
2.500000 
7.017834 
7.017834 
0.000000 
0.000000 
2.061553 
2.061553 
2.061553 
2.061553 
2.061553 
2.061553 
1.118034 
1.118034 
3.041381 
3.041381 
10.012492 
10.012492 
2.692582 
2.692582 
3.535534 
3.535534 
1.118034 
1.118034 
2.061553 
2.061553 
2.061553 
2.061553 
1.118034 
1.118034 
7.500000 
7.500000 
0.707107 
0.707107 
3.041381 
3.041381 
1.581139 
1.581139 
1.000000 
1.000000 
2.061553 
2.061553 
1.802776 
1.802776 
2.549510 
2.549510 
1.118034 
1.118034 
2.000000 
2.000000 
6.519202 
6.519202 
5.024938 
5.024938 
2.061553 
2.061553 
2.000000 
2.000000 
2.500000 
2.500000 
4.743416 
4.743416 
1.802776 
1.802776 
1.500000 
1.500000 
2.000000 
2.000000 
2.061553 
2.061553 
10.049876 
10.049876 
6.020797 
6.020797 
2.236068 
2.236068 
3.640055 
3.640055 
0.000000 
0.000000 
1.581139 
1.581139 
2.000000 
2.000000 
2.061553 
2.061553 
10.049876 
10.049876 
6.670832 
6.670832 
2.236068 
2.236068 
1.581139 
1.581139 
0.707107 
0.707107 
1.581139 
1.581139 
3.354102 
3.354102 
2.061553 
2.061553 
10.049876 
10.049876 
1.118034 
1.118034 
2.236068 
2.236068 
0.500000 
0.500000 
0.707107 
0.707107 
1.414214 
1.414214 
1.500000 
1.500000 
2.061553 
2.061553 
10.049876 
10.049876 
1.581139 
1.581139 
2.236068 
2.236068 
1.118034 
1.118034 
14.142136 
14.142136 
1.118034 
1.118034 
0.707107 
0.707107 
10.049876 
10.049876 
0.707107 
0.707107 
2.236068 
2.236068 
0.000000 
0.000000 
0.707107 
0.707107 
1.118034 
1.118034 
0.500000 
0.500000 
10.049876 
10.049876 
0.707107 
0.707107 
2.236068 
2.236068 
0.000000 
0.000000 
1.000000 
1.000000 
1.118034 
1.118034 
0.000000 
0.000000 
10.049876 
10.049876 
0.500000 
0.500000 
2.236068 
2.236068 
4.000000 
4.000000 
5.220153 
5.220153 
0.500000 
0.500000 
0.500000 
0.500000 
10.049876 
10.049876 
0.000000 
0.000000 
2.236068 
2.236068 
1.500000 
1.500000 
1.581139 
1.581139 
1.118034 
1.118034 
1.000000 
1.000000 
10.049876 
10.049876 
0.500000 
0.500000 
2.236068 
2.236068 
2.500000 
2.500000 
1.118034 
1.118034 
0.500000 
0.500000 
0.500000 
0.500000 
10.049876 
10.049876 
0.707107 
0.707107 
2.236068 
2.236068 
3.041381 
3.041381 
0.707107 
0.707107 
4.527693 
4.527693 
0.000000 
0.000000 
10.049876 
10.049876 
1.000000 
1.000000 
2.236068 
2.236068 
7.000000 
7.000000 
0.707107 
0.707107 
1.500000 
1.500000 
0.500000 
0.500000 
10.049876 
10.049876 
1.000000 
1.000000 
2.236068 
2.236068 
0.707107 
0.707107 
1.500000 
1.500000 
4.031129 
4.031129 
0.500000 
0.500000 
10.049876 
10.049876 
1.118034 
1.118034 
2.236068 
2.236068 
4.031129 
4.031129 
