0.000000 
0.000000 
0.500000 
0.500000 
0.000000 
0.000000 
0.000000 
0.000000 
0.000000 
0.000000 
0.000000 
0.000000 
0.000000 
0.000000 
1.581139 
1.581139 
1.414214 
1.414214 
0.000000 
0.000000 
1.414214 
1.414214 
0.500000 
0.500000 
1.414214 
1.414214 
19.506409 
19.506409 
1.414214 
1.414214 
2.061553 
2.061553 
1.414214 
1.414214 
0.000000 
0.000000 
0.000000 
0.000000 
0.707107 
0.707107 
1.414214 
1.414214 
3.354102 
3.354102 
0.707107 
0.707107 
1.581139 
1.581139 
1.414214 
1.414214 
2.061553 
2.061553 
0.000000 
0.000000 
0.500000 
0.500000 
1.414214 
1.414214 
2.061553 
2.061553 
2.061553 
2.061553 
4.609772 
4.609772 
1.414214 
1.414214 
2.061553 
2.061553 
2.549510 
2.549510 
27.225907 
27.225907 
1.414214 
1.414214 
2.061553 
2.061553 
1.000000 
1.000000 
27.004629 
27.004629 
1.414214 
1.414214 
2.061553 
2.061553 
1.802776 
1.802776 
0.500000 
0.500000 
1.414214 
1.414214 
2.061553 
2.061553 
1.118034 
1.118034 
0.500000 
0.500000 
1.414214 
1.414214 
2.061553 
2.061553 
1.802776 
1.802776 
1.802776 
1.802776 
1.414214 
1.414214 
2.061553 
2.061553 
2.236068 
2.236068 
1.581139 
1.581139 
1.414214 
1.414214 
2.061553 
2.061553 
2.500000 
2.500000 
0.707107 
0.707107 
21.360009 
21.360009 
1.118034 
1.118034 
23.837995 
23.837995 
21.213203 
21.213203 
1.581139 
1.581139 
6.403124 
6.403124 
2.000000 
2.000000 
1.581139 
1.581139 
4.031129 
4.031129 
1.802776 
1.802776 
1.581139 
1.581139 
9.055385 
9.055385 
0.500000 
0.500000 
1.581139 
1.581139 
1.581139 
1.581139 
15.297059 
15.297059 
1.414214 
1.414214 
1.581139 
1.581139 
2.828427 
2.828427 
2.500000 
2.500000 
1.802776 
1.802776 
21.965883 
21.965883 
1.802776 
1.802776 
1.000000 
1.000000 
2.061553 
2.061553 
0.707107 
0.707107 
0.500000 
0.500000 
2.061553 
2.061553 
1.000000 
1.000000 
3.000000 
3.000000 
2.061553 
2.061553 
2.236068 
2.236068 
2.061553 
2.061553 
2.061553 
2.061553 
2.915476 
2.915476 
1.118034 
1.118034 
23.900837 
23.900837 
2.236068 
2.236068 
2.549510 
2.549510 
3.605551 
3.605551 
2.061553 
2.061553 
1.118034 
1.118034 
2.828427 
2.828427 
1.000000 
1.000000 
2.692582 
2.692582 
