0.000000 
0.000000 
0.000000 
0.000000 
6.500000 
6.500000 
1.000000 
1.000000 
6.500000 
6.500000 
19.811613 
19.811613 
15.033296 
15.033296 
2.828427 
2.828427 
6.020797 
6.020797 
2.236068 
2.236068 
4.000000 
4.000000 
1.000000 
1.000000 
3.807887 
3.807887 
1.802776 
1.802776 
2.121320 
2.121320 
1.581139 
1.581139 
1.581139 
1.581139 
2.000000 
2.000000 
1.000000 
1.000000 
2.000000 
2.000000 
1.118034 
1.118034 
2.000000 
2.000000 
1.802776 
1.802776 
2.000000 
2.000000 
2.061553 
2.061553 
2.000000 
2.000000 
3.162278 
3.162278 
2.000000 
2.000000 
3.041381 
3.041381 
2.000000 
2.000000 
4.031129 
4.031129 
7.566373 
7.566373 
3.535534 
3.535534 
0.707107 
0.707107 
2.000000 
2.000000 
2.549510 
2.549510 
7.516648 
7.516648 
3.041381 
3.041381 
1.118034 
1.118034 
2.236068 
2.236068 
1.000000 
1.000000 
1.118034 
1.118034 
1.802776 
1.802776 
1.118034 
1.118034 
1.581139 
1.581139 
1.118034 
1.118034 
0.500000 
0.500000 
1.118034 
1.118034 
1.581139 
1.581139 
21.982948 
21.982948 
3.605551 
3.605551 
21.982948 
21.982948 
2.915476 
2.915476 
21.982948 
21.982948 
2.500000 
2.500000 
21.982948 
21.982948 
2.500000 
2.500000 
21.982948 
21.982948 
2.500000 
2.500000 
21.982948 
21.982948 
2.500000 
2.500000 
21.982948 
21.982948 
2.500000 
2.500000 
21.982948 
21.982948 
2.500000 
2.500000 
21.982948 
21.982948 
2.500000 
2.500000 
21.982948 
21.982948 
2.500000 
2.500000 
21.982948 
21.982948 
2.500000 
2.500000 
21.982948 
21.982948 
2.500000 
2.500000 
21.982948 
21.982948 
2.500000 
2.500000 
21.982948 
21.982948 
2.500000 
2.500000 
28.500000 
28.500000 
