0.000000 
0.000000 
1.581139 
1.581139 
1.581139 
1.581139 
1.581139 
1.581139 
1.581139 
1.581139 
1.581139 
1.581139 
0.000000 
0.000000 
1.581139 
1.581139 
1.118034 
1.118034 
1.581139 
1.581139 
1.000000 
1.000000 
1.581139 
1.581139 
1.000000 
1.000000 
1.581139 
1.581139 
0.500000 
0.500000 
29.504237 
29.504237 
1.000000 
1.000000 
3.640055 
3.640055 
0.500000 
0.500000 
2.500000 
2.500000 
1.000000 
1.000000 
11.510864 
11.510864 
1.000000 
1.000000 
2.915476 
2.915476 
1.000000 
1.000000 
2.061553 
2.061553 
1.500000 
1.500000 
16.007811 
16.007811 
0.500000 
0.500000 
19.163768 
19.163768 
1.118034 
1.118034 
0.500000 
0.500000 
0.707107 
0.707107 
1.500000 
1.500000 
1.000000 
1.000000 
1.581139 
1.581139 
1.118034 
1.118034 
21.148286 
21.148286 
2.549510 
2.549510 
21.148286 
21.148286 
5.590170 
5.590170 
21.148286 
21.148286 
2.828427 
2.828427 
21.148286 
21.148286 
11.280514 
11.280514 
21.148286 
21.148286 
3.500000 
3.500000 
27.613403 
27.613403 
4.031129 
4.031129 
2.549510 
2.549510 
4.472136 
4.472136 
2.500000 
2.500000 
4.743416 
4.743416 
1.581139 
1.581139 
2.061553 
2.061553 
25.019992 
25.019992 
8.139410 
8.139410 
1.118034 
1.118034 
0.707107 
0.707107 
1.118034 
1.118034 
11.500000 
11.500000 
28.442925 
28.442925 
4.527693 
4.527693 
0.500000 
0.500000 
5.522681 
5.522681 
1.118034 
1.118034 
0.000000 
0.000000 
4.000000 
4.000000 
1.000000 
1.000000 
2.061553 
2.061553 
11.011358 
11.011358 
3.000000 
3.000000 
2.500000 
2.500000 
3.640055 
3.640055 
18.560711 
18.560711 
