0.000000 
0.000000 
2.061553 
2.061553 
0.000000 
0.000000 
1.118034 
1.118034 
1.802776 
1.802776 
1.581139 
1.581139 
1.000000 
1.000000 
1.000000 
1.000000 
1.581139 
1.581139 
1.581139 
1.581139 
1.581139 
1.581139 
1.581139 
1.581139 
21.708293 
21.708293 
0.000000 
0.000000 
4.272002 
4.272002 
4.472136 
4.472136 
6.576473 
6.576473 
10.688779 
10.688779 
14.430870 
14.430870 
2.236068 
2.236068 
1.500000 
1.500000 
2.500000 
2.500000 
2.692582 
2.692582 
0.000000 
0.000000 
2.061553 
2.061553 
0.500000 
0.500000 
2.236068 
2.236068 
1.118034 
1.118034 
2.236068 
2.236068 
0.000000 
0.000000 
2.549510 
2.549510 
2.000000 
2.000000 
5.852350 
5.852350 
10.606602 
10.606602 
18.500000 
18.500000 
9.013878 
9.013878 
1.000000 
1.000000 
4.123106 
4.123106 
12.509996 
12.509996 
0.707107 
0.707107 
3.041381 
3.041381 
3.535534 
3.535534 
1.118034 
1.118034 
2.500000 
2.500000 
4.031129 
4.031129 
1.118034 
1.118034 
16.867128 
16.867128 
3.162278 
3.162278 
1.118034 
1.118034 
1.118034 
1.118034 
0.000000 
0.000000 
1.118034 
1.118034 
1.118034 
1.118034 
2.915476 
2.915476 
5.830952 
5.830952 
1.581139 
1.581139 
1.118034 
1.118034 
2.692582 
2.692582 
0.000000 
0.000000 
0.707107 
0.707107 
2.500000 
2.500000 
1.118034 
1.118034 
2.915476 
2.915476 
1.500000 
1.500000 
6.946222 
6.946222 
2.500000 
2.500000 
1.118034 
1.118034 
2.236068 
2.236068 
1.000000 
1.000000 
0.707107 
0.707107 
2.500000 
2.500000 
1.118034 
1.118034 
17.029386 
17.029386 
1.118034 
1.118034 
1.581139 
1.581139 
2.500000 
2.500000 
1.118034 
1.118034 
0.000000 
0.000000 
12.165525 
12.165525 
1.581139 
1.581139 
2.500000 
2.500000 
1.118034 
1.118034 
0.707107 
0.707107 
7.071068 
7.071068 
1.581139 
1.581139 
2.500000 
2.500000 
1.118034 
1.118034 
17.029386 
17.029386 
2.549510 
2.549510 
1.581139 
1.581139 
2.500000 
2.500000 
1.118034 
1.118034 
1.118034 
1.118034 
1.802776 
1.802776 
1.581139 
1.581139 
2.500000 
2.500000 
1.118034 
1.118034 
1.414214 
1.414214 
3.000000 
3.000000 
1.581139 
1.581139 
2.500000 
2.500000 
1.118034 
1.118034 
4.031129 
4.031129 
