0.000000 
0.000000 
0.000000 
0.000000 
1.000000 
1.000000 
1.118034 
1.118034 
1.118034 
1.118034 
2.000000 
2.000000 
9.013878 
9.013878 
4.000000 
4.000000 
0.000000 
0.000000 
0.707107 
0.707107 
3.535534 
3.535534 
0.000000 
0.000000 
0.500000 
0.500000 
2.549510 
2.549510 
0.000000 
0.000000 
0.707107 
0.707107 
9.552487 
9.552487 
0.000000 
0.000000 
0.000000 
0.000000 
2.549510 
2.549510 
0.000000 
0.000000 
1.118034 
1.118034 
5.590170 
5.590170 
0.000000 
0.000000 
1.581139 
1.581139 
5.147815 
5.147815 
0.000000 
0.000000 
2.121320 
2.121320 
19.602296 
19.602296 
0.000000 
0.000000 
2.121320 
2.121320 
1.802776 
1.802776 
0.000000 
0.000000 
2.121320 
2.121320 
4.031129 
4.031129 
0.000000 
0.000000 
0.000000 
0.000000 
0.000000 
0.000000 
2.121320 
2.121320 
2.915476 
2.915476 
0.000000 
0.000000 
9.708244 
9.708244 
0.000000 
0.000000 
2.121320 
2.121320 
23.032586 
23.032586 
0.000000 
0.000000 
1.118034 
1.118034 
0.000000 
0.000000 
2.121320 
2.121320 
2.915476 
2.915476 
0.000000 
0.000000 
1.000000 
1.000000 
0.000000 
0.000000 
27.721833 
27.721833 
2.915476 
2.915476 
0.000000 
0.000000 
1.000000 
1.000000 
0.000000 
0.000000 
3.041381 
3.041381 
2.915476 
2.915476 
0.000000 
0.000000 
0.000000 
0.000000 
1.000000 
1.000000 
0.000000 
0.000000 
0.500000 
0.500000 
2.915476 
2.915476 
1.500000 
1.500000 
0.000000 
0.000000 
1.000000 
1.000000 
1.118034 
1.118034 
2.915476 
2.915476 
1.118034 
1.118034 
0.000000 
0.000000 
1.000000 
1.000000 
0.500000 
0.500000 
2.915476 
2.915476 
1.118034 
1.118034 
0.000000 
0.000000 
1.000000 
1.000000 
9.000000 
9.000000 
2.915476 
2.915476 
1.118034 
1.118034 
0.000000 
0.000000 
1.000000 
1.000000 
1.500000 
1.500000 
2.915476 
2.915476 
1.118034 
1.118034 
0.000000 
0.000000 
1.000000 
1.000000 
1.000000 
1.000000 
2.915476 
2.915476 
1.118034 
1.118034 
0.000000 
0.000000 
1.000000 
1.000000 
13.238202 
13.238202 
2.915476 
2.915476 
1.118034 
1.118034 
0.000000 
0.000000 
1.000000 
1.000000 
1.118034 
1.118034 
2.915476 
2.915476 
1.118034 
1.118034 
0.000000 
0.000000 
1.000000 
1.000000 
11.180340 
11.180340 
2.915476 
2.915476 
1.118034 
1.118034 
0.000000 
0.000000 
1.000000 
1.000000 
2.000000 
2.000000 
2.915476 
2.915476 
1.118034 
1.118034 
1.000000 
1.000000 
1.118034 
1.118034 
2.915476 
2.915476 
1.118034 
1.118034 
1.000000 
1.000000 
16.568042 
16.568042 
2.915476 
2.915476 
1.118034 
1.118034 
1.000000 
1.000000 
17.117243 
17.117243 
0.000000 
0.000000 
1.118034 
1.118034 
17.117243 
17.117243 
0.000000 
0.000000 
1.118034 
1.118034 
26.019224 
26.019224 
0.000000 
0.000000 
0.000000 
0.000000 
1.118034 
1.118034 
26.019224 
26.019224 
1.500000 
1.500000 
0.000000 
0.000000 
1.118034 
1.118034 
26.019224 
26.019224 
3.640055 
3.640055 
0.000000 
0.000000 
26.019224 
26.019224 
3.640055 
3.640055 
0.000000 
0.000000 
26.019224 
26.019224 
19.235384 
19.235384 
0.000000 
0.000000 
26.019224 
26.019224 
19.235384 
19.235384 
0.000000 
0.000000 
26.019224 
26.019224 
