0.000000 
0.000000 
0.000000 
0.000000 
1.118034 
1.118034 
1.000000 
1.000000 
0.000000 
0.000000 
3.605551 
3.605551 
17.500000 
17.500000 
0.000000 
0.000000 
3.041381 
3.041381 
3.000000 
3.000000 
1.000000 
1.000000 
3.162278 
3.162278 
0.500000 
0.500000 
0.707107 
0.707107 
1.581139 
1.581139 
1.581139 
1.581139 
2.061553 
2.061553 
1.802776 
1.802776 
1.000000 
1.000000 
2.549510 
2.549510 
1.118034 
1.118034 
3.041381 
3.041381 
2.061553 
2.061553 
0.000000 
0.000000 
2.061553 
2.061553 
1.802776 
1.802776 
0.500000 
0.500000 
1.000000 
1.000000 
1.000000 
1.000000 
0.707107 
0.707107 
0.500000 
0.500000 
2.121320 
2.121320 
1.581139 
1.581139 
1.581139 
1.581139 
1.581139 
1.581139 
1.118034 
1.118034 
2.549510 
2.549510 
2.236068 
2.236068 
1.118034 
1.118034 
4.500000 
4.500000 
1.118034 
1.118034 
0.707107 
0.707107 
2.549510 
2.549510 
1.414214 
1.414214 
7.158911 
7.158911 
5.700877 
5.700877 
1.118034 
1.118034 
1.581139 
1.581139 
13.462912 
13.462912 
1.000000 
1.000000 
1.581139 
1.581139 
6.500000 
6.500000 
0.500000 
0.500000 
2.236068 
2.236068 
0.000000 
0.000000 
0.500000 
0.500000 
2.549510 
2.549510 
10.511898 
10.511898 
1.118034 
1.118034 
6.708204 
6.708204 
3.500000 
3.500000 
1.581139 
1.581139 
5.024938 
5.024938 
9.433981 
9.433981 
1.500000 
1.500000 
3.640055 
3.640055 
4.123106 
4.123106 
1.000000 
1.000000 
20.056171 
20.056171 
4.123106 
4.123106 
0.707107 
0.707107 
5.024938 
5.024938 
4.123106 
4.123106 
0.707107 
0.707107 
1.581139 
1.581139 
4.123106 
4.123106 
0.500000 
0.500000 
0.500000 
0.500000 
4.123106 
4.123106 
1.581139 
1.581139 
2.061553 
2.061553 
4.123106 
4.123106 
2.000000 
2.000000 
5.024938 
5.024938 
4.123106 
4.123106 
15.532225 
15.532225 
2.549510 
2.549510 
4.123106 
4.123106 
0.707107 
0.707107 
2.236068 
2.236068 
4.123106 
4.123106 
1.118034 
1.118034 
2.000000 
2.000000 
10.688779 
10.688779 
15.074813 
15.074813 
2.236068 
2.236068 
18.248288 
18.248288 
1.802776 
1.802776 
2.061553 
2.061553 
21.639085 
21.639085 
1.118034 
1.118034 
1.000000 
1.000000 
1.802776 
1.802776 
0.500000 
0.500000 
0.500000 
0.500000 
2.061553 
2.061553 
0.707107 
0.707107 
0.500000 
0.500000 
2.236068 
2.236068 
1.000000 
1.000000 
0.000000 
0.000000 
1.000000 
1.000000 
0.707107 
0.707107 
0.500000 
0.500000 
1.000000 
1.000000 
