0.000000 
0.000000 
0.000000 
0.000000 
0.000000 
0.000000 
0.000000 
0.000000 
3.000000 
3.000000 
6.020797 
6.020797 
0.000000 
0.000000 
1.500000 
1.500000 
1.581139 
1.581139 
0.000000 
0.000000 
1.802776 
1.802776 
1.118034 
1.118034 
0.000000 
0.000000 
2.500000 
2.500000 
1.118034 
1.118034 
0.000000 
0.000000 
13.729530 
13.729530 
1.118034 
1.118034 
0.000000 
0.000000 
2.121320 
2.121320 
1.581139 
1.581139 
0.000000 
0.000000 
2.500000 
2.500000 
1.118034 
1.118034 
0.000000 
0.000000 
2.500000 
2.500000 
2.000000 
2.000000 
0.000000 
0.000000 
2.500000 
2.500000 
5.590170 
5.590170 
0.000000 
0.000000 
2.500000 
2.500000 
1.118034 
1.118034 
25.079872 
25.079872 
2.500000 
2.500000 
2.061553 
2.061553 
2.915476 
2.915476 
2.500000 
2.500000 
2.000000 
2.000000 
1.581139 
1.581139 
2.500000 
2.500000 
2.000000 
2.000000 
1.414214 
1.414214 
2.500000 
2.500000 
2.000000 
2.000000 
2.061553 
2.061553 
2.500000 
2.500000 
2.000000 
2.000000 
2.692582 
2.692582 
2.500000 
2.500000 
2.000000 
2.000000 
1.118034 
1.118034 
2.500000 
2.500000 
2.000000 
2.000000 
0.000000 
0.000000 
1.581139 
1.581139 
2.500000 
2.500000 
2.000000 
2.000000 
5.099020 
5.099020 
1.581139 
1.581139 
2.500000 
2.500000 
2.000000 
2.000000 
4.527693 
4.527693 
2.500000 
2.500000 
2.500000 
2.500000 
2.000000 
2.000000 
2.692582 
2.692582 
2.500000 
2.500000 
2.500000 
2.500000 
2.000000 
2.000000 
12.509996 
12.509996 
2.500000 
2.500000 
2.000000 
2.000000 
3.500000 
3.500000 
21.505813 
21.505813 
2.000000 
2.000000 
3.041381 
3.041381 
1.118034 
1.118034 
2.000000 
2.000000 
2.692582 
2.692582 
2.121320 
2.121320 
2.000000 
2.000000 
1.581139 
1.581139 
2.121320 
2.121320 
2.000000 
2.000000 
1.414214 
1.414214 
4.000000 
4.000000 
1.118034 
1.118034 
4.743416 
4.743416 
1.581139 
1.581139 
5.408327 
5.408327 
1.802776 
1.802776 
1.118034 
1.118034 
2.061553 
2.061553 
19.506409 
19.506409 
2.236068 
2.236068 
2.828427 
2.828427 
4.743416 
4.743416 
2.500000 
2.500000 
4.743416 
4.743416 
2.500000 
2.500000 
4.743416 
4.743416 
2.500000 
2.500000 
4.743416 
4.743416 
2.500000 
2.500000 
4.743416 
4.743416 
2.500000 
2.500000 
0.000000 
0.000000 
0.000000 
0.000000 
4.743416 
4.743416 
2.500000 
2.500000 
