0.000000 
0.000000 
3.905125 
3.905125 
2.915476 
2.915476 
0.000000 
0.000000 
9.500000 
9.500000 
0.000000 
0.000000 
2.061553 
2.061553 
0.000000 
0.000000 
2.549510 
2.549510 
0.000000 
0.000000 
3.162278 
3.162278 
0.000000 
0.000000 
4.609772 
4.609772 
0.000000 
0.000000 
4.500000 
4.500000 
0.000000 
0.000000 
10.920165 
10.920165 
0.000000 
0.000000 
2.236068 
2.236068 
0.000000 
0.000000 
0.000000 
0.000000 
2.500000 
2.500000 
0.000000 
0.000000 
0.000000 
0.000000 
2.500000 
2.500000 
0.000000 
0.000000 
0.000000 
0.000000 
2.500000 
2.500000 
0.000000 
0.000000 
0.000000 
0.000000 
2.500000 
2.500000 
0.000000 
0.000000 
0.000000 
0.000000 
2.500000 
2.500000 
32.190837 
32.190837 
0.000000 
0.000000 
2.500000 
2.500000 
1.000000 
1.000000 
0.000000 
0.000000 
2.500000 
2.500000 
2.061553 
2.061553 
2.500000 
2.500000 
21.095023 
21.095023 
2.500000 
2.500000 
2.061553 
2.061553 
2.500000 
2.500000 
27.280946 
27.280946 
2.500000 
2.500000 
2.549510 
2.549510 
2.500000 
2.500000 
19.000000 
19.000000 
2.500000 
2.500000 
0.000000 
0.000000 
1.500000 
1.500000 
2.500000 
2.500000 
5.522681 
5.522681 
1.414214 
1.414214 
0.707107 
0.707107 
4.500000 
4.500000 
11.280514 
11.280514 
0.500000 
0.500000 
13.500000 
13.500000 
13.124405 
13.124405 
1.000000 
1.000000 
5.522681 
5.522681 
8.139410 
8.139410 
0.707107 
0.707107 
5.522681 
5.522681 
1.000000 
1.000000 
1.118034 
1.118034 
5.522681 
5.522681 
1.500000 
1.500000 
0.707107 
0.707107 
5.522681 
5.522681 
0.707107 
0.707107 
0.707107 
0.707107 
5.522681 
5.522681 
2.500000 
2.500000 
0.707107 
0.707107 
5.522681 
5.522681 
3.535534 
3.535534 
1.500000 
1.500000 
5.522681 
5.522681 
3.640055 
3.640055 
1.000000 
1.000000 
5.522681 
5.522681 
1.118034 
1.118034 
2.061553 
2.061553 
5.522681 
5.522681 
1.802776 
1.802776 
1.802776 
1.802776 
5.522681 
5.522681 
1.000000 
1.000000 
1.000000 
1.000000 
5.522681 
5.522681 
1.000000 
1.000000 
1.000000 
1.000000 
