0.000000 
0.000000 
2.000000 
2.000000 
2.000000 
2.000000 
2.000000 
2.000000 
2.000000 
2.000000 
2.000000 
2.000000 
2.000000 
2.000000 
0.000000 
0.000000 
2.000000 
2.000000 
1.118034 
1.118034 
2.000000 
2.000000 
2.915476 
2.915476 
2.000000 
2.000000 
2.549510 
2.549510 
2.000000 
2.000000 
19.500000 
19.500000 
2.000000 
2.000000 
4.031129 
4.031129 
2.000000 
2.000000 
22.522211 
22.522211 
2.000000 
2.000000 
20.081086 
20.081086 
2.000000 
2.000000 
20.081086 
20.081086 
2.000000 
2.000000 
20.081086 
20.081086 
20.081086 
20.081086 
20.081086 
20.081086 
20.081086 
20.081086 
20.081086 
20.081086 
20.081086 
20.081086 
20.081086 
20.081086 
20.081086 
20.081086 
20.081086 
20.081086 
0.000000 
0.000000 
20.081086 
20.081086 
0.707107 
0.707107 
20.081086 
20.081086 
2.121320 
2.121320 
20.081086 
20.081086 
2.500000 
2.500000 
20.081086 
20.081086 
2.236068 
2.236068 
12.509996 
12.509996 
12.175796 
12.175796 
6.519202 
6.519202 
6.519202 
6.519202 
6.519202 
6.519202 
