0.000000 
0.000000 
0.000000 
0.000000 
1.581139 
1.581139 
2.061553 
2.061553 
0.000000 
0.000000 
2.549510 
2.549510 
0.000000 
0.000000 
2.692582 
2.692582 
0.000000 
0.000000 
1.500000 
1.500000 
0.000000 
0.000000 
4.743416 
4.743416 
16.507574 
16.507574 
1.802776 
1.802776 
3.905125 
3.905125 
1.802776 
1.802776 
3.905125 
3.905125 
1.118034 
1.118034 
3.905125 
3.905125 
1.118034 
1.118034 
3.905125 
3.905125 
1.118034 
1.118034 
0.000000 
0.000000 
3.905125 
3.905125 
1.118034 
1.118034 
2.236068 
2.236068 
3.905125 
3.905125 
5.700877 
5.700877 
1.118034 
1.118034 
3.905125 
3.905125 
1.802776 
1.802776 
1.581139 
1.581139 
3.905125 
3.905125 
1.802776 
1.802776 
1.581139 
1.581139 
3.905125 
3.905125 
1.802776 
1.802776 
1.581139 
1.581139 
3.905125 
3.905125 
3.605551 
3.605551 
1.581139 
1.581139 
3.905125 
3.905125 
1.118034 
1.118034 
1.581139 
1.581139 
3.905125 
3.905125 
1.414214 
1.414214 
1.581139 
1.581139 
3.905125 
3.905125 
1.000000 
1.000000 
1.581139 
1.581139 
3.905125 
3.905125 
0.707107 
0.707107 
1.581139 
1.581139 
3.905125 
3.905125 
4.031129 
4.031129 
1.581139 
1.581139 
4.272002 
4.272002 
4.031129 
4.031129 
0.707107 
0.707107 
4.031129 
4.031129 
1.118034 
1.118034 
4.031129 
4.031129 
1.500000 
1.500000 
4.031129 
4.031129 
1.500000 
1.500000 
4.031129 
4.031129 
1.500000 
1.500000 
0.000000 
0.000000 
4.031129 
4.031129 
1.500000 
1.500000 
4.743416 
4.743416 
4.031129 
4.031129 
0.500000 
0.500000 
2.692582 
2.692582 
4.031129 
4.031129 
1.581139 
1.581139 
1.802776 
1.802776 
4.031129 
4.031129 
1.581139 
1.581139 
1.802776 
1.802776 
4.031129 
4.031129 
1.581139 
1.581139 
1.802776 
1.802776 
5.590170 
5.590170 
1.581139 
1.581139 
1.802776 
1.802776 
2.000000 
2.000000 
1.581139 
1.581139 
1.802776 
1.802776 
2.500000 
2.500000 
1.581139 
1.581139 
1.802776 
1.802776 
3.000000 
3.000000 
1.581139 
1.581139 
1.802776 
1.802776 
2.236068 
2.236068 
1.581139 
1.581139 
1.802776 
1.802776 
0.500000 
0.500000 
1.581139 
1.581139 
