0.000000 
0.000000 
0.000000 
0.000000 
0.000000 
0.000000 
0.000000 
0.000000 
0.000000 
0.000000 
0.000000 
0.000000 
0.000000 
0.000000 
0.707107 
0.707107 
1.000000 
1.000000 
0.707107 
0.707107 
0.500000 
0.500000 
2.061553 
2.061553 
0.707107 
0.707107 
3.535534 
3.535534 
0.707107 
0.707107 
0.707107 
0.707107 
0.500000 
0.500000 
0.500000 
0.500000 
2.236068 
2.236068 
0.500000 
0.500000 
0.500000 
0.500000 
0.500000 
0.500000 
0.000000 
0.000000 
1.118034 
1.118034 
4.123106 
4.123106 
1.581139 
1.581139 
0.707107 
0.707107 
1.500000 
1.500000 
0.000000 
0.000000 
0.707107 
0.707107 
0.707107 
0.707107 
1.118034 
1.118034 
0.707107 
0.707107 
1.000000 
1.000000 
0.000000 
0.000000 
1.414214 
1.414214 
0.000000 
0.000000 
0.000000 
0.000000 
0.000000 
0.000000 
0.707107 
0.707107 
0.500000 
0.500000 
1.118034 
1.118034 
0.500000 
0.500000 
0.500000 
0.500000 
0.000000 
0.000000 
1.500000 
1.500000 
1.414214 
1.414214 
1.414214 
1.414214 
0.000000 
0.000000 
0.707107 
0.707107 
0.500000 
0.500000 
1.118034 
1.118034 
0.500000 
0.500000 
3.041381 
3.041381 
0.000000 
0.000000 
1.118034 
1.118034 
0.000000 
0.000000 
1.118034 
1.118034 
1.414214 
1.414214 
0.000000 
0.000000 
0.707107 
0.707107 
1.414214 
1.414214 
1.118034 
1.118034 
0.500000 
0.500000 
1.118034 
1.118034 
0.000000 
0.000000 
1.118034 
1.118034 
0.707107 
0.707107 
0.707107 
0.707107 
1.118034 
1.118034 
2.061553 
2.061553 
0.500000 
0.500000 
1.000000 
1.000000 
1.118034 
1.118034 
1.118034 
1.118034 
1.118034 
1.118034 
0.000000 
0.000000 
0.500000 
0.500000 
0.000000 
0.000000 
0.500000 
0.500000 
0.707107 
0.707107 
0.000000 
0.000000 
0.500000 
0.500000 
1.118034 
1.118034 
1.000000 
1.000000 
1.118034 
1.118034 
0.707107 
0.707107 
1.581139 
1.581139 
0.000000 
0.000000 
1.118034 
1.118034 
0.500000 
0.500000 
0.500000 
0.500000 
0.707107 
0.707107 
1.118034 
1.118034 
0.500000 
0.500000 
0.000000 
0.000000 
1.118034 
1.118034 
1.118034 
1.118034 
0.500000 
0.500000 
1.000000 
1.000000 
0.000000 
0.000000 
1.414214 
1.414214 
0.500000 
0.500000 
1.118034 
1.118034 
0.707107 
0.707107 
1.000000 
1.000000 
0.500000 
0.500000 
0.500000 
0.500000 
1.000000 
1.000000 
1.118034 
1.118034 
1.000000 
1.000000 
2.061553 
2.061553 
0.000000 
0.000000 
1.118034 
1.118034 
1.118034 
1.118034 
1.118034 
1.118034 
0.707107 
0.707107 
0.707107 
0.707107 
0.500000 
0.500000 
0.500000 
0.500000 
1.118034 
1.118034 
1.118034 
1.118034 
1.500000 
1.500000 
2.000000 
2.000000 
0.000000 
0.000000 
9.617692 
9.617692 
2.061553 
2.061553 
1.118034 
1.118034 
0.707107 
0.707107 
1.802776 
1.802776 
0.500000 
0.500000 
0.500000 
0.500000 
1.000000 
1.000000 
1.118034 
1.118034 
1.000000 
1.000000 
1.500000 
1.500000 
0.000000 
0.000000 
0.500000 
0.500000 
2.061553 
2.061553 
1.118034 
1.118034 
2.828427 
2.828427 
1.118034 
1.118034 
0.500000 
0.500000 
0.500000 
0.500000 
3.535534 
3.535534 
1.118034 
1.118034 
1.581139 
1.581139 
4.031129 
4.031129 
0.000000 
0.000000 
0.500000 
0.500000 
0.000000 
0.000000 
1.581139 
1.581139 
7.566373 
7.566373 
0.707107 
0.707107 
1.581139 
1.581139 
0.500000 
0.500000 
4.301163 
4.301163 
1.500000 
1.500000 
1.118034 
1.118034 
1.500000 
1.500000 
2.061553 
2.061553 
0.000000 
0.000000 
0.500000 
0.500000 
2.500000 
2.500000 
6.500000 
6.500000 
2.549510 
2.549510 
1.581139 
1.581139 
2.500000 
2.500000 
0.500000 
0.500000 
4.301163 
4.301163 
1.500000 
1.500000 
1.118034 
1.118034 
1.500000 
1.500000 
3.041381 
3.041381 
0.000000 
0.000000 
0.500000 
0.500000 
2.549510 
2.549510 
4.500000 
4.500000 
2.549510 
2.549510 
12.010412 
12.010412 
1.000000 
1.000000 
0.500000 
0.500000 
4.301163 
4.301163 
1.500000 
1.500000 
1.118034 
1.118034 
1.500000 
1.500000 
3.000000 
3.000000 
0.000000 
0.000000 
0.500000 
0.500000 
2.549510 
2.549510 
2.061553 
2.061553 
2.549510 
2.549510 
1.802776 
1.802776 
6.000000 
6.000000 
0.500000 
0.500000 
4.301163 
4.301163 
1.500000 
1.500000 
1.500000 
1.500000 
2.000000 
2.000000 
0.000000 
0.000000 
0.500000 
0.500000 
2.549510 
2.549510 
2.061553 
2.061553 
8.558621 
8.558621 
9.055385 
9.055385 
2.000000 
2.000000 
0.500000 
0.500000 
4.301163 
4.301163 
1.500000 
1.500000 
1.500000 
1.500000 
5.522681 
5.522681 
0.500000 
0.500000 
2.549510 
2.549510 
2.061553 
2.061553 
2.692582 
2.692582 
1.414214 
1.414214 
3.041381 
3.041381 
0.500000 
0.500000 
4.301163 
4.301163 
1.500000 
1.500000 
1.500000 
1.500000 
2.000000 
2.000000 
0.500000 
0.500000 
2.549510 
2.549510 
2.061553 
2.061553 
2.692582 
2.692582 
1.118034 
1.118034 
2.500000 
2.500000 
0.500000 
0.500000 
4.301163 
4.301163 
1.500000 
1.500000 
1.500000 
1.500000 
3.041381 
3.041381 
0.500000 
0.500000 
0.000000 
0.000000 
2.549510 
2.549510 
2.061553 
2.061553 
2.692582 
2.692582 
10.049876 
10.049876 
7.000000 
7.000000 
0.500000 
0.500000 
4.301163 
4.301163 
1.500000 
1.500000 
1.500000 
1.500000 
2.061553 
2.061553 
0.500000 
0.500000 
1.500000 
1.500000 
2.549510 
2.549510 
2.061553 
2.061553 
2.692582 
2.692582 
4.609772 
4.609772 
2.121320 
2.121320 
5.099020 
5.099020 
4.301163 
4.301163 
1.500000 
1.500000 
1.500000 
1.500000 
1.581139 
1.581139 
0.500000 
0.500000 
2.061553 
2.061553 
2.549510 
2.549510 
2.061553 
2.061553 
2.692582 
2.692582 
1.118034 
1.118034 
2.000000 
2.000000 
2.000000 
2.000000 
4.301163 
4.301163 
1.500000 
1.500000 
1.500000 
1.500000 
4.272002 
4.272002 
0.500000 
0.500000 
0.000000 
0.000000 
1.000000 
1.000000 
2.549510 
2.549510 
2.061553 
2.061553 
2.692582 
2.692582 
1.118034 
1.118034 
1.581139 
1.581139 
2.061553 
2.061553 
4.301163 
4.301163 
1.500000 
1.500000 
1.500000 
1.500000 
1.118034 
1.118034 
0.500000 
0.500000 
0.000000 
0.000000 
1.000000 
1.000000 
0.707107 
0.707107 
2.549510 
2.549510 
2.061553 
2.061553 
2.692582 
2.692582 
12.500000 
12.500000 
2.061553 
2.061553 
2.000000 
2.000000 
4.301163 
4.301163 
1.500000 
1.500000 
1.500000 
1.500000 
0.500000 
0.500000 
0.500000 
0.500000 
1.000000 
1.000000 
1.500000 
1.500000 
1.118034 
1.118034 
2.549510 
2.549510 
2.061553 
2.061553 
2.692582 
2.692582 
0.000000 
0.000000 
1.000000 
1.000000 
1.118034 
1.118034 
4.301163 
4.301163 
1.500000 
1.500000 
1.500000 
1.500000 
0.707107 
0.707107 
0.500000 
0.500000 
0.000000 
0.000000 
0.707107 
0.707107 
1.500000 
1.500000 
0.500000 
0.500000 
2.549510 
2.549510 
2.061553 
2.061553 
2.692582 
2.692582 
2.236068 
2.236068 
5.500000 
5.500000 
1.500000 
1.500000 
4.301163 
4.301163 
3.041381 
3.041381 
1.500000 
1.500000 
6.082763 
6.082763 
0.707107 
0.707107 
0.500000 
0.500000 
0.500000 
0.500000 
0.707107 
0.707107 
7.433034 
7.433034 
2.061553 
2.061553 
2.692582 
2.692582 
8.246211 
8.246211 
1.118034 
1.118034 
1.500000 
1.500000 
4.301163 
4.301163 
0.000000 
0.000000 
1.500000 
1.500000 
5.522681 
5.522681 
0.000000 
0.000000 
1.500000 
1.500000 
0.707107 
0.707107 
0.707107 
0.707107 
1.581139 
1.581139 
0.000000 
0.000000 
2.061553 
2.061553 
2.692582 
2.692582 
4.743416 
4.743416 
0.707107 
0.707107 
1.500000 
1.500000 
0.000000 
0.000000 
1.000000 
1.000000 
0.500000 
0.500000 
1.414214 
1.414214 
0.000000 
0.000000 
1.000000 
1.000000 
0.707107 
0.707107 
0.500000 
0.500000 
2.061553 
2.061553 
2.692582 
2.692582 
2.061553 
2.061553 
1.118034 
1.118034 
1.500000 
1.500000 
0.000000 
0.000000 
0.500000 
0.500000 
0.000000 
0.000000 
0.500000 
0.500000 
1.414214 
1.414214 
0.000000 
0.000000 
0.500000 
0.500000 
1.581139 
1.581139 
7.000000 
7.000000 
2.061553 
2.061553 
2.692582 
2.692582 
4.301163 
4.301163 
1.118034 
1.118034 
1.500000 
1.500000 
0.000000 
0.000000 
1.000000 
1.000000 
0.707107 
0.707107 
0.500000 
0.500000 
1.414214 
1.414214 
1.118034 
1.118034 
2.061553 
2.061553 
6.519202 
6.519202 
6.500000 
6.500000 
2.692582 
2.692582 
4.242641 
4.242641 
1.118034 
1.118034 
1.500000 
1.500000 
0.000000 
0.000000 
0.500000 
0.500000 
0.500000 
0.500000 
0.500000 
0.500000 
1.414214 
1.414214 
0.500000 
0.500000 
1.118034 
1.118034 
1.500000 
1.500000 
5.000000 
5.000000 
2.692582 
2.692582 
1.000000 
1.000000 
1.118034 
1.118034 
1.500000 
1.500000 
5.220153 
5.220153 
3.535534 
3.535534 
2.692582 
2.692582 
0.500000 
0.500000 
1.414214 
1.414214 
0.500000 
0.500000 
1.000000 
1.000000 
2.000000 
2.000000 
4.000000 
4.000000 
5.590170 
5.590170 
1.118034 
1.118034 
1.500000 
1.500000 
5.220153 
5.220153 
0.500000 
0.500000 
0.500000 
0.500000 
0.500000 
0.500000 
1.414214 
1.414214 
0.500000 
0.500000 
1.414214 
1.414214 
1.500000 
1.500000 
1.000000 
1.000000 
2.061553 
2.061553 
1.118034 
1.118034 
1.500000 
1.500000 
5.220153 
5.220153 
1.118034 
1.118034 
0.707107 
0.707107 
0.500000 
0.500000 
1.414214 
1.414214 
0.500000 
0.500000 
1.118034 
1.118034 
1.000000 
1.000000 
0.707107 
0.707107 
2.061553 
2.061553 
1.118034 
1.118034 
1.500000 
1.500000 
5.220153 
5.220153 
1.581139 
1.581139 
0.500000 
0.500000 
0.500000 
0.500000 
1.414214 
1.414214 
4.031129 
4.031129 
1.581139 
1.581139 
1.581139 
1.581139 
0.000000 
0.000000 
2.692582 
2.692582 
1.118034 
1.118034 
1.500000 
1.500000 
5.220153 
5.220153 
2.061553 
2.061553 
