0.000000 
0.000000 
0.000000 
0.000000 
0.000000 
0.000000 
0.000000 
0.000000 
0.500000 
0.500000 
1.118034 
1.118034 
0.500000 
0.500000 
2.061553 
2.061553 
0.500000 
0.500000 
1.414214 
1.414214 
0.500000 
0.500000 
2.236068 
2.236068 
0.500000 
0.500000 
1.000000 
1.000000 
0.000000 
0.000000 
4.527693 
4.527693 
5.522681 
5.522681 
0.500000 
0.500000 
1.118034 
1.118034 
1.500000 
1.500000 
1.118034 
1.118034 
0.707107 
0.707107 
0.707107 
0.707107 
2.549510 
2.549510 
1.000000 
1.000000 
1.000000 
1.000000 
2.000000 
2.000000 
2.692582 
2.692582 
1.118034 
1.118034 
0.000000 
0.000000 
1.581139 
1.581139 
2.061553 
2.061553 
0.000000 
0.000000 
1.000000 
1.000000 
0.500000 
0.500000 
1.500000 
1.500000 
6.020797 
6.020797 
0.000000 
0.000000 
0.707107 
0.707107 
7.000000 
7.000000 
1.000000 
1.000000 
2.236068 
2.236068 
0.500000 
0.500000 
0.000000 
0.000000 
1.500000 
1.500000 
0.707107 
0.707107 
1.500000 
1.500000 
0.000000 
0.000000 
0.500000 
0.500000 
0.500000 
0.500000 
1.118034 
1.118034 
0.000000 
0.000000 
2.000000 
2.000000 
0.707107 
0.707107 
0.500000 
0.500000 
0.707107 
0.707107 
1.414214 
1.414214 
1.000000 
1.000000 
1.581139 
1.581139 
0.000000 
0.000000 
1.118034 
1.118034 
1.118034 
1.118034 
1.414214 
1.414214 
1.118034 
1.118034 
1.118034 
1.118034 
0.500000 
0.500000 
0.707107 
0.707107 
1.414214 
1.414214 
0.707107 
0.707107 
0.707107 
0.707107 
5.000000 
5.000000 
0.500000 
0.500000 
1.000000 
1.000000 
1.000000 
1.000000 
0.500000 
0.500000 
0.000000 
0.000000 
0.500000 
0.500000 
0.500000 
0.500000 
1.118034 
1.118034 
1.581139 
1.581139 
0.500000 
0.500000 
1.000000 
1.000000 
1.000000 
1.000000 
0.500000 
0.500000 
1.118034 
1.118034 
1.500000 
1.500000 
0.707107 
0.707107 
1.414214 
1.414214 
0.707107 
0.707107 
0.000000 
0.000000 
1.118034 
1.118034 
1.118034 
1.118034 
3.535534 
3.535534 
5.024938 
5.024938 
1.118034 
1.118034 
0.500000 
0.500000 
0.500000 
0.500000 
0.500000 
0.500000 
1.118034 
1.118034 
2.000000 
2.000000 
1.414214 
1.414214 
0.500000 
0.500000 
0.707107 
0.707107 
0.500000 
0.500000 
1.118034 
1.118034 
1.118034 
1.118034 
1.581139 
1.581139 
1.000000 
1.000000 
1.118034 
1.118034 
0.500000 
0.500000 
0.500000 
0.500000 
0.500000 
0.500000 
1.118034 
1.118034 
3.162278 
3.162278 
1.118034 
1.118034 
0.707107 
0.707107 
0.707107 
0.707107 
0.500000 
0.500000 
0.500000 
0.500000 
1.118034 
1.118034 
2.692582 
2.692582 
1.802776 
1.802776 
1.414214 
1.414214 
0.707107 
0.707107 
0.500000 
0.500000 
2.236068 
2.236068 
1.118034 
1.118034 
6.519202 
6.519202 
2.121320 
2.121320 
1.414214 
1.414214 
0.500000 
0.500000 
0.500000 
0.500000 
0.707107 
0.707107 
1.118034 
1.118034 
2.692582 
2.692582 
2.121320 
2.121320 
9.013878 
9.013878 
0.500000 
0.500000 
0.500000 
0.500000 
0.500000 
0.500000 
1.118034 
1.118034 
3.000000 
3.000000 
2.000000 
2.000000 
9.013878 
9.013878 
0.000000 
0.000000 
0.500000 
0.500000 
0.707107 
0.707107 
1.118034 
1.118034 
2.500000 
2.500000 
1.500000 
1.500000 
9.013878 
9.013878 
0.500000 
0.500000 
0.500000 
0.500000 
0.500000 
0.500000 
1.118034 
1.118034 
6.519202 
6.519202 
1.581139 
1.581139 
9.013878 
9.013878 
0.500000 
0.500000 
0.500000 
0.500000 
0.500000 
0.500000 
1.118034 
1.118034 
4.000000 
4.000000 
0.707107 
0.707107 
9.013878 
9.013878 
0.000000 
0.000000 
0.000000 
0.000000 
0.500000 
0.500000 
0.000000 
0.000000 
1.118034 
1.118034 
3.535534 
3.535534 
0.500000 
0.500000 
9.013878 
9.013878 
1.118034 
1.118034 
0.000000 
0.000000 
0.500000 
0.500000 
3.041381 
3.041381 
1.118034 
1.118034 
7.516648 
7.516648 
1.500000 
1.500000 
9.013878 
9.013878 
3.500000 
3.500000 
0.000000 
0.000000 
0.500000 
0.500000 
3.041381 
3.041381 
4.272002 
4.272002 
1.414214 
1.414214 
9.013878 
9.013878 
1.118034 
1.118034 
0.000000 
0.000000 
0.500000 
0.500000 
3.041381 
3.041381 
9.708244 
9.708244 
2.236068 
2.236068 
9.013878 
9.013878 
1.000000 
1.000000 
0.000000 
0.000000 
0.500000 
0.500000 
3.605551 
3.605551 
3.640055 
3.640055 
3.000000 
3.000000 
9.013878 
9.013878 
1.000000 
1.000000 
0.000000 
0.000000 
1.000000 
1.000000 
8.514693 
8.514693 
2.549510 
2.549510 
9.013878 
9.013878 
1.581139 
1.581139 
0.000000 
0.000000 
4.000000 
4.000000 
2.061553 
2.061553 
7.648529 
7.648529 
9.013878 
9.013878 
1.500000 
1.500000 
0.000000 
0.000000 
0.000000 
0.000000 
0.500000 
0.500000 
2.500000 
2.500000 
1.118034 
1.118034 
9.013878 
9.013878 
1.000000 
1.000000 
0.000000 
0.000000 
0.000000 
0.000000 
0.000000 
0.000000 
0.500000 
0.500000 
2.549510 
2.549510 
0.500000 
0.500000 
9.013878 
9.013878 
0.000000 
0.000000 
1.000000 
1.000000 
0.500000 
0.500000 
0.000000 
0.000000 
0.500000 
0.500000 
1.500000 
1.500000 
0.707107 
0.707107 
9.013878 
9.013878 
0.000000 
0.000000 
