0.000000 
0.000000 
0.000000 
0.000000 
7.071068 
7.071068 
2.692582 
2.692582 
0.500000 
0.500000 
1.118034 
1.118034 
0.000000 
0.000000 
0.707107 
0.707107 
7.158911 
7.158911 
0.707107 
0.707107 
4.609772 
4.609772 
14.534442 
14.534442 
3.535534 
3.535534 
4.031129 
4.031129 
11.401754 
11.401754 
4.000000 
4.000000 
3.041381 
3.041381 
1.581139 
1.581139 
1.581139 
1.581139 
0.707107 
0.707107 
1.802776 
1.802776 
0.500000 
0.500000 
0.500000 
0.500000 
0.500000 
0.500000 
0.500000 
0.500000 
0.500000 
0.500000 
4.609772 
4.609772 
0.500000 
0.500000 
0.000000 
0.000000 
14.008926 
14.008926 
0.500000 
0.500000 
0.707107 
0.707107 
1.581139 
1.581139 
2.236068 
2.236068 
0.000000 
0.000000 
2.549510 
2.549510 
2.236068 
2.236068 
1.802776 
1.802776 
3.041381 
3.041381 
2.061553 
2.061553 
1.802776 
1.802776 
3.500000 
3.500000 
0.707107 
0.707107 
2.000000 
2.000000 
1.118034 
1.118034 
1.000000 
1.000000 
1.118034 
1.118034 
1.118034 
1.118034 
1.000000 
1.000000 
1.118034 
1.118034 
2.692582 
2.692582 
1.118034 
1.118034 
0.500000 
0.500000 
2.061553 
2.061553 
1.000000 
1.000000 
0.000000 
0.000000 
2.061553 
2.061553 
10.547512 
10.547512 
0.500000 
0.500000 
1.581139 
1.581139 
2.692582 
2.692582 
0.000000 
0.000000 
15.074813 
15.074813 
2.692582 
2.692582 
0.500000 
0.500000 
0.707107 
0.707107 
2.692582 
2.692582 
0.500000 
0.500000 
1.802776 
1.802776 
2.692582 
2.692582 
0.500000 
0.500000 
1.802776 
1.802776 
2.692582 
2.692582 
0.500000 
0.500000 
1.802776 
1.802776 
2.692582 
2.692582 
0.000000 
0.000000 
0.500000 
0.500000 
1.802776 
1.802776 
2.692582 
2.692582 
0.500000 
0.500000 
0.500000 
0.500000 
1.802776 
1.802776 
2.692582 
2.692582 
1.118034 
1.118034 
0.500000 
0.500000 
1.802776 
1.802776 
2.692582 
2.692582 
1.118034 
1.118034 
0.500000 
0.500000 
1.802776 
1.802776 
2.692582 
2.692582 
1.118034 
1.118034 
0.500000 
0.500000 
1.802776 
1.802776 
2.692582 
2.692582 
1.118034 
1.118034 
0.500000 
0.500000 
1.802776 
1.802776 
2.692582 
2.692582 
0.000000 
0.000000 
1.118034 
1.118034 
1.000000 
1.000000 
1.802776 
1.802776 
2.692582 
2.692582 
0.000000 
0.000000 
1.118034 
1.118034 
0.707107 
0.707107 
1.802776 
1.802776 
2.692582 
2.692582 
0.000000 
0.000000 
1.118034 
1.118034 
0.707107 
0.707107 
1.802776 
1.802776 
2.692582 
2.692582 
