0.000000 
0.000000 
0.000000 
0.000000 
4.743416 
4.743416 
1.000000 
1.000000 
2.000000 
2.000000 
0.500000 
0.500000 
0.500000 
0.500000 
1.118034 
1.118034 
1.118034 
1.118034 
1.118034 
1.118034 
0.707107 
0.707107 
0.000000 
0.000000 
1.000000 
1.000000 
0.000000 
0.000000 
1.118034 
1.118034 
0.000000 
0.000000 
1.118034 
1.118034 
0.500000 
0.500000 
1.414214 
1.414214 
0.000000 
0.000000 
1.581139 
1.581139 
0.707107 
0.707107 
2.549510 
2.549510 
0.500000 
0.500000 
2.236068 
2.236068 
0.000000 
0.000000 
0.707107 
0.707107 
0.500000 
0.500000 
1.414214 
1.414214 
0.500000 
0.500000 
1.581139 
1.581139 
0.500000 
0.500000 
1.000000 
1.000000 
0.707107 
0.707107 
1.000000 
1.000000 
1.000000 
1.000000 
1.000000 
1.000000 
1.500000 
1.500000 
0.000000 
0.000000 
1.000000 
1.000000 
0.500000 
0.500000 
0.000000 
0.000000 
1.000000 
1.000000 
1.000000 
1.000000 
5.522681 
5.522681 
3.535534 
3.535534 
0.000000 
0.000000 
1.000000 
1.000000 
0.500000 
0.500000 
1.500000 
1.500000 
1.414214 
1.414214 
1.000000 
1.000000 
0.707107 
0.707107 
1.500000 
1.500000 
25.504901 
25.504901 
1.000000 
1.000000 
0.707107 
0.707107 
1.500000 
1.500000 
1.414214 
1.414214 
1.000000 
1.000000 
1.000000 
1.000000 
1.500000 
1.500000 
0.500000 
0.500000 
1.000000 
1.000000 
1.414214 
1.414214 
1.500000 
1.500000 
8.500000 
8.500000 
1.000000 
1.000000 
1.581139 
1.581139 
1.500000 
1.500000 
1.118034 
1.118034 
1.000000 
1.000000 
1.118034 
1.118034 
1.500000 
1.500000 
1.500000 
1.500000 
1.000000 
1.000000 
0.500000 
0.500000 
1.500000 
1.500000 
0.500000 
0.500000 
1.000000 
1.000000 
0.500000 
0.500000 
1.500000 
1.500000 
0.500000 
0.500000 
1.000000 
1.000000 
1.000000 
1.000000 
1.500000 
1.500000 
1.000000 
1.000000 
0.500000 
0.500000 
1.500000 
1.500000 
1.500000 
1.500000 
1.118034 
1.118034 
1.500000 
1.500000 
7.017834 
7.017834 
6.670832 
6.670832 
0.000000 
0.000000 
1.500000 
1.500000 
9.552487 
9.552487 
1.414214 
1.414214 
0.000000 
0.000000 
1.500000 
1.500000 
9.823441 
9.823441 
0.500000 
0.500000 
18.062392 
18.062392 
1.500000 
1.500000 
3.041381 
3.041381 
0.707107 
0.707107 
2.061553 
2.061553 
3.041381 
3.041381 
0.500000 
0.500000 
1.581139 
1.581139 
2.692582 
2.692582 
1.000000 
1.000000 
