0.000000 
0.000000 
8.015610 
8.015610 
0.707107 
0.707107 
1.000000 
1.000000 
2.000000 
2.000000 
3.041381 
3.041381 
1.581139 
1.581139 
1.581139 
1.581139 
1.581139 
1.581139 
7.632169 
7.632169 
2.915476 
2.915476 
13.416408 
13.416408 
2.061553 
2.061553 
2.549510 
2.549510 
2.692582 
2.692582 
1.118034 
1.118034 
1.000000 
1.000000 
0.500000 
0.500000 
1.802776 
1.802776 
1.802776 
1.802776 
0.000000 
0.000000 
0.500000 
0.500000 
3.162278 
3.162278 
2.061553 
2.061553 
16.000000 
16.000000 
13.729530 
13.729530 
1.118034 
1.118034 
0.000000 
0.000000 
1.802776 
1.802776 
0.500000 
0.500000 
0.500000 
0.500000 
0.707107 
0.707107 
1.581139 
1.581139 
1.000000 
1.000000 
2.500000 
2.500000 
1.000000 
1.000000 
7.071068 
7.071068 
1.000000 
1.000000 
0.500000 
0.500000 
1.581139 
1.581139 
2.549510 
2.549510 
2.000000 
2.000000 
5.024938 
5.024938 
1.581139 
1.581139 
3.162278 
3.162278 
1.118034 
1.118034 
0.707107 
0.707107 
4.500000 
4.500000 
16.446884 
16.446884 
1.581139 
1.581139 
23.048861 
23.048861 
