0.000000 
0.000000 
0.000000 
0.000000 
2.061553 
2.061553 
0.500000 
0.500000 
1.802776 
1.802776 
0.000000 
0.000000 
1.802776 
1.802776 
0.707107 
0.707107 
0.707107 
0.707107 
0.000000 
0.000000 
9.708244 
9.708244 
0.500000 
0.500000 
1.581139 
1.581139 
0.500000 
0.500000 
1.581139 
1.581139 
0.500000 
0.500000 
1.581139 
1.581139 
0.500000 
0.500000 
1.581139 
1.581139 
0.500000 
0.500000 
7.566373 
7.566373 
0.500000 
0.500000 
2.000000 
2.000000 
0.500000 
0.500000 
1.581139 
1.581139 
0.500000 
0.500000 
7.516648 
7.516648 
0.500000 
0.500000 
1.802776 
1.802776 
0.500000 
0.500000 
2.549510 
2.549510 
0.500000 
0.500000 
1.118034 
1.118034 
0.500000 
0.500000 
0.000000 
0.000000 
10.920165 
10.920165 
0.500000 
0.500000 
4.527693 
4.527693 
10.198039 
10.198039 
0.500000 
0.500000 
1.118034 
1.118034 
11.543396 
11.543396 
0.500000 
0.500000 
0.707107 
0.707107 
3.354102 
3.354102 
0.500000 
0.500000 
6.519202 
6.519202 
0.500000 
0.500000 
0.707107 
0.707107 
0.707107 
0.707107 
6.519202 
6.519202 
1.802776 
1.802776 
1.000000 
1.000000 
0.707107 
0.707107 
1.000000 
1.000000 
3.807887 
3.807887 
5.522681 
5.522681 
7.810250 
7.810250 
5.522681 
5.522681 
1.802776 
1.802776 
5.522681 
5.522681 
3.000000 
3.000000 
5.522681 
5.522681 
0.500000 
0.500000 
5.522681 
5.522681 
3.807887 
3.807887 
5.522681 
5.522681 
1.000000 
1.000000 
5.522681 
5.522681 
2.121320 
2.121320 
5.522681 
5.522681 
3.162278 
3.162278 
5.522681 
5.522681 
1.802776 
1.802776 
5.522681 
5.522681 
2.500000 
2.500000 
5.522681 
5.522681 
2.828427 
2.828427 
5.522681 
5.522681 
2.236068 
2.236068 
5.522681 
5.522681 
2.692582 
2.692582 
