0.000000 
0.000000 
0.000000 
0.000000 
0.000000 
0.000000 
0.000000 
0.000000 
0.500000 
0.500000 
1.414214 
1.414214 
0.500000 
0.500000 
1.414214 
1.414214 
1.802776 
1.802776 
0.500000 
0.500000 
2.692582 
2.692582 
1.581139 
1.581139 
1.000000 
1.000000 
0.707107 
0.707107 
2.500000 
2.500000 
0.500000 
0.500000 
0.500000 
0.500000 
3.162278 
3.162278 
1.118034 
1.118034 
0.500000 
0.500000 
2.549510 
2.549510 
1.000000 
1.000000 
0.707107 
0.707107 
2.549510 
2.549510 
0.500000 
0.500000 
0.000000 
0.000000 
1.000000 
1.000000 
1.000000 
1.000000 
0.707107 
0.707107 
7.516648 
7.516648 
0.707107 
0.707107 
0.500000 
0.500000 
0.707107 
0.707107 
3.000000 
3.000000 
0.000000 
0.000000 
1.118034 
1.118034 
0.500000 
0.500000 
0.707107 
0.707107 
2.000000 
2.000000 
0.500000 
0.500000 
0.000000 
0.000000 
3.535534 
3.535534 
0.500000 
0.500000 
0.500000 
0.500000 
10.307764 
10.307764 
0.000000 
0.000000 
0.000000 
0.000000 
0.500000 
0.500000 
2.236068 
2.236068 
2.236068 
2.236068 
0.500000 
0.500000 
0.500000 
0.500000 
12.816006 
12.816006 
1.000000 
1.000000 
0.000000 
0.000000 
0.500000 
0.500000 
0.707107 
0.707107 
1.118034 
1.118034 
0.500000 
0.500000 
0.000000 
0.000000 
2.061553 
2.061553 
1.118034 
1.118034 
0.000000 
0.000000 
0.500000 
0.500000 
13.209845 
13.209845 
1.118034 
1.118034 
0.000000 
0.000000 
2.549510 
2.549510 
0.707107 
0.707107 
1.118034 
1.118034 
0.500000 
0.500000 
1.000000 
1.000000 
16.101242 
16.101242 
1.118034 
1.118034 
1.118034 
1.118034 
0.000000 
0.000000 
1.802776 
1.802776 
1.118034 
1.118034 
1.118034 
1.118034 
0.500000 
0.500000 
2.692582 
2.692582 
1.118034 
1.118034 
2.121320 
2.121320 
0.500000 
0.500000 
3.041381 
3.041381 
1.118034 
1.118034 
2.061553 
2.061553 
0.500000 
0.500000 
2.121320 
2.121320 
1.118034 
1.118034 
1.414214 
1.414214 
1.581139 
1.581139 
0.707107 
0.707107 
1.118034 
1.118034 
4.031129 
4.031129 
1.500000 
1.500000 
0.707107 
0.707107 
1.118034 
1.118034 
1.500000 
1.500000 
2.061553 
2.061553 
2.549510 
2.549510 
1.118034 
1.118034 
2.000000 
2.000000 
0.707107 
0.707107 
2.061553 
2.061553 
1.118034 
1.118034 
1.500000 
1.500000 
2.061553 
2.061553 
2.000000 
2.000000 
1.118034 
1.118034 
1.581139 
1.581139 
0.707107 
0.707107 
2.500000 
2.500000 
0.000000 
0.000000 
1.118034 
1.118034 
10.511898 
10.511898 
4.743416 
4.743416 
2.500000 
2.500000 
0.000000 
0.000000 
10.062306 
10.062306 
10.511898 
10.511898 
2.121320 
2.121320 
2.500000 
2.500000 
1.000000 
1.000000 
3.605551 
3.605551 
10.511898 
10.511898 
1.802776 
1.802776 
2.500000 
2.500000 
1.581139 
1.581139 
2.915476 
2.915476 
10.511898 
10.511898 
1.414214 
1.414214 
2.500000 
2.500000 
1.581139 
1.581139 
2.915476 
2.915476 
10.511898 
10.511898 
1.000000 
1.000000 
2.500000 
2.500000 
1.581139 
1.581139 
1.118034 
1.118034 
10.511898 
10.511898 
0.707107 
0.707107 
2.500000 
2.500000 
1.581139 
1.581139 
2.915476 
2.915476 
10.511898 
10.511898 
1.802776 
1.802776 
2.500000 
2.500000 
