0.000000 
0.000000 
0.000000 
0.000000 
0.000000 
0.000000 
1.581139 
1.581139 
2.549510 
2.549510 
2.915476 
2.915476 
1.414214 
1.414214 
2.061553 
2.061553 
6.184658 
6.184658 
1.414214 
1.414214 
0.500000 
0.500000 
4.031129 
4.031129 
1.802776 
1.802776 
4.272002 
4.272002 
3.535534 
3.535534 
4.527693 
4.527693 
1.581139 
1.581139 
7.071068 
7.071068 
0.707107 
0.707107 
2.061553 
2.061553 
2.549510 
2.549510 
1.118034 
1.118034 
2.236068 
2.236068 
4.000000 
4.000000 
0.000000 
0.000000 
1.581139 
1.581139 
1.500000 
1.500000 
4.000000 
4.000000 
1.802776 
1.802776 
0.707107 
0.707107 
1.500000 
1.500000 
4.000000 
4.000000 
1.802776 
1.802776 
2.061553 
2.061553 
1.000000 
1.000000 
4.000000 
4.000000 
1.802776 
1.802776 
1.581139 
1.581139 
4.716991 
4.716991 
4.000000 
4.000000 
1.802776 
1.802776 
3.807887 
3.807887 
0.707107 
0.707107 
4.000000 
4.000000 
1.802776 
1.802776 
2.236068 
2.236068 
0.500000 
0.500000 
4.000000 
4.000000 
1.802776 
1.802776 
4.609772 
4.609772 
0.000000 
0.000000 
4.000000 
4.000000 
0.000000 
0.000000 
1.802776 
1.802776 
1.581139 
1.581139 
0.500000 
0.500000 
4.000000 
4.000000 
1.500000 
1.500000 
1.802776 
1.802776 
2.500000 
2.500000 
1.118034 
1.118034 
4.000000 
4.000000 
0.000000 
0.000000 
1.500000 
1.500000 
1.802776 
1.802776 
1.802776 
1.802776 
5.522681 
5.522681 
4.000000 
4.000000 
2.061553 
2.061553 
1.500000 
1.500000 
1.802776 
1.802776 
2.500000 
2.500000 
1.118034 
1.118034 
4.000000 
4.000000 
2.500000 
2.500000 
1.500000 
1.500000 
1.802776 
1.802776 
1.802776 
1.802776 
4.743416 
4.743416 
4.000000 
4.000000 
2.549510 
2.549510 
1.500000 
1.500000 
1.802776 
1.802776 
7.071068 
7.071068 
4.743416 
4.743416 
4.000000 
4.000000 
7.000000 
7.000000 
1.500000 
1.500000 
1.802776 
1.802776 
0.707107 
0.707107 
4.743416 
4.743416 
4.000000 
4.000000 
4.000000 
4.000000 
1.500000 
1.500000 
1.802776 
1.802776 
1.000000 
1.000000 
4.743416 
4.743416 
9.055385 
9.055385 
1.500000 
1.500000 
1.802776 
1.802776 
1.000000 
1.000000 
4.743416 
4.743416 
3.041381 
3.041381 
1.500000 
1.500000 
6.000000 
6.000000 
4.743416 
4.743416 
3.500000 
3.500000 
1.500000 
1.500000 
0.500000 
0.500000 
4.743416 
4.743416 
7.017834 
7.017834 
1.500000 
1.500000 
1.000000 
1.000000 
4.743416 
4.743416 
2.549510 
2.549510 
1.500000 
1.500000 
1.000000 
1.000000 
4.743416 
4.743416 
3.535534 
3.535534 
1.500000 
1.500000 
1.500000 
1.500000 
4.743416 
4.743416 
10.000000 
10.000000 
1.500000 
1.500000 
1.414214 
1.414214 
4.743416 
4.743416 
4.031129 
4.031129 
1.500000 
1.500000 
2.692582 
2.692582 
4.743416 
4.743416 
9.013878 
9.013878 
2.828427 
2.828427 
4.743416 
4.743416 
3.535534 
3.535534 
2.121320 
2.121320 
4.743416 
4.743416 
9.513149 
9.513149 
1.000000 
1.000000 
4.743416 
4.743416 
3.000000 
3.000000 
5.700877 
5.700877 
4.472136 
4.472136 
1.118034 
1.118034 
2.061553 
2.061553 
6.082763 
6.082763 
2.061553 
2.061553 
6.000000 
6.000000 
2.061553 
2.061553 
0.000000 
0.000000 
