0.000000 
0.000000 
0.000000 
0.000000 
1.414214 
1.414214 
1.414214 
1.414214 
0.707107 
0.707107 
0.707107 
0.707107 
0.707107 
0.707107 
0.000000 
0.000000 
0.707107 
0.707107 
1.000000 
1.000000 
0.707107 
0.707107 
1.118034 
1.118034 
0.707107 
0.707107 
1.581139 
1.581139 
0.707107 
0.707107 
2.500000 
2.500000 
0.707107 
0.707107 
1.414214 
1.414214 
0.707107 
0.707107 
1.000000 
1.000000 
0.707107 
0.707107 
0.500000 
0.500000 
0.707107 
0.707107 
2.692582 
2.692582 
0.707107 
0.707107 
2.000000 
2.000000 
0.707107 
0.707107 
1.414214 
1.414214 
0.707107 
0.707107 
1.500000 
1.500000 
0.707107 
0.707107 
1.802776 
1.802776 
0.707107 
0.707107 
1.118034 
1.118034 
0.000000 
0.000000 
19.163768 
19.163768 
6.576473 
6.576473 
1.500000 
1.500000 
6.000000 
6.000000 
0.500000 
0.500000 
6.000000 
6.000000 
19.163768 
19.163768 
6.000000 
6.000000 
0.000000 
0.000000 
6.000000 
6.000000 
1.000000 
1.000000 
6.000000 
6.000000 
0.000000 
0.000000 
6.000000 
6.000000 
1.500000 
1.500000 
0.000000 
0.000000 
6.000000 
6.000000 
0.000000 
0.000000 
1.581139 
1.581139 
6.000000 
6.000000 
1.802776 
1.802776 
1.118034 
1.118034 
10.965856 
10.965856 
16.070159 
16.070159 
1.802776 
1.802776 
3.535534 
3.535534 
16.070159 
16.070159 
1.581139 
1.581139 
8.015610 
8.015610 
16.070159 
16.070159 
1.000000 
1.000000 
2.236068 
2.236068 
7.158911 
7.158911 
1.118034 
1.118034 
1.581139 
1.581139 
1.118034 
1.118034 
4.527693 
4.527693 
1.581139 
1.581139 
2.000000 
2.000000 
5.315073 
5.315073 
1.581139 
1.581139 
1.118034 
1.118034 
2.692582 
2.692582 
1.118034 
1.118034 
3.605551 
3.605551 
3.041381 
3.041381 
0.707107 
0.707107 
3.605551 
3.605551 
2.061553 
2.061553 
26.043233 
26.043233 
3.605551 
3.605551 
1.581139 
1.581139 
2.915476 
2.915476 
3.605551 
3.605551 
2.121320 
2.121320 
0.500000 
0.500000 
3.605551 
3.605551 
