0.000000 
0.000000 
1.802776 
1.802776 
0.000000 
0.000000 
1.802776 
1.802776 
0.500000 
0.500000 
1.802776 
1.802776 
2.061553 
2.061553 
1.802776 
1.802776 
2.061553 
2.061553 
1.802776 
1.802776 
0.000000 
0.000000 
2.061553 
2.061553 
1.802776 
1.802776 
2.236068 
2.236068 
2.061553 
2.061553 
1.802776 
1.802776 
2.236068 
2.236068 
2.061553 
2.061553 
1.802776 
1.802776 
2.236068 
2.236068 
27.101660 
27.101660 
1.802776 
1.802776 
2.236068 
2.236068 
1.500000 
1.500000 
1.802776 
1.802776 
2.236068 
2.236068 
2.061553 
2.061553 
1.802776 
1.802776 
2.236068 
2.236068 
2.500000 
2.500000 
1.802776 
1.802776 
2.236068 
2.236068 
18.821530 
18.821530 
1.802776 
1.802776 
2.236068 
2.236068 
15.532225 
15.532225 
1.802776 
1.802776 
0.000000 
0.000000 
2.236068 
2.236068 
15.532225 
15.532225 
1.802776 
1.802776 
3.640055 
3.640055 
2.236068 
2.236068 
15.532225 
15.532225 
2.000000 
2.000000 
2.236068 
2.236068 
15.532225 
15.532225 
0.000000 
0.000000 
0.000000 
0.000000 
3.807887 
3.807887 
2.236068 
2.236068 
15.532225 
15.532225 
0.000000 
0.000000 
2.236068 
2.236068 
0.000000 
0.000000 
2.549510 
2.549510 
2.236068 
2.236068 
15.532225 
15.532225 
0.000000 
0.000000 
2.236068 
2.236068 
0.000000 
0.000000 
0.707107 
0.707107 
2.236068 
2.236068 
15.532225 
15.532225 
0.000000 
0.000000 
2.236068 
2.236068 
0.000000 
0.000000 
2.236068 
2.236068 
2.236068 
2.236068 
15.532225 
15.532225 
0.000000 
0.000000 
2.236068 
2.236068 
0.000000 
0.000000 
2.549510 
2.549510 
15.532225 
15.532225 
0.000000 
0.000000 
2.236068 
2.236068 
0.000000 
0.000000 
2.500000 
2.500000 
15.532225 
15.532225 
0.000000 
0.000000 
0.000000 
0.000000 
2.236068 
2.236068 
0.000000 
0.000000 
1.802776 
1.802776 
15.532225 
15.532225 
0.000000 
0.000000 
0.500000 
0.500000 
0.000000 
0.000000 
2.236068 
2.236068 
0.000000 
0.000000 
13.509256 
13.509256 
15.532225 
15.532225 
2.061553 
2.061553 
1.500000 
1.500000 
0.000000 
0.000000 
2.236068 
2.236068 
0.000000 
0.000000 
0.000000 
0.000000 
15.532225 
15.532225 
2.061553 
2.061553 
2.500000 
2.500000 
0.000000 
0.000000 
2.236068 
2.236068 
0.000000 
0.000000 
1.000000 
1.000000 
15.532225 
15.532225 
0.000000 
0.000000 
2.061553 
2.061553 
2.500000 
2.500000 
0.000000 
0.000000 
2.236068 
2.236068 
0.000000 
0.000000 
11.500000 
11.500000 
15.532225 
15.532225 
1.802776 
1.802776 
2.061553 
2.061553 
2.500000 
2.500000 
0.000000 
0.000000 
2.236068 
2.236068 
0.000000 
0.000000 
1.000000 
1.000000 
0.000000 
0.000000 
1.802776 
1.802776 
2.061553 
2.061553 
2.500000 
2.500000 
0.000000 
0.000000 
2.236068 
2.236068 
0.000000 
0.000000 
3.807887 
3.807887 
0.000000 
0.000000 
1.802776 
1.802776 
2.061553 
2.061553 
2.500000 
2.500000 
0.000000 
0.000000 
2.236068 
2.236068 
0.000000 
0.000000 
4.609772 
4.609772 
0.000000 
0.000000 
1.802776 
1.802776 
2.061553 
2.061553 
2.500000 
2.500000 
0.000000 
0.000000 
2.236068 
2.236068 
0.000000 
0.000000 
3.640055 
3.640055 
0.000000 
0.000000 
0.000000 
0.000000 
1.802776 
1.802776 
2.061553 
2.061553 
2.500000 
2.500000 
0.000000 
0.000000 
2.236068 
2.236068 
0.500000 
0.500000 
1.802776 
1.802776 
0.000000 
0.000000 
1.802776 
1.802776 
2.061553 
2.061553 
2.500000 
2.500000 
3.354102 
3.354102 
8.381527 
8.381527 
0.000000 
0.000000 
1.802776 
1.802776 
2.061553 
2.061553 
2.500000 
2.500000 
8.246211 
8.246211 
6.264982 
6.264982 
0.000000 
0.000000 
1.802776 
1.802776 
2.061553 
2.061553 
2.500000 
2.500000 
1.000000 
1.000000 
1.581139 
1.581139 
0.000000 
0.000000 
1.802776 
1.802776 
2.061553 
2.061553 
2.500000 
2.500000 
2.500000 
2.500000 
0.000000 
0.000000 
1.581139 
1.581139 
0.000000 
0.000000 
1.802776 
1.802776 
2.061553 
2.061553 
2.500000 
2.500000 
2.000000 
2.000000 
