0.000000 
0.000000 
0.000000 
0.000000 
0.000000 
0.000000 
2.000000 
2.000000 
0.707107 
0.707107 
0.000000 
0.000000 
1.000000 
1.000000 
2.000000 
2.000000 
4.609772 
4.609772 
0.000000 
0.000000 
0.000000 
0.000000 
0.000000 
0.000000 
3.535534 
3.535534 
8.845903 
8.845903 
2.236068 
2.236068 
1.414214 
1.414214 
0.500000 
0.500000 
0.000000 
0.000000 
1.000000 
1.000000 
3.905125 
3.905125 
1.802776 
1.802776 
0.000000 
0.000000 
1.802776 
1.802776 
0.500000 
0.500000 
0.000000 
0.000000 
0.500000 
0.500000 
1.000000 
1.000000 
1.802776 
1.802776 
1.000000 
1.000000 
1.500000 
1.500000 
0.707107 
0.707107 
0.000000 
0.000000 
1.000000 
1.000000 
0.707107 
0.707107 
1.802776 
1.802776 
0.000000 
0.000000 
0.707107 
0.707107 
1.500000 
1.500000 
1.581139 
1.581139 
0.000000 
0.000000 
0.500000 
0.500000 
3.535534 
3.535534 
4.272002 
4.272002 
1.000000 
1.000000 
4.527693 
4.527693 
1.500000 
1.500000 
5.522681 
5.522681 
0.000000 
0.000000 
1.118034 
1.118034 
2.915476 
2.915476 
1.000000 
1.000000 
1.000000 
1.000000 
1.118034 
1.118034 
1.500000 
1.500000 
6.519202 
6.519202 
0.000000 
0.000000 
1.118034 
1.118034 
11.101802 
11.101802 
2.061553 
2.061553 
1.000000 
1.000000 
2.000000 
2.000000 
1.500000 
1.500000 
6.519202 
6.519202 
0.000000 
0.000000 
1.118034 
1.118034 
8.732125 
8.732125 
2.000000 
2.000000 
1.000000 
1.000000 
4.272002 
4.272002 
1.500000 
1.500000 
6.519202 
6.519202 
0.000000 
0.000000 
1.118034 
1.118034 
3.535534 
3.535534 
2.549510 
2.549510 
1.000000 
1.000000 
2.500000 
2.500000 
1.500000 
1.500000 
6.519202 
6.519202 
0.000000 
0.000000 
1.118034 
1.118034 
8.062258 
8.062258 
2.236068 
2.236068 
0.000000 
0.000000 
1.000000 
1.000000 
1.802776 
1.802776 
1.500000 
1.500000 
6.519202 
6.519202 
0.000000 
0.000000 
1.118034 
1.118034 
1.581139 
1.581139 
2.236068 
2.236068 
0.000000 
0.000000 
0.000000 
0.000000 
0.000000 
0.000000 
3.162278 
3.162278 
1.000000 
1.000000 
1.802776 
1.802776 
1.500000 
1.500000 
6.519202 
6.519202 
0.000000 
0.000000 
1.118034 
1.118034 
1.000000 
1.000000 
2.236068 
2.236068 
0.000000 
0.000000 
1.000000 
1.000000 
3.041381 
3.041381 
2.915476 
2.915476 
1.000000 
1.000000 
1.802776 
1.802776 
1.500000 
1.500000 
6.519202 
6.519202 
0.000000 
0.000000 
1.118034 
1.118034 
1.000000 
1.000000 
2.236068 
2.236068 
0.000000 
0.000000 
1.000000 
1.000000 
2.692582 
2.692582 
2.915476 
2.915476 
1.000000 
1.000000 
1.802776 
1.802776 
1.500000 
1.500000 
6.519202 
6.519202 
0.000000 
0.000000 
1.118034 
1.118034 
1.500000 
1.500000 
2.236068 
2.236068 
0.000000 
0.000000 
0.000000 
0.000000 
1.000000 
1.000000 
2.692582 
2.692582 
2.915476 
2.915476 
1.000000 
1.000000 
1.802776 
1.802776 
1.500000 
1.500000 
6.519202 
6.519202 
1.118034 
1.118034 
1.500000 
1.500000 
2.236068 
2.236068 
0.000000 
0.000000 
3.000000 
3.000000 
0.000000 
0.000000 
1.000000 
1.000000 
2.692582 
2.692582 
2.915476 
2.915476 
1.000000 
1.000000 
1.802776 
1.802776 
1.500000 
1.500000 
6.519202 
6.519202 
1.118034 
1.118034 
1.581139 
1.581139 
2.236068 
2.236068 
1.500000 
1.500000 
2.500000 
2.500000 
0.000000 
0.000000 
1.000000 
1.000000 
2.692582 
2.692582 
2.915476 
2.915476 
1.000000 
1.000000 
1.802776 
1.802776 
1.500000 
1.500000 
6.519202 
6.519202 
1.118034 
1.118034 
0.000000 
0.000000 
2.236068 
2.236068 
0.000000 
0.000000 
0.000000 
0.000000 
0.000000 
0.000000 
1.500000 
1.500000 
2.500000 
2.500000 
0.000000 
0.000000 
1.000000 
1.000000 
2.692582 
2.692582 
2.915476 
2.915476 
1.000000 
1.000000 
1.802776 
1.802776 
1.500000 
1.500000 
6.519202 
6.519202 
1.118034 
1.118034 
0.000000 
0.000000 
2.236068 
2.236068 
0.000000 
0.000000 
1.000000 
1.000000 
1.118034 
1.118034 
1.500000 
1.500000 
2.500000 
2.500000 
0.000000 
0.000000 
1.000000 
1.000000 
2.692582 
2.692582 
2.915476 
2.915476 
1.000000 
1.000000 
1.802776 
1.802776 
6.519202 
6.519202 
1.118034 
1.118034 
1.000000 
1.000000 
2.236068 
2.236068 
0.000000 
0.000000 
2.061553 
2.061553 
2.000000 
2.000000 
1.500000 
1.500000 
2.500000 
2.500000 
0.000000 
0.000000 
1.000000 
1.000000 
2.692582 
2.692582 
2.915476 
2.915476 
1.000000 
1.000000 
1.802776 
1.802776 
6.519202 
6.519202 
1.118034 
1.118034 
1.000000 
1.000000 
2.236068 
2.236068 
0.000000 
0.000000 
0.000000 
0.000000 
0.000000 
0.000000 
2.061553 
2.061553 
2.000000 
2.000000 
1.500000 
1.500000 
2.500000 
2.500000 
0.000000 
0.000000 
1.000000 
1.000000 
2.692582 
2.692582 
2.915476 
2.915476 
1.802776 
1.802776 
6.519202 
6.519202 
1.000000 
1.000000 
2.236068 
2.236068 
1.581139 
1.581139 
1.000000 
1.000000 
0.000000 
0.000000 
2.061553 
2.061553 
2.061553 
2.061553 
1.500000 
1.500000 
2.500000 
2.500000 
0.000000 
0.000000 
1.000000 
1.000000 
2.692582 
2.692582 
2.915476 
2.915476 
1.802776 
1.802776 
0.500000 
0.500000 
2.236068 
2.236068 
1.000000 
1.000000 
1.581139 
1.581139 
0.000000 
0.000000 
2.061553 
2.061553 
1.802776 
1.802776 
1.500000 
1.500000 
2.500000 
2.500000 
0.000000 
0.000000 
1.000000 
1.000000 
2.692582 
2.692582 
2.915476 
2.915476 
1.802776 
1.802776 
2.121320 
2.121320 
2.236068 
2.236068 
0.000000 
0.000000 
1.581139 
1.581139 
1.414214 
1.414214 
0.000000 
0.000000 
2.061553 
2.061553 
1.802776 
1.802776 
1.500000 
1.500000 
2.500000 
2.500000 
0.000000 
0.000000 
1.000000 
1.000000 
2.692582 
2.692582 
2.915476 
2.915476 
1.802776 
1.802776 
0.707107 
0.707107 
2.236068 
2.236068 
0.000000 
0.000000 
3.640055 
3.640055 
1.581139 
1.581139 
1.414214 
1.414214 
0.000000 
0.000000 
2.061553 
2.061553 
1.802776 
1.802776 
1.500000 
1.500000 
2.500000 
2.500000 
0.000000 
0.000000 
1.000000 
1.000000 
2.692582 
2.692582 
2.915476 
2.915476 
1.802776 
1.802776 
0.707107 
0.707107 
1.802776 
1.802776 
1.581139 
1.581139 
1.581139 
1.581139 
1.414214 
1.414214 
0.000000 
0.000000 
2.061553 
2.061553 
1.802776 
1.802776 
1.500000 
1.500000 
2.500000 
2.500000 
0.000000 
0.000000 
1.000000 
1.000000 
2.692582 
2.692582 
2.915476 
2.915476 
8.062258 
8.062258 
0.000000 
0.000000 
1.118034 
1.118034 
1.500000 
1.500000 
1.581139 
1.581139 
1.414214 
1.414214 
0.000000 
0.000000 
2.061553 
2.061553 
1.802776 
1.802776 
1.500000 
1.500000 
2.500000 
2.500000 
1.000000 
1.000000 
2.692582 
2.692582 
2.915476 
2.915476 
2.061553 
2.061553 
2.236068 
2.236068 
4.031129 
4.031129 
2.500000 
2.500000 
1.581139 
1.581139 
1.414214 
1.414214 
0.000000 
0.000000 
2.061553 
2.061553 
1.802776 
1.802776 
1.500000 
1.500000 
2.500000 
2.500000 
2.692582 
2.692582 
2.000000 
2.000000 
2.121320 
2.121320 
1.500000 
1.500000 
1.118034 
1.118034 
1.581139 
1.581139 
1.414214 
1.414214 
0.000000 
0.000000 
2.061553 
2.061553 
1.802776 
1.802776 
1.500000 
1.500000 
2.500000 
2.500000 
0.500000 
0.500000 
2.061553 
2.061553 
1.500000 
1.500000 
6.519202 
6.519202 
1.581139 
1.581139 
1.414214 
1.414214 
0.000000 
0.000000 
2.061553 
2.061553 
1.802776 
1.802776 
1.500000 
1.500000 
2.500000 
2.500000 
1.000000 
1.000000 
1.118034 
1.118034 
3.500000 
3.500000 
0.500000 
0.500000 
1.581139 
1.581139 
1.414214 
1.414214 
0.000000 
0.000000 
2.061553 
2.061553 
1.802776 
1.802776 
1.500000 
1.500000 
2.500000 
2.500000 
1.118034 
1.118034 
1.581139 
1.581139 
1.118034 
1.118034 
0.500000 
0.500000 
1.581139 
1.581139 
1.414214 
1.414214 
0.000000 
0.000000 
2.061553 
2.061553 
1.802776 
1.802776 
0.707107 
0.707107 
1.414214 
1.414214 
1.500000 
1.500000 
1.000000 
1.000000 
1.581139 
1.581139 
1.414214 
1.414214 
2.061553 
2.061553 
1.802776 
1.802776 
0.707107 
0.707107 
1.581139 
1.581139 
1.118034 
1.118034 
1.802776 
1.802776 
1.581139 
1.581139 
1.414214 
1.414214 
2.061553 
2.061553 
1.802776 
1.802776 
1.118034 
1.118034 
0.000000 
0.000000 
4.527693 
4.527693 
1.118034 
1.118034 
1.581139 
1.581139 
1.581139 
1.581139 
1.414214 
1.414214 
1.802776 
1.802776 
8.276473 
8.276473 
1.581139 
1.581139 
1.000000 
1.000000 
1.118034 
1.118034 
1.500000 
1.500000 
1.581139 
1.581139 
1.414214 
1.414214 
1.802776 
1.802776 
1.000000 
1.000000 
