0.000000 
0.000000 
2.236068 
2.236068 
3.041381 
3.041381 
8.276473 
8.276473 
1.414214 
1.414214 
1.000000 
1.000000 
10.920165 
10.920165 
0.000000 
0.000000 
0.000000 
0.000000 
1.118034 
1.118034 
4.272002 
4.272002 
3.201562 
3.201562 
3.535534 
3.535534 
0.000000 
0.000000 
1.802776 
1.802776 
11.011358 
11.011358 
1.500000 
1.500000 
2.500000 
2.500000 
2.549510 
2.549510 
1.414214 
1.414214 
1.500000 
1.500000 
1.414214 
1.414214 
2.915476 
2.915476 
13.000000 
13.000000 
1.500000 
1.500000 
1.802776 
1.802776 
3.201562 
3.201562 
2.692582 
2.692582 
1.500000 
1.500000 
7.017834 
7.017834 
1.581139 
1.581139 
0.707107 
0.707107 
1.500000 
1.500000 
1.802776 
1.802776 
1.802776 
1.802776 
8.732125 
8.732125 
1.500000 
1.500000 
7.500000 
7.500000 
1.118034 
1.118034 
7.762087 
7.762087 
1.500000 
1.500000 
1.118034 
1.118034 
1.118034 
1.118034 
0.500000 
0.500000 
1.500000 
1.500000 
1.581139 
1.581139 
0.500000 
0.500000 
1.414214 
1.414214 
1.500000 
1.500000 
2.236068 
2.236068 
0.500000 
0.500000 
1.802776 
1.802776 
1.500000 
1.500000 
2.061553 
2.061553 
1.118034 
1.118034 
2.121320 
2.121320 
1.500000 
1.500000 
1.118034 
1.118034 
1.000000 
1.000000 
1.414214 
1.414214 
1.500000 
1.500000 
0.707107 
0.707107 
1.581139 
1.581139 
1.118034 
1.118034 
1.500000 
1.500000 
2.000000 
2.000000 
1.802776 
1.802776 
1.414214 
1.414214 
1.500000 
1.500000 
2.000000 
2.000000 
2.061553 
2.061553 
1.000000 
1.000000 
1.500000 
1.500000 
1.000000 
1.000000 
3.354102 
3.354102 
0.707107 
0.707107 
1.581139 
1.581139 
3.605551 
3.605551 
0.707107 
0.707107 
2.500000 
2.500000 
1.118034 
1.118034 
0.500000 
0.500000 
2.236068 
2.236068 
15.008331 
15.008331 
0.500000 
0.500000 
2.549510 
2.549510 
0.500000 
0.500000 
2.000000 
2.000000 
1.118034 
1.118034 
0.707107 
0.707107 
3.201562 
3.201562 
3.000000 
3.000000 
0.707107 
0.707107 
3.605551 
3.605551 
1.581139 
1.581139 
9.340771 
9.340771 
9.962429 
9.962429 
1.581139 
1.581139 
2.500000 
2.500000 
2.828427 
2.828427 
1.581139 
1.581139 
4.609772 
4.609772 
4.031129 
4.031129 
1.581139 
1.581139 
4.609772 
4.609772 
7.632169 
7.632169 
1.581139 
1.581139 
4.609772 
4.609772 
4.000000 
4.000000 
1.581139 
1.581139 
4.609772 
4.609772 
4.031129 
4.031129 
1.581139 
1.581139 
19.780040 
19.780040 
8.514693 
8.514693 
1.581139 
1.581139 
4.123106 
4.123106 
1.118034 
1.118034 
