0.000000 
0.000000 
0.000000 
0.000000 
15.000000 
15.000000 
1.581139 
1.581139 
2.000000 
2.000000 
2.692582 
2.692582 
2.500000 
2.500000 
2.692582 
2.692582 
0.707107 
0.707107 
2.692582 
2.692582 
25.243811 
25.243811 
2.692582 
2.692582 
25.019992 
25.019992 
2.692582 
2.692582 
1.500000 
1.500000 
2.692582 
2.692582 
1.802776 
1.802776 
2.692582 
2.692582 
3.000000 
3.000000 
2.692582 
2.692582 
2.549510 
2.549510 
2.692582 
2.692582 
1.414214 
1.414214 
2.692582 
2.692582 
1.802776 
1.802776 
2.692582 
2.692582 
2.061553 
2.061553 
2.692582 
2.692582 
2.061553 
2.061553 
2.692582 
2.692582 
2.061553 
2.061553 
2.692582 
2.692582 
2.061553 
2.061553 
2.692582 
2.692582 
2.061553 
2.061553 
2.692582 
2.692582 
2.061553 
2.061553 
2.061553 
2.061553 
22.945588 
22.945588 
2.915476 
2.915476 
4.500000 
4.500000 
4.500000 
4.500000 
4.500000 
4.500000 
4.500000 
4.500000 
4.500000 
4.500000 
4.500000 
4.500000 
4.500000 
4.500000 
4.500000 
4.500000 
4.500000 
4.500000 
4.500000 
4.500000 
4.500000 
4.500000 
0.000000 
0.000000 
4.500000 
4.500000 
2.500000 
2.500000 
4.500000 
4.500000 
2.915476 
2.915476 
4.500000 
4.500000 
1.118034 
1.118034 
4.500000 
4.500000 
0.000000 
0.000000 
26.504717 
26.504717 
2.500000 
2.500000 
2.915476 
2.915476 
