0.000000 
0.000000 
0.000000 
0.000000 
0.000000 
0.000000 
0.000000 
0.000000 
0.000000 
0.000000 
0.000000 
0.000000 
0.000000 
0.000000 
0.000000 
0.000000 
3.041381 
3.041381 
0.000000 
0.000000 
3.535534 
3.535534 
0.707107 
0.707107 
1.000000 
1.000000 
2.500000 
2.500000 
3.000000 
3.000000 
1.581139 
1.581139 
0.000000 
0.000000 
0.000000 
0.000000 
2.000000 
2.000000 
0.000000 
0.000000 
3.535534 
3.535534 
1.000000 
1.000000 
3.807887 
3.807887 
2.500000 
2.500000 
2.549510 
2.549510 
1.500000 
1.500000 
0.000000 
0.000000 
3.000000 
3.000000 
3.500000 
3.500000 
1.500000 
1.500000 
0.000000 
0.000000 
3.535534 
3.535534 
5.099020 
5.099020 
0.000000 
0.000000 
2.500000 
2.500000 
2.549510 
2.549510 
2.061553 
2.061553 
0.000000 
0.000000 
2.549510 
2.549510 
2.549510 
2.549510 
3.162278 
3.162278 
1.500000 
1.500000 
0.000000 
0.000000 
3.535534 
3.535534 
1.581139 
1.581139 
1.118034 
1.118034 
1.581139 
1.581139 
2.549510 
2.549510 
1.581139 
1.581139 
0.000000 
0.000000 
1.802776 
1.802776 
3.500000 
3.500000 
2.500000 
2.500000 
3.162278 
3.162278 
1.500000 
1.500000 
0.000000 
0.000000 
3.535534 
3.535534 
0.500000 
0.500000 
0.000000 
0.000000 
5.590170 
5.590170 
2.549510 
2.549510 
1.118034 
1.118034 
3.535534 
3.535534 
1.000000 
1.000000 
2.061553 
2.061553 
5.024938 
5.024938 
3.162278 
3.162278 
1.500000 
1.500000 
0.000000 
0.000000 
3.535534 
3.535534 
0.500000 
0.500000 
1.000000 
1.000000 
3.535534 
3.535534 
2.549510 
2.549510 
1.414214 
1.414214 
0.000000 
0.000000 
3.041381 
3.041381 
1.000000 
1.000000 
2.061553 
2.061553 
1.000000 
1.000000 
3.162278 
3.162278 
1.500000 
1.500000 
0.000000 
0.000000 
3.535534 
3.535534 
6.500000 
6.500000 
0.000000 
0.000000 
2.500000 
2.500000 
2.549510 
2.549510 
5.024938 
5.024938 
0.000000 
0.000000 
2.061553 
2.061553 
3.041381 
3.041381 
1.000000 
1.000000 
2.061553 
2.061553 
6.041523 
6.041523 
3.162278 
3.162278 
1.500000 
1.500000 
0.000000 
0.000000 
3.535534 
3.535534 
6.500000 
6.500000 
0.707107 
0.707107 
2.549510 
2.549510 
2.549510 
2.549510 
1.118034 
1.118034 
0.000000 
0.000000 
0.000000 
0.000000 
0.000000 
0.000000 
3.535534 
3.535534 
3.000000 
3.000000 
3.041381 
3.041381 
1.000000 
1.000000 
2.061553 
2.061553 
3.000000 
3.000000 
3.162278 
3.162278 
1.500000 
1.500000 
0.000000 
0.000000 
3.535534 
3.535534 
6.500000 
6.500000 
1.000000 
1.000000 
5.500000 
5.500000 
2.549510 
2.549510 
2.692582 
2.692582 
0.000000 
0.000000 
1.414214 
1.414214 
0.000000 
0.000000 
3.500000 
3.500000 
2.236068 
2.236068 
3.041381 
3.041381 
1.000000 
1.000000 
2.061553 
2.061553 
2.236068 
2.236068 
3.162278 
3.162278 
1.500000 
1.500000 
0.000000 
0.000000 
3.535534 
3.535534 
6.500000 
6.500000 
0.000000 
0.000000 
2.549510 
2.549510 
2.549510 
2.549510 
2.061553 
2.061553 
0.000000 
0.000000 
0.000000 
0.000000 
2.236068 
2.236068 
0.000000 
0.000000 
3.500000 
3.500000 
5.590170 
5.590170 
3.041381 
3.041381 
1.000000 
1.000000 
2.061553 
2.061553 
2.000000 
2.000000 
3.162278 
3.162278 
1.500000 
1.500000 
0.000000 
0.000000 
3.535534 
3.535534 
6.500000 
6.500000 
0.000000 
0.000000 
2.692582 
2.692582 
2.549510 
2.549510 
1.581139 
1.581139 
0.000000 
0.000000 
3.041381 
3.041381 
0.000000 
0.000000 
2.500000 
2.500000 
0.000000 
0.000000 
3.500000 
3.500000 
2.000000 
2.000000 
3.041381 
3.041381 
1.000000 
1.000000 
2.061553 
2.061553 
3.640055 
3.640055 
3.162278 
3.162278 
1.500000 
1.500000 
0.000000 
0.000000 
3.535534 
3.535534 
6.500000 
6.500000 
1.118034 
1.118034 
2.061553 
2.061553 
2.549510 
2.549510 
6.082763 
6.082763 
0.500000 
0.500000 
3.041381 
3.041381 
0.000000 
0.000000 
5.830952 
5.830952 
0.000000 
0.000000 
3.500000 
3.500000 
2.549510 
2.549510 
3.041381 
3.041381 
1.000000 
1.000000 
2.061553 
2.061553 
1.118034 
1.118034 
3.162278 
3.162278 
1.500000 
1.500000 
0.000000 
0.000000 
3.535534 
3.535534 
6.500000 
6.500000 
0.500000 
0.500000 
1.581139 
1.581139 
2.549510 
2.549510 
1.802776 
1.802776 
0.000000 
0.000000 
0.707107 
0.707107 
3.041381 
3.041381 
0.000000 
0.000000 
2.236068 
2.236068 
0.000000 
0.000000 
3.500000 
3.500000 
2.061553 
2.061553 
3.041381 
3.041381 
1.000000 
1.000000 
2.061553 
2.061553 
2.000000 
2.000000 
3.162278 
3.162278 
1.500000 
1.500000 
0.000000 
0.000000 
3.535534 
3.535534 
6.500000 
6.500000 
1.000000 
1.000000 
4.500000 
4.500000 
2.549510 
2.549510 
2.000000 
2.000000 
2.915476 
2.915476 
1.000000 
1.000000 
3.041381 
3.041381 
0.000000 
0.000000 
0.707107 
0.707107 
0.000000 
0.000000 
3.500000 
3.500000 
1.581139 
1.581139 
3.041381 
3.041381 
1.000000 
1.000000 
2.061553 
2.061553 
2.061553 
2.061553 
3.162278 
3.162278 
1.500000 
1.500000 
3.535534 
3.535534 
6.500000 
6.500000 
1.581139 
1.581139 
1.500000 
1.500000 
2.549510 
2.549510 
2.000000 
2.000000 
0.000000 
0.000000 
3.535534 
3.535534 
4.743416 
4.743416 
3.041381 
3.041381 
0.000000 
0.000000 
3.354102 
3.354102 
0.000000 
0.000000 
3.500000 
3.500000 
1.581139 
1.581139 
3.041381 
3.041381 
1.000000 
1.000000 
2.061553 
2.061553 
2.692582 
2.692582 
3.162278 
3.162278 
1.500000 
1.500000 
6.500000 
6.500000 
1.000000 
1.000000 
1.802776 
1.802776 
2.549510 
2.549510 
2.500000 
2.500000 
0.707107 
0.707107 
4.301163 
4.301163 
0.707107 
0.707107 
3.041381 
3.041381 
0.000000 
0.000000 
1.414214 
1.414214 
0.000000 
0.000000 
3.500000 
3.500000 
4.000000 
4.000000 
3.041381 
3.041381 
1.000000 
1.000000 
2.061553 
2.061553 
2.061553 
2.061553 
3.162278 
3.162278 
1.500000 
1.500000 
6.500000 
6.500000 
0.000000 
0.000000 
2.061553 
2.061553 
2.061553 
2.061553 
1.118034 
1.118034 
5.024938 
5.024938 
0.707107 
0.707107 
3.041381 
3.041381 
0.000000 
0.000000 
1.414214 
1.414214 
0.000000 
0.000000 
3.500000 
3.500000 
0.707107 
0.707107 
3.041381 
3.041381 
1.000000 
1.000000 
2.061553 
2.061553 
1.414214 
1.414214 
3.162278 
3.162278 
6.500000 
6.500000 
1.000000 
1.000000 
1.118034 
1.118034 
5.024938 
5.024938 
1.118034 
1.118034 
3.162278 
3.162278 
1.118034 
1.118034 
3.041381 
3.041381 
0.000000 
0.000000 
2.061553 
2.061553 
0.000000 
0.000000 
3.500000 
3.500000 
1.802776 
1.802776 
3.041381 
3.041381 
1.000000 
1.000000 
2.061553 
2.061553 
3.535534 
3.535534 
6.500000 
6.500000 
1.118034 
1.118034 
1.581139 
1.581139 
2.061553 
2.061553 
1.118034 
1.118034 
3.640055 
3.640055 
1.802776 
1.802776 
3.041381 
3.041381 
0.000000 
0.000000 
2.121320 
2.121320 
0.000000 
0.000000 
3.500000 
3.500000 
2.061553 
2.061553 
3.041381 
3.041381 
1.000000 
1.000000 
2.061553 
2.061553 
1.118034 
1.118034 
6.500000 
6.500000 
1.118034 
1.118034 
1.118034 
1.118034 
2.000000 
2.000000 
1.118034 
1.118034 
2.549510 
2.549510 
1.802776 
1.802776 
3.041381 
3.041381 
0.000000 
0.000000 
2.236068 
2.236068 
0.000000 
0.000000 
3.500000 
3.500000 
2.061553 
2.061553 
3.041381 
3.041381 
1.500000 
1.500000 
6.500000 
6.500000 
1.000000 
1.000000 
1.118034 
1.118034 
2.500000 
2.500000 
0.000000 
0.000000 
4.301163 
4.301163 
2.549510 
2.549510 
1.118034 
1.118034 
3.041381 
3.041381 
0.000000 
0.000000 
1.581139 
1.581139 
0.000000 
0.000000 
3.500000 
3.500000 
2.061553 
2.061553 
1.118034 
1.118034 
2.061553 
2.061553 
4.924429 
4.924429 
2.061553 
2.061553 
3.162278 
3.162278 
1.581139 
1.581139 
2.549510 
2.549510 
1.581139 
1.581139 
3.041381 
3.041381 
0.000000 
0.000000 
1.500000 
1.500000 
0.000000 
0.000000 
3.500000 
3.500000 
1.414214 
1.414214 
1.500000 
1.500000 
0.707107 
0.707107 
0.000000 
0.000000 
4.527693 
4.527693 
3.500000 
3.500000 
1.000000 
1.000000 
2.549510 
2.549510 
0.707107 
0.707107 
3.041381 
3.041381 
0.500000 
0.500000 
3.500000 
3.500000 
0.707107 
0.707107 
1.000000 
1.000000 
1.500000 
1.500000 
0.707107 
0.707107 
1.118034 
1.118034 
6.020797 
6.020797 
1.000000 
1.000000 
2.549510 
2.549510 
3.201562 
3.201562 
3.041381 
3.041381 
2.692582 
2.692582 
0.500000 
0.500000 
1.802776 
1.802776 
0.707107 
0.707107 
0.000000 
0.000000 
1.000000 
1.000000 
2.000000 
2.000000 
1.000000 
1.000000 
2.549510 
2.549510 
1.000000 
1.000000 
3.041381 
3.041381 
0.707107 
0.707107 
3.000000 
3.000000 
1.000000 
1.000000 
1.500000 
1.500000 
0.500000 
0.500000 
1.118034 
1.118034 
3.354102 
3.354102 
1.000000 
1.000000 
2.549510 
2.549510 
1.118034 
1.118034 
3.041381 
3.041381 
0.707107 
0.707107 
0.500000 
0.500000 
1.414214 
1.414214 
0.707107 
0.707107 
0.000000 
0.000000 
0.500000 
0.500000 
0.000000 
0.000000 
0.000000 
0.000000 
2.692582 
2.692582 
1.000000 
1.000000 
2.549510 
2.549510 
4.000000 
4.000000 
0.500000 
0.500000 
1.000000 
1.000000 
1.118034 
1.118034 
0.707107 
0.707107 
0.500000 
0.500000 
0.500000 
0.500000 
1.000000 
1.000000 
0.707107 
0.707107 
2.692582 
2.692582 
1.000000 
1.000000 
2.549510 
2.549510 
1.414214 
1.414214 
0.500000 
0.500000 
1.000000 
1.000000 
0.500000 
0.500000 
0.707107 
0.707107 
0.500000 
0.500000 
0.500000 
0.500000 
1.000000 
1.000000 
1.000000 
1.000000 
2.692582 
2.692582 
1.000000 
1.000000 
2.549510 
2.549510 
0.500000 
0.500000 
1.000000 
1.000000 
2.000000 
2.000000 
3.162278 
3.162278 
0.707107 
0.707107 
1.118034 
1.118034 
0.500000 
0.500000 
1.000000 
1.000000 
1.118034 
1.118034 
2.692582 
2.692582 
1.000000 
1.000000 
2.549510 
2.549510 
1.414214 
1.414214 
3.041381 
3.041381 
1.118034 
1.118034 
0.707107 
0.707107 
0.707107 
0.707107 
0.707107 
0.707107 
0.500000 
0.500000 
0.000000 
0.000000 
1.000000 
1.000000 
1.000000 
1.000000 
2.692582 
2.692582 
1.000000 
1.000000 
2.549510 
2.549510 
1.802776 
1.802776 
0.500000 
0.500000 
1.581139 
1.581139 
0.707107 
0.707107 
0.707107 
0.707107 
1.118034 
1.118034 
1.414214 
1.414214 
6.500000 
6.500000 
1.000000 
1.000000 
2.500000 
2.500000 
2.692582 
2.692582 
1.000000 
1.000000 
2.549510 
2.549510 
1.414214 
1.414214 
0.707107 
0.707107 
1.581139 
1.581139 
0.707107 
0.707107 
0.707107 
0.707107 
4.123106 
4.123106 
1.414214 
1.414214 
2.000000 
2.000000 
1.000000 
1.000000 
1.118034 
1.118034 
2.692582 
2.692582 
1.000000 
1.000000 
2.549510 
2.549510 
1.414214 
1.414214 
1.000000 
1.000000 
2.692582 
2.692582 
0.500000 
0.500000 
0.707107 
0.707107 
1.500000 
1.500000 
1.414214 
1.414214 
0.707107 
0.707107 
1.000000 
1.000000 
1.000000 
1.000000 
2.692582 
2.692582 
1.000000 
1.000000 
2.549510 
2.549510 
2.549510 
2.549510 
0.500000 
0.500000 
1.118034 
1.118034 
4.527693 
4.527693 
0.707107 
0.707107 
1.500000 
1.500000 
1.414214 
1.414214 
0.000000 
0.000000 
5.000000 
5.000000 
1.000000 
1.000000 
0.707107 
0.707107 
2.692582 
2.692582 
1.000000 
1.000000 
2.549510 
2.549510 
1.118034 
1.118034 
4.000000 
4.000000 
0.000000 
0.000000 
0.707107 
0.707107 
1.581139 
1.581139 
1.414214 
1.414214 
0.000000 
0.000000 
2.061553 
2.061553 
2.236068 
2.236068 
1.000000 
1.000000 
1.000000 
1.000000 
2.692582 
2.692582 
1.000000 
1.000000 
2.549510 
2.549510 
0.500000 
0.500000 
1.581139 
1.581139 
0.500000 
0.500000 
0.707107 
0.707107 
1.581139 
1.581139 
1.414214 
1.414214 
1.118034 
1.118034 
5.408327 
5.408327 
2.121320 
2.121320 
1.000000 
1.000000 
0.000000 
0.000000 
2.692582 
2.692582 
1.000000 
1.000000 
2.549510 
2.549510 
1.581139 
1.581139 
2.061553 
2.061553 
0.707107 
0.707107 
0.707107 
0.707107 
0.707107 
0.707107 
1.414214 
1.414214 
