0.000000 
0.000000 
0.000000 
0.000000 
2.000000 
2.000000 
0.500000 
0.500000 
2.061553 
2.061553 
1.118034 
1.118034 
1.581139 
1.581139 
1.581139 
1.581139 
2.549510 
2.549510 
1.581139 
1.581139 
0.500000 
0.500000 
5.099020 
5.099020 
2.692582 
2.692582 
5.000000 
5.000000 
2.549510 
2.549510 
2.549510 
2.549510 
12.500000 
12.500000 
1.802776 
1.802776 
5.852350 
5.852350 
0.500000 
0.500000 
0.000000 
0.000000 
5.852350 
5.852350 
0.000000 
0.000000 
30.265492 
30.265492 
5.852350 
5.852350 
1.802776 
1.802776 
27.663152 
27.663152 
5.852350 
5.852350 
2.549510 
2.549510 
27.663152 
27.663152 
5.852350 
5.852350 
2.236068 
2.236068 
27.663152 
27.663152 
5.852350 
5.852350 
0.500000 
0.500000 
27.663152 
27.663152 
5.852350 
5.852350 
1.581139 
1.581139 
27.663152 
27.663152 
5.852350 
5.852350 
1.581139 
1.581139 
27.663152 
27.663152 
5.852350 
5.852350 
1.802776 
1.802776 
27.663152 
27.663152 
5.852350 
5.852350 
12.000000 
12.000000 
27.663152 
27.663152 
5.852350 
5.852350 
3.535534 
3.535534 
27.829840 
27.829840 
5.852350 
5.852350 
3.535534 
3.535534 
3.905125 
3.905125 
5.852350 
5.852350 
3.535534 
3.535534 
0.707107 
0.707107 
5.852350 
5.852350 
3.535534 
3.535534 
0.000000 
0.000000 
0.000000 
0.000000 
0.707107 
0.707107 
5.852350 
5.852350 
3.535534 
3.535534 
0.000000 
0.000000 
7.516648 
7.516648 
1.414214 
1.414214 
3.535534 
3.535534 
0.000000 
0.000000 
2.549510 
2.549510 
9.013878 
9.013878 
3.535534 
3.535534 
0.000000 
0.000000 
2.549510 
2.549510 
2.549510 
2.549510 
3.535534 
3.535534 
0.000000 
0.000000 
1.500000 
1.500000 
2.549510 
2.549510 
3.535534 
3.535534 
0.000000 
0.000000 
1.118034 
1.118034 
4.000000 
4.000000 
3.535534 
3.535534 
0.000000 
0.000000 
1.802776 
1.802776 
8.139410 
8.139410 
3.535534 
3.535534 
26.234519 
26.234519 
2.236068 
2.236068 
8.139410 
8.139410 
3.535534 
3.535534 
0.000000 
0.000000 
0.500000 
0.500000 
2.915476 
2.915476 
8.139410 
8.139410 
3.535534 
3.535534 
0.707107 
0.707107 
1.581139 
1.581139 
2.000000 
2.000000 
8.139410 
8.139410 
3.535534 
3.535534 
0.707107 
0.707107 
1.802776 
1.802776 
2.000000 
2.000000 
8.139410 
8.139410 
3.535534 
3.535534 
0.707107 
0.707107 
4.527693 
4.527693 
2.000000 
2.000000 
8.139410 
8.139410 
0.707107 
0.707107 
4.609772 
4.609772 
2.000000 
2.000000 
8.139410 
8.139410 
0.707107 
0.707107 
14.000000 
14.000000 
2.000000 
2.000000 
8.139410 
8.139410 
0.000000 
0.000000 
0.707107 
0.707107 
0.500000 
0.500000 
2.000000 
2.000000 
8.139410 
8.139410 
0.707107 
0.707107 
0.707107 
0.707107 
0.500000 
0.500000 
2.000000 
2.000000 
8.139410 
8.139410 
