0.000000 
0.000000 
0.000000 
0.000000 
0.000000 
0.000000 
1.118034 
1.118034 
0.500000 
0.500000 
1.118034 
1.118034 
0.707107 
0.707107 
0.707107 
0.707107 
2.500000 
2.500000 
2.500000 
2.500000 
3.201562 
3.201562 
1.118034 
1.118034 
0.500000 
0.500000 
2.121320 
2.121320 
0.707107 
0.707107 
2.000000 
2.000000 
2.549510 
2.549510 
5.522681 
5.522681 
4.031129 
4.031129 
4.000000 
4.000000 
1.500000 
1.500000 
5.500000 
5.500000 
19.506409 
19.506409 
2.000000 
2.000000 
3.535534 
3.535534 
0.500000 
0.500000 
7.516648 
7.516648 
0.000000 
0.000000 
8.514693 
8.514693 
18.927493 
18.927493 
6.103278 
6.103278 
2.061553 
2.061553 
1.000000 
1.000000 
1.000000 
1.000000 
4.000000 
4.000000 
1.581139 
1.581139 
2.121320 
2.121320 
1.118034 
1.118034 
4.500000 
4.500000 
12.500000 
12.500000 
2.915476 
2.915476 
22.051077 
22.051077 
4.527693 
4.527693 
5.024938 
5.024938 
1.414214 
1.414214 
0.500000 
0.500000 
2.500000 
2.500000 
0.000000 
0.000000 
5.024938 
5.024938 
1.118034 
1.118034 
1.500000 
1.500000 
1.118034 
1.118034 
2.061553 
2.061553 
5.024938 
5.024938 
2.500000 
2.500000 
2.061553 
2.061553 
0.707107 
0.707107 
2.000000 
2.000000 
5.024938 
5.024938 
1.118034 
1.118034 
14.008926 
14.008926 
0.500000 
0.500000 
2.061553 
2.061553 
5.024938 
5.024938 
3.201562 
3.201562 
0.000000 
0.000000 
5.700877 
5.700877 
2.061553 
2.061553 
5.024938 
5.024938 
4.609772 
4.609772 
11.597414 
11.597414 
1.500000 
1.500000 
9.219544 
9.219544 
5.024938 
5.024938 
0.707107 
0.707107 
1.000000 
1.000000 
1.802776 
1.802776 
3.041381 
3.041381 
5.024938 
5.024938 
0.000000 
0.000000 
1.500000 
1.500000 
0.500000 
0.500000 
2.236068 
2.236068 
5.024938 
5.024938 
0.500000 
0.500000 
2.236068 
2.236068 
1.581139 
1.581139 
1.118034 
1.118034 
5.024938 
5.024938 
0.500000 
0.500000 
2.500000 
2.500000 
1.802776 
1.802776 
8.062258 
8.062258 
5.024938 
5.024938 
0.500000 
0.500000 
0.707107 
0.707107 
2.500000 
2.500000 
3.041381 
3.041381 
5.024938 
5.024938 
0.500000 
0.500000 
1.414214 
1.414214 
10.049876 
10.049876 
4.500000 
4.500000 
5.024938 
5.024938 
0.500000 
0.500000 
2.061553 
2.061553 
8.015610 
8.015610 
5.024938 
5.024938 
5.024938 
5.024938 
0.500000 
0.500000 
1.000000 
1.000000 
3.162278 
3.162278 
3.500000 
3.500000 
5.024938 
5.024938 
0.500000 
0.500000 
2.061553 
2.061553 
9.552487 
9.552487 
2.549510 
2.549510 
5.024938 
5.024938 
0.500000 
0.500000 
3.041381 
3.041381 
1.118034 
1.118034 
0.500000 
0.500000 
0.500000 
0.500000 
4.609772 
4.609772 
2.549510 
2.549510 
0.000000 
0.000000 
0.500000 
0.500000 
4.609772 
4.609772 
2.236068 
2.236068 
0.500000 
0.500000 
0.500000 
0.500000 
4.609772 
4.609772 
0.707107 
0.707107 
4.609772 
4.609772 
0.500000 
0.500000 
4.609772 
4.609772 
1.118034 
1.118034 
5.590170 
5.590170 
0.500000 
0.500000 
5.590170 
5.590170 
2.236068 
2.236068 
6.082763 
6.082763 
0.500000 
0.500000 
0.707107 
0.707107 
1.118034 
1.118034 
12.539936 
12.539936 
0.500000 
0.500000 
2.692582 
2.692582 
2.061553 
2.061553 
2.549510 
2.549510 
0.500000 
0.500000 
4.924429 
4.924429 
2.500000 
2.500000 
4.000000 
4.000000 
3.807887 
3.807887 
13.509256 
13.509256 
1.581139 
1.581139 
17.007351 
17.007351 
1.802776 
1.802776 
