0.000000 
0.000000 
9.340771 
9.340771 
1.118034 
1.118034 
15.532225 
15.532225 
20.112185 
20.112185 
2.000000 
2.000000 
13.729530 
13.729530 
17.240940 
17.240940 
4.272002 
4.272002 
1.802776 
1.802776 
2.061553 
2.061553 
1.802776 
1.802776 
1.414214 
1.414214 
1.581139 
1.581139 
1.581139 
1.581139 
0.500000 
0.500000 
1.000000 
1.000000 
15.628500 
15.628500 
3.354102 
3.354102 
3.162278 
3.162278 
0.500000 
0.500000 
0.707107 
0.707107 
12.010412 
12.010412 
5.408327 
5.408327 
4.031129 
4.031129 
4.031129 
4.031129 
0.000000 
0.000000 
4.031129 
4.031129 
2.500000 
2.500000 
4.031129 
4.031129 
1.000000 
1.000000 
4.031129 
4.031129 
1.581139 
1.581139 
4.031129 
4.031129 
0.707107 
0.707107 
4.031129 
4.031129 
1.581139 
1.581139 
4.031129 
4.031129 
1.414214 
1.414214 
4.031129 
4.031129 
0.500000 
0.500000 
4.031129 
4.031129 
0.707107 
0.707107 
4.031129 
4.031129 
0.707107 
0.707107 
4.031129 
4.031129 
0.000000 
0.000000 
4.031129 
4.031129 
1.118034 
1.118034 
4.031129 
4.031129 
0.500000 
0.500000 
4.031129 
4.031129 
1.118034 
1.118034 
