0.000000 
0.000000 
0.000000 
0.000000 
0.000000 
0.000000 
0.000000 
0.000000 
0.000000 
0.000000 
0.707107 
0.707107 
7.071068 
7.071068 
0.500000 
0.500000 
0.000000 
0.000000 
0.707107 
0.707107 
1.118034 
1.118034 
0.500000 
0.500000 
0.000000 
0.000000 
0.707107 
0.707107 
1.414214 
1.414214 
0.500000 
0.500000 
0.000000 
0.000000 
0.707107 
0.707107 
2.915476 
2.915476 
0.500000 
0.500000 
0.000000 
0.000000 
0.707107 
0.707107 
3.535534 
3.535534 
0.000000 
0.000000 
0.000000 
0.000000 
0.707107 
0.707107 
4.527693 
4.527693 
0.500000 
0.500000 
0.000000 
0.000000 
0.000000 
0.000000 
0.707107 
0.707107 
4.472136 
4.472136 
1.118034 
1.118034 
0.500000 
0.500000 
0.000000 
0.000000 
0.707107 
0.707107 
2.236068 
2.236068 
1.118034 
1.118034 
0.000000 
0.000000 
0.000000 
0.000000 
0.707107 
0.707107 
1.802776 
1.802776 
0.500000 
0.500000 
0.000000 
0.000000 
0.000000 
0.000000 
0.707107 
0.707107 
1.802776 
1.802776 
0.000000 
0.000000 
0.000000 
0.000000 
0.000000 
0.000000 
0.707107 
0.707107 
6.082763 
6.082763 
0.000000 
0.000000 
0.000000 
0.000000 
0.000000 
0.000000 
0.707107 
0.707107 
1.000000 
1.000000 
0.000000 
0.000000 
0.000000 
0.000000 
0.000000 
0.000000 
0.707107 
0.707107 
4.123106 
4.123106 
0.500000 
0.500000 
0.000000 
0.000000 
0.000000 
0.000000 
8.860023 
8.860023 
4.123106 
4.123106 
0.707107 
0.707107 
0.000000 
0.000000 
2.500000 
2.500000 
4.123106 
4.123106 
0.500000 
0.500000 
0.000000 
0.000000 
3.201562 
3.201562 
4.123106 
4.123106 
1.500000 
1.500000 
0.000000 
0.000000 
2.692582 
2.692582 
4.123106 
4.123106 
2.000000 
2.000000 
0.000000 
0.000000 
2.000000 
2.000000 
4.123106 
4.123106 
1.581139 
1.581139 
0.000000 
0.000000 
2.549510 
2.549510 
4.123106 
4.123106 
1.118034 
1.118034 
0.000000 
0.000000 
2.061553 
2.061553 
4.123106 
4.123106 
0.500000 
0.500000 
0.000000 
0.000000 
2.000000 
2.000000 
4.123106 
4.123106 
0.500000 
0.500000 
0.000000 
0.000000 
8.631338 
8.631338 
4.123106 
4.123106 
1.581139 
1.581139 
0.000000 
0.000000 
2.500000 
2.500000 
4.123106 
4.123106 
0.500000 
0.500000 
0.000000 
0.000000 
4.123106 
4.123106 
4.123106 
4.123106 
1.118034 
1.118034 
0.000000 
0.000000 
2.500000 
2.500000 
4.123106 
4.123106 
1.118034 
1.118034 
3.041381 
3.041381 
4.123106 
4.123106 
0.500000 
0.500000 
1.000000 
1.000000 
4.123106 
4.123106 
0.500000 
0.500000 
0.000000 
0.000000 
1.118034 
1.118034 
0.707107 
0.707107 
0.000000 
0.000000 
2.061553 
2.061553 
0.500000 
0.500000 
0.500000 
0.500000 
2.915476 
2.915476 
0.500000 
0.500000 
0.000000 
0.000000 
0.500000 
0.500000 
10.688779 
10.688779 
0.500000 
0.500000 
0.000000 
0.000000 
0.500000 
0.500000 
0.500000 
0.500000 
0.500000 
0.500000 
0.000000 
0.000000 
0.500000 
0.500000 
1.118034 
1.118034 
0.707107 
0.707107 
0.000000 
0.000000 
0.500000 
0.500000 
1.802776 
1.802776 
1.000000 
1.000000 
1.000000 
1.000000 
0.500000 
0.500000 
0.500000 
0.500000 
0.707107 
0.707107 
1.000000 
1.000000 
0.500000 
0.500000 
1.802776 
1.802776 
0.500000 
0.500000 
1.000000 
1.000000 
0.500000 
0.500000 
1.802776 
1.802776 
0.000000 
0.000000 
1.000000 
1.000000 
0.500000 
0.500000 
0.707107 
0.707107 
0.500000 
0.500000 
1.000000 
1.000000 
0.500000 
0.500000 
0.707107 
0.707107 
0.707107 
0.707107 
1.000000 
1.000000 
0.500000 
0.500000 
1.118034 
1.118034 
0.500000 
0.500000 
1.000000 
1.000000 
0.500000 
0.500000 
1.118034 
1.118034 
0.500000 
0.500000 
0.000000 
0.000000 
1.000000 
1.000000 
0.500000 
0.500000 
5.522681 
5.522681 
0.707107 
0.707107 
0.000000 
0.000000 
1.000000 
1.000000 
0.500000 
0.500000 
1.414214 
1.414214 
0.707107 
0.707107 
0.000000 
0.000000 
1.000000 
1.000000 
0.500000 
0.500000 
0.500000 
0.500000 
0.707107 
0.707107 
0.707107 
0.707107 
1.000000 
1.000000 
0.707107 
0.707107 
0.707107 
0.707107 
0.500000 
0.500000 
1.000000 
1.000000 
0.707107 
0.707107 
0.500000 
0.500000 
0.500000 
0.500000 
1.000000 
1.000000 
0.500000 
0.500000 
0.707107 
0.707107 
0.500000 
0.500000 
1.000000 
1.000000 
0.500000 
0.500000 
0.500000 
0.500000 
0.500000 
0.500000 
1.000000 
1.000000 
0.000000 
0.000000 
0.707107 
0.707107 
0.500000 
0.500000 
1.581139 
1.581139 
0.707107 
0.707107 
0.500000 
0.500000 
0.500000 
0.500000 
0.500000 
0.500000 
0.500000 
0.500000 
2.000000 
2.000000 
0.500000 
0.500000 
0.500000 
0.500000 
1.500000 
1.500000 
0.500000 
0.500000 
0.000000 
0.000000 
0.500000 
0.500000 
1.581139 
1.581139 
0.500000 
0.500000 
2.000000 
2.000000 
0.500000 
0.500000 
0.707107 
0.707107 
0.500000 
0.500000 
10.511898 
10.511898 
0.500000 
0.500000 
1.414214 
1.414214 
0.500000 
0.500000 
1.000000 
1.000000 
0.500000 
0.500000 
1.000000 
1.000000 
0.707107 
0.707107 
