0.000000 
0.000000 
0.000000 
0.000000 
5.024938 
5.024938 
2.236068 
2.236068 
3.162278 
3.162278 
1.500000 
1.500000 
1.118034 
1.118034 
14.422205 
14.422205 
2.236068 
2.236068 
2.121320 
2.121320 
3.041381 
3.041381 
2.915476 
2.915476 
9.433981 
9.433981 
0.500000 
0.500000 
1.118034 
1.118034 
0.500000 
0.500000 
2.121320 
2.121320 
0.500000 
0.500000 
2.828427 
2.828427 
0.500000 
0.500000 
2.236068 
2.236068 
0.500000 
0.500000 
1.500000 
1.500000 
0.500000 
0.500000 
0.500000 
0.500000 
0.500000 
0.500000 
19.104973 
19.104973 
0.000000 
0.000000 
0.000000 
0.000000 
0.500000 
0.500000 
19.104973 
19.104973 
1.000000 
1.000000 
0.000000 
0.000000 
0.500000 
0.500000 
19.104973 
19.104973 
1.000000 
1.000000 
1.000000 
1.000000 
0.500000 
0.500000 
19.104973 
19.104973 
0.000000 
0.000000 
0.000000 
0.000000 
0.000000 
0.000000 
1.000000 
1.000000 
0.707107 
0.707107 
0.500000 
0.500000 
19.104973 
19.104973 
0.000000 
0.000000 
0.000000 
0.000000 
10.606602 
10.606602 
1.000000 
1.000000 
0.707107 
0.707107 
0.500000 
0.500000 
19.104973 
19.104973 
0.000000 
0.000000 
0.000000 
0.000000 
1.118034 
1.118034 
1.000000 
1.000000 
1.000000 
1.000000 
0.500000 
0.500000 
19.104973 
19.104973 
0.000000 
0.000000 
0.000000 
0.000000 
1.581139 
1.581139 
1.000000 
1.000000 
2.500000 
2.500000 
0.500000 
0.500000 
19.104973 
19.104973 
0.000000 
0.000000 
0.000000 
0.000000 
0.000000 
0.000000 
1.000000 
1.000000 
1.000000 
1.000000 
9.513149 
9.513149 
0.500000 
0.500000 
19.104973 
19.104973 
0.000000 
0.000000 
3.605551 
3.605551 
0.000000 
0.000000 
1.500000 
1.500000 
1.000000 
1.000000 
1.802776 
1.802776 
19.104973 
19.104973 
0.000000 
0.000000 
2.061553 
2.061553 
0.000000 
0.000000 
1.802776 
1.802776 
1.000000 
1.000000 
0.707107 
0.707107 
19.104973 
19.104973 
0.000000 
0.000000 
0.000000 
0.000000 
1.802776 
1.802776 
0.000000 
0.000000 
2.500000 
2.500000 
1.000000 
1.000000 
1.118034 
1.118034 
19.104973 
19.104973 
2.915476 
2.915476 
5.147815 
5.147815 
3.201562 
3.201562 
0.000000 
0.000000 
2.500000 
2.500000 
1.000000 
1.000000 
2.061553 
2.061553 
19.104973 
19.104973 
1.118034 
1.118034 
4.924429 
4.924429 
2.121320 
2.121320 
0.000000 
0.000000 
2.061553 
2.061553 
10.440307 
10.440307 
2.061553 
2.061553 
19.104973 
19.104973 
2.549510 
2.549510 
8.139410 
8.139410 
2.121320 
2.121320 
0.000000 
0.000000 
2.061553 
2.061553 
1.414214 
1.414214 
3.354102 
3.354102 
19.104973 
19.104973 
30.870698 
30.870698 
6.576473 
6.576473 
2.121320 
2.121320 
0.000000 
0.000000 
2.061553 
2.061553 
1.581139 
1.581139 
2.061553 
2.061553 
0.000000 
0.000000 
5.147815 
5.147815 
6.576473 
6.576473 
2.121320 
2.121320 
0.000000 
0.000000 
2.061553 
2.061553 
13.509256 
13.509256 
2.061553 
2.061553 
0.707107 
0.707107 
4.301163 
4.301163 
6.576473 
6.576473 
2.121320 
2.121320 
0.000000 
0.000000 
2.061553 
2.061553 
4.031129 
4.031129 
2.061553 
2.061553 
0.707107 
0.707107 
29.605743 
29.605743 
6.576473 
6.576473 
2.121320 
2.121320 
0.000000 
0.000000 
2.061553 
2.061553 
4.527693 
4.527693 
2.061553 
2.061553 
0.707107 
0.707107 
1.802776 
1.802776 
6.576473 
6.576473 
2.121320 
2.121320 
2.061553 
2.061553 
4.031129 
4.031129 
2.061553 
2.061553 
0.707107 
0.707107 
2.828427 
2.828427 
6.576473 
6.576473 
2.121320 
2.121320 
2.061553 
2.061553 
4.031129 
4.031129 
2.061553 
2.061553 
0.000000 
0.000000 
0.707107 
0.707107 
5.522681 
5.522681 
6.576473 
6.576473 
2.121320 
2.121320 
2.061553 
2.061553 
4.031129 
4.031129 
2.061553 
2.061553 
0.000000 
0.000000 
0.707107 
0.707107 
3.807887 
3.807887 
40.929818 
40.929818 
2.121320 
2.121320 
2.061553 
2.061553 
4.031129 
4.031129 
2.061553 
2.061553 
0.000000 
0.000000 
18.668155 
18.668155 
0.707107 
0.707107 
2.500000 
2.500000 
29.017236 
29.017236 
2.121320 
2.121320 
2.061553 
2.061553 
4.031129 
4.031129 
2.061553 
2.061553 
1.118034 
1.118034 
18.668155 
18.668155 
0.707107 
0.707107 
2.121320 
2.121320 
2.549510 
2.549510 
2.121320 
2.121320 
2.061553 
2.061553 
4.031129 
4.031129 
2.061553 
2.061553 
1.118034 
1.118034 
18.668155 
18.668155 
0.707107 
0.707107 
27.663152 
27.663152 
44.119157 
44.119157 
2.121320 
2.121320 
2.061553 
2.061553 
4.031129 
4.031129 
2.061553 
2.061553 
1.118034 
1.118034 
18.668155 
18.668155 
0.707107 
0.707107 
3.605551 
3.605551 
12.083046 
12.083046 
2.121320 
2.121320 
2.061553 
2.061553 
4.031129 
4.031129 
2.061553 
2.061553 
