0.000000 
0.000000 
0.000000 
0.000000 
0.500000 
0.500000 
0.000000 
0.000000 
1.000000 
1.000000 
1.500000 
1.500000 
1.581139 
1.581139 
0.500000 
0.500000 
15.572412 
15.572412 
1.414214 
1.414214 
0.707107 
0.707107 
1.414214 
1.414214 
1.118034 
1.118034 
1.581139 
1.581139 
0.000000 
0.000000 
3.162278 
3.162278 
1.118034 
1.118034 
4.031129 
4.031129 
0.500000 
0.500000 
4.031129 
4.031129 
2.121320 
2.121320 
3.500000 
3.500000 
1.118034 
1.118034 
3.605551 
3.605551 
1.000000 
1.000000 
5.220153 
5.220153 
1.414214 
1.414214 
6.670832 
6.670832 
2.121320 
2.121320 
3.500000 
3.500000 
1.802776 
1.802776 
2.828427 
2.828427 
2.549510 
2.549510 
21.289669 
21.289669 
1.118034 
1.118034 
2.549510 
2.549510 
2.236068 
2.236068 
9.513149 
9.513149 
3.535534 
3.535534 
11.045361 
11.045361 
1.118034 
1.118034 
13.536986 
13.536986 
3.041381 
3.041381 
17.613915 
17.613915 
3.041381 
3.041381 
2.236068 
2.236068 
3.201562 
3.201562 
7.158911 
7.158911 
64.531000 
64.531000 
10.012492 
10.012492 
3.000000 
3.000000 
12.658989 
12.658989 
16.507574 
16.507574 
34.630189 
34.630189 
7.566373 
7.566373 
3.041381 
3.041381 
5.024938 
5.024938 
24.005208 
24.005208 
63.031738 
63.031738 
23.021729 
23.021729 
3.640055 
3.640055 
2.061553 
2.061553 
5.147815 
5.147815 
4.527693 
4.527693 
5.147815 
5.147815 
2.828427 
2.828427 
5.147815 
5.147815 
3.535534 
3.535534 
5.147815 
5.147815 
7.516648 
7.516648 
14.142136 
14.142136 
7.500000 
7.500000 
2.061553 
2.061553 
23.926972 
23.926972 
2.500000 
2.500000 
3.640055 
3.640055 
3.162278 
3.162278 
4.031129 
4.031129 
3.905125 
3.905125 
4.031129 
4.031129 
24.581497 
24.581497 
4.031129 
4.031129 
4.743416 
4.743416 
4.031129 
4.031129 
6.264982 
6.264982 
4.031129 
4.031129 
5.700877 
5.700877 
4.031129 
4.031129 
6.800735 
6.800735 
4.031129 
4.031129 
6.726812 
6.726812 
4.031129 
4.031129 
6.726812 
6.726812 
4.031129 
4.031129 
6.726812 
6.726812 
4.031129 
4.031129 
