0.000000 
0.000000 
2.500000 
2.500000 
5.024938 
5.024938 
5.000000 
5.000000 
3.500000 
3.500000 
0.000000 
0.000000 
1.414214 
1.414214 
18.172782 
18.172782 
1.581139 
1.581139 
3.605551 
3.605551 
1.118034 
1.118034 
9.219544 
9.219544 
1.802776 
1.802776 
6.800735 
6.800735 
0.707107 
0.707107 
8.246211 
8.246211 
1.414214 
1.414214 
4.609772 
4.609772 
2.236068 
2.236068 
29.538111 
29.538111 
1.118034 
1.118034 
9.513149 
9.513149 
4.609772 
4.609772 
11.401754 
11.401754 
3.535534 
3.535534 
8.514693 
8.514693 
25.622256 
25.622256 
4.472136 
4.472136 
2.236068 
2.236068 
21.523243 
21.523243 
2.692582 
2.692582 
2.236068 
2.236068 
2.500000 
2.500000 
2.500000 
2.500000 
15.508062 
15.508062 
2.121320 
2.121320 
2.061553 
2.061553 
3.162278 
3.162278 
2.549510 
2.549510 
2.692582 
2.692582 
2.549510 
2.549510 
0.707107 
0.707107 
4.242641 
4.242641 
2.236068 
2.236068 
6.324555 
6.324555 
1.000000 
1.000000 
1.581139 
1.581139 
2.500000 
2.500000 
0.500000 
0.500000 
1.581139 
1.581139 
41.246212 
41.246212 
1.581139 
1.581139 
53.033009 
53.033009 
1.581139 
1.581139 
4.716991 
4.716991 
0.000000 
0.000000 
1.581139 
1.581139 
4.716991 
4.716991 
4.123106 
4.123106 
1.581139 
1.581139 
4.716991 
4.716991 
2.828427 
2.828427 
1.581139 
1.581139 
4.716991 
4.716991 
7.516648 
7.516648 
1.581139 
1.581139 
4.716991 
4.716991 
0.000000 
0.000000 
11.510864 
11.510864 
1.581139 
1.581139 
4.716991 
4.716991 
7.615773 
7.615773 
8.558621 
8.558621 
1.581139 
1.581139 
4.716991 
4.716991 
8.746428 
8.746428 
17.007351 
17.007351 
1.581139 
1.581139 
4.716991 
4.716991 
9.219544 
9.219544 
18.607794 
18.607794 
1.581139 
1.581139 
4.716991 
4.716991 
36.623080 
36.623080 
4.743416 
4.743416 
1.581139 
1.581139 
4.716991 
4.716991 
7.500000 
7.500000 
2.828427 
2.828427 
1.581139 
1.581139 
4.716991 
4.716991 
5.700877 
5.700877 
1.802776 
1.802776 
1.581139 
1.581139 
4.716991 
4.716991 
7.071068 
7.071068 
3.807887 
3.807887 
1.581139 
1.581139 
4.716991 
4.716991 
15.008331 
15.008331 
22.455512 
22.455512 
4.716991 
4.716991 
15.008331 
15.008331 
6.264982 
6.264982 
4.716991 
4.716991 
15.008331 
15.008331 
6.800735 
6.800735 
15.008331 
15.008331 
26.575365 
26.575365 
15.008331 
15.008331 
2.061553 
2.061553 
15.008331 
15.008331 
2.061553 
2.061553 
15.008331 
15.008331 
25.622256 
25.622256 
