0.000000 
0.000000 
0.000000 
0.000000 
4.031129 
4.031129 
6.726812 
6.726812 
3.905125 
3.905125 
7.382412 
7.382412 
6.519202 
6.519202 
4.123106 
4.123106 
6.082763 
6.082763 
7.382412 
7.382412 
4.527693 
4.527693 
6.020797 
6.020797 
3.605551 
3.605551 
3.535534 
3.535534 
21.505813 
21.505813 
2.000000 
2.000000 
0.707107 
0.707107 
1.118034 
1.118034 
1.000000 
1.000000 
0.500000 
0.500000 
0.707107 
0.707107 
1.118034 
1.118034 
7.017834 
7.017834 
4.527693 
4.527693 
21.272047 
21.272047 
3.041381 
3.041381 
5.408327 
5.408327 
1.500000 
1.500000 
0.000000 
0.000000 
5.408327 
5.408327 
0.500000 
0.500000 
2.061553 
2.061553 
5.408327 
5.408327 
2.061553 
2.061553 
5.590170 
5.590170 
5.408327 
5.408327 
1.802776 
1.802776 
4.924429 
4.924429 
5.408327 
5.408327 
1.000000 
1.000000 
3.640055 
3.640055 
5.408327 
5.408327 
2.500000 
2.500000 
2.549510 
2.549510 
5.408327 
5.408327 
3.500000 
3.500000 
4.301163 
4.301163 
5.408327 
5.408327 
5.500000 
5.500000 
2.692582 
2.692582 
5.408327 
5.408327 
3.000000 
3.000000 
4.031129 
4.031129 
5.408327 
5.408327 
3.041381 
3.041381 
1.118034 
1.118034 
5.408327 
5.408327 
2.549510 
2.549510 
1.500000 
1.500000 
5.408327 
5.408327 
3.640055 
3.640055 
1.000000 
1.000000 
5.408327 
5.408327 
4.272002 
4.272002 
0.500000 
0.500000 
5.408327 
5.408327 
3.354102 
3.354102 
0.707107 
0.707107 
5.408327 
5.408327 
1.000000 
1.000000 
2.500000 
2.500000 
1.581139 
1.581139 
1.802776 
1.802776 
4.000000 
4.000000 
3.041381 
3.041381 
0.707107 
0.707107 
1.000000 
1.000000 
22.090722 
22.090722 
3.201562 
3.201562 
23.005434 
23.005434 
39.503164 
39.503164 
1.581139 
1.581139 
37.084363 
37.084363 
1.414214 
1.414214 
1.581139 
1.581139 
0.500000 
0.500000 
0.707107 
0.707107 
1.414214 
1.414214 
11.884864 
11.884864 
2.061553 
2.061553 
5.315073 
5.315073 
20.099751 
20.099751 
5.315073 
5.315073 
0.707107 
0.707107 
5.315073 
5.315073 
1.000000 
1.000000 
5.315073 
5.315073 
1.000000 
1.000000 
5.315073 
5.315073 
1.581139 
1.581139 
5.315073 
5.315073 
1.000000 
1.000000 
5.315073 
5.315073 
7.566373 
7.566373 
5.315073 
5.315073 
1.581139 
1.581139 
5.315073 
5.315073 
1.500000 
1.500000 
5.315073 
5.315073 
1.414214 
1.414214 
5.315073 
5.315073 
1.581139 
1.581139 
5.315073 
5.315073 
1.000000 
1.000000 
5.315073 
5.315073 
0.707107 
0.707107 
5.315073 
5.315073 
0.707107 
0.707107 
5.315073 
5.315073 
1.581139 
1.581139 
1.500000 
1.500000 
0.000000 
0.000000 
0.500000 
0.500000 
1.581139 
1.581139 
0.500000 
0.500000 
