0.000000 
0.000000 
0.000000 
0.000000 
6.324555 
6.324555 
2.121320 
2.121320 
1.000000 
1.000000 
2.915476 
2.915476 
2.061553 
2.061553 
4.031129 
4.031129 
62.661791 
62.661791 
19.729420 
19.729420 
62.661791 
62.661791 
8.246211 
8.246211 
62.661791 
62.661791 
8.246211 
8.246211 
62.661791 
62.661791 
8.246211 
8.246211 
62.661791 
62.661791 
8.246211 
8.246211 
4.272002 
4.272002 
8.246211 
8.246211 
24.515301 
24.515301 
8.246211 
8.246211 
1.500000 
1.500000 
8.246211 
8.246211 
2.549510 
2.549510 
64.007812 
64.007812 
1.500000 
1.500000 
1.500000 
1.500000 
1.802776 
1.802776 
1.500000 
1.500000 
59.008474 
59.008474 
1.500000 
1.500000 
2.061553 
2.061553 
1.500000 
1.500000 
4.242641 
4.242641 
1.500000 
1.500000 
7.516648 
7.516648 
1.500000 
1.500000 
5.408327 
5.408327 
1.500000 
1.500000 
0.000000 
0.000000 
37.232378 
37.232378 
1.500000 
1.500000 
27.518176 
27.518176 
3.201562 
3.201562 
1.500000 
1.500000 
2.549510 
2.549510 
33.634060 
33.634060 
1.500000 
1.500000 
2.549510 
2.549510 
33.634060 
33.634060 
1.500000 
1.500000 
2.549510 
2.549510 
33.634060 
33.634060 
1.500000 
1.500000 
2.549510 
2.549510 
33.634060 
33.634060 
1.500000 
1.500000 
2.549510 
2.549510 
33.634060 
33.634060 
1.500000 
1.500000 
0.000000 
0.000000 
2.549510 
2.549510 
33.634060 
33.634060 
1.500000 
1.500000 
2.236068 
2.236068 
2.549510 
2.549510 
33.634060 
33.634060 
2.915476 
2.915476 
2.549510 
2.549510 
33.634060 
33.634060 
5.099020 
5.099020 
2.549510 
2.549510 
33.634060 
33.634060 
5.099020 
5.099020 
2.549510 
2.549510 
33.634060 
33.634060 
5.099020 
5.099020 
2.549510 
2.549510 
33.634060 
33.634060 
5.099020 
5.099020 
2.549510 
2.549510 
33.634060 
33.634060 
5.099020 
5.099020 
2.549510 
2.549510 
33.634060 
33.634060 
5.099020 
5.099020 
2.549510 
2.549510 
33.634060 
33.634060 
5.099020 
5.099020 
2.549510 
2.549510 
33.634060 
33.634060 
5.099020 
5.099020 
5.099020 
5.099020 
5.099020 
5.099020 
