0.000000 
0.000000 
0.000000 
0.000000 
0.000000 
0.000000 
5.852350 
5.852350 
0.000000 
0.000000 
3.201562 
3.201562 
4.031129 
4.031129 
2.500000 
2.500000 
1.118034 
1.118034 
19.780040 
19.780040 
3.807887 
3.807887 
19.912308 
19.912308 
13.656500 
13.656500 
9.500000 
9.500000 
0.000000 
0.000000 
13.656500 
13.656500 
12.509996 
12.509996 
10.307764 
10.307764 
13.656500 
13.656500 
5.000000 
5.000000 
1.000000 
1.000000 
13.656500 
13.656500 
5.000000 
5.000000 
0.707107 
0.707107 
13.656500 
13.656500 
5.024938 
5.024938 
2.915476 
2.915476 
13.656500 
13.656500 
0.500000 
0.500000 
2.549510 
2.549510 
13.656500 
13.656500 
3.354102 
3.354102 
1.118034 
1.118034 
13.656500 
13.656500 
1.581139 
1.581139 
12.093387 
12.093387 
13.656500 
13.656500 
4.472136 
4.472136 
12.529964 
12.529964 
13.656500 
13.656500 
25.005000 
25.005000 
1.802776 
1.802776 
13.656500 
13.656500 
2.692582 
2.692582 
2.828427 
2.828427 
13.656500 
13.656500 
3.354102 
3.354102 
0.707107 
0.707107 
13.656500 
13.656500 
4.031129 
4.031129 
1.118034 
1.118034 
13.656500 
13.656500 
4.123106 
4.123106 
11.101802 
11.101802 
13.656500 
13.656500 
4.609772 
4.609772 
2.000000 
2.000000 
8.558621 
8.558621 
17.507141 
17.507141 
10.688779 
10.688779 
4.031129 
4.031129 
6.500000 
6.500000 
5.024938 
5.024938 
21.360009 
21.360009 
2.692582 
2.692582 
1.581139 
1.581139 
6.576473 
6.576473 
1.802776 
1.802776 
6.576473 
6.576473 
1.118034 
1.118034 
6.576473 
6.576473 
2.061553 
2.061553 
6.576473 
6.576473 
2.500000 
2.500000 
6.576473 
6.576473 
6.020797 
6.020797 
0.000000 
0.000000 
6.576473 
6.576473 
1.414214 
1.414214 
2.915476 
2.915476 
6.576473 
6.576473 
1.581139 
1.581139 
7.211103 
7.211103 
6.576473 
6.576473 
6.103278 
6.103278 
3.354102 
3.354102 
6.576473 
6.576473 
2.500000 
2.500000 
2.692582 
2.692582 
6.576473 
6.576473 
2.000000 
2.000000 
2.500000 
2.500000 
6.576473 
6.576473 
1.802776 
1.802776 
3.000000 
3.000000 
6.576473 
6.576473 
2.692582 
2.692582 
