0.000000 
0.000000 
0.000000 
0.000000 
0.500000 
0.500000 
0.000000 
0.000000 
0.500000 
0.500000 
0.500000 
0.500000 
0.500000 
0.500000 
0.707107 
0.707107 
0.500000 
0.500000 
0.500000 
0.500000 
0.707107 
0.707107 
0.500000 
0.500000 
0.000000 
0.000000 
7.017834 
7.017834 
0.707107 
0.707107 
1.118034 
1.118034 
4.031129 
4.031129 
1.414214 
1.414214 
4.031129 
4.031129 
2.915476 
2.915476 
16.867128 
16.867128 
2.236068 
2.236068 
4.472136 
4.472136 
1.581139 
1.581139 
4.743416 
4.743416 
16.124515 
16.124515 
1.500000 
1.500000 
5.024938 
5.024938 
2.915476 
2.915476 
3.000000 
3.000000 
25.612497 
25.612497 
0.707107 
0.707107 
25.612497 
25.612497 
1.118034 
1.118034 
25.612497 
25.612497 
2.500000 
2.500000 
25.612497 
25.612497 
16.278821 
16.278821 
25.612497 
25.612497 
4.609772 
4.609772 
0.000000 
0.000000 
25.612497 
25.612497 
4.609772 
4.609772 
8.139410 
8.139410 
25.612497 
25.612497 
4.609772 
4.609772 
5.147815 
5.147815 
25.612497 
25.612497 
4.609772 
4.609772 
43.350317 
43.350317 
25.612497 
25.612497 
4.609772 
4.609772 
3.201562 
3.201562 
25.612497 
25.612497 
4.609772 
4.609772 
2.915476 
2.915476 
25.612497 
25.612497 
4.609772 
4.609772 
11.236103 
11.236103 
25.612497 
25.612497 
4.609772 
4.609772 
37.121422 
37.121422 
25.612497 
25.612497 
4.609772 
4.609772 
7.158911 
7.158911 
25.612497 
25.612497 
4.609772 
4.609772 
3.905125 
3.905125 
25.612497 
25.612497 
4.609772 
4.609772 
21.023796 
21.023796 
4.609772 
4.609772 
3.162278 
3.162278 
4.609772 
4.609772 
2.549510 
2.549510 
4.609772 
4.609772 
5.522681 
5.522681 
4.609772 
4.609772 
0.000000 
0.000000 
5.590170 
5.590170 
4.716991 
4.716991 
9.219544 
9.219544 
19.026298 
19.026298 
4.716991 
4.716991 
3.640055 
3.640055 
4.123106 
4.123106 
14.560220 
14.560220 
12.539936 
12.539936 
18.560711 
18.560711 
4.609772 
4.609772 
3.535534 
3.535534 
4.609772 
4.609772 
4.743416 
4.743416 
4.609772 
4.609772 
5.590170 
5.590170 
4.609772 
4.609772 
5.000000 
5.000000 
27.554491 
27.554491 
3.041381 
3.041381 
5.024938 
5.024938 
1.581139 
1.581139 
5.024938 
5.024938 
2.061553 
2.061553 
26.000000 
26.000000 
3.605551 
3.605551 
6.000000 
6.000000 
3.354102 
3.354102 
3.201562 
3.201562 
2.549510 
2.549510 
10.307764 
10.307764 
4.031129 
4.031129 
10.307764 
10.307764 
4.031129 
4.031129 
10.307764 
10.307764 
2.061553 
2.061553 
10.307764 
10.307764 
0.500000 
0.500000 
10.307764 
10.307764 
2.692582 
2.692582 
10.307764 
10.307764 
1.500000 
1.500000 
10.307764 
10.307764 
2.915476 
2.915476 
10.307764 
10.307764 
1.414214 
1.414214 
10.307764 
10.307764 
