0.000000 
0.000000 
0.000000 
0.000000 
0.000000 
0.000000 
0.000000 
0.000000 
0.000000 
0.000000 
0.000000 
0.000000 
0.000000 
0.000000 
0.000000 
0.000000 
0.000000 
0.000000 
0.000000 
0.000000 
0.000000 
0.000000 
0.000000 
0.000000 
0.000000 
0.000000 
0.500000 
0.500000 
0.707107 
0.707107 
0.000000 
0.000000 
0.500000 
0.500000 
2.500000 
2.500000 
1.118034 
1.118034 
5.590170 
5.590170 
0.500000 
0.500000 
1.118034 
1.118034 
0.500000 
0.500000 
1.118034 
1.118034 
1.500000 
1.500000 
2.500000 
2.500000 
2.500000 
2.500000 
0.500000 
0.500000 
0.500000 
0.500000 
0.707107 
0.707107 
13.536986 
13.536986 
0.707107 
0.707107 
6.184658 
6.184658 
0.000000 
0.000000 
1.118034 
1.118034 
0.707107 
0.707107 
1.414214 
1.414214 
1.414214 
1.414214 
0.500000 
0.500000 
0.000000 
0.000000 
0.500000 
0.500000 
0.707107 
0.707107 
0.000000 
0.000000 
1.000000 
1.000000 
1.118034 
1.118034 
6.519202 
6.519202 
0.500000 
0.500000 
0.500000 
0.500000 
0.000000 
0.000000 
1.581139 
1.581139 
1.414214 
1.414214 
0.000000 
0.000000 
1.000000 
1.000000 
1.581139 
1.581139 
0.707107 
0.707107 
1.000000 
1.000000 
15.532225 
15.532225 
0.500000 
0.500000 
36.503424 
36.503424 
0.500000 
0.500000 
0.707107 
0.707107 
0.707107 
0.707107 
0.500000 
0.500000 
22.005681 
22.005681 
0.000000 
0.000000 
0.500000 
0.500000 
0.500000 
0.500000 
0.500000 
0.500000 
1.581139 
1.581139 
4.242641 
4.242641 
0.500000 
0.500000 
7.648529 
7.648529 
0.500000 
0.500000 
0.707107 
0.707107 
0.707107 
0.707107 
1.000000 
1.000000 
0.500000 
0.500000 
2.549510 
2.549510 
3.041381 
3.041381 
0.000000 
0.000000 
0.000000 
0.000000 
0.000000 
0.000000 
4.716991 
4.716991 
0.707107 
0.707107 
16.977927 
16.977927 
0.500000 
0.500000 
0.000000 
0.000000 
1.000000 
1.000000 
1.000000 
1.000000 
19.006578 
19.006578 
1.500000 
1.500000 
0.707107 
0.707107 
0.000000 
0.000000 
0.500000 
0.500000 
1.000000 
1.000000 
13.086252 
13.086252 
0.500000 
0.500000 
9.219544 
9.219544 
0.500000 
0.500000 
1.118034 
1.118034 
1.118034 
1.118034 
0.000000 
0.000000 
1.118034 
1.118034 
1.500000 
1.500000 
0.500000 
0.500000 
0.500000 
0.500000 
0.000000 
0.000000 
0.000000 
0.000000 
12.539936 
12.539936 
1.118034 
1.118034 
0.500000 
0.500000 
0.500000 
0.500000 
1.118034 
1.118034 
0.000000 
0.000000 
1.118034 
1.118034 
2.500000 
2.500000 
1.500000 
1.500000 
0.000000 
0.000000 
0.707107 
0.707107 
0.000000 
0.000000 
0.500000 
0.500000 
1.500000 
1.500000 
0.500000 
0.500000 
2.500000 
2.500000 
0.707107 
0.707107 
0.707107 
0.707107 
1.118034 
1.118034 
0.500000 
0.500000 
1.802776 
1.802776 
1.500000 
1.500000 
0.500000 
0.500000 
0.707107 
0.707107 
0.000000 
0.000000 
1.000000 
1.000000 
17.507141 
17.507141 
0.000000 
0.000000 
1.118034 
1.118034 
0.707107 
0.707107 
1.118034 
1.118034 
1.581139 
1.581139 
2.549510 
2.549510 
2.500000 
2.500000 
1.500000 
1.500000 
3.500000 
3.500000 
0.500000 
0.500000 
0.000000 
0.000000 
1.581139 
1.581139 
2.061553 
2.061553 
1.118034 
1.118034 
1.000000 
1.000000 
0.000000 
0.000000 
1.414214 
1.414214 
2.692582 
2.692582 
2.000000 
2.000000 
3.500000 
3.500000 
1.500000 
1.500000 
0.000000 
0.000000 
1.118034 
1.118034 
0.000000 
0.000000 
0.500000 
0.500000 
19.557607 
19.557607 
0.500000 
0.500000 
3.162278 
3.162278 
0.000000 
0.000000 
0.707107 
0.707107 
2.500000 
2.500000 
4.527693 
4.527693 
1.000000 
1.000000 
1.500000 
1.500000 
1.000000 
1.000000 
2.061553 
2.061553 
0.500000 
0.500000 
1.500000 
1.500000 
4.949747 
4.949747 
1.414214 
1.414214 
8.200610 
8.200610 
0.707107 
0.707107 
0.000000 
0.000000 
2.000000 
2.000000 
0.707107 
0.707107 
0.000000 
0.000000 
0.000000 
0.000000 
1.000000 
1.000000 
1.500000 
1.500000 
1.500000 
1.500000 
2.549510 
2.549510 
0.707107 
0.707107 
1.000000 
1.000000 
4.949747 
4.949747 
1.802776 
1.802776 
6.103278 
6.103278 
0.000000 
0.000000 
0.000000 
0.000000 
8.860023 
8.860023 
12.000000 
12.000000 
0.000000 
0.000000 
2.500000 
2.500000 
2.692582 
2.692582 
1.000000 
1.000000 
1.500000 
1.500000 
0.500000 
0.500000 
0.500000 
0.500000 
1.118034 
1.118034 
0.707107 
0.707107 
4.949747 
4.949747 
1.581139 
1.581139 
17.356555 
17.356555 
0.707107 
0.707107 
0.000000 
0.000000 
1.802776 
1.802776 
2.061553 
2.061553 
1.000000 
1.000000 
2.500000 
2.500000 
2.692582 
2.692582 
1.000000 
1.000000 
1.500000 
1.500000 
1.000000 
1.000000 
1.500000 
1.500000 
0.000000 
0.000000 
0.707107 
0.707107 
4.949747 
4.949747 
0.707107 
0.707107 
2.500000 
2.500000 
0.500000 
0.500000 
1.500000 
1.500000 
1.802776 
1.802776 
2.549510 
2.549510 
10.307764 
10.307764 
4.472136 
4.472136 
2.692582 
2.692582 
1.000000 
1.000000 
1.500000 
1.500000 
0.500000 
0.500000 
2.121320 
2.121320 
0.000000 
0.000000 
1.000000 
1.000000 
4.949747 
4.949747 
1.000000 
1.000000 
39.012818 
39.012818 
0.500000 
0.500000 
1.118034 
1.118034 
1.802776 
1.802776 
9.848858 
9.848858 
10.307764 
10.307764 
1.581139 
1.581139 
2.692582 
2.692582 
1.000000 
1.000000 
1.500000 
1.500000 
0.500000 
0.500000 
0.500000 
0.500000 
1.000000 
1.000000 
1.118034 
1.118034 
4.949747 
4.949747 
1.118034 
1.118034 
9.124144 
9.124144 
0.500000 
0.500000 
8.544004 
8.544004 
1.802776 
1.802776 
2.061553 
2.061553 
10.307764 
10.307764 
8.139410 
8.139410 
2.692582 
2.692582 
1.000000 
1.000000 
1.500000 
1.500000 
0.000000 
0.000000 
6.184658 
6.184658 
0.707107 
0.707107 
1.000000 
1.000000 
4.949747 
4.949747 
1.118034 
1.118034 
14.089003 
14.089003 
1.000000 
1.000000 
0.707107 
0.707107 
1.802776 
1.802776 
2.500000 
2.500000 
0.000000 
0.000000 
10.307764 
10.307764 
2.500000 
2.500000 
2.692582 
2.692582 
1.000000 
1.000000 
1.500000 
1.500000 
8.500000 
8.500000 
0.500000 
0.500000 
0.500000 
0.500000 
6.324555 
6.324555 
4.949747 
4.949747 
1.118034 
1.118034 
14.000000 
14.000000 
0.707107 
0.707107 
1.000000 
1.000000 
1.802776 
1.802776 
9.513149 
9.513149 
0.500000 
0.500000 
10.307764 
10.307764 
1.500000 
1.500000 
2.692582 
2.692582 
1.000000 
1.000000 
1.500000 
1.500000 
0.500000 
0.500000 
1.118034 
1.118034 
8.062258 
8.062258 
0.707107 
0.707107 
4.949747 
4.949747 
6.800735 
6.800735 
4.743416 
4.743416 
1.118034 
1.118034 
0.000000 
0.000000 
1.802776 
1.802776 
2.692582 
2.692582 
0.000000 
0.000000 
0.000000 
0.000000 
0.000000 
0.000000 
0.500000 
0.500000 
10.307764 
10.307764 
3.354102 
3.354102 
2.692582 
2.692582 
29.516944 
29.516944 
0.707107 
0.707107 
0.500000 
0.500000 
1.000000 
1.000000 
0.707107 
0.707107 
4.949747 
4.949747 
0.500000 
0.500000 
4.743416 
4.743416 
0.000000 
0.000000 
0.500000 
0.500000 
1.802776 
1.802776 
2.121320 
2.121320 
0.000000 
0.000000 
0.000000 
0.000000 
0.707107 
0.707107 
0.000000 
0.000000 
1.118034 
1.118034 
10.307764 
10.307764 
1.000000 
1.000000 
2.692582 
2.692582 
2.000000 
2.000000 
0.500000 
0.500000 
2.000000 
2.000000 
0.707107 
0.707107 
1.414214 
1.414214 
4.949747 
4.949747 
0.707107 
0.707107 
10.062306 
10.062306 
1.000000 
1.000000 
1.118034 
1.118034 
1.802776 
1.802776 
3.000000 
3.000000 
0.000000 
0.000000 
0.000000 
0.000000 
0.000000 
0.000000 
0.707107 
0.707107 
0.000000 
0.000000 
1.500000 
1.500000 
10.307764 
10.307764 
2.000000 
2.000000 
2.692582 
2.692582 
2.000000 
2.000000 
1.118034 
1.118034 
2.500000 
2.500000 
0.707107 
0.707107 
1.118034 
1.118034 
4.949747 
4.949747 
0.707107 
0.707107 
3.162278 
3.162278 
0.500000 
0.500000 
0.000000 
0.000000 
1.802776 
1.802776 
2.236068 
2.236068 
2.236068 
2.236068 
0.000000 
0.000000 
0.000000 
0.000000 
0.707107 
0.707107 
0.000000 
0.000000 
1.000000 
1.000000 
10.307764 
10.307764 
2.000000 
2.000000 
2.692582 
2.692582 
2.000000 
2.000000 
2.000000 
2.000000 
3.000000 
3.000000 
1.802776 
1.802776 
2.121320 
2.121320 
4.949747 
4.949747 
2.061553 
2.061553 
4.031129 
4.031129 
1.802776 
1.802776 
1.118034 
1.118034 
1.802776 
1.802776 
1.118034 
1.118034 
0.000000 
0.000000 
1.118034 
1.118034 
0.000000 
0.000000 
0.000000 
0.000000 
0.707107 
0.707107 
0.000000 
0.000000 
1.118034 
1.118034 
5.852350 
5.852350 
1.000000 
1.000000 
2.692582 
2.692582 
2.000000 
2.000000 
1.000000 
1.000000 
1.802776 
1.802776 
1.118034 
1.118034 
1.118034 
1.118034 
4.949747 
4.949747 
0.500000 
0.500000 
3.162278 
3.162278 
1.118034 
1.118034 
1.414214 
1.414214 
1.802776 
1.802776 
1.414214 
1.414214 
1.802776 
1.802776 
1.000000 
1.000000 
0.000000 
0.000000 
0.000000 
0.000000 
0.707107 
0.707107 
0.000000 
0.000000 
2.500000 
2.500000 
5.852350 
5.852350 
1.581139 
1.581139 
2.692582 
2.692582 
2.000000 
2.000000 
2.692582 
2.692582 
2.549510 
2.549510 
1.581139 
1.581139 
2.236068 
2.236068 
4.949747 
4.949747 
2.061553 
2.061553 
2.500000 
2.500000 
2.000000 
2.000000 
1.581139 
1.581139 
1.802776 
1.802776 
9.962429 
9.962429 
0.000000 
0.000000 
0.707107 
0.707107 
1.118034 
1.118034 
0.000000 
0.000000 
0.000000 
0.000000 
0.707107 
0.707107 
0.000000 
0.000000 
2.500000 
2.500000 
4.123106 
4.123106 
2.000000 
2.000000 
2.692582 
2.692582 
2.000000 
2.000000 
2.692582 
2.692582 
2.549510 
2.549510 
2.000000 
2.000000 
3.162278 
3.162278 
3.535534 
3.535534 
1.581139 
1.581139 
1.802776 
1.802776 
1.118034 
1.118034 
1.802776 
1.802776 
10.440307 
10.440307 
0.000000 
0.000000 
4.000000 
4.000000 
3.162278 
3.162278 
1.118034 
1.118034 
0.000000 
0.000000 
0.000000 
0.000000 
0.707107 
0.707107 
0.000000 
0.000000 
2.500000 
2.500000 
2.500000 
2.500000 
3.640055 
3.640055 
2.692582 
2.692582 
2.000000 
2.000000 
2.692582 
2.692582 
4.123106 
4.123106 
2.549510 
2.549510 
4.272002 
4.272002 
5.024938 
5.024938 
1.581139 
1.581139 
3.041381 
3.041381 
3.640055 
3.640055 
1.802776 
1.802776 
17.585505 
17.585505 
0.000000 
0.000000 
8.631338 
8.631338 
3.535534 
3.535534 
3.162278 
3.162278 
1.118034 
1.118034 
0.000000 
0.000000 
0.000000 
0.000000 
0.707107 
0.707107 
0.000000 
0.000000 
2.500000 
2.500000 
2.500000 
2.500000 
4.000000 
4.000000 
2.000000 
2.000000 
2.692582 
2.692582 
2.915476 
2.915476 
2.500000 
2.500000 
3.500000 
3.500000 
4.527693 
4.527693 
1.581139 
1.581139 
2.549510 
2.549510 
3.000000 
3.000000 
5.656854 
5.656854 
0.000000 
0.000000 
0.000000 
0.000000 
0.000000 
0.000000 
3.041381 
3.041381 
43.502873 
43.502873 
2.549510 
2.549510 
3.162278 
3.162278 
1.118034 
1.118034 
0.000000 
0.000000 
0.000000 
0.000000 
0.707107 
0.707107 
0.000000 
0.000000 
2.500000 
2.500000 
2.500000 
2.500000 
1.581139 
1.581139 
2.000000 
2.000000 
2.692582 
2.692582 
1.802776 
1.802776 
2.000000 
2.000000 
2.549510 
2.549510 
2.000000 
2.000000 
1.581139 
1.581139 
3.000000 
3.000000 
2.549510 
2.549510 
5.656854 
5.656854 
1.414214 
1.414214 
1.118034 
1.118034 
1.414214 
1.414214 
3.201562 
3.201562 
2.549510 
2.549510 
0.707107 
0.707107 
3.162278 
3.162278 
1.118034 
1.118034 
0.000000 
0.000000 
0.000000 
0.000000 
0.707107 
0.707107 
0.000000 
0.000000 
2.500000 
2.500000 
2.500000 
2.500000 
6.519202 
6.519202 
2.000000 
2.000000 
2.692582 
2.692582 
0.707107 
0.707107 
2.061553 
2.061553 
1.500000 
1.500000 
1.500000 
1.500000 
1.581139 
1.581139 
1.500000 
1.500000 
1.414214 
1.414214 
5.656854 
5.656854 
1.414214 
1.414214 
1.118034 
1.118034 
1.414214 
1.414214 
2.549510 
2.549510 
5.830952 
5.830952 
6.020797 
6.020797 
3.162278 
3.162278 
1.118034 
1.118034 
0.000000 
0.000000 
0.000000 
0.000000 
0.707107 
0.707107 
0.000000 
0.000000 
2.500000 
2.500000 
2.500000 
2.500000 
1.118034 
1.118034 
2.000000 
2.000000 
2.692582 
2.692582 
5.099020 
5.099020 
0.707107 
0.707107 
1.118034 
1.118034 
0.000000 
0.000000 
1.581139 
1.581139 
1.118034 
1.118034 
1.118034 
1.118034 
5.656854 
5.656854 
1.414214 
1.414214 
1.118034 
1.118034 
1.414214 
1.414214 
0.707107 
0.707107 
7.762087 
7.762087 
0.500000 
0.500000 
3.162278 
3.162278 
1.118034 
1.118034 
0.000000 
0.000000 
0.000000 
0.000000 
0.707107 
0.707107 
0.000000 
0.000000 
2.500000 
2.500000 
2.500000 
2.500000 
0.707107 
0.707107 
2.000000 
2.000000 
2.692582 
2.692582 
1.118034 
1.118034 
1.000000 
1.000000 
5.500000 
5.500000 
1.414214 
1.414214 
1.581139 
1.581139 
2.121320 
2.121320 
2.121320 
2.121320 
5.656854 
5.656854 
1.414214 
1.414214 
1.118034 
1.118034 
1.414214 
1.414214 
2.061553 
2.061553 
4.527693 
4.527693 
0.500000 
0.500000 
3.162278 
3.162278 
1.118034 
1.118034 
0.000000 
0.000000 
0.000000 
0.000000 
0.707107 
0.707107 
0.000000 
0.000000 
2.500000 
2.500000 
2.500000 
2.500000 
0.500000 
0.500000 
2.000000 
2.000000 
2.692582 
2.692582 
0.000000 
0.000000 
9.500000 
9.500000 
0.500000 
0.500000 
5.220153 
5.220153 
1.581139 
1.581139 
1.500000 
1.500000 
1.118034 
1.118034 
5.656854 
5.656854 
0.000000 
0.000000 
1.414214 
1.414214 
1.118034 
1.118034 
1.414214 
1.414214 
1.118034 
1.118034 
19.104973 
19.104973 
0.707107 
0.707107 
3.162278 
3.162278 
1.118034 
1.118034 
0.000000 
0.000000 
0.000000 
0.000000 
0.707107 
0.707107 
0.000000 
0.000000 
2.500000 
2.500000 
2.500000 
2.500000 
0.000000 
0.000000 
2.000000 
2.000000 
2.692582 
2.692582 
0.707107 
0.707107 
0.707107 
0.707107 
0.500000 
0.500000 
0.500000 
0.500000 
1.581139 
1.581139 
1.581139 
1.581139 
1.000000 
1.000000 
5.656854 
5.656854 
6.946222 
6.946222 
1.414214 
1.414214 
1.118034 
1.118034 
1.414214 
1.414214 
1.500000 
1.500000 
2.828427 
2.828427 
0.707107 
0.707107 
3.162278 
3.162278 
1.118034 
1.118034 
0.000000 
0.000000 
0.707107 
0.707107 
2.500000 
2.500000 
2.500000 
2.500000 
0.000000 
0.000000 
2.000000 
2.000000 
2.692582 
2.692582 
0.707107 
0.707107 
0.500000 
0.500000 
0.500000 
0.500000 
0.500000 
0.500000 
1.581139 
1.581139 
2.000000 
2.000000 
0.500000 
0.500000 
5.656854 
5.656854 
2.500000 
2.500000 
1.414214 
1.414214 
1.118034 
1.118034 
1.414214 
1.414214 
1.581139 
1.581139 
12.509996 
12.509996 
0.500000 
0.500000 
3.162278 
3.162278 
1.118034 
1.118034 
0.707107 
0.707107 
2.500000 
2.500000 
2.500000 
2.500000 
0.500000 
0.500000 
2.692582 
2.692582 
0.000000 
0.000000 
0.500000 
0.500000 
0.707107 
0.707107 
0.500000 
0.500000 
1.581139 
1.581139 
0.500000 
0.500000 
0.707107 
0.707107 
5.656854 
5.656854 
0.000000 
0.000000 
4.031129 
4.031129 
1.414214 
1.414214 
1.118034 
1.118034 
1.414214 
1.414214 
2.061553 
2.061553 
3.041381 
3.041381 
0.000000 
0.000000 
3.162278 
3.162278 
28.635642 
28.635642 
2.500000 
2.500000 
2.500000 
2.500000 
0.500000 
0.500000 
2.692582 
2.692582 
0.707107 
0.707107 
0.500000 
0.500000 
3.041381 
3.041381 
1.000000 
1.000000 
1.581139 
1.581139 
8.732125 
8.732125 
14.508618 
14.508618 
5.656854 
5.656854 
2.236068 
2.236068 
4.031129 
4.031129 
1.414214 
1.414214 
1.118034 
1.118034 
1.414214 
1.414214 
1.000000 
1.000000 
2.236068 
2.236068 
0.707107 
0.707107 
3.162278 
3.162278 
4.924429 
4.924429 
2.500000 
2.500000 
2.500000 
2.500000 
0.000000 
0.000000 
2.692582 
2.692582 
1.118034 
1.118034 
1.118034 
1.118034 
0.500000 
0.500000 
0.500000 
0.500000 
1.581139 
1.581139 
0.500000 
0.500000 
14.000000 
14.000000 
5.656854 
5.656854 
0.000000 
0.000000 
0.707107 
0.707107 
4.031129 
4.031129 
1.414214 
1.414214 
1.118034 
1.118034 
1.414214 
1.414214 
1.000000 
1.000000 
1.802776 
1.802776 
1.000000 
1.000000 
3.162278 
3.162278 
3.500000 
3.500000 
2.500000 
2.500000 
2.500000 
2.500000 
0.707107 
0.707107 
2.692582 
2.692582 
1.000000 
1.000000 
1.118034 
1.118034 
0.500000 
0.500000 
0.000000 
0.000000 
1.581139 
1.581139 
8.139410 
8.139410 
14.000000 
14.000000 
5.656854 
5.656854 
0.000000 
0.000000 
2.828427 
2.828427 
0.500000 
0.500000 
4.031129 
4.031129 
1.414214 
1.414214 
1.118034 
1.118034 
1.414214 
1.414214 
0.000000 
0.000000 
1.118034 
1.118034 
1.500000 
1.500000 
3.162278 
3.162278 
3.201562 
3.201562 
2.500000 
2.500000 
0.000000 
0.000000 
0.707107 
0.707107 
7.566373 
7.566373 
0.000000 
0.000000 
3.807887 
3.807887 
1.581139 
1.581139 
3.000000 
3.000000 
14.000000 
14.000000 
5.656854 
5.656854 
4.924429 
4.924429 
16.867128 
16.867128 
8.246211 
8.246211 
4.031129 
4.031129 
1.414214 
1.414214 
1.118034 
1.118034 
1.414214 
1.414214 
2.061553 
2.061553 
1.118034 
1.118034 
1.000000 
1.000000 
3.162278 
3.162278 
0.000000 
0.000000 
2.500000 
2.500000 
13.000000 
13.000000 
1.000000 
1.000000 
1.118034 
1.118034 
0.500000 
0.500000 
0.707107 
0.707107 
2.549510 
2.549510 
14.000000 
14.000000 
5.656854 
5.656854 
4.924429 
4.924429 
3.640055 
3.640055 
1.500000 
1.500000 
4.031129 
4.031129 
1.414214 
1.414214 
1.118034 
1.118034 
1.414214 
1.414214 
12.298374 
12.298374 
2.000000 
2.000000 
2.061553 
2.061553 
19.416488 
19.416488 
1.118034 
1.118034 
8.062258 
8.062258 
1.118034 
1.118034 
1.500000 
1.500000 
0.500000 
0.500000 
2.236068 
2.236068 
14.000000 
14.000000 
5.656854 
5.656854 
0.500000 
0.500000 
13.946326 
13.946326 
1.500000 
1.500000 
4.031129 
4.031129 
1.414214 
1.414214 
1.118034 
1.118034 
1.414214 
1.414214 
1.118034 
1.118034 
3.905125 
3.905125 
2.061553 
2.061553 
2.500000 
2.500000 
0.500000 
0.500000 
0.707107 
0.707107 
0.500000 
0.500000 
1.500000 
1.500000 
1.000000 
1.000000 
2.236068 
2.236068 
14.000000 
14.000000 
0.707107 
0.707107 
1.118034 
1.118034 
0.500000 
0.500000 
4.031129 
4.031129 
1.414214 
1.414214 
1.118034 
1.118034 
1.414214 
1.414214 
0.000000 
0.000000 
3.201562 
3.201562 
2.061553 
2.061553 
2.692582 
2.692582 
0.500000 
0.500000 
1.118034 
1.118034 
9.000000 
9.000000 
1.500000 
1.500000 
0.000000 
0.000000 
2.236068 
2.236068 
14.000000 
14.000000 
0.000000 
0.000000 
1.581139 
1.581139 
24.129857 
24.129857 
3.640055 
3.640055 
4.031129 
4.031129 
0.707107 
0.707107 
6.519202 
6.519202 
0.707107 
0.707107 
2.061553 
2.061553 
0.000000 
0.000000 
0.707107 
0.707107 
12.509996 
12.509996 
1.500000 
1.500000 
1.500000 
1.500000 
2.236068 
2.236068 
14.000000 
14.000000 
