0.000000 
0.000000 
35.500000 
35.500000 
1.581139 
1.581139 
5.522681 
5.522681 
5.522681 
5.522681 
5.522681 
5.522681 
5.522681 
5.522681 
5.522681 
5.522681 
33.503731 
33.503731 
6.184658 
6.184658 
2.236068 
2.236068 
5.522681 
5.522681 
0.000000 
0.000000 
0.707107 
0.707107 
6.264982 
6.264982 
5.315073 
5.315073 
6.264982 
6.264982 
5.315073 
5.315073 
6.264982 
6.264982 
5.315073 
5.315073 
6.264982 
6.264982 
10.307764 
10.307764 
11.401754 
11.401754 
4.272002 
4.272002 
8.558621 
8.558621 
18.527007 
18.527007 
1.414214 
1.414214 
18.506756 
18.506756 
6.184658 
6.184658 
4.527693 
4.527693 
10.259142 
10.259142 
1.500000 
1.500000 
40.807475 
40.807475 
1.000000 
1.000000 
5.522681 
5.522681 
1.500000 
1.500000 
1.414214 
1.414214 
3.535534 
3.535534 
4.609772 
4.609772 
3.535534 
3.535534 
3.535534 
3.535534 
7.280110 
7.280110 
30.594117 
30.594117 
8.062258 
8.062258 
9.513149 
9.513149 
5.500000 
5.500000 
7.071068 
7.071068 
22.638463 
22.638463 
2.915476 
2.915476 
22.638463 
22.638463 
40.549353 
40.549353 
22.638463 
22.638463 
42.426407 
42.426407 
36.554753 
36.554753 
4.609772 
4.609772 
6.964194 
6.964194 
4.609772 
4.609772 
3.605551 
3.605551 
4.609772 
4.609772 
7.071068 
7.071068 
4.609772 
4.609772 
33.015148 
33.015148 
4.609772 
4.609772 
22.699119 
22.699119 
0.000000 
0.000000 
4.609772 
4.609772 
6.519202 
6.519202 
0.000000 
0.000000 
4.609772 
4.609772 
4.301163 
4.301163 
