0.000000 
0.000000 
0.000000 
0.000000 
0.000000 
0.000000 
0.000000 
0.000000 
2.121320 
2.121320 
0.707107 
0.707107 
0.000000 
0.000000 
2.915476 
2.915476 
0.500000 
0.500000 
0.500000 
0.500000 
6.403124 
6.403124 
1.118034 
1.118034 
0.500000 
0.500000 
1.802776 
1.802776 
8.558621 
8.558621 
0.000000 
0.000000 
5.522681 
5.522681 
1.118034 
1.118034 
0.707107 
0.707107 
6.500000 
6.500000 
1.000000 
1.000000 
0.500000 
0.500000 
2.000000 
2.000000 
1.000000 
1.000000 
0.707107 
0.707107 
1.500000 
1.500000 
0.500000 
0.500000 
1.118034 
1.118034 
0.500000 
0.500000 
1.118034 
1.118034 
0.000000 
0.000000 
0.500000 
0.500000 
1.118034 
1.118034 
0.000000 
0.000000 
0.500000 
0.500000 
1.581139 
1.581139 
0.000000 
0.000000 
1.118034 
1.118034 
0.500000 
0.500000 
2.500000 
2.500000 
2.121320 
2.121320 
0.500000 
0.500000 
0.500000 
0.500000 
3.500000 
3.500000 
3.162278 
3.162278 
0.707107 
0.707107 
0.500000 
0.500000 
2.236068 
2.236068 
3.162278 
3.162278 
0.707107 
0.707107 
0.500000 
0.500000 
3.535534 
3.535534 
3.162278 
3.162278 
0.500000 
0.500000 
0.500000 
0.500000 
6.264982 
6.264982 
3.162278 
3.162278 
0.500000 
0.500000 
0.500000 
0.500000 
6.000000 
6.000000 
0.000000 
0.000000 
3.162278 
3.162278 
0.500000 
0.500000 
0.500000 
0.500000 
9.823441 
9.823441 
0.500000 
0.500000 
20.524376 
20.524376 
0.500000 
0.500000 
0.500000 
0.500000 
4.949747 
4.949747 
0.000000 
0.000000 
2.236068 
2.236068 
1.414214 
1.414214 
0.500000 
0.500000 
2.236068 
2.236068 
0.000000 
0.000000 
2.236068 
2.236068 
1.581139 
1.581139 
0.500000 
0.500000 
18.668155 
18.668155 
1.000000 
1.000000 
2.236068 
2.236068 
1.000000 
1.000000 
0.500000 
0.500000 
5.000000 
5.000000 
1.000000 
1.000000 
2.236068 
2.236068 
1.000000 
1.000000 
0.500000 
0.500000 
0.707107 
0.707107 
1.000000 
1.000000 
2.236068 
2.236068 
1.118034 
1.118034 
3.201562 
3.201562 
1.000000 
1.000000 
2.236068 
2.236068 
0.500000 
0.500000 
28.359302 
28.359302 
1.000000 
1.000000 
34.503623 
34.503623 
0.707107 
0.707107 
12.509996 
12.509996 
1.000000 
1.000000 
34.503623 
34.503623 
0.500000 
0.500000 
3.201562 
3.201562 
1.000000 
1.000000 
34.503623 
34.503623 
1.581139 
1.581139 
17.182840 
17.182840 
1.000000 
1.000000 
34.503623 
34.503623 
1.414214 
1.414214 
2.061553 
2.061553 
1.000000 
1.000000 
34.503623 
34.503623 
2.000000 
2.000000 
1.500000 
1.500000 
1.000000 
1.000000 
34.503623 
34.503623 
1.118034 
1.118034 
2.000000 
2.000000 
1.000000 
1.000000 
34.503623 
34.503623 
0.500000 
0.500000 
1.118034 
1.118034 
1.000000 
1.000000 
34.503623 
34.503623 
0.500000 
0.500000 
1.581139 
1.581139 
1.000000 
1.000000 
34.503623 
34.503623 
0.500000 
0.500000 
2.915476 
2.915476 
1.000000 
1.000000 
34.503623 
34.503623 
0.707107 
0.707107 
3.354102 
3.354102 
1.000000 
1.000000 
34.503623 
34.503623 
0.500000 
0.500000 
2.915476 
2.915476 
34.503623 
34.503623 
3.535534 
3.535534 
4.272002 
4.272002 
34.503623 
34.503623 
0.000000 
0.000000 
5.852350 
5.852350 
34.503623 
34.503623 
0.500000 
0.500000 
23.759209 
23.759209 
34.503623 
34.503623 
0.500000 
0.500000 
7.615773 
7.615773 
23.537205 
23.537205 
0.500000 
0.500000 
12.257651 
12.257651 
4.609772 
4.609772 
1.802776 
1.802776 
16.007811 
16.007811 
4.609772 
4.609772 
2.000000 
2.000000 
27.865750 
27.865750 
4.609772 
4.609772 
1.500000 
1.500000 
6.519202 
6.519202 
4.609772 
4.609772 
1.118034 
1.118034 
5.700877 
5.700877 
4.609772 
4.609772 
9.055385 
9.055385 
4.472136 
4.472136 
0.000000 
0.000000 
4.609772 
4.609772 
13.038405 
13.038405 
8.500000 
8.500000 
7.905694 
7.905694 
4.609772 
4.609772 
2.500000 
2.500000 
24.909837 
24.909837 
7.905694 
7.905694 
4.609772 
4.609772 
2.500000 
2.500000 
10.295630 
10.295630 
7.905694 
7.905694 
4.609772 
4.609772 
2.500000 
2.500000 
9.178780 
9.178780 
25.460754 
25.460754 
4.609772 
4.609772 
2.500000 
2.500000 
5.385165 
5.385165 
2.915476 
2.915476 
4.609772 
4.609772 
2.500000 
2.500000 
5.385165 
5.385165 
17.734148 
17.734148 
4.609772 
4.609772 
2.500000 
2.500000 
5.385165 
5.385165 
16.101242 
16.101242 
4.609772 
4.609772 
2.500000 
2.500000 
5.385165 
5.385165 
18.668155 
18.668155 
4.609772 
4.609772 
2.500000 
2.500000 
5.385165 
5.385165 
18.668155 
18.668155 
4.609772 
4.609772 
2.500000 
2.500000 
5.385165 
5.385165 
0.000000 
0.000000 
18.668155 
18.668155 
2.500000 
2.500000 
5.385165 
5.385165 
