0.000000 
0.000000 
0.000000 
0.000000 
0.500000 
0.500000 
2.692582 
2.692582 
1.118034 
1.118034 
6.576473 
6.576473 
2.500000 
2.500000 
7.000000 
7.000000 
1.118034 
1.118034 
5.500000 
5.500000 
1.118034 
1.118034 
42.011903 
42.011903 
3.905125 
3.905125 
11.597414 
11.597414 
3.905125 
3.905125 
18.607794 
18.607794 
5.700877 
5.700877 
30.516389 
30.516389 
6.324555 
6.324555 
18.179659 
18.179659 
2.061553 
2.061553 
8.631338 
8.631338 
11.101802 
11.101802 
42.026777 
42.026777 
3.535534 
3.535534 
24.005208 
24.005208 
4.123106 
4.123106 
2.236068 
2.236068 
2.500000 
2.500000 
8.746428 
8.746428 
3.162278 
3.162278 
7.632169 
7.632169 
2.000000 
2.000000 
48.500000 
48.500000 
2.500000 
2.500000 
48.500000 
48.500000 
2.549510 
2.549510 
48.500000 
48.500000 
2.061553 
2.061553 
48.500000 
48.500000 
2.500000 
2.500000 
48.500000 
48.500000 
2.121320 
2.121320 
48.500000 
48.500000 
1.802776 
1.802776 
48.500000 
48.500000 
1.118034 
1.118034 
48.500000 
48.500000 
2.061553 
2.061553 
48.500000 
48.500000 
2.000000 
2.000000 
48.500000 
48.500000 
2.000000 
2.000000 
48.500000 
48.500000 
1.500000 
1.500000 
48.500000 
48.500000 
2.061553 
2.061553 
48.500000 
48.500000 
3.041381 
3.041381 
48.500000 
48.500000 
2.549510 
2.549510 
48.500000 
48.500000 
2.500000 
2.500000 
2.500000 
2.500000 
6.800735 
6.800735 
1.414214 
1.414214 
1.000000 
1.000000 
0.500000 
0.500000 
1.000000 
1.000000 
5.024938 
5.024938 
0.500000 
0.500000 
1.581139 
1.581139 
1.000000 
1.000000 
0.500000 
0.500000 
0.000000 
0.000000 
0.500000 
0.500000 
0.707107 
0.707107 
0.500000 
0.500000 
0.000000 
0.000000 
