0.000000 
0.000000 
0.000000 
0.000000 
0.000000 
0.000000 
1.118034 
1.118034 
3.162278 
3.162278 
0.707107 
0.707107 
0.500000 
0.500000 
4.000000 
4.000000 
2.500000 
2.500000 
1.802776 
1.802776 
3.041381 
3.041381 
10.049876 
10.049876 
1.414214 
1.414214 
14.534442 
14.534442 
10.000000 
10.000000 
0.500000 
0.500000 
13.000000 
13.000000 
6.000000 
6.000000 
1.802776 
1.802776 
1.500000 
1.500000 
6.519202 
6.519202 
0.707107 
0.707107 
1.118034 
1.118034 
29.841247 
29.841247 
0.707107 
0.707107 
0.000000 
0.000000 
4.000000 
4.000000 
0.707107 
0.707107 
0.000000 
0.000000 
2.500000 
2.500000 
1.000000 
1.000000 
0.000000 
0.000000 
1.118034 
1.118034 
1.118034 
1.118034 
0.000000 
0.000000 
0.707107 
0.707107 
1.000000 
1.000000 
0.000000 
0.000000 
1.000000 
1.000000 
1.414214 
1.414214 
0.000000 
0.000000 
1.118034 
1.118034 
0.707107 
0.707107 
0.000000 
0.000000 
2.121320 
2.121320 
0.500000 
0.500000 
0.000000 
0.000000 
2.500000 
2.500000 
0.500000 
0.500000 
0.000000 
0.000000 
2.500000 
2.500000 
0.500000 
0.500000 
0.000000 
0.000000 
4.031129 
4.031129 
0.500000 
0.500000 
0.000000 
0.000000 
6.103278 
6.103278 
1.118034 
1.118034 
0.000000 
0.000000 
2.061553 
2.061553 
0.000000 
0.000000 
0.000000 
0.000000 
1.581139 
1.581139 
1.000000 
1.000000 
0.000000 
0.000000 
2.236068 
2.236068 
0.500000 
0.500000 
0.000000 
0.000000 
3.162278 
3.162278 
0.000000 
0.000000 
2.500000 
2.500000 
1.118034 
1.118034 
6.403124 
6.403124 
6.800735 
6.800735 
1.000000 
1.000000 
0.707107 
0.707107 
1.581139 
1.581139 
0.500000 
0.500000 
8.321658 
8.321658 
0.500000 
0.500000 
1.414214 
1.414214 
0.500000 
0.500000 
3.041381 
3.041381 
7.516648 
7.516648 
4.527693 
4.527693 
0.707107 
0.707107 
1.414214 
1.414214 
0.707107 
0.707107 
1.118034 
1.118034 
0.500000 
0.500000 
9.486833 
9.486833 
0.707107 
0.707107 
8.276473 
8.276473 
0.500000 
0.500000 
5.656854 
5.656854 
0.500000 
0.500000 
13.647344 
13.647344 
8.015610 
8.015610 
4.743416 
4.743416 
0.500000 
0.500000 
7.017834 
7.017834 
0.500000 
0.500000 
4.743416 
4.743416 
0.500000 
0.500000 
3.535534 
3.535534 
8.514693 
8.514693 
16.492423 
16.492423 
0.500000 
0.500000 
5.220153 
5.220153 
0.500000 
0.500000 
10.735455 
10.735455 
0.000000 
0.000000 
0.000000 
0.000000 
10.735455 
10.735455 
2.500000 
2.500000 
0.000000 
0.000000 
10.735455 
10.735455 
1.118034 
1.118034 
0.500000 
0.500000 
10.735455 
10.735455 
1.000000 
1.000000 
0.500000 
0.500000 
10.735455 
10.735455 
