0.000000 
0.000000 
0.000000 
0.000000 
1.000000 
1.000000 
2.061553 
2.061553 
1.118034 
1.118034 
2.236068 
2.236068 
3.041381 
3.041381 
1.581139 
1.581139 
3.500000 
3.500000 
1.000000 
1.000000 
6.082763 
6.082763 
40.028115 
40.028115 
54.728877 
54.728877 
5.852350 
5.852350 
5.147815 
5.147815 
6.184658 
6.184658 
4.743416 
4.743416 
2.915476 
2.915476 
4.031129 
4.031129 
1.500000 
1.500000 
4.031129 
4.031129 
3.041381 
3.041381 
4.031129 
4.031129 
1.118034 
1.118034 
4.031129 
4.031129 
1.581139 
1.581139 
16.007811 
16.007811 
1.118034 
1.118034 
5.590170 
5.590170 
31.563428 
31.563428 
9.300538 
9.300538 
4.609772 
4.609772 
10.630146 
10.630146 
4.609772 
4.609772 
43.072613 
43.072613 
4.609772 
4.609772 
4.609772 
4.609772 
4.609772 
4.609772 
4.272002 
4.272002 
7.158911 
7.158911 
47.510525 
47.510525 
4.301163 
4.301163 
1.414214 
1.414214 
4.301163 
4.301163 
2.549510 
2.549510 
28.657460 
28.657460 
2.236068 
2.236068 
28.657460 
28.657460 
2.236068 
2.236068 
28.657460 
28.657460 
2.236068 
2.236068 
28.657460 
28.657460 
2.236068 
2.236068 
28.657460 
28.657460 
0.000000 
0.000000 
2.236068 
2.236068 
28.657460 
28.657460 
3.041381 
3.041381 
2.236068 
2.236068 
28.657460 
28.657460 
3.000000 
3.000000 
2.236068 
2.236068 
28.657460 
28.657460 
35.128336 
35.128336 
2.236068 
2.236068 
67.601775 
67.601775 
9.500000 
9.500000 
2.236068 
2.236068 
4.031129 
4.031129 
7.500000 
7.500000 
2.236068 
2.236068 
6.020797 
6.020797 
2.500000 
2.500000 
69.817620 
69.817620 
6.020797 
6.020797 
3.162278 
3.162278 
3.535534 
3.535534 
6.020797 
6.020797 
3.162278 
3.162278 
46.381570 
46.381570 
6.020797 
6.020797 
3.162278 
3.162278 
5.852350 
5.852350 
6.020797 
6.020797 
35.174565 
35.174565 
5.852350 
5.852350 
6.020797 
6.020797 
2.500000 
2.500000 
5.852350 
5.852350 
53.600373 
53.600373 
6.082763 
6.082763 
5.852350 
5.852350 
3.041381 
3.041381 
