0.000000 
0.000000 
0.000000 
0.000000 
0.000000 
0.000000 
0.000000 
0.000000 
0.000000 
0.000000 
0.000000 
0.000000 
0.000000 
0.000000 
0.000000 
0.000000 
0.000000 
0.000000 
0.000000 
0.000000 
0.000000 
0.000000 
0.000000 
0.000000 
0.000000 
0.000000 
1.118034 
1.118034 
1.414214 
1.414214 
1.118034 
1.118034 
0.500000 
0.500000 
1.500000 
1.500000 
1.500000 
1.500000 
0.707107 
0.707107 
0.500000 
0.500000 
0.707107 
0.707107 
0.000000 
0.000000 
0.000000 
0.000000 
0.000000 
0.000000 
1.118034 
1.118034 
1.118034 
1.118034 
0.000000 
0.000000 
0.500000 
0.500000 
1.118034 
1.118034 
1.000000 
1.000000 
7.158911 
7.158911 
1.000000 
1.000000 
0.500000 
0.500000 
0.707107 
0.707107 
0.000000 
0.000000 
0.000000 
0.000000 
1.000000 
1.000000 
13.238202 
13.238202 
1.000000 
1.000000 
9.013878 
9.013878 
1.000000 
1.000000 
9.000000 
9.000000 
0.707107 
0.707107 
1.000000 
1.000000 
1.118034 
1.118034 
0.500000 
0.500000 
0.000000 
0.000000 
0.000000 
0.000000 
2.692582 
2.692582 
1.118034 
1.118034 
1.000000 
1.000000 
0.707107 
0.707107 
0.500000 
0.500000 
0.707107 
0.707107 
1.000000 
1.000000 
0.500000 
0.500000 
2.061553 
2.061553 
0.500000 
0.500000 
1.581139 
1.581139 
0.000000 
0.000000 
2.121320 
2.121320 
1.118034 
1.118034 
0.707107 
0.707107 
0.500000 
0.500000 
1.000000 
1.000000 
0.707107 
0.707107 
0.000000 
0.000000 
0.500000 
0.500000 
1.500000 
1.500000 
0.500000 
0.500000 
1.000000 
1.000000 
0.000000 
0.000000 
1.000000 
1.000000 
0.500000 
0.500000 
0.500000 
0.500000 
0.500000 
0.500000 
0.707107 
0.707107 
0.000000 
0.000000 
0.500000 
0.500000 
0.707107 
0.707107 
3.162278 
3.162278 
0.500000 
0.500000 
1.000000 
1.000000 
0.000000 
0.000000 
2.236068 
2.236068 
0.000000 
0.000000 
0.500000 
0.500000 
0.707107 
0.707107 
0.707107 
0.707107 
0.707107 
0.707107 
0.707107 
0.707107 
0.500000 
0.500000 
3.807887 
3.807887 
0.500000 
0.500000 
1.000000 
1.000000 
0.000000 
0.000000 
3.162278 
3.162278 
1.118034 
1.118034 
0.500000 
0.500000 
0.000000 
0.000000 
0.000000 
0.000000 
1.118034 
1.118034 
0.000000 
0.000000 
0.500000 
0.500000 
7.071068 
7.071068 
0.000000 
0.000000 
0.500000 
0.500000 
1.000000 
1.000000 
0.000000 
0.000000 
0.707107 
0.707107 
1.581139 
1.581139 
0.500000 
0.500000 
1.118034 
1.118034 
0.500000 
0.500000 
0.500000 
0.500000 
0.000000 
0.000000 
0.500000 
0.500000 
6.000000 
6.000000 
1.802776 
1.802776 
0.500000 
0.500000 
1.000000 
1.000000 
0.000000 
0.000000 
0.500000 
0.500000 
0.500000 
0.500000 
0.500000 
0.500000 
1.500000 
1.500000 
1.118034 
1.118034 
0.500000 
0.500000 
0.000000 
0.000000 
0.000000 
0.000000 
5.024938 
5.024938 
2.236068 
2.236068 
0.500000 
0.500000 
1.000000 
1.000000 
0.000000 
0.000000 
0.707107 
0.707107 
1.118034 
1.118034 
0.500000 
0.500000 
1.000000 
1.000000 
0.500000 
0.500000 
0.500000 
0.500000 
0.000000 
0.000000 
0.000000 
0.000000 
3.000000 
3.000000 
2.236068 
2.236068 
0.707107 
0.707107 
4.743416 
4.743416 
0.000000 
0.000000 
0.500000 
0.500000 
1.581139 
1.581139 
0.500000 
0.500000 
2.061553 
2.061553 
1.000000 
1.000000 
0.000000 
0.000000 
0.500000 
0.500000 
1.000000 
1.000000 
1.581139 
1.581139 
2.236068 
2.236068 
0.707107 
0.707107 
0.000000 
0.000000 
0.000000 
0.000000 
12.539936 
12.539936 
1.414214 
1.414214 
0.500000 
0.500000 
2.061553 
2.061553 
1.118034 
1.118034 
0.500000 
0.500000 
1.118034 
1.118034 
1.000000 
1.000000 
2.915476 
2.915476 
2.236068 
2.236068 
0.707107 
0.707107 
1.000000 
1.000000 
0.000000 
0.000000 
1.118034 
1.118034 
1.118034 
1.118034 
0.707107 
0.707107 
1.581139 
1.581139 
1.118034 
1.118034 
2.915476 
2.915476 
1.500000 
1.500000 
1.414214 
1.414214 
2.061553 
2.061553 
2.236068 
2.236068 
0.707107 
0.707107 
0.707107 
0.707107 
1.000000 
1.000000 
1.118034 
1.118034 
1.000000 
1.000000 
0.500000 
0.500000 
0.707107 
0.707107 
2.915476 
2.915476 
1.500000 
1.500000 
1.118034 
1.118034 
1.802776 
1.802776 
2.236068 
2.236068 
0.707107 
0.707107 
0.000000 
0.000000 
0.000000 
0.000000 
0.500000 
0.500000 
0.707107 
0.707107 
1.118034 
1.118034 
0.707107 
0.707107 
2.915476 
2.915476 
0.500000 
0.500000 
0.000000 
0.000000 
1.118034 
1.118034 
2.236068 
2.236068 
0.707107 
0.707107 
0.500000 
0.500000 
2.500000 
2.500000 
1.802776 
1.802776 
0.500000 
0.500000 
1.414214 
1.414214 
0.500000 
0.500000 
2.915476 
2.915476 
0.500000 
0.500000 
0.707107 
0.707107 
1.500000 
1.500000 
2.236068 
2.236068 
0.707107 
0.707107 
1.118034 
1.118034 
0.707107 
0.707107 
0.500000 
0.500000 
0.500000 
0.500000 
1.000000 
1.000000 
0.500000 
0.500000 
2.915476 
2.915476 
0.707107 
0.707107 
2.549510 
2.549510 
3.201562 
3.201562 
0.000000 
0.000000 
2.236068 
2.236068 
0.707107 
0.707107 
0.500000 
0.500000 
1.118034 
1.118034 
0.500000 
0.500000 
0.500000 
0.500000 
1.581139 
1.581139 
0.707107 
0.707107 
2.915476 
2.915476 
1.118034 
1.118034 
2.549510 
2.549510 
27.721833 
27.721833 
3.041381 
3.041381 
2.236068 
2.236068 
0.707107 
0.707107 
1.414214 
1.414214 
1.500000 
1.500000 
2.061553 
2.061553 
0.707107 
0.707107 
0.000000 
0.000000 
0.000000 
0.000000 
2.915476 
2.915476 
0.500000 
0.500000 
3.000000 
3.000000 
12.093387 
12.093387 
1.000000 
1.000000 
2.236068 
2.236068 
0.707107 
0.707107 
0.500000 
0.500000 
0.000000 
0.000000 
1.000000 
1.000000 
0.707107 
0.707107 
0.707107 
0.707107 
1.581139 
1.581139 
2.915476 
2.915476 
1.000000 
1.000000 
3.041381 
3.041381 
12.500000 
12.500000 
0.500000 
0.500000 
2.236068 
2.236068 
0.707107 
0.707107 
0.500000 
0.500000 
0.500000 
0.500000 
1.581139 
1.581139 
0.500000 
0.500000 
0.500000 
0.500000 
2.915476 
2.915476 
2.915476 
2.915476 
0.500000 
0.500000 
3.041381 
3.041381 
0.500000 
0.500000 
0.000000 
0.000000 
0.000000 
0.000000 
1.000000 
1.000000 
2.236068 
2.236068 
0.707107 
0.707107 
0.500000 
0.500000 
1.414214 
1.414214 
1.802776 
1.802776 
0.000000 
0.000000 
6.020797 
6.020797 
2.915476 
2.915476 
2.915476 
2.915476 
0.500000 
0.500000 
3.041381 
3.041381 
6.020797 
6.020797 
1.414214 
1.414214 
9.617692 
9.617692 
2.061553 
2.061553 
2.236068 
2.236068 
0.707107 
0.707107 
0.500000 
0.500000 
0.500000 
0.500000 
1.414214 
1.414214 
0.500000 
0.500000 
1.000000 
1.000000 
2.915476 
2.915476 
2.915476 
2.915476 
0.707107 
0.707107 
3.041381 
3.041381 
12.509996 
12.509996 
1.118034 
1.118034 
25.317978 
25.317978 
2.236068 
2.236068 
2.236068 
2.236068 
0.707107 
0.707107 
0.500000 
0.500000 
1.000000 
1.000000 
11.101802 
11.101802 
0.000000 
0.000000 
0.500000 
0.500000 
2.915476 
2.915476 
2.915476 
2.915476 
1.000000 
1.000000 
3.041381 
3.041381 
9.513149 
9.513149 
1.118034 
1.118034 
4.242641 
4.242641 
2.236068 
2.236068 
0.707107 
0.707107 
0.500000 
0.500000 
1.118034 
1.118034 
11.101802 
11.101802 
0.500000 
0.500000 
0.500000 
0.500000 
2.915476 
2.915476 
2.915476 
2.915476 
0.500000 
0.500000 
3.041381 
3.041381 
6.576473 
6.576473 
1.118034 
1.118034 
4.272002 
4.272002 
2.236068 
2.236068 
0.500000 
0.500000 
1.118034 
1.118034 
11.101802 
11.101802 
3.535534 
3.535534 
0.500000 
0.500000 
2.915476 
2.915476 
2.915476 
2.915476 
4.924429 
4.924429 
3.041381 
3.041381 
3.162278 
3.162278 
1.118034 
1.118034 
1.581139 
1.581139 
2.236068 
2.236068 
0.500000 
0.500000 
1.118034 
1.118034 
11.101802 
11.101802 
3.535534 
3.535534 
1.802776 
1.802776 
2.915476 
2.915476 
2.915476 
2.915476 
4.924429 
4.924429 
3.041381 
3.041381 
7.433034 
7.433034 
1.118034 
1.118034 
5.408327 
5.408327 
2.236068 
2.236068 
0.500000 
0.500000 
6.576473 
6.576473 
11.101802 
11.101802 
3.535534 
3.535534 
1.118034 
1.118034 
2.915476 
2.915476 
4.924429 
4.924429 
3.041381 
3.041381 
5.000000 
5.000000 
0.000000 
0.000000 
1.118034 
1.118034 
6.519202 
6.519202 
2.236068 
2.236068 
0.500000 
0.500000 
0.500000 
0.500000 
11.101802 
11.101802 
3.535534 
3.535534 
0.500000 
0.500000 
2.915476 
2.915476 
4.924429 
4.924429 
3.041381 
3.041381 
2.121320 
2.121320 
1.581139 
1.581139 
1.118034 
1.118034 
5.385165 
5.385165 
2.236068 
2.236068 
0.500000 
0.500000 
1.802776 
1.802776 
11.101802 
11.101802 
5.852350 
5.852350 
1.118034 
1.118034 
2.915476 
2.915476 
4.924429 
4.924429 
3.041381 
3.041381 
4.123106 
4.123106 
0.000000 
0.000000 
14.142136 
14.142136 
1.118034 
1.118034 
6.324555 
6.324555 
3.905125 
3.905125 
0.500000 
0.500000 
1.000000 
1.000000 
11.101802 
11.101802 
2.061553 
2.061553 
1.118034 
1.118034 
2.915476 
2.915476 
4.924429 
4.924429 
3.041381 
3.041381 
6.500000 
6.500000 
0.707107 
0.707107 
2.500000 
2.500000 
1.118034 
1.118034 
5.500000 
5.500000 
1.581139 
1.581139 
0.500000 
0.500000 
2.236068 
2.236068 
9.708244 
9.708244 
2.915476 
2.915476 
3.201562 
3.201562 
2.915476 
2.915476 
4.924429 
4.924429 
3.041381 
3.041381 
1.500000 
1.500000 
0.000000 
0.000000 
2.061553 
2.061553 
3.535534 
3.535534 
1.118034 
1.118034 
4.527693 
4.527693 
14.508618 
14.508618 
0.500000 
0.500000 
2.236068 
2.236068 
1.581139 
1.581139 
1.000000 
1.000000 
3.201562 
3.201562 
2.915476 
2.915476 
4.924429 
4.924429 
3.041381 
3.041381 
3.162278 
3.162278 
0.000000 
0.000000 
0.000000 
0.000000 
2.121320 
2.121320 
2.236068 
2.236068 
1.118034 
1.118034 
2.549510 
2.549510 
1.118034 
1.118034 
0.500000 
0.500000 
2.000000 
2.000000 
1.118034 
1.118034 
1.118034 
1.118034 
3.201562 
3.201562 
2.915476 
2.915476 
4.924429 
4.924429 
3.041381 
3.041381 
43.046487 
43.046487 
0.000000 
0.000000 
0.000000 
0.000000 
1.500000 
1.500000 
12.509996 
12.509996 
1.118034 
1.118034 
3.162278 
3.162278 
1.118034 
1.118034 
1.000000 
1.000000 
2.000000 
2.000000 
1.118034 
1.118034 
3.201562 
3.201562 
2.915476 
2.915476 
4.924429 
4.924429 
8.514693 
8.514693 
0.000000 
0.000000 
0.000000 
0.000000 
0.500000 
0.500000 
13.500000 
13.500000 
1.118034 
1.118034 
5.590170 
5.590170 
1.118034 
1.118034 
1.000000 
1.000000 
0.000000 
0.000000 
0.500000 
0.500000 
3.201562 
3.201562 
4.924429 
4.924429 
6.184658 
6.184658 
0.000000 
0.000000 
0.000000 
0.000000 
0.000000 
0.000000 
2.549510 
2.549510 
1.118034 
1.118034 
13.086252 
13.086252 
1.118034 
1.118034 
1.000000 
1.000000 
0.707107 
0.707107 
0.500000 
0.500000 
3.201562 
3.201562 
4.924429 
4.924429 
35.014283 
35.014283 
0.000000 
0.000000 
0.000000 
0.000000 
0.000000 
0.000000 
0.707107 
0.707107 
2.549510 
2.549510 
1.118034 
1.118034 
10.440307 
10.440307 
1.118034 
1.118034 
1.000000 
1.000000 
1.581139 
1.581139 
0.707107 
0.707107 
3.201562 
3.201562 
4.924429 
4.924429 
44.229515 
44.229515 
5.852350 
5.852350 
0.000000 
0.000000 
0.000000 
0.000000 
0.707107 
0.707107 
2.549510 
2.549510 
6.576473 
6.576473 
1.118034 
1.118034 
1.000000 
1.000000 
1.118034 
1.118034 
0.500000 
0.500000 
3.201562 
3.201562 
4.924429 
4.924429 
9.055385 
9.055385 
0.000000 
0.000000 
5.590170 
5.590170 
0.000000 
0.000000 
0.000000 
0.000000 
0.500000 
0.500000 
2.549510 
2.549510 
18.607794 
18.607794 
1.118034 
1.118034 
1.000000 
1.000000 
1.118034 
1.118034 
0.000000 
0.000000 
3.201562 
3.201562 
4.924429 
4.924429 
3.905125 
3.905125 
0.000000 
0.000000 
4.527693 
4.527693 
14.577380 
14.577380 
0.000000 
0.000000 
0.000000 
0.000000 
1.118034 
1.118034 
2.549510 
2.549510 
9.124144 
9.124144 
1.118034 
1.118034 
1.000000 
1.000000 
9.055385 
9.055385 
0.500000 
0.500000 
3.201562 
3.201562 
4.000000 
4.000000 
2.692582 
2.692582 
5.522681 
5.522681 
7.017834 
7.017834 
0.000000 
0.000000 
0.000000 
0.000000 
1.118034 
1.118034 
2.549510 
2.549510 
8.321658 
8.321658 
1.118034 
1.118034 
1.000000 
1.000000 
3.807887 
3.807887 
0.500000 
0.500000 
3.201562 
3.201562 
3.640055 
3.640055 
1.581139 
1.581139 
16.770510 
16.770510 
3.000000 
3.000000 
0.000000 
0.000000 
0.000000 
0.000000 
2.061553 
2.061553 
2.549510 
2.549510 
33.305405 
33.305405 
1.118034 
1.118034 
1.000000 
1.000000 
3.807887 
3.807887 
0.500000 
0.500000 
3.201562 
3.201562 
5.408327 
5.408327 
1.000000 
1.000000 
2.549510 
2.549510 
20.006249 
20.006249 
0.000000 
0.000000 
0.000000 
0.000000 
0.707107 
0.707107 
2.549510 
2.549510 
4.472136 
4.472136 
1.118034 
1.118034 
1.000000 
1.000000 
3.807887 
3.807887 
1.000000 
1.000000 
3.201562 
3.201562 
4.609772 
4.609772 
2.000000 
2.000000 
3.605551 
3.605551 
3.041381 
3.041381 
0.000000 
0.000000 
0.000000 
0.000000 
0.500000 
0.500000 
2.549510 
2.549510 
33.185087 
33.185087 
1.118034 
1.118034 
1.000000 
1.000000 
15.074813 
15.074813 
0.500000 
0.500000 
3.201562 
3.201562 
6.519202 
6.519202 
1.581139 
1.581139 
1.802776 
1.802776 
1.500000 
1.500000 
0.000000 
0.000000 
0.000000 
0.000000 
1.581139 
1.581139 
2.549510 
2.549510 
33.185087 
33.185087 
1.118034 
1.118034 
1.000000 
1.000000 
0.707107 
0.707107 
0.500000 
0.500000 
3.201562 
3.201562 
1.118034 
1.118034 
