0.000000 
0.000000 
4.031129 
4.031129 
16.194135 
16.194135 
1.118034 
1.118034 
15.132746 
15.132746 
7.071068 
7.071068 
8.514693 
8.514693 
6.576473 
6.576473 
4.000000 
4.000000 
1.118034 
1.118034 
1.500000 
1.500000 
1.802776 
1.802776 
1.118034 
1.118034 
16.031220 
16.031220 
17.117243 
17.117243 
4.123106 
4.123106 
21.213203 
21.213203 
2.061553 
2.061553 
27.504545 
27.504545 
2.549510 
2.549510 
1.000000 
1.000000 
3.162278 
3.162278 
0.000000 
0.000000 
41.149119 
41.149119 
0.000000 
0.000000 
0.000000 
0.000000 
0.000000 
0.000000 
1.500000 
1.500000 
0.000000 
0.000000 
5.590170 
5.590170 
0.000000 
0.000000 
2.500000 
2.500000 
0.000000 
0.000000 
5.590170 
5.590170 
0.000000 
0.000000 
2.500000 
2.500000 
0.000000 
0.000000 
5.590170 
5.590170 
0.000000 
0.000000 
19.906029 
19.906029 
0.000000 
0.000000 
5.590170 
5.590170 
0.000000 
0.000000 
19.906029 
19.906029 
0.000000 
0.000000 
0.000000 
0.000000 
5.590170 
5.590170 
0.000000 
0.000000 
69.001812 
69.001812 
39.051248 
39.051248 
0.000000 
0.000000 
5.590170 
5.590170 
0.000000 
0.000000 
2.692582 
2.692582 
7.433034 
7.433034 
0.000000 
0.000000 
5.590170 
5.590170 
0.000000 
0.000000 
15.692355 
15.692355 
8.514693 
8.514693 
0.000000 
0.000000 
5.590170 
5.590170 
0.000000 
0.000000 
7.826238 
7.826238 
6.184658 
6.184658 
0.000000 
0.000000 
5.590170 
5.590170 
0.000000 
0.000000 
2.828427 
2.828427 
4.716991 
4.716991 
0.000000 
0.000000 
5.590170 
5.590170 
0.000000 
0.000000 
6.041523 
6.041523 
1.802776 
1.802776 
0.000000 
0.000000 
5.590170 
5.590170 
0.000000 
0.000000 
6.519202 
6.519202 
0.500000 
0.500000 
0.000000 
0.000000 
5.590170 
5.590170 
0.000000 
0.000000 
6.184658 
6.184658 
2.061553 
2.061553 
0.000000 
0.000000 
5.590170 
5.590170 
0.000000 
0.000000 
5.700877 
5.700877 
40.031238 
40.031238 
0.000000 
0.000000 
5.590170 
5.590170 
1.581139 
1.581139 
5.147815 
5.147815 
5.590170 
5.590170 
2.549510 
2.549510 
47.066442 
47.066442 
4.123106 
4.123106 
3.605551 
3.605551 
28.111386 
28.111386 
3.500000 
3.500000 
1.581139 
1.581139 
5.408327 
5.408327 
2.915476 
2.915476 
5.408327 
5.408327 
3.905125 
3.905125 
5.408327 
5.408327 
27.865750 
27.865750 
5.408327 
5.408327 
10.307764 
10.307764 
5.408327 
5.408327 
9.013878 
9.013878 
5.408327 
5.408327 
26.043233 
26.043233 
5.408327 
5.408327 
6.519202 
6.519202 
5.408327 
5.408327 
4.609772 
4.609772 
0.000000 
0.000000 
5.408327 
5.408327 
68.007353 
68.007353 
26.004807 
26.004807 
5.408327 
5.408327 
2.692582 
2.692582 
10.547512 
10.547512 
5.408327 
5.408327 
34.091788 
34.091788 
25.773048 
25.773048 
5.408327 
5.408327 
6.324555 
6.324555 
35.556293 
35.556293 
5.408327 
5.408327 
18.248288 
18.248288 
10.062306 
10.062306 
5.408327 
5.408327 
17.007351 
17.007351 
10.062306 
10.062306 
5.408327 
5.408327 
8.062258 
8.062258 
10.062306 
10.062306 
8.381527 
8.381527 
