0.000000 
0.000000 
0.000000 
0.000000 
0.000000 
0.000000 
0.000000 
0.000000 
0.000000 
0.000000 
0.000000 
0.000000 
0.000000 
0.000000 
0.000000 
0.000000 
0.000000 
0.000000 
0.000000 
0.000000 
0.000000 
0.000000 
0.000000 
0.000000 
4.031129 
4.031129 
2.121320 
2.121320 
16.007811 
16.007811 
2.236068 
2.236068 
3.041381 
3.041381 
1.581139 
1.581139 
9.000000 
9.000000 
0.000000 
0.000000 
0.000000 
0.000000 
0.000000 
0.000000 
0.000000 
0.000000 
4.031129 
4.031129 
2.915476 
2.915476 
5.590170 
5.590170 
19.104973 
19.104973 
17.507141 
17.507141 
4.031129 
4.031129 
10.198039 
10.198039 
0.000000 
0.000000 
5.408327 
5.408327 
0.000000 
0.000000 
0.000000 
0.000000 
0.000000 
0.000000 
4.031129 
4.031129 
2.549510 
2.549510 
6.519202 
6.519202 
7.000000 
7.000000 
7.516648 
7.516648 
4.716991 
4.716991 
31.503968 
31.503968 
0.000000 
0.000000 
1.500000 
1.500000 
20.500000 
20.500000 
0.000000 
0.000000 
0.000000 
0.000000 
0.000000 
0.000000 
4.031129 
4.031129 
2.828427 
2.828427 
15.008331 
15.008331 
18.506756 
18.506756 
5.522681 
5.522681 
3.807887 
3.807887 
5.220153 
5.220153 
1.118034 
1.118034 
3.605551 
3.605551 
1.500000 
1.500000 
0.000000 
0.000000 
0.000000 
0.000000 
0.000000 
0.000000 
4.031129 
4.031129 
14.577380 
14.577380 
4.000000 
4.000000 
2.549510 
2.549510 
14.508618 
14.508618 
3.535534 
3.535534 
6.041523 
6.041523 
4.609772 
4.609772 
3.605551 
3.605551 
4.609772 
4.609772 
0.000000 
0.000000 
0.000000 
0.000000 
0.000000 
0.000000 
4.031129 
4.031129 
4.527693 
4.527693 
5.000000 
5.000000 
3.162278 
3.162278 
4.527693 
4.527693 
5.220153 
5.220153 
3.041381 
3.041381 
0.000000 
0.000000 
4.527693 
4.527693 
3.605551 
3.605551 
17.507141 
17.507141 
0.000000 
0.000000 
24.083189 
24.083189 
0.000000 
0.000000 
4.031129 
4.031129 
6.000000 
6.000000 
5.000000 
5.000000 
3.162278 
3.162278 
6.020797 
6.020797 
5.220153 
5.220153 
7.762087 
7.762087 
0.000000 
0.000000 
0.000000 
0.000000 
21.505813 
21.505813 
4.527693 
4.527693 
3.605551 
3.605551 
1.581139 
1.581139 
0.000000 
0.000000 
13.500000 
13.500000 
0.000000 
0.000000 
4.031129 
4.031129 
2.549510 
2.549510 
5.000000 
5.000000 
3.162278 
3.162278 
3.500000 
3.500000 
5.220153 
5.220153 
29.004310 
29.004310 
0.000000 
0.000000 
0.000000 
0.000000 
4.123106 
4.123106 
3.500000 
3.500000 
21.095023 
21.095023 
4.527693 
4.527693 
3.605551 
3.605551 
1.500000 
1.500000 
0.000000 
0.000000 
3.500000 
3.500000 
0.000000 
0.000000 
4.031129 
4.031129 
12.854960 
12.854960 
5.000000 
5.000000 
3.162278 
3.162278 
10.111874 
10.111874 
5.220153 
5.220153 
3.500000 
3.500000 
0.000000 
0.000000 
0.000000 
0.000000 
9.617692 
9.617692 
3.500000 
3.500000 
6.324555 
6.324555 
4.527693 
4.527693 
3.605551 
3.605551 
5.522681 
5.522681 
0.000000 
0.000000 
6.708204 
6.708204 
0.000000 
0.000000 
4.031129 
4.031129 
1.000000 
1.000000 
5.000000 
5.000000 
3.162278 
3.162278 
1.000000 
1.000000 
5.220153 
5.220153 
3.041381 
3.041381 
0.000000 
0.000000 
0.000000 
0.000000 
3.640055 
3.640055 
3.500000 
3.500000 
4.272002 
4.272002 
4.527693 
4.527693 
3.605551 
3.605551 
4.123106 
4.123106 
0.000000 
0.000000 
2.549510 
2.549510 
0.000000 
0.000000 
4.031129 
4.031129 
3.041381 
3.041381 
5.000000 
5.000000 
3.162278 
3.162278 
1.581139 
1.581139 
5.220153 
5.220153 
4.031129 
4.031129 
0.000000 
0.000000 
0.000000 
0.000000 
4.527693 
4.527693 
3.500000 
3.500000 
3.605551 
3.605551 
4.527693 
4.527693 
3.605551 
3.605551 
16.070159 
16.070159 
0.000000 
0.000000 
4.472136 
4.472136 
0.000000 
0.000000 
4.031129 
4.031129 
5.522681 
5.522681 
5.000000 
5.000000 
3.162278 
3.162278 
2.549510 
2.549510 
5.220153 
5.220153 
23.048861 
23.048861 
0.000000 
0.000000 
0.000000 
0.000000 
13.928388 
13.928388 
3.500000 
3.500000 
3.201562 
3.201562 
4.527693 
4.527693 
3.605551 
3.605551 
16.070159 
16.070159 
0.000000 
0.000000 
4.123106 
4.123106 
0.000000 
0.000000 
4.031129 
4.031129 
6.000000 
6.000000 
5.000000 
5.000000 
3.162278 
3.162278 
2.061553 
2.061553 
5.220153 
5.220153 
9.055385 
9.055385 
0.000000 
0.000000 
0.000000 
0.000000 
0.000000 
0.000000 
0.000000 
0.000000 
5.408327 
5.408327 
3.500000 
3.500000 
0.707107 
0.707107 
4.527693 
4.527693 
3.605551 
3.605551 
16.070159 
16.070159 
0.000000 
0.000000 
4.123106 
4.123106 
0.000000 
0.000000 
4.031129 
4.031129 
13.583078 
13.583078 
5.000000 
5.000000 
3.162278 
3.162278 
2.061553 
2.061553 
5.220153 
5.220153 
8.544004 
8.544004 
0.000000 
0.000000 
3.535534 
3.535534 
1.581139 
1.581139 
0.000000 
0.000000 
0.000000 
0.000000 
6.363961 
6.363961 
3.500000 
3.500000 
1.802776 
1.802776 
4.527693 
4.527693 
3.605551 
3.605551 
16.070159 
16.070159 
0.000000 
0.000000 
4.123106 
4.123106 
4.031129 
4.031129 
3.500000 
3.500000 
5.000000 
5.000000 
3.162278 
3.162278 
1.000000 
1.000000 
5.220153 
5.220153 
2.828427 
2.828427 
0.000000 
0.000000 
2.549510 
2.549510 
2.692582 
2.692582 
0.000000 
0.000000 
0.000000 
0.000000 
2.828427 
2.828427 
3.500000 
3.500000 
18.668155 
18.668155 
4.527693 
4.527693 
3.605551 
3.605551 
16.070159 
16.070159 
4.123106 
4.123106 
3.500000 
3.500000 
5.000000 
5.000000 
3.162278 
3.162278 
1.581139 
1.581139 
5.220153 
5.220153 
7.017834 
7.017834 
0.000000 
0.000000 
0.000000 
0.000000 
2.549510 
2.549510 
2.692582 
2.692582 
0.000000 
0.000000 
0.000000 
0.000000 
5.408327 
5.408327 
3.500000 
3.500000 
2.236068 
2.236068 
4.527693 
4.527693 
3.605551 
3.605551 
16.070159 
16.070159 
17.066048 
17.066048 
3.500000 
3.500000 
5.000000 
5.000000 
3.162278 
3.162278 
5.315073 
5.315073 
5.220153 
5.220153 
40.697051 
40.697051 
1.581139 
1.581139 
0.000000 
0.000000 
2.549510 
2.549510 
2.692582 
2.692582 
0.000000 
0.000000 
0.000000 
0.000000 
4.609772 
4.609772 
3.500000 
3.500000 
6.103278 
6.103278 
4.527693 
4.527693 
3.605551 
3.605551 
16.070159 
16.070159 
5.315073 
5.315073 
1.802776 
1.802776 
5.000000 
5.000000 
3.162278 
3.162278 
0.000000 
0.000000 
5.220153 
5.220153 
4.472136 
4.472136 
0.000000 
0.000000 
1.581139 
1.581139 
0.000000 
0.000000 
2.549510 
2.549510 
2.692582 
2.692582 
0.000000 
0.000000 
0.000000 
0.000000 
4.609772 
4.609772 
3.500000 
3.500000 
3.535534 
3.535534 
4.527693 
4.527693 
3.605551 
3.605551 
12.419742 
12.419742 
10.920165 
10.920165 
1.500000 
1.500000 
5.000000 
5.000000 
3.162278 
3.162278 
1.000000 
1.000000 
5.220153 
5.220153 
3.201562 
3.201562 
0.000000 
0.000000 
5.590170 
5.590170 
1.581139 
1.581139 
0.000000 
0.000000 
2.549510 
2.549510 
2.692582 
2.692582 
0.000000 
0.000000 
14.764823 
14.764823 
4.609772 
4.609772 
3.500000 
3.500000 
6.363961 
6.363961 
4.527693 
4.527693 
12.419742 
12.419742 
2.000000 
2.000000 
1.118034 
1.118034 
5.000000 
5.000000 
3.162278 
3.162278 
0.000000 
0.000000 
5.220153 
5.220153 
6.964194 
6.964194 
2.236068 
2.236068 
5.590170 
5.590170 
1.581139 
1.581139 
0.000000 
0.000000 
2.549510 
2.549510 
2.692582 
2.692582 
0.000000 
0.000000 
13.928388 
13.928388 
17.613915 
17.613915 
3.500000 
3.500000 
3.201562 
3.201562 
4.527693 
4.527693 
12.419742 
12.419742 
2.061553 
2.061553 
1.581139 
1.581139 
15.508062 
15.508062 
9.013878 
9.013878 
0.000000 
0.000000 
2.692582 
2.692582 
5.590170 
5.590170 
1.581139 
1.581139 
0.000000 
0.000000 
2.549510 
2.549510 
2.692582 
2.692582 
0.000000 
0.000000 
12.010412 
12.010412 
1.581139 
1.581139 
3.500000 
3.500000 
27.554491 
27.554491 
12.419742 
12.419742 
2.061553 
2.061553 
3.640055 
3.640055 
0.707107 
0.707107 
33.503731 
33.503731 
4.609772 
4.609772 
2.692582 
2.692582 
5.590170 
5.590170 
1.581139 
1.581139 
0.000000 
0.000000 
2.549510 
2.549510 
2.692582 
2.692582 
0.000000 
0.000000 
2.061553 
2.061553 
1.581139 
1.581139 
3.500000 
3.500000 
2.692582 
2.692582 
12.419742 
12.419742 
7.516648 
7.516648 
2.500000 
2.500000 
0.000000 
0.000000 
2.549510 
2.549510 
3.640055 
3.640055 
2.692582 
2.692582 
5.590170 
5.590170 
1.581139 
1.581139 
0.000000 
0.000000 
2.549510 
2.549510 
2.692582 
2.692582 
1.000000 
1.000000 
22.051077 
22.051077 
0.500000 
0.500000 
12.419742 
12.419742 
1.414214 
1.414214 
2.061553 
2.061553 
16.140012 
16.140012 
4.301163 
4.301163 
4.301163 
4.301163 
2.692582 
2.692582 
5.590170 
5.590170 
1.581139 
1.581139 
0.000000 
0.000000 
2.549510 
2.549510 
2.692582 
2.692582 
2.000000 
2.000000 
1.414214 
1.414214 
6.324555 
6.324555 
12.419742 
12.419742 
1.414214 
1.414214 
13.928388 
13.928388 
1.000000 
1.000000 
2.915476 
2.915476 
2.915476 
2.915476 
2.692582 
2.692582 
5.590170 
5.590170 
1.581139 
1.581139 
0.000000 
0.000000 
2.549510 
2.549510 
2.692582 
2.692582 
0.707107 
0.707107 
1.414214 
1.414214 
4.031129 
4.031129 
12.419742 
12.419742 
1.000000 
1.000000 
1.118034 
1.118034 
0.500000 
0.500000 
21.552262 
21.552262 
1.414214 
1.414214 
2.692582 
2.692582 
5.590170 
5.590170 
1.581139 
1.581139 
0.000000 
0.000000 
2.549510 
2.549510 
2.692582 
2.692582 
2.061553 
2.061553 
1.414214 
1.414214 
23.135471 
23.135471 
12.419742 
12.419742 
2.061553 
2.061553 
0.000000 
0.000000 
0.707107 
0.707107 
0.707107 
0.707107 
4.301163 
4.301163 
2.692582 
2.692582 
5.590170 
5.590170 
1.581139 
1.581139 
0.000000 
0.000000 
2.549510 
2.549510 
2.692582 
2.692582 
4.743416 
4.743416 
1.414214 
1.414214 
4.609772 
4.609772 
12.419742 
12.419742 
1.581139 
1.581139 
0.707107 
0.707107 
0.707107 
0.707107 
22.022716 
22.022716 
4.301163 
4.301163 
2.692582 
2.692582 
5.590170 
5.590170 
1.581139 
1.581139 
0.000000 
0.000000 
2.549510 
2.549510 
2.692582 
2.692582 
3.640055 
3.640055 
1.414214 
1.414214 
4.031129 
4.031129 
12.419742 
12.419742 
0.707107 
0.707107 
1.118034 
1.118034 
0.707107 
0.707107 
2.061553 
2.061553 
0.000000 
0.000000 
4.301163 
4.301163 
2.692582 
2.692582 
5.590170 
5.590170 
1.581139 
1.581139 
2.549510 
2.549510 
2.692582 
2.692582 
13.038405 
13.038405 
1.414214 
1.414214 
2.236068 
2.236068 
12.419742 
12.419742 
1.802776 
1.802776 
1.802776 
1.802776 
0.707107 
0.707107 
2.061553 
2.061553 
0.500000 
0.500000 
4.301163 
4.301163 
2.692582 
2.692582 
5.590170 
5.590170 
1.581139 
1.581139 
4.031129 
4.031129 
1.414214 
1.414214 
4.272002 
4.272002 
12.419742 
12.419742 
11.000000 
11.000000 
4.272002 
4.272002 
0.707107 
0.707107 
1.802776 
1.802776 
1.118034 
1.118034 
4.301163 
4.301163 
2.692582 
2.692582 
5.590170 
5.590170 
1.581139 
1.581139 
4.031129 
4.031129 
1.414214 
1.414214 
1.118034 
1.118034 
12.419742 
12.419742 
3.354102 
3.354102 
5.000000 
5.000000 
0.707107 
0.707107 
29.347061 
29.347061 
1.118034 
1.118034 
4.301163 
4.301163 
2.692582 
2.692582 
5.590170 
5.590170 
4.031129 
4.031129 
1.414214 
1.414214 
1.414214 
1.414214 
12.419742 
12.419742 
3.354102 
3.354102 
3.807887 
3.807887 
0.707107 
0.707107 
30.463092 
30.463092 
1.118034 
1.118034 
4.301163 
4.301163 
2.692582 
2.692582 
5.590170 
5.590170 
4.031129 
4.031129 
1.414214 
1.414214 
2.915476 
2.915476 
27.408940 
27.408940 
9.513149 
9.513149 
0.707107 
0.707107 
47.042534 
47.042534 
1.118034 
1.118034 
4.301163 
4.301163 
2.692582 
2.692582 
4.031129 
4.031129 
1.414214 
1.414214 
3.807887 
3.807887 
1.118034 
1.118034 
0.000000 
0.000000 
0.707107 
0.707107 
45.510988 
45.510988 
4.000000 
4.000000 
4.301163 
4.301163 
2.692582 
2.692582 
4.031129 
4.031129 
1.414214 
1.414214 
25.079872 
25.079872 
4.031129 
4.031129 
9.552487 
9.552487 
0.707107 
0.707107 
5.315073 
5.315073 
2.692582 
2.692582 
4.301163 
4.301163 
4.031129 
4.031129 
1.414214 
1.414214 
6.324555 
6.324555 
3.535534 
3.535534 
3.041381 
3.041381 
0.707107 
0.707107 
24.191941 
24.191941 
12.010412 
12.010412 
4.301163 
4.301163 
4.031129 
4.031129 
1.414214 
1.414214 
4.743416 
4.743416 
3.535534 
3.535534 
3.535534 
3.535534 
1.802776 
1.802776 
39.115214 
39.115214 
0.500000 
0.500000 
4.301163 
4.301163 
2.692582 
2.692582 
1.414214 
1.414214 
5.700877 
5.700877 
2.500000 
2.500000 
1.500000 
1.500000 
16.155494 
16.155494 
4.609772 
4.609772 
11.000000 
11.000000 
4.301163 
4.301163 
10.688779 
10.688779 
1.414214 
1.414214 
1.414214 
1.414214 
1.414214 
1.414214 
0.500000 
0.500000 
15.811388 
15.811388 
4.123106 
4.123106 
15.913830 
15.913830 
4.301163 
4.301163 
0.707107 
0.707107 
1.118034 
1.118034 
1.581139 
1.581139 
1.000000 
1.000000 
0.707107 
0.707107 
4.031129 
4.031129 
15.913830 
15.913830 
4.301163 
4.301163 
2.500000 
2.500000 
28.217902 
28.217902 
0.500000 
0.500000 
1.118034 
1.118034 
0.500000 
0.500000 
7.017834 
7.017834 
15.913830 
15.913830 
2.236068 
2.236068 
14.000000 
14.000000 
0.500000 
0.500000 
0.707107 
0.707107 
0.707107 
0.707107 
5.522681 
5.522681 
0.000000 
0.000000 
15.913830 
15.913830 
0.707107 
0.707107 
13.086252 
13.086252 
0.500000 
0.500000 
2.000000 
2.000000 
0.707107 
0.707107 
3.605551 
3.605551 
1.581139 
1.581139 
27.789386 
27.789386 
2.692582 
2.692582 
3.000000 
3.000000 
4.301163 
4.301163 
0.500000 
0.500000 
0.707107 
0.707107 
2.236068 
2.236068 
1.581139 
1.581139 
27.789386 
27.789386 
2.500000 
2.500000 
8.485281 
8.485281 
1.802776 
1.802776 
2.549510 
2.549510 
0.500000 
0.500000 
1.118034 
1.118034 
1.581139 
1.581139 
27.789386 
27.789386 
2.000000 
2.000000 
9.552487 
9.552487 
0.707107 
0.707107 
2.061553 
2.061553 
0.500000 
0.500000 
0.707107 
0.707107 
