0.000000 
0.000000 
0.000000 
0.000000 
0.000000 
0.000000 
0.500000 
0.500000 
7.433034 
7.433034 
4.272002 
4.272002 
1.118034 
1.118034 
7.433034 
7.433034 
6.082763 
6.082763 
1.000000 
1.000000 
7.433034 
7.433034 
6.576473 
6.576473 
1.118034 
1.118034 
7.433034 
7.433034 
6.020797 
6.020797 
0.707107 
0.707107 
8.860023 
8.860023 
4.527693 
4.527693 
0.500000 
0.500000 
5.000000 
5.000000 
3.201562 
3.201562 
0.707107 
0.707107 
2.915476 
2.915476 
1.414214 
1.414214 
1.000000 
1.000000 
4.716991 
4.716991 
12.539936 
12.539936 
1.581139 
1.581139 
14.534442 
14.534442 
1.581139 
1.581139 
1.118034 
1.118034 
3.000000 
3.000000 
0.500000 
0.500000 
7.433034 
7.433034 
6.946222 
6.946222 
21.505813 
21.505813 
2.061553 
2.061553 
5.700877 
5.700877 
20.500000 
20.500000 
2.549510 
2.549510 
4.472136 
4.472136 
2.061553 
2.061553 
2.236068 
2.236068 
4.924429 
4.924429 
4.472136 
4.472136 
2.692582 
2.692582 
2.500000 
2.500000 
8.062258 
8.062258 
1.581139 
1.581139 
3.201562 
3.201562 
11.629703 
11.629703 
1.118034 
1.118034 
3.201562 
3.201562 
7.516648 
7.516648 
1.118034 
1.118034 
2.061553 
2.061553 
3.201562 
3.201562 
1.500000 
1.500000 
5.000000 
5.000000 
5.522681 
5.522681 
0.500000 
0.500000 
4.301163 
4.301163 
8.944272 
8.944272 
0.500000 
0.500000 
7.158911 
7.158911 
18.821530 
18.821530 
0.500000 
0.500000 
3.535534 
3.535534 
4.924429 
4.924429 
0.707107 
0.707107 
4.000000 
4.000000 
6.576473 
6.576473 
1.802776 
1.802776 
3.535534 
3.535534 
6.519202 
6.519202 
2.692582 
2.692582 
3.500000 
3.500000 
7.158911 
7.158911 
3.000000 
3.000000 
16.500000 
16.500000 
4.609772 
4.609772 
2.500000 
2.500000 
2.061553 
2.061553 
7.500000 
7.500000 
8.485281 
8.485281 
3.500000 
3.500000 
5.700877 
5.700877 
1.118034 
1.118034 
2.692582 
2.692582 
16.867128 
16.867128 
1.000000 
1.000000 
3.605551 
3.605551 
5.408327 
5.408327 
2.000000 
2.000000 
3.807887 
3.807887 
2.000000 
2.000000 
1.118034 
1.118034 
2.500000 
2.500000 
4.527693 
4.527693 
1.581139 
1.581139 
1.802776 
1.802776 
2.915476 
2.915476 
7.211103 
7.211103 
2.500000 
2.500000 
1.500000 
1.500000 
3.000000 
3.000000 
0.000000 
0.000000 
4.527693 
4.527693 
3.535534 
3.535534 
1.118034 
1.118034 
19.557607 
19.557607 
2.061553 
2.061553 
3.201562 
3.201562 
2.500000 
2.500000 
8.732125 
8.732125 
4.716991 
4.716991 
5.590170 
5.590170 
2.061553 
2.061553 
4.301163 
4.301163 
5.220153 
5.220153 
2.549510 
2.549510 
2.915476 
2.915476 
5.590170 
5.590170 
3.807887 
3.807887 
2.236068 
2.236068 
7.500000 
7.500000 
4.743416 
4.743416 
30.372685 
30.372685 
3.201562 
3.201562 
16.124515 
16.124515 
8.000000 
8.000000 
2.549510 
2.549510 
9.300538 
9.300538 
8.077747 
8.077747 
6.500000 
6.500000 
1.118034 
1.118034 
8.077747 
8.077747 
11.011358 
11.011358 
2.000000 
2.000000 
3.000000 
3.000000 
44.070965 
44.070965 
0.500000 
0.500000 
4.031129 
4.031129 
11.180340 
11.180340 
0.707107 
0.707107 
21.644861 
21.644861 
45.543935 
45.543935 
0.707107 
0.707107 
27.166155 
27.166155 
2.549510 
2.549510 
0.707107 
0.707107 
7.433034 
7.433034 
7.905694 
7.905694 
1.500000 
1.500000 
7.500000 
7.500000 
9.219544 
9.219544 
3.500000 
3.500000 
3.201562 
3.201562 
7.433034 
7.433034 
4.527693 
4.527693 
2.549510 
2.549510 
18.607794 
18.607794 
5.220153 
5.220153 
1.581139 
1.581139 
9.124144 
9.124144 
11.011358 
11.011358 
1.118034 
1.118034 
13.341664 
13.341664 
2.692582 
2.692582 
2.915476 
2.915476 
6.519202 
6.519202 
3.605551 
3.605551 
4.472136 
4.472136 
29.017236 
29.017236 
