0.000000 
0.000000 
2.915476 
2.915476 
0.707107 
0.707107 
1.118034 
1.118034 
2.121320 
2.121320 
2.500000 
2.500000 
6.800735 
6.800735 
7.382412 
7.382412 
10.012492 
10.012492 
1.581139 
1.581139 
2.692582 
2.692582 
1.802776 
1.802776 
1.802776 
1.802776 
1.500000 
1.500000 
1.414214 
1.414214 
1.118034 
1.118034 
1.802776 
1.802776 
3.201562 
3.201562 
3.535534 
3.535534 
3.041381 
3.041381 
1.118034 
1.118034 
4.924429 
4.924429 
1.118034 
1.118034 
1.118034 
1.118034 
3.500000 
3.500000 
6.726812 
6.726812 
13.647344 
13.647344 
11.768602 
11.768602 
12.041595 
12.041595 
3.605551 
3.605551 
3.201562 
3.201562 
4.031129 
4.031129 
1.000000 
1.000000 
12.658989 
12.658989 
11.101802 
11.101802 
1.000000 
1.000000 
3.000000 
3.000000 
1.802776 
1.802776 
2.549510 
2.549510 
1.500000 
1.500000 
