0.000000 
0.000000 
1.802776 
1.802776 
3.905125 
3.905125 
2.915476 
2.915476 
4.031129 
4.031129 
0.707107 
0.707107 
0.707107 
0.707107 
0.707107 
0.707107 
0.707107 
0.707107 
0.707107 
0.707107 
0.707107 
0.707107 
0.707107 
0.707107 
0.707107 
0.707107 
0.707107 
0.707107 
0.000000 
0.000000 
0.707107 
0.707107 
4.000000 
4.000000 
0.707107 
0.707107 
2.915476 
2.915476 
0.707107 
0.707107 
2.915476 
2.915476 
0.707107 
0.707107 
2.915476 
2.915476 
0.707107 
0.707107 
2.915476 
2.915476 
0.707107 
0.707107 
0.000000 
0.000000 
2.915476 
2.915476 
3.162278 
3.162278 
2.915476 
2.915476 
4.472136 
4.472136 
2.915476 
2.915476 
6.020797 
6.020797 
2.915476 
2.915476 
3.640055 
3.640055 
2.915476 
2.915476 
3.640055 
3.640055 
2.915476 
2.915476 
0.500000 
0.500000 
2.915476 
2.915476 
50.039984 
50.039984 
2.915476 
2.915476 
48.510308 
48.510308 
2.915476 
2.915476 
3.535534 
3.535534 
2.915476 
2.915476 
2.121320 
2.121320 
2.915476 
2.915476 
1.802776 
1.802776 
6.964194 
6.964194 
4.527693 
4.527693 
4.527693 
4.527693 
4.527693 
4.527693 
4.527693 
4.527693 
4.527693 
4.527693 
