0.000000 
0.000000 
0.000000 
0.000000 
0.000000 
0.000000 
0.000000 
0.000000 
9.552487 
9.552487 
0.000000 
0.000000 
1.000000 
1.000000 
0.000000 
0.000000 
7.566373 
7.566373 
0.000000 
0.000000 
0.500000 
0.500000 
0.707107 
0.707107 
0.000000 
0.000000 
23.837995 
23.837995 
3.640055 
3.640055 
0.707107 
0.707107 
1.000000 
1.000000 
0.000000 
0.000000 
0.500000 
0.500000 
4.527693 
4.527693 
0.500000 
0.500000 
1.118034 
1.118034 
0.000000 
0.000000 
0.500000 
0.500000 
5.590170 
5.590170 
0.707107 
0.707107 
2.061553 
2.061553 
0.000000 
0.000000 
22.770595 
22.770595 
0.000000 
0.000000 
17.613915 
17.613915 
1.118034 
1.118034 
2.500000 
2.500000 
0.000000 
0.000000 
1.581139 
1.581139 
0.000000 
0.000000 
1.414214 
1.414214 
6.020797 
6.020797 
0.500000 
0.500000 
2.500000 
2.500000 
0.000000 
0.000000 
19.659603 
19.659603 
0.000000 
0.000000 
0.000000 
0.000000 
26.086395 
26.086395 
0.500000 
0.500000 
2.500000 
2.500000 
0.000000 
0.000000 
0.707107 
0.707107 
0.000000 
0.000000 
0.707107 
0.707107 
11.011358 
11.011358 
0.707107 
0.707107 
2.500000 
2.500000 
0.000000 
0.000000 
1.581139 
1.581139 
0.000000 
0.000000 
0.707107 
0.707107 
2.236068 
2.236068 
0.707107 
0.707107 
2.500000 
2.500000 
0.000000 
0.000000 
3.201562 
3.201562 
0.000000 
0.000000 
0.707107 
0.707107 
4.301163 
4.301163 
0.707107 
0.707107 
2.500000 
2.500000 
0.000000 
0.000000 
9.219544 
9.219544 
0.000000 
0.000000 
0.000000 
0.000000 
0.707107 
0.707107 
4.609772 
4.609772 
0.707107 
0.707107 
2.500000 
2.500000 
0.000000 
0.000000 
9.219544 
9.219544 
2.828427 
2.828427 
0.000000 
0.000000 
0.707107 
0.707107 
4.031129 
4.031129 
0.707107 
0.707107 
2.500000 
2.500000 
0.000000 
0.000000 
40.697051 
40.697051 
2.500000 
2.500000 
0.000000 
0.000000 
0.707107 
0.707107 
4.949747 
4.949747 
0.707107 
0.707107 
2.500000 
2.500000 
1.414214 
1.414214 
1.118034 
1.118034 
0.000000 
0.000000 
0.707107 
0.707107 
3.807887 
3.807887 
0.707107 
0.707107 
2.500000 
2.500000 
2.549510 
2.549510 
1.118034 
1.118034 
0.000000 
0.000000 
0.707107 
0.707107 
3.640055 
3.640055 
0.707107 
0.707107 
2.500000 
2.500000 
1.000000 
1.000000 
1.118034 
1.118034 
0.000000 
0.000000 
0.707107 
0.707107 
3.354102 
3.354102 
0.707107 
0.707107 
2.500000 
2.500000 
2.549510 
2.549510 
1.118034 
1.118034 
0.000000 
0.000000 
0.707107 
0.707107 
3.354102 
3.354102 
0.707107 
0.707107 
2.500000 
2.500000 
2.549510 
2.549510 
1.118034 
1.118034 
0.000000 
0.000000 
0.707107 
0.707107 
1.414214 
1.414214 
0.707107 
0.707107 
2.500000 
2.500000 
3.640055 
3.640055 
1.118034 
1.118034 
0.000000 
0.000000 
0.707107 
0.707107 
2.500000 
2.500000 
0.707107 
0.707107 
2.500000 
2.500000 
3.640055 
3.640055 
1.118034 
1.118034 
0.000000 
0.000000 
0.707107 
0.707107 
1.414214 
1.414214 
0.707107 
0.707107 
3.640055 
3.640055 
1.118034 
1.118034 
0.000000 
0.000000 
0.707107 
0.707107 
1.118034 
1.118034 
0.707107 
0.707107 
3.640055 
3.640055 
1.118034 
1.118034 
0.707107 
0.707107 
1.000000 
1.000000 
0.707107 
0.707107 
19.000000 
19.000000 
1.118034 
1.118034 
1.500000 
1.500000 
1.581139 
1.581139 
1.118034 
1.118034 
1.000000 
1.000000 
4.472136 
4.472136 
1.118034 
1.118034 
0.500000 
0.500000 
6.041523 
6.041523 
1.118034 
1.118034 
19.000000 
19.000000 
4.123106 
4.123106 
1.118034 
1.118034 
18.506756 
18.506756 
3.500000 
3.500000 
1.118034 
1.118034 
1.581139 
1.581139 
1.581139 
1.581139 
0.000000 
0.000000 
0.000000 
0.000000 
1.581139 
1.581139 
4.031129 
4.031129 
1.581139 
1.581139 
2.061553 
2.061553 
1.581139 
1.581139 
3.162278 
3.162278 
1.581139 
1.581139 
1.581139 
1.581139 
1.581139 
1.581139 
14.713939 
14.713939 
1.581139 
1.581139 
1.802776 
1.802776 
1.581139 
1.581139 
1.581139 
1.581139 
1.581139 
1.581139 
9.013878 
9.013878 
1.581139 
1.581139 
2.121320 
2.121320 
1.581139 
1.581139 
4.123106 
4.123106 
1.581139 
1.581139 
3.041381 
3.041381 
1.581139 
1.581139 
4.743416 
4.743416 
1.581139 
1.581139 
3.354102 
3.354102 
0.000000 
0.000000 
1.581139 
1.581139 
6.082763 
6.082763 
1.581139 
1.581139 
5.408327 
5.408327 
1.802776 
1.802776 
1.581139 
1.581139 
6.082763 
6.082763 
1.581139 
1.581139 
3.605551 
3.605551 
