0.000000 
0.000000 
2.500000 
2.500000 
1.118034 
1.118034 
29.261750 
29.261750 
3.041381 
3.041381 
4.527693 
4.527693 
0.500000 
0.500000 
2.500000 
2.500000 
3.041381 
3.041381 
1.581139 
1.581139 
1.581139 
1.581139 
3.535534 
3.535534 
2.915476 
2.915476 
2.828427 
2.828427 
0.500000 
0.500000 
2.061553 
2.061553 
2.000000 
2.000000 
1.500000 
1.500000 
1.118034 
1.118034 
12.649111 
12.649111 
20.518285 
20.518285 
6.519202 
6.519202 
2.236068 
2.236068 
0.707107 
0.707107 
2.000000 
2.000000 
24.083189 
24.083189 
1.802776 
1.802776 
3.162278 
3.162278 
0.000000 
0.000000 
0.707107 
0.707107 
3.162278 
3.162278 
8.062258 
8.062258 
0.000000 
0.000000 
9.552487 
9.552487 
1.118034 
1.118034 
6.020797 
6.020797 
1.118034 
1.118034 
3.535534 
3.535534 
2.121320 
2.121320 
1.581139 
1.581139 
1.118034 
1.118034 
0.500000 
0.500000 
1.802776 
1.802776 
1.118034 
1.118034 
3.000000 
3.000000 
0.500000 
0.500000 
3.041381 
3.041381 
15.628500 
15.628500 
