0.000000 
0.000000 
0.000000 
0.000000 
0.000000 
0.000000 
1.581139 
1.581139 
1.000000 
1.000000 
3.500000 
3.500000 
0.707107 
0.707107 
0.707107 
0.707107 
2.000000 
2.000000 
9.013878 
9.013878 
1.581139 
1.581139 
1.000000 
1.000000 
0.500000 
0.500000 
1.500000 
1.500000 
1.500000 
1.500000 
0.000000 
0.000000 
1.118034 
1.118034 
9.899495 
9.899495 
0.500000 
0.500000 
4.301163 
4.301163 
0.500000 
0.500000 
9.124144 
9.124144 
4.472136 
4.472136 
0.500000 
0.500000 
0.707107 
0.707107 
7.280110 
7.280110 
1.414214 
1.414214 
0.500000 
0.500000 
1.581139 
1.581139 
2.692582 
2.692582 
1.118034 
1.118034 
0.500000 
0.500000 
2.236068 
2.236068 
3.201562 
3.201562 
7.000000 
7.000000 
2.500000 
2.500000 
0.500000 
0.500000 
2.500000 
2.500000 
1.000000 
1.000000 
2.915476 
2.915476 
2.061553 
2.061553 
0.500000 
0.500000 
0.707107 
0.707107 
2.549510 
2.549510 
2.692582 
2.692582 
0.500000 
0.500000 
1.802776 
1.802776 
4.242641 
4.242641 
0.707107 
0.707107 
2.915476 
2.915476 
5.000000 
5.000000 
0.000000 
0.000000 
2.000000 
2.000000 
3.605551 
3.605551 
0.500000 
0.500000 
3.535534 
3.535534 
1.581139 
1.581139 
1.118034 
1.118034 
18.110770 
18.110770 
2.500000 
2.500000 
0.707107 
0.707107 
6.576473 
6.576473 
4.123106 
4.123106 
0.707107 
0.707107 
20.081086 
20.081086 
2.000000 
2.000000 
0.500000 
0.500000 
5.315073 
5.315073 
1.000000 
1.000000 
1.581139 
1.581139 
16.446884 
16.446884 
0.707107 
0.707107 
1.118034 
1.118034 
14.080128 
14.080128 
1.118034 
1.118034 
9.000000 
9.000000 
15.890249 
15.890249 
1.500000 
1.500000 
0.000000 
0.000000 
1.414214 
1.414214 
4.716991 
4.716991 
1.118034 
1.118034 
7.632169 
7.632169 
1.118034 
1.118034 
4.716991 
4.716991 
1.118034 
1.118034 
2.000000 
2.000000 
1.802776 
1.802776 
4.716991 
4.716991 
1.118034 
1.118034 
6.184658 
6.184658 
2.061553 
2.061553 
4.716991 
4.716991 
1.118034 
1.118034 
8.845903 
8.845903 
2.692582 
2.692582 
7.211103 
7.211103 
1.118034 
1.118034 
8.845903 
8.845903 
0.707107 
0.707107 
17.585505 
17.585505 
11.412712 
11.412712 
8.845903 
8.845903 
0.707107 
0.707107 
15.976545 
15.976545 
0.707107 
0.707107 
8.845903 
8.845903 
0.707107 
0.707107 
3.000000 
3.000000 
3.201562 
3.201562 
14.637281 
14.637281 
0.707107 
0.707107 
3.000000 
3.000000 
3.201562 
3.201562 
6.946222 
6.946222 
0.707107 
0.707107 
3.000000 
3.000000 
3.201562 
3.201562 
6.403124 
6.403124 
0.707107 
0.707107 
3.000000 
3.000000 
3.201562 
3.201562 
0.000000 
0.000000 
22.699119 
22.699119 
0.707107 
0.707107 
3.000000 
3.000000 
3.201562 
3.201562 
0.000000 
0.000000 
3.000000 
3.000000 
3.354102 
3.354102 
0.707107 
0.707107 
3.000000 
3.000000 
3.201562 
3.201562 
2.828427 
2.828427 
2.549510 
2.549510 
13.536986 
13.536986 
0.707107 
0.707107 
3.000000 
3.000000 
3.201562 
3.201562 
1.500000 
1.500000 
7.017834 
7.017834 
5.500000 
5.500000 
0.707107 
0.707107 
3.000000 
3.000000 
3.201562 
3.201562 
1.802776 
1.802776 
2.692582 
2.692582 
22.505555 
22.505555 
0.707107 
0.707107 
3.000000 
3.000000 
3.201562 
3.201562 
1.581139 
1.581139 
2.692582 
2.692582 
2.121320 
2.121320 
0.707107 
0.707107 
3.000000 
3.000000 
3.201562 
3.201562 
1.581139 
1.581139 
2.692582 
2.692582 
2.000000 
2.000000 
0.707107 
0.707107 
3.000000 
3.000000 
3.201562 
3.201562 
1.581139 
1.581139 
2.692582 
2.692582 
3.605551 
3.605551 
0.707107 
0.707107 
3.000000 
3.000000 
3.201562 
3.201562 
1.581139 
1.581139 
2.692582 
2.692582 
6.500000 
6.500000 
0.707107 
0.707107 
3.000000 
3.000000 
3.201562 
3.201562 
0.000000 
0.000000 
1.581139 
1.581139 
2.692582 
2.692582 
10.630146 
10.630146 
3.000000 
3.000000 
3.201562 
3.201562 
2.236068 
2.236068 
1.581139 
1.581139 
2.692582 
2.692582 
5.700877 
5.700877 
3.000000 
3.000000 
3.201562 
3.201562 
