0.000000 
0.000000 
4.500000 
4.500000 
3.535534 
3.535534 
3.041381 
3.041381 
6.670832 
6.670832 
5.024938 
5.024938 
2.500000 
2.500000 
3.905125 
3.905125 
2.500000 
2.500000 
3.535534 
3.535534 
5.590170 
5.590170 
4.301163 
4.301163 
3.162278 
3.162278 
3.162278 
3.162278 
3.162278 
3.162278 
3.162278 
3.162278 
3.162278 
3.162278 
3.162278 
3.162278 
40.650953 
40.650953 
4.527693 
4.527693 
4.527693 
4.527693 
4.527693 
4.527693 
4.527693 
4.527693 
4.527693 
4.527693 
4.527693 
4.527693 
4.527693 
4.527693 
30.805844 
30.805844 
2.915476 
2.915476 
7.615773 
7.615773 
5.024938 
5.024938 
5.024938 
5.024938 
5.024938 
5.024938 
5.024938 
5.024938 
5.024938 
5.024938 
5.024938 
5.024938 
34.889110 
34.889110 
2.000000 
2.000000 
4.472136 
4.472136 
20.099751 
20.099751 
20.099751 
20.099751 
