0.000000 
0.000000 
2.236068 
2.236068 
2.828427 
2.828427 
1.000000 
1.000000 
10.547512 
10.547512 
0.707107 
0.707107 
1.118034 
1.118034 
1.581139 
1.581139 
0.000000 
0.000000 
0.500000 
0.500000 
2.061553 
2.061553 
2.061553 
2.061553 
2.236068 
2.236068 
1.000000 
1.000000 
1.000000 
1.000000 
15.033296 
15.033296 
2.061553 
2.061553 
6.020797 
6.020797 
5.590170 
5.590170 
10.511898 
10.511898 
0.000000 
0.000000 
9.552487 
9.552487 
4.949747 
4.949747 
25.005000 
25.005000 
5.830952 
5.830952 
1.000000 
1.000000 
4.609772 
4.609772 
0.500000 
0.500000 
12.747549 
12.747549 
4.527693 
4.527693 
12.747549 
12.747549 
6.324555 
6.324555 
12.747549 
12.747549 
4.000000 
4.000000 
12.747549 
12.747549 
2.692582 
2.692582 
12.747549 
12.747549 
2.061553 
2.061553 
12.747549 
12.747549 
1.118034 
1.118034 
12.747549 
12.747549 
1.802776 
1.802776 
12.747549 
12.747549 
3.162278 
3.162278 
12.747549 
12.747549 
6.184658 
6.184658 
12.747549 
12.747549 
9.013878 
9.013878 
0.000000 
0.000000 
12.747549 
12.747549 
6.500000 
6.500000 
0.000000 
0.000000 
12.747549 
12.747549 
16.620770 
16.620770 
0.000000 
0.000000 
12.747549 
12.747549 
3.807887 
3.807887 
5.700877 
5.700877 
12.747549 
12.747549 
3.354102 
3.354102 
1.581139 
1.581139 
12.747549 
12.747549 
3.162278 
3.162278 
3.905125 
3.905125 
2.500000 
2.500000 
