0.000000 
0.000000 
0.000000 
0.000000 
0.000000 
0.000000 
1.118034 
1.118034 
1.118034 
1.118034 
5.522681 
5.522681 
4.609772 
4.609772 
1.581139 
1.581139 
3.500000 
3.500000 
3.000000 
3.000000 
1.581139 
1.581139 
0.500000 
0.500000 
0.000000 
0.000000 
2.500000 
2.500000 
1.581139 
1.581139 
4.031129 
4.031129 
2.915476 
2.915476 
41.012193 
41.012193 
1.581139 
1.581139 
17.029386 
17.029386 
2.061553 
2.061553 
1.500000 
1.500000 
1.581139 
1.581139 
6.020797 
6.020797 
1.118034 
1.118034 
32.515381 
32.515381 
1.581139 
1.581139 
3.162278 
3.162278 
0.500000 
0.500000 
3.535534 
3.535534 
1.581139 
1.581139 
2.915476 
2.915476 
1.000000 
1.000000 
3.354102 
3.354102 
1.581139 
1.581139 
1.581139 
1.581139 
1.581139 
1.581139 
5.522681 
5.522681 
1.581139 
1.581139 
1.802776 
1.802776 
1.581139 
1.581139 
10.049876 
10.049876 
1.581139 
1.581139 
2.692582 
2.692582 
1.581139 
1.581139 
3.354102 
3.354102 
1.581139 
1.581139 
2.500000 
2.500000 
1.581139 
1.581139 
7.071068 
7.071068 
1.581139 
1.581139 
2.000000 
2.000000 
1.581139 
1.581139 
3.201562 
3.201562 
1.581139 
1.581139 
1.414214 
1.414214 
1.581139 
1.581139 
8.246211 
8.246211 
1.581139 
1.581139 
1.581139 
1.581139 
0.000000 
0.000000 
1.581139 
1.581139 
38.529210 
38.529210 
1.581139 
1.581139 
1.581139 
1.581139 
2.549510 
2.549510 
1.581139 
1.581139 
4.609772 
4.609772 
3.640055 
3.640055 
2.549510 
2.549510 
1.581139 
1.581139 
4.609772 
4.609772 
3.640055 
3.640055 
2.549510 
2.549510 
1.581139 
1.581139 
4.609772 
4.609772 
3.640055 
3.640055 
0.000000 
0.000000 
2.549510 
2.549510 
1.581139 
1.581139 
4.609772 
4.609772 
3.640055 
3.640055 
0.000000 
0.000000 
0.500000 
0.500000 
2.549510 
2.549510 
1.581139 
1.581139 
4.609772 
4.609772 
3.640055 
3.640055 
0.000000 
0.000000 
1.118034 
1.118034 
0.707107 
0.707107 
2.549510 
2.549510 
1.581139 
1.581139 
4.609772 
4.609772 
22.276669 
22.276669 
2.500000 
2.500000 
0.000000 
0.000000 
0.707107 
0.707107 
2.549510 
2.549510 
1.581139 
1.581139 
4.609772 
4.609772 
16.763055 
16.763055 
6.000000 
6.000000 
0.000000 
0.000000 
0.500000 
0.500000 
2.549510 
2.549510 
1.581139 
1.581139 
4.609772 
4.609772 
1.118034 
1.118034 
6.000000 
6.000000 
0.707107 
0.707107 
1.000000 
1.000000 
2.549510 
2.549510 
4.609772 
4.609772 
6.264982 
6.264982 
6.000000 
6.000000 
0.707107 
0.707107 
1.118034 
1.118034 
2.549510 
2.549510 
4.609772 
4.609772 
5.220153 
5.220153 
55.536024 
55.536024 
0.707107 
0.707107 
2.549510 
2.549510 
2.549510 
2.549510 
4.609772 
4.609772 
14.773287 
14.773287 
2.828427 
2.828427 
0.707107 
0.707107 
6.519202 
6.519202 
2.549510 
2.549510 
4.609772 
4.609772 
4.472136 
4.472136 
5.590170 
5.590170 
0.707107 
0.707107 
0.000000 
0.000000 
2.549510 
2.549510 
4.609772 
4.609772 
6.800735 
6.800735 
42.000000 
42.000000 
0.707107 
0.707107 
1.414214 
1.414214 
2.549510 
2.549510 
4.609772 
4.609772 
7.615773 
7.615773 
4.242641 
4.242641 
0.707107 
0.707107 
4.272002 
4.272002 
2.549510 
2.549510 
4.609772 
4.609772 
3.201562 
3.201562 
2.500000 
2.500000 
0.707107 
0.707107 
2.828427 
2.828427 
0.000000 
0.000000 
3.640055 
3.640055 
0.707107 
0.707107 
2.828427 
2.828427 
0.000000 
0.000000 
3.162278 
3.162278 
0.707107 
0.707107 
1.118034 
1.118034 
0.000000 
0.000000 
5.522681 
5.522681 
0.707107 
0.707107 
7.648529 
7.648529 
0.000000 
0.000000 
5.590170 
5.590170 
0.707107 
0.707107 
8.200610 
8.200610 
18.681542 
18.681542 
6.184658 
6.184658 
0.707107 
0.707107 
8.200610 
8.200610 
2.500000 
2.500000 
8.485281 
8.485281 
0.707107 
0.707107 
8.200610 
8.200610 
2.500000 
2.500000 
7.071068 
7.071068 
0.707107 
0.707107 
8.200610 
8.200610 
2.500000 
2.500000 
27.721833 
27.721833 
8.200610 
8.200610 
9.962429 
9.962429 
0.000000 
0.000000 
13.124405 
13.124405 
8.200610 
8.200610 
2.061553 
2.061553 
3.807887 
3.807887 
12.619429 
12.619429 
8.200610 
8.200610 
5.099020 
5.099020 
3.807887 
3.807887 
2.500000 
2.500000 
8.200610 
8.200610 
5.099020 
5.099020 
3.807887 
3.807887 
6.103278 
6.103278 
8.200610 
8.200610 
5.099020 
5.099020 
0.000000 
0.000000 
3.807887 
3.807887 
3.905125 
3.905125 
8.200610 
8.200610 
5.099020 
5.099020 
0.000000 
0.000000 
2.121320 
2.121320 
3.807887 
3.807887 
6.082763 
6.082763 
8.200610 
8.200610 
5.099020 
5.099020 
2.061553 
2.061553 
1.581139 
1.581139 
3.807887 
3.807887 
2.915476 
2.915476 
8.200610 
8.200610 
5.099020 
5.099020 
0.707107 
0.707107 
3.041381 
3.041381 
3.807887 
3.807887 
5.500000 
5.500000 
8.200610 
8.200610 
5.099020 
5.099020 
1.581139 
1.581139 
3.041381 
3.041381 
3.807887 
3.807887 
4.031129 
4.031129 
8.200610 
8.200610 
5.099020 
5.099020 
1.581139 
1.581139 
1.802776 
1.802776 
3.807887 
3.807887 
3.807887 
3.807887 
8.200610 
8.200610 
5.099020 
5.099020 
10.547512 
10.547512 
9.513149 
9.513149 
3.807887 
3.807887 
7.158911 
7.158911 
5.099020 
5.099020 
2.500000 
2.500000 
2.236068 
2.236068 
3.807887 
3.807887 
8.077747 
8.077747 
5.099020 
5.099020 
4.743416 
4.743416 
3.640055 
3.640055 
3.807887 
3.807887 
4.716991 
4.716991 
5.099020 
5.099020 
4.527693 
4.527693 
3.807887 
3.807887 
3.807887 
3.807887 
23.584953 
23.584953 
5.099020 
5.099020 
4.031129 
4.031129 
4.527693 
4.527693 
3.807887 
3.807887 
7.648529 
7.648529 
5.099020 
5.099020 
1.500000 
1.500000 
3.041381 
3.041381 
3.807887 
3.807887 
4.000000 
4.000000 
5.099020 
5.099020 
11.011358 
11.011358 
1.581139 
1.581139 
1.118034 
1.118034 
