0.000000 
0.000000 
27.721833 
27.721833 
5.590170 
5.590170 
5.590170 
5.590170 
0.000000 
0.000000 
5.590170 
5.590170 
1.802776 
1.802776 
5.590170 
5.590170 
6.264982 
6.264982 
5.590170 
5.590170 
9.500000 
9.500000 
5.590170 
5.590170 
2.500000 
2.500000 
5.590170 
5.590170 
5.522681 
5.522681 
44.780018 
44.780018 
9.486833 
9.486833 
1.000000 
1.000000 
4.301163 
4.301163 
4.301163 
4.301163 
31.048349 
31.048349 
3.905125 
3.905125 
14.159802 
14.159802 
3.905125 
3.905125 
15.572412 
15.572412 
3.905125 
3.905125 
0.000000 
0.000000 
3.162278 
3.162278 
3.905125 
3.905125 
8.544004 
8.544004 
2.828427 
2.828427 
3.905125 
3.905125 
5.700877 
5.700877 
2.549510 
2.549510 
3.905125 
3.905125 
6.576473 
6.576473 
2.549510 
2.549510 
3.905125 
3.905125 
5.315073 
5.315073 
2.549510 
2.549510 
3.905125 
3.905125 
30.565503 
30.565503 
2.549510 
2.549510 
3.905125 
3.905125 
30.103986 
30.103986 
2.549510 
2.549510 
3.905125 
3.905125 
5.000000 
5.000000 
52.924474 
52.924474 
3.905125 
3.905125 
3.605551 
3.605551 
52.924474 
52.924474 
3.905125 
3.905125 
0.000000 
0.000000 
3.605551 
3.605551 
52.924474 
52.924474 
3.905125 
3.905125 
50.798622 
50.798622 
3.605551 
3.605551 
52.924474 
52.924474 
3.905125 
3.905125 
3.162278 
3.162278 
3.605551 
3.605551 
12.980755 
12.980755 
3.905125 
3.905125 
1.000000 
1.000000 
3.605551 
3.605551 
27.115494 
27.115494 
1.000000 
1.000000 
3.605551 
3.605551 
27.115494 
27.115494 
1.000000 
1.000000 
3.605551 
3.605551 
27.115494 
27.115494 
1.000000 
1.000000 
3.605551 
3.605551 
27.115494 
27.115494 
0.000000 
0.000000 
1.000000 
1.000000 
3.605551 
3.605551 
27.115494 
27.115494 
4.743416 
4.743416 
1.000000 
1.000000 
3.605551 
3.605551 
27.115494 
27.115494 
10.124228 
10.124228 
1.000000 
1.000000 
3.605551 
3.605551 
27.115494 
27.115494 
43.046487 
43.046487 
1.000000 
1.000000 
3.605551 
3.605551 
27.115494 
27.115494 
4.472136 
4.472136 
1.000000 
1.000000 
3.605551 
3.605551 
27.115494 
27.115494 
4.472136 
4.472136 
1.000000 
1.000000 
3.605551 
3.605551 
27.115494 
27.115494 
4.472136 
4.472136 
1.000000 
1.000000 
3.605551 
3.605551 
27.115494 
27.115494 
4.472136 
4.472136 
1.000000 
1.000000 
27.115494 
27.115494 
4.472136 
4.472136 
1.000000 
1.000000 
27.115494 
27.115494 
