0.000000 
0.000000 
0.000000 
0.000000 
5.099020 
5.099020 
2.121320 
2.121320 
4.609772 
4.609772 
28.071338 
28.071338 
1.802776 
1.802776 
2.500000 
2.500000 
6.363961 
6.363961 
1.581139 
1.581139 
4.031129 
4.031129 
3.605551 
3.605551 
1.500000 
1.500000 
3.640055 
3.640055 
6.800735 
6.800735 
3.041381 
3.041381 
5.408327 
5.408327 
2.828427 
2.828427 
2.828427 
2.828427 
1.414214 
1.414214 
6.324555 
6.324555 
2.500000 
2.500000 
6.324555 
6.324555 
2.500000 
2.500000 
6.324555 
6.324555 
1.581139 
1.581139 
6.324555 
6.324555 
0.000000 
0.000000 
5.315073 
5.315073 
6.324555 
6.324555 
0.000000 
0.000000 
5.315073 
5.315073 
6.324555 
6.324555 
0.000000 
0.000000 
5.315073 
5.315073 
6.324555 
6.324555 
0.000000 
0.000000 
5.315073 
5.315073 
6.264982 
6.264982 
0.000000 
0.000000 
48.010416 
48.010416 
4.924429 
4.924429 
0.000000 
0.000000 
0.707107 
0.707107 
3.605551 
3.605551 
0.000000 
0.000000 
1.802776 
1.802776 
21.476732 
21.476732 
0.000000 
0.000000 
1.414214 
1.414214 
1.000000 
1.000000 
0.000000 
0.000000 
2.549510 
2.549510 
23.194827 
23.194827 
0.000000 
0.000000 
2.549510 
2.549510 
6.041523 
6.041523 
0.000000 
0.000000 
33.000000 
33.000000 
2.692582 
2.692582 
54.644304 
54.644304 
7.566373 
7.566373 
2.692582 
2.692582 
7.106335 
7.106335 
8.732125 
8.732125 
2.692582 
2.692582 
5.522681 
5.522681 
2.500000 
2.500000 
2.692582 
2.692582 
4.301163 
4.301163 
6.184658 
6.184658 
2.692582 
2.692582 
4.301163 
4.301163 
1.802776 
1.802776 
2.692582 
2.692582 
4.301163 
4.301163 
1.802776 
1.802776 
2.692582 
2.692582 
4.301163 
4.301163 
1.802776 
1.802776 
2.692582 
2.692582 
44.002841 
44.002841 
1.802776 
1.802776 
2.692582 
2.692582 
5.147815 
5.147815 
1.802776 
1.802776 
2.692582 
2.692582 
4.949747 
4.949747 
1.802776 
1.802776 
2.692582 
2.692582 
4.949747 
4.949747 
7.433034 
7.433034 
2.692582 
2.692582 
4.949747 
4.949747 
7.433034 
7.433034 
2.692582 
2.692582 
12.175796 
12.175796 
1.802776 
1.802776 
2.692582 
2.692582 
6.946222 
6.946222 
1.118034 
1.118034 
2.692582 
2.692582 
1.802776 
1.802776 
1.118034 
1.118034 
