0.000000 
0.000000 
0.000000 
0.000000 
1.118034 
1.118034 
6.670832 
6.670832 
1.414214 
1.414214 
7.500000 
7.500000 
10.547512 
10.547512 
8.015610 
8.015610 
0.500000 
0.500000 
3.162278 
3.162278 
1.000000 
1.000000 
1.802776 
1.802776 
0.707107 
0.707107 
2.000000 
2.000000 
0.500000 
0.500000 
5.315073 
5.315073 
2.915476 
2.915476 
6.020797 
6.020797 
4.527693 
4.527693 
6.670832 
6.670832 
4.527693 
4.527693 
1.000000 
1.000000 
3.041381 
3.041381 
5.700877 
5.700877 
1.500000 
1.500000 
7.433034 
7.433034 
1.500000 
1.500000 
4.031129 
4.031129 
0.707107 
0.707107 
18.527007 
18.527007 
0.707107 
0.707107 
7.071068 
7.071068 
10.000000 
10.000000 
7.071068 
7.071068 
1.500000 
1.500000 
14.508618 
14.508618 
0.500000 
0.500000 
2.549510 
2.549510 
1.500000 
1.500000 
1.414214 
1.414214 
1.118034 
1.118034 
1.118034 
1.118034 
1.581139 
1.581139 
3.354102 
3.354102 
1.581139 
1.581139 
1.118034 
1.118034 
1.581139 
1.581139 
2.915476 
2.915476 
0.000000 
0.000000 
11.045361 
11.045361 
2.061553 
2.061553 
8.500000 
8.500000 
1.118034 
1.118034 
15.297059 
15.297059 
3.201562 
3.201562 
3.162278 
3.162278 
5.385165 
5.385165 
2.121320 
2.121320 
4.472136 
4.472136 
10.511898 
10.511898 
2.828427 
2.828427 
12.539936 
12.539936 
2.828427 
2.828427 
5.408327 
5.408327 
2.828427 
2.828427 
3.905125 
3.905125 
1.581139 
1.581139 
2.236068 
2.236068 
0.500000 
0.500000 
2.500000 
2.500000 
10.511898 
10.511898 
11.672618 
11.672618 
1.118034 
1.118034 
2.236068 
2.236068 
11.500000 
11.500000 
16.530275 
16.530275 
3.605551 
3.605551 
2.000000 
2.000000 
1.500000 
1.500000 
4.031129 
4.031129 
1.414214 
1.414214 
3.807887 
3.807887 
1.414214 
1.414214 
6.184658 
6.184658 
1.414214 
1.414214 
2.915476 
2.915476 
1.414214 
1.414214 
3.535534 
3.535534 
1.414214 
1.414214 
4.716991 
4.716991 
1.414214 
1.414214 
6.500000 
6.500000 
1.414214 
1.414214 
4.031129 
4.031129 
1.414214 
1.414214 
26.019224 
26.019224 
