0.000000 
0.000000 
1.118034 
1.118034 
0.500000 
0.500000 
0.000000 
0.000000 
0.707107 
0.707107 
2.061553 
2.061553 
1.414214 
1.414214 
0.000000 
0.000000 
2.061553 
2.061553 
1.414214 
1.414214 
0.000000 
0.000000 
2.061553 
2.061553 
0.500000 
0.500000 
0.000000 
0.000000 
2.061553 
2.061553 
0.500000 
0.500000 
0.000000 
0.000000 
2.061553 
2.061553 
0.500000 
0.500000 
0.000000 
0.000000 
2.061553 
2.061553 
1.118034 
1.118034 
0.000000 
0.000000 
2.061553 
2.061553 
2.121320 
2.121320 
0.000000 
0.000000 
0.000000 
0.000000 
2.061553 
2.061553 
2.692582 
2.692582 
0.000000 
0.000000 
0.000000 
0.000000 
0.000000 
0.000000 
2.061553 
2.061553 
2.500000 
2.500000 
3.535534 
3.535534 
0.000000 
0.000000 
0.000000 
0.000000 
2.061553 
2.061553 
2.121320 
2.121320 
0.000000 
0.000000 
0.000000 
0.000000 
3.535534 
3.535534 
0.000000 
0.000000 
0.000000 
0.000000 
2.061553 
2.061553 
6.103278 
6.103278 
3.162278 
3.162278 
6.082763 
6.082763 
3.535534 
3.535534 
0.000000 
0.000000 
0.000000 
0.000000 
2.061553 
2.061553 
1.414214 
1.414214 
3.807887 
3.807887 
6.670832 
6.670832 
3.535534 
3.535534 
0.000000 
0.000000 
0.000000 
0.000000 
2.061553 
2.061553 
4.031129 
4.031129 
0.000000 
0.000000 
3.807887 
3.807887 
19.506409 
19.506409 
3.535534 
3.535534 
0.000000 
0.000000 
0.000000 
0.000000 
2.061553 
2.061553 
7.106335 
7.106335 
2.692582 
2.692582 
3.807887 
3.807887 
6.576473 
6.576473 
3.535534 
3.535534 
0.000000 
0.000000 
0.000000 
0.000000 
2.061553 
2.061553 
2.500000 
2.500000 
0.000000 
0.000000 
2.500000 
2.500000 
3.807887 
3.807887 
4.609772 
4.609772 
3.535534 
3.535534 
0.000000 
0.000000 
0.000000 
0.000000 
2.500000 
2.500000 
1.118034 
1.118034 
1.802776 
1.802776 
3.807887 
3.807887 
12.658989 
12.658989 
3.535534 
3.535534 
0.000000 
0.000000 
2.500000 
2.500000 
1.118034 
1.118034 
2.828427 
2.828427 
3.807887 
3.807887 
3.162278 
3.162278 
3.535534 
3.535534 
0.000000 
0.000000 
2.500000 
2.500000 
1.118034 
1.118034 
1.118034 
1.118034 
3.807887 
3.807887 
3.500000 
3.500000 
3.535534 
3.535534 
0.000000 
0.000000 
2.500000 
2.500000 
0.000000 
0.000000 
1.118034 
1.118034 
1.500000 
1.500000 
3.807887 
3.807887 
3.162278 
3.162278 
3.535534 
3.535534 
0.000000 
0.000000 
2.500000 
2.500000 
4.000000 
4.000000 
1.118034 
1.118034 
0.707107 
0.707107 
3.807887 
3.807887 
3.500000 
3.500000 
3.535534 
3.535534 
0.000000 
0.000000 
2.500000 
2.500000 
0.000000 
0.000000 
4.000000 
4.000000 
1.118034 
1.118034 
1.000000 
1.000000 
3.807887 
3.807887 
15.008331 
15.008331 
3.535534 
3.535534 
0.000000 
0.000000 
2.500000 
2.500000 
2.000000 
2.000000 
4.000000 
4.000000 
1.118034 
1.118034 
1.118034 
1.118034 
3.807887 
3.807887 
6.500000 
6.500000 
3.535534 
3.535534 
2.500000 
2.500000 
0.000000 
0.000000 
2.000000 
2.000000 
4.000000 
4.000000 
1.118034 
1.118034 
1.802776 
1.802776 
3.807887 
3.807887 
6.576473 
6.576473 
3.535534 
3.535534 
2.500000 
2.500000 
4.716991 
4.716991 
2.000000 
2.000000 
4.000000 
4.000000 
1.118034 
1.118034 
1.581139 
1.581139 
3.807887 
3.807887 
12.000000 
12.000000 
2.500000 
2.500000 
0.000000 
0.000000 
9.013878 
9.013878 
2.000000 
2.000000 
4.000000 
4.000000 
1.118034 
1.118034 
3.162278 
3.162278 
3.807887 
3.807887 
5.590170 
5.590170 
2.500000 
2.500000 
2.549510 
2.549510 
3.201562 
3.201562 
2.000000 
2.000000 
4.000000 
4.000000 
1.118034 
1.118034 
2.236068 
2.236068 
3.807887 
3.807887 
5.099020 
5.099020 
2.500000 
2.500000 
0.000000 
0.000000 
0.000000 
0.000000 
2.549510 
2.549510 
3.201562 
3.201562 
2.000000 
2.000000 
4.000000 
4.000000 
1.118034 
1.118034 
1.802776 
1.802776 
22.005681 
22.005681 
2.500000 
2.500000 
2.061553 
2.061553 
3.905125 
3.905125 
2.549510 
2.549510 
3.201562 
3.201562 
2.000000 
2.000000 
4.000000 
4.000000 
1.118034 
1.118034 
0.000000 
0.000000 
5.099020 
5.099020 
2.500000 
2.500000 
1.118034 
1.118034 
9.617692 
9.617692 
2.549510 
2.549510 
3.201562 
3.201562 
2.000000 
2.000000 
4.000000 
4.000000 
1.118034 
1.118034 
5.000000 
5.000000 
3.500000 
3.500000 
5.220153 
5.220153 
8.631338 
8.631338 
2.549510 
2.549510 
3.201562 
3.201562 
2.000000 
2.000000 
4.000000 
4.000000 
1.118034 
1.118034 
1.000000 
1.000000 
20.718349 
20.718349 
1.118034 
1.118034 
2.692582 
2.692582 
2.549510 
2.549510 
3.201562 
3.201562 
2.000000 
2.000000 
4.000000 
4.000000 
1.000000 
1.000000 
3.041381 
3.041381 
1.414214 
1.414214 
2.000000 
2.000000 
2.549510 
2.549510 
3.201562 
3.201562 
2.000000 
2.000000 
4.000000 
4.000000 
1.000000 
1.000000 
1.581139 
1.581139 
0.000000 
0.000000 
11.926860 
11.926860 
0.500000 
0.500000 
2.549510 
2.549510 
3.201562 
3.201562 
2.000000 
2.000000 
4.000000 
4.000000 
1.000000 
1.000000 
1.802776 
1.802776 
12.041595 
12.041595 
1.802776 
1.802776 
1.000000 
1.000000 
2.549510 
2.549510 
3.201562 
3.201562 
2.000000 
2.000000 
4.000000 
4.000000 
1.000000 
1.000000 
2.692582 
2.692582 
