0.000000 
0.000000 
0.000000 
0.000000 
0.000000 
0.000000 
0.000000 
0.000000 
0.000000 
0.000000 
0.000000 
0.000000 
0.000000 
0.000000 
0.000000 
0.000000 
0.000000 
0.000000 
2.915476 
2.915476 
0.707107 
0.707107 
1.118034 
1.118034 
2.549510 
2.549510 
0.000000 
0.000000 
0.000000 
0.000000 
0.000000 
0.000000 
4.609772 
4.609772 
0.000000 
0.000000 
0.000000 
0.000000 
2.915476 
2.915476 
1.118034 
1.118034 
1.118034 
1.118034 
2.549510 
2.549510 
0.500000 
0.500000 
2.500000 
2.500000 
2.236068 
2.236068 
4.609772 
4.609772 
0.000000 
0.000000 
0.000000 
0.000000 
2.915476 
2.915476 
1.581139 
1.581139 
1.118034 
1.118034 
2.549510 
2.549510 
0.000000 
0.000000 
1.802776 
1.802776 
2.549510 
2.549510 
2.236068 
2.236068 
4.609772 
4.609772 
0.000000 
0.000000 
0.000000 
0.000000 
2.915476 
2.915476 
2.000000 
2.000000 
1.118034 
1.118034 
2.549510 
2.549510 
0.000000 
0.000000 
2.236068 
2.236068 
1.802776 
1.802776 
2.500000 
2.500000 
2.236068 
2.236068 
4.609772 
4.609772 
0.000000 
0.000000 
0.000000 
0.000000 
2.915476 
2.915476 
1.581139 
1.581139 
1.118034 
1.118034 
2.549510 
2.549510 
0.000000 
0.000000 
2.121320 
2.121320 
2.236068 
2.236068 
1.802776 
1.802776 
1.581139 
1.581139 
2.236068 
2.236068 
4.609772 
4.609772 
0.000000 
0.000000 
0.000000 
0.000000 
2.915476 
2.915476 
1.581139 
1.581139 
1.118034 
1.118034 
2.549510 
2.549510 
0.000000 
0.000000 
0.500000 
0.500000 
2.236068 
2.236068 
1.802776 
1.802776 
4.031129 
4.031129 
2.236068 
2.236068 
4.609772 
4.609772 
0.000000 
0.000000 
0.000000 
0.000000 
2.915476 
2.915476 
1.581139 
1.581139 
1.118034 
1.118034 
2.549510 
2.549510 
0.000000 
0.000000 
0.000000 
0.000000 
1.802776 
1.802776 
2.236068 
2.236068 
1.802776 
1.802776 
2.549510 
2.549510 
2.236068 
2.236068 
4.609772 
4.609772 
0.000000 
0.000000 
0.000000 
0.000000 
2.915476 
2.915476 
1.581139 
1.581139 
1.118034 
1.118034 
2.549510 
2.549510 
0.000000 
0.000000 
0.000000 
0.000000 
0.000000 
0.000000 
0.000000 
0.000000 
1.802776 
1.802776 
2.236068 
2.236068 
1.802776 
1.802776 
2.000000 
2.000000 
2.236068 
2.236068 
4.609772 
4.609772 
0.000000 
0.000000 
0.000000 
0.000000 
2.915476 
2.915476 
1.581139 
1.581139 
1.118034 
1.118034 
2.549510 
2.549510 
2.236068 
2.236068 
1.414214 
1.414214 
0.000000 
0.000000 
0.000000 
0.000000 
1.802776 
1.802776 
2.236068 
2.236068 
1.802776 
1.802776 
2.061553 
2.061553 
2.236068 
2.236068 
4.609772 
4.609772 
0.000000 
0.000000 
0.000000 
0.000000 
2.915476 
2.915476 
1.581139 
1.581139 
1.118034 
1.118034 
2.549510 
2.549510 
0.000000 
0.000000 
1.802776 
1.802776 
1.414214 
1.414214 
0.000000 
0.000000 
0.000000 
0.000000 
1.802776 
1.802776 
2.236068 
2.236068 
1.802776 
1.802776 
1.118034 
1.118034 
2.236068 
2.236068 
4.609772 
4.609772 
0.000000 
0.000000 
0.000000 
0.000000 
2.915476 
2.915476 
1.581139 
1.581139 
1.118034 
1.118034 
2.549510 
2.549510 
2.000000 
2.000000 
1.802776 
1.802776 
1.414214 
1.414214 
0.000000 
0.000000 
0.000000 
0.000000 
1.802776 
1.802776 
2.236068 
2.236068 
1.802776 
1.802776 
1.118034 
1.118034 
2.236068 
2.236068 
4.609772 
4.609772 
0.000000 
0.000000 
0.000000 
0.000000 
2.915476 
2.915476 
1.581139 
1.581139 
1.118034 
1.118034 
2.549510 
2.549510 
0.000000 
0.000000 
2.000000 
2.000000 
1.802776 
1.802776 
1.414214 
1.414214 
0.000000 
0.000000 
0.000000 
0.000000 
1.802776 
1.802776 
2.236068 
2.236068 
1.802776 
1.802776 
0.707107 
0.707107 
2.236068 
2.236068 
4.609772 
4.609772 
0.000000 
0.000000 
0.000000 
0.000000 
2.915476 
2.915476 
1.581139 
1.581139 
1.118034 
1.118034 
2.549510 
2.549510 
0.000000 
0.000000 
0.000000 
0.000000 
0.000000 
0.000000 
0.000000 
0.000000 
2.000000 
2.000000 
1.802776 
1.802776 
1.414214 
1.414214 
0.000000 
0.000000 
0.000000 
0.000000 
1.802776 
1.802776 
2.236068 
2.236068 
1.802776 
1.802776 
1.000000 
1.000000 
2.236068 
2.236068 
4.609772 
4.609772 
0.000000 
0.000000 
0.000000 
0.000000 
2.915476 
2.915476 
1.581139 
1.581139 
1.118034 
1.118034 
2.549510 
2.549510 
0.000000 
0.000000 
0.000000 
0.000000 
0.000000 
0.000000 
1.500000 
1.500000 
0.000000 
0.000000 
2.000000 
2.000000 
1.802776 
1.802776 
1.414214 
1.414214 
0.000000 
0.000000 
0.000000 
0.000000 
1.802776 
1.802776 
2.236068 
2.236068 
1.802776 
1.802776 
6.576473 
6.576473 
2.236068 
2.236068 
4.609772 
4.609772 
2.915476 
2.915476 
1.581139 
1.581139 
1.118034 
1.118034 
2.549510 
2.549510 
0.000000 
0.000000 
0.000000 
0.000000 
0.000000 
0.000000 
0.000000 
0.000000 
1.500000 
1.500000 
0.000000 
0.000000 
2.000000 
2.000000 
1.802776 
1.802776 
1.414214 
1.414214 
0.000000 
0.000000 
0.000000 
0.000000 
1.802776 
1.802776 
2.236068 
2.236068 
1.802776 
1.802776 
1.118034 
1.118034 
2.236068 
2.236068 
4.609772 
4.609772 
1.581139 
1.581139 
2.692582 
2.692582 
0.000000 
0.000000 
0.000000 
0.000000 
0.000000 
0.000000 
1.500000 
1.500000 
0.000000 
0.000000 
2.000000 
2.000000 
1.802776 
1.802776 
1.414214 
1.414214 
0.000000 
0.000000 
0.000000 
0.000000 
1.802776 
1.802776 
2.236068 
2.236068 
1.802776 
1.802776 
5.147815 
5.147815 
2.236068 
2.236068 
1.581139 
1.581139 
0.000000 
0.000000 
2.692582 
2.692582 
0.000000 
0.000000 
0.000000 
0.000000 
0.000000 
0.000000 
1.500000 
1.500000 
0.000000 
0.000000 
2.000000 
2.000000 
1.802776 
1.802776 
1.414214 
1.414214 
0.000000 
0.000000 
0.000000 
0.000000 
1.802776 
1.802776 
2.236068 
2.236068 
1.802776 
1.802776 
2.236068 
2.236068 
1.581139 
1.581139 
0.000000 
0.000000 
0.000000 
0.000000 
2.236068 
2.236068 
2.692582 
2.692582 
0.000000 
0.000000 
0.000000 
0.000000 
0.000000 
0.000000 
1.500000 
1.500000 
0.000000 
0.000000 
2.000000 
2.000000 
1.802776 
1.802776 
1.414214 
1.414214 
0.000000 
0.000000 
0.000000 
0.000000 
1.802776 
1.802776 
2.236068 
2.236068 
1.118034 
1.118034 
1.581139 
1.581139 
0.000000 
0.000000 
0.000000 
0.000000 
2.061553 
2.061553 
1.581139 
1.581139 
1.802776 
1.802776 
2.692582 
2.692582 
0.000000 
0.000000 
0.000000 
0.000000 
0.000000 
0.000000 
1.500000 
1.500000 
0.000000 
0.000000 
2.000000 
2.000000 
1.802776 
1.802776 
1.414214 
1.414214 
0.000000 
0.000000 
0.000000 
0.000000 
1.802776 
1.802776 
1.802776 
1.802776 
0.000000 
0.000000 
0.000000 
0.000000 
0.000000 
0.000000 
2.061553 
2.061553 
6.020797 
6.020797 
1.802776 
1.802776 
2.692582 
2.692582 
0.000000 
0.000000 
0.000000 
0.000000 
0.000000 
0.000000 
1.500000 
1.500000 
0.000000 
0.000000 
2.000000 
2.000000 
1.802776 
1.802776 
1.414214 
1.414214 
0.000000 
0.000000 
1.802776 
1.802776 
1.581139 
1.581139 
0.000000 
0.000000 
3.905125 
3.905125 
0.000000 
0.000000 
0.000000 
0.000000 
2.061553 
2.061553 
2.121320 
2.121320 
4.743416 
4.743416 
2.692582 
2.692582 
0.000000 
0.000000 
0.000000 
0.000000 
0.000000 
0.000000 
1.500000 
1.500000 
0.000000 
0.000000 
2.000000 
2.000000 
1.802776 
1.802776 
1.414214 
1.414214 
0.000000 
0.000000 
1.802776 
1.802776 
2.000000 
2.000000 
0.000000 
0.000000 
0.000000 
0.000000 
3.162278 
3.162278 
3.905125 
3.905125 
0.000000 
0.000000 
0.000000 
0.000000 
2.061553 
2.061553 
2.121320 
2.121320 
3.162278 
3.162278 
2.692582 
2.692582 
0.000000 
0.000000 
0.000000 
0.000000 
0.000000 
0.000000 
1.500000 
1.500000 
0.000000 
0.000000 
2.000000 
2.000000 
1.802776 
1.802776 
1.414214 
1.414214 
1.581139 
1.581139 
0.000000 
0.000000 
1.802776 
1.802776 
3.354102 
3.354102 
4.743416 
4.743416 
3.905125 
3.905125 
0.000000 
0.000000 
0.000000 
0.000000 
2.061553 
2.061553 
2.121320 
2.121320 
2.549510 
2.549510 
2.692582 
2.692582 
0.000000 
0.000000 
0.000000 
0.000000 
0.000000 
0.000000 
1.500000 
1.500000 
0.000000 
0.000000 
2.000000 
2.000000 
1.802776 
1.802776 
1.414214 
1.414214 
7.158911 
7.158911 
0.000000 
0.000000 
2.121320 
2.121320 
5.590170 
5.590170 
3.354102 
3.354102 
5.522681 
5.522681 
3.905125 
3.905125 
0.000000 
0.000000 
0.000000 
0.000000 
2.061553 
2.061553 
2.121320 
2.121320 
3.041381 
3.041381 
2.692582 
2.692582 
0.000000 
0.000000 
0.000000 
0.000000 
0.000000 
0.000000 
1.500000 
1.500000 
0.000000 
0.000000 
2.000000 
2.000000 
1.802776 
1.802776 
1.500000 
1.500000 
5.590170 
5.590170 
2.121320 
2.121320 
3.535534 
3.535534 
3.354102 
3.354102 
5.522681 
5.522681 
3.905125 
3.905125 
0.000000 
0.000000 
0.000000 
0.000000 
2.061553 
2.061553 
2.121320 
2.121320 
1.500000 
1.500000 
2.692582 
2.692582 
0.000000 
0.000000 
0.000000 
0.000000 
0.000000 
0.000000 
1.500000 
1.500000 
0.000000 
0.000000 
2.000000 
2.000000 
2.061553 
2.061553 
3.605551 
3.605551 
2.121320 
2.121320 
1.581139 
1.581139 
3.354102 
3.354102 
5.522681 
5.522681 
3.905125 
3.905125 
0.000000 
0.000000 
0.000000 
0.000000 
2.061553 
2.061553 
2.121320 
2.121320 
5.500000 
5.500000 
2.692582 
2.692582 
0.000000 
0.000000 
0.000000 
0.000000 
0.000000 
0.000000 
1.500000 
1.500000 
0.000000 
0.000000 
1.581139 
1.581139 
2.500000 
2.500000 
2.121320 
2.121320 
4.272002 
4.272002 
3.354102 
3.354102 
5.522681 
5.522681 
3.905125 
3.905125 
0.000000 
0.000000 
0.000000 
0.000000 
2.061553 
2.061553 
2.121320 
2.121320 
2.692582 
2.692582 
2.692582 
2.692582 
0.000000 
0.000000 
0.000000 
0.000000 
0.000000 
0.000000 
1.500000 
1.500000 
1.118034 
1.118034 
5.220153 
5.220153 
2.121320 
2.121320 
3.162278 
3.162278 
3.354102 
3.354102 
5.522681 
5.522681 
3.905125 
3.905125 
0.000000 
0.000000 
0.000000 
0.000000 
2.061553 
2.061553 
2.121320 
2.121320 
1.581139 
1.581139 
2.692582 
2.692582 
0.000000 
0.000000 
1.500000 
1.500000 
1.581139 
1.581139 
0.000000 
0.000000 
0.000000 
0.000000 
3.041381 
3.041381 
2.121320 
2.121320 
1.414214 
1.414214 
3.354102 
3.354102 
6.670832 
6.670832 
3.905125 
3.905125 
0.000000 
0.000000 
0.000000 
0.000000 
2.061553 
2.061553 
2.121320 
2.121320 
1.581139 
1.581139 
2.692582 
2.692582 
1.414214 
1.414214 
0.000000 
0.000000 
1.118034 
1.118034 
0.707107 
0.707107 
1.802776 
1.802776 
2.121320 
2.121320 
1.581139 
1.581139 
3.354102 
3.354102 
0.500000 
0.500000 
3.905125 
3.905125 
0.000000 
0.000000 
0.000000 
0.000000 
2.061553 
2.061553 
2.121320 
2.121320 
1.414214 
1.414214 
2.692582 
2.692582 
1.000000 
1.000000 
0.000000 
0.000000 
0.500000 
0.500000 
1.118034 
1.118034 
1.118034 
1.118034 
1.802776 
1.802776 
2.121320 
2.121320 
1.581139 
1.581139 
3.354102 
3.354102 
2.061553 
2.061553 
3.905125 
3.905125 
0.000000 
0.000000 
0.000000 
0.000000 
2.061553 
2.061553 
2.121320 
2.121320 
1.802776 
1.802776 
2.061553 
2.061553 
2.236068 
2.236068 
0.000000 
0.000000 
1.118034 
1.118034 
1.000000 
1.000000 
1.802776 
1.802776 
2.121320 
2.121320 
1.118034 
1.118034 
3.354102 
3.354102 
0.707107 
0.707107 
3.905125 
3.905125 
0.000000 
0.000000 
0.000000 
0.000000 
2.061553 
2.061553 
2.121320 
2.121320 
0.707107 
0.707107 
0.500000 
0.500000 
0.000000 
0.000000 
2.236068 
2.236068 
0.000000 
0.000000 
1.118034 
1.118034 
0.500000 
0.500000 
1.802776 
1.802776 
2.121320 
2.121320 
3.354102 
3.354102 
3.354102 
3.354102 
4.000000 
4.000000 
3.905125 
3.905125 
0.000000 
0.000000 
0.000000 
0.000000 
2.061553 
2.061553 
2.121320 
2.121320 
3.640055 
3.640055 
1.581139 
1.581139 
0.000000 
0.000000 
1.118034 
1.118034 
4.743416 
4.743416 
0.500000 
0.500000 
1.118034 
1.118034 
2.500000 
2.500000 
1.802776 
1.802776 
2.121320 
2.121320 
0.707107 
0.707107 
3.354102 
3.354102 
1.118034 
1.118034 
3.905125 
3.905125 
2.121320 
2.121320 
1.581139 
1.581139 
0.000000 
0.000000 
0.000000 
0.000000 
0.000000 
0.000000 
0.500000 
0.500000 
2.121320 
2.121320 
0.500000 
0.500000 
1.118034 
1.118034 
0.000000 
0.000000 
1.802776 
1.802776 
2.121320 
2.121320 
1.118034 
1.118034 
3.354102 
3.354102 
0.500000 
0.500000 
3.905125 
3.905125 
2.121320 
2.121320 
1.000000 
1.000000 
1.581139 
1.581139 
0.000000 
0.000000 
0.500000 
0.500000 
0.500000 
0.500000 
0.500000 
0.500000 
1.414214 
1.414214 
0.500000 
0.500000 
1.118034 
1.118034 
0.500000 
0.500000 
1.802776 
1.802776 
2.121320 
2.121320 
0.707107 
0.707107 
3.354102 
3.354102 
0.707107 
0.707107 
0.500000 
0.500000 
0.707107 
0.707107 
0.000000 
0.000000 
0.500000 
0.500000 
0.500000 
0.500000 
0.000000 
0.000000 
0.000000 
0.000000 
1.414214 
1.414214 
3.041381 
3.041381 
1.118034 
1.118034 
0.500000 
0.500000 
1.802776 
1.802776 
2.121320 
2.121320 
0.707107 
0.707107 
3.354102 
3.354102 
4.500000 
4.500000 
0.500000 
0.500000 
0.707107 
0.707107 
