0.000000 
0.000000 
0.000000 
0.000000 
0.000000 
0.000000 
0.000000 
0.000000 
0.000000 
0.000000 
0.000000 
0.000000 
1.118034 
1.118034 
0.707107 
0.707107 
0.707107 
0.707107 
1.000000 
1.000000 
4.000000 
4.000000 
0.000000 
0.000000 
8.015610 
8.015610 
1.581139 
1.581139 
1.000000 
1.000000 
0.707107 
0.707107 
0.500000 
0.500000 
1.000000 
1.000000 
1.118034 
1.118034 
1.118034 
1.118034 
1.118034 
1.118034 
4.031129 
4.031129 
1.118034 
1.118034 
1.118034 
1.118034 
1.000000 
1.000000 
0.500000 
0.500000 
0.000000 
0.000000 
1.118034 
1.118034 
1.581139 
1.581139 
0.707107 
0.707107 
1.118034 
1.118034 
1.118034 
1.118034 
0.707107 
0.707107 
1.000000 
1.000000 
1.000000 
1.000000 
1.118034 
1.118034 
0.707107 
0.707107 
0.707107 
0.707107 
0.707107 
0.707107 
0.500000 
0.500000 
1.414214 
1.414214 
0.000000 
0.000000 
2.121320 
2.121320 
0.707107 
0.707107 
0.500000 
0.500000 
1.118034 
1.118034 
0.500000 
0.500000 
0.500000 
0.500000 
1.118034 
1.118034 
0.707107 
0.707107 
0.500000 
0.500000 
1.118034 
1.118034 
1.118034 
1.118034 
0.707107 
0.707107 
10.547512 
10.547512 
0.707107 
0.707107 
0.707107 
0.707107 
0.500000 
0.500000 
5.000000 
5.000000 
0.500000 
0.500000 
0.500000 
0.500000 
0.707107 
0.707107 
0.707107 
0.707107 
0.000000 
0.000000 
0.500000 
0.500000 
0.500000 
0.500000 
0.500000 
0.500000 
0.707107 
0.707107 
1.000000 
1.000000 
0.707107 
0.707107 
0.500000 
0.500000 
0.500000 
0.500000 
0.000000 
0.000000 
0.000000 
0.000000 
0.500000 
0.500000 
0.707107 
0.707107 
0.707107 
0.707107 
0.500000 
0.500000 
1.581139 
1.581139 
1.000000 
1.000000 
1.414214 
1.414214 
1.581139 
1.581139 
0.500000 
0.500000 
0.707107 
0.707107 
5.024938 
5.024938 
1.414214 
1.414214 
1.118034 
1.118034 
0.500000 
0.500000 
0.500000 
0.500000 
2.236068 
2.236068 
0.500000 
0.500000 
0.707107 
0.707107 
1.000000 
1.000000 
1.802776 
1.802776 
1.118034 
1.118034 
2.549510 
2.549510 
0.500000 
0.500000 
1.414214 
1.414214 
0.500000 
0.500000 
0.707107 
0.707107 
0.500000 
0.500000 
1.118034 
1.118034 
1.500000 
1.500000 
0.500000 
0.500000 
0.500000 
0.500000 
1.118034 
1.118034 
0.500000 
0.500000 
0.707107 
0.707107 
0.500000 
0.500000 
0.707107 
0.707107 
1.414214 
1.414214 
0.500000 
0.500000 
0.000000 
0.000000 
0.500000 
0.500000 
4.609772 
4.609772 
0.500000 
0.500000 
0.707107 
0.707107 
0.707107 
0.707107 
4.031129 
4.031129 
0.500000 
0.500000 
0.707107 
0.707107 
1.581139 
1.581139 
0.500000 
0.500000 
0.707107 
0.707107 
0.500000 
0.500000 
0.707107 
0.707107 
0.707107 
0.707107 
5.024938 
5.024938 
1.118034 
1.118034 
0.500000 
0.500000 
0.500000 
0.500000 
0.500000 
0.500000 
2.061553 
2.061553 
0.500000 
0.500000 
0.707107 
0.707107 
1.000000 
1.000000 
0.707107 
0.707107 
0.500000 
0.500000 
0.500000 
0.500000 
0.707107 
0.707107 
2.061553 
2.061553 
0.500000 
0.500000 
0.500000 
0.500000 
0.707107 
0.707107 
0.500000 
0.500000 
4.000000 
4.000000 
1.000000 
1.000000 
1.414214 
1.414214 
5.522681 
5.522681 
1.118034 
1.118034 
5.099020 
5.099020 
0.500000 
0.500000 
0.000000 
0.000000 
1.581139 
1.581139 
1.000000 
1.000000 
1.118034 
1.118034 
0.707107 
0.707107 
1.118034 
1.118034 
1.118034 
1.118034 
0.500000 
0.500000 
0.707107 
0.707107 
1.581139 
1.581139 
3.500000 
3.500000 
1.581139 
1.581139 
7.280110 
7.280110 
1.118034 
1.118034 
1.581139 
1.581139 
0.500000 
0.500000 
0.500000 
0.500000 
0.500000 
0.500000 
0.000000 
0.000000 
1.802776 
1.802776 
7.158911 
7.158911 
0.707107 
0.707107 
1.802776 
1.802776 
0.500000 
0.500000 
0.000000 
0.000000 
0.500000 
0.500000 
1.118034 
1.118034 
1.802776 
1.802776 
1.000000 
1.000000 
0.707107 
0.707107 
1.581139 
1.581139 
0.500000 
0.500000 
0.500000 
0.500000 
0.707107 
0.707107 
0.000000 
0.000000 
1.414214 
1.414214 
1.000000 
1.000000 
0.500000 
0.500000 
1.414214 
1.414214 
0.500000 
0.500000 
0.707107 
0.707107 
0.707107 
0.707107 
1.414214 
1.414214 
1.118034 
1.118034 
0.500000 
0.500000 
1.802776 
1.802776 
0.500000 
0.500000 
1.000000 
1.000000 
0.707107 
0.707107 
1.414214 
1.414214 
1.118034 
1.118034 
4.924429 
4.924429 
1.581139 
1.581139 
0.500000 
0.500000 
0.707107 
0.707107 
0.500000 
0.500000 
7.071068 
7.071068 
1.118034 
1.118034 
1.118034 
1.118034 
1.414214 
1.414214 
2.000000 
2.000000 
1.802776 
1.802776 
1.414214 
1.414214 
7.071068 
7.071068 
1.118034 
1.118034 
0.500000 
0.500000 
4.500000 
4.500000 
0.500000 
0.500000 
2.061553 
2.061553 
2.061553 
2.061553 
7.071068 
7.071068 
1.118034 
1.118034 
0.500000 
0.500000 
5.590170 
5.590170 
0.500000 
0.500000 
1.414214 
1.414214 
1.500000 
1.500000 
7.071068 
7.071068 
1.118034 
1.118034 
1.118034 
1.118034 
1.000000 
1.000000 
0.500000 
0.500000 
0.500000 
0.500000 
1.118034 
1.118034 
7.071068 
7.071068 
1.118034 
1.118034 
0.500000 
0.500000 
1.000000 
1.000000 
0.500000 
0.500000 
0.707107 
0.707107 
0.707107 
0.707107 
7.071068 
7.071068 
1.118034 
1.118034 
0.000000 
0.000000 
1.118034 
1.118034 
0.500000 
0.500000 
1.000000 
1.000000 
1.500000 
1.500000 
7.071068 
7.071068 
1.118034 
1.118034 
0.000000 
0.000000 
1.500000 
1.500000 
0.500000 
0.500000 
0.500000 
0.500000 
1.000000 
1.000000 
7.071068 
7.071068 
1.118034 
1.118034 
0.707107 
0.707107 
1.000000 
1.000000 
0.500000 
0.500000 
0.500000 
0.500000 
1.500000 
1.500000 
7.071068 
7.071068 
1.118034 
1.118034 
0.707107 
0.707107 
0.500000 
0.500000 
0.500000 
0.500000 
0.000000 
0.000000 
0.500000 
0.500000 
7.071068 
7.071068 
1.118034 
1.118034 
0.707107 
0.707107 
0.500000 
0.500000 
0.500000 
0.500000 
0.000000 
0.000000 
3.500000 
3.500000 
7.071068 
7.071068 
