0.000000 
0.000000 
0.000000 
0.000000 
0.000000 
0.000000 
1.414214 
1.414214 
1.000000 
1.000000 
0.707107 
0.707107 
1.500000 
1.500000 
0.707107 
0.707107 
1.118034 
1.118034 
1.581139 
1.581139 
1.000000 
1.000000 
0.707107 
0.707107 
0.707107 
0.707107 
0.707107 
0.707107 
0.000000 
0.000000 
0.000000 
0.000000 
0.500000 
0.500000 
2.000000 
2.000000 
0.500000 
0.500000 
0.000000 
0.000000 
0.500000 
0.500000 
0.500000 
0.500000 
1.581139 
1.581139 
1.000000 
1.000000 
0.000000 
0.000000 
0.000000 
0.000000 
0.000000 
0.000000 
0.707107 
0.707107 
1.000000 
1.000000 
0.000000 
0.000000 
2.549510 
2.549510 
1.000000 
1.000000 
0.500000 
0.500000 
0.500000 
0.500000 
0.000000 
0.000000 
0.000000 
0.000000 
1.000000 
1.000000 
0.707107 
0.707107 
1.000000 
1.000000 
0.000000 
0.000000 
1.000000 
1.000000 
2.500000 
2.500000 
0.500000 
0.500000 
1.118034 
1.118034 
0.000000 
0.000000 
0.000000 
0.000000 
0.707107 
0.707107 
1.118034 
1.118034 
0.500000 
0.500000 
1.118034 
1.118034 
0.000000 
0.000000 
0.000000 
0.000000 
0.000000 
0.000000 
2.692582 
2.692582 
3.041381 
3.041381 
0.707107 
0.707107 
1.118034 
1.118034 
1.118034 
1.118034 
0.500000 
0.500000 
0.000000 
0.000000 
0.707107 
0.707107 
1.118034 
1.118034 
0.500000 
0.500000 
1.118034 
1.118034 
1.000000 
1.000000 
0.000000 
0.000000 
0.000000 
0.000000 
1.118034 
1.118034 
1.000000 
1.000000 
0.500000 
0.500000 
1.118034 
1.118034 
0.000000 
0.000000 
1.500000 
1.500000 
0.500000 
0.500000 
0.000000 
0.000000 
1.000000 
1.000000 
1.000000 
1.000000 
0.500000 
0.500000 
1.118034 
1.118034 
0.000000 
0.000000 
1.500000 
1.500000 
0.000000 
0.000000 
0.000000 
0.000000 
1.118034 
1.118034 
1.000000 
1.000000 
0.000000 
0.000000 
1.118034 
1.118034 
0.000000 
0.000000 
0.707107 
0.707107 
1.500000 
1.500000 
0.500000 
0.500000 
0.000000 
0.000000 
1.118034 
1.118034 
1.000000 
1.000000 
2.061553 
2.061553 
1.118034 
1.118034 
1.500000 
1.500000 
0.707107 
0.707107 
1.500000 
1.500000 
0.500000 
0.500000 
0.000000 
0.000000 
4.000000 
4.000000 
1.000000 
1.000000 
0.000000 
0.000000 
1.118034 
1.118034 
1.118034 
1.118034 
0.707107 
0.707107 
1.500000 
1.500000 
0.500000 
0.500000 
0.000000 
0.000000 
0.500000 
0.500000 
1.000000 
1.000000 
1.000000 
1.000000 
1.118034 
1.118034 
0.000000 
0.000000 
1.500000 
1.500000 
0.707107 
0.707107 
1.500000 
1.500000 
0.500000 
0.500000 
1.118034 
1.118034 
1.000000 
1.000000 
1.500000 
1.500000 
1.118034 
1.118034 
0.000000 
0.000000 
0.500000 
0.500000 
1.500000 
1.500000 
0.707107 
0.707107 
1.500000 
1.500000 
0.500000 
0.500000 
1.500000 
1.500000 
1.000000 
1.000000 
0.500000 
0.500000 
1.118034 
1.118034 
1.000000 
1.000000 
0.707107 
0.707107 
1.500000 
1.500000 
0.707107 
0.707107 
1.500000 
1.500000 
0.500000 
0.500000 
1.500000 
1.500000 
1.000000 
1.000000 
0.707107 
0.707107 
1.118034 
1.118034 
0.000000 
0.000000 
1.802776 
1.802776 
1.000000 
1.000000 
1.500000 
1.500000 
0.707107 
0.707107 
1.500000 
1.500000 
0.500000 
0.500000 
1.500000 
1.500000 
1.000000 
1.000000 
0.500000 
0.500000 
1.118034 
1.118034 
0.000000 
0.000000 
1.000000 
1.000000 
1.000000 
1.000000 
1.500000 
1.500000 
0.707107 
0.707107 
1.500000 
1.500000 
0.500000 
0.500000 
1.500000 
1.500000 
1.000000 
1.000000 
0.500000 
0.500000 
1.118034 
1.118034 
0.000000 
0.000000 
1.000000 
1.000000 
1.000000 
1.000000 
1.500000 
1.500000 
0.707107 
0.707107 
1.500000 
1.500000 
0.500000 
0.500000 
1.500000 
1.500000 
1.000000 
1.000000 
0.500000 
0.500000 
0.000000 
0.000000 
1.000000 
1.000000 
1.000000 
1.000000 
1.500000 
1.500000 
0.707107 
0.707107 
1.500000 
1.500000 
0.500000 
0.500000 
1.500000 
1.500000 
1.000000 
1.000000 
0.500000 
0.500000 
0.000000 
0.000000 
0.000000 
0.000000 
1.000000 
1.000000 
1.000000 
1.000000 
1.500000 
1.500000 
0.707107 
0.707107 
1.500000 
1.500000 
0.500000 
0.500000 
1.500000 
1.500000 
1.000000 
1.000000 
0.500000 
0.500000 
1.581139 
1.581139 
0.000000 
0.000000 
1.000000 
1.000000 
1.000000 
1.000000 
1.500000 
1.500000 
0.707107 
0.707107 
1.500000 
1.500000 
0.500000 
0.500000 
1.500000 
1.500000 
1.000000 
1.000000 
0.500000 
0.500000 
0.000000 
0.000000 
1.000000 
1.000000 
0.000000 
0.000000 
1.000000 
1.000000 
1.000000 
1.000000 
1.500000 
1.500000 
0.707107 
0.707107 
1.500000 
1.500000 
0.500000 
0.500000 
1.500000 
1.500000 
0.000000 
0.000000 
0.500000 
0.500000 
1.000000 
1.000000 
0.000000 
0.000000 
1.000000 
1.000000 
1.000000 
1.000000 
1.500000 
1.500000 
0.707107 
0.707107 
0.500000 
0.500000 
1.500000 
1.500000 
1.000000 
1.000000 
1.118034 
1.118034 
1.000000 
1.000000 
0.000000 
0.000000 
1.000000 
1.000000 
1.000000 
1.000000 
1.500000 
1.500000 
0.707107 
0.707107 
0.500000 
0.500000 
1.500000 
1.500000 
0.707107 
0.707107 
1.118034 
1.118034 
1.000000 
1.000000 
0.000000 
0.000000 
1.000000 
1.000000 
1.000000 
1.000000 
1.500000 
1.500000 
0.500000 
0.500000 
1.500000 
1.500000 
0.000000 
0.000000 
1.118034 
1.118034 
1.000000 
1.000000 
0.000000 
0.000000 
1.000000 
1.000000 
1.000000 
1.000000 
1.500000 
1.500000 
0.500000 
0.500000 
1.500000 
1.500000 
0.500000 
0.500000 
0.000000 
0.000000 
1.118034 
1.118034 
1.000000 
1.000000 
0.000000 
0.000000 
1.000000 
1.000000 
1.000000 
1.000000 
1.500000 
1.500000 
1.500000 
1.500000 
0.500000 
0.500000 
1.118034 
1.118034 
1.118034 
1.118034 
1.000000 
1.000000 
0.000000 
0.000000 
1.000000 
1.000000 
1.000000 
1.000000 
1.500000 
1.500000 
0.000000 
0.000000 
0.707107 
0.707107 
1.118034 
1.118034 
1.000000 
1.000000 
0.000000 
0.000000 
1.000000 
1.000000 
1.000000 
1.000000 
0.707107 
0.707107 
0.500000 
0.500000 
1.118034 
1.118034 
1.000000 
1.000000 
0.000000 
0.000000 
1.000000 
1.000000 
1.000000 
1.000000 
1.000000 
1.000000 
0.707107 
0.707107 
1.118034 
1.118034 
1.000000 
1.000000 
1.000000 
1.000000 
0.707107 
0.707107 
