0.000000 
0.000000 
0.000000 
0.000000 
6.519202 
6.519202 
18.527007 
18.527007 
20.006249 
20.006249 
4.472136 
4.472136 
4.472136 
4.472136 
4.123106 
4.123106 
5.852350 
5.852350 
3.807887 
3.807887 
0.000000 
0.000000 
5.852350 
5.852350 
1.118034 
1.118034 
0.000000 
0.000000 
0.000000 
0.000000 
5.852350 
5.852350 
15.811388 
15.811388 
27.658633 
27.658633 
0.000000 
0.000000 
5.852350 
5.852350 
2.915476 
2.915476 
1.414214 
1.414214 
0.000000 
0.000000 
5.852350 
5.852350 
1.414214 
1.414214 
0.500000 
0.500000 
0.000000 
0.000000 
5.852350 
5.852350 
2.692582 
2.692582 
0.000000 
0.000000 
0.500000 
0.500000 
0.000000 
0.000000 
5.852350 
5.852350 
11.510864 
11.510864 
1.414214 
1.414214 
0.500000 
0.500000 
0.000000 
0.000000 
5.852350 
5.852350 
11.510864 
11.510864 
0.707107 
0.707107 
0.500000 
0.500000 
0.000000 
0.000000 
5.852350 
5.852350 
11.510864 
11.510864 
0.000000 
0.000000 
0.707107 
0.707107 
0.500000 
0.500000 
0.000000 
0.000000 
5.852350 
5.852350 
11.510864 
11.510864 
1.581139 
1.581139 
0.707107 
0.707107 
0.500000 
0.500000 
0.000000 
0.000000 
5.852350 
5.852350 
11.510864 
11.510864 
1.581139 
1.581139 
0.707107 
0.707107 
0.500000 
0.500000 
0.000000 
0.000000 
5.852350 
5.852350 
11.510864 
11.510864 
0.000000 
0.000000 
0.000000 
0.000000 
1.581139 
1.581139 
0.707107 
0.707107 
0.500000 
0.500000 
0.000000 
0.000000 
5.852350 
5.852350 
11.510864 
11.510864 
1.118034 
1.118034 
6.041523 
6.041523 
1.581139 
1.581139 
0.707107 
0.707107 
0.500000 
0.500000 
0.000000 
0.000000 
5.852350 
5.852350 
11.510864 
11.510864 
0.500000 
0.500000 
6.041523 
6.041523 
1.581139 
1.581139 
0.707107 
0.707107 
0.500000 
0.500000 
0.000000 
0.000000 
5.852350 
5.852350 
11.510864 
11.510864 
0.500000 
0.500000 
10.920165 
10.920165 
1.581139 
1.581139 
0.707107 
0.707107 
0.500000 
0.500000 
0.000000 
0.000000 
11.510864 
11.510864 
1.118034 
1.118034 
1.118034 
1.118034 
1.581139 
1.581139 
0.707107 
0.707107 
0.500000 
0.500000 
11.510864 
11.510864 
1.118034 
1.118034 
1.000000 
1.000000 
1.581139 
1.581139 
0.707107 
0.707107 
0.500000 
0.500000 
11.510864 
11.510864 
1.118034 
1.118034 
2.121320 
2.121320 
1.581139 
1.581139 
0.707107 
0.707107 
0.500000 
0.500000 
11.510864 
11.510864 
1.118034 
1.118034 
2.121320 
2.121320 
1.581139 
1.581139 
0.707107 
0.707107 
0.500000 
0.500000 
11.510864 
11.510864 
1.118034 
1.118034 
3.640055 
3.640055 
1.581139 
1.581139 
0.707107 
0.707107 
11.510864 
11.510864 
1.118034 
1.118034 
3.640055 
3.640055 
1.581139 
1.581139 
0.707107 
0.707107 
1.118034 
1.118034 
3.640055 
3.640055 
1.581139 
1.581139 
0.707107 
0.707107 
0.000000 
0.000000 
1.118034 
1.118034 
3.640055 
3.640055 
1.581139 
1.581139 
0.000000 
0.000000 
1.118034 
1.118034 
3.640055 
3.640055 
1.581139 
1.581139 
0.000000 
0.000000 
1.118034 
1.118034 
3.640055 
3.640055 
0.000000 
0.000000 
1.118034 
1.118034 
3.640055 
3.640055 
0.000000 
0.000000 
0.000000 
0.000000 
1.118034 
1.118034 
3.640055 
3.640055 
0.000000 
0.000000 
0.000000 
0.000000 
1.118034 
1.118034 
3.640055 
3.640055 
7.280110 
7.280110 
0.000000 
0.000000 
1.118034 
1.118034 
3.640055 
3.640055 
0.000000 
0.000000 
3.535534 
3.535534 
0.000000 
0.000000 
1.118034 
1.118034 
3.640055 
3.640055 
0.500000 
0.500000 
2.061553 
2.061553 
0.000000 
0.000000 
3.640055 
3.640055 
2.061553 
2.061553 
9.500000 
9.500000 
0.000000 
0.000000 
3.640055 
3.640055 
5.700877 
5.700877 
9.500000 
9.500000 
0.000000 
0.000000 
3.640055 
3.640055 
2.500000 
2.500000 
9.500000 
9.500000 
0.000000 
0.000000 
3.640055 
3.640055 
