0.000000 
0.000000 
6.264982 
6.264982 
6.184658 
6.184658 
3.905125 
3.905125 
8.732125 
8.732125 
9.848858 
9.848858 
0.000000 
0.000000 
9.848858 
9.848858 
4.242641 
4.242641 
9.848858 
9.848858 
11.926860 
11.926860 
9.848858 
9.848858 
3.041381 
3.041381 
9.848858 
9.848858 
6.324555 
6.324555 
9.848858 
9.848858 
6.184658 
6.184658 
9.848858 
9.848858 
5.500000 
5.500000 
9.848858 
9.848858 
2.000000 
2.000000 
9.848858 
9.848858 
2.236068 
2.236068 
9.848858 
9.848858 
1.581139 
1.581139 
9.848858 
9.848858 
1.500000 
1.500000 
9.848858 
9.848858 
1.414214 
1.414214 
9.848858 
9.848858 
4.123106 
4.123106 
9.848858 
9.848858 
3.354102 
3.354102 
9.848858 
9.848858 
1.000000 
1.000000 
3.000000 
3.000000 
5.099020 
5.099020 
13.038405 
13.038405 
4.472136 
4.472136 
1.581139 
1.581139 
1.118034 
1.118034 
0.500000 
0.500000 
9.013878 
9.013878 
1.581139 
1.581139 
4.123106 
4.123106 
0.707107 
0.707107 
5.147815 
5.147815 
6.670832 
6.670832 
0.000000 
0.000000 
1.118034 
1.118034 
1.802776 
1.802776 
4.123106 
4.123106 
3.162278 
3.162278 
