0.000000 
0.000000 
0.000000 
0.000000 
0.000000 
0.000000 
0.000000 
0.000000 
0.000000 
0.000000 
0.000000 
0.000000 
1.000000 
1.000000 
2.549510 
2.549510 
4.031129 
4.031129 
0.000000 
0.000000 
1.500000 
1.500000 
0.000000 
0.000000 
1.000000 
1.000000 
0.500000 
0.500000 
1.802776 
1.802776 
0.000000 
0.000000 
4.000000 
4.000000 
1.000000 
1.000000 
1.000000 
1.000000 
1.118034 
1.118034 
2.549510 
2.549510 
3.000000 
3.000000 
1.500000 
1.500000 
0.707107 
0.707107 
0.000000 
0.000000 
1.000000 
1.000000 
1.118034 
1.118034 
2.500000 
2.500000 
0.500000 
0.500000 
1.000000 
1.000000 
1.000000 
1.000000 
0.000000 
0.000000 
0.000000 
0.000000 
0.000000 
0.000000 
1.000000 
1.000000 
2.549510 
2.549510 
2.061553 
2.061553 
0.707107 
0.707107 
1.000000 
1.000000 
4.031129 
4.031129 
1.000000 
1.000000 
0.000000 
0.000000 
0.000000 
0.000000 
1.000000 
1.000000 
1.802776 
1.802776 
5.500000 
5.500000 
0.000000 
0.000000 
3.535534 
3.535534 
1.581139 
1.581139 
0.000000 
0.000000 
1.000000 
1.000000 
0.000000 
0.000000 
0.000000 
0.000000 
1.000000 
1.000000 
1.802776 
1.802776 
2.236068 
2.236068 
1.500000 
1.500000 
1.118034 
1.118034 
1.500000 
1.500000 
0.000000 
0.000000 
0.000000 
0.000000 
1.000000 
1.000000 
0.000000 
0.000000 
0.000000 
0.000000 
1.000000 
1.000000 
1.000000 
1.000000 
2.000000 
2.000000 
0.707107 
0.707107 
0.707107 
0.707107 
1.118034 
1.118034 
0.500000 
0.500000 
1.581139 
1.581139 
1.000000 
1.000000 
0.000000 
0.000000 
0.000000 
0.000000 
1.000000 
1.000000 
1.000000 
1.000000 
2.061553 
2.061553 
4.609772 
4.609772 
1.118034 
1.118034 
1.581139 
1.581139 
0.000000 
0.000000 
0.000000 
0.000000 
0.500000 
0.500000 
1.581139 
1.581139 
1.000000 
1.000000 
0.000000 
0.000000 
0.000000 
0.000000 
1.000000 
1.000000 
1.000000 
1.000000 
2.061553 
2.061553 
4.609772 
4.609772 
0.500000 
0.500000 
3.535534 
3.535534 
0.000000 
0.000000 
0.000000 
0.000000 
3.500000 
3.500000 
1.802776 
1.802776 
1.118034 
1.118034 
1.581139 
1.581139 
1.000000 
1.000000 
0.000000 
0.000000 
0.000000 
0.000000 
1.000000 
1.000000 
1.000000 
1.000000 
6.020797 
6.020797 
4.609772 
4.609772 
0.707107 
0.707107 
2.236068 
2.236068 
1.581139 
1.581139 
0.707107 
0.707107 
1.000000 
1.000000 
1.118034 
1.118034 
1.118034 
1.118034 
1.581139 
1.581139 
1.000000 
1.000000 
0.000000 
0.000000 
0.000000 
0.000000 
1.000000 
1.000000 
1.000000 
1.000000 
2.000000 
2.000000 
4.609772 
4.609772 
0.500000 
0.500000 
2.500000 
2.500000 
0.000000 
0.000000 
0.000000 
0.000000 
1.581139 
1.581139 
0.707107 
0.707107 
1.500000 
1.500000 
1.118034 
1.118034 
1.414214 
1.414214 
1.581139 
1.581139 
1.000000 
1.000000 
0.000000 
0.000000 
0.000000 
0.000000 
1.000000 
1.000000 
1.000000 
1.000000 
2.500000 
2.500000 
4.609772 
4.609772 
3.041381 
3.041381 
1.802776 
1.802776 
0.000000 
0.000000 
2.061553 
2.061553 
1.118034 
1.118034 
1.581139 
1.581139 
0.707107 
0.707107 
3.535534 
3.535534 
1.118034 
1.118034 
4.123106 
4.123106 
1.581139 
1.581139 
1.000000 
1.000000 
0.000000 
0.000000 
0.000000 
0.000000 
1.000000 
1.000000 
1.000000 
1.000000 
3.041381 
3.041381 
4.609772 
4.609772 
1.000000 
1.000000 
1.581139 
1.581139 
0.000000 
0.000000 
1.000000 
1.000000 
2.061553 
2.061553 
1.000000 
1.000000 
1.581139 
1.581139 
0.707107 
0.707107 
1.500000 
1.500000 
1.118034 
1.118034 
0.707107 
0.707107 
1.581139 
1.581139 
1.000000 
1.000000 
0.000000 
0.000000 
0.000000 
0.000000 
1.000000 
1.000000 
1.000000 
1.000000 
5.220153 
5.220153 
4.609772 
4.609772 
1.000000 
1.000000 
1.802776 
1.802776 
1.000000 
1.000000 
0.500000 
0.500000 
2.692582 
2.692582 
1.118034 
1.118034 
1.581139 
1.581139 
0.707107 
0.707107 
1.802776 
1.802776 
1.118034 
1.118034 
0.500000 
0.500000 
1.581139 
1.581139 
1.000000 
1.000000 
0.000000 
0.000000 
0.000000 
0.000000 
1.000000 
1.000000 
1.500000 
1.500000 
4.609772 
4.609772 
1.000000 
1.000000 
1.118034 
1.118034 
0.000000 
0.000000 
1.500000 
1.500000 
0.500000 
0.500000 
2.236068 
2.236068 
2.236068 
2.236068 
1.581139 
1.581139 
0.707107 
0.707107 
1.802776 
1.802776 
1.118034 
1.118034 
0.500000 
0.500000 
1.581139 
1.581139 
1.000000 
1.000000 
0.000000 
0.000000 
0.000000 
0.000000 
1.000000 
1.000000 
2.692582 
2.692582 
4.609772 
4.609772 
1.000000 
1.000000 
5.500000 
5.500000 
0.000000 
0.000000 
0.000000 
0.000000 
0.000000 
0.000000 
1.500000 
1.500000 
0.500000 
0.500000 
0.500000 
0.500000 
2.236068 
2.236068 
1.581139 
1.581139 
0.707107 
0.707107 
1.802776 
1.802776 
1.118034 
1.118034 
0.500000 
0.500000 
1.581139 
1.581139 
1.000000 
1.000000 
0.000000 
0.000000 
0.000000 
0.000000 
1.000000 
1.000000 
2.915476 
2.915476 
4.609772 
4.609772 
4.031129 
4.031129 
2.692582 
2.692582 
0.000000 
0.000000 
0.000000 
0.000000 
2.236068 
2.236068 
1.118034 
1.118034 
1.500000 
1.500000 
0.500000 
0.500000 
0.500000 
0.500000 
2.236068 
2.236068 
1.581139 
1.581139 
0.707107 
0.707107 
1.802776 
1.802776 
1.118034 
1.118034 
0.500000 
0.500000 
1.581139 
1.581139 
1.000000 
1.000000 
0.000000 
0.000000 
1.000000 
1.000000 
3.354102 
3.354102 
4.609772 
4.609772 
1.118034 
1.118034 
3.535534 
3.535534 
1.118034 
1.118034 
4.472136 
4.472136 
4.000000 
4.000000 
1.118034 
1.118034 
1.500000 
1.500000 
0.500000 
0.500000 
0.500000 
0.500000 
2.236068 
2.236068 
1.581139 
1.581139 
0.707107 
0.707107 
1.802776 
1.802776 
1.118034 
1.118034 
0.500000 
0.500000 
1.581139 
1.581139 
1.000000 
1.000000 
1.000000 
1.000000 
1.500000 
1.500000 
4.609772 
4.609772 
1.118034 
1.118034 
2.549510 
2.549510 
0.000000 
0.000000 
1.118034 
1.118034 
4.472136 
4.472136 
1.802776 
1.802776 
0.707107 
0.707107 
1.500000 
1.500000 
0.500000 
0.500000 
0.500000 
0.500000 
2.236068 
2.236068 
1.581139 
1.581139 
0.707107 
0.707107 
1.802776 
1.802776 
1.118034 
1.118034 
0.500000 
0.500000 
1.581139 
1.581139 
1.000000 
1.000000 
2.549510 
2.549510 
4.609772 
4.609772 
1.118034 
1.118034 
4.272002 
4.272002 
2.915476 
2.915476 
1.118034 
1.118034 
4.472136 
4.472136 
2.061553 
2.061553 
0.500000 
0.500000 
1.500000 
1.500000 
0.500000 
0.500000 
0.500000 
0.500000 
2.236068 
2.236068 
1.581139 
1.581139 
0.707107 
0.707107 
1.802776 
1.802776 
1.118034 
1.118034 
0.500000 
0.500000 
1.581139 
1.581139 
1.000000 
1.000000 
1.581139 
1.581139 
4.609772 
4.609772 
1.118034 
1.118034 
2.061553 
2.061553 
1.000000 
1.000000 
1.118034 
1.118034 
4.472136 
4.472136 
2.061553 
2.061553 
0.000000 
0.000000 
1.500000 
1.500000 
0.500000 
0.500000 
0.500000 
0.500000 
2.236068 
2.236068 
1.581139 
1.581139 
0.707107 
0.707107 
1.802776 
1.802776 
1.118034 
1.118034 
0.500000 
0.500000 
1.581139 
1.581139 
1.802776 
1.802776 
4.609772 
4.609772 
1.118034 
1.118034 
3.535534 
3.535534 
0.000000 
0.000000 
1.000000 
1.000000 
1.118034 
1.118034 
4.472136 
4.472136 
2.061553 
2.061553 
0.000000 
0.000000 
1.500000 
1.500000 
0.500000 
0.500000 
0.500000 
0.500000 
2.236068 
2.236068 
1.581139 
1.581139 
0.707107 
0.707107 
1.802776 
1.802776 
1.118034 
1.118034 
9.000000 
9.000000 
1.118034 
1.118034 
1.118034 
1.118034 
3.535534 
3.535534 
0.000000 
0.000000 
1.802776 
1.802776 
1.000000 
1.000000 
1.118034 
1.118034 
4.472136 
4.472136 
2.061553 
2.061553 
0.000000 
0.000000 
1.500000 
1.500000 
0.500000 
0.500000 
0.500000 
0.500000 
2.236068 
2.236068 
1.581139 
1.581139 
0.707107 
0.707107 
1.802776 
1.802776 
1.118034 
1.118034 
5.024938 
5.024938 
0.500000 
0.500000 
1.118034 
1.118034 
3.535534 
3.535534 
1.118034 
1.118034 
1.118034 
1.118034 
1.000000 
1.000000 
1.118034 
1.118034 
4.472136 
4.472136 
2.061553 
2.061553 
0.000000 
0.000000 
1.500000 
1.500000 
0.500000 
0.500000 
0.500000 
0.500000 
2.236068 
2.236068 
1.581139 
1.581139 
0.707107 
0.707107 
1.802776 
1.802776 
1.118034 
1.118034 
3.041381 
3.041381 
0.500000 
0.500000 
1.118034 
1.118034 
3.535534 
3.535534 
0.000000 
0.000000 
4.527693 
4.527693 
1.118034 
1.118034 
1.000000 
1.000000 
1.118034 
1.118034 
4.472136 
4.472136 
2.061553 
2.061553 
0.000000 
0.000000 
1.500000 
1.500000 
0.500000 
0.500000 
0.500000 
0.500000 
2.236068 
2.236068 
1.802776 
1.802776 
3.640055 
3.640055 
1.581139 
1.581139 
1.118034 
1.118034 
3.535534 
3.535534 
1.802776 
1.802776 
1.581139 
1.581139 
1.118034 
1.118034 
1.000000 
1.000000 
1.118034 
1.118034 
4.472136 
4.472136 
2.061553 
2.061553 
0.000000 
0.000000 
1.500000 
1.500000 
0.500000 
0.500000 
0.500000 
0.500000 
2.236068 
2.236068 
1.802776 
1.802776 
2.692582 
2.692582 
0.500000 
0.500000 
1.118034 
1.118034 
3.535534 
3.535534 
0.000000 
0.000000 
2.061553 
2.061553 
1.581139 
1.581139 
1.118034 
1.118034 
1.000000 
1.000000 
1.118034 
1.118034 
4.472136 
4.472136 
2.061553 
2.061553 
0.000000 
0.000000 
1.500000 
1.500000 
0.500000 
0.500000 
0.500000 
0.500000 
2.236068 
2.236068 
1.802776 
1.802776 
5.522681 
5.522681 
0.000000 
0.000000 
1.118034 
1.118034 
3.535534 
3.535534 
1.000000 
1.000000 
1.118034 
1.118034 
1.581139 
1.581139 
1.118034 
1.118034 
1.000000 
1.000000 
1.118034 
1.118034 
4.472136 
4.472136 
2.061553 
2.061553 
0.000000 
0.000000 
1.500000 
1.500000 
0.500000 
0.500000 
0.500000 
0.500000 
2.236068 
2.236068 
1.802776 
1.802776 
2.236068 
2.236068 
0.500000 
0.500000 
1.118034 
1.118034 
3.535534 
3.535534 
1.000000 
1.000000 
1.500000 
1.500000 
1.581139 
1.581139 
1.118034 
1.118034 
1.000000 
1.000000 
1.118034 
1.118034 
4.472136 
4.472136 
2.061553 
2.061553 
0.000000 
0.000000 
1.500000 
1.500000 
0.500000 
0.500000 
2.236068 
2.236068 
3.162278 
3.162278 
0.707107 
0.707107 
1.118034 
1.118034 
3.535534 
3.535534 
1.000000 
1.000000 
1.000000 
1.000000 
1.581139 
1.581139 
1.118034 
1.118034 
1.000000 
1.000000 
1.118034 
1.118034 
4.472136 
4.472136 
2.061553 
2.061553 
0.000000 
0.000000 
0.500000 
0.500000 
3.000000 
3.000000 
0.000000 
0.000000 
1.118034 
1.118034 
3.535534 
3.535534 
0.000000 
0.000000 
1.000000 
1.000000 
0.000000 
0.000000 
1.581139 
1.581139 
1.118034 
1.118034 
1.000000 
1.000000 
1.118034 
1.118034 
4.472136 
4.472136 
2.061553 
2.061553 
0.000000 
0.000000 
3.000000 
3.000000 
1.000000 
1.000000 
1.118034 
1.118034 
3.535534 
3.535534 
0.000000 
0.000000 
2.236068 
2.236068 
1.000000 
1.000000 
1.000000 
1.000000 
1.581139 
1.581139 
1.118034 
1.118034 
1.000000 
1.000000 
1.118034 
1.118034 
4.472136 
4.472136 
2.061553 
2.061553 
0.000000 
0.000000 
3.000000 
3.000000 
0.707107 
0.707107 
1.118034 
1.118034 
3.535534 
3.535534 
0.000000 
0.000000 
2.549510 
2.549510 
1.000000 
1.000000 
7.566373 
7.566373 
1.581139 
1.581139 
1.118034 
1.118034 
1.000000 
1.000000 
2.061553 
2.061553 
0.000000 
0.000000 
3.000000 
3.000000 
0.707107 
0.707107 
3.535534 
3.535534 
0.000000 
0.000000 
2.692582 
2.692582 
1.000000 
1.000000 
0.000000 
0.000000 
1.581139 
1.581139 
1.118034 
1.118034 
1.000000 
1.000000 
2.061553 
2.061553 
0.000000 
0.000000 
3.000000 
3.000000 
0.707107 
0.707107 
3.535534 
3.535534 
0.000000 
0.000000 
0.000000 
0.000000 
0.000000 
0.000000 
0.000000 
0.000000 
0.000000 
0.000000 
2.692582 
2.692582 
1.000000 
1.000000 
5.385165 
5.385165 
1.581139 
1.581139 
1.118034 
1.118034 
1.000000 
1.000000 
0.000000 
0.000000 
3.000000 
3.000000 
0.707107 
0.707107 
3.535534 
3.535534 
1.000000 
1.000000 
1.118034 
1.118034 
0.707107 
0.707107 
2.000000 
2.000000 
0.000000 
0.000000 
2.692582 
2.692582 
1.000000 
1.000000 
1.118034 
1.118034 
1.581139 
1.581139 
1.118034 
1.118034 
3.000000 
3.000000 
0.707107 
0.707107 
