0.000000 
0.000000 
0.000000 
0.000000 
0.000000 
0.000000 
1.500000 
1.500000 
1.000000 
1.000000 
4.609772 
4.609772 
0.500000 
0.500000 
0.500000 
0.500000 
7.158911 
7.158911 
0.500000 
0.500000 
2.236068 
2.236068 
3.354102 
3.354102 
0.500000 
0.500000 
2.549510 
2.549510 
3.905125 
3.905125 
0.500000 
0.500000 
7.017834 
7.017834 
10.198039 
10.198039 
0.500000 
0.500000 
7.017834 
7.017834 
10.198039 
10.198039 
0.500000 
0.500000 
7.017834 
7.017834 
10.198039 
10.198039 
0.500000 
0.500000 
7.017834 
7.017834 
10.198039 
10.198039 
0.500000 
0.500000 
7.017834 
7.017834 
10.198039 
10.198039 
0.500000 
0.500000 
7.017834 
7.017834 
10.198039 
10.198039 
0.500000 
0.500000 
7.017834 
7.017834 
10.198039 
10.198039 
0.500000 
0.500000 
7.017834 
7.017834 
10.198039 
10.198039 
0.500000 
0.500000 
7.017834 
7.017834 
10.198039 
10.198039 
0.500000 
0.500000 
7.017834 
7.017834 
10.198039 
10.198039 
0.500000 
0.500000 
7.017834 
7.017834 
10.198039 
10.198039 
0.500000 
0.500000 
7.017834 
7.017834 
10.198039 
10.198039 
0.500000 
0.500000 
7.017834 
7.017834 
10.198039 
10.198039 
7.017834 
7.017834 
10.198039 
10.198039 
0.000000 
0.000000 
0.000000 
0.000000 
7.017834 
7.017834 
10.198039 
10.198039 
16.194135 
16.194135 
11.661904 
11.661904 
2.236068 
2.236068 
6.020797 
6.020797 
4.000000 
4.000000 
0.707107 
0.707107 
0.500000 
0.500000 
1.802776 
1.802776 
1.500000 
1.500000 
6.020797 
6.020797 
11.500000 
11.500000 
4.609772 
4.609772 
0.000000 
0.000000 
11.500000 
11.500000 
4.527693 
4.527693 
3.354102 
3.354102 
11.500000 
11.500000 
8.000000 
8.000000 
6.964194 
6.964194 
11.500000 
11.500000 
1.414214 
1.414214 
4.716991 
4.716991 
11.500000 
11.500000 
2.692582 
2.692582 
4.716991 
4.716991 
11.500000 
11.500000 
11.180340 
11.180340 
4.716991 
4.716991 
11.500000 
11.500000 
2.692582 
2.692582 
4.716991 
4.716991 
11.500000 
11.500000 
2.236068 
2.236068 
4.716991 
4.716991 
11.500000 
11.500000 
1.581139 
1.581139 
4.716991 
4.716991 
11.500000 
11.500000 
2.692582 
2.692582 
4.716991 
4.716991 
11.500000 
11.500000 
0.707107 
0.707107 
4.716991 
4.716991 
11.500000 
11.500000 
0.500000 
0.500000 
4.716991 
4.716991 
11.500000 
11.500000 
0.500000 
0.500000 
4.716991 
4.716991 
11.500000 
11.500000 
1.118034 
1.118034 
