0.000000 
0.000000 
0.000000 
0.000000 
0.000000 
0.000000 
0.000000 
0.000000 
0.000000 
0.000000 
2.061553 
2.061553 
3.354102 
3.354102 
3.605551 
3.605551 
3.354102 
3.354102 
1.118034 
1.118034 
2.061553 
2.061553 
3.354102 
3.354102 
1.414214 
1.414214 
2.121320 
2.121320 
7.280110 
7.280110 
0.000000 
0.000000 
2.061553 
2.061553 
1.414214 
1.414214 
2.236068 
2.236068 
4.472136 
4.472136 
2.549510 
2.549510 
2.549510 
2.549510 
2.061553 
2.061553 
4.527693 
4.527693 
2.500000 
2.500000 
4.031129 
4.031129 
2.915476 
2.915476 
1.414214 
1.414214 
2.061553 
2.061553 
3.041381 
3.041381 
6.708204 
6.708204 
2.828427 
2.828427 
1.414214 
1.414214 
1.414214 
1.414214 
2.061553 
2.061553 
2.061553 
2.061553 
2.549510 
2.549510 
2.915476 
2.915476 
2.061553 
2.061553 
1.414214 
1.414214 
2.061553 
2.061553 
2.549510 
2.549510 
4.743416 
4.743416 
2.236068 
2.236068 
9.300538 
9.300538 
1.414214 
1.414214 
2.061553 
2.061553 
2.549510 
2.549510 
1.000000 
1.000000 
2.500000 
2.500000 
0.000000 
0.000000 
1.414214 
1.414214 
2.061553 
2.061553 
2.549510 
2.549510 
1.802776 
1.802776 
1.802776 
1.802776 
1.118034 
1.118034 
0.000000 
0.000000 
1.414214 
1.414214 
2.061553 
2.061553 
2.549510 
2.549510 
1.500000 
1.500000 
1.500000 
1.500000 
4.500000 
4.500000 
2.061553 
2.061553 
1.414214 
1.414214 
2.061553 
2.061553 
2.549510 
2.549510 
2.061553 
2.061553 
3.535534 
3.535534 
0.707107 
0.707107 
1.581139 
1.581139 
1.414214 
1.414214 
2.061553 
2.061553 
2.549510 
2.549510 
5.000000 
5.000000 
1.581139 
1.581139 
0.500000 
0.500000 
1.581139 
1.581139 
1.414214 
1.414214 
2.061553 
2.061553 
2.549510 
2.549510 
1.000000 
1.000000 
3.041381 
3.041381 
0.707107 
0.707107 
0.000000 
0.000000 
1.581139 
1.581139 
1.414214 
1.414214 
2.061553 
2.061553 
2.549510 
2.549510 
1.802776 
1.802776 
4.716991 
4.716991 
1.802776 
1.802776 
0.000000 
0.000000 
2.549510 
2.549510 
1.581139 
1.581139 
1.414214 
1.414214 
2.061553 
2.061553 
2.549510 
2.549510 
1.500000 
1.500000 
1.500000 
1.500000 
1.581139 
1.581139 
0.000000 
0.000000 
2.549510 
2.549510 
1.581139 
1.581139 
1.414214 
1.414214 
2.549510 
2.549510 
3.162278 
3.162278 
6.576473 
6.576473 
2.549510 
2.549510 
0.000000 
0.000000 
2.549510 
2.549510 
1.581139 
1.581139 
1.414214 
1.414214 
2.549510 
2.549510 
1.802776 
1.802776 
4.527693 
4.527693 
0.707107 
0.707107 
0.000000 
0.000000 
0.000000 
0.000000 
2.549510 
2.549510 
1.581139 
1.581139 
1.414214 
1.414214 
2.549510 
2.549510 
6.082763 
6.082763 
4.527693 
4.527693 
0.500000 
0.500000 
3.500000 
3.500000 
0.000000 
0.000000 
2.549510 
2.549510 
1.581139 
1.581139 
1.414214 
1.414214 
2.549510 
2.549510 
1.500000 
1.500000 
4.527693 
4.527693 
5.099020 
5.099020 
0.000000 
0.000000 
3.500000 
3.500000 
0.000000 
0.000000 
2.549510 
2.549510 
1.581139 
1.581139 
2.549510 
2.549510 
1.500000 
1.500000 
4.527693 
4.527693 
0.500000 
0.500000 
2.692582 
2.692582 
3.500000 
3.500000 
0.000000 
0.000000 
2.549510 
2.549510 
1.581139 
1.581139 
2.549510 
2.549510 
1.500000 
1.500000 
4.527693 
4.527693 
5.500000 
5.500000 
3.500000 
3.500000 
3.500000 
3.500000 
0.000000 
0.000000 
2.549510 
2.549510 
1.581139 
1.581139 
1.500000 
1.500000 
4.527693 
4.527693 
1.118034 
1.118034 
3.500000 
3.500000 
3.500000 
3.500000 
0.000000 
0.000000 
2.549510 
2.549510 
1.581139 
1.581139 
1.500000 
1.500000 
4.527693 
4.527693 
1.802776 
1.802776 
3.500000 
3.500000 
3.500000 
3.500000 
0.000000 
0.000000 
2.549510 
2.549510 
1.581139 
1.581139 
1.500000 
1.500000 
4.527693 
4.527693 
1.581139 
1.581139 
3.500000 
3.500000 
3.500000 
3.500000 
0.000000 
0.000000 
2.549510 
2.549510 
1.581139 
1.581139 
1.500000 
1.500000 
4.527693 
4.527693 
1.581139 
1.581139 
3.500000 
3.500000 
3.500000 
3.500000 
0.000000 
0.000000 
2.549510 
2.549510 
1.581139 
1.581139 
1.500000 
1.500000 
4.527693 
4.527693 
1.000000 
1.000000 
3.500000 
3.500000 
3.500000 
3.500000 
0.000000 
0.000000 
2.549510 
2.549510 
1.500000 
1.500000 
4.527693 
4.527693 
1.118034 
1.118034 
3.500000 
3.500000 
3.500000 
3.500000 
0.000000 
0.000000 
2.549510 
2.549510 
1.500000 
1.500000 
4.527693 
4.527693 
7.648529 
7.648529 
3.500000 
3.500000 
3.500000 
3.500000 
0.000000 
0.000000 
2.549510 
2.549510 
1.500000 
1.500000 
4.527693 
4.527693 
3.905125 
3.905125 
3.500000 
3.500000 
3.500000 
3.500000 
1.500000 
1.500000 
4.527693 
4.527693 
3.162278 
3.162278 
3.500000 
3.500000 
3.500000 
3.500000 
1.500000 
1.500000 
4.527693 
4.527693 
11.401754 
11.401754 
3.500000 
3.500000 
3.500000 
3.500000 
1.500000 
1.500000 
3.500000 
3.500000 
3.500000 
3.500000 
3.500000 
3.500000 
1.500000 
1.500000 
2.915476 
2.915476 
3.500000 
3.500000 
4.123106 
4.123106 
0.000000 
0.000000 
3.500000 
3.500000 
1.581139 
1.581139 
4.031129 
4.031129 
3.500000 
3.500000 
2.236068 
2.236068 
12.000000 
12.000000 
2.000000 
2.000000 
0.000000 
0.000000 
7.500000 
7.500000 
5.700877 
5.700877 
