0.000000 
0.000000 
1.118034 
1.118034 
0.707107 
0.707107 
9.708244 
9.708244 
0.707107 
0.707107 
0.500000 
0.500000 
0.000000 
0.000000 
1.000000 
1.000000 
1.581139 
1.581139 
1.118034 
1.118034 
1.802776 
1.802776 
1.802776 
1.802776 
1.581139 
1.581139 
1.581139 
1.581139 
0.707107 
0.707107 
1.500000 
1.500000 
7.000000 
7.000000 
1.802776 
1.802776 
0.500000 
0.500000 
1.118034 
1.118034 
0.500000 
0.500000 
6.103278 
6.103278 
1.581139 
1.581139 
3.640055 
3.640055 
1.000000 
1.000000 
2.061553 
2.061553 
8.558621 
8.558621 
1.000000 
1.000000 
2.061553 
2.061553 
2.121320 
2.121320 
2.915476 
2.915476 
2.549510 
2.549510 
2.236068 
2.236068 
6.500000 
6.500000 
2.236068 
2.236068 
0.500000 
0.500000 
2.236068 
2.236068 
6.946222 
6.946222 
2.236068 
2.236068 
0.707107 
0.707107 
2.236068 
2.236068 
1.802776 
1.802776 
2.236068 
2.236068 
1.118034 
1.118034 
2.236068 
2.236068 
1.118034 
1.118034 
2.236068 
2.236068 
1.581139 
1.581139 
2.236068 
2.236068 
6.519202 
6.519202 
2.236068 
2.236068 
0.500000 
0.500000 
2.236068 
2.236068 
2.236068 
2.236068 
2.236068 
2.236068 
1.802776 
1.802776 
2.236068 
2.236068 
1.414214 
1.414214 
2.236068 
2.236068 
0.707107 
0.707107 
2.236068 
2.236068 
1.581139 
1.581139 
3.000000 
3.000000 
3.605551 
3.605551 
2.549510 
2.549510 
