0.000000 
0.000000 
0.500000 
0.500000 
1.000000 
1.000000 
0.000000 
0.000000 
0.707107 
0.707107 
3.201562 
3.201562 
1.000000 
1.000000 
9.962429 
9.962429 
3.535534 
3.535534 
4.000000 
4.000000 
0.500000 
0.500000 
13.647344 
13.647344 
1.118034 
1.118034 
3.640055 
3.640055 
0.707107 
0.707107 
10.012492 
10.012492 
5.590170 
5.590170 
3.535534 
3.535534 
1.802776 
1.802776 
8.514693 
8.514693 
0.500000 
0.500000 
0.000000 
0.000000 
4.472136 
4.472136 
1.118034 
1.118034 
1.000000 
1.000000 
2.692582 
2.692582 
2.236068 
2.236068 
1.414214 
1.414214 
8.139410 
8.139410 
3.000000 
3.000000 
3.201562 
3.201562 
2.061553 
2.061553 
3.000000 
3.000000 
2.000000 
2.000000 
3.162278 
3.162278 
4.123106 
4.123106 
0.000000 
0.000000 
6.964194 
6.964194 
2.549510 
2.549510 
1.581139 
1.581139 
0.500000 
0.500000 
7.566373 
7.566373 
0.707107 
0.707107 
0.500000 
0.500000 
1.118034 
1.118034 
2.500000 
2.500000 
1.000000 
1.000000 
0.500000 
0.500000 
2.500000 
2.500000 
5.220153 
5.220153 
5.700877 
5.700877 
2.500000 
2.500000 
3.535534 
3.535534 
0.707107 
0.707107 
2.500000 
2.500000 
2.692582 
2.692582 
10.049876 
10.049876 
2.500000 
2.500000 
13.946326 
13.946326 
3.535534 
3.535534 
2.500000 
2.500000 
5.522681 
5.522681 
4.031129 
4.031129 
2.500000 
2.500000 
5.522681 
5.522681 
2.500000 
2.500000 
2.500000 
2.500000 
5.522681 
5.522681 
2.549510 
2.549510 
0.000000 
0.000000 
2.500000 
2.500000 
5.522681 
5.522681 
1.000000 
1.000000 
7.158911 
7.158911 
2.500000 
2.500000 
5.522681 
5.522681 
6.020797 
6.020797 
7.158911 
7.158911 
2.500000 
2.500000 
5.522681 
5.522681 
2.500000 
2.500000 
7.158911 
7.158911 
2.500000 
2.500000 
5.522681 
5.522681 
2.061553 
2.061553 
7.158911 
7.158911 
2.500000 
2.500000 
5.522681 
5.522681 
4.743416 
4.743416 
0.000000 
0.000000 
7.158911 
7.158911 
2.500000 
2.500000 
5.522681 
5.522681 
8.544004 
8.544004 
3.201562 
3.201562 
7.158911 
7.158911 
2.500000 
2.500000 
5.522681 
5.522681 
1.118034 
1.118034 
3.605551 
3.605551 
7.158911 
7.158911 
5.522681 
5.522681 
7.615773 
7.615773 
3.605551 
3.605551 
7.158911 
7.158911 
5.522681 
5.522681 
1.581139 
1.581139 
3.605551 
3.605551 
7.158911 
7.158911 
5.522681 
5.522681 
4.527693 
4.527693 
3.605551 
3.605551 
7.158911 
7.158911 
5.522681 
5.522681 
1.500000 
1.500000 
