0.000000 
0.000000 
0.000000 
0.000000 
0.000000 
0.000000 
1.581139 
1.581139 
0.000000 
0.000000 
7.500000 
7.500000 
0.000000 
0.000000 
0.000000 
0.000000 
1.581139 
1.581139 
2.000000 
2.000000 
0.000000 
0.000000 
2.061553 
2.061553 
0.000000 
0.000000 
2.000000 
2.000000 
0.000000 
0.000000 
2.236068 
2.236068 
3.041381 
3.041381 
2.000000 
2.000000 
0.000000 
0.000000 
1.581139 
1.581139 
0.000000 
0.000000 
3.041381 
3.041381 
2.000000 
2.000000 
0.000000 
0.000000 
9.055385 
9.055385 
3.162278 
3.162278 
3.041381 
3.041381 
2.000000 
2.000000 
0.000000 
0.000000 
7.566373 
7.566373 
0.000000 
0.000000 
4.031129 
4.031129 
3.041381 
3.041381 
2.000000 
2.000000 
0.000000 
0.000000 
1.000000 
1.000000 
0.000000 
0.000000 
0.500000 
0.500000 
4.031129 
4.031129 
3.041381 
3.041381 
2.000000 
2.000000 
0.000000 
0.000000 
1.000000 
1.000000 
0.000000 
0.000000 
1.581139 
1.581139 
0.500000 
0.500000 
4.031129 
4.031129 
3.041381 
3.041381 
2.000000 
2.000000 
0.000000 
0.000000 
4.123106 
4.123106 
0.000000 
0.000000 
1.581139 
1.581139 
0.500000 
0.500000 
4.031129 
4.031129 
3.041381 
3.041381 
2.000000 
2.000000 
0.000000 
0.000000 
7.905694 
7.905694 
0.000000 
0.000000 
0.000000 
0.000000 
1.581139 
1.581139 
0.500000 
0.500000 
4.031129 
4.031129 
3.041381 
3.041381 
2.000000 
2.000000 
0.000000 
0.000000 
10.688779 
10.688779 
0.000000 
0.000000 
3.500000 
3.500000 
0.000000 
0.000000 
1.581139 
1.581139 
0.500000 
0.500000 
4.031129 
4.031129 
3.041381 
3.041381 
2.000000 
2.000000 
0.000000 
0.000000 
10.688779 
10.688779 
8.062258 
8.062258 
3.041381 
3.041381 
0.000000 
0.000000 
1.581139 
1.581139 
0.500000 
0.500000 
4.031129 
4.031129 
3.041381 
3.041381 
2.000000 
2.000000 
10.688779 
10.688779 
0.000000 
0.000000 
7.615773 
7.615773 
3.041381 
3.041381 
0.000000 
0.000000 
1.581139 
1.581139 
0.500000 
0.500000 
4.031129 
4.031129 
3.041381 
3.041381 
2.000000 
2.000000 
10.688779 
10.688779 
0.000000 
0.000000 
3.000000 
3.000000 
6.324555 
6.324555 
3.041381 
3.041381 
0.000000 
0.000000 
1.581139 
1.581139 
0.500000 
0.500000 
4.031129 
4.031129 
3.041381 
3.041381 
2.000000 
2.000000 
10.688779 
10.688779 
0.000000 
0.000000 
0.000000 
0.000000 
2.692582 
2.692582 
3.000000 
3.000000 
6.324555 
6.324555 
3.041381 
3.041381 
0.000000 
0.000000 
1.581139 
1.581139 
0.500000 
0.500000 
4.031129 
4.031129 
3.041381 
3.041381 
2.000000 
2.000000 
10.688779 
10.688779 
0.000000 
0.000000 
0.000000 
0.000000 
2.549510 
2.549510 
0.000000 
0.000000 
2.692582 
2.692582 
3.000000 
3.000000 
6.324555 
6.324555 
3.041381 
3.041381 
0.000000 
0.000000 
1.581139 
1.581139 
0.500000 
0.500000 
4.031129 
4.031129 
3.041381 
3.041381 
10.688779 
10.688779 
0.707107 
0.707107 
2.500000 
2.500000 
3.041381 
3.041381 
0.000000 
0.000000 
2.692582 
2.692582 
3.000000 
3.000000 
6.324555 
6.324555 
3.041381 
3.041381 
0.000000 
0.000000 
1.581139 
1.581139 
0.500000 
0.500000 
4.031129 
4.031129 
3.041381 
3.041381 
10.688779 
10.688779 
0.000000 
0.000000 
0.707107 
0.707107 
2.549510 
2.549510 
3.041381 
3.041381 
0.000000 
0.000000 
2.692582 
2.692582 
3.000000 
3.000000 
6.324555 
6.324555 
3.041381 
3.041381 
0.000000 
0.000000 
1.581139 
1.581139 
0.500000 
0.500000 
4.031129 
4.031129 
10.688779 
10.688779 
3.000000 
3.000000 
0.707107 
0.707107 
1.500000 
1.500000 
3.041381 
3.041381 
0.000000 
0.000000 
2.692582 
2.692582 
3.000000 
3.000000 
6.324555 
6.324555 
3.041381 
3.041381 
0.000000 
0.000000 
1.581139 
1.581139 
0.500000 
0.500000 
4.031129 
4.031129 
10.688779 
10.688779 
0.000000 
0.000000 
0.000000 
0.000000 
8.015610 
8.015610 
0.707107 
0.707107 
1.500000 
1.500000 
3.041381 
3.041381 
0.000000 
0.000000 
2.692582 
2.692582 
3.000000 
3.000000 
6.324555 
6.324555 
3.041381 
3.041381 
0.000000 
0.000000 
1.581139 
1.581139 
0.500000 
0.500000 
4.031129 
4.031129 
10.688779 
10.688779 
0.000000 
0.000000 
0.000000 
0.000000 
0.000000 
0.000000 
2.061553 
2.061553 
1.581139 
1.581139 
0.707107 
0.707107 
1.500000 
1.500000 
3.041381 
3.041381 
0.000000 
0.000000 
2.692582 
2.692582 
3.000000 
3.000000 
6.324555 
6.324555 
3.041381 
3.041381 
0.000000 
0.000000 
1.581139 
1.581139 
0.500000 
0.500000 
10.688779 
10.688779 
1.581139 
1.581139 
2.000000 
2.000000 
0.000000 
0.000000 
2.549510 
2.549510 
4.123106 
4.123106 
0.707107 
0.707107 
1.500000 
1.500000 
3.041381 
3.041381 
0.000000 
0.000000 
2.692582 
2.692582 
3.000000 
3.000000 
6.324555 
6.324555 
3.041381 
3.041381 
0.000000 
0.000000 
1.581139 
1.581139 
10.688779 
10.688779 
0.000000 
0.000000 
0.000000 
0.000000 
1.581139 
1.581139 
2.000000 
2.000000 
0.000000 
0.000000 
2.549510 
2.549510 
9.055385 
9.055385 
0.707107 
0.707107 
1.500000 
1.500000 
3.041381 
3.041381 
0.000000 
0.000000 
2.692582 
2.692582 
3.000000 
3.000000 
6.324555 
6.324555 
3.041381 
3.041381 
10.688779 
10.688779 
1.581139 
1.581139 
1.581139 
1.581139 
1.581139 
1.581139 
2.000000 
2.000000 
0.000000 
0.000000 
2.549510 
2.549510 
1.500000 
1.500000 
0.707107 
0.707107 
1.500000 
1.500000 
3.041381 
3.041381 
0.000000 
0.000000 
2.692582 
2.692582 
3.000000 
3.000000 
6.324555 
6.324555 
3.041381 
3.041381 
10.688779 
10.688779 
0.000000 
0.000000 
2.692582 
2.692582 
4.000000 
4.000000 
1.581139 
1.581139 
2.000000 
2.000000 
0.000000 
0.000000 
2.549510 
2.549510 
1.500000 
1.500000 
0.707107 
0.707107 
1.500000 
1.500000 
3.041381 
3.041381 
0.000000 
0.000000 
2.692582 
2.692582 
3.000000 
3.000000 
6.324555 
6.324555 
3.041381 
3.041381 
2.236068 
2.236068 
1.414214 
1.414214 
1.802776 
1.802776 
1.581139 
1.581139 
2.000000 
2.000000 
0.000000 
0.000000 
2.549510 
2.549510 
0.500000 
0.500000 
0.707107 
0.707107 
1.500000 
1.500000 
3.041381 
3.041381 
0.000000 
0.000000 
2.692582 
2.692582 
3.000000 
3.000000 
6.324555 
6.324555 
3.041381 
3.041381 
0.000000 
0.000000 
2.236068 
2.236068 
2.061553 
2.061553 
1.802776 
1.802776 
1.581139 
1.581139 
2.000000 
2.000000 
0.000000 
0.000000 
2.549510 
2.549510 
1.000000 
1.000000 
0.707107 
0.707107 
1.500000 
1.500000 
3.041381 
3.041381 
0.000000 
0.000000 
2.692582 
2.692582 
3.000000 
3.000000 
6.324555 
6.324555 
1.802776 
1.802776 
2.236068 
2.236068 
3.162278 
3.162278 
1.802776 
1.802776 
1.581139 
1.581139 
2.000000 
2.000000 
0.000000 
0.000000 
2.549510 
2.549510 
1.500000 
1.500000 
0.707107 
0.707107 
1.500000 
1.500000 
3.041381 
3.041381 
0.000000 
0.000000 
2.692582 
2.692582 
3.000000 
3.000000 
6.324555 
6.324555 
2.061553 
2.061553 
2.236068 
2.236068 
0.707107 
0.707107 
1.802776 
1.802776 
1.581139 
1.581139 
2.000000 
2.000000 
0.000000 
0.000000 
2.549510 
2.549510 
5.522681 
5.522681 
0.707107 
0.707107 
1.500000 
1.500000 
3.041381 
3.041381 
0.000000 
0.000000 
2.692582 
2.692582 
0.000000 
0.000000 
2.236068 
2.236068 
1.118034 
1.118034 
1.802776 
1.802776 
1.581139 
1.581139 
2.000000 
2.000000 
0.000000 
0.000000 
2.549510 
2.549510 
1.000000 
1.000000 
0.707107 
0.707107 
1.500000 
1.500000 
3.041381 
3.041381 
0.000000 
0.000000 
0.000000 
0.000000 
2.236068 
2.236068 
1.118034 
1.118034 
1.802776 
1.802776 
1.581139 
1.581139 
2.000000 
2.000000 
0.000000 
0.000000 
2.549510 
2.549510 
1.000000 
1.000000 
0.707107 
0.707107 
1.500000 
1.500000 
3.041381 
3.041381 
1.118034 
1.118034 
0.000000 
0.000000 
2.236068 
2.236068 
2.061553 
2.061553 
1.802776 
1.802776 
1.581139 
1.581139 
2.000000 
2.000000 
0.000000 
0.000000 
2.549510 
2.549510 
5.700877 
5.700877 
1.500000 
1.500000 
1.118034 
1.118034 
0.500000 
0.500000 
2.236068 
2.236068 
1.581139 
1.581139 
1.802776 
1.802776 
1.581139 
1.581139 
2.000000 
2.000000 
0.000000 
0.000000 
2.549510 
2.549510 
3.162278 
3.162278 
1.500000 
1.500000 
0.000000 
0.000000 
1.118034 
1.118034 
1.000000 
1.000000 
2.236068 
2.236068 
1.118034 
1.118034 
1.802776 
1.802776 
1.581139 
1.581139 
2.000000 
2.000000 
0.000000 
0.000000 
2.549510 
2.549510 
3.640055 
3.640055 
0.000000 
0.000000 
2.061553 
2.061553 
1.118034 
1.118034 
0.500000 
0.500000 
2.236068 
2.236068 
1.500000 
1.500000 
1.802776 
1.802776 
1.581139 
1.581139 
2.000000 
2.000000 
2.549510 
2.549510 
8.015610 
8.015610 
