0.000000 
0.000000 
0.000000 
0.000000 
0.000000 
0.000000 
1.500000 
1.500000 
0.000000 
0.000000 
0.707107 
0.707107 
0.000000 
0.000000 
0.707107 
0.707107 
0.000000 
0.000000 
0.707107 
0.707107 
0.000000 
0.000000 
0.707107 
0.707107 
0.000000 
0.000000 
0.000000 
0.000000 
0.707107 
0.707107 
0.000000 
0.000000 
0.000000 
0.000000 
3.000000 
3.000000 
0.000000 
0.000000 
0.000000 
0.000000 
0.000000 
0.000000 
0.500000 
0.500000 
0.000000 
0.000000 
2.061553 
2.061553 
0.000000 
0.000000 
1.118034 
1.118034 
0.000000 
0.000000 
3.500000 
3.500000 
0.000000 
0.000000 
0.500000 
0.500000 
0.000000 
0.000000 
2.500000 
2.500000 
0.000000 
0.000000 
0.500000 
0.500000 
0.000000 
0.000000 
6.020797 
6.020797 
0.000000 
0.000000 
0.500000 
0.500000 
0.000000 
0.000000 
0.000000 
0.000000 
3.000000 
3.000000 
0.000000 
0.000000 
0.500000 
0.500000 
0.000000 
0.000000 
0.500000 
0.500000 
2.500000 
2.500000 
0.000000 
0.000000 
0.500000 
0.500000 
0.000000 
0.000000 
0.500000 
0.500000 
0.707107 
0.707107 
0.000000 
0.000000 
0.500000 
0.500000 
0.000000 
0.000000 
0.500000 
0.500000 
0.500000 
0.500000 
1.581139 
1.581139 
0.000000 
0.000000 
0.500000 
0.500000 
0.000000 
0.000000 
1.500000 
1.500000 
0.000000 
0.000000 
2.000000 
2.000000 
0.000000 
0.000000 
0.500000 
0.500000 
0.000000 
0.000000 
1.500000 
1.500000 
0.000000 
0.000000 
2.000000 
2.000000 
0.000000 
0.000000 
0.500000 
0.500000 
0.000000 
0.000000 
1.500000 
1.500000 
0.000000 
0.000000 
2.000000 
2.000000 
0.000000 
0.000000 
0.500000 
0.500000 
0.000000 
0.000000 
1.500000 
1.500000 
0.000000 
0.000000 
2.000000 
2.000000 
0.000000 
0.000000 
0.500000 
0.500000 
0.000000 
0.000000 
1.500000 
1.500000 
0.000000 
0.000000 
2.000000 
2.000000 
0.000000 
0.000000 
0.500000 
0.500000 
0.000000 
0.000000 
1.500000 
1.500000 
0.000000 
0.000000 
2.000000 
2.000000 
0.500000 
0.500000 
0.000000 
0.000000 
1.500000 
1.500000 
0.000000 
0.000000 
2.000000 
2.000000 
0.500000 
0.500000 
0.000000 
0.000000 
1.500000 
1.500000 
0.000000 
0.000000 
2.000000 
2.000000 
0.500000 
0.500000 
0.000000 
0.000000 
1.500000 
1.500000 
0.000000 
0.000000 
2.000000 
2.000000 
0.500000 
0.500000 
0.000000 
0.000000 
1.500000 
1.500000 
0.000000 
0.000000 
2.000000 
2.000000 
0.000000 
0.000000 
1.500000 
1.500000 
0.000000 
0.000000 
2.000000 
2.000000 
0.000000 
0.000000 
1.500000 
1.500000 
0.000000 
0.000000 
2.000000 
2.000000 
0.000000 
0.000000 
1.500000 
1.500000 
0.000000 
0.000000 
2.000000 
2.000000 
0.000000 
0.000000 
1.500000 
1.500000 
0.000000 
0.000000 
2.000000 
2.000000 
1.500000 
1.500000 
0.000000 
0.000000 
2.000000 
2.000000 
