0.000000 
0.000000 
0.000000 
0.000000 
4.272002 
4.272002 
2.915476 
2.915476 
2.549510 
2.549510 
15.532225 
15.532225 
1.118034 
1.118034 
0.000000 
0.000000 
15.532225 
15.532225 
1.118034 
1.118034 
2.000000 
2.000000 
15.532225 
15.532225 
3.162278 
3.162278 
9.552487 
9.552487 
15.532225 
15.532225 
1.581139 
1.581139 
7.516648 
7.516648 
15.532225 
15.532225 
1.581139 
1.581139 
1.118034 
1.118034 
15.532225 
15.532225 
1.118034 
1.118034 
0.500000 
0.500000 
15.532225 
15.532225 
0.500000 
0.500000 
0.500000 
0.500000 
15.532225 
15.532225 
7.516648 
7.516648 
12.010412 
12.010412 
15.532225 
15.532225 
1.118034 
1.118034 
1.000000 
1.000000 
15.532225 
15.532225 
0.500000 
0.500000 
0.000000 
0.000000 
11.510864 
11.510864 
15.532225 
15.532225 
6.184658 
6.184658 
7.017834 
7.017834 
2.000000 
2.000000 
15.532225 
15.532225 
6.500000 
6.500000 
1.414214 
1.414214 
1.802776 
1.802776 
15.532225 
15.532225 
10.049876 
10.049876 
11.101802 
11.101802 
5.024938 
5.024938 
15.532225 
15.532225 
0.707107 
0.707107 
8.200610 
8.200610 
1.581139 
1.581139 
15.532225 
15.532225 
3.162278 
3.162278 
0.500000 
0.500000 
6.500000 
6.500000 
4.743416 
4.743416 
0.500000 
0.500000 
2.500000 
2.500000 
3.354102 
3.354102 
0.500000 
0.500000 
2.061553 
2.061553 
1.581139 
1.581139 
0.500000 
0.500000 
6.519202 
6.519202 
3.041381 
3.041381 
0.500000 
0.500000 
2.061553 
2.061553 
1.000000 
1.000000 
0.500000 
0.500000 
1.581139 
1.581139 
2.061553 
2.061553 
0.000000 
0.000000 
0.500000 
0.500000 
2.500000 
2.500000 
2.061553 
2.061553 
1.000000 
1.000000 
0.500000 
0.500000 
2.692582 
2.692582 
2.061553 
2.061553 
2.000000 
2.000000 
0.500000 
0.500000 
2.000000 
2.000000 
2.061553 
2.061553 
2.236068 
2.236068 
0.500000 
0.500000 
1.581139 
1.581139 
2.061553 
2.061553 
1.118034 
1.118034 
0.500000 
0.500000 
3.041381 
3.041381 
2.061553 
2.061553 
4.949747 
4.949747 
0.500000 
0.500000 
3.162278 
3.162278 
2.061553 
2.061553 
2.236068 
2.236068 
0.500000 
0.500000 
2.000000 
2.000000 
2.061553 
2.061553 
2.236068 
2.236068 
0.500000 
0.500000 
0.500000 
0.500000 
2.061553 
2.061553 
2.236068 
2.236068 
0.500000 
0.500000 
0.500000 
0.500000 
2.061553 
2.061553 
2.236068 
2.236068 
0.500000 
0.500000 
2.061553 
2.061553 
0.000000 
0.000000 
2.236068 
2.236068 
0.500000 
0.500000 
2.061553 
2.061553 
2.915476 
2.915476 
2.236068 
2.236068 
0.500000 
0.500000 
2.061553 
2.061553 
2.915476 
2.915476 
2.236068 
2.236068 
0.500000 
0.500000 
2.061553 
2.061553 
24.520400 
24.520400 
2.236068 
2.236068 
0.500000 
0.500000 
2.061553 
2.061553 
24.520400 
24.520400 
2.236068 
2.236068 
0.500000 
0.500000 
