0.000000 
0.000000 
0.000000 
0.000000 
0.000000 
0.000000 
0.000000 
0.000000 
0.000000 
0.000000 
0.000000 
0.000000 
0.000000 
0.000000 
0.000000 
0.000000 
1.118034 
1.118034 
0.000000 
0.000000 
2.692582 
2.692582 
3.162278 
3.162278 
0.500000 
0.500000 
3.500000 
3.500000 
0.000000 
0.000000 
0.500000 
0.500000 
0.000000 
0.000000 
2.549510 
2.549510 
0.000000 
0.000000 
2.500000 
2.500000 
0.500000 
0.500000 
3.500000 
3.500000 
0.000000 
0.000000 
0.500000 
0.500000 
0.000000 
0.000000 
1.802776 
1.802776 
3.640055 
3.640055 
2.236068 
2.236068 
1.118034 
1.118034 
3.500000 
3.500000 
0.000000 
0.000000 
0.500000 
0.500000 
0.000000 
0.000000 
5.099020 
5.099020 
0.000000 
0.000000 
3.640055 
3.640055 
2.236068 
2.236068 
1.000000 
1.000000 
3.500000 
3.500000 
0.000000 
0.000000 
0.500000 
0.500000 
0.000000 
0.000000 
2.061553 
2.061553 
3.500000 
3.500000 
3.640055 
3.640055 
6.500000 
6.500000 
4.000000 
4.000000 
3.500000 
3.500000 
0.000000 
0.000000 
0.500000 
0.500000 
0.000000 
0.000000 
2.236068 
2.236068 
3.500000 
3.500000 
3.640055 
3.640055 
2.236068 
2.236068 
5.024938 
5.024938 
3.500000 
3.500000 
0.000000 
0.000000 
0.500000 
0.500000 
0.000000 
0.000000 
2.692582 
2.692582 
0.000000 
0.000000 
3.500000 
3.500000 
3.640055 
3.640055 
2.549510 
2.549510 
1.414214 
1.414214 
3.500000 
3.500000 
0.000000 
0.000000 
0.500000 
0.500000 
0.000000 
0.000000 
2.549510 
2.549510 
0.000000 
0.000000 
3.640055 
3.640055 
3.500000 
3.500000 
3.640055 
3.640055 
2.236068 
2.236068 
0.500000 
0.500000 
3.500000 
3.500000 
0.000000 
0.000000 
0.500000 
0.500000 
0.000000 
0.000000 
2.549510 
2.549510 
0.000000 
0.000000 
2.500000 
2.500000 
3.640055 
3.640055 
3.500000 
3.500000 
3.640055 
3.640055 
2.236068 
2.236068 
2.915476 
2.915476 
3.500000 
3.500000 
0.000000 
0.000000 
0.500000 
0.500000 
0.000000 
0.000000 
2.549510 
2.549510 
0.000000 
0.000000 
0.000000 
0.000000 
2.915476 
2.915476 
3.640055 
3.640055 
3.500000 
3.500000 
3.640055 
3.640055 
2.236068 
2.236068 
1.802776 
1.802776 
3.500000 
3.500000 
0.000000 
0.000000 
0.500000 
0.500000 
0.000000 
0.000000 
2.549510 
2.549510 
0.000000 
0.000000 
0.000000 
0.000000 
0.000000 
0.000000 
0.000000 
0.000000 
0.000000 
0.000000 
4.472136 
4.472136 
3.640055 
3.640055 
3.500000 
3.500000 
3.640055 
3.640055 
2.236068 
2.236068 
1.802776 
1.802776 
3.500000 
3.500000 
0.000000 
0.000000 
0.500000 
0.500000 
0.000000 
0.000000 
2.549510 
2.549510 
1.000000 
1.000000 
3.041381 
3.041381 
0.500000 
0.500000 
3.201562 
3.201562 
0.000000 
0.000000 
2.549510 
2.549510 
3.640055 
3.640055 
3.500000 
3.500000 
3.640055 
3.640055 
2.236068 
2.236068 
1.802776 
1.802776 
3.500000 
3.500000 
0.000000 
0.000000 
0.500000 
0.500000 
0.000000 
0.000000 
2.549510 
2.549510 
1.118034 
1.118034 
3.041381 
3.041381 
1.118034 
1.118034 
4.527693 
4.527693 
0.000000 
0.000000 
5.500000 
5.500000 
3.640055 
3.640055 
3.500000 
3.500000 
3.640055 
3.640055 
2.236068 
2.236068 
1.802776 
1.802776 
3.500000 
3.500000 
0.000000 
0.000000 
0.500000 
0.500000 
0.000000 
0.000000 
2.549510 
2.549510 
0.707107 
0.707107 
3.041381 
3.041381 
0.500000 
0.500000 
5.385165 
5.385165 
0.000000 
0.000000 
0.000000 
0.000000 
3.640055 
3.640055 
3.500000 
3.500000 
3.640055 
3.640055 
2.236068 
2.236068 
1.802776 
1.802776 
3.500000 
3.500000 
0.500000 
0.500000 
2.549510 
2.549510 
0.500000 
0.500000 
3.041381 
3.041381 
0.500000 
0.500000 
1.000000 
1.000000 
0.000000 
0.000000 
0.707107 
0.707107 
3.640055 
3.640055 
3.500000 
3.500000 
3.640055 
3.640055 
2.236068 
2.236068 
1.802776 
1.802776 
3.500000 
3.500000 
0.500000 
0.500000 
2.549510 
2.549510 
0.500000 
0.500000 
3.041381 
3.041381 
0.500000 
0.500000 
2.236068 
2.236068 
0.000000 
0.000000 
1.581139 
1.581139 
3.640055 
3.640055 
3.500000 
3.500000 
3.640055 
3.640055 
2.236068 
2.236068 
1.802776 
1.802776 
2.549510 
2.549510 
0.000000 
0.000000 
0.500000 
0.500000 
3.041381 
3.041381 
0.500000 
0.500000 
1.414214 
1.414214 
0.000000 
0.000000 
1.414214 
1.414214 
3.640055 
3.640055 
3.500000 
3.500000 
3.640055 
3.640055 
2.236068 
2.236068 
1.802776 
1.802776 
2.549510 
2.549510 
0.000000 
0.000000 
4.500000 
4.500000 
0.500000 
0.500000 
3.041381 
3.041381 
0.500000 
0.500000 
1.581139 
1.581139 
0.000000 
0.000000 
1.414214 
1.414214 
3.640055 
3.640055 
3.500000 
3.500000 
2.236068 
2.236068 
1.802776 
1.802776 
2.549510 
2.549510 
0.000000 
0.000000 
2.828427 
2.828427 
2.549510 
2.549510 
0.500000 
0.500000 
3.041381 
3.041381 
0.500000 
0.500000 
1.118034 
1.118034 
0.000000 
0.000000 
1.414214 
1.414214 
3.640055 
3.640055 
3.500000 
3.500000 
2.236068 
2.236068 
1.802776 
1.802776 
2.549510 
2.549510 
0.000000 
0.000000 
0.000000 
0.000000 
2.828427 
2.828427 
2.692582 
2.692582 
0.500000 
0.500000 
3.041381 
3.041381 
0.500000 
0.500000 
1.118034 
1.118034 
0.000000 
0.000000 
1.414214 
1.414214 
3.640055 
3.640055 
3.500000 
3.500000 
2.236068 
2.236068 
1.802776 
1.802776 
2.549510 
2.549510 
0.000000 
0.000000 
0.000000 
0.000000 
0.000000 
0.000000 
2.828427 
2.828427 
3.162278 
3.162278 
0.500000 
0.500000 
3.041381 
3.041381 
0.500000 
0.500000 
1.414214 
1.414214 
0.000000 
0.000000 
1.414214 
1.414214 
3.640055 
3.640055 
2.236068 
2.236068 
1.802776 
1.802776 
2.549510 
2.549510 
1.500000 
1.500000 
0.000000 
0.000000 
0.000000 
0.000000 
2.828427 
2.828427 
3.807887 
3.807887 
0.500000 
0.500000 
3.041381 
3.041381 
0.500000 
0.500000 
1.118034 
1.118034 
0.000000 
0.000000 
1.414214 
1.414214 
3.640055 
3.640055 
2.236068 
2.236068 
1.802776 
1.802776 
0.000000 
0.000000 
1.500000 
1.500000 
0.000000 
0.000000 
0.000000 
0.000000 
2.828427 
2.828427 
4.609772 
4.609772 
0.500000 
0.500000 
3.041381 
3.041381 
0.500000 
0.500000 
4.031129 
4.031129 
0.000000 
0.000000 
1.414214 
1.414214 
1.802776 
1.802776 
3.041381 
3.041381 
1.500000 
1.500000 
0.000000 
0.000000 
0.000000 
0.000000 
2.828427 
2.828427 
1.118034 
1.118034 
0.500000 
0.500000 
3.041381 
3.041381 
0.500000 
0.500000 
0.707107 
0.707107 
1.414214 
1.414214 
1.802776 
1.802776 
0.000000 
0.000000 
0.000000 
0.000000 
3.041381 
3.041381 
1.500000 
1.500000 
0.000000 
0.000000 
0.000000 
0.000000 
2.828427 
2.828427 
1.118034 
1.118034 
0.500000 
0.500000 
3.041381 
3.041381 
0.500000 
0.500000 
0.707107 
0.707107 
1.414214 
1.414214 
0.000000 
0.000000 
0.000000 
0.000000 
2.061553 
2.061553 
3.041381 
3.041381 
1.500000 
1.500000 
0.000000 
0.000000 
0.000000 
0.000000 
2.828427 
2.828427 
1.118034 
1.118034 
0.500000 
0.500000 
3.041381 
3.041381 
0.500000 
0.500000 
3.041381 
3.041381 
1.414214 
1.414214 
0.000000 
0.000000 
0.000000 
0.000000 
1.500000 
1.500000 
0.000000 
0.000000 
2.061553 
2.061553 
3.041381 
3.041381 
1.500000 
1.500000 
0.000000 
0.000000 
0.000000 
0.000000 
2.828427 
2.828427 
1.118034 
1.118034 
0.500000 
0.500000 
0.500000 
0.500000 
0.707107 
0.707107 
1.414214 
1.414214 
0.000000 
0.000000 
0.500000 
0.500000 
1.802776 
1.802776 
1.500000 
1.500000 
0.000000 
0.000000 
2.061553 
2.061553 
3.041381 
3.041381 
1.500000 
1.500000 
0.000000 
0.000000 
0.000000 
0.000000 
2.828427 
2.828427 
1.118034 
1.118034 
0.500000 
0.500000 
0.500000 
0.500000 
1.581139 
1.581139 
1.414214 
1.414214 
0.000000 
0.000000 
2.236068 
2.236068 
0.500000 
0.500000 
1.802776 
1.802776 
1.500000 
1.500000 
0.000000 
0.000000 
2.061553 
2.061553 
3.041381 
3.041381 
1.500000 
1.500000 
0.000000 
0.000000 
0.000000 
0.000000 
2.828427 
2.828427 
1.118034 
1.118034 
0.500000 
0.500000 
1.118034 
1.118034 
1.414214 
1.414214 
2.236068 
2.236068 
1.500000 
1.500000 
0.500000 
0.500000 
1.802776 
1.802776 
1.500000 
1.500000 
0.000000 
0.000000 
2.061553 
2.061553 
3.041381 
3.041381 
1.500000 
1.500000 
0.000000 
0.000000 
0.000000 
0.000000 
2.828427 
2.828427 
1.118034 
1.118034 
0.500000 
0.500000 
2.061553 
2.061553 
1.414214 
1.414214 
0.000000 
0.000000 
0.000000 
0.000000 
1.581139 
1.581139 
1.500000 
1.500000 
0.500000 
0.500000 
1.802776 
1.802776 
1.500000 
1.500000 
0.000000 
0.000000 
2.061553 
2.061553 
3.041381 
3.041381 
1.500000 
1.500000 
0.000000 
0.000000 
0.000000 
0.000000 
2.828427 
2.828427 
1.118034 
1.118034 
1.000000 
1.000000 
1.414214 
1.414214 
0.000000 
0.000000 
0.000000 
0.000000 
0.000000 
0.000000 
0.000000 
0.000000 
1.414214 
1.414214 
1.500000 
1.500000 
0.500000 
0.500000 
1.802776 
1.802776 
1.500000 
1.500000 
0.000000 
0.000000 
2.061553 
2.061553 
3.041381 
3.041381 
1.500000 
1.500000 
0.000000 
0.000000 
0.000000 
0.000000 
2.828427 
2.828427 
1.118034 
1.118034 
0.000000 
0.000000 
0.000000 
0.000000 
1.581139 
1.581139 
0.000000 
0.000000 
0.000000 
0.000000 
1.000000 
1.000000 
1.500000 
1.500000 
0.500000 
0.500000 
1.802776 
1.802776 
1.500000 
1.500000 
0.000000 
0.000000 
2.061553 
2.061553 
3.041381 
3.041381 
1.500000 
1.500000 
0.000000 
0.000000 
0.000000 
0.000000 
2.828427 
2.828427 
1.118034 
1.118034 
0.500000 
0.500000 
0.000000 
0.000000 
2.061553 
2.061553 
1.118034 
1.118034 
0.000000 
0.000000 
1.581139 
1.581139 
1.500000 
1.500000 
0.500000 
0.500000 
1.802776 
1.802776 
1.500000 
1.500000 
0.000000 
0.000000 
2.061553 
2.061553 
3.041381 
3.041381 
1.500000 
1.500000 
0.000000 
0.000000 
1.118034 
1.118034 
0.500000 
0.500000 
0.000000 
0.000000 
0.000000 
0.000000 
0.000000 
0.000000 
2.061553 
2.061553 
1.118034 
1.118034 
0.000000 
0.000000 
5.522681 
5.522681 
1.500000 
1.500000 
0.500000 
0.500000 
1.802776 
1.802776 
1.500000 
1.500000 
0.000000 
0.000000 
2.061553 
2.061553 
3.041381 
3.041381 
1.500000 
1.500000 
1.118034 
1.118034 
1.000000 
1.000000 
2.549510 
2.549510 
1.581139 
1.581139 
0.000000 
0.000000 
2.061553 
2.061553 
1.118034 
1.118034 
0.000000 
0.000000 
1.000000 
1.000000 
1.500000 
1.500000 
0.500000 
0.500000 
1.802776 
1.802776 
1.500000 
1.500000 
0.000000 
0.000000 
2.061553 
2.061553 
3.041381 
3.041381 
1.500000 
1.500000 
1.118034 
1.118034 
0.500000 
0.500000 
0.000000 
0.000000 
1.118034 
1.118034 
4.031129 
4.031129 
0.000000 
0.000000 
2.061553 
2.061553 
1.118034 
1.118034 
0.000000 
0.000000 
1.414214 
1.414214 
1.500000 
1.500000 
0.500000 
0.500000 
1.802776 
1.802776 
1.500000 
1.500000 
0.000000 
0.000000 
2.061553 
2.061553 
3.041381 
3.041381 
1.118034 
1.118034 
1.581139 
1.581139 
