0.000000 
0.000000 
0.000000 
0.000000 
0.000000 
0.000000 
0.000000 
0.000000 
0.707107 
0.707107 
0.707107 
0.707107 
0.000000 
0.000000 
0.000000 
0.000000 
1.000000 
1.000000 
1.500000 
1.500000 
0.000000 
0.000000 
0.000000 
0.000000 
1.118034 
1.118034 
0.000000 
0.000000 
1.118034 
1.118034 
3.041381 
3.041381 
0.000000 
0.000000 
0.000000 
0.000000 
2.000000 
2.000000 
1.000000 
1.000000 
0.000000 
0.000000 
4.000000 
4.000000 
1.581139 
1.581139 
0.000000 
0.000000 
1.500000 
1.500000 
0.000000 
0.000000 
2.000000 
2.000000 
0.707107 
0.707107 
0.000000 
0.000000 
1.118034 
1.118034 
1.581139 
1.581139 
2.549510 
2.549510 
1.500000 
1.500000 
0.000000 
0.000000 
2.000000 
2.000000 
0.500000 
0.500000 
0.000000 
0.000000 
2.061553 
2.061553 
1.581139 
1.581139 
0.000000 
0.000000 
4.500000 
4.500000 
1.500000 
1.500000 
0.000000 
0.000000 
2.000000 
2.000000 
0.500000 
0.500000 
0.000000 
0.000000 
0.707107 
0.707107 
4.472136 
4.472136 
0.000000 
0.000000 
0.000000 
0.000000 
1.581139 
1.581139 
1.581139 
1.581139 
1.500000 
1.500000 
0.000000 
0.000000 
2.000000 
2.000000 
4.500000 
4.500000 
0.000000 
0.000000 
6.500000 
6.500000 
4.472136 
4.472136 
0.000000 
0.000000 
1.500000 
1.500000 
0.000000 
0.000000 
1.581139 
1.581139 
3.201562 
3.201562 
1.500000 
1.500000 
0.000000 
0.000000 
2.000000 
2.000000 
1.500000 
1.500000 
0.000000 
0.000000 
3.000000 
3.000000 
4.472136 
4.472136 
0.000000 
0.000000 
0.000000 
0.000000 
1.000000 
1.000000 
1.581139 
1.581139 
0.000000 
0.000000 
1.581139 
1.581139 
1.118034 
1.118034 
1.500000 
1.500000 
0.000000 
0.000000 
2.000000 
2.000000 
1.500000 
1.500000 
0.000000 
0.000000 
2.549510 
2.549510 
4.472136 
4.472136 
0.000000 
0.000000 
0.000000 
0.000000 
0.000000 
0.000000 
1.118034 
1.118034 
1.000000 
1.000000 
1.581139 
1.581139 
0.000000 
0.000000 
1.581139 
1.581139 
3.500000 
3.500000 
1.500000 
1.500000 
0.000000 
0.000000 
2.000000 
2.000000 
1.500000 
1.500000 
0.000000 
0.000000 
2.549510 
2.549510 
4.472136 
4.472136 
0.000000 
0.000000 
0.000000 
0.000000 
0.000000 
0.000000 
0.000000 
0.000000 
0.707107 
0.707107 
0.000000 
0.000000 
1.581139 
1.581139 
1.000000 
1.000000 
1.581139 
1.581139 
0.000000 
0.000000 
1.581139 
1.581139 
1.500000 
1.500000 
1.500000 
1.500000 
0.000000 
0.000000 
2.000000 
2.000000 
1.500000 
1.500000 
0.000000 
0.000000 
2.549510 
2.549510 
4.472136 
4.472136 
0.000000 
0.000000 
2.000000 
2.000000 
0.000000 
0.000000 
1.802776 
1.802776 
0.000000 
0.000000 
4.031129 
4.031129 
0.000000 
0.000000 
1.581139 
1.581139 
1.000000 
1.000000 
1.581139 
1.581139 
0.000000 
0.000000 
1.581139 
1.581139 
1.118034 
1.118034 
1.500000 
1.500000 
0.000000 
0.000000 
2.000000 
2.000000 
1.500000 
1.500000 
0.000000 
0.000000 
2.549510 
2.549510 
4.472136 
4.472136 
0.000000 
0.000000 
0.000000 
0.000000 
1.500000 
1.500000 
2.000000 
2.000000 
0.000000 
0.000000 
1.802776 
1.802776 
0.000000 
0.000000 
2.549510 
2.549510 
0.000000 
0.000000 
1.581139 
1.581139 
1.000000 
1.000000 
1.581139 
1.581139 
0.000000 
0.000000 
1.581139 
1.581139 
3.000000 
3.000000 
1.500000 
1.500000 
0.000000 
0.000000 
2.000000 
2.000000 
1.500000 
1.500000 
0.000000 
0.000000 
2.549510 
2.549510 
4.472136 
4.472136 
0.000000 
0.000000 
0.000000 
0.000000 
2.549510 
2.549510 
0.000000 
0.000000 
1.500000 
1.500000 
2.000000 
2.000000 
0.000000 
0.000000 
1.802776 
1.802776 
0.000000 
0.000000 
1.118034 
1.118034 
0.000000 
0.000000 
1.581139 
1.581139 
1.000000 
1.000000 
1.581139 
1.581139 
0.000000 
0.000000 
1.581139 
1.581139 
1.118034 
1.118034 
1.500000 
1.500000 
0.000000 
0.000000 
2.000000 
2.000000 
1.500000 
1.500000 
2.549510 
2.549510 
4.472136 
4.472136 
0.000000 
0.000000 
0.000000 
0.000000 
0.000000 
0.000000 
1.581139 
1.581139 
2.549510 
2.549510 
0.000000 
0.000000 
1.500000 
1.500000 
2.000000 
2.000000 
0.000000 
0.000000 
1.802776 
1.802776 
0.000000 
0.000000 
1.118034 
1.118034 
0.000000 
0.000000 
1.581139 
1.581139 
1.000000 
1.000000 
1.581139 
1.581139 
0.000000 
0.000000 
1.581139 
1.581139 
0.707107 
0.707107 
1.500000 
1.500000 
0.000000 
0.000000 
2.000000 
2.000000 
1.500000 
1.500000 
2.549510 
2.549510 
4.472136 
4.472136 
0.000000 
0.000000 
0.000000 
0.000000 
0.000000 
0.000000 
1.414214 
1.414214 
0.000000 
0.000000 
1.500000 
1.500000 
2.549510 
2.549510 
0.000000 
0.000000 
1.500000 
1.500000 
2.000000 
2.000000 
0.000000 
0.000000 
1.802776 
1.802776 
0.000000 
0.000000 
1.118034 
1.118034 
0.000000 
0.000000 
1.581139 
1.581139 
1.000000 
1.000000 
1.581139 
1.581139 
0.000000 
0.000000 
1.581139 
1.581139 
1.000000 
1.000000 
1.500000 
1.500000 
0.000000 
0.000000 
2.000000 
2.000000 
1.500000 
1.500000 
2.549510 
2.549510 
4.472136 
4.472136 
0.000000 
0.000000 
1.500000 
1.500000 
2.692582 
2.692582 
0.000000 
0.000000 
4.031129 
4.031129 
0.000000 
0.000000 
1.500000 
1.500000 
2.549510 
2.549510 
0.000000 
0.000000 
1.500000 
1.500000 
2.000000 
2.000000 
0.000000 
0.000000 
1.802776 
1.802776 
0.000000 
0.000000 
1.118034 
1.118034 
0.000000 
0.000000 
1.581139 
1.581139 
1.000000 
1.000000 
1.581139 
1.581139 
0.000000 
0.000000 
1.581139 
1.581139 
1.118034 
1.118034 
1.500000 
1.500000 
2.000000 
2.000000 
1.500000 
1.500000 
2.549510 
2.549510 
4.472136 
4.472136 
0.000000 
0.000000 
0.000000 
0.000000 
1.500000 
1.500000 
2.549510 
2.549510 
0.000000 
0.000000 
2.500000 
2.500000 
0.000000 
0.000000 
1.500000 
1.500000 
2.549510 
2.549510 
0.000000 
0.000000 
1.500000 
1.500000 
2.000000 
2.000000 
0.000000 
0.000000 
1.802776 
1.802776 
0.000000 
0.000000 
1.118034 
1.118034 
0.000000 
0.000000 
1.581139 
1.581139 
1.000000 
1.000000 
1.581139 
1.581139 
0.000000 
0.000000 
1.581139 
1.581139 
1.414214 
1.414214 
1.500000 
1.500000 
1.500000 
1.500000 
2.549510 
2.549510 
4.472136 
4.472136 
0.000000 
0.000000 
0.000000 
0.000000 
3.162278 
3.162278 
0.000000 
0.000000 
1.500000 
1.500000 
0.707107 
0.707107 
0.000000 
0.000000 
2.500000 
2.500000 
0.000000 
0.000000 
1.500000 
1.500000 
2.549510 
2.549510 
0.000000 
0.000000 
1.500000 
1.500000 
2.000000 
2.000000 
0.000000 
0.000000 
1.802776 
1.802776 
0.000000 
0.000000 
1.118034 
1.118034 
0.000000 
0.000000 
1.581139 
1.581139 
1.000000 
1.000000 
1.581139 
1.581139 
0.000000 
0.000000 
1.581139 
1.581139 
1.581139 
1.581139 
1.500000 
1.500000 
2.549510 
2.549510 
4.472136 
4.472136 
1.118034 
1.118034 
2.000000 
2.000000 
1.118034 
1.118034 
0.000000 
0.000000 
1.500000 
1.500000 
1.500000 
1.500000 
0.000000 
0.000000 
2.500000 
2.500000 
0.000000 
0.000000 
1.500000 
1.500000 
2.549510 
2.549510 
0.000000 
0.000000 
1.500000 
1.500000 
2.000000 
2.000000 
0.000000 
0.000000 
1.802776 
1.802776 
0.000000 
0.000000 
1.118034 
1.118034 
0.000000 
0.000000 
1.581139 
1.581139 
1.000000 
1.000000 
1.581139 
1.581139 
0.000000 
0.000000 
1.581139 
1.581139 
2.500000 
2.500000 
1.500000 
1.500000 
2.549510 
2.549510 
4.472136 
4.472136 
0.000000 
0.000000 
1.118034 
1.118034 
1.000000 
1.000000 
4.527693 
4.527693 
0.000000 
0.000000 
1.500000 
1.500000 
1.581139 
1.581139 
0.000000 
0.000000 
2.500000 
2.500000 
0.000000 
0.000000 
1.500000 
1.500000 
2.549510 
2.549510 
0.000000 
0.000000 
1.500000 
1.500000 
2.000000 
2.000000 
0.000000 
0.000000 
1.802776 
1.802776 
0.000000 
0.000000 
1.118034 
1.118034 
0.000000 
0.000000 
1.581139 
1.581139 
1.000000 
1.000000 
1.581139 
1.581139 
0.000000 
0.000000 
1.581139 
1.581139 
0.000000 
0.000000 
1.500000 
1.500000 
2.549510 
2.549510 
0.000000 
0.000000 
0.000000 
0.000000 
0.000000 
0.000000 
0.707107 
0.707107 
1.118034 
1.118034 
1.000000 
1.000000 
4.527693 
4.527693 
0.000000 
0.000000 
1.500000 
1.500000 
5.590170 
5.590170 
0.000000 
0.000000 
2.500000 
2.500000 
0.000000 
0.000000 
1.500000 
1.500000 
2.549510 
2.549510 
0.000000 
0.000000 
1.500000 
1.500000 
2.000000 
2.000000 
0.000000 
0.000000 
1.802776 
1.802776 
0.000000 
0.000000 
1.118034 
1.118034 
0.000000 
0.000000 
1.581139 
1.581139 
1.000000 
1.000000 
1.581139 
1.581139 
1.000000 
1.000000 
1.500000 
1.500000 
2.549510 
2.549510 
0.000000 
0.000000 
1.581139 
1.581139 
2.061553 
2.061553 
3.605551 
3.605551 
1.118034 
1.118034 
1.000000 
1.000000 
4.527693 
4.527693 
0.000000 
0.000000 
1.500000 
1.500000 
1.581139 
1.581139 
0.000000 
0.000000 
2.500000 
2.500000 
0.000000 
0.000000 
1.500000 
1.500000 
2.549510 
2.549510 
0.000000 
0.000000 
1.500000 
1.500000 
2.000000 
2.000000 
0.000000 
0.000000 
1.802776 
1.802776 
0.000000 
0.000000 
1.118034 
1.118034 
0.000000 
0.000000 
1.581139 
1.581139 
1.000000 
1.000000 
1.581139 
1.581139 
0.707107 
0.707107 
2.549510 
2.549510 
0.000000 
0.000000 
0.000000 
0.000000 
0.000000 
0.000000 
0.000000 
0.000000 
1.581139 
1.581139 
1.000000 
1.000000 
3.605551 
3.605551 
1.118034 
1.118034 
1.000000 
1.000000 
4.527693 
4.527693 
0.000000 
0.000000 
1.500000 
1.500000 
2.549510 
2.549510 
0.000000 
0.000000 
2.500000 
2.500000 
0.000000 
0.000000 
1.500000 
1.500000 
2.549510 
2.549510 
0.000000 
0.000000 
1.500000 
1.500000 
2.000000 
2.000000 
0.000000 
0.000000 
1.802776 
1.802776 
0.000000 
0.000000 
1.118034 
1.118034 
1.581139 
1.581139 
0.707107 
0.707107 
0.000000 
0.000000 
0.000000 
0.000000 
1.500000 
1.500000 
2.000000 
2.000000 
0.000000 
0.000000 
1.581139 
1.581139 
1.000000 
1.000000 
3.605551 
3.605551 
1.118034 
1.118034 
1.000000 
1.000000 
4.527693 
4.527693 
0.000000 
0.000000 
1.500000 
1.500000 
2.549510 
2.549510 
0.000000 
0.000000 
2.500000 
2.500000 
0.000000 
0.000000 
1.500000 
1.500000 
2.549510 
2.549510 
0.000000 
0.000000 
1.500000 
1.500000 
2.000000 
2.000000 
0.000000 
0.000000 
1.802776 
1.802776 
1.118034 
1.118034 
1.581139 
1.581139 
1.000000 
1.000000 
2.000000 
2.000000 
0.000000 
0.000000 
1.500000 
1.500000 
5.000000 
5.000000 
0.000000 
0.000000 
1.581139 
1.581139 
1.000000 
1.000000 
3.605551 
3.605551 
1.118034 
1.118034 
1.000000 
1.000000 
4.527693 
4.527693 
0.000000 
0.000000 
1.500000 
1.500000 
2.061553 
2.061553 
0.000000 
0.000000 
2.500000 
2.500000 
0.000000 
0.000000 
1.500000 
1.500000 
2.549510 
2.549510 
0.000000 
0.000000 
1.500000 
1.500000 
2.000000 
2.000000 
1.802776 
1.802776 
1.118034 
1.118034 
0.500000 
0.500000 
1.000000 
1.000000 
0.000000 
0.000000 
1.500000 
1.500000 
1.500000 
1.500000 
0.000000 
0.000000 
1.581139 
1.581139 
1.000000 
1.000000 
3.605551 
3.605551 
1.118034 
1.118034 
1.000000 
1.000000 
4.527693 
4.527693 
0.000000 
0.000000 
1.500000 
1.500000 
1.000000 
1.000000 
0.000000 
0.000000 
2.500000 
2.500000 
0.000000 
0.000000 
1.500000 
1.500000 
2.549510 
2.549510 
0.000000 
0.000000 
1.500000 
1.500000 
1.118034 
1.118034 
0.000000 
0.000000 
0.000000 
0.000000 
0.000000 
0.000000 
1.000000 
1.000000 
0.000000 
0.000000 
1.500000 
1.500000 
1.500000 
1.500000 
0.000000 
0.000000 
1.581139 
1.581139 
1.000000 
1.000000 
3.605551 
3.605551 
1.118034 
1.118034 
1.000000 
1.000000 
4.527693 
4.527693 
0.000000 
0.000000 
1.500000 
1.500000 
1.000000 
1.000000 
0.000000 
0.000000 
2.500000 
2.500000 
0.000000 
0.000000 
1.500000 
1.500000 
2.549510 
2.549510 
1.118034 
1.118034 
0.500000 
0.500000 
2.236068 
2.236068 
1.581139 
1.581139 
1.000000 
1.000000 
0.000000 
0.000000 
1.500000 
1.500000 
1.500000 
1.500000 
0.000000 
0.000000 
1.581139 
1.581139 
1.000000 
1.000000 
3.605551 
3.605551 
1.118034 
1.118034 
1.000000 
1.000000 
4.527693 
4.527693 
0.000000 
0.000000 
1.500000 
1.500000 
1.000000 
1.000000 
0.000000 
0.000000 
2.500000 
2.500000 
1.500000 
1.500000 
2.549510 
2.549510 
0.500000 
0.500000 
0.000000 
0.000000 
2.692582 
2.692582 
1.581139 
1.581139 
1.000000 
1.000000 
0.000000 
0.000000 
1.500000 
1.500000 
1.500000 
1.500000 
0.000000 
0.000000 
1.581139 
1.581139 
1.000000 
1.000000 
3.605551 
3.605551 
1.118034 
1.118034 
1.000000 
1.000000 
4.527693 
4.527693 
0.000000 
0.000000 
1.500000 
1.500000 
1.000000 
1.000000 
2.500000 
2.500000 
1.500000 
1.500000 
0.500000 
0.500000 
0.000000 
0.000000 
0.000000 
0.000000 
2.121320 
2.121320 
1.581139 
1.581139 
1.000000 
1.000000 
0.000000 
0.000000 
1.500000 
1.500000 
1.500000 
1.500000 
0.000000 
0.000000 
1.581139 
1.581139 
1.000000 
1.000000 
3.605551 
3.605551 
1.118034 
1.118034 
1.000000 
1.000000 
4.527693 
4.527693 
0.000000 
0.000000 
1.500000 
1.500000 
1.000000 
1.000000 
2.500000 
2.500000 
0.500000 
0.500000 
1.414214 
1.414214 
0.000000 
0.000000 
2.121320 
2.121320 
1.581139 
1.581139 
1.000000 
1.000000 
0.000000 
0.000000 
1.500000 
1.500000 
1.500000 
1.500000 
0.000000 
0.000000 
1.581139 
1.581139 
1.000000 
1.000000 
3.605551 
3.605551 
1.118034 
1.118034 
1.000000 
1.000000 
4.527693 
4.527693 
1.000000 
1.000000 
2.500000 
2.500000 
0.500000 
0.500000 
0.000000 
0.000000 
0.000000 
0.000000 
1.414214 
1.414214 
0.000000 
0.000000 
2.121320 
2.121320 
1.581139 
1.581139 
1.000000 
1.000000 
0.000000 
0.000000 
1.500000 
1.500000 
1.500000 
1.500000 
0.000000 
0.000000 
1.581139 
1.581139 
1.000000 
1.000000 
3.605551 
3.605551 
1.118034 
1.118034 
1.000000 
1.000000 
4.527693 
4.527693 
1.000000 
1.000000 
0.500000 
0.500000 
1.500000 
1.500000 
1.414214 
1.414214 
1.414214 
1.414214 
0.000000 
0.000000 
2.121320 
2.121320 
1.581139 
1.581139 
1.000000 
1.000000 
0.000000 
0.000000 
1.500000 
1.500000 
1.500000 
1.500000 
0.000000 
0.000000 
1.581139 
1.581139 
1.000000 
1.000000 
3.605551 
3.605551 
1.118034 
1.118034 
1.000000 
1.000000 
4.527693 
4.527693 
1.000000 
1.000000 
0.500000 
0.500000 
1.500000 
1.500000 
1.414214 
1.414214 
1.414214 
1.414214 
0.000000 
0.000000 
2.121320 
2.121320 
1.581139 
1.581139 
1.000000 
1.000000 
0.000000 
0.000000 
1.500000 
1.500000 
1.500000 
1.500000 
0.000000 
0.000000 
1.581139 
1.581139 
1.000000 
1.000000 
3.605551 
3.605551 
1.000000 
1.000000 
4.527693 
4.527693 
1.000000 
1.000000 
0.500000 
0.500000 
1.500000 
1.500000 
0.707107 
0.707107 
1.414214 
1.414214 
0.000000 
0.000000 
2.121320 
2.121320 
1.581139 
1.581139 
1.000000 
1.000000 
0.000000 
0.000000 
1.500000 
1.500000 
1.500000 
1.500000 
0.000000 
0.000000 
1.581139 
1.581139 
1.000000 
1.000000 
3.605551 
3.605551 
1.000000 
1.000000 
0.500000 
0.500000 
1.500000 
1.500000 
0.707107 
0.707107 
1.414214 
1.414214 
0.000000 
0.000000 
2.121320 
2.121320 
1.581139 
1.581139 
1.000000 
1.000000 
0.000000 
0.000000 
1.500000 
1.500000 
1.500000 
1.500000 
1.581139 
1.581139 
1.000000 
1.000000 
3.605551 
3.605551 
1.000000 
1.000000 
0.500000 
0.500000 
