0.000000 
0.000000 
0.000000 
0.000000 
2.061553 
2.061553 
0.000000 
0.000000 
1.500000 
1.500000 
2.236068 
2.236068 
0.000000 
0.000000 
0.000000 
0.000000 
0.000000 
0.000000 
3.000000 
3.000000 
1.500000 
1.500000 
1.802776 
1.802776 
0.000000 
0.000000 
0.000000 
0.000000 
0.000000 
0.000000 
1.000000 
1.000000 
3.000000 
3.000000 
1.500000 
1.500000 
1.802776 
1.802776 
1.581139 
1.581139 
0.000000 
0.000000 
0.000000 
0.000000 
1.000000 
1.000000 
2.061553 
2.061553 
1.500000 
1.500000 
1.802776 
1.802776 
0.000000 
0.000000 
0.000000 
0.000000 
0.000000 
0.000000 
1.000000 
1.000000 
6.500000 
6.500000 
1.500000 
1.500000 
1.802776 
1.802776 
1.000000 
1.000000 
0.000000 
0.000000 
0.000000 
0.000000 
1.000000 
1.000000 
3.000000 
3.000000 
1.500000 
1.500000 
1.802776 
1.802776 
0.707107 
0.707107 
0.000000 
0.000000 
0.000000 
0.000000 
1.000000 
1.000000 
3.500000 
3.500000 
1.500000 
1.500000 
1.802776 
1.802776 
0.500000 
0.500000 
0.000000 
0.000000 
0.000000 
0.000000 
1.000000 
1.000000 
1.581139 
1.581139 
1.500000 
1.500000 
1.802776 
1.802776 
0.500000 
0.500000 
0.000000 
0.000000 
0.000000 
0.000000 
1.000000 
1.000000 
4.031129 
4.031129 
1.500000 
1.500000 
1.802776 
1.802776 
0.707107 
0.707107 
0.000000 
0.000000 
0.000000 
0.000000 
1.000000 
1.000000 
2.549510 
2.549510 
1.500000 
1.500000 
1.802776 
1.802776 
0.000000 
0.000000 
0.000000 
0.000000 
0.000000 
0.000000 
1.000000 
1.000000 
2.000000 
2.000000 
1.500000 
1.500000 
1.802776 
1.802776 
0.000000 
0.000000 
0.000000 
0.000000 
0.000000 
0.000000 
1.000000 
1.000000 
1.500000 
1.500000 
1.500000 
1.500000 
1.802776 
1.802776 
0.500000 
0.500000 
0.000000 
0.000000 
0.000000 
0.000000 
1.000000 
1.000000 
1.118034 
1.118034 
1.500000 
1.500000 
1.802776 
1.802776 
0.500000 
0.500000 
0.000000 
0.000000 
0.000000 
0.000000 
1.000000 
1.000000 
1.802776 
1.802776 
1.500000 
1.500000 
1.802776 
1.802776 
5.500000 
5.500000 
0.000000 
0.000000 
0.000000 
0.000000 
1.000000 
1.000000 
1.000000 
1.000000 
1.500000 
1.500000 
1.802776 
1.802776 
0.000000 
0.000000 
1.000000 
1.000000 
0.000000 
0.000000 
0.000000 
0.000000 
1.000000 
1.000000 
5.024938 
5.024938 
1.802776 
1.802776 
0.000000 
0.000000 
1.000000 
1.000000 
1.000000 
1.000000 
5.024938 
5.024938 
0.000000 
0.000000 
1.000000 
1.000000 
5.024938 
5.024938 
0.000000 
0.000000 
1.000000 
1.000000 
3.162278 
3.162278 
0.000000 
0.000000 
3.905125 
3.905125 
1.000000 
1.000000 
0.000000 
0.000000 
0.000000 
0.000000 
1.118034 
1.118034 
0.000000 
0.000000 
0.500000 
0.500000 
1.118034 
1.118034 
0.000000 
0.000000 
0.000000 
0.000000 
0.707107 
0.707107 
0.000000 
0.000000 
0.000000 
0.000000 
0.707107 
0.707107 
3.535534 
3.535534 
1.118034 
1.118034 
0.000000 
0.000000 
1.118034 
1.118034 
1.000000 
1.000000 
1.118034 
1.118034 
0.000000 
0.000000 
1.118034 
1.118034 
0.500000 
0.500000 
1.500000 
1.500000 
0.000000 
0.000000 
5.522681 
5.522681 
1.118034 
1.118034 
0.500000 
0.500000 
0.000000 
0.000000 
1.118034 
1.118034 
0.707107 
0.707107 
1.000000 
1.000000 
0.000000 
0.000000 
0.707107 
0.707107 
0.707107 
0.707107 
0.500000 
0.500000 
0.000000 
0.000000 
0.707107 
0.707107 
0.707107 
0.707107 
0.500000 
0.500000 
2.000000 
2.000000 
0.000000 
0.000000 
0.707107 
0.707107 
1.118034 
1.118034 
0.707107 
0.707107 
1.000000 
1.000000 
1.118034 
1.118034 
0.000000 
0.000000 
0.707107 
0.707107 
1.118034 
1.118034 
1.000000 
1.000000 
0.000000 
0.000000 
1.000000 
1.000000 
1.118034 
1.118034 
0.707107 
0.707107 
2.000000 
2.000000 
1.000000 
1.000000 
1.118034 
1.118034 
0.707107 
0.707107 
1.581139 
1.581139 
1.000000 
1.000000 
1.118034 
1.118034 
0.500000 
0.500000 
