0.000000 
0.000000 
0.000000 
0.000000 
0.000000 
0.000000 
0.000000 
0.000000 
0.000000 
0.000000 
0.000000 
0.000000 
0.000000 
0.000000 
1.500000 
1.500000 
0.000000 
0.000000 
3.354102 
3.354102 
0.000000 
0.000000 
0.000000 
0.000000 
2.000000 
2.000000 
0.000000 
0.000000 
1.500000 
1.500000 
0.000000 
0.000000 
1.581139 
1.581139 
5.700877 
5.700877 
0.000000 
0.000000 
1.500000 
1.500000 
0.000000 
0.000000 
1.581139 
1.581139 
0.000000 
0.000000 
6.324555 
6.324555 
1.500000 
1.500000 
0.000000 
0.000000 
2.500000 
2.500000 
0.000000 
0.000000 
1.581139 
1.581139 
0.000000 
0.000000 
1.581139 
1.581139 
1.581139 
1.581139 
0.000000 
0.000000 
3.201562 
3.201562 
0.000000 
0.000000 
1.118034 
1.118034 
0.000000 
0.000000 
2.549510 
2.549510 
0.000000 
0.000000 
2.692582 
2.692582 
0.000000 
0.000000 
5.590170 
5.590170 
0.000000 
0.000000 
1.414214 
1.414214 
0.000000 
0.000000 
5.000000 
5.000000 
0.000000 
0.000000 
2.549510 
2.549510 
2.692582 
2.692582 
0.000000 
0.000000 
2.828427 
2.828427 
0.000000 
0.000000 
4.743416 
4.743416 
0.000000 
0.000000 
5.700877 
5.700877 
3.041381 
3.041381 
2.549510 
2.549510 
2.692582 
2.692582 
0.000000 
0.000000 
3.354102 
3.354102 
0.000000 
0.000000 
1.802776 
1.802776 
0.000000 
0.000000 
2.500000 
2.500000 
3.041381 
3.041381 
2.549510 
2.549510 
2.692582 
2.692582 
0.000000 
0.000000 
3.201562 
3.201562 
0.000000 
0.000000 
4.716991 
4.716991 
0.000000 
0.000000 
3.605551 
3.605551 
0.000000 
0.000000 
3.041381 
3.041381 
2.549510 
2.549510 
2.692582 
2.692582 
0.000000 
0.000000 
1.802776 
1.802776 
0.000000 
0.000000 
2.061553 
2.061553 
0.000000 
0.000000 
3.605551 
3.605551 
0.000000 
0.000000 
0.000000 
0.000000 
3.041381 
3.041381 
2.549510 
2.549510 
2.692582 
2.692582 
0.000000 
0.000000 
1.802776 
1.802776 
0.000000 
0.000000 
3.535534 
3.535534 
0.000000 
0.000000 
2.236068 
2.236068 
0.000000 
0.000000 
2.549510 
2.549510 
0.000000 
0.000000 
3.041381 
3.041381 
2.549510 
2.549510 
2.692582 
2.692582 
0.000000 
0.000000 
1.802776 
1.802776 
0.000000 
0.000000 
2.121320 
2.121320 
0.000000 
0.000000 
2.236068 
2.236068 
0.000000 
0.000000 
4.031129 
4.031129 
5.700877 
5.700877 
0.000000 
0.000000 
3.041381 
3.041381 
2.549510 
2.549510 
2.692582 
2.692582 
0.000000 
0.000000 
1.802776 
1.802776 
0.000000 
0.000000 
5.385165 
5.385165 
0.000000 
0.000000 
2.236068 
2.236068 
0.000000 
0.000000 
1.118034 
1.118034 
3.535534 
3.535534 
2.828427 
2.828427 
0.000000 
0.000000 
3.041381 
3.041381 
2.549510 
2.549510 
2.692582 
2.692582 
0.000000 
0.000000 
1.802776 
1.802776 
0.000000 
0.000000 
2.500000 
2.500000 
0.000000 
0.000000 
2.236068 
2.236068 
0.000000 
0.000000 
2.549510 
2.549510 
2.061553 
2.061553 
3.535534 
3.535534 
2.828427 
2.828427 
0.000000 
0.000000 
3.041381 
3.041381 
2.549510 
2.549510 
2.692582 
2.692582 
0.000000 
0.000000 
1.802776 
1.802776 
1.802776 
1.802776 
2.236068 
2.236068 
1.802776 
1.802776 
2.549510 
2.549510 
4.031129 
4.031129 
3.535534 
3.535534 
2.828427 
2.828427 
0.000000 
0.000000 
3.041381 
3.041381 
2.549510 
2.549510 
2.692582 
2.692582 
1.802776 
1.802776 
1.802776 
1.802776 
2.236068 
2.236068 
0.000000 
0.000000 
2.828427 
2.828427 
2.549510 
2.549510 
1.500000 
1.500000 
3.535534 
3.535534 
2.828427 
2.828427 
0.000000 
0.000000 
3.041381 
3.041381 
2.549510 
2.549510 
2.692582 
2.692582 
1.802776 
1.802776 
3.535534 
3.535534 
2.236068 
2.236068 
0.500000 
0.500000 
2.500000 
2.500000 
2.549510 
2.549510 
1.118034 
1.118034 
3.535534 
3.535534 
2.828427 
2.828427 
0.000000 
0.000000 
3.041381 
3.041381 
2.549510 
2.549510 
2.692582 
2.692582 
1.802776 
1.802776 
1.581139 
1.581139 
2.236068 
2.236068 
1.581139 
1.581139 
1.802776 
1.802776 
2.549510 
2.549510 
1.000000 
1.000000 
3.535534 
3.535534 
2.828427 
2.828427 
0.000000 
0.000000 
3.041381 
3.041381 
2.549510 
2.549510 
2.692582 
2.692582 
1.802776 
1.802776 
0.707107 
0.707107 
2.236068 
2.236068 
1.118034 
1.118034 
2.549510 
2.549510 
2.549510 
2.549510 
2.500000 
2.500000 
3.535534 
3.535534 
2.828427 
2.828427 
0.000000 
0.000000 
3.041381 
3.041381 
2.549510 
2.549510 
2.692582 
2.692582 
1.802776 
1.802776 
0.000000 
0.000000 
2.236068 
2.236068 
0.000000 
0.000000 
1.000000 
1.000000 
1.500000 
1.500000 
2.549510 
2.549510 
0.707107 
0.707107 
3.535534 
3.535534 
2.828427 
2.828427 
0.000000 
0.000000 
3.041381 
3.041381 
2.549510 
2.549510 
1.802776 
1.802776 
2.061553 
2.061553 
2.236068 
2.236068 
2.000000 
2.000000 
1.000000 
1.000000 
1.581139 
1.581139 
2.549510 
2.549510 
0.707107 
0.707107 
3.535534 
3.535534 
2.828427 
2.828427 
0.000000 
0.000000 
3.041381 
3.041381 
1.802776 
1.802776 
1.581139 
1.581139 
2.236068 
2.236068 
1.802776 
1.802776 
1.000000 
1.000000 
2.828427 
2.828427 
2.549510 
2.549510 
0.500000 
0.500000 
3.535534 
3.535534 
2.828427 
2.828427 
0.000000 
0.000000 
1.802776 
1.802776 
2.236068 
2.236068 
2.236068 
2.236068 
3.535534 
3.535534 
1.000000 
1.000000 
2.500000 
2.500000 
2.549510 
2.549510 
0.500000 
0.500000 
3.535534 
3.535534 
2.828427 
2.828427 
0.000000 
0.000000 
1.802776 
1.802776 
2.236068 
2.236068 
2.236068 
2.236068 
0.500000 
0.500000 
1.000000 
1.000000 
2.500000 
2.500000 
2.549510 
2.549510 
0.500000 
0.500000 
3.535534 
3.535534 
2.828427 
2.828427 
2.236068 
2.236068 
2.236068 
2.236068 
0.500000 
0.500000 
1.000000 
1.000000 
2.500000 
2.500000 
2.549510 
2.549510 
0.500000 
0.500000 
3.535534 
3.535534 
2.828427 
2.828427 
2.236068 
2.236068 
0.500000 
0.500000 
1.000000 
1.000000 
2.500000 
2.500000 
2.549510 
2.549510 
0.500000 
0.500000 
3.535534 
3.535534 
2.828427 
2.828427 
2.236068 
2.236068 
0.500000 
0.500000 
1.000000 
1.000000 
2.500000 
2.500000 
2.549510 
2.549510 
0.500000 
0.500000 
3.535534 
3.535534 
2.828427 
2.828427 
2.236068 
2.236068 
0.500000 
0.500000 
1.000000 
1.000000 
2.500000 
2.500000 
2.549510 
2.549510 
0.500000 
0.500000 
2.236068 
2.236068 
0.500000 
0.500000 
1.000000 
1.000000 
2.500000 
2.500000 
0.500000 
0.500000 
2.236068 
2.236068 
0.500000 
0.500000 
1.000000 
1.000000 
2.500000 
2.500000 
0.500000 
0.500000 
2.236068 
2.236068 
0.500000 
0.500000 
1.000000 
1.000000 
2.500000 
2.500000 
0.500000 
0.500000 
2.236068 
2.236068 
0.500000 
0.500000 
1.000000 
1.000000 
2.500000 
2.500000 
0.500000 
0.500000 
2.236068 
2.236068 
0.500000 
0.500000 
1.000000 
1.000000 
2.500000 
2.500000 
0.500000 
0.500000 
2.236068 
2.236068 
0.500000 
0.500000 
1.000000 
1.000000 
2.500000 
2.500000 
0.500000 
0.500000 
2.236068 
2.236068 
0.500000 
0.500000 
2.500000 
2.500000 
0.500000 
0.500000 
2.236068 
2.236068 
0.500000 
0.500000 
2.500000 
2.500000 
0.500000 
0.500000 
2.236068 
2.236068 
0.000000 
0.000000 
0.500000 
0.500000 
2.500000 
2.500000 
