0.000000 
0.000000 
0.000000 
0.000000 
0.000000 
0.000000 
0.000000 
0.000000 
0.000000 
0.000000 
0.000000 
0.000000 
1.581139 
1.581139 
0.707107 
0.707107 
0.707107 
0.707107 
1.581139 
1.581139 
0.000000 
0.000000 
0.000000 
0.000000 
2.549510 
2.549510 
0.500000 
0.500000 
1.118034 
1.118034 
1.802776 
1.802776 
0.000000 
0.000000 
0.000000 
0.000000 
0.000000 
0.000000 
1.414214 
1.414214 
0.500000 
0.500000 
0.500000 
0.500000 
1.802776 
1.802776 
3.354102 
3.354102 
0.000000 
0.000000 
0.000000 
0.000000 
0.000000 
0.000000 
0.707107 
0.707107 
0.500000 
0.500000 
1.802776 
1.802776 
1.118034 
1.118034 
0.000000 
0.000000 
0.000000 
0.000000 
0.500000 
0.500000 
0.500000 
0.500000 
1.118034 
1.118034 
2.121320 
2.121320 
0.000000 
0.000000 
0.500000 
0.500000 
0.000000 
0.000000 
0.000000 
0.000000 
0.500000 
0.500000 
0.500000 
0.500000 
0.500000 
0.500000 
1.000000 
1.000000 
0.000000 
0.000000 
0.707107 
0.707107 
1.118034 
1.118034 
0.000000 
0.000000 
0.000000 
0.000000 
0.707107 
0.707107 
1.118034 
1.118034 
2.692582 
2.692582 
4.123106 
4.123106 
2.500000 
2.500000 
0.707107 
0.707107 
2.915476 
2.915476 
0.000000 
0.000000 
0.000000 
0.000000 
0.500000 
0.500000 
1.581139 
1.581139 
1.118034 
1.118034 
1.118034 
1.118034 
2.061553 
2.061553 
4.500000 
4.500000 
1.000000 
1.000000 
0.000000 
0.000000 
0.000000 
0.000000 
0.707107 
0.707107 
1.000000 
1.000000 
0.500000 
0.500000 
1.414214 
1.414214 
1.118034 
1.118034 
0.500000 
0.500000 
0.000000 
0.000000 
0.000000 
0.000000 
0.000000 
0.000000 
0.707107 
0.707107 
0.500000 
0.500000 
1.000000 
1.000000 
2.000000 
2.000000 
1.000000 
1.000000 
0.500000 
0.500000 
0.000000 
0.000000 
0.000000 
0.000000 
0.000000 
0.000000 
0.707107 
0.707107 
2.000000 
2.000000 
1.118034 
1.118034 
4.472136 
4.472136 
3.640055 
3.640055 
0.500000 
0.500000 
0.500000 
0.500000 
0.000000 
0.000000 
0.000000 
0.000000 
0.000000 
0.000000 
0.500000 
0.500000 
1.000000 
1.000000 
1.581139 
1.581139 
0.500000 
0.500000 
0.500000 
0.500000 
0.500000 
0.500000 
0.000000 
0.000000 
0.000000 
0.000000 
0.000000 
0.000000 
0.707107 
0.707107 
1.118034 
1.118034 
1.581139 
1.581139 
1.000000 
1.000000 
0.000000 
0.000000 
0.500000 
0.500000 
0.000000 
0.000000 
0.000000 
0.000000 
1.000000 
1.000000 
1.000000 
1.000000 
2.915476 
2.915476 
3.535534 
3.535534 
1.118034 
1.118034 
0.707107 
0.707107 
2.061553 
2.061553 
0.000000 
0.000000 
0.500000 
0.500000 
1.118034 
1.118034 
0.500000 
0.500000 
1.118034 
1.118034 
0.000000 
0.000000 
0.707107 
0.707107 
3.041381 
3.041381 
1.118034 
1.118034 
0.000000 
0.000000 
0.500000 
0.500000 
0.500000 
0.500000 
0.500000 
0.500000 
2.236068 
2.236068 
0.000000 
0.000000 
0.000000 
0.000000 
0.500000 
0.500000 
1.118034 
1.118034 
0.500000 
0.500000 
1.802776 
1.802776 
0.000000 
0.000000 
2.549510 
2.549510 
0.500000 
0.500000 
0.500000 
0.500000 
0.500000 
0.500000 
1.000000 
1.000000 
0.500000 
0.500000 
1.000000 
1.000000 
0.500000 
0.500000 
3.354102 
3.354102 
1.118034 
1.118034 
0.000000 
0.000000 
0.500000 
0.500000 
0.707107 
0.707107 
0.500000 
0.500000 
1.581139 
1.581139 
0.500000 
0.500000 
2.236068 
2.236068 
0.000000 
0.000000 
0.500000 
0.500000 
0.500000 
0.500000 
0.000000 
0.000000 
0.500000 
0.500000 
0.500000 
0.500000 
1.000000 
1.000000 
1.500000 
1.500000 
2.236068 
2.236068 
3.041381 
3.041381 
3.000000 
3.000000 
0.707107 
0.707107 
0.500000 
0.500000 
0.500000 
0.500000 
0.500000 
0.500000 
1.118034 
1.118034 
2.549510 
2.549510 
2.236068 
2.236068 
3.535534 
3.535534 
1.118034 
1.118034 
0.707107 
0.707107 
0.500000 
0.500000 
1.118034 
1.118034 
0.500000 
0.500000 
0.500000 
0.500000 
3.354102 
3.354102 
2.236068 
2.236068 
0.000000 
0.000000 
3.535534 
3.535534 
0.000000 
0.000000 
0.000000 
0.000000 
1.118034 
1.118034 
0.500000 
0.500000 
0.500000 
0.500000 
1.118034 
1.118034 
2.061553 
2.061553 
2.236068 
2.236068 
3.000000 
3.000000 
3.535534 
3.535534 
1.118034 
1.118034 
0.707107 
0.707107 
3.535534 
3.535534 
1.500000 
1.500000 
0.500000 
0.500000 
0.500000 
0.500000 
5.000000 
5.000000 
2.236068 
2.236068 
3.535534 
3.535534 
3.535534 
3.535534 
1.000000 
1.000000 
0.000000 
0.000000 
3.535534 
3.535534 
0.500000 
0.500000 
0.500000 
0.500000 
0.500000 
0.500000 
1.500000 
1.500000 
2.236068 
2.236068 
0.000000 
0.000000 
3.535534 
3.535534 
3.535534 
3.535534 
1.000000 
1.000000 
4.500000 
4.500000 
3.535534 
3.535534 
5.000000 
5.000000 
0.500000 
0.500000 
1.118034 
1.118034 
4.123106 
4.123106 
2.236068 
2.236068 
3.535534 
3.535534 
3.535534 
3.535534 
3.535534 
3.535534 
1.000000 
1.000000 
3.500000 
3.500000 
3.535534 
3.535534 
1.000000 
1.000000 
0.500000 
0.500000 
1.581139 
1.581139 
4.123106 
4.123106 
2.236068 
2.236068 
0.000000 
0.000000 
3.535534 
3.535534 
3.535534 
3.535534 
3.535534 
3.535534 
1.000000 
1.000000 
4.301163 
4.301163 
3.535534 
3.535534 
1.000000 
1.000000 
0.500000 
0.500000 
2.000000 
2.000000 
4.123106 
4.123106 
2.236068 
2.236068 
0.000000 
0.000000 
3.500000 
3.500000 
3.535534 
3.535534 
3.535534 
3.535534 
3.535534 
3.535534 
1.000000 
1.000000 
5.000000 
5.000000 
3.535534 
3.535534 
1.000000 
1.000000 
0.500000 
0.500000 
2.061553 
2.061553 
4.123106 
4.123106 
2.236068 
2.236068 
0.000000 
0.000000 
3.041381 
3.041381 
3.500000 
3.500000 
3.535534 
3.535534 
3.535534 
3.535534 
3.535534 
3.535534 
1.000000 
1.000000 
3.535534 
3.535534 
3.535534 
3.535534 
1.000000 
1.000000 
2.549510 
2.549510 
4.123106 
4.123106 
2.236068 
2.236068 
0.000000 
0.000000 
0.000000 
0.000000 
3.041381 
3.041381 
3.500000 
3.500000 
3.535534 
3.535534 
3.535534 
3.535534 
3.535534 
3.535534 
1.000000 
1.000000 
3.535534 
3.535534 
3.535534 
3.535534 
1.000000 
1.000000 
1.118034 
1.118034 
4.123106 
4.123106 
2.236068 
2.236068 
5.852350 
5.852350 
0.000000 
0.000000 
3.041381 
3.041381 
3.500000 
3.500000 
3.535534 
3.535534 
3.535534 
3.535534 
3.535534 
3.535534 
1.000000 
1.000000 
3.535534 
3.535534 
3.535534 
3.535534 
1.000000 
1.000000 
5.385165 
5.385165 
4.123106 
4.123106 
2.236068 
2.236068 
0.000000 
0.000000 
0.000000 
0.000000 
6.576473 
6.576473 
0.000000 
0.000000 
3.041381 
3.041381 
3.500000 
3.500000 
3.535534 
3.535534 
3.535534 
3.535534 
3.535534 
3.535534 
1.000000 
1.000000 
3.535534 
3.535534 
3.535534 
3.535534 
1.000000 
1.000000 
2.500000 
2.500000 
4.123106 
4.123106 
2.236068 
2.236068 
0.000000 
0.000000 
0.000000 
0.000000 
0.000000 
0.000000 
0.000000 
0.000000 
6.576473 
6.576473 
0.000000 
0.000000 
3.041381 
3.041381 
3.500000 
3.500000 
3.535534 
3.535534 
3.535534 
3.535534 
3.535534 
3.535534 
1.000000 
1.000000 
3.535534 
3.535534 
3.535534 
3.535534 
1.000000 
1.000000 
2.549510 
2.549510 
4.123106 
4.123106 
0.000000 
0.000000 
0.000000 
0.000000 
2.000000 
2.000000 
1.500000 
1.500000 
0.000000 
0.000000 
0.000000 
0.000000 
6.576473 
6.576473 
0.000000 
0.000000 
3.041381 
3.041381 
3.500000 
3.500000 
3.535534 
3.535534 
3.535534 
3.535534 
3.535534 
3.535534 
1.000000 
1.000000 
3.535534 
3.535534 
3.535534 
3.535534 
1.000000 
1.000000 
2.061553 
2.061553 
4.123106 
4.123106 
1.000000 
1.000000 
2.236068 
2.236068 
1.581139 
1.581139 
3.041381 
3.041381 
0.000000 
0.000000 
0.000000 
0.000000 
6.576473 
6.576473 
0.000000 
0.000000 
3.041381 
3.041381 
3.500000 
3.500000 
3.535534 
3.535534 
3.535534 
3.535534 
3.535534 
3.535534 
1.000000 
1.000000 
3.535534 
3.535534 
3.535534 
3.535534 
1.000000 
1.000000 
2.000000 
2.000000 
4.123106 
4.123106 
2.061553 
2.061553 
2.236068 
2.236068 
2.000000 
2.000000 
3.000000 
3.000000 
0.000000 
0.000000 
0.000000 
0.000000 
6.576473 
6.576473 
0.000000 
0.000000 
3.041381 
3.041381 
3.500000 
3.500000 
3.535534 
3.535534 
3.535534 
3.535534 
1.000000 
1.000000 
3.535534 
3.535534 
3.535534 
3.535534 
1.000000 
1.000000 
5.500000 
5.500000 
4.123106 
4.123106 
2.061553 
2.061553 
2.236068 
2.236068 
1.581139 
1.581139 
6.082763 
6.082763 
0.000000 
0.000000 
0.000000 
0.000000 
4.242641 
4.242641 
0.000000 
0.000000 
3.041381 
3.041381 
3.500000 
3.500000 
3.535534 
3.535534 
3.535534 
3.535534 
1.000000 
1.000000 
3.535534 
3.535534 
3.535534 
3.535534 
1.000000 
1.000000 
1.802776 
1.802776 
4.123106 
4.123106 
