0.000000 
0.000000 
0.000000 
0.000000 
0.000000 
0.000000 
0.000000 
0.000000 
0.000000 
0.000000 
0.000000 
0.000000 
0.500000 
0.500000 
2.500000 
2.500000 
1.500000 
1.500000 
1.000000 
1.000000 
0.000000 
0.000000 
3.640055 
3.640055 
0.500000 
0.500000 
2.500000 
2.500000 
4.000000 
4.000000 
0.707107 
0.707107 
0.000000 
0.000000 
2.500000 
2.500000 
0.500000 
0.500000 
6.519202 
6.519202 
1.802776 
1.802776 
1.118034 
1.118034 
0.000000 
0.000000 
4.527693 
4.527693 
1.414214 
1.414214 
3.354102 
3.354102 
2.236068 
2.236068 
2.236068 
2.236068 
0.000000 
0.000000 
1.414214 
1.414214 
0.000000 
0.000000 
2.061553 
2.061553 
2.061553 
2.061553 
1.802776 
1.802776 
0.000000 
0.000000 
0.000000 
0.000000 
1.414214 
1.414214 
0.000000 
0.000000 
1.581139 
1.581139 
3.162278 
3.162278 
1.802776 
1.802776 
0.000000 
0.000000 
0.500000 
0.500000 
0.000000 
0.000000 
1.414214 
1.414214 
0.000000 
0.000000 
1.802776 
1.802776 
2.061553 
2.061553 
1.118034 
1.118034 
6.082763 
6.082763 
0.707107 
0.707107 
0.000000 
0.000000 
1.414214 
1.414214 
0.000000 
0.000000 
2.500000 
2.500000 
1.118034 
1.118034 
0.000000 
0.000000 
6.082763 
6.082763 
0.500000 
0.500000 
0.000000 
0.000000 
1.414214 
1.414214 
0.000000 
0.000000 
5.852350 
5.852350 
3.535534 
3.535534 
3.000000 
3.000000 
6.082763 
6.082763 
1.000000 
1.000000 
0.000000 
0.000000 
1.414214 
1.414214 
0.000000 
0.000000 
3.605551 
3.605551 
1.500000 
1.500000 
1.000000 
1.000000 
6.082763 
6.082763 
1.118034 
1.118034 
0.000000 
0.000000 
1.414214 
1.414214 
0.000000 
0.000000 
2.500000 
2.500000 
1.000000 
1.000000 
0.500000 
0.500000 
6.082763 
6.082763 
1.581139 
1.581139 
0.000000 
0.000000 
1.414214 
1.414214 
0.000000 
0.000000 
1.802776 
1.802776 
3.535534 
3.535534 
1.118034 
1.118034 
0.000000 
0.000000 
0.000000 
0.000000 
6.082763 
6.082763 
1.581139 
1.581139 
0.000000 
0.000000 
1.414214 
1.414214 
0.000000 
0.000000 
4.123106 
4.123106 
1.118034 
1.118034 
1.581139 
1.581139 
0.000000 
0.000000 
0.707107 
0.707107 
6.082763 
6.082763 
1.581139 
1.581139 
0.000000 
0.000000 
1.414214 
1.414214 
0.000000 
0.000000 
5.024938 
5.024938 
1.581139 
1.581139 
0.500000 
0.500000 
0.000000 
0.000000 
1.000000 
1.000000 
6.082763 
6.082763 
1.581139 
1.581139 
0.000000 
0.000000 
1.414214 
1.414214 
0.000000 
0.000000 
1.802776 
1.802776 
1.414214 
1.414214 
1.118034 
1.118034 
0.000000 
0.000000 
0.500000 
0.500000 
6.082763 
6.082763 
1.581139 
1.581139 
1.414214 
1.414214 
0.000000 
0.000000 
2.061553 
2.061553 
1.118034 
1.118034 
0.500000 
0.500000 
0.000000 
0.000000 
1.000000 
1.000000 
6.082763 
6.082763 
1.581139 
1.581139 
1.414214 
1.414214 
0.000000 
0.000000 
1.500000 
1.500000 
6.082763 
6.082763 
0.000000 
0.000000 
0.000000 
0.000000 
3.041381 
3.041381 
6.082763 
6.082763 
1.581139 
1.581139 
1.414214 
1.414214 
0.000000 
0.000000 
1.000000 
1.000000 
1.118034 
1.118034 
1.118034 
1.118034 
0.000000 
0.000000 
0.707107 
0.707107 
6.082763 
6.082763 
1.581139 
1.581139 
1.414214 
1.414214 
0.000000 
0.000000 
1.500000 
1.500000 
1.581139 
1.581139 
0.500000 
0.500000 
0.000000 
0.000000 
3.000000 
3.000000 
6.082763 
6.082763 
1.581139 
1.581139 
1.414214 
1.414214 
1.118034 
1.118034 
0.707107 
0.707107 
0.000000 
0.000000 
1.118034 
1.118034 
6.082763 
6.082763 
1.581139 
1.581139 
0.500000 
0.500000 
1.000000 
1.000000 
1.000000 
1.000000 
0.000000 
0.000000 
1.118034 
1.118034 
6.082763 
6.082763 
1.581139 
1.581139 
0.707107 
0.707107 
1.118034 
1.118034 
0.707107 
0.707107 
0.000000 
0.000000 
0.000000 
0.000000 
1.118034 
1.118034 
1.581139 
1.581139 
0.707107 
0.707107 
0.707107 
0.707107 
1.500000 
1.500000 
1.000000 
1.000000 
0.000000 
0.000000 
1.118034 
1.118034 
1.581139 
1.581139 
3.535534 
3.535534 
1.118034 
1.118034 
1.581139 
1.581139 
0.500000 
0.500000 
0.000000 
0.000000 
1.118034 
1.118034 
1.581139 
1.581139 
1.118034 
1.118034 
0.500000 
0.500000 
2.000000 
2.000000 
1.118034 
1.118034 
0.000000 
0.000000 
1.118034 
1.118034 
1.581139 
1.581139 
3.162278 
3.162278 
0.500000 
0.500000 
5.099020 
5.099020 
1.000000 
1.000000 
0.000000 
0.000000 
1.118034 
1.118034 
0.500000 
0.500000 
0.500000 
0.500000 
2.061553 
2.061553 
1.118034 
1.118034 
1.118034 
1.118034 
0.500000 
0.500000 
0.500000 
0.500000 
3.535534 
3.535534 
5.024938 
5.024938 
1.118034 
1.118034 
1.118034 
1.118034 
0.500000 
0.500000 
3.000000 
3.000000 
0.000000 
0.000000 
2.061553 
2.061553 
1.118034 
1.118034 
1.581139 
1.581139 
0.500000 
0.500000 
3.000000 
3.000000 
3.807887 
3.807887 
2.061553 
2.061553 
1.118034 
1.118034 
2.061553 
2.061553 
0.500000 
0.500000 
3.000000 
3.000000 
0.000000 
0.000000 
3.807887 
3.807887 
2.061553 
2.061553 
1.118034 
1.118034 
1.500000 
1.500000 
0.500000 
0.500000 
3.000000 
3.000000 
4.527693 
4.527693 
3.807887 
3.807887 
2.061553 
2.061553 
1.118034 
1.118034 
4.743416 
4.743416 
0.500000 
0.500000 
3.000000 
3.000000 
3.640055 
3.640055 
3.807887 
3.807887 
2.061553 
2.061553 
1.118034 
1.118034 
1.581139 
1.581139 
0.500000 
0.500000 
3.000000 
3.000000 
3.640055 
3.640055 
3.807887 
3.807887 
2.061553 
2.061553 
1.118034 
1.118034 
5.700877 
5.700877 
0.500000 
0.500000 
3.000000 
3.000000 
3.640055 
3.640055 
3.807887 
3.807887 
2.061553 
2.061553 
1.118034 
1.118034 
1.581139 
1.581139 
0.500000 
0.500000 
3.000000 
3.000000 
3.640055 
3.640055 
3.807887 
3.807887 
2.061553 
2.061553 
1.118034 
1.118034 
0.500000 
0.500000 
3.000000 
3.000000 
3.640055 
3.640055 
3.807887 
3.807887 
2.061553 
2.061553 
0.500000 
0.500000 
0.500000 
0.500000 
3.000000 
3.000000 
