0.000000 
0.000000 
0.000000 
0.000000 
0.000000 
0.000000 
0.000000 
0.000000 
0.707107 
0.707107 
1.000000 
1.000000 
2.000000 
2.000000 
0.500000 
0.500000 
0.500000 
0.500000 
1.414214 
1.414214 
4.609772 
4.609772 
0.500000 
0.500000 
0.000000 
0.000000 
1.000000 
1.000000 
4.123106 
4.123106 
2.236068 
2.236068 
0.707107 
0.707107 
1.118034 
1.118034 
0.707107 
0.707107 
1.000000 
1.000000 
1.802776 
1.802776 
0.707107 
0.707107 
0.000000 
0.000000 
1.000000 
1.000000 
1.118034 
1.118034 
0.707107 
0.707107 
2.500000 
2.500000 
0.707107 
0.707107 
0.000000 
0.000000 
0.000000 
0.000000 
0.500000 
0.500000 
1.000000 
1.000000 
0.500000 
0.500000 
0.500000 
0.500000 
2.236068 
2.236068 
3.535534 
3.535534 
1.000000 
1.000000 
2.061553 
2.061553 
1.000000 
1.000000 
1.000000 
1.000000 
0.500000 
0.500000 
1.118034 
1.118034 
6.082763 
6.082763 
0.500000 
0.500000 
1.500000 
1.500000 
1.500000 
1.500000 
1.118034 
1.118034 
1.000000 
1.000000 
0.500000 
0.500000 
1.414214 
1.414214 
1.581139 
1.581139 
0.000000 
0.000000 
0.000000 
0.000000 
0.000000 
0.000000 
1.500000 
1.500000 
1.500000 
1.500000 
0.500000 
0.500000 
1.000000 
1.000000 
0.000000 
0.000000 
2.061553 
2.061553 
1.500000 
1.500000 
0.000000 
0.000000 
3.201562 
3.201562 
1.000000 
1.000000 
1.500000 
1.500000 
1.500000 
1.500000 
0.500000 
0.500000 
1.000000 
1.000000 
0.500000 
0.500000 
1.802776 
1.802776 
2.061553 
2.061553 
0.707107 
0.707107 
1.500000 
1.500000 
2.061553 
2.061553 
1.500000 
1.500000 
1.500000 
1.500000 
0.707107 
0.707107 
1.000000 
1.000000 
0.707107 
0.707107 
0.500000 
0.500000 
2.061553 
2.061553 
0.500000 
0.500000 
0.000000 
0.000000 
5.000000 
5.000000 
2.061553 
2.061553 
1.500000 
1.500000 
1.500000 
1.500000 
0.000000 
0.000000 
1.000000 
1.000000 
3.000000 
3.000000 
0.500000 
0.500000 
1.802776 
1.802776 
0.500000 
0.500000 
0.000000 
0.000000 
2.061553 
2.061553 
1.500000 
1.500000 
2.061553 
2.061553 
1.500000 
1.500000 
1.500000 
1.500000 
0.707107 
0.707107 
1.000000 
1.000000 
1.000000 
1.000000 
0.500000 
0.500000 
1.118034 
1.118034 
1.118034 
1.118034 
0.000000 
0.000000 
0.000000 
0.000000 
0.500000 
0.500000 
2.061553 
2.061553 
3.041381 
3.041381 
2.061553 
2.061553 
1.500000 
1.500000 
1.500000 
1.500000 
0.707107 
0.707107 
1.000000 
1.000000 
0.500000 
0.500000 
0.500000 
0.500000 
1.118034 
1.118034 
0.707107 
0.707107 
2.061553 
2.061553 
1.500000 
1.500000 
1.581139 
1.581139 
2.061553 
2.061553 
2.549510 
2.549510 
2.061553 
2.061553 
1.500000 
1.500000 
1.500000 
1.500000 
1.118034 
1.118034 
1.000000 
1.000000 
1.118034 
1.118034 
0.500000 
0.500000 
1.118034 
1.118034 
1.118034 
1.118034 
0.000000 
0.000000 
0.000000 
0.000000 
2.061553 
2.061553 
1.500000 
1.500000 
2.500000 
2.500000 
2.061553 
2.061553 
2.000000 
2.000000 
2.061553 
2.061553 
1.500000 
1.500000 
1.500000 
1.500000 
0.500000 
0.500000 
1.000000 
1.000000 
0.500000 
0.500000 
0.500000 
0.500000 
1.118034 
1.118034 
0.000000 
0.000000 
1.581139 
1.581139 
2.692582 
2.692582 
2.061553 
2.061553 
1.500000 
1.500000 
2.061553 
2.061553 
2.061553 
2.061553 
5.000000 
5.000000 
2.061553 
2.061553 
1.500000 
1.500000 
1.500000 
1.500000 
0.500000 
0.500000 
1.000000 
1.000000 
1.118034 
1.118034 
0.500000 
0.500000 
1.118034 
1.118034 
1.000000 
1.000000 
0.000000 
0.000000 
1.581139 
1.581139 
0.707107 
0.707107 
2.061553 
2.061553 
1.500000 
1.500000 
1.581139 
1.581139 
2.061553 
2.061553 
1.000000 
1.000000 
2.061553 
2.061553 
1.500000 
1.500000 
1.500000 
1.500000 
0.500000 
0.500000 
1.000000 
1.000000 
0.707107 
0.707107 
0.500000 
0.500000 
1.118034 
1.118034 
0.707107 
0.707107 
1.500000 
1.500000 
1.581139 
1.581139 
4.743416 
4.743416 
2.061553 
2.061553 
1.500000 
1.500000 
1.581139 
1.581139 
2.061553 
2.061553 
2.061553 
2.061553 
2.061553 
2.061553 
1.500000 
1.500000 
1.500000 
1.500000 
0.500000 
0.500000 
1.000000 
1.000000 
0.707107 
0.707107 
0.500000 
0.500000 
1.118034 
1.118034 
0.000000 
0.000000 
0.000000 
0.000000 
1.500000 
1.500000 
1.581139 
1.581139 
1.581139 
1.581139 
2.061553 
2.061553 
1.500000 
1.500000 
5.000000 
5.000000 
2.061553 
2.061553 
2.500000 
2.500000 
2.061553 
2.061553 
1.500000 
1.500000 
1.500000 
1.500000 
0.500000 
0.500000 
0.707107 
0.707107 
0.500000 
0.500000 
1.118034 
1.118034 
5.385165 
5.385165 
1.581139 
1.581139 
1.500000 
1.500000 
1.581139 
1.581139 
1.581139 
1.581139 
2.061553 
2.061553 
1.500000 
1.500000 
2.549510 
2.549510 
2.061553 
2.061553 
2.500000 
2.500000 
2.061553 
2.061553 
1.500000 
1.500000 
1.500000 
1.500000 
0.500000 
0.500000 
0.707107 
0.707107 
0.500000 
0.500000 
1.118034 
1.118034 
1.000000 
1.000000 
1.581139 
1.581139 
1.500000 
1.500000 
1.581139 
1.581139 
2.000000 
2.000000 
2.061553 
2.061553 
1.500000 
1.500000 
2.549510 
2.549510 
2.061553 
2.061553 
1.000000 
1.000000 
2.061553 
2.061553 
1.500000 
1.500000 
1.500000 
1.500000 
0.500000 
0.500000 
0.707107 
0.707107 
0.500000 
0.500000 
1.118034 
1.118034 
0.707107 
0.707107 
0.000000 
0.000000 
0.000000 
0.000000 
1.581139 
1.581139 
1.500000 
1.500000 
1.581139 
1.581139 
1.581139 
1.581139 
2.061553 
2.061553 
1.500000 
1.500000 
2.000000 
2.000000 
2.061553 
2.061553 
1.000000 
1.000000 
2.061553 
2.061553 
0.500000 
0.500000 
0.707107 
0.707107 
0.500000 
0.500000 
1.118034 
1.118034 
0.707107 
0.707107 
3.162278 
3.162278 
1.581139 
1.581139 
1.581139 
1.581139 
1.500000 
1.500000 
1.581139 
1.581139 
2.000000 
2.000000 
2.061553 
2.061553 
1.500000 
1.500000 
6.000000 
6.000000 
2.061553 
2.061553 
1.000000 
1.000000 
2.061553 
2.061553 
0.500000 
0.500000 
0.707107 
0.707107 
0.500000 
0.500000 
1.118034 
1.118034 
1.500000 
1.500000 
0.000000 
0.000000 
2.500000 
2.500000 
1.581139 
1.581139 
1.581139 
1.581139 
1.500000 
1.500000 
1.581139 
1.581139 
2.000000 
2.000000 
2.061553 
2.061553 
1.500000 
1.500000 
2.500000 
2.500000 
2.061553 
2.061553 
1.000000 
1.000000 
2.061553 
2.061553 
0.500000 
0.500000 
0.707107 
0.707107 
0.500000 
0.500000 
1.118034 
1.118034 
4.743416 
4.743416 
0.000000 
0.000000 
1.581139 
1.581139 
2.000000 
2.000000 
1.581139 
1.581139 
1.581139 
1.581139 
1.500000 
1.500000 
1.581139 
1.581139 
2.000000 
2.000000 
2.061553 
2.061553 
1.500000 
1.500000 
3.000000 
3.000000 
2.061553 
2.061553 
1.000000 
1.000000 
0.500000 
0.500000 
0.707107 
0.707107 
0.500000 
0.500000 
1.118034 
1.118034 
1.118034 
1.118034 
0.000000 
0.000000 
0.000000 
0.000000 
1.000000 
1.000000 
1.581139 
1.581139 
2.000000 
2.000000 
1.581139 
1.581139 
1.581139 
1.581139 
1.500000 
1.500000 
1.581139 
1.581139 
2.000000 
2.000000 
2.061553 
2.061553 
1.500000 
1.500000 
3.000000 
3.000000 
2.061553 
2.061553 
1.000000 
1.000000 
0.500000 
0.500000 
0.707107 
0.707107 
1.118034 
1.118034 
0.707107 
0.707107 
2.061553 
2.061553 
0.000000 
0.000000 
2.549510 
2.549510 
1.581139 
1.581139 
2.000000 
2.000000 
1.581139 
1.581139 
1.581139 
1.581139 
1.500000 
1.500000 
1.581139 
1.581139 
2.000000 
2.000000 
2.061553 
2.061553 
1.500000 
1.500000 
5.522681 
5.522681 
1.000000 
1.000000 
0.500000 
0.500000 
0.707107 
0.707107 
0.500000 
0.500000 
0.000000 
0.000000 
2.061553 
2.061553 
4.031129 
4.031129 
1.581139 
1.581139 
1.581139 
1.581139 
2.000000 
2.000000 
1.581139 
1.581139 
1.581139 
1.581139 
1.500000 
1.500000 
1.581139 
1.581139 
2.000000 
2.000000 
2.061553 
2.061553 
1.500000 
1.500000 
3.041381 
3.041381 
1.000000 
1.000000 
0.500000 
0.500000 
0.707107 
0.707107 
0.000000 
0.000000 
1.581139 
1.581139 
2.061553 
2.061553 
2.500000 
2.500000 
1.581139 
1.581139 
1.581139 
1.581139 
2.000000 
2.000000 
1.581139 
1.581139 
1.581139 
1.581139 
1.500000 
1.500000 
1.581139 
1.581139 
2.000000 
2.000000 
3.041381 
3.041381 
1.000000 
1.000000 
0.500000 
0.500000 
0.707107 
0.707107 
1.118034 
1.118034 
1.581139 
1.581139 
2.061553 
2.061553 
1.500000 
1.500000 
1.118034 
1.118034 
1.581139 
1.581139 
2.000000 
2.000000 
1.581139 
1.581139 
1.581139 
1.581139 
1.500000 
1.500000 
1.581139 
1.581139 
2.000000 
2.000000 
3.041381 
3.041381 
1.000000 
1.000000 
0.707107 
0.707107 
0.707107 
0.707107 
0.000000 
0.000000 
0.000000 
0.000000 
0.000000 
0.000000 
1.581139 
1.581139 
2.061553 
2.061553 
1.500000 
1.500000 
5.099020 
5.099020 
1.581139 
1.581139 
2.000000 
2.000000 
1.581139 
1.581139 
1.581139 
1.581139 
1.500000 
1.500000 
2.000000 
2.000000 
3.041381 
3.041381 
1.000000 
1.000000 
0.707107 
0.707107 
1.000000 
1.000000 
2.000000 
2.000000 
0.000000 
0.000000 
2.061553 
2.061553 
1.581139 
1.581139 
2.061553 
2.061553 
1.500000 
1.500000 
2.549510 
2.549510 
1.581139 
1.581139 
2.000000 
2.000000 
1.581139 
1.581139 
1.581139 
1.581139 
1.500000 
1.500000 
2.000000 
2.000000 
3.041381 
3.041381 
1.000000 
1.000000 
2.061553 
2.061553 
0.000000 
0.000000 
0.000000 
0.000000 
2.000000 
2.000000 
0.000000 
0.000000 
3.500000 
3.500000 
1.581139 
1.581139 
2.061553 
2.061553 
1.500000 
1.500000 
2.500000 
2.500000 
1.581139 
1.581139 
2.000000 
2.000000 
1.581139 
1.581139 
1.581139 
1.581139 
2.000000 
2.000000 
3.041381 
3.041381 
1.000000 
1.000000 
1.118034 
1.118034 
0.000000 
0.000000 
0.000000 
0.000000 
0.000000 
0.000000 
2.000000 
2.000000 
0.000000 
0.000000 
3.500000 
3.500000 
1.581139 
1.581139 
2.061553 
2.061553 
1.500000 
1.500000 
3.041381 
3.041381 
1.581139 
1.581139 
2.000000 
2.000000 
1.581139 
1.581139 
1.581139 
1.581139 
2.000000 
2.000000 
3.041381 
3.041381 
1.000000 
1.000000 
2.000000 
2.000000 
0.000000 
0.000000 
3.535534 
3.535534 
0.000000 
0.000000 
0.000000 
0.000000 
2.000000 
2.000000 
0.000000 
0.000000 
3.500000 
3.500000 
1.581139 
1.581139 
2.061553 
2.061553 
1.500000 
1.500000 
3.041381 
3.041381 
1.581139 
1.581139 
2.000000 
2.000000 
1.581139 
1.581139 
1.581139 
1.581139 
2.000000 
2.000000 
3.041381 
3.041381 
1.000000 
1.000000 
2.000000 
2.000000 
0.000000 
0.000000 
1.802776 
1.802776 
0.000000 
0.000000 
0.000000 
0.000000 
2.000000 
2.000000 
0.000000 
0.000000 
3.500000 
3.500000 
1.581139 
1.581139 
2.061553 
2.061553 
1.500000 
1.500000 
3.041381 
3.041381 
1.581139 
1.581139 
2.000000 
2.000000 
1.581139 
1.581139 
2.000000 
2.000000 
3.041381 
3.041381 
2.000000 
2.000000 
0.000000 
0.000000 
0.000000 
0.000000 
1.802776 
1.802776 
0.000000 
0.000000 
0.000000 
0.000000 
2.000000 
2.000000 
0.000000 
0.000000 
3.500000 
3.500000 
1.581139 
1.581139 
2.061553 
2.061553 
1.500000 
1.500000 
3.041381 
3.041381 
1.581139 
1.581139 
2.000000 
2.000000 
1.581139 
1.581139 
2.000000 
2.000000 
3.041381 
3.041381 
2.000000 
2.000000 
