0.000000 
0.000000 
0.000000 
0.000000 
0.000000 
0.000000 
0.000000 
0.000000 
0.000000 
0.000000 
0.000000 
0.000000 
0.000000 
0.000000 
0.000000 
0.000000 
0.000000 
0.000000 
0.000000 
0.000000 
0.000000 
0.000000 
0.000000 
0.000000 
0.000000 
0.000000 
0.000000 
0.000000 
0.000000 
0.000000 
1.000000 
1.000000 
0.000000 
0.000000 
0.000000 
0.000000 
1.581139 
1.581139 
0.000000 
0.000000 
0.000000 
0.000000 
1.581139 
1.581139 
0.000000 
0.000000 
0.000000 
0.000000 
1.581139 
1.581139 
0.000000 
0.000000 
0.000000 
0.000000 
1.581139 
1.581139 
0.000000 
0.000000 
0.000000 
0.000000 
0.000000 
0.000000 
8.860023 
8.860023 
0.000000 
0.000000 
0.000000 
0.000000 
1.000000 
1.000000 
0.500000 
0.500000 
0.000000 
0.000000 
0.000000 
0.000000 
0.500000 
0.500000 
1.118034 
1.118034 
0.000000 
0.000000 
0.000000 
0.000000 
0.500000 
0.500000 
1.500000 
1.500000 
1.414214 
1.414214 
0.707107 
0.707107 
4.743416 
4.743416 
1.500000 
1.500000 
4.743416 
4.743416 
0.500000 
0.500000 
4.743416 
4.743416 
0.707107 
0.707107 
4.743416 
4.743416 
1.000000 
1.000000 
0.000000 
0.000000 
4.743416 
4.743416 
0.500000 
0.500000 
1.581139 
1.581139 
4.743416 
4.743416 
0.707107 
0.707107 
2.549510 
2.549510 
4.743416 
4.743416 
1.118034 
1.118034 
0.000000 
0.000000 
2.061553 
2.061553 
4.743416 
4.743416 
0.500000 
0.500000 
2.692582 
2.692582 
2.061553 
2.061553 
4.743416 
4.743416 
1.581139 
1.581139 
3.354102 
3.354102 
0.707107 
0.707107 
4.743416 
4.743416 
0.000000 
0.000000 
2.000000 
2.000000 
0.707107 
0.707107 
4.743416 
4.743416 
1.118034 
1.118034 
0.000000 
0.000000 
5.000000 
5.000000 
0.500000 
0.500000 
4.743416 
4.743416 
1.118034 
1.118034 
0.000000 
0.000000 
0.000000 
0.000000 
1.500000 
1.500000 
0.500000 
0.500000 
4.743416 
4.743416 
1.118034 
1.118034 
0.707107 
0.707107 
0.000000 
0.000000 
1.500000 
1.500000 
0.500000 
0.500000 
4.743416 
4.743416 
1.581139 
1.581139 
1.414214 
1.414214 
0.000000 
0.000000 
2.000000 
2.000000 
0.500000 
0.500000 
4.743416 
4.743416 
0.500000 
0.500000 
2.061553 
2.061553 
0.000000 
0.000000 
2.000000 
2.000000 
0.500000 
0.500000 
1.500000 
1.500000 
0.000000 
0.000000 
1.000000 
1.000000 
0.000000 
0.000000 
2.000000 
2.000000 
0.500000 
0.500000 
6.082763 
6.082763 
0.707107 
0.707107 
1.802776 
1.802776 
0.000000 
0.000000 
4.527693 
4.527693 
0.500000 
0.500000 
2.236068 
2.236068 
2.000000 
2.000000 
2.236068 
2.236068 
0.000000 
0.000000 
0.707107 
0.707107 
0.500000 
0.500000 
0.707107 
0.707107 
0.000000 
0.000000 
0.500000 
0.500000 
0.707107 
0.707107 
0.000000 
0.000000 
1.500000 
1.500000 
0.500000 
0.500000 
1.581139 
1.581139 
1.000000 
1.000000 
0.000000 
0.000000 
2.236068 
2.236068 
0.000000 
0.000000 
1.000000 
1.000000 
0.500000 
0.500000 
1.581139 
1.581139 
1.414214 
1.414214 
0.000000 
0.000000 
4.472136 
4.472136 
0.000000 
0.000000 
1.500000 
1.500000 
0.500000 
0.500000 
1.581139 
1.581139 
