0.000000 
0.000000 
0.000000 
0.000000 
0.000000 
0.000000 
0.000000 
0.000000 
3.500000 
3.500000 
2.692582 
2.692582 
3.535534 
3.535534 
1.118034 
1.118034 
4.272002 
4.272002 
2.692582 
2.692582 
7.000000 
7.000000 
3.354102 
3.354102 
6.670832 
6.670832 
2.692582 
2.692582 
3.500000 
3.500000 
1.000000 
1.000000 
0.000000 
0.000000 
6.519202 
6.519202 
2.692582 
2.692582 
3.354102 
3.354102 
0.000000 
0.000000 
1.581139 
1.581139 
4.242641 
4.242641 
2.692582 
2.692582 
2.061553 
2.061553 
1.118034 
1.118034 
0.000000 
0.000000 
1.581139 
1.581139 
3.605551 
3.605551 
2.692582 
2.692582 
2.061553 
2.061553 
1.581139 
1.581139 
0.000000 
0.000000 
4.500000 
4.500000 
1.118034 
1.118034 
3.605551 
3.605551 
2.692582 
2.692582 
2.061553 
2.061553 
1.581139 
1.581139 
0.000000 
0.000000 
2.000000 
2.000000 
1.802776 
1.802776 
3.605551 
3.605551 
2.692582 
2.692582 
2.061553 
2.061553 
1.581139 
1.581139 
0.000000 
0.000000 
0.000000 
0.000000 
1.500000 
1.500000 
1.414214 
1.414214 
3.605551 
3.605551 
2.692582 
2.692582 
2.061553 
2.061553 
1.581139 
1.581139 
0.000000 
0.000000 
0.000000 
0.000000 
0.000000 
0.000000 
0.000000 
0.000000 
2.549510 
2.549510 
1.414214 
1.414214 
3.605551 
3.605551 
2.692582 
2.692582 
2.061553 
2.061553 
1.581139 
1.581139 
0.000000 
0.000000 
0.000000 
0.000000 
4.527693 
4.527693 
0.000000 
0.000000 
0.000000 
0.000000 
1.118034 
1.118034 
1.414214 
1.414214 
3.605551 
3.605551 
2.692582 
2.692582 
2.061553 
2.061553 
1.581139 
1.581139 
0.000000 
0.000000 
0.000000 
0.000000 
0.500000 
0.500000 
0.000000 
0.000000 
0.000000 
0.000000 
0.707107 
0.707107 
1.414214 
1.414214 
3.605551 
3.605551 
2.692582 
2.692582 
2.061553 
2.061553 
1.581139 
1.581139 
0.000000 
0.000000 
0.000000 
0.000000 
0.500000 
0.500000 
0.000000 
0.000000 
0.000000 
0.000000 
4.609772 
4.609772 
1.414214 
1.414214 
3.605551 
3.605551 
2.692582 
2.692582 
2.061553 
2.061553 
1.581139 
1.581139 
0.000000 
0.000000 
0.000000 
0.000000 
0.500000 
0.500000 
0.000000 
0.000000 
0.000000 
0.000000 
0.707107 
0.707107 
1.414214 
1.414214 
3.605551 
3.605551 
2.692582 
2.692582 
2.061553 
2.061553 
1.581139 
1.581139 
0.000000 
0.000000 
0.000000 
0.000000 
7.516648 
7.516648 
0.000000 
0.000000 
0.000000 
0.000000 
1.118034 
1.118034 
1.414214 
1.414214 
3.605551 
3.605551 
2.692582 
2.692582 
2.061553 
2.061553 
1.581139 
1.581139 
0.000000 
0.000000 
0.000000 
0.000000 
1.118034 
1.118034 
0.000000 
0.000000 
0.000000 
0.000000 
5.522681 
5.522681 
1.414214 
1.414214 
3.605551 
3.605551 
2.061553 
2.061553 
1.581139 
1.581139 
0.000000 
0.000000 
0.000000 
0.000000 
2.236068 
2.236068 
0.000000 
0.000000 
0.000000 
0.000000 
5.522681 
5.522681 
1.414214 
1.414214 
3.605551 
3.605551 
2.061553 
2.061553 
1.581139 
1.581139 
0.000000 
0.000000 
0.000000 
0.000000 
2.236068 
2.236068 
0.000000 
0.000000 
0.000000 
0.000000 
5.522681 
5.522681 
2.915476 
2.915476 
3.605551 
3.605551 
2.061553 
2.061553 
1.581139 
1.581139 
0.000000 
0.000000 
0.000000 
0.000000 
2.236068 
2.236068 
0.000000 
0.000000 
0.000000 
0.000000 
5.522681 
5.522681 
1.581139 
1.581139 
3.605551 
3.605551 
2.061553 
2.061553 
1.581139 
1.581139 
0.000000 
0.000000 
0.000000 
0.000000 
2.236068 
2.236068 
0.000000 
0.000000 
0.000000 
0.000000 
5.522681 
5.522681 
2.549510 
2.549510 
3.605551 
3.605551 
1.581139 
1.581139 
0.000000 
0.000000 
0.000000 
0.000000 
2.236068 
2.236068 
0.000000 
0.000000 
0.000000 
0.000000 
5.522681 
5.522681 
2.500000 
2.500000 
0.000000 
0.000000 
0.000000 
0.000000 
0.000000 
0.000000 
2.236068 
2.236068 
0.000000 
0.000000 
5.522681 
5.522681 
2.500000 
2.500000 
4.301163 
4.301163 
0.000000 
0.000000 
0.000000 
0.000000 
2.236068 
2.236068 
0.000000 
0.000000 
5.522681 
5.522681 
2.500000 
2.500000 
4.301163 
4.301163 
0.000000 
0.000000 
0.000000 
0.000000 
2.236068 
2.236068 
5.522681 
5.522681 
2.500000 
2.500000 
0.000000 
0.000000 
4.301163 
4.301163 
0.000000 
0.000000 
2.236068 
2.236068 
5.522681 
5.522681 
2.500000 
2.500000 
0.000000 
0.000000 
0.000000 
0.000000 
4.301163 
4.301163 
2.236068 
2.236068 
5.522681 
5.522681 
2.500000 
2.500000 
4.301163 
4.301163 
0.000000 
0.000000 
4.301163 
4.301163 
2.236068 
2.236068 
5.522681 
5.522681 
2.500000 
2.500000 
4.301163 
4.301163 
0.000000 
0.000000 
4.301163 
4.301163 
2.236068 
2.236068 
5.522681 
5.522681 
2.500000 
2.500000 
4.301163 
4.301163 
0.000000 
0.000000 
4.301163 
4.301163 
2.236068 
2.236068 
5.522681 
5.522681 
2.500000 
2.500000 
4.301163 
4.301163 
0.000000 
0.000000 
4.301163 
4.301163 
2.236068 
2.236068 
5.522681 
5.522681 
2.500000 
2.500000 
4.301163 
4.301163 
0.000000 
0.000000 
4.301163 
4.301163 
2.236068 
2.236068 
2.500000 
2.500000 
4.301163 
4.301163 
0.000000 
0.000000 
4.301163 
4.301163 
2.500000 
2.500000 
4.301163 
4.301163 
0.000000 
0.000000 
4.301163 
4.301163 
2.500000 
2.500000 
4.301163 
4.301163 
0.000000 
0.000000 
4.301163 
4.301163 
2.500000 
2.500000 
4.301163 
4.301163 
0.000000 
0.000000 
4.301163 
4.301163 
2.500000 
2.500000 
4.301163 
4.301163 
0.000000 
0.000000 
4.301163 
4.301163 
0.000000 
0.000000 
4.301163 
4.301163 
0.000000 
0.000000 
4.301163 
4.301163 
0.000000 
0.000000 
4.301163 
4.301163 
0.000000 
0.000000 
