0.000000 
0.000000 
0.000000 
0.000000 
0.000000 
0.000000 
0.000000 
0.000000 
0.000000 
0.000000 
0.000000 
0.000000 
1.000000 
1.000000 
1.118034 
1.118034 
0.707107 
0.707107 
1.500000 
1.500000 
0.000000 
0.000000 
0.000000 
0.000000 
0.000000 
0.000000 
1.118034 
1.118034 
1.118034 
1.118034 
0.500000 
0.500000 
1.500000 
1.500000 
0.000000 
0.000000 
0.000000 
0.000000 
2.000000 
2.000000 
3.162278 
3.162278 
0.000000 
0.000000 
4.272002 
4.272002 
1.118034 
1.118034 
1.118034 
1.118034 
1.500000 
1.500000 
0.000000 
0.000000 
1.118034 
1.118034 
2.000000 
2.000000 
3.605551 
3.605551 
0.000000 
0.000000 
0.500000 
0.500000 
1.118034 
1.118034 
1.000000 
1.000000 
1.500000 
1.500000 
0.000000 
0.000000 
0.000000 
0.000000 
0.000000 
0.000000 
2.000000 
2.000000 
3.605551 
3.605551 
0.000000 
0.000000 
1.118034 
1.118034 
1.118034 
1.118034 
0.500000 
0.500000 
1.500000 
1.500000 
2.000000 
2.000000 
0.000000 
0.000000 
0.500000 
0.500000 
2.236068 
2.236068 
3.605551 
3.605551 
0.000000 
0.000000 
0.500000 
0.500000 
1.118034 
1.118034 
0.500000 
0.500000 
1.500000 
1.500000 
3.162278 
3.162278 
0.000000 
0.000000 
0.500000 
0.500000 
1.118034 
1.118034 
3.605551 
3.605551 
0.000000 
0.000000 
0.500000 
0.500000 
1.118034 
1.118034 
0.000000 
0.000000 
1.500000 
1.500000 
2.549510 
2.549510 
0.000000 
0.000000 
0.500000 
0.500000 
4.527693 
4.527693 
3.605551 
3.605551 
0.000000 
0.000000 
0.707107 
0.707107 
1.118034 
1.118034 
0.500000 
0.500000 
1.500000 
1.500000 
0.000000 
0.000000 
2.549510 
2.549510 
0.000000 
0.000000 
1.000000 
1.000000 
1.802776 
1.802776 
3.605551 
3.605551 
0.000000 
0.000000 
0.500000 
0.500000 
1.118034 
1.118034 
3.535534 
3.535534 
1.500000 
1.500000 
1.581139 
1.581139 
2.549510 
2.549510 
0.000000 
0.000000 
1.118034 
1.118034 
1.581139 
1.581139 
3.605551 
3.605551 
0.000000 
0.000000 
0.000000 
0.000000 
1.118034 
1.118034 
0.707107 
0.707107 
1.500000 
1.500000 
2.061553 
2.061553 
2.549510 
2.549510 
0.000000 
0.000000 
0.707107 
0.707107 
1.802776 
1.802776 
3.605551 
3.605551 
0.000000 
0.000000 
0.000000 
0.000000 
1.118034 
1.118034 
0.500000 
0.500000 
1.500000 
1.500000 
1.581139 
1.581139 
2.549510 
2.549510 
0.000000 
0.000000 
0.000000 
0.000000 
1.802776 
1.802776 
3.605551 
3.605551 
0.000000 
0.000000 
0.000000 
0.000000 
1.118034 
1.118034 
0.000000 
0.000000 
1.500000 
1.500000 
0.500000 
0.500000 
2.549510 
2.549510 
0.000000 
0.000000 
0.000000 
0.000000 
1.000000 
1.000000 
3.605551 
3.605551 
0.000000 
0.000000 
0.500000 
0.500000 
1.118034 
1.118034 
0.000000 
0.000000 
1.500000 
1.500000 
1.000000 
1.000000 
2.549510 
2.549510 
0.000000 
0.000000 
1.118034 
1.118034 
1.414214 
1.414214 
3.605551 
3.605551 
0.000000 
0.000000 
0.000000 
0.000000 
1.118034 
1.118034 
0.500000 
0.500000 
1.500000 
1.500000 
2.061553 
2.061553 
2.549510 
2.549510 
0.000000 
0.000000 
0.500000 
0.500000 
1.581139 
1.581139 
3.605551 
3.605551 
0.707107 
0.707107 
1.118034 
1.118034 
0.500000 
0.500000 
1.500000 
1.500000 
2.549510 
2.549510 
2.549510 
2.549510 
0.000000 
0.000000 
0.707107 
0.707107 
4.609772 
4.609772 
3.605551 
3.605551 
0.707107 
0.707107 
0.000000 
0.000000 
2.549510 
2.549510 
2.549510 
2.549510 
0.000000 
0.000000 
1.000000 
1.000000 
1.414214 
1.414214 
3.605551 
3.605551 
0.707107 
0.707107 
0.500000 
0.500000 
2.549510 
2.549510 
2.549510 
2.549510 
0.500000 
0.500000 
1.581139 
1.581139 
3.605551 
3.605551 
0.500000 
0.500000 
1.118034 
1.118034 
0.000000 
0.000000 
2.549510 
2.549510 
2.549510 
2.549510 
1.118034 
1.118034 
1.500000 
1.500000 
5.220153 
5.220153 
1.118034 
1.118034 
1.118034 
1.118034 
2.549510 
2.549510 
2.549510 
2.549510 
1.000000 
1.000000 
2.000000 
2.000000 
0.000000 
0.000000 
0.500000 
0.500000 
1.118034 
1.118034 
2.549510 
2.549510 
2.549510 
2.549510 
1.118034 
1.118034 
3.201562 
3.201562 
0.500000 
0.500000 
0.707107 
0.707107 
0.500000 
0.500000 
2.549510 
2.549510 
2.549510 
2.549510 
1.000000 
1.000000 
4.301163 
4.301163 
0.707107 
0.707107 
0.500000 
0.500000 
0.500000 
0.500000 
2.549510 
2.549510 
0.707107 
0.707107 
5.590170 
5.590170 
0.707107 
0.707107 
0.500000 
0.500000 
0.000000 
0.000000 
0.500000 
0.500000 
2.549510 
2.549510 
0.500000 
0.500000 
1.500000 
1.500000 
0.500000 
0.500000 
0.000000 
0.000000 
0.000000 
0.000000 
0.500000 
0.500000 
2.549510 
2.549510 
0.500000 
0.500000 
1.118034 
1.118034 
0.500000 
0.500000 
0.500000 
0.500000 
0.000000 
0.000000 
0.500000 
0.500000 
2.549510 
2.549510 
1.118034 
1.118034 
1.118034 
1.118034 
0.000000 
0.000000 
0.500000 
0.500000 
0.000000 
0.000000 
0.000000 
0.000000 
0.500000 
0.500000 
2.549510 
2.549510 
0.000000 
0.000000 
1.118034 
1.118034 
0.707107 
0.707107 
0.707107 
0.707107 
3.162278 
3.162278 
0.000000 
0.000000 
0.500000 
0.500000 
2.549510 
2.549510 
1.000000 
1.000000 
1.118034 
1.118034 
0.707107 
0.707107 
1.118034 
1.118034 
7.433034 
7.433034 
0.000000 
0.000000 
0.500000 
0.500000 
2.549510 
2.549510 
5.385165 
5.385165 
1.118034 
1.118034 
1.000000 
1.000000 
0.500000 
0.500000 
3.354102 
3.354102 
0.000000 
0.000000 
0.500000 
0.500000 
2.549510 
2.549510 
0.500000 
0.500000 
1.118034 
1.118034 
1.118034 
1.118034 
0.707107 
0.707107 
3.535534 
3.535534 
0.000000 
0.000000 
0.500000 
0.500000 
0.500000 
0.500000 
1.118034 
1.118034 
1.000000 
1.000000 
0.500000 
0.500000 
0.000000 
0.000000 
3.535534 
3.535534 
0.000000 
0.000000 
0.500000 
0.500000 
1.000000 
1.000000 
1.118034 
1.118034 
1.581139 
1.581139 
0.500000 
0.500000 
4.123106 
4.123106 
3.535534 
3.535534 
0.000000 
0.000000 
0.500000 
0.500000 
1.500000 
1.500000 
1.118034 
1.118034 
1.118034 
1.118034 
0.000000 
0.000000 
3.640055 
3.640055 
3.535534 
3.535534 
0.000000 
0.000000 
0.500000 
0.500000 
0.707107 
0.707107 
1.118034 
1.118034 
1.500000 
1.500000 
0.500000 
0.500000 
5.700877 
5.700877 
3.535534 
3.535534 
0.000000 
0.000000 
0.500000 
0.500000 
1.500000 
1.500000 
1.118034 
1.118034 
0.707107 
0.707107 
0.500000 
0.500000 
3.041381 
3.041381 
3.535534 
3.535534 
0.000000 
0.000000 
0.500000 
0.500000 
0.500000 
0.500000 
1.118034 
1.118034 
5.099020 
5.099020 
0.000000 
0.000000 
4.609772 
4.609772 
3.535534 
3.535534 
0.000000 
0.000000 
0.000000 
0.000000 
1.118034 
1.118034 
1.581139 
1.581139 
0.707107 
0.707107 
0.000000 
0.000000 
2.549510 
2.549510 
3.535534 
3.535534 
0.000000 
0.000000 
1.118034 
1.118034 
1.118034 
1.118034 
2.000000 
2.000000 
0.500000 
0.500000 
