0.000000 
0.000000 
0.000000 
0.000000 
0.000000 
0.000000 
0.000000 
0.000000 
7.433034 
7.433034 
0.000000 
0.000000 
6.020797 
6.020797 
3.354102 
3.354102 
5.522681 
5.522681 
0.000000 
0.000000 
2.236068 
2.236068 
3.905125 
3.905125 
1.000000 
1.000000 
0.000000 
0.000000 
2.236068 
2.236068 
2.236068 
2.236068 
6.184658 
6.184658 
0.000000 
0.000000 
0.707107 
0.707107 
5.024938 
5.024938 
7.071068 
7.071068 
0.000000 
0.000000 
0.707107 
0.707107 
1.581139 
1.581139 
0.707107 
0.707107 
0.000000 
0.000000 
0.500000 
0.500000 
5.000000 
5.000000 
0.000000 
0.000000 
0.000000 
0.000000 
1.118034 
1.118034 
2.000000 
2.000000 
0.000000 
0.000000 
1.581139 
1.581139 
0.000000 
0.000000 
1.802776 
1.802776 
2.000000 
2.000000 
0.000000 
0.000000 
2.000000 
2.000000 
0.000000 
0.000000 
2.236068 
2.236068 
2.000000 
2.000000 
0.000000 
0.000000 
2.000000 
2.000000 
0.000000 
0.000000 
2.236068 
2.236068 
2.000000 
2.000000 
0.000000 
0.000000 
0.000000 
0.000000 
2.000000 
2.000000 
0.000000 
0.000000 
2.236068 
2.236068 
2.000000 
2.000000 
2.500000 
2.500000 
0.000000 
0.000000 
2.000000 
2.000000 
0.000000 
0.000000 
2.236068 
2.236068 
2.000000 
2.000000 
2.500000 
2.500000 
0.000000 
0.000000 
2.000000 
2.000000 
0.000000 
0.000000 
2.236068 
2.236068 
2.000000 
2.000000 
7.071068 
7.071068 
0.000000 
0.000000 
2.000000 
2.000000 
0.000000 
0.000000 
2.236068 
2.236068 
2.000000 
2.000000 
3.000000 
3.000000 
0.000000 
0.000000 
2.000000 
2.000000 
2.236068 
2.236068 
2.000000 
2.000000 
1.118034 
1.118034 
0.000000 
0.000000 
2.000000 
2.000000 
2.236068 
2.236068 
2.000000 
2.000000 
1.414214 
1.414214 
0.000000 
0.000000 
2.000000 
2.000000 
2.236068 
2.236068 
2.000000 
2.000000 
0.000000 
0.000000 
1.118034 
1.118034 
0.000000 
0.000000 
2.000000 
2.000000 
2.236068 
2.236068 
2.000000 
2.000000 
1.581139 
1.581139 
2.236068 
2.236068 
0.000000 
0.000000 
2.000000 
2.000000 
2.236068 
2.236068 
2.000000 
2.000000 
0.000000 
0.000000 
0.707107 
0.707107 
6.670832 
6.670832 
0.000000 
0.000000 
2.000000 
2.000000 
2.236068 
2.236068 
2.000000 
2.000000 
2.828427 
2.828427 
0.707107 
0.707107 
2.500000 
2.500000 
0.000000 
0.000000 
2.000000 
2.000000 
2.236068 
2.236068 
2.000000 
2.000000 
2.828427 
2.828427 
6.020797 
6.020797 
4.031129 
4.031129 
0.000000 
0.000000 
2.000000 
2.000000 
2.236068 
2.236068 
2.828427 
2.828427 
1.581139 
1.581139 
2.549510 
2.549510 
2.000000 
2.000000 
2.236068 
2.236068 
2.828427 
2.828427 
1.118034 
1.118034 
2.061553 
2.061553 
0.000000 
0.000000 
2.828427 
2.828427 
1.118034 
1.118034 
4.500000 
4.500000 
2.692582 
2.692582 
2.828427 
2.828427 
1.118034 
1.118034 
0.707107 
0.707107 
2.692582 
2.692582 
2.828427 
2.828427 
1.118034 
1.118034 
2.000000 
2.000000 
2.692582 
2.692582 
2.828427 
2.828427 
1.118034 
1.118034 
3.041381 
3.041381 
2.692582 
2.692582 
2.828427 
2.828427 
1.118034 
1.118034 
1.118034 
1.118034 
2.692582 
2.692582 
2.828427 
2.828427 
1.118034 
1.118034 
5.522681 
5.522681 
0.000000 
0.000000 
2.692582 
2.692582 
2.828427 
2.828427 
1.118034 
1.118034 
5.522681 
5.522681 
2.549510 
2.549510 
2.692582 
2.692582 
2.828427 
2.828427 
1.118034 
1.118034 
5.522681 
5.522681 
1.118034 
1.118034 
2.692582 
2.692582 
2.828427 
2.828427 
1.118034 
1.118034 
5.522681 
5.522681 
0.000000 
0.000000 
2.692582 
2.692582 
2.828427 
2.828427 
1.118034 
1.118034 
5.522681 
5.522681 
1.118034 
1.118034 
2.692582 
2.692582 
2.828427 
2.828427 
1.118034 
1.118034 
5.522681 
5.522681 
1.500000 
1.500000 
2.692582 
2.692582 
1.118034 
1.118034 
5.522681 
5.522681 
2.061553 
2.061553 
2.692582 
2.692582 
1.118034 
1.118034 
5.522681 
5.522681 
6.519202 
6.519202 
2.692582 
2.692582 
1.118034 
1.118034 
5.522681 
5.522681 
