0.000000 
0.000000 
0.000000 
0.000000 
0.000000 
0.000000 
0.000000 
0.000000 
0.707107 
0.707107 
0.500000 
0.500000 
3.162278 
3.162278 
2.236068 
2.236068 
0.000000 
0.000000 
1.414214 
1.414214 
0.500000 
0.500000 
1.581139 
1.581139 
1.414214 
1.414214 
0.707107 
0.707107 
1.414214 
1.414214 
0.500000 
0.500000 
1.581139 
1.581139 
1.118034 
1.118034 
0.000000 
0.000000 
1.414214 
1.414214 
3.535534 
3.535534 
1.581139 
1.581139 
1.414214 
1.414214 
0.000000 
0.000000 
1.414214 
1.414214 
1.118034 
1.118034 
1.581139 
1.581139 
1.414214 
1.414214 
0.500000 
0.500000 
1.414214 
1.414214 
1.581139 
1.581139 
1.581139 
1.581139 
1.118034 
1.118034 
1.118034 
1.118034 
1.414214 
1.414214 
1.118034 
1.118034 
1.581139 
1.581139 
1.581139 
1.581139 
0.000000 
0.000000 
0.500000 
0.500000 
1.414214 
1.414214 
1.118034 
1.118034 
1.581139 
1.581139 
4.123106 
4.123106 
0.000000 
0.000000 
0.500000 
0.500000 
1.414214 
1.414214 
1.118034 
1.118034 
1.581139 
1.581139 
1.000000 
1.000000 
0.000000 
0.000000 
3.162278 
3.162278 
1.414214 
1.414214 
1.118034 
1.118034 
1.581139 
1.581139 
4.031129 
4.031129 
0.000000 
0.000000 
0.000000 
0.000000 
0.500000 
0.500000 
1.414214 
1.414214 
1.118034 
1.118034 
1.581139 
1.581139 
1.000000 
1.000000 
0.000000 
0.000000 
0.000000 
0.000000 
0.500000 
0.500000 
1.414214 
1.414214 
1.118034 
1.118034 
1.581139 
1.581139 
2.000000 
2.000000 
0.000000 
0.000000 
0.000000 
0.000000 
0.500000 
0.500000 
1.414214 
1.414214 
1.118034 
1.118034 
1.581139 
1.581139 
1.414214 
1.414214 
0.000000 
0.000000 
0.000000 
0.000000 
0.500000 
0.500000 
1.414214 
1.414214 
1.118034 
1.118034 
1.581139 
1.581139 
1.000000 
1.000000 
0.000000 
0.000000 
0.000000 
0.000000 
0.000000 
0.000000 
0.500000 
0.500000 
1.414214 
1.414214 
1.118034 
1.118034 
1.581139 
1.581139 
1.500000 
1.500000 
0.000000 
0.000000 
0.000000 
0.000000 
0.000000 
0.000000 
0.500000 
0.500000 
1.414214 
1.414214 
1.118034 
1.118034 
1.581139 
1.581139 
2.000000 
2.000000 
0.000000 
0.000000 
0.000000 
0.000000 
0.000000 
0.000000 
0.500000 
0.500000 
1.118034 
1.118034 
6.020797 
6.020797 
0.000000 
0.000000 
0.000000 
0.000000 
0.000000 
0.000000 
0.000000 
0.000000 
0.500000 
0.500000 
1.118034 
1.118034 
1.118034 
1.118034 
1.500000 
1.500000 
0.000000 
0.000000 
0.000000 
0.000000 
0.000000 
0.000000 
0.500000 
0.500000 
1.118034 
1.118034 
1.581139 
1.581139 
1.500000 
1.500000 
0.000000 
0.000000 
0.000000 
0.000000 
0.000000 
0.000000 
0.500000 
0.500000 
1.118034 
1.118034 
1.118034 
1.118034 
0.000000 
0.000000 
1.500000 
1.500000 
0.000000 
0.000000 
0.000000 
0.000000 
0.000000 
0.000000 
0.500000 
0.500000 
1.118034 
1.118034 
1.581139 
1.581139 
0.000000 
0.000000 
1.500000 
1.500000 
1.500000 
1.500000 
0.000000 
0.000000 
0.000000 
0.000000 
0.000000 
0.000000 
0.500000 
0.500000 
2.236068 
2.236068 
1.500000 
1.500000 
3.500000 
3.500000 
1.500000 
1.500000 
0.000000 
0.000000 
0.000000 
0.000000 
0.500000 
0.500000 
1.581139 
1.581139 
1.500000 
1.500000 
2.061553 
2.061553 
1.500000 
1.500000 
0.000000 
0.000000 
0.000000 
0.000000 
0.500000 
0.500000 
5.099020 
5.099020 
0.000000 
0.000000 
1.500000 
1.500000 
1.118034 
1.118034 
1.500000 
1.500000 
0.000000 
0.000000 
0.000000 
0.000000 
0.500000 
0.500000 
1.118034 
1.118034 
2.236068 
2.236068 
1.500000 
1.500000 
3.535534 
3.535534 
1.500000 
1.500000 
0.000000 
0.000000 
1.118034 
1.118034 
0.000000 
0.000000 
1.118034 
1.118034 
1.500000 
1.500000 
1.118034 
1.118034 
1.500000 
1.500000 
0.000000 
0.000000 
1.500000 
1.500000 
0.000000 
0.000000 
0.000000 
0.000000 
1.802776 
1.802776 
1.118034 
1.118034 
1.500000 
1.500000 
1.118034 
1.118034 
1.500000 
1.500000 
0.000000 
0.000000 
1.500000 
1.500000 
2.061553 
2.061553 
1.118034 
1.118034 
1.802776 
1.802776 
1.118034 
1.118034 
1.500000 
1.500000 
1.118034 
1.118034 
1.500000 
1.500000 
0.000000 
0.000000 
1.500000 
1.500000 
0.000000 
0.000000 
3.535534 
3.535534 
1.118034 
1.118034 
1.802776 
1.802776 
1.118034 
1.118034 
1.500000 
1.500000 
1.118034 
1.118034 
1.500000 
1.500000 
1.500000 
1.500000 
4.000000 
4.000000 
1.581139 
1.581139 
1.118034 
1.118034 
1.802776 
1.802776 
1.118034 
1.118034 
1.500000 
1.500000 
1.118034 
1.118034 
1.500000 
1.500000 
1.500000 
1.500000 
0.707107 
0.707107 
2.236068 
2.236068 
1.118034 
1.118034 
1.802776 
1.802776 
1.118034 
1.118034 
1.500000 
1.500000 
1.118034 
1.118034 
1.500000 
1.500000 
1.500000 
1.500000 
1.581139 
1.581139 
2.915476 
2.915476 
1.118034 
1.118034 
1.802776 
1.802776 
1.118034 
1.118034 
1.500000 
1.500000 
1.118034 
1.118034 
1.500000 
1.500000 
2.236068 
2.236068 
1.581139 
1.581139 
0.707107 
0.707107 
1.118034 
1.118034 
1.802776 
1.802776 
1.118034 
1.118034 
1.500000 
1.500000 
1.118034 
1.118034 
2.236068 
2.236068 
0.000000 
0.000000 
1.581139 
1.581139 
2.692582 
2.692582 
1.118034 
1.118034 
1.802776 
1.802776 
1.118034 
1.118034 
1.500000 
1.500000 
1.118034 
1.118034 
2.236068 
2.236068 
0.000000 
0.000000 
2.549510 
2.549510 
1.581139 
1.581139 
1.000000 
1.000000 
1.118034 
1.118034 
1.802776 
1.802776 
1.118034 
1.118034 
1.500000 
1.500000 
1.118034 
1.118034 
2.236068 
2.236068 
2.500000 
2.500000 
2.061553 
2.061553 
1.581139 
1.581139 
0.707107 
0.707107 
1.118034 
1.118034 
1.802776 
1.802776 
1.118034 
1.118034 
1.500000 
1.500000 
1.118034 
1.118034 
2.236068 
2.236068 
0.707107 
0.707107 
1.581139 
1.581139 
1.581139 
1.581139 
1.118034 
1.118034 
1.118034 
1.118034 
1.802776 
1.802776 
1.118034 
1.118034 
1.118034 
1.118034 
2.236068 
2.236068 
