0.000000 
0.000000 
0.000000 
0.000000 
0.000000 
0.000000 
10.012492 
10.012492 
1.802776 
1.802776 
1.802776 
1.802776 
2.549510 
2.549510 
0.707107 
0.707107 
1.414214 
1.414214 
0.500000 
0.500000 
1.414214 
1.414214 
2.692582 
2.692582 
15.628500 
15.628500 
1.414214 
1.414214 
1.802776 
1.802776 
15.628500 
15.628500 
1.414214 
1.414214 
2.692582 
2.692582 
15.628500 
15.628500 
1.414214 
1.414214 
1.802776 
1.802776 
15.628500 
15.628500 
1.414214 
1.414214 
2.121320 
2.121320 
15.628500 
15.628500 
1.414214 
1.414214 
2.000000 
2.000000 
15.628500 
15.628500 
1.414214 
1.414214 
1.802776 
1.802776 
15.628500 
15.628500 
1.414214 
1.414214 
1.581139 
1.581139 
15.628500 
15.628500 
1.414214 
1.414214 
0.500000 
0.500000 
15.628500 
15.628500 
1.414214 
1.414214 
3.162278 
3.162278 
15.628500 
15.628500 
1.414214 
1.414214 
3.807887 
3.807887 
16.007811 
16.007811 
1.414214 
1.414214 
1.000000 
1.000000 
4.000000 
4.000000 
1.414214 
1.414214 
1.414214 
1.414214 
5.024938 
5.024938 
1.414214 
1.414214 
0.500000 
0.500000 
2.500000 
2.500000 
1.414214 
1.414214 
0.707107 
0.707107 
1.414214 
1.414214 
1.118034 
1.118034 
11.884864 
11.884864 
1.118034 
1.118034 
0.707107 
0.707107 
5.220153 
5.220153 
0.707107 
0.707107 
5.220153 
5.220153 
0.707107 
0.707107 
5.220153 
5.220153 
0.707107 
0.707107 
5.220153 
5.220153 
0.707107 
0.707107 
5.220153 
5.220153 
0.707107 
0.707107 
5.220153 
5.220153 
0.707107 
0.707107 
5.220153 
5.220153 
0.707107 
0.707107 
5.220153 
5.220153 
0.707107 
0.707107 
5.220153 
5.220153 
0.707107 
0.707107 
5.220153 
5.220153 
0.707107 
0.707107 
5.220153 
5.220153 
0.707107 
0.707107 
5.220153 
5.220153 
0.707107 
0.707107 
5.220153 
5.220153 
0.707107 
0.707107 
5.220153 
5.220153 
0.707107 
0.707107 
5.220153 
5.220153 
