0.000000 
0.000000 
0.000000 
0.000000 
0.000000 
0.000000 
0.000000 
0.000000 
2.061553 
2.061553 
2.549510 
2.549510 
0.000000 
0.000000 
0.000000 
0.000000 
2.000000 
2.000000 
7.017834 
7.017834 
0.000000 
0.000000 
0.000000 
0.000000 
7.516648 
7.516648 
2.000000 
2.000000 
0.000000 
0.000000 
0.000000 
0.000000 
0.000000 
0.000000 
0.000000 
0.000000 
2.000000 
2.000000 
3.041381 
3.041381 
0.000000 
0.000000 
2.549510 
2.549510 
0.000000 
0.000000 
9.340771 
9.340771 
3.000000 
3.000000 
7.516648 
7.516648 
0.000000 
0.000000 
2.549510 
2.549510 
0.000000 
0.000000 
3.354102 
3.354102 
1.500000 
1.500000 
2.236068 
2.236068 
0.000000 
0.000000 
2.549510 
2.549510 
0.000000 
0.000000 
2.915476 
2.915476 
7.516648 
7.516648 
2.236068 
2.236068 
0.000000 
0.000000 
0.000000 
0.000000 
2.549510 
2.549510 
0.000000 
0.000000 
6.576473 
6.576473 
2.061553 
2.061553 
1.802776 
1.802776 
1.500000 
1.500000 
0.000000 
0.000000 
2.549510 
2.549510 
0.000000 
0.000000 
3.000000 
3.000000 
2.500000 
2.500000 
1.000000 
1.000000 
0.000000 
0.000000 
0.000000 
0.000000 
1.500000 
1.500000 
0.000000 
0.000000 
2.549510 
2.549510 
0.000000 
0.000000 
3.041381 
3.041381 
2.000000 
2.000000 
1.000000 
1.000000 
0.000000 
0.000000 
0.000000 
0.000000 
2.061553 
2.061553 
1.500000 
1.500000 
0.000000 
0.000000 
2.549510 
2.549510 
0.000000 
0.000000 
2.692582 
2.692582 
8.000000 
8.000000 
1.000000 
1.000000 
0.000000 
0.000000 
0.000000 
0.000000 
0.000000 
0.000000 
2.061553 
2.061553 
1.500000 
1.500000 
0.000000 
0.000000 
2.549510 
2.549510 
0.000000 
0.000000 
2.692582 
2.692582 
2.000000 
2.000000 
1.000000 
1.000000 
1.581139 
1.581139 
0.000000 
0.000000 
0.000000 
0.000000 
1.414214 
1.414214 
1.500000 
1.500000 
0.000000 
0.000000 
2.549510 
2.549510 
0.000000 
0.000000 
2.692582 
2.692582 
4.609772 
4.609772 
1.000000 
1.000000 
0.000000 
0.000000 
0.000000 
0.000000 
1.581139 
1.581139 
0.000000 
0.000000 
0.000000 
0.000000 
1.414214 
1.414214 
1.500000 
1.500000 
0.000000 
0.000000 
2.549510 
2.549510 
0.000000 
0.000000 
2.692582 
2.692582 
8.000000 
8.000000 
1.000000 
1.000000 
0.000000 
0.000000 
1.581139 
1.581139 
1.802776 
1.802776 
1.581139 
1.581139 
0.000000 
0.000000 
0.000000 
0.000000 
1.414214 
1.414214 
1.500000 
1.500000 
0.000000 
0.000000 
2.549510 
2.549510 
0.000000 
0.000000 
2.692582 
2.692582 
3.041381 
3.041381 
1.000000 
1.000000 
2.500000 
2.500000 
2.061553 
2.061553 
1.802776 
1.802776 
1.581139 
1.581139 
0.000000 
0.000000 
0.000000 
0.000000 
1.414214 
1.414214 
1.500000 
1.500000 
0.000000 
0.000000 
2.549510 
2.549510 
2.692582 
2.692582 
2.500000 
2.500000 
1.000000 
1.000000 
0.000000 
0.000000 
2.500000 
2.500000 
0.500000 
0.500000 
1.802776 
1.802776 
1.581139 
1.581139 
0.000000 
0.000000 
0.000000 
0.000000 
1.414214 
1.414214 
1.500000 
1.500000 
0.000000 
0.000000 
2.549510 
2.549510 
2.692582 
2.692582 
9.013878 
9.013878 
1.000000 
1.000000 
2.500000 
2.500000 
2.236068 
2.236068 
3.000000 
3.000000 
1.802776 
1.802776 
1.581139 
1.581139 
0.000000 
0.000000 
0.000000 
0.000000 
1.414214 
1.414214 
1.500000 
1.500000 
0.000000 
0.000000 
2.549510 
2.549510 
2.692582 
2.692582 
2.061553 
2.061553 
1.000000 
1.000000 
0.000000 
0.000000 
2.500000 
2.500000 
2.236068 
2.236068 
5.522681 
5.522681 
1.802776 
1.802776 
1.581139 
1.581139 
0.000000 
0.000000 
0.000000 
0.000000 
1.414214 
1.414214 
1.500000 
1.500000 
2.549510 
2.549510 
2.692582 
2.692582 
3.041381 
3.041381 
1.000000 
1.000000 
0.000000 
0.000000 
0.000000 
0.000000 
0.000000 
0.000000 
2.500000 
2.500000 
2.236068 
2.236068 
2.000000 
2.000000 
1.802776 
1.802776 
1.581139 
1.581139 
0.000000 
0.000000 
0.000000 
0.000000 
1.414214 
1.414214 
1.500000 
1.500000 
2.692582 
2.692582 
8.500000 
8.500000 
1.000000 
1.000000 
0.000000 
0.000000 
1.118034 
1.118034 
1.118034 
1.118034 
0.000000 
0.000000 
2.500000 
2.500000 
2.236068 
2.236068 
2.500000 
2.500000 
1.802776 
1.802776 
1.581139 
1.581139 
0.000000 
0.000000 
0.000000 
0.000000 
1.414214 
1.414214 
1.500000 
1.500000 
2.692582 
2.692582 
2.549510 
2.549510 
1.000000 
1.000000 
0.000000 
0.000000 
1.000000 
1.000000 
1.118034 
1.118034 
1.802776 
1.802776 
0.000000 
0.000000 
2.500000 
2.500000 
2.236068 
2.236068 
2.236068 
2.236068 
1.802776 
1.802776 
1.581139 
1.581139 
0.000000 
0.000000 
0.000000 
0.000000 
1.414214 
1.414214 
1.500000 
1.500000 
2.692582 
2.692582 
2.549510 
2.549510 
1.000000 
1.000000 
0.000000 
0.000000 
1.500000 
1.500000 
2.000000 
2.000000 
1.118034 
1.118034 
1.802776 
1.802776 
0.000000 
0.000000 
2.500000 
2.500000 
2.236068 
2.236068 
1.500000 
1.500000 
1.802776 
1.802776 
1.581139 
1.581139 
0.000000 
0.000000 
0.000000 
0.000000 
1.414214 
1.414214 
1.500000 
1.500000 
2.692582 
2.692582 
9.500000 
9.500000 
1.000000 
1.000000 
0.000000 
0.000000 
0.000000 
0.000000 
1.500000 
1.500000 
3.162278 
3.162278 
1.118034 
1.118034 
1.802776 
1.802776 
0.000000 
0.000000 
2.500000 
2.500000 
2.236068 
2.236068 
5.024938 
5.024938 
1.802776 
1.802776 
1.581139 
1.581139 
0.000000 
0.000000 
0.000000 
0.000000 
1.414214 
1.414214 
2.692582 
2.692582 
2.549510 
2.549510 
0.000000 
0.000000 
0.000000 
0.000000 
2.236068 
2.236068 
0.000000 
0.000000 
1.500000 
1.500000 
3.162278 
3.162278 
1.118034 
1.118034 
1.802776 
1.802776 
0.000000 
0.000000 
2.500000 
2.500000 
2.236068 
2.236068 
0.500000 
0.500000 
1.802776 
1.802776 
1.581139 
1.581139 
0.000000 
0.000000 
1.414214 
1.414214 
2.692582 
2.692582 
4.242641 
4.242641 
0.000000 
0.000000 
0.000000 
0.000000 
0.000000 
0.000000 
0.000000 
0.000000 
2.236068 
2.236068 
0.000000 
0.000000 
1.500000 
1.500000 
3.162278 
3.162278 
1.118034 
1.118034 
1.802776 
1.802776 
0.000000 
0.000000 
2.500000 
2.500000 
2.236068 
2.236068 
1.500000 
1.500000 
1.802776 
1.802776 
1.581139 
1.581139 
1.414214 
1.414214 
8.500000 
8.500000 
2.000000 
2.000000 
2.549510 
2.549510 
0.000000 
0.000000 
0.000000 
0.000000 
2.236068 
2.236068 
0.000000 
0.000000 
1.500000 
1.500000 
3.162278 
3.162278 
1.118034 
1.118034 
1.802776 
1.802776 
0.000000 
0.000000 
2.500000 
2.500000 
2.236068 
2.236068 
1.500000 
1.500000 
1.802776 
1.802776 
1.581139 
1.581139 
1.414214 
1.414214 
2.500000 
2.500000 
0.000000 
0.000000 
0.000000 
0.000000 
0.000000 
0.000000 
0.000000 
0.000000 
2.000000 
2.000000 
2.549510 
2.549510 
0.000000 
0.000000 
0.000000 
0.000000 
2.236068 
2.236068 
0.000000 
0.000000 
1.500000 
1.500000 
3.162278 
3.162278 
1.118034 
1.118034 
1.802776 
1.802776 
0.000000 
0.000000 
2.500000 
2.500000 
2.236068 
2.236068 
1.500000 
1.500000 
1.802776 
1.802776 
3.535534 
3.535534 
0.000000 
0.000000 
0.000000 
0.000000 
1.581139 
1.581139 
1.118034 
1.118034 
1.581139 
1.581139 
2.236068 
2.236068 
2.000000 
2.000000 
2.549510 
2.549510 
0.000000 
0.000000 
0.000000 
0.000000 
2.236068 
2.236068 
0.000000 
0.000000 
1.500000 
1.500000 
3.162278 
3.162278 
1.118034 
1.118034 
1.802776 
1.802776 
0.000000 
0.000000 
2.500000 
2.500000 
2.236068 
2.236068 
1.500000 
1.500000 
1.802776 
1.802776 
7.516648 
7.516648 
0.000000 
0.000000 
0.000000 
0.000000 
0.000000 
0.000000 
2.236068 
2.236068 
0.000000 
0.000000 
1.581139 
1.581139 
3.535534 
3.535534 
1.581139 
1.581139 
1.581139 
1.581139 
2.000000 
2.000000 
2.549510 
2.549510 
0.000000 
0.000000 
0.000000 
0.000000 
2.236068 
2.236068 
0.000000 
0.000000 
1.500000 
1.500000 
3.162278 
3.162278 
1.118034 
1.118034 
1.802776 
1.802776 
0.000000 
0.000000 
2.500000 
2.500000 
2.236068 
2.236068 
1.500000 
1.500000 
3.162278 
3.162278 
0.000000 
0.000000 
0.000000 
0.000000 
0.000000 
0.000000 
0.000000 
0.000000 
0.000000 
0.000000 
2.236068 
2.236068 
2.236068 
2.236068 
0.000000 
0.000000 
1.581139 
1.581139 
1.000000 
1.000000 
1.581139 
1.581139 
1.581139 
1.581139 
2.000000 
2.000000 
2.549510 
2.549510 
0.000000 
0.000000 
0.000000 
0.000000 
2.236068 
2.236068 
0.000000 
0.000000 
1.500000 
1.500000 
3.162278 
3.162278 
1.118034 
1.118034 
1.802776 
1.802776 
0.000000 
0.000000 
2.500000 
2.500000 
2.236068 
2.236068 
1.500000 
1.500000 
2.500000 
2.500000 
0.000000 
0.000000 
0.000000 
0.000000 
0.000000 
0.000000 
0.000000 
0.000000 
0.000000 
0.000000 
1.500000 
1.500000 
1.802776 
1.802776 
0.000000 
0.000000 
0.000000 
0.000000 
2.236068 
2.236068 
2.236068 
2.236068 
0.000000 
0.000000 
1.581139 
1.581139 
1.581139 
1.581139 
1.581139 
1.581139 
1.581139 
1.581139 
2.000000 
2.000000 
2.549510 
2.549510 
0.000000 
0.000000 
0.000000 
0.000000 
2.236068 
2.236068 
0.000000 
0.000000 
1.500000 
1.500000 
3.162278 
3.162278 
1.118034 
1.118034 
1.802776 
1.802776 
0.000000 
0.000000 
2.500000 
2.500000 
2.236068 
2.236068 
1.500000 
1.500000 
2.236068 
2.236068 
0.000000 
0.000000 
0.000000 
0.000000 
2.692582 
2.692582 
0.000000 
0.000000 
2.692582 
2.692582 
2.061553 
2.061553 
0.000000 
0.000000 
1.500000 
1.500000 
1.581139 
1.581139 
0.000000 
0.000000 
0.000000 
0.000000 
2.236068 
2.236068 
2.236068 
2.236068 
0.000000 
0.000000 
1.581139 
1.581139 
1.414214 
1.414214 
1.581139 
1.581139 
1.581139 
1.581139 
2.000000 
2.000000 
2.549510 
2.549510 
0.000000 
0.000000 
0.000000 
0.000000 
2.236068 
2.236068 
0.000000 
0.000000 
1.500000 
1.500000 
3.162278 
3.162278 
1.118034 
1.118034 
1.802776 
1.802776 
0.000000 
0.000000 
1.500000 
1.500000 
7.566373 
7.566373 
0.000000 
0.000000 
0.000000 
0.000000 
0.000000 
0.000000 
0.000000 
0.000000 
1.118034 
1.118034 
2.549510 
2.549510 
0.000000 
0.000000 
2.692582 
2.692582 
2.061553 
2.061553 
0.000000 
0.000000 
1.500000 
1.500000 
1.581139 
1.581139 
0.000000 
0.000000 
0.000000 
0.000000 
2.236068 
2.236068 
2.236068 
2.236068 
0.000000 
0.000000 
1.581139 
1.581139 
2.549510 
2.549510 
1.581139 
1.581139 
1.581139 
1.581139 
2.000000 
2.000000 
2.549510 
2.549510 
0.000000 
0.000000 
0.000000 
0.000000 
2.236068 
2.236068 
0.000000 
0.000000 
1.500000 
1.500000 
3.162278 
3.162278 
1.118034 
1.118034 
1.802776 
1.802776 
1.500000 
1.500000 
2.692582 
2.692582 
0.000000 
0.000000 
0.000000 
0.000000 
0.000000 
0.000000 
0.000000 
0.000000 
2.121320 
2.121320 
2.061553 
2.061553 
0.000000 
0.000000 
1.118034 
1.118034 
2.549510 
2.549510 
0.000000 
0.000000 
2.692582 
2.692582 
2.061553 
2.061553 
0.000000 
0.000000 
1.500000 
1.500000 
1.581139 
1.581139 
0.000000 
0.000000 
0.000000 
0.000000 
2.236068 
2.236068 
2.236068 
2.236068 
0.000000 
0.000000 
1.581139 
1.581139 
1.802776 
1.802776 
1.581139 
1.581139 
1.581139 
1.581139 
2.000000 
2.000000 
2.549510 
2.549510 
0.000000 
0.000000 
0.000000 
0.000000 
2.236068 
2.236068 
0.000000 
0.000000 
1.500000 
1.500000 
3.162278 
3.162278 
1.118034 
1.118034 
1.802776 
1.802776 
1.500000 
1.500000 
2.692582 
2.692582 
0.000000 
0.000000 
1.802776 
1.802776 
1.581139 
1.581139 
1.500000 
1.500000 
0.000000 
0.000000 
2.061553 
2.061553 
2.061553 
2.061553 
0.000000 
0.000000 
1.118034 
1.118034 
1.500000 
1.500000 
0.000000 
0.000000 
2.692582 
2.692582 
2.061553 
2.061553 
0.000000 
0.000000 
1.500000 
1.500000 
1.581139 
1.581139 
0.000000 
0.000000 
0.000000 
0.000000 
2.236068 
2.236068 
2.236068 
2.236068 
0.000000 
0.000000 
1.581139 
1.581139 
1.000000 
1.000000 
1.581139 
1.581139 
1.581139 
1.581139 
2.000000 
2.000000 
2.549510 
2.549510 
0.000000 
0.000000 
0.000000 
0.000000 
2.236068 
2.236068 
0.000000 
0.000000 
1.500000 
1.500000 
3.162278 
3.162278 
1.802776 
1.802776 
1.500000 
1.500000 
2.061553 
2.061553 
0.000000 
0.000000 
0.000000 
0.000000 
0.000000 
0.000000 
2.061553 
2.061553 
1.802776 
1.802776 
1.581139 
1.581139 
1.500000 
1.500000 
0.000000 
0.000000 
0.707107 
0.707107 
2.061553 
2.061553 
0.000000 
0.000000 
1.118034 
1.118034 
4.500000 
4.500000 
0.000000 
0.000000 
2.692582 
2.692582 
2.061553 
2.061553 
0.000000 
0.000000 
1.500000 
1.500000 
1.581139 
1.581139 
0.000000 
0.000000 
0.000000 
0.000000 
2.236068 
2.236068 
2.236068 
2.236068 
0.000000 
0.000000 
1.581139 
1.581139 
1.118034 
1.118034 
1.581139 
1.581139 
1.581139 
1.581139 
2.000000 
2.000000 
2.549510 
2.549510 
0.000000 
0.000000 
0.000000 
0.000000 
2.236068 
2.236068 
0.000000 
0.000000 
1.500000 
1.500000 
3.162278 
3.162278 
1.500000 
1.500000 
6.670832 
6.670832 
0.000000 
0.000000 
2.000000 
2.000000 
1.581139 
1.581139 
0.000000 
0.000000 
1.802776 
1.802776 
1.581139 
1.581139 
1.500000 
1.500000 
0.000000 
0.000000 
2.500000 
2.500000 
2.061553 
2.061553 
0.000000 
0.000000 
1.118034 
1.118034 
2.000000 
2.000000 
0.000000 
0.000000 
2.692582 
2.692582 
2.061553 
2.061553 
0.000000 
0.000000 
1.500000 
1.500000 
1.581139 
1.581139 
0.000000 
0.000000 
0.000000 
0.000000 
2.236068 
2.236068 
2.236068 
2.236068 
0.000000 
0.000000 
1.581139 
1.581139 
3.162278 
3.162278 
1.581139 
1.581139 
1.581139 
1.581139 
2.000000 
2.000000 
2.549510 
2.549510 
0.000000 
0.000000 
0.000000 
0.000000 
2.236068 
2.236068 
3.162278 
3.162278 
1.500000 
1.500000 
1.581139 
1.581139 
