0.000000 
0.000000 
0.000000 
0.000000 
2.236068 
2.236068 
4.301163 
4.301163 
2.500000 
2.500000 
6.670832 
6.670832 
2.500000 
2.500000 
3.354102 
3.354102 
1.000000 
1.000000 
3.354102 
3.354102 
0.000000 
0.000000 
1.000000 
1.000000 
3.354102 
3.354102 
3.041381 
3.041381 
1.000000 
1.000000 
3.354102 
3.354102 
0.500000 
0.500000 
1.000000 
1.000000 
3.354102 
3.354102 
1.414214 
1.414214 
1.000000 
1.000000 
3.354102 
3.354102 
0.000000 
0.000000 
0.000000 
0.000000 
0.500000 
0.500000 
1.000000 
1.000000 
3.354102 
3.354102 
1.118034 
1.118034 
0.000000 
0.000000 
1.000000 
1.000000 
1.000000 
1.000000 
3.354102 
3.354102 
1.118034 
1.118034 
0.000000 
0.000000 
1.000000 
1.000000 
1.000000 
1.000000 
3.354102 
3.354102 
1.118034 
1.118034 
0.000000 
0.000000 
1.000000 
1.000000 
1.000000 
1.000000 
3.354102 
3.354102 
1.118034 
1.118034 
0.000000 
0.000000 
1.000000 
1.000000 
1.000000 
1.000000 
3.354102 
3.354102 
1.118034 
1.118034 
0.000000 
0.000000 
1.000000 
1.000000 
1.000000 
1.000000 
3.354102 
3.354102 
0.000000 
0.000000 
1.118034 
1.118034 
0.000000 
0.000000 
1.000000 
1.000000 
1.000000 
1.000000 
3.354102 
3.354102 
2.236068 
2.236068 
1.118034 
1.118034 
0.000000 
0.000000 
1.000000 
1.000000 
1.000000 
1.000000 
3.354102 
3.354102 
2.121320 
2.121320 
1.118034 
1.118034 
0.000000 
0.000000 
1.000000 
1.000000 
1.000000 
1.000000 
3.354102 
3.354102 
5.220153 
5.220153 
1.118034 
1.118034 
0.000000 
0.000000 
1.000000 
1.000000 
1.000000 
1.000000 
0.000000 
0.000000 
5.220153 
5.220153 
1.118034 
1.118034 
0.000000 
0.000000 
1.000000 
1.000000 
1.414214 
1.414214 
5.220153 
5.220153 
1.118034 
1.118034 
0.000000 
0.000000 
1.000000 
1.000000 
7.017834 
7.017834 
5.220153 
5.220153 
1.118034 
1.118034 
0.000000 
0.000000 
1.000000 
1.000000 
0.500000 
0.500000 
5.220153 
5.220153 
1.118034 
1.118034 
0.000000 
0.000000 
1.000000 
1.000000 
0.000000 
0.000000 
1.118034 
1.118034 
5.220153 
5.220153 
1.118034 
1.118034 
0.000000 
0.000000 
1.000000 
1.000000 
1.118034 
1.118034 
1.118034 
1.118034 
5.220153 
5.220153 
1.118034 
1.118034 
1.000000 
1.000000 
1.414214 
1.414214 
1.118034 
1.118034 
5.220153 
5.220153 
1.118034 
1.118034 
1.118034 
1.118034 
5.220153 
5.220153 
4.924429 
4.924429 
1.118034 
1.118034 
5.220153 
5.220153 
0.000000 
0.000000 
0.000000 
0.000000 
2.121320 
2.121320 
1.118034 
1.118034 
5.220153 
5.220153 
0.000000 
0.000000 
1.581139 
1.581139 
1.581139 
1.581139 
2.915476 
2.915476 
1.118034 
1.118034 
5.220153 
5.220153 
1.118034 
1.118034 
1.581139 
1.581139 
2.692582 
2.692582 
1.581139 
1.581139 
1.118034 
1.118034 
5.220153 
5.220153 
1.118034 
1.118034 
1.581139 
1.581139 
2.500000 
2.500000 
4.609772 
4.609772 
6.184658 
6.184658 
5.220153 
5.220153 
0.000000 
0.000000 
1.118034 
1.118034 
1.581139 
1.581139 
5.099020 
5.099020 
2.061553 
2.061553 
0.500000 
0.500000 
5.220153 
5.220153 
1.118034 
1.118034 
1.118034 
1.118034 
1.581139 
1.581139 
4.743416 
4.743416 
2.500000 
2.500000 
6.000000 
6.000000 
0.000000 
0.000000 
0.000000 
0.000000 
1.118034 
1.118034 
1.118034 
1.118034 
1.581139 
1.581139 
2.236068 
2.236068 
2.549510 
2.549510 
6.000000 
6.000000 
0.000000 
0.000000 
0.000000 
0.000000 
1.414214 
1.414214 
2.500000 
2.500000 
1.118034 
1.118034 
1.581139 
1.581139 
2.692582 
2.692582 
2.549510 
2.549510 
6.000000 
6.000000 
0.000000 
0.000000 
0.000000 
0.000000 
1.581139 
1.581139 
0.000000 
0.000000 
1.118034 
1.118034 
1.581139 
1.581139 
2.121320 
2.121320 
5.024938 
5.024938 
6.000000 
6.000000 
0.000000 
0.000000 
0.000000 
0.000000 
0.500000 
0.500000 
0.707107 
0.707107 
1.118034 
1.118034 
1.581139 
1.581139 
1.802776 
1.802776 
1.581139 
1.581139 
6.000000 
6.000000 
0.000000 
0.000000 
0.000000 
0.000000 
0.500000 
0.500000 
0.707107 
0.707107 
1.118034 
1.118034 
1.581139 
1.581139 
1.802776 
1.802776 
2.061553 
2.061553 
6.000000 
6.000000 
