0.000000 
0.000000 
0.000000 
0.000000 
0.000000 
0.000000 
3.535534 
3.535534 
0.000000 
0.000000 
0.000000 
0.000000 
0.000000 
0.000000 
3.640055 
3.640055 
0.000000 
0.000000 
0.000000 
0.000000 
0.000000 
0.000000 
0.000000 
0.000000 
0.000000 
0.000000 
3.000000 
3.000000 
0.000000 
0.000000 
3.000000 
3.000000 
0.000000 
0.000000 
0.000000 
0.000000 
0.000000 
0.000000 
0.000000 
0.000000 
9.000000 
9.000000 
3.605551 
3.605551 
8.000000 
8.000000 
0.000000 
0.000000 
0.000000 
0.000000 
0.000000 
0.000000 
0.000000 
0.000000 
3.535534 
3.535534 
4.716991 
4.716991 
8.000000 
8.000000 
0.000000 
0.000000 
0.000000 
0.000000 
0.000000 
0.000000 
0.000000 
0.000000 
4.031129 
4.031129 
0.000000 
0.000000 
4.716991 
4.716991 
8.000000 
8.000000 
0.000000 
0.000000 
0.000000 
0.000000 
0.000000 
0.000000 
0.000000 
0.000000 
3.500000 
3.500000 
4.500000 
4.500000 
4.716991 
4.716991 
8.000000 
8.000000 
0.000000 
0.000000 
0.000000 
0.000000 
0.000000 
0.000000 
0.000000 
0.000000 
3.640055 
3.640055 
8.746428 
8.746428 
4.716991 
4.716991 
8.000000 
8.000000 
0.000000 
0.000000 
0.000000 
0.000000 
0.000000 
0.000000 
0.000000 
0.000000 
2.121320 
2.121320 
3.535534 
3.535534 
4.716991 
4.716991 
8.000000 
8.000000 
0.000000 
0.000000 
0.000000 
0.000000 
0.000000 
0.000000 
0.000000 
0.000000 
2.121320 
2.121320 
3.535534 
3.535534 
4.716991 
4.716991 
8.000000 
8.000000 
0.000000 
0.000000 
0.000000 
0.000000 
0.000000 
0.000000 
0.000000 
0.000000 
2.121320 
2.121320 
0.000000 
0.000000 
3.535534 
3.535534 
4.716991 
4.716991 
8.000000 
8.000000 
0.000000 
0.000000 
0.000000 
0.000000 
0.000000 
0.000000 
0.000000 
0.000000 
2.121320 
2.121320 
0.000000 
0.000000 
10.688779 
10.688779 
3.535534 
3.535534 
4.716991 
4.716991 
8.000000 
8.000000 
0.000000 
0.000000 
0.000000 
0.000000 
0.000000 
0.000000 
0.000000 
0.000000 
2.121320 
2.121320 
0.000000 
0.000000 
0.000000 
0.000000 
4.301163 
4.301163 
3.535534 
3.535534 
4.716991 
4.716991 
8.000000 
8.000000 
0.000000 
0.000000 
0.000000 
0.000000 
0.000000 
0.000000 
0.000000 
0.000000 
2.121320 
2.121320 
3.640055 
3.640055 
0.000000 
0.000000 
5.830952 
5.830952 
3.535534 
3.535534 
4.716991 
4.716991 
8.000000 
8.000000 
0.000000 
0.000000 
0.000000 
0.000000 
0.000000 
0.000000 
2.121320 
2.121320 
10.111874 
10.111874 
0.000000 
0.000000 
5.830952 
5.830952 
3.535534 
3.535534 
4.716991 
4.716991 
8.000000 
8.000000 
0.000000 
0.000000 
0.000000 
0.000000 
0.000000 
0.000000 
2.121320 
2.121320 
0.000000 
0.000000 
4.272002 
4.272002 
0.000000 
0.000000 
5.830952 
5.830952 
3.535534 
3.535534 
4.716991 
4.716991 
8.000000 
8.000000 
0.000000 
0.000000 
2.121320 
2.121320 
0.000000 
0.000000 
3.535534 
3.535534 
11.180340 
11.180340 
0.000000 
0.000000 
5.830952 
5.830952 
3.535534 
3.535534 
4.716991 
4.716991 
8.000000 
8.000000 
2.121320 
2.121320 
0.000000 
0.000000 
0.000000 
0.000000 
0.000000 
0.000000 
1.500000 
1.500000 
3.535534 
3.535534 
2.549510 
2.549510 
0.000000 
0.000000 
5.830952 
5.830952 
3.535534 
3.535534 
4.716991 
4.716991 
8.000000 
8.000000 
2.121320 
2.121320 
3.807887 
3.807887 
2.236068 
2.236068 
3.354102 
3.354102 
14.142136 
14.142136 
3.535534 
3.535534 
2.549510 
2.549510 
0.000000 
0.000000 
5.830952 
5.830952 
3.535534 
3.535534 
4.716991 
4.716991 
2.121320 
2.121320 
0.000000 
0.000000 
3.807887 
3.807887 
2.236068 
2.236068 
3.354102 
3.354102 
5.408327 
5.408327 
3.535534 
3.535534 
2.549510 
2.549510 
0.000000 
0.000000 
5.830952 
5.830952 
3.535534 
3.535534 
2.121320 
2.121320 
0.000000 
0.000000 
0.000000 
0.000000 
3.807887 
3.807887 
2.236068 
2.236068 
3.354102 
3.354102 
22.549945 
22.549945 
3.535534 
3.535534 
2.549510 
2.549510 
0.000000 
0.000000 
5.830952 
5.830952 
3.535534 
3.535534 
2.121320 
2.121320 
0.000000 
0.000000 
2.549510 
2.549510 
0.000000 
0.000000 
3.807887 
3.807887 
2.236068 
2.236068 
3.354102 
3.354102 
3.162278 
3.162278 
3.535534 
3.535534 
2.549510 
2.549510 
0.000000 
0.000000 
5.830952 
5.830952 
3.535534 
3.535534 
2.121320 
2.121320 
7.566373 
7.566373 
3.000000 
3.000000 
0.000000 
0.000000 
3.807887 
3.807887 
2.236068 
2.236068 
3.354102 
3.354102 
1.500000 
1.500000 
3.535534 
3.535534 
2.549510 
2.549510 
0.000000 
0.000000 
5.830952 
5.830952 
3.535534 
3.535534 
0.000000 
0.000000 
2.915476 
2.915476 
5.500000 
5.500000 
0.000000 
0.000000 
3.807887 
3.807887 
2.236068 
2.236068 
3.354102 
3.354102 
1.500000 
1.500000 
3.535534 
3.535534 
2.549510 
2.549510 
0.000000 
0.000000 
5.830952 
5.830952 
1.581139 
1.581139 
2.549510 
2.549510 
1.802776 
1.802776 
0.000000 
0.000000 
3.807887 
3.807887 
2.236068 
2.236068 
3.354102 
3.354102 
2.500000 
2.500000 
3.535534 
3.535534 
2.549510 
2.549510 
0.000000 
0.000000 
5.830952 
5.830952 
1.581139 
1.581139 
2.549510 
2.549510 
2.121320 
2.121320 
0.000000 
0.000000 
3.807887 
3.807887 
2.236068 
2.236068 
3.354102 
3.354102 
2.500000 
2.500000 
3.535534 
3.535534 
2.549510 
2.549510 
0.000000 
0.000000 
5.830952 
5.830952 
0.000000 
0.000000 
0.000000 
0.000000 
1.581139 
1.581139 
2.549510 
2.549510 
2.121320 
2.121320 
0.000000 
0.000000 
3.807887 
3.807887 
2.236068 
2.236068 
3.354102 
3.354102 
2.500000 
2.500000 
3.535534 
3.535534 
2.549510 
2.549510 
5.830952 
5.830952 
0.000000 
0.000000 
0.000000 
0.000000 
1.581139 
1.581139 
2.549510 
2.549510 
2.121320 
2.121320 
0.000000 
0.000000 
3.807887 
3.807887 
2.236068 
2.236068 
3.354102 
3.354102 
2.500000 
2.500000 
3.535534 
3.535534 
2.549510 
2.549510 
5.830952 
5.830952 
0.000000 
0.000000 
0.000000 
0.000000 
3.162278 
3.162278 
1.581139 
1.581139 
2.549510 
2.549510 
2.121320 
2.121320 
0.000000 
0.000000 
3.807887 
3.807887 
2.236068 
2.236068 
3.354102 
3.354102 
2.500000 
2.500000 
3.535534 
3.535534 
2.549510 
2.549510 
0.000000 
0.000000 
0.000000 
0.000000 
2.000000 
2.000000 
1.581139 
1.581139 
2.549510 
2.549510 
2.121320 
2.121320 
0.000000 
0.000000 
3.807887 
3.807887 
2.236068 
2.236068 
3.354102 
3.354102 
2.500000 
2.500000 
3.535534 
3.535534 
2.549510 
2.549510 
0.000000 
0.000000 
0.000000 
0.000000 
8.015610 
8.015610 
1.581139 
1.581139 
2.549510 
2.549510 
2.121320 
2.121320 
0.000000 
0.000000 
3.807887 
3.807887 
2.236068 
2.236068 
3.354102 
3.354102 
2.500000 
2.500000 
3.535534 
3.535534 
2.549510 
2.549510 
0.000000 
0.000000 
0.000000 
0.000000 
0.000000 
0.000000 
0.707107 
0.707107 
1.581139 
1.581139 
2.549510 
2.549510 
2.121320 
2.121320 
0.000000 
0.000000 
3.807887 
3.807887 
2.236068 
2.236068 
3.354102 
3.354102 
2.500000 
2.500000 
2.549510 
2.549510 
0.000000 
0.000000 
0.000000 
0.000000 
0.000000 
0.000000 
0.000000 
0.000000 
0.000000 
0.000000 
7.516648 
7.516648 
1.581139 
1.581139 
2.549510 
2.549510 
2.121320 
2.121320 
0.000000 
0.000000 
3.807887 
3.807887 
2.236068 
2.236068 
3.354102 
3.354102 
2.500000 
2.500000 
0.000000 
0.000000 
0.000000 
0.000000 
3.640055 
3.640055 
0.000000 
0.000000 
0.000000 
0.000000 
0.000000 
0.000000 
1.000000 
1.000000 
1.581139 
1.581139 
2.549510 
2.549510 
2.121320 
2.121320 
0.000000 
0.000000 
2.500000 
2.500000 
0.000000 
0.000000 
0.000000 
0.000000 
0.000000 
0.000000 
12.257651 
12.257651 
0.000000 
0.000000 
0.000000 
0.000000 
0.000000 
0.000000 
1.000000 
1.000000 
1.581139 
1.581139 
2.549510 
2.549510 
2.121320 
2.121320 
2.500000 
2.500000 
1.118034 
1.118034 
0.000000 
0.000000 
0.000000 
0.000000 
5.315073 
5.315073 
0.000000 
0.000000 
0.000000 
0.000000 
0.000000 
0.000000 
2.500000 
2.500000 
1.581139 
1.581139 
2.549510 
2.549510 
2.121320 
2.121320 
2.500000 
2.500000 
0.707107 
0.707107 
0.000000 
0.000000 
0.000000 
0.000000 
6.519202 
6.519202 
0.000000 
0.000000 
0.000000 
0.000000 
0.000000 
0.000000 
1.581139 
1.581139 
1.581139 
1.581139 
2.549510 
2.549510 
2.121320 
2.121320 
2.500000 
2.500000 
