0.000000 
0.000000 
0.000000 
0.000000 
0.000000 
0.000000 
1.414214 
1.414214 
0.000000 
0.000000 
6.041523 
6.041523 
8.544004 
8.544004 
0.000000 
0.000000 
4.031129 
4.031129 
2.061553 
2.061553 
0.000000 
0.000000 
10.735455 
10.735455 
8.381527 
8.381527 
0.000000 
0.000000 
4.272002 
4.272002 
2.500000 
2.500000 
0.000000 
0.000000 
13.946326 
13.946326 
6.324555 
6.324555 
0.000000 
0.000000 
4.609772 
4.609772 
2.061553 
2.061553 
0.000000 
0.000000 
6.403124 
6.403124 
2.549510 
2.549510 
0.000000 
0.000000 
5.700877 
5.700877 
1.802776 
1.802776 
0.000000 
0.000000 
11.884864 
11.884864 
1.581139 
1.581139 
0.000000 
0.000000 
12.041595 
12.041595 
2.121320 
2.121320 
0.000000 
0.000000 
2.915476 
2.915476 
2.000000 
2.000000 
0.000000 
0.000000 
2.915476 
2.915476 
2.828427 
2.828427 
0.000000 
0.000000 
0.000000 
0.000000 
2.915476 
2.915476 
17.007351 
17.007351 
0.000000 
0.000000 
8.139410 
8.139410 
2.915476 
2.915476 
5.590170 
5.590170 
8.139410 
8.139410 
2.915476 
2.915476 
5.408327 
5.408327 
0.000000 
0.000000 
8.139410 
8.139410 
2.915476 
2.915476 
5.408327 
5.408327 
0.000000 
0.000000 
8.139410 
8.139410 
2.915476 
2.915476 
5.408327 
5.408327 
0.000000 
0.000000 
8.139410 
8.139410 
2.915476 
2.915476 
5.408327 
5.408327 
0.000000 
0.000000 
8.139410 
8.139410 
2.915476 
2.915476 
5.408327 
5.408327 
0.000000 
0.000000 
8.139410 
8.139410 
2.915476 
2.915476 
5.408327 
5.408327 
0.000000 
0.000000 
8.139410 
8.139410 
2.915476 
2.915476 
5.408327 
5.408327 
0.000000 
0.000000 
8.139410 
8.139410 
2.915476 
2.915476 
5.408327 
5.408327 
0.000000 
0.000000 
8.139410 
8.139410 
2.915476 
2.915476 
5.408327 
5.408327 
0.000000 
0.000000 
8.139410 
8.139410 
2.915476 
2.915476 
5.408327 
5.408327 
0.000000 
0.000000 
8.139410 
8.139410 
2.915476 
2.915476 
5.408327 
5.408327 
0.000000 
0.000000 
8.139410 
8.139410 
5.408327 
5.408327 
0.000000 
0.000000 
0.000000 
0.000000 
8.139410 
8.139410 
5.408327 
5.408327 
6.184658 
6.184658 
0.000000 
0.000000 
8.139410 
8.139410 
5.408327 
5.408327 
4.609772 
4.609772 
0.000000 
0.000000 
5.408327 
5.408327 
4.609772 
4.609772 
0.000000 
0.000000 
4.609772 
4.609772 
4.609772 
4.609772 
4.609772 
4.609772 
0.000000 
0.000000 
4.609772 
4.609772 
1.414214 
1.414214 
4.609772 
4.609772 
1.802776 
1.802776 
4.609772 
4.609772 
1.000000 
1.000000 
4.609772 
4.609772 
