0.000000 
0.000000 
0.000000 
0.000000 
0.000000 
0.000000 
0.000000 
0.000000 
0.000000 
0.000000 
0.000000 
0.000000 
0.000000 
0.000000 
0.000000 
0.000000 
12.000000 
12.000000 
2.236068 
2.236068 
18.062392 
18.062392 
1.802776 
1.802776 
0.000000 
0.000000 
0.000000 
0.000000 
2.549510 
2.549510 
1.118034 
1.118034 
3.041381 
3.041381 
0.000000 
0.000000 
2.500000 
2.500000 
0.000000 
0.000000 
0.000000 
0.000000 
2.549510 
2.549510 
1.118034 
1.118034 
3.535534 
3.535534 
0.000000 
0.000000 
7.810250 
7.810250 
2.500000 
2.500000 
0.000000 
0.000000 
0.000000 
0.000000 
2.549510 
2.549510 
1.118034 
1.118034 
4.031129 
4.031129 
1.118034 
1.118034 
1.802776 
1.802776 
2.500000 
2.500000 
0.000000 
0.000000 
0.000000 
0.000000 
2.549510 
2.549510 
1.118034 
1.118034 
16.507574 
16.507574 
0.000000 
0.000000 
2.236068 
2.236068 
2.236068 
2.236068 
2.500000 
2.500000 
0.000000 
0.000000 
0.000000 
0.000000 
2.549510 
2.549510 
1.118034 
1.118034 
2.500000 
2.500000 
0.707107 
0.707107 
7.382412 
7.382412 
5.590170 
5.590170 
2.500000 
2.500000 
0.000000 
0.000000 
0.000000 
0.000000 
2.549510 
2.549510 
1.118034 
1.118034 
3.500000 
3.500000 
0.707107 
0.707107 
1.414214 
1.414214 
5.852350 
5.852350 
2.500000 
2.500000 
0.000000 
0.000000 
0.000000 
0.000000 
2.549510 
2.549510 
1.118034 
1.118034 
4.500000 
4.500000 
1.000000 
1.000000 
5.408327 
5.408327 
0.500000 
0.500000 
2.500000 
2.500000 
0.000000 
0.000000 
0.000000 
0.000000 
2.549510 
2.549510 
1.118034 
1.118034 
2.549510 
2.549510 
1.000000 
1.000000 
6.576473 
6.576473 
1.414214 
1.414214 
2.500000 
2.500000 
0.000000 
0.000000 
0.000000 
0.000000 
2.549510 
2.549510 
1.118034 
1.118034 
3.162278 
3.162278 
0.000000 
0.000000 
1.000000 
1.000000 
6.576473 
6.576473 
2.121320 
2.121320 
2.500000 
2.500000 
0.000000 
0.000000 
0.000000 
0.000000 
2.549510 
2.549510 
1.118034 
1.118034 
10.688779 
10.688779 
0.000000 
0.000000 
0.707107 
0.707107 
1.000000 
1.000000 
6.576473 
6.576473 
1.802776 
1.802776 
2.500000 
2.500000 
0.000000 
0.000000 
0.000000 
0.000000 
2.549510 
2.549510 
1.118034 
1.118034 
1.000000 
1.000000 
0.000000 
0.000000 
0.000000 
0.000000 
0.500000 
0.500000 
1.000000 
1.000000 
6.576473 
6.576473 
3.354102 
3.354102 
2.500000 
2.500000 
0.000000 
0.000000 
0.000000 
0.000000 
2.549510 
2.549510 
1.118034 
1.118034 
2.061553 
2.061553 
3.640055 
3.640055 
0.000000 
0.000000 
2.500000 
2.500000 
1.000000 
1.000000 
6.576473 
6.576473 
6.000000 
6.000000 
2.500000 
2.500000 
0.000000 
0.000000 
0.000000 
0.000000 
2.549510 
2.549510 
1.118034 
1.118034 
2.061553 
2.061553 
0.000000 
0.000000 
3.640055 
3.640055 
0.000000 
0.000000 
7.382412 
7.382412 
1.000000 
1.000000 
6.576473 
6.576473 
7.826238 
7.826238 
2.500000 
2.500000 
2.549510 
2.549510 
1.118034 
1.118034 
2.061553 
2.061553 
10.012492 
10.012492 
3.640055 
3.640055 
0.000000 
0.000000 
3.162278 
3.162278 
1.000000 
1.000000 
6.576473 
6.576473 
3.605551 
3.605551 
2.500000 
2.500000 
2.549510 
2.549510 
1.118034 
1.118034 
1.000000 
1.000000 
0.000000 
0.000000 
2.500000 
2.500000 
3.640055 
3.640055 
0.000000 
0.000000 
3.162278 
3.162278 
1.000000 
1.000000 
6.576473 
6.576473 
10.606602 
10.606602 
2.500000 
2.500000 
1.414214 
1.414214 
3.041381 
3.041381 
2.500000 
2.500000 
3.640055 
3.640055 
0.000000 
0.000000 
3.162278 
3.162278 
1.000000 
1.000000 
6.576473 
6.576473 
4.031129 
4.031129 
0.500000 
0.500000 
0.000000 
0.000000 
3.535534 
3.535534 
2.500000 
2.500000 
3.640055 
3.640055 
0.000000 
0.000000 
3.162278 
3.162278 
1.000000 
1.000000 
6.576473 
6.576473 
9.055385 
9.055385 
0.707107 
0.707107 
0.500000 
0.500000 
9.013878 
9.013878 
2.500000 
2.500000 
3.640055 
3.640055 
0.000000 
0.000000 
3.162278 
3.162278 
1.000000 
1.000000 
6.576473 
6.576473 
3.535534 
3.535534 
1.000000 
1.000000 
1.414214 
1.414214 
3.640055 
3.640055 
2.500000 
2.500000 
3.640055 
3.640055 
0.000000 
0.000000 
3.162278 
3.162278 
1.000000 
1.000000 
6.576473 
6.576473 
10.111874 
10.111874 
4.031129 
4.031129 
0.000000 
0.000000 
1.118034 
1.118034 
2.500000 
2.500000 
2.500000 
2.500000 
3.640055 
3.640055 
0.000000 
0.000000 
3.162278 
3.162278 
1.000000 
1.000000 
6.576473 
6.576473 
2.549510 
2.549510 
5.522681 
5.522681 
2.692582 
2.692582 
1.118034 
1.118034 
6.519202 
6.519202 
2.500000 
2.500000 
3.640055 
3.640055 
0.000000 
0.000000 
3.162278 
3.162278 
1.000000 
1.000000 
6.576473 
6.576473 
2.549510 
2.549510 
2.000000 
2.000000 
0.000000 
0.000000 
2.692582 
2.692582 
6.500000 
6.500000 
3.000000 
3.000000 
2.500000 
2.500000 
3.640055 
3.640055 
0.000000 
0.000000 
3.162278 
3.162278 
6.576473 
6.576473 
9.500000 
9.500000 
2.549510 
2.549510 
0.000000 
0.000000 
2.500000 
2.500000 
2.692582 
2.692582 
3.640055 
3.640055 
3.500000 
3.500000 
2.500000 
2.500000 
3.640055 
3.640055 
0.000000 
0.000000 
3.162278 
3.162278 
2.061553 
2.061553 
4.242641 
4.242641 
0.000000 
0.000000 
0.000000 
0.000000 
2.500000 
2.500000 
2.692582 
2.692582 
1.000000 
1.000000 
1.581139 
1.581139 
2.500000 
2.500000 
3.640055 
3.640055 
0.000000 
0.000000 
3.162278 
3.162278 
1.802776 
1.802776 
2.500000 
2.500000 
0.000000 
0.000000 
0.000000 
0.000000 
0.000000 
0.000000 
2.500000 
2.500000 
2.692582 
2.692582 
2.500000 
2.500000 
5.590170 
5.590170 
2.500000 
2.500000 
3.640055 
3.640055 
3.162278 
3.162278 
8.000000 
8.000000 
5.590170 
5.590170 
3.041381 
3.041381 
0.707107 
0.707107 
0.000000 
0.000000 
2.500000 
2.500000 
2.692582 
2.692582 
3.000000 
3.000000 
3.500000 
3.500000 
2.500000 
2.500000 
3.640055 
3.640055 
3.162278 
3.162278 
1.802776 
1.802776 
2.061553 
2.061553 
2.500000 
2.500000 
1.581139 
1.581139 
0.000000 
0.000000 
2.500000 
2.500000 
2.692582 
2.692582 
2.061553 
2.061553 
3.000000 
3.000000 
2.500000 
2.500000 
3.162278 
3.162278 
1.581139 
1.581139 
3.535534 
3.535534 
5.024938 
5.024938 
1.802776 
1.802776 
0.000000 
0.000000 
2.500000 
2.500000 
2.692582 
2.692582 
0.000000 
0.000000 
7.648529 
7.648529 
2.500000 
2.500000 
3.162278 
3.162278 
1.581139 
1.581139 
2.236068 
2.236068 
4.000000 
4.000000 
1.802776 
1.802776 
0.000000 
0.000000 
2.500000 
2.500000 
2.692582 
2.692582 
0.500000 
0.500000 
3.535534 
3.535534 
2.500000 
2.500000 
4.609772 
4.609772 
6.184658 
6.184658 
1.118034 
1.118034 
1.802776 
1.802776 
0.000000 
0.000000 
2.500000 
2.500000 
2.692582 
2.692582 
0.707107 
0.707107 
2.549510 
2.549510 
1.000000 
1.000000 
1.118034 
1.118034 
1.000000 
1.000000 
1.802776 
1.802776 
0.000000 
0.000000 
2.500000 
2.500000 
2.692582 
2.692582 
0.707107 
0.707107 
2.061553 
2.061553 
2.236068 
2.236068 
6.103278 
6.103278 
0.000000 
0.000000 
1.000000 
1.000000 
1.802776 
1.802776 
0.000000 
0.000000 
2.500000 
2.500000 
2.692582 
2.692582 
0.707107 
0.707107 
7.071068 
7.071068 
2.236068 
2.236068 
3.000000 
3.000000 
1.500000 
1.500000 
1.000000 
1.000000 
1.802776 
1.802776 
0.000000 
0.000000 
2.500000 
2.500000 
2.692582 
2.692582 
0.707107 
0.707107 
2.061553 
2.061553 
2.236068 
2.236068 
1.581139 
1.581139 
0.500000 
0.500000 
1.000000 
1.000000 
1.802776 
1.802776 
0.000000 
0.000000 
2.500000 
2.500000 
2.692582 
2.692582 
0.707107 
0.707107 
1.118034 
1.118034 
2.236068 
2.236068 
4.527693 
4.527693 
1.000000 
1.000000 
1.000000 
1.000000 
1.802776 
1.802776 
0.000000 
0.000000 
2.500000 
2.500000 
2.692582 
2.692582 
0.707107 
0.707107 
1.414214 
1.414214 
2.236068 
2.236068 
0.000000 
0.000000 
0.000000 
0.000000 
0.707107 
0.707107 
1.000000 
1.000000 
1.802776 
1.802776 
0.000000 
0.000000 
2.500000 
2.500000 
0.707107 
0.707107 
1.414214 
1.414214 
2.236068 
2.236068 
1.118034 
1.118034 
