0.000000 
0.000000 
2.061553 
2.061553 
0.000000 
0.000000 
2.061553 
2.061553 
2.000000 
2.000000 
2.061553 
2.061553 
0.000000 
0.000000 
2.000000 
2.000000 
2.061553 
2.061553 
0.000000 
0.000000 
0.000000 
0.000000 
2.000000 
2.000000 
2.061553 
2.061553 
2.000000 
2.000000 
0.000000 
0.000000 
2.000000 
2.000000 
2.061553 
2.061553 
0.000000 
0.000000 
2.000000 
2.000000 
0.000000 
0.000000 
2.000000 
2.000000 
2.061553 
2.061553 
2.000000 
2.000000 
2.000000 
2.000000 
0.000000 
0.000000 
2.000000 
2.000000 
2.061553 
2.061553 
1.500000 
1.500000 
2.000000 
2.000000 
0.000000 
0.000000 
2.000000 
2.000000 
2.061553 
2.061553 
1.000000 
1.000000 
2.000000 
2.000000 
0.000000 
0.000000 
2.000000 
2.000000 
2.061553 
2.061553 
3.162278 
3.162278 
2.000000 
2.000000 
0.000000 
0.000000 
2.000000 
2.000000 
2.061553 
2.061553 
0.500000 
0.500000 
2.000000 
2.000000 
0.000000 
0.000000 
2.000000 
2.000000 
2.061553 
2.061553 
1.581139 
1.581139 
2.000000 
2.000000 
0.000000 
0.000000 
2.000000 
2.000000 
2.061553 
2.061553 
0.000000 
0.000000 
0.000000 
0.000000 
1.581139 
1.581139 
2.000000 
2.000000 
0.000000 
0.000000 
2.000000 
2.000000 
2.061553 
2.061553 
1.581139 
1.581139 
0.000000 
0.000000 
2.061553 
2.061553 
2.000000 
2.000000 
0.000000 
0.000000 
2.000000 
2.000000 
2.061553 
2.061553 
1.500000 
1.500000 
0.000000 
0.000000 
2.061553 
2.061553 
2.000000 
2.000000 
0.000000 
0.000000 
2.000000 
2.000000 
0.500000 
0.500000 
0.000000 
0.000000 
2.000000 
2.000000 
2.000000 
2.000000 
0.000000 
0.000000 
2.000000 
2.000000 
0.500000 
0.500000 
0.000000 
0.000000 
4.031129 
4.031129 
2.000000 
2.000000 
0.000000 
0.000000 
0.500000 
0.500000 
0.000000 
0.000000 
1.581139 
1.581139 
2.000000 
2.000000 
0.000000 
0.000000 
0.500000 
0.500000 
0.000000 
0.000000 
1.500000 
1.500000 
2.000000 
2.000000 
0.000000 
0.000000 
0.500000 
0.500000 
0.000000 
0.000000 
1.581139 
1.581139 
0.000000 
0.000000 
0.500000 
0.500000 
0.000000 
0.000000 
3.354102 
3.354102 
0.000000 
0.000000 
0.500000 
0.500000 
0.000000 
0.000000 
1.802776 
1.802776 
0.000000 
0.000000 
0.500000 
0.500000 
0.000000 
0.000000 
1.581139 
1.581139 
0.000000 
0.000000 
0.000000 
0.000000 
0.500000 
0.500000 
0.000000 
0.000000 
1.581139 
1.581139 
1.118034 
1.118034 
0.000000 
0.000000 
0.500000 
0.500000 
0.000000 
0.000000 
5.590170 
5.590170 
