0.000000 
0.000000 
0.000000 
0.000000 
0.000000 
0.000000 
1.581139 
1.581139 
0.000000 
0.000000 
2.236068 
2.236068 
0.000000 
0.000000 
1.802776 
1.802776 
3.535534 
3.535534 
1.802776 
1.802776 
3.535534 
3.535534 
1.802776 
1.802776 
3.535534 
3.535534 
1.802776 
1.802776 
3.535534 
3.535534 
1.802776 
1.802776 
3.535534 
3.535534 
1.802776 
1.802776 
3.535534 
3.535534 
1.802776 
1.802776 
3.535534 
3.535534 
1.802776 
1.802776 
0.000000 
0.000000 
3.535534 
3.535534 
1.802776 
1.802776 
4.242641 
4.242641 
3.535534 
3.535534 
1.802776 
1.802776 
4.242641 
4.242641 
3.535534 
3.535534 
1.802776 
1.802776 
0.000000 
0.000000 
4.242641 
4.242641 
3.535534 
3.535534 
1.802776 
1.802776 
2.061553 
2.061553 
4.242641 
4.242641 
3.535534 
3.535534 
1.802776 
1.802776 
3.201562 
3.201562 
4.242641 
4.242641 
3.535534 
3.535534 
1.802776 
1.802776 
0.000000 
0.000000 
0.000000 
0.000000 
3.354102 
3.354102 
4.242641 
4.242641 
3.535534 
3.535534 
1.802776 
1.802776 
0.000000 
0.000000 
2.549510 
2.549510 
2.500000 
2.500000 
4.242641 
4.242641 
3.535534 
3.535534 
0.000000 
0.000000 
0.000000 
0.000000 
2.061553 
2.061553 
2.500000 
2.500000 
4.242641 
4.242641 
2.500000 
2.500000 
0.000000 
0.000000 
3.905125 
3.905125 
2.500000 
2.500000 
4.242641 
4.242641 
0.000000 
0.000000 
2.500000 
2.500000 
0.000000 
0.000000 
0.500000 
0.500000 
2.500000 
2.500000 
4.242641 
4.242641 
0.000000 
0.000000 
0.000000 
0.000000 
2.500000 
2.500000 
0.000000 
0.000000 
0.500000 
0.500000 
2.500000 
2.500000 
4.242641 
4.242641 
1.500000 
1.500000 
0.000000 
0.000000 
2.500000 
2.500000 
0.000000 
0.000000 
2.500000 
2.500000 
2.500000 
2.500000 
4.242641 
4.242641 
1.500000 
1.500000 
0.000000 
0.000000 
2.500000 
2.500000 
0.000000 
0.000000 
2.500000 
2.500000 
2.500000 
2.500000 
4.242641 
4.242641 
4.609772 
4.609772 
0.000000 
0.000000 
2.500000 
2.500000 
0.000000 
0.000000 
2.549510 
2.549510 
2.500000 
2.500000 
4.242641 
4.242641 
0.707107 
0.707107 
0.000000 
0.000000 
2.500000 
2.500000 
0.000000 
0.000000 
2.549510 
2.549510 
2.500000 
2.500000 
4.242641 
4.242641 
0.707107 
0.707107 
0.000000 
0.000000 
2.500000 
2.500000 
0.000000 
0.000000 
2.549510 
2.549510 
2.500000 
2.500000 
1.118034 
1.118034 
0.000000 
0.000000 
2.500000 
2.500000 
0.000000 
0.000000 
2.549510 
2.549510 
2.500000 
2.500000 
1.000000 
1.000000 
0.000000 
0.000000 
2.500000 
2.500000 
0.000000 
0.000000 
2.549510 
2.549510 
2.500000 
2.500000 
0.707107 
0.707107 
0.000000 
0.000000 
2.500000 
2.500000 
0.000000 
0.000000 
2.549510 
2.549510 
2.500000 
2.500000 
0.000000 
0.000000 
0.500000 
0.500000 
0.000000 
0.000000 
2.500000 
2.500000 
0.000000 
0.000000 
2.549510 
2.549510 
2.500000 
2.500000 
2.500000 
2.500000 
0.500000 
0.500000 
0.000000 
0.000000 
2.500000 
2.500000 
2.549510 
2.549510 
2.500000 
2.500000 
2.236068 
2.236068 
1.581139 
1.581139 
0.000000 
0.000000 
2.500000 
2.500000 
2.549510 
2.549510 
2.236068 
2.236068 
4.609772 
4.609772 
0.000000 
0.000000 
2.500000 
2.500000 
2.549510 
2.549510 
2.236068 
2.236068 
0.707107 
0.707107 
0.000000 
0.000000 
2.549510 
2.549510 
2.236068 
2.236068 
0.500000 
0.500000 
2.549510 
2.549510 
2.236068 
2.236068 
1.000000 
1.000000 
2.549510 
2.549510 
2.236068 
2.236068 
0.707107 
0.707107 
2.549510 
2.549510 
