0.000000 
0.000000 
0.000000 
0.000000 
0.000000 
0.000000 
20.024984 
20.024984 
0.000000 
0.000000 
7.017834 
7.017834 
0.000000 
0.000000 
19.006578 
19.006578 
0.000000 
0.000000 
0.000000 
0.000000 
19.006578 
19.006578 
3.000000 
3.000000 
0.000000 
0.000000 
19.006578 
19.006578 
1.118034 
1.118034 
0.000000 
0.000000 
19.006578 
19.006578 
2.915476 
2.915476 
0.000000 
0.000000 
19.006578 
19.006578 
0.000000 
0.000000 
14.080128 
14.080128 
0.000000 
0.000000 
19.006578 
19.006578 
3.500000 
3.500000 
12.257651 
12.257651 
0.000000 
0.000000 
19.006578 
19.006578 
22.500000 
22.500000 
4.123106 
4.123106 
0.000000 
0.000000 
19.006578 
19.006578 
22.500000 
22.500000 
5.522681 
5.522681 
0.000000 
0.000000 
19.006578 
19.006578 
22.500000 
22.500000 
22.549945 
22.549945 
0.000000 
0.000000 
19.006578 
19.006578 
22.500000 
22.500000 
17.066048 
17.066048 
0.000000 
0.000000 
19.006578 
19.006578 
22.500000 
22.500000 
5.315073 
5.315073 
0.000000 
0.000000 
19.006578 
19.006578 
22.500000 
22.500000 
0.707107 
0.707107 
19.006578 
19.006578 
22.500000 
22.500000 
22.000000 
22.000000 
19.006578 
19.006578 
22.500000 
22.500000 
4.031129 
4.031129 
19.006578 
19.006578 
22.500000 
22.500000 
4.031129 
4.031129 
22.500000 
22.500000 
25.005000 
25.005000 
22.500000 
22.500000 
1.581139 
1.581139 
22.500000 
22.500000 
1.581139 
1.581139 
22.500000 
22.500000 
1.000000 
1.000000 
22.500000 
22.500000 
8.631338 
8.631338 
22.500000 
22.500000 
8.077747 
8.077747 
0.000000 
0.000000 
2.692582 
2.692582 
5.590170 
5.590170 
15.008331 
15.008331 
1.581139 
1.581139 
2.500000 
2.500000 
2.500000 
2.500000 
2.500000 
2.500000 
2.500000 
2.500000 
3.905125 
3.905125 
8.732125 
8.732125 
2.500000 
2.500000 
5.024938 
5.024938 
3.041381 
3.041381 
1.802776 
1.802776 
3.000000 
3.000000 
0.000000 
0.000000 
1.802776 
1.802776 
1.802776 
1.802776 
5.500000 
5.500000 
2.236068 
2.236068 
9.013878 
9.013878 
5.500000 
5.500000 
1.118034 
1.118034 
2.692582 
2.692582 
5.500000 
5.500000 
7.516648 
7.516648 
6.363961 
6.363961 
0.000000 
0.000000 
5.500000 
5.500000 
1.000000 
1.000000 
6.264982 
6.264982 
0.000000 
0.000000 
12.539936 
12.539936 
5.500000 
5.500000 
1.000000 
1.000000 
4.031129 
4.031129 
