0.000000 
0.000000 
0.000000 
0.000000 
2.500000 
2.500000 
1.118034 
1.118034 
1.118034 
1.118034 
1.118034 
1.118034 
0.000000 
0.000000 
6.670832 
6.670832 
1.118034 
1.118034 
0.000000 
0.000000 
1.414214 
1.414214 
3.000000 
3.000000 
1.118034 
1.118034 
2.549510 
2.549510 
0.500000 
0.500000 
2.500000 
2.500000 
1.118034 
1.118034 
2.549510 
2.549510 
0.500000 
0.500000 
2.500000 
2.500000 
1.118034 
1.118034 
2.549510 
2.549510 
0.500000 
0.500000 
2.500000 
2.500000 
1.118034 
1.118034 
2.549510 
2.549510 
0.500000 
0.500000 
2.500000 
2.500000 
1.118034 
1.118034 
0.000000 
0.000000 
0.000000 
0.000000 
2.549510 
2.549510 
0.500000 
0.500000 
2.500000 
2.500000 
1.118034 
1.118034 
0.000000 
0.000000 
1.000000 
1.000000 
2.549510 
2.549510 
0.500000 
0.500000 
2.500000 
2.500000 
1.118034 
1.118034 
0.000000 
0.000000 
0.500000 
0.500000 
2.549510 
2.549510 
0.500000 
0.500000 
2.500000 
2.500000 
1.118034 
1.118034 
0.000000 
0.000000 
1.000000 
1.000000 
2.549510 
2.549510 
0.500000 
0.500000 
2.500000 
2.500000 
10.049876 
10.049876 
0.000000 
0.000000 
0.500000 
0.500000 
2.549510 
2.549510 
0.500000 
0.500000 
2.500000 
2.500000 
0.707107 
0.707107 
0.000000 
0.000000 
0.000000 
0.000000 
2.549510 
2.549510 
2.500000 
2.500000 
2.500000 
2.500000 
1.118034 
1.118034 
0.000000 
0.000000 
1.000000 
1.000000 
2.549510 
2.549510 
4.527693 
4.527693 
2.500000 
2.500000 
0.500000 
0.500000 
0.000000 
0.000000 
0.500000 
0.500000 
2.549510 
2.549510 
1.118034 
1.118034 
2.500000 
2.500000 
0.500000 
0.500000 
0.000000 
0.000000 
0.000000 
0.000000 
0.500000 
0.500000 
2.549510 
2.549510 
1.118034 
1.118034 
2.500000 
2.500000 
0.500000 
0.500000 
0.000000 
0.000000 
0.000000 
0.000000 
3.535534 
3.535534 
0.000000 
0.000000 
0.707107 
0.707107 
2.549510 
2.549510 
1.118034 
1.118034 
2.500000 
2.500000 
0.500000 
0.500000 
0.000000 
0.000000 
0.000000 
0.000000 
2.061553 
2.061553 
3.000000 
3.000000 
0.000000 
0.000000 
2.236068 
2.236068 
2.549510 
2.549510 
1.118034 
1.118034 
2.500000 
2.500000 
0.500000 
0.500000 
0.000000 
0.000000 
0.000000 
0.000000 
6.020797 
6.020797 
4.527693 
4.527693 
3.000000 
3.000000 
0.000000 
0.000000 
1.000000 
1.000000 
1.118034 
1.118034 
0.500000 
0.500000 
0.000000 
0.000000 
3.041381 
3.041381 
0.000000 
0.000000 
1.000000 
1.000000 
1.802776 
1.802776 
3.000000 
3.000000 
0.000000 
0.000000 
1.581139 
1.581139 
1.118034 
1.118034 
0.500000 
0.500000 
0.000000 
0.000000 
2.061553 
2.061553 
3.535534 
3.535534 
7.017834 
7.017834 
1.000000 
1.000000 
1.000000 
1.000000 
3.000000 
3.000000 
0.000000 
0.000000 
1.581139 
1.581139 
1.118034 
1.118034 
0.500000 
0.500000 
3.535534 
3.535534 
2.061553 
2.061553 
4.609772 
4.609772 
1.581139 
1.581139 
1.000000 
1.000000 
4.527693 
4.527693 
3.000000 
3.000000 
0.000000 
0.000000 
1.581139 
1.581139 
1.118034 
1.118034 
0.500000 
0.500000 
3.041381 
3.041381 
0.707107 
0.707107 
2.236068 
2.236068 
1.118034 
1.118034 
1.000000 
1.000000 
1.581139 
1.581139 
3.000000 
3.000000 
1.581139 
1.581139 
1.118034 
1.118034 
0.500000 
0.500000 
2.121320 
2.121320 
5.522681 
5.522681 
3.535534 
3.535534 
1.500000 
1.500000 
1.000000 
1.000000 
4.500000 
4.500000 
3.000000 
3.000000 
1.581139 
1.581139 
1.118034 
1.118034 
0.500000 
0.500000 
2.915476 
2.915476 
5.522681 
5.522681 
3.000000 
3.000000 
1.500000 
1.500000 
1.000000 
1.000000 
4.500000 
4.500000 
3.000000 
3.000000 
1.581139 
1.581139 
1.118034 
1.118034 
0.500000 
0.500000 
0.000000 
0.000000 
0.000000 
0.000000 
2.915476 
2.915476 
5.522681 
5.522681 
6.020797 
6.020797 
1.500000 
1.500000 
1.000000 
1.000000 
4.500000 
4.500000 
3.000000 
3.000000 
1.581139 
1.581139 
1.118034 
1.118034 
0.500000 
0.500000 
0.000000 
0.000000 
1.414214 
1.414214 
2.236068 
2.236068 
2.915476 
2.915476 
5.522681 
5.522681 
3.041381 
3.041381 
1.500000 
1.500000 
1.000000 
1.000000 
4.500000 
4.500000 
3.000000 
3.000000 
1.581139 
1.581139 
1.118034 
1.118034 
0.500000 
0.500000 
1.802776 
1.802776 
1.118034 
1.118034 
3.041381 
3.041381 
2.915476 
2.915476 
5.522681 
5.522681 
2.692582 
2.692582 
1.500000 
1.500000 
1.000000 
1.000000 
4.500000 
4.500000 
3.000000 
3.000000 
1.581139 
1.581139 
1.118034 
1.118034 
0.500000 
0.500000 
1.000000 
1.000000 
1.118034 
1.118034 
2.061553 
2.061553 
2.915476 
2.915476 
5.522681 
5.522681 
2.549510 
2.549510 
1.500000 
1.500000 
1.000000 
1.000000 
4.500000 
4.500000 
3.000000 
3.000000 
1.581139 
1.581139 
1.118034 
1.118034 
0.500000 
0.500000 
0.000000 
0.000000 
0.000000 
0.000000 
2.500000 
2.500000 
1.118034 
1.118034 
2.061553 
2.061553 
2.915476 
2.915476 
5.522681 
5.522681 
2.549510 
2.549510 
1.500000 
1.500000 
1.000000 
1.000000 
4.500000 
4.500000 
3.000000 
3.000000 
1.581139 
1.581139 
3.535534 
3.535534 
4.031129 
4.031129 
2.500000 
2.500000 
1.118034 
1.118034 
2.061553 
2.061553 
2.915476 
2.915476 
5.522681 
5.522681 
2.549510 
2.549510 
1.500000 
1.500000 
1.000000 
1.000000 
4.500000 
4.500000 
3.000000 
3.000000 
1.581139 
1.581139 
0.000000 
0.000000 
0.000000 
0.000000 
2.061553 
2.061553 
10.049876 
10.049876 
2.500000 
2.500000 
1.118034 
1.118034 
2.061553 
2.061553 
2.915476 
2.915476 
5.522681 
5.522681 
2.549510 
2.549510 
1.500000 
1.500000 
1.000000 
1.000000 
4.500000 
4.500000 
3.000000 
3.000000 
1.581139 
1.581139 
0.000000 
0.000000 
0.000000 
0.000000 
0.000000 
0.000000 
0.000000 
0.000000 
0.000000 
0.000000 
2.061553 
2.061553 
3.535534 
3.535534 
2.500000 
2.500000 
1.118034 
1.118034 
2.061553 
2.061553 
2.915476 
2.915476 
5.522681 
5.522681 
2.549510 
2.549510 
1.500000 
1.500000 
1.000000 
1.000000 
4.500000 
4.500000 
1.581139 
1.581139 
0.000000 
0.000000 
2.500000 
2.500000 
3.041381 
3.041381 
3.535534 
3.535534 
0.000000 
0.000000 
0.000000 
0.000000 
2.061553 
2.061553 
3.535534 
3.535534 
2.500000 
2.500000 
1.118034 
1.118034 
2.061553 
2.061553 
2.915476 
2.915476 
5.522681 
5.522681 
2.549510 
2.549510 
1.500000 
1.500000 
1.000000 
1.000000 
4.500000 
4.500000 
1.581139 
1.581139 
0.000000 
0.000000 
3.000000 
3.000000 
2.500000 
2.500000 
3.041381 
3.041381 
3.535534 
3.535534 
0.000000 
0.000000 
0.000000 
0.000000 
2.061553 
2.061553 
3.535534 
3.535534 
2.500000 
2.500000 
1.118034 
1.118034 
2.061553 
2.061553 
2.915476 
2.915476 
5.522681 
5.522681 
2.549510 
2.549510 
1.500000 
1.500000 
4.500000 
4.500000 
2.692582 
2.692582 
3.000000 
3.000000 
2.500000 
2.500000 
3.041381 
3.041381 
3.535534 
3.535534 
0.000000 
0.000000 
0.000000 
0.000000 
2.061553 
2.061553 
3.535534 
3.535534 
2.500000 
2.500000 
1.118034 
1.118034 
2.061553 
2.061553 
2.915476 
2.915476 
5.522681 
5.522681 
2.549510 
2.549510 
1.500000 
1.500000 
4.500000 
4.500000 
0.000000 
0.000000 
0.000000 
0.000000 
2.692582 
2.692582 
8.514693 
8.514693 
2.500000 
2.500000 
3.041381 
3.041381 
3.535534 
3.535534 
0.000000 
0.000000 
0.000000 
0.000000 
2.061553 
2.061553 
3.535534 
3.535534 
2.500000 
2.500000 
1.118034 
1.118034 
2.061553 
2.061553 
2.915476 
2.915476 
5.522681 
5.522681 
2.549510 
2.549510 
1.500000 
1.500000 
4.500000 
4.500000 
