0.000000 
0.000000 
0.000000 
0.000000 
0.000000 
0.000000 
3.162278 
3.162278 
0.000000 
0.000000 
4.242641 
4.242641 
0.000000 
0.000000 
4.301163 
4.301163 
0.000000 
0.000000 
0.000000 
0.000000 
5.024938 
5.024938 
3.041381 
3.041381 
0.000000 
0.000000 
1.802776 
1.802776 
3.041381 
3.041381 
0.000000 
0.000000 
0.707107 
0.707107 
3.041381 
3.041381 
0.000000 
0.000000 
2.000000 
2.000000 
3.041381 
3.041381 
0.000000 
0.000000 
2.500000 
2.500000 
3.041381 
3.041381 
0.000000 
0.000000 
2.236068 
2.236068 
3.041381 
3.041381 
0.000000 
0.000000 
5.500000 
5.500000 
3.041381 
3.041381 
0.000000 
0.000000 
2.236068 
2.236068 
3.041381 
3.041381 
0.000000 
0.000000 
2.549510 
2.549510 
3.041381 
3.041381 
0.000000 
0.000000 
2.549510 
2.549510 
3.041381 
3.041381 
0.000000 
0.000000 
1.118034 
1.118034 
3.041381 
3.041381 
3.041381 
3.041381 
3.041381 
3.041381 
0.707107 
0.707107 
3.041381 
3.041381 
0.707107 
0.707107 
3.041381 
3.041381 
0.707107 
0.707107 
3.041381 
3.041381 
2.549510 
2.549510 
2.500000 
2.500000 
2.236068 
2.236068 
0.000000 
0.000000 
2.236068 
2.236068 
3.162278 
3.162278 
2.236068 
2.236068 
3.535534 
3.535534 
2.236068 
2.236068 
0.000000 
0.000000 
3.535534 
3.535534 
2.236068 
2.236068 
3.640055 
3.640055 
3.535534 
3.535534 
2.236068 
2.236068 
3.041381 
3.041381 
3.535534 
3.535534 
2.236068 
2.236068 
0.000000 
0.000000 
3.041381 
3.041381 
3.535534 
3.535534 
2.236068 
2.236068 
1.500000 
1.500000 
3.041381 
3.041381 
3.535534 
3.535534 
2.236068 
2.236068 
2.000000 
2.000000 
3.041381 
3.041381 
3.535534 
3.535534 
2.236068 
2.236068 
0.000000 
0.000000 
2.000000 
2.000000 
3.041381 
3.041381 
3.535534 
3.535534 
2.236068 
2.236068 
2.549510 
2.549510 
2.000000 
2.000000 
3.041381 
3.041381 
3.535534 
3.535534 
2.236068 
2.236068 
0.000000 
0.000000 
3.000000 
3.000000 
2.000000 
2.000000 
3.041381 
3.041381 
3.535534 
3.535534 
2.236068 
2.236068 
1.000000 
1.000000 
3.000000 
3.000000 
2.000000 
2.000000 
3.041381 
3.041381 
3.535534 
3.535534 
2.236068 
2.236068 
0.000000 
0.000000 
1.000000 
1.000000 
3.000000 
3.000000 
2.000000 
2.000000 
3.041381 
3.041381 
3.535534 
3.535534 
2.236068 
2.236068 
2.500000 
2.500000 
1.000000 
1.000000 
3.000000 
3.000000 
2.000000 
2.000000 
3.041381 
3.041381 
3.535534 
3.535534 
2.500000 
2.500000 
1.000000 
1.000000 
3.000000 
3.000000 
2.000000 
2.000000 
3.041381 
3.041381 
3.535534 
3.535534 
1.118034 
1.118034 
1.000000 
1.000000 
3.000000 
3.000000 
2.000000 
2.000000 
3.041381 
3.041381 
3.535534 
3.535534 
