0.000000 
0.000000 
0.000000 
0.000000 
0.000000 
0.000000 
0.000000 
0.000000 
0.000000 
0.000000 
0.000000 
0.000000 
0.000000 
0.000000 
0.707107 
0.707107 
3.000000 
3.000000 
0.000000 
0.000000 
0.000000 
0.000000 
0.000000 
0.000000 
0.000000 
0.000000 
1.118034 
1.118034 
3.000000 
3.000000 
0.000000 
0.000000 
0.000000 
0.000000 
0.000000 
0.000000 
0.000000 
0.000000 
0.000000 
0.000000 
0.000000 
0.000000 
1.000000 
1.000000 
3.000000 
3.000000 
0.000000 
0.000000 
0.000000 
0.000000 
0.000000 
0.000000 
3.535534 
3.535534 
0.000000 
0.000000 
0.000000 
0.000000 
0.000000 
0.000000 
0.000000 
0.000000 
1.118034 
1.118034 
3.000000 
3.000000 
0.000000 
0.000000 
0.000000 
0.000000 
0.000000 
0.000000 
3.162278 
3.162278 
0.000000 
0.000000 
3.500000 
3.500000 
0.000000 
0.000000 
0.000000 
0.000000 
0.000000 
0.000000 
0.000000 
0.000000 
1.581139 
1.581139 
3.000000 
3.000000 
0.000000 
0.000000 
3.000000 
3.000000 
3.041381 
3.041381 
0.000000 
0.000000 
2.549510 
2.549510 
0.000000 
0.000000 
3.500000 
3.500000 
0.000000 
0.000000 
0.000000 
0.000000 
0.000000 
0.000000 
0.000000 
0.000000 
2.000000 
2.000000 
3.000000 
3.000000 
0.000000 
0.000000 
0.000000 
0.000000 
3.535534 
3.535534 
3.000000 
3.000000 
3.041381 
3.041381 
0.000000 
0.000000 
2.549510 
2.549510 
0.000000 
0.000000 
3.500000 
3.500000 
0.000000 
0.000000 
0.000000 
0.000000 
0.000000 
0.000000 
2.236068 
2.236068 
2.000000 
2.000000 
3.000000 
3.000000 
0.000000 
0.000000 
0.000000 
0.000000 
2.549510 
2.549510 
1.581139 
1.581139 
3.535534 
3.535534 
3.000000 
3.000000 
3.041381 
3.041381 
0.000000 
0.000000 
2.549510 
2.549510 
0.000000 
0.000000 
3.500000 
3.500000 
0.000000 
0.000000 
0.000000 
0.000000 
0.000000 
0.000000 
2.692582 
2.692582 
6.082763 
6.082763 
3.000000 
3.000000 
0.000000 
0.000000 
2.500000 
2.500000 
0.000000 
0.000000 
1.802776 
1.802776 
1.581139 
1.581139 
3.535534 
3.535534 
3.000000 
3.000000 
3.041381 
3.041381 
0.000000 
0.000000 
2.549510 
2.549510 
0.000000 
0.000000 
3.500000 
3.500000 
0.000000 
0.000000 
0.000000 
0.000000 
0.000000 
0.000000 
2.692582 
2.692582 
3.535534 
3.535534 
3.000000 
3.000000 
2.236068 
2.236068 
2.500000 
2.500000 
0.000000 
0.000000 
1.802776 
1.802776 
1.581139 
1.581139 
3.535534 
3.535534 
3.000000 
3.000000 
3.041381 
3.041381 
0.000000 
0.000000 
2.549510 
2.549510 
0.000000 
0.000000 
3.500000 
3.500000 
0.000000 
0.000000 
0.000000 
0.000000 
0.000000 
0.000000 
2.692582 
2.692582 
4.031129 
4.031129 
3.000000 
3.000000 
2.236068 
2.236068 
2.500000 
2.500000 
0.000000 
0.000000 
1.802776 
1.802776 
1.581139 
1.581139 
3.535534 
3.535534 
3.000000 
3.000000 
3.041381 
3.041381 
0.000000 
0.000000 
2.549510 
2.549510 
0.000000 
0.000000 
3.500000 
3.500000 
0.000000 
0.000000 
0.000000 
0.000000 
0.000000 
0.000000 
2.692582 
2.692582 
4.031129 
4.031129 
3.000000 
3.000000 
2.236068 
2.236068 
2.500000 
2.500000 
0.000000 
0.000000 
1.802776 
1.802776 
1.581139 
1.581139 
3.535534 
3.535534 
3.000000 
3.000000 
3.041381 
3.041381 
0.000000 
0.000000 
2.549510 
2.549510 
0.000000 
0.000000 
3.500000 
3.500000 
0.000000 
0.000000 
0.000000 
0.000000 
0.000000 
0.000000 
2.692582 
2.692582 
4.031129 
4.031129 
3.000000 
3.000000 
2.236068 
2.236068 
2.500000 
2.500000 
0.000000 
0.000000 
1.802776 
1.802776 
1.581139 
1.581139 
3.535534 
3.535534 
3.000000 
3.000000 
3.041381 
3.041381 
0.000000 
0.000000 
2.549510 
2.549510 
0.000000 
0.000000 
3.500000 
3.500000 
0.000000 
0.000000 
0.000000 
0.000000 
0.000000 
0.000000 
2.692582 
2.692582 
4.031129 
4.031129 
3.000000 
3.000000 
2.236068 
2.236068 
2.500000 
2.500000 
0.000000 
0.000000 
1.802776 
1.802776 
1.581139 
1.581139 
3.535534 
3.535534 
3.000000 
3.000000 
3.041381 
3.041381 
0.000000 
0.000000 
2.549510 
2.549510 
0.000000 
0.000000 
3.500000 
3.500000 
0.000000 
0.000000 
0.000000 
0.000000 
0.000000 
0.000000 
2.692582 
2.692582 
4.031129 
4.031129 
3.000000 
3.000000 
2.236068 
2.236068 
2.500000 
2.500000 
0.000000 
0.000000 
1.802776 
1.802776 
1.581139 
1.581139 
3.535534 
3.535534 
3.000000 
3.000000 
3.041381 
3.041381 
0.000000 
0.000000 
2.549510 
2.549510 
0.000000 
0.000000 
3.500000 
3.500000 
0.000000 
0.000000 
0.000000 
0.000000 
2.692582 
2.692582 
4.031129 
4.031129 
3.000000 
3.000000 
0.000000 
0.000000 
2.236068 
2.236068 
2.500000 
2.500000 
0.000000 
0.000000 
1.802776 
1.802776 
1.581139 
1.581139 
3.535534 
3.535534 
3.000000 
3.000000 
3.041381 
3.041381 
0.000000 
0.000000 
2.549510 
2.549510 
0.000000 
0.000000 
3.500000 
3.500000 
0.000000 
0.000000 
2.692582 
2.692582 
4.031129 
4.031129 
0.000000 
0.000000 
0.000000 
0.000000 
0.000000 
0.000000 
4.949747 
4.949747 
2.236068 
2.236068 
2.500000 
2.500000 
0.000000 
0.000000 
1.802776 
1.802776 
1.581139 
1.581139 
3.535534 
3.535534 
3.000000 
3.000000 
3.041381 
3.041381 
0.000000 
0.000000 
2.549510 
2.549510 
0.000000 
0.000000 
3.500000 
3.500000 
2.692582 
2.692582 
4.031129 
4.031129 
0.000000 
0.000000 
0.000000 
0.000000 
0.000000 
0.000000 
0.000000 
0.000000 
3.041381 
3.041381 
0.000000 
0.000000 
4.949747 
4.949747 
2.236068 
2.236068 
2.500000 
2.500000 
0.000000 
0.000000 
1.802776 
1.802776 
1.581139 
1.581139 
3.535534 
3.535534 
3.000000 
3.000000 
3.041381 
3.041381 
0.000000 
0.000000 
2.549510 
2.549510 
3.500000 
3.500000 
2.692582 
2.692582 
4.031129 
4.031129 
0.000000 
0.000000 
0.000000 
0.000000 
0.000000 
0.000000 
0.000000 
0.000000 
0.000000 
0.000000 
0.000000 
0.000000 
0.000000 
0.000000 
1.500000 
1.500000 
2.121320 
2.121320 
0.000000 
0.000000 
3.041381 
3.041381 
0.000000 
0.000000 
4.949747 
4.949747 
2.236068 
2.236068 
2.500000 
2.500000 
0.000000 
0.000000 
1.802776 
1.802776 
1.581139 
1.581139 
3.535534 
3.535534 
3.000000 
3.000000 
3.041381 
3.041381 
2.549510 
2.549510 
3.500000 
3.500000 
2.692582 
2.692582 
4.031129 
4.031129 
0.000000 
0.000000 
0.000000 
0.000000 
0.500000 
0.500000 
2.061553 
2.061553 
1.500000 
1.500000 
0.000000 
0.000000 
3.354102 
3.354102 
0.000000 
0.000000 
1.000000 
1.000000 
1.000000 
1.000000 
0.000000 
0.000000 
3.041381 
3.041381 
0.000000 
0.000000 
4.949747 
4.949747 
2.236068 
2.236068 
2.500000 
2.500000 
0.000000 
0.000000 
1.802776 
1.802776 
1.581139 
1.581139 
3.535534 
3.535534 
3.000000 
3.000000 
3.041381 
3.041381 
2.549510 
2.549510 
2.692582 
2.692582 
4.031129 
4.031129 
0.000000 
0.000000 
2.000000 
2.000000 
0.000000 
0.000000 
0.000000 
0.000000 
2.236068 
2.236068 
1.500000 
1.500000 
0.000000 
0.000000 
2.236068 
2.236068 
0.000000 
0.000000 
1.581139 
1.581139 
0.000000 
0.000000 
0.000000 
0.000000 
3.041381 
3.041381 
0.000000 
0.000000 
4.949747 
4.949747 
2.236068 
2.236068 
2.500000 
2.500000 
0.000000 
0.000000 
1.802776 
1.802776 
1.581139 
1.581139 
3.535534 
3.535534 
2.692582 
2.692582 
4.031129 
4.031129 
3.640055 
3.640055 
2.549510 
2.549510 
0.000000 
0.000000 
0.500000 
0.500000 
1.581139 
1.581139 
1.500000 
1.500000 
0.000000 
0.000000 
2.549510 
2.549510 
0.000000 
0.000000 
0.707107 
0.707107 
1.118034 
1.118034 
0.000000 
0.000000 
8.514693 
8.514693 
0.000000 
0.000000 
4.949747 
4.949747 
2.236068 
2.236068 
2.500000 
2.500000 
0.000000 
0.000000 
1.802776 
1.802776 
1.581139 
1.581139 
2.692582 
2.692582 
4.031129 
4.031129 
3.640055 
3.640055 
1.581139 
1.581139 
0.000000 
0.000000 
2.061553 
2.061553 
1.000000 
1.000000 
1.500000 
1.500000 
0.000000 
0.000000 
5.522681 
5.522681 
0.000000 
0.000000 
1.000000 
1.000000 
2.121320 
2.121320 
0.000000 
0.000000 
0.500000 
0.500000 
0.000000 
0.000000 
4.949747 
4.949747 
2.828427 
2.828427 
2.500000 
2.500000 
1.802776 
1.802776 
4.031129 
4.031129 
3.640055 
3.640055 
1.500000 
1.500000 
0.000000 
0.000000 
3.640055 
3.640055 
1.000000 
1.000000 
1.500000 
1.500000 
0.000000 
0.000000 
2.000000 
2.000000 
0.000000 
0.000000 
1.118034 
1.118034 
2.121320 
2.121320 
0.000000 
0.000000 
0.707107 
0.707107 
0.000000 
0.000000 
4.949747 
4.949747 
0.707107 
0.707107 
4.031129 
4.031129 
3.640055 
3.640055 
6.000000 
6.000000 
0.000000 
0.000000 
1.000000 
1.000000 
0.707107 
0.707107 
1.500000 
1.500000 
0.000000 
0.000000 
2.061553 
2.061553 
0.000000 
0.000000 
0.500000 
0.500000 
0.500000 
0.500000 
0.000000 
0.000000 
1.581139 
1.581139 
0.000000 
0.000000 
4.949747 
4.949747 
1.414214 
1.414214 
3.640055 
3.640055 
0.000000 
0.000000 
0.000000 
0.000000 
0.707107 
0.707107 
0.707107 
0.707107 
1.500000 
1.500000 
0.000000 
0.000000 
2.500000 
2.500000 
0.000000 
0.000000 
0.500000 
0.500000 
0.500000 
0.500000 
0.000000 
0.000000 
1.000000 
1.000000 
0.000000 
0.000000 
4.949747 
4.949747 
1.000000 
1.000000 
3.640055 
3.640055 
0.000000 
0.000000 
0.000000 
0.000000 
0.500000 
0.500000 
0.500000 
0.500000 
1.500000 
1.500000 
0.000000 
0.000000 
2.061553 
2.061553 
0.000000 
0.000000 
0.500000 
0.500000 
0.500000 
0.500000 
0.000000 
0.000000 
0.500000 
0.500000 
0.000000 
0.000000 
4.949747 
4.949747 
0.500000 
0.500000 
3.640055 
3.640055 
0.000000 
0.000000 
0.000000 
0.000000 
2.000000 
2.000000 
1.118034 
1.118034 
1.500000 
1.500000 
0.000000 
0.000000 
1.000000 
1.000000 
0.000000 
0.000000 
0.500000 
0.500000 
4.000000 
4.000000 
0.000000 
0.000000 
1.500000 
1.500000 
0.000000 
0.000000 
4.949747 
4.949747 
1.000000 
1.000000 
3.640055 
3.640055 
0.000000 
0.000000 
0.000000 
0.000000 
3.041381 
3.041381 
2.061553 
2.061553 
1.500000 
1.500000 
0.000000 
0.000000 
0.000000 
0.000000 
0.000000 
0.000000 
0.500000 
0.500000 
2.000000 
2.000000 
0.000000 
0.000000 
1.581139 
1.581139 
0.000000 
0.000000 
4.949747 
4.949747 
2.549510 
2.549510 
3.640055 
3.640055 
0.000000 
0.000000 
0.000000 
0.000000 
3.162278 
3.162278 
3.500000 
3.500000 
1.500000 
1.500000 
0.000000 
0.000000 
0.707107 
0.707107 
0.000000 
0.000000 
0.500000 
0.500000 
1.118034 
1.118034 
0.000000 
0.000000 
2.061553 
2.061553 
6.082763 
6.082763 
4.949747 
4.949747 
3.000000 
3.000000 
0.000000 
0.000000 
0.000000 
0.000000 
3.640055 
3.640055 
0.000000 
0.000000 
0.000000 
0.000000 
3.162278 
3.162278 
2.549510 
2.549510 
1.500000 
1.500000 
0.000000 
0.000000 
0.500000 
0.500000 
0.000000 
0.000000 
0.500000 
0.500000 
3.000000 
3.000000 
0.000000 
0.000000 
2.061553 
2.061553 
3.640055 
3.640055 
4.949747 
4.949747 
5.500000 
5.500000 
3.041381 
3.041381 
2.121320 
2.121320 
3.640055 
3.640055 
0.000000 
0.000000 
0.000000 
0.000000 
3.162278 
3.162278 
6.519202 
6.519202 
1.500000 
1.500000 
0.000000 
0.000000 
0.707107 
0.707107 
0.000000 
0.000000 
0.500000 
0.500000 
2.500000 
2.500000 
2.061553 
2.061553 
2.500000 
2.500000 
2.061553 
2.061553 
0.000000 
0.000000 
3.041381 
3.041381 
1.802776 
1.802776 
3.640055 
3.640055 
0.000000 
0.000000 
0.000000 
0.000000 
3.162278 
3.162278 
4.272002 
4.272002 
1.500000 
1.500000 
0.000000 
0.000000 
1.581139 
1.581139 
0.500000 
0.500000 
6.519202 
6.519202 
2.061553 
2.061553 
2.500000 
2.500000 
1.581139 
1.581139 
0.000000 
0.000000 
0.000000 
0.000000 
1.581139 
1.581139 
3.041381 
3.041381 
1.118034 
1.118034 
3.640055 
3.640055 
0.000000 
0.000000 
3.162278 
3.162278 
3.162278 
3.162278 
1.500000 
1.500000 
1.581139 
1.581139 
0.500000 
0.500000 
1.581139 
1.581139 
2.061553 
2.061553 
2.500000 
2.500000 
2.549510 
2.549510 
0.500000 
0.500000 
2.500000 
2.500000 
2.549510 
2.549510 
3.041381 
3.041381 
1.118034 
1.118034 
3.640055 
3.640055 
0.000000 
0.000000 
3.162278 
3.162278 
6.184658 
6.184658 
1.118034 
1.118034 
0.500000 
0.500000 
2.549510 
2.549510 
2.061553 
2.061553 
2.500000 
2.500000 
1.500000 
1.500000 
0.500000 
0.500000 
3.162278 
3.162278 
1.581139 
1.581139 
3.041381 
3.041381 
1.118034 
1.118034 
3.640055 
3.640055 
0.000000 
0.000000 
3.162278 
3.162278 
4.242641 
4.242641 
1.118034 
1.118034 
6.403124 
6.403124 
2.061553 
2.061553 
2.061553 
2.061553 
2.500000 
2.500000 
1.500000 
1.500000 
0.000000 
0.000000 
0.500000 
0.500000 
2.500000 
2.500000 
2.500000 
2.500000 
3.041381 
3.041381 
1.118034 
1.118034 
0.000000 
0.000000 
3.162278 
3.162278 
3.500000 
3.500000 
1.802776 
1.802776 
1.802776 
1.802776 
2.549510 
2.549510 
2.061553 
2.061553 
2.500000 
2.500000 
1.500000 
1.500000 
0.000000 
0.000000 
2.061553 
2.061553 
3.535534 
3.535534 
2.500000 
2.500000 
1.000000 
1.000000 
3.041381 
3.041381 
1.118034 
1.118034 
0.000000 
0.000000 
3.162278 
3.162278 
3.162278 
3.162278 
2.236068 
2.236068 
1.581139 
1.581139 
5.590170 
5.590170 
2.061553 
2.061553 
2.500000 
2.500000 
1.500000 
1.500000 
