0.000000 
0.000000 
1.802776 
1.802776 
1.581139 
1.581139 
1.118034 
1.118034 
1.802776 
1.802776 
1.414214 
1.414214 
1.118034 
1.118034 
0.500000 
0.500000 
0.000000 
0.000000 
1.000000 
1.000000 
3.162278 
3.162278 
3.500000 
3.500000 
0.000000 
0.000000 
3.162278 
3.162278 
1.500000 
1.500000 
0.000000 
0.000000 
3.162278 
3.162278 
1.000000 
1.000000 
0.000000 
0.000000 
3.162278 
3.162278 
1.118034 
1.118034 
0.000000 
0.000000 
0.000000 
0.000000 
3.162278 
3.162278 
0.500000 
0.500000 
0.000000 
0.000000 
0.000000 
0.000000 
0.000000 
0.000000 
0.000000 
0.000000 
3.162278 
3.162278 
1.118034 
1.118034 
4.123106 
4.123106 
3.041381 
3.041381 
0.000000 
0.000000 
0.000000 
0.000000 
3.162278 
3.162278 
1.118034 
1.118034 
3.807887 
3.807887 
3.041381 
3.041381 
0.000000 
0.000000 
0.000000 
0.000000 
3.162278 
3.162278 
1.000000 
1.000000 
6.576473 
6.576473 
3.041381 
3.041381 
0.000000 
0.000000 
0.000000 
0.000000 
3.162278 
3.162278 
1.581139 
1.581139 
0.000000 
0.000000 
6.264982 
6.264982 
3.041381 
3.041381 
0.000000 
0.000000 
0.000000 
0.000000 
3.162278 
3.162278 
2.061553 
2.061553 
0.000000 
0.000000 
4.472136 
4.472136 
3.041381 
3.041381 
0.000000 
0.000000 
0.000000 
0.000000 
3.162278 
3.162278 
1.118034 
1.118034 
0.000000 
0.000000 
7.382412 
7.382412 
3.041381 
3.041381 
0.000000 
0.000000 
0.000000 
0.000000 
3.162278 
3.162278 
5.000000 
5.000000 
0.000000 
0.000000 
3.354102 
3.354102 
3.041381 
3.041381 
0.000000 
0.000000 
0.000000 
0.000000 
3.162278 
3.162278 
0.707107 
0.707107 
0.000000 
0.000000 
4.031129 
4.031129 
3.041381 
3.041381 
0.000000 
0.000000 
0.000000 
0.000000 
3.162278 
3.162278 
1.118034 
1.118034 
0.000000 
0.000000 
4.031129 
4.031129 
3.041381 
3.041381 
0.000000 
0.000000 
0.000000 
0.000000 
3.162278 
3.162278 
1.118034 
1.118034 
0.000000 
0.000000 
4.031129 
4.031129 
3.041381 
3.041381 
0.000000 
0.000000 
0.000000 
0.000000 
1.581139 
1.581139 
0.000000 
0.000000 
4.031129 
4.031129 
3.041381 
3.041381 
0.000000 
0.000000 
1.581139 
1.581139 
0.000000 
0.000000 
0.000000 
0.000000 
4.031129 
4.031129 
3.041381 
3.041381 
0.000000 
0.000000 
1.581139 
1.581139 
2.500000 
2.500000 
0.000000 
0.000000 
4.031129 
4.031129 
3.041381 
3.041381 
0.000000 
0.000000 
1.581139 
1.581139 
1.802776 
1.802776 
0.000000 
0.000000 
4.031129 
4.031129 
3.041381 
3.041381 
1.581139 
1.581139 
1.802776 
1.802776 
0.000000 
0.000000 
4.031129 
4.031129 
3.041381 
3.041381 
1.581139 
1.581139 
0.000000 
0.000000 
1.802776 
1.802776 
0.000000 
0.000000 
4.031129 
4.031129 
1.581139 
1.581139 
2.692582 
2.692582 
1.802776 
1.802776 
0.000000 
0.000000 
4.031129 
4.031129 
1.581139 
1.581139 
0.000000 
0.000000 
2.692582 
2.692582 
1.802776 
1.802776 
0.000000 
0.000000 
4.031129 
4.031129 
1.581139 
1.581139 
0.000000 
0.000000 
2.692582 
2.692582 
1.802776 
1.802776 
4.031129 
4.031129 
1.581139 
1.581139 
0.000000 
0.000000 
2.692582 
2.692582 
1.802776 
1.802776 
4.031129 
4.031129 
1.581139 
1.581139 
0.000000 
0.000000 
2.692582 
2.692582 
1.802776 
1.802776 
4.031129 
4.031129 
1.581139 
1.581139 
0.000000 
0.000000 
2.692582 
2.692582 
1.802776 
1.802776 
4.031129 
4.031129 
1.581139 
1.581139 
0.000000 
0.000000 
2.692582 
2.692582 
1.802776 
1.802776 
1.581139 
1.581139 
0.000000 
0.000000 
2.692582 
2.692582 
1.802776 
1.802776 
1.581139 
1.581139 
