0.000000 
0.000000 
0.000000 
0.000000 
0.000000 
0.000000 
0.000000 
0.000000 
0.000000 
0.000000 
0.500000 
0.500000 
0.500000 
0.500000 
0.000000 
0.000000 
0.000000 
0.000000 
1.802776 
1.802776 
5.522681 
5.522681 
0.000000 
0.000000 
0.000000 
0.000000 
1.802776 
1.802776 
4.609772 
4.609772 
0.000000 
0.000000 
0.000000 
0.000000 
1.802776 
1.802776 
4.527693 
4.527693 
0.000000 
0.000000 
0.000000 
0.000000 
1.802776 
1.802776 
4.272002 
4.272002 
0.000000 
0.000000 
0.000000 
0.000000 
1.802776 
1.802776 
4.527693 
4.527693 
0.000000 
0.000000 
0.000000 
0.000000 
1.802776 
1.802776 
5.099020 
5.099020 
0.000000 
0.000000 
0.000000 
0.000000 
1.802776 
1.802776 
1.802776 
1.802776 
0.000000 
0.000000 
0.000000 
0.000000 
1.802776 
1.802776 
0.500000 
0.500000 
0.000000 
0.000000 
0.000000 
0.000000 
1.802776 
1.802776 
1.581139 
1.581139 
0.000000 
0.000000 
0.000000 
0.000000 
1.802776 
1.802776 
0.707107 
0.707107 
0.000000 
0.000000 
0.000000 
0.000000 
1.802776 
1.802776 
0.500000 
0.500000 
0.000000 
0.000000 
0.000000 
0.000000 
1.802776 
1.802776 
1.581139 
1.581139 
0.000000 
0.000000 
0.000000 
0.000000 
1.802776 
1.802776 
1.118034 
1.118034 
0.000000 
0.000000 
1.802776 
1.802776 
0.707107 
0.707107 
1.802776 
1.802776 
1.118034 
1.118034 
1.000000 
1.000000 
5.522681 
5.522681 
3.041381 
3.041381 
3.041381 
3.041381 
2.236068 
2.236068 
6.020797 
6.020797 
2.549510 
2.549510 
2.500000 
2.500000 
3.041381 
3.041381 
0.000000 
0.000000 
6.324555 
6.324555 
0.000000 
0.000000 
2.061553 
2.061553 
0.000000 
0.000000 
0.000000 
0.000000 
0.000000 
0.000000 
3.354102 
3.354102 
1.500000 
1.500000 
0.707107 
0.707107 
0.000000 
0.000000 
2.692582 
2.692582 
1.500000 
1.500000 
0.707107 
0.707107 
0.000000 
0.000000 
8.514693 
8.514693 
1.500000 
1.500000 
3.535534 
3.535534 
0.000000 
0.000000 
3.535534 
3.535534 
1.500000 
1.500000 
1.118034 
1.118034 
0.000000 
0.000000 
8.558621 
8.558621 
0.000000 
0.000000 
1.500000 
1.500000 
2.236068 
2.236068 
0.000000 
0.000000 
3.535534 
3.535534 
1.118034 
1.118034 
1.500000 
1.500000 
1.802776 
1.802776 
0.000000 
0.000000 
3.000000 
3.000000 
4.500000 
4.500000 
1.500000 
1.500000 
1.118034 
1.118034 
0.000000 
0.000000 
1.581139 
1.581139 
0.707107 
0.707107 
1.500000 
1.500000 
1.802776 
1.802776 
0.000000 
0.000000 
2.000000 
2.000000 
0.707107 
0.707107 
1.500000 
1.500000 
1.118034 
1.118034 
0.000000 
0.000000 
1.414214 
1.414214 
0.707107 
0.707107 
1.500000 
1.500000 
1.118034 
1.118034 
0.000000 
0.000000 
1.500000 
1.500000 
