0.000000 
0.000000 
0.000000 
0.000000 
4.609772 
4.609772 
2.500000 
2.500000 
0.707107 
0.707107 
3.640055 
3.640055 
3.807887 
3.807887 
1.581139 
1.581139 
2.121320 
2.121320 
3.162278 
3.162278 
0.000000 
0.000000 
1.118034 
1.118034 
1.118034 
1.118034 
1.802776 
1.802776 
1.000000 
1.000000 
4.500000 
4.500000 
2.500000 
2.500000 
1.000000 
1.000000 
2.121320 
2.121320 
2.121320 
2.121320 
1.000000 
1.000000 
2.692582 
2.692582 
1.802776 
1.802776 
1.000000 
1.000000 
2.500000 
2.500000 
1.802776 
1.802776 
1.000000 
1.000000 
2.500000 
2.500000 
0.000000 
0.000000 
1.802776 
1.802776 
1.000000 
1.000000 
2.500000 
2.500000 
3.041381 
3.041381 
3.535534 
3.535534 
1.000000 
1.000000 
2.500000 
2.500000 
4.123106 
4.123106 
0.707107 
0.707107 
1.000000 
1.000000 
2.500000 
2.500000 
6.082763 
6.082763 
4.527693 
4.527693 
1.000000 
1.000000 
2.500000 
2.500000 
2.500000 
2.500000 
0.500000 
0.500000 
1.000000 
1.000000 
2.500000 
2.500000 
2.061553 
2.061553 
1.118034 
1.118034 
1.000000 
1.000000 
2.500000 
2.500000 
10.511898 
10.511898 
0.000000 
0.000000 
1.000000 
1.000000 
2.500000 
2.500000 
3.500000 
3.500000 
0.500000 
0.500000 
1.000000 
1.000000 
2.500000 
2.500000 
0.000000 
0.000000 
3.500000 
3.500000 
0.707107 
0.707107 
1.000000 
1.000000 
2.500000 
2.500000 
3.041381 
3.041381 
3.500000 
3.500000 
0.000000 
0.000000 
1.000000 
1.000000 
2.500000 
2.500000 
4.716991 
4.716991 
3.500000 
3.500000 
0.707107 
0.707107 
2.500000 
2.500000 
4.716991 
4.716991 
3.500000 
3.500000 
0.500000 
0.500000 
2.500000 
2.500000 
4.716991 
4.716991 
3.500000 
3.500000 
0.500000 
0.500000 
2.500000 
2.500000 
4.716991 
4.716991 
3.500000 
3.500000 
1.000000 
1.000000 
2.500000 
2.500000 
4.716991 
4.716991 
3.500000 
3.500000 
0.500000 
0.500000 
0.000000 
0.000000 
4.716991 
4.716991 
3.500000 
3.500000 
1.000000 
1.000000 
0.000000 
0.000000 
4.716991 
4.716991 
3.500000 
3.500000 
1.000000 
1.000000 
0.000000 
0.000000 
4.716991 
4.716991 
3.500000 
3.500000 
0.500000 
0.500000 
0.000000 
0.000000 
4.716991 
4.716991 
3.500000 
3.500000 
0.707107 
0.707107 
0.000000 
0.000000 
4.716991 
4.716991 
3.500000 
3.500000 
3.535534 
3.535534 
0.000000 
0.000000 
4.716991 
4.716991 
3.500000 
3.500000 
1.414214 
1.414214 
0.000000 
0.000000 
4.716991 
4.716991 
3.500000 
3.500000 
1.500000 
1.500000 
0.000000 
0.000000 
4.716991 
4.716991 
1.500000 
1.500000 
4.527693 
4.527693 
4.716991 
4.716991 
3.535534 
3.535534 
1.118034 
1.118034 
4.716991 
4.716991 
1.414214 
1.414214 
2.061553 
2.061553 
1.500000 
1.500000 
1.000000 
1.000000 
1.500000 
1.500000 
2.061553 
2.061553 
1.500000 
1.500000 
