0.000000 
0.000000 
0.000000 
0.000000 
0.000000 
0.000000 
0.000000 
0.000000 
2.500000 
2.500000 
0.000000 
0.000000 
1.581139 
1.581139 
2.236068 
2.236068 
3.041381 
3.041381 
0.000000 
0.000000 
1.118034 
1.118034 
0.000000 
0.000000 
2.236068 
2.236068 
3.000000 
3.000000 
0.000000 
0.000000 
1.118034 
1.118034 
0.000000 
0.000000 
2.000000 
2.000000 
2.236068 
2.236068 
5.024938 
5.024938 
0.000000 
0.000000 
1.118034 
1.118034 
3.807887 
3.807887 
3.000000 
3.000000 
2.236068 
2.236068 
1.118034 
1.118034 
0.000000 
0.000000 
1.118034 
1.118034 
0.000000 
0.000000 
0.000000 
0.000000 
3.807887 
3.807887 
3.000000 
3.000000 
2.236068 
2.236068 
1.500000 
1.500000 
0.000000 
0.000000 
1.118034 
1.118034 
3.201562 
3.201562 
3.354102 
3.354102 
3.807887 
3.807887 
3.000000 
3.000000 
2.236068 
2.236068 
2.061553 
2.061553 
0.000000 
0.000000 
1.118034 
1.118034 
0.000000 
0.000000 
0.000000 
0.000000 
3.201562 
3.201562 
3.354102 
3.354102 
3.807887 
3.807887 
3.000000 
3.000000 
2.236068 
2.236068 
1.414214 
1.414214 
0.000000 
0.000000 
1.118034 
1.118034 
0.000000 
0.000000 
0.000000 
0.000000 
0.000000 
0.000000 
0.000000 
0.000000 
2.500000 
2.500000 
0.000000 
0.000000 
3.201562 
3.201562 
3.354102 
3.354102 
3.807887 
3.807887 
3.000000 
3.000000 
2.236068 
2.236068 
2.549510 
2.549510 
0.000000 
0.000000 
1.118034 
1.118034 
0.000000 
0.000000 
3.640055 
3.640055 
0.000000 
0.000000 
2.692582 
2.692582 
6.264982 
6.264982 
0.000000 
0.000000 
3.201562 
3.201562 
3.354102 
3.354102 
3.807887 
3.807887 
3.000000 
3.000000 
2.236068 
2.236068 
1.581139 
1.581139 
0.000000 
0.000000 
1.118034 
1.118034 
0.000000 
0.000000 
5.099020 
5.099020 
0.000000 
0.000000 
2.692582 
2.692582 
2.828427 
2.828427 
0.000000 
0.000000 
3.201562 
3.201562 
3.354102 
3.354102 
3.807887 
3.807887 
3.000000 
3.000000 
2.236068 
2.236068 
1.118034 
1.118034 
0.000000 
0.000000 
1.118034 
1.118034 
0.000000 
0.000000 
0.000000 
0.000000 
0.000000 
0.000000 
1.414214 
1.414214 
0.000000 
0.000000 
2.692582 
2.692582 
2.828427 
2.828427 
0.000000 
0.000000 
3.201562 
3.201562 
3.354102 
3.354102 
3.807887 
3.807887 
3.000000 
3.000000 
2.236068 
2.236068 
5.522681 
5.522681 
0.000000 
0.000000 
1.118034 
1.118034 
0.000000 
0.000000 
0.000000 
0.000000 
0.000000 
0.000000 
1.118034 
1.118034 
0.000000 
0.000000 
2.500000 
2.500000 
0.000000 
0.000000 
2.692582 
2.692582 
2.828427 
2.828427 
0.000000 
0.000000 
3.201562 
3.201562 
3.354102 
3.354102 
3.807887 
3.807887 
3.000000 
3.000000 
2.236068 
2.236068 
0.500000 
0.500000 
0.000000 
0.000000 
1.118034 
1.118034 
0.000000 
0.000000 
0.000000 
0.000000 
2.236068 
2.236068 
2.121320 
2.121320 
0.000000 
0.000000 
3.807887 
3.807887 
0.000000 
0.000000 
2.500000 
2.500000 
0.000000 
0.000000 
2.692582 
2.692582 
2.828427 
2.828427 
0.000000 
0.000000 
3.201562 
3.201562 
3.354102 
3.354102 
3.807887 
3.807887 
3.000000 
3.000000 
2.236068 
2.236068 
1.118034 
1.118034 
0.000000 
0.000000 
1.118034 
1.118034 
0.000000 
0.000000 
0.000000 
0.000000 
1.802776 
1.802776 
3.041381 
3.041381 
2.828427 
2.828427 
0.000000 
0.000000 
2.061553 
2.061553 
0.000000 
0.000000 
2.500000 
2.500000 
0.000000 
0.000000 
2.692582 
2.692582 
2.828427 
2.828427 
0.000000 
0.000000 
3.201562 
3.201562 
3.354102 
3.354102 
3.807887 
3.807887 
3.000000 
3.000000 
2.236068 
2.236068 
1.414214 
1.414214 
1.118034 
1.118034 
0.000000 
0.000000 
3.041381 
3.041381 
0.000000 
0.000000 
1.118034 
1.118034 
3.041381 
3.041381 
2.828427 
2.828427 
0.000000 
0.000000 
1.414214 
1.414214 
0.000000 
0.000000 
2.500000 
2.500000 
0.000000 
0.000000 
2.692582 
2.692582 
2.828427 
2.828427 
0.000000 
0.000000 
3.201562 
3.201562 
3.354102 
3.354102 
3.807887 
3.807887 
3.000000 
3.000000 
2.236068 
2.236068 
1.802776 
1.802776 
1.118034 
1.118034 
0.000000 
0.000000 
0.000000 
0.000000 
2.236068 
2.236068 
3.807887 
3.807887 
0.000000 
0.000000 
4.743416 
4.743416 
3.041381 
3.041381 
2.828427 
2.828427 
0.000000 
0.000000 
1.414214 
1.414214 
0.000000 
0.000000 
2.500000 
2.500000 
0.000000 
0.000000 
2.692582 
2.692582 
2.828427 
2.828427 
0.000000 
0.000000 
3.201562 
3.201562 
3.354102 
3.354102 
3.807887 
3.807887 
3.000000 
3.000000 
2.915476 
2.915476 
0.000000 
0.000000 
6.082763 
6.082763 
1.414214 
1.414214 
2.915476 
2.915476 
3.807887 
3.807887 
0.000000 
0.000000 
1.581139 
1.581139 
3.041381 
3.041381 
2.828427 
2.828427 
0.000000 
0.000000 
1.414214 
1.414214 
0.000000 
0.000000 
2.500000 
2.500000 
0.000000 
0.000000 
2.692582 
2.692582 
2.828427 
2.828427 
0.000000 
0.000000 
3.201562 
3.201562 
3.354102 
3.354102 
3.807887 
3.807887 
3.000000 
3.000000 
3.162278 
3.162278 
0.000000 
0.000000 
4.031129 
4.031129 
6.082763 
6.082763 
1.802776 
1.802776 
3.354102 
3.354102 
3.807887 
3.807887 
0.000000 
0.000000 
1.581139 
1.581139 
3.041381 
3.041381 
2.828427 
2.828427 
0.000000 
0.000000 
1.414214 
1.414214 
0.000000 
0.000000 
2.500000 
2.500000 
0.000000 
0.000000 
2.692582 
2.692582 
2.828427 
2.828427 
0.000000 
0.000000 
3.201562 
3.201562 
3.354102 
3.354102 
3.807887 
3.807887 
3.000000 
3.000000 
1.581139 
1.581139 
0.000000 
0.000000 
0.000000 
0.000000 
1.581139 
1.581139 
4.031129 
4.031129 
6.082763 
6.082763 
1.414214 
1.414214 
3.354102 
3.354102 
3.807887 
3.807887 
0.000000 
0.000000 
1.581139 
1.581139 
3.041381 
3.041381 
2.828427 
2.828427 
0.000000 
0.000000 
1.414214 
1.414214 
0.000000 
0.000000 
2.500000 
2.500000 
0.000000 
0.000000 
2.692582 
2.692582 
2.828427 
2.828427 
0.000000 
0.000000 
3.201562 
3.201562 
3.354102 
3.354102 
0.707107 
0.707107 
1.118034 
1.118034 
3.041381 
3.041381 
1.118034 
1.118034 
4.031129 
4.031129 
6.082763 
6.082763 
3.535534 
3.535534 
3.354102 
3.354102 
3.807887 
3.807887 
0.000000 
0.000000 
1.581139 
1.581139 
3.041381 
3.041381 
2.828427 
2.828427 
0.000000 
0.000000 
1.414214 
1.414214 
0.000000 
0.000000 
2.500000 
2.500000 
0.000000 
0.000000 
2.692582 
2.692582 
2.828427 
2.828427 
0.000000 
0.000000 
3.201562 
3.201562 
3.354102 
3.354102 
0.500000 
0.500000 
0.000000 
0.000000 
0.000000 
0.000000 
0.000000 
0.000000 
1.118034 
1.118034 
3.041381 
3.041381 
1.118034 
1.118034 
4.031129 
4.031129 
6.082763 
6.082763 
3.354102 
3.354102 
3.354102 
3.354102 
3.807887 
3.807887 
0.000000 
0.000000 
1.581139 
1.581139 
3.041381 
3.041381 
2.828427 
2.828427 
0.000000 
0.000000 
1.414214 
1.414214 
0.000000 
0.000000 
2.500000 
2.500000 
0.000000 
0.000000 
2.692582 
2.692582 
2.828427 
2.828427 
0.000000 
0.000000 
0.500000 
0.500000 
0.707107 
0.707107 
5.590170 
5.590170 
2.549510 
2.549510 
1.118034 
1.118034 
3.041381 
3.041381 
1.118034 
1.118034 
4.031129 
4.031129 
6.082763 
6.082763 
1.802776 
1.802776 
3.354102 
3.354102 
3.807887 
3.807887 
0.000000 
0.000000 
1.581139 
1.581139 
3.041381 
3.041381 
2.828427 
2.828427 
0.000000 
0.000000 
1.414214 
1.414214 
0.000000 
0.000000 
2.500000 
2.500000 
0.000000 
0.000000 
2.692582 
2.692582 
2.828427 
2.828427 
0.000000 
0.000000 
0.000000 
0.000000 
0.000000 
0.000000 
0.000000 
0.000000 
1.581139 
1.581139 
1.118034 
1.118034 
2.549510 
2.549510 
1.118034 
1.118034 
3.041381 
3.041381 
1.118034 
1.118034 
4.031129 
4.031129 
6.082763 
6.082763 
1.802776 
1.802776 
3.354102 
3.354102 
3.807887 
3.807887 
0.000000 
0.000000 
1.581139 
1.581139 
3.041381 
3.041381 
2.828427 
2.828427 
0.000000 
0.000000 
1.414214 
1.414214 
2.500000 
2.500000 
2.692582 
2.692582 
2.828427 
2.828427 
0.500000 
0.500000 
2.236068 
2.236068 
3.000000 
3.000000 
0.707107 
0.707107 
1.118034 
1.118034 
1.118034 
1.118034 
2.549510 
2.549510 
1.118034 
1.118034 
3.041381 
3.041381 
1.118034 
1.118034 
4.031129 
4.031129 
6.082763 
6.082763 
1.802776 
1.802776 
3.354102 
3.354102 
3.807887 
3.807887 
0.000000 
0.000000 
1.581139 
1.581139 
3.041381 
3.041381 
2.828427 
2.828427 
0.000000 
0.000000 
1.414214 
1.414214 
2.500000 
2.500000 
2.828427 
2.828427 
4.031129 
4.031129 
0.000000 
0.000000 
1.802776 
1.802776 
3.640055 
3.640055 
1.414214 
1.414214 
4.500000 
4.500000 
1.118034 
1.118034 
2.549510 
2.549510 
1.118034 
1.118034 
3.041381 
3.041381 
1.118034 
1.118034 
4.031129 
4.031129 
6.082763 
6.082763 
1.802776 
1.802776 
3.354102 
3.354102 
3.807887 
3.807887 
0.000000 
0.000000 
1.581139 
1.581139 
3.041381 
3.041381 
2.828427 
2.828427 
0.000000 
0.000000 
1.414214 
1.414214 
2.500000 
2.500000 
1.118034 
1.118034 
0.000000 
0.000000 
1.000000 
1.000000 
1.802776 
1.802776 
6.500000 
6.500000 
1.414214 
1.414214 
1.118034 
1.118034 
1.118034 
1.118034 
2.549510 
2.549510 
1.118034 
1.118034 
3.041381 
3.041381 
1.118034 
1.118034 
4.031129 
4.031129 
6.082763 
6.082763 
1.802776 
1.802776 
3.354102 
3.354102 
3.807887 
3.807887 
0.000000 
0.000000 
1.581139 
1.581139 
3.041381 
3.041381 
2.828427 
2.828427 
1.414214 
1.414214 
2.500000 
2.500000 
2.236068 
2.236068 
0.000000 
0.000000 
2.692582 
2.692582 
1.000000 
1.000000 
1.802776 
1.802776 
1.581139 
1.581139 
1.414214 
1.414214 
0.500000 
0.500000 
1.118034 
1.118034 
2.549510 
2.549510 
1.118034 
1.118034 
3.041381 
3.041381 
1.118034 
1.118034 
4.031129 
4.031129 
6.082763 
6.082763 
1.802776 
1.802776 
3.354102 
3.354102 
3.807887 
3.807887 
0.000000 
0.000000 
1.581139 
1.581139 
3.041381 
3.041381 
2.828427 
2.828427 
1.414214 
1.414214 
2.000000 
2.000000 
1.500000 
1.500000 
1.118034 
1.118034 
1.000000 
1.000000 
1.802776 
1.802776 
1.500000 
1.500000 
1.414214 
1.414214 
0.707107 
0.707107 
1.118034 
1.118034 
2.549510 
2.549510 
1.118034 
1.118034 
3.041381 
3.041381 
1.118034 
1.118034 
4.031129 
4.031129 
6.082763 
6.082763 
1.802776 
1.802776 
3.354102 
3.354102 
3.807887 
3.807887 
1.581139 
1.581139 
3.041381 
3.041381 
2.828427 
2.828427 
1.414214 
1.414214 
3.605551 
3.605551 
0.707107 
0.707107 
1.000000 
1.000000 
1.000000 
1.000000 
1.802776 
1.802776 
0.707107 
0.707107 
1.414214 
1.414214 
1.118034 
1.118034 
1.118034 
1.118034 
2.549510 
2.549510 
1.118034 
1.118034 
3.041381 
3.041381 
1.118034 
1.118034 
4.031129 
4.031129 
6.082763 
6.082763 
1.802776 
1.802776 
3.354102 
3.354102 
3.807887 
3.807887 
1.581139 
1.581139 
1.414214 
1.414214 
2.549510 
2.549510 
0.707107 
0.707107 
0.707107 
0.707107 
1.000000 
1.000000 
1.802776 
1.802776 
1.581139 
1.581139 
1.414214 
1.414214 
0.500000 
0.500000 
1.118034 
1.118034 
2.549510 
2.549510 
1.118034 
1.118034 
3.041381 
3.041381 
1.118034 
1.118034 
4.031129 
4.031129 
6.082763 
6.082763 
1.802776 
1.802776 
3.354102 
3.354102 
3.807887 
3.807887 
1.581139 
1.581139 
1.118034 
1.118034 
2.549510 
2.549510 
0.707107 
0.707107 
1.000000 
1.000000 
1.802776 
1.802776 
1.581139 
1.581139 
1.414214 
1.414214 
1.414214 
1.414214 
1.118034 
1.118034 
2.549510 
2.549510 
1.118034 
1.118034 
3.041381 
3.041381 
1.118034 
1.118034 
4.031129 
4.031129 
6.082763 
6.082763 
1.802776 
1.802776 
3.354102 
3.354102 
1.581139 
1.581139 
5.852350 
5.852350 
0.000000 
0.000000 
0.000000 
0.000000 
1.118034 
1.118034 
0.707107 
0.707107 
1.000000 
1.000000 
1.802776 
1.802776 
1.581139 
1.581139 
1.414214 
1.414214 
1.000000 
1.000000 
1.118034 
1.118034 
2.549510 
2.549510 
1.118034 
1.118034 
3.041381 
3.041381 
1.118034 
1.118034 
4.031129 
4.031129 
1.802776 
1.802776 
3.354102 
3.354102 
1.500000 
1.500000 
0.000000 
0.000000 
2.692582 
2.692582 
1.118034 
1.118034 
0.707107 
0.707107 
1.000000 
1.000000 
1.802776 
1.802776 
5.385165 
5.385165 
1.414214 
1.414214 
1.000000 
1.000000 
1.118034 
1.118034 
2.549510 
2.549510 
1.118034 
1.118034 
3.041381 
3.041381 
1.118034 
1.118034 
1.802776 
1.802776 
1.581139 
1.581139 
0.000000 
0.000000 
1.414214 
1.414214 
1.118034 
1.118034 
0.707107 
0.707107 
1.000000 
1.000000 
1.802776 
1.802776 
0.707107 
0.707107 
1.414214 
1.414214 
1.000000 
1.000000 
1.118034 
1.118034 
2.549510 
2.549510 
1.118034 
1.118034 
3.041381 
3.041381 
1.118034 
1.118034 
1.802776 
1.802776 
2.000000 
2.000000 
0.000000 
0.000000 
0.000000 
0.000000 
1.118034 
1.118034 
1.118034 
1.118034 
0.707107 
0.707107 
1.000000 
1.000000 
1.802776 
1.802776 
0.707107 
0.707107 
1.414214 
1.414214 
1.000000 
1.000000 
1.118034 
1.118034 
2.549510 
2.549510 
1.802776 
1.802776 
2.000000 
2.000000 
1.581139 
1.581139 
0.000000 
0.000000 
1.802776 
1.802776 
1.118034 
1.118034 
0.707107 
0.707107 
1.000000 
1.000000 
1.802776 
1.802776 
1.118034 
1.118034 
1.414214 
1.414214 
1.000000 
1.000000 
1.118034 
1.118034 
2.549510 
2.549510 
1.802776 
1.802776 
7.500000 
7.500000 
1.581139 
1.581139 
0.000000 
0.000000 
3.640055 
3.640055 
3.000000 
3.000000 
0.707107 
0.707107 
1.000000 
1.000000 
1.802776 
1.802776 
1.581139 
1.581139 
1.414214 
1.414214 
1.000000 
1.000000 
1.118034 
1.118034 
1.581139 
1.581139 
