0.000000 
0.000000 
0.000000 
0.000000 
0.000000 
0.000000 
1.414214 
1.414214 
0.000000 
0.000000 
1.000000 
1.000000 
0.000000 
0.000000 
2.000000 
2.000000 
0.000000 
0.000000 
4.609772 
4.609772 
0.000000 
0.000000 
1.581139 
1.581139 
0.000000 
0.000000 
2.549510 
2.549510 
0.000000 
0.000000 
2.061553 
2.061553 
0.000000 
0.000000 
1.500000 
1.500000 
0.000000 
0.000000 
0.707107 
0.707107 
0.000000 
0.000000 
0.000000 
0.000000 
0.707107 
0.707107 
5.220153 
5.220153 
0.000000 
0.000000 
0.707107 
0.707107 
0.000000 
0.000000 
0.000000 
0.000000 
0.000000 
0.000000 
0.707107 
0.707107 
0.000000 
0.000000 
0.000000 
0.000000 
0.000000 
0.000000 
0.707107 
0.707107 
0.000000 
0.000000 
0.500000 
0.500000 
0.000000 
0.000000 
0.707107 
0.707107 
0.000000 
0.000000 
3.041381 
3.041381 
0.707107 
0.707107 
0.000000 
0.000000 
1.802776 
1.802776 
0.707107 
0.707107 
0.000000 
0.000000 
1.118034 
1.118034 
0.707107 
0.707107 
0.000000 
0.000000 
1.581139 
1.581139 
0.707107 
0.707107 
0.000000 
0.000000 
1.500000 
1.500000 
0.707107 
0.707107 
0.000000 
0.000000 
2.549510 
2.549510 
0.707107 
0.707107 
0.000000 
0.000000 
1.414214 
1.414214 
0.707107 
0.707107 
0.000000 
0.000000 
1.118034 
1.118034 
0.707107 
0.707107 
0.000000 
0.000000 
0.707107 
0.707107 
0.707107 
0.707107 
0.000000 
0.000000 
0.000000 
0.000000 
0.707107 
0.707107 
2.500000 
2.500000 
0.000000 
0.000000 
0.500000 
0.500000 
3.640055 
3.640055 
0.000000 
0.000000 
0.500000 
0.500000 
2.500000 
2.500000 
0.707107 
0.707107 
8.000000 
8.000000 
5.024938 
5.024938 
5.147815 
5.147815 
1.581139 
1.581139 
3.162278 
3.162278 
2.549510 
2.549510 
0.000000 
0.000000 
3.162278 
3.162278 
2.000000 
2.000000 
0.000000 
0.000000 
3.162278 
3.162278 
0.707107 
0.707107 
0.000000 
0.000000 
3.162278 
3.162278 
1.414214 
1.414214 
0.000000 
0.000000 
3.162278 
3.162278 
2.061553 
2.061553 
0.000000 
0.000000 
3.162278 
3.162278 
2.061553 
2.061553 
0.000000 
0.000000 
0.000000 
0.000000 
3.162278 
3.162278 
2.061553 
2.061553 
0.000000 
0.000000 
0.000000 
0.000000 
3.162278 
3.162278 
2.061553 
2.061553 
0.000000 
0.000000 
0.000000 
0.000000 
0.000000 
0.000000 
3.162278 
3.162278 
2.061553 
2.061553 
