0.000000 
0.000000 
1.500000 
1.500000 
2.000000 
2.000000 
1.118034 
1.118034 
1.000000 
1.000000 
1.000000 
1.000000 
6.519202 
6.519202 
2.549510 
2.549510 
10.000000 
10.000000 
1.581139 
1.581139 
4.609772 
4.609772 
2.828427 
2.828427 
1.414214 
1.414214 
2.828427 
2.828427 
0.000000 
0.000000 
3.041381 
3.041381 
1.581139 
1.581139 
2.915476 
2.915476 
2.549510 
2.549510 
1.802776 
1.802776 
1.414214 
1.414214 
2.549510 
2.549510 
6.020797 
6.020797 
1.581139 
1.581139 
2.549510 
2.549510 
2.236068 
2.236068 
2.500000 
2.500000 
3.905125 
3.905125 
3.201562 
3.201562 
0.707107 
0.707107 
8.558621 
8.558621 
1.802776 
1.802776 
3.535534 
3.535534 
2.500000 
2.500000 
2.549510 
2.549510 
2.000000 
2.000000 
9.013878 
9.013878 
0.000000 
0.000000 
2.549510 
2.549510 
6.000000 
6.000000 
10.500000 
10.500000 
2.000000 
2.000000 
2.500000 
2.500000 
3.000000 
3.000000 
2.061553 
2.061553 
9.055385 
9.055385 
2.061553 
2.061553 
9.055385 
9.055385 
2.061553 
2.061553 
9.055385 
9.055385 
2.061553 
2.061553 
9.055385 
9.055385 
2.061553 
2.061553 
9.055385 
9.055385 
2.061553 
2.061553 
9.055385 
9.055385 
2.061553 
2.061553 
9.055385 
9.055385 
2.061553 
2.061553 
9.055385 
9.055385 
2.061553 
2.061553 
9.055385 
9.055385 
2.061553 
2.061553 
9.055385 
9.055385 
