0.000000 
0.000000 
0.000000 
0.000000 
0.000000 
0.000000 
0.000000 
0.000000 
0.000000 
0.000000 
0.000000 
0.000000 
0.000000 
0.000000 
3.640055 
3.640055 
0.500000 
0.500000 
4.609772 
4.609772 
1.414214 
1.414214 
3.535534 
3.535534 
0.000000 
0.000000 
0.500000 
0.500000 
1.118034 
1.118034 
2.500000 
2.500000 
1.118034 
1.118034 
0.000000 
0.000000 
0.000000 
0.000000 
3.535534 
3.535534 
0.000000 
0.000000 
1.500000 
1.500000 
0.500000 
0.500000 
2.692582 
2.692582 
1.118034 
1.118034 
3.000000 
3.000000 
0.000000 
0.000000 
3.535534 
3.535534 
0.000000 
0.000000 
2.549510 
2.549510 
0.500000 
0.500000 
3.041381 
3.041381 
0.707107 
0.707107 
0.000000 
0.000000 
0.000000 
0.000000 
3.000000 
3.000000 
0.000000 
0.000000 
3.535534 
3.535534 
0.000000 
0.000000 
2.549510 
2.549510 
0.500000 
0.500000 
3.041381 
3.041381 
1.000000 
1.000000 
0.000000 
0.000000 
0.000000 
0.000000 
3.500000 
3.500000 
3.000000 
3.000000 
0.000000 
0.000000 
3.535534 
3.535534 
0.000000 
0.000000 
3.605551 
3.605551 
0.000000 
0.000000 
3.041381 
3.041381 
0.707107 
0.707107 
0.000000 
0.000000 
0.000000 
0.000000 
0.000000 
0.000000 
0.000000 
0.000000 
3.500000 
3.500000 
3.000000 
3.000000 
0.000000 
0.000000 
3.535534 
3.535534 
0.000000 
0.000000 
3.605551 
3.605551 
0.000000 
0.000000 
3.041381 
3.041381 
0.707107 
0.707107 
0.000000 
0.000000 
1.581139 
1.581139 
3.535534 
3.535534 
0.000000 
0.000000 
0.000000 
0.000000 
3.500000 
3.500000 
3.000000 
3.000000 
0.000000 
0.000000 
3.535534 
3.535534 
0.000000 
0.000000 
3.605551 
3.605551 
0.000000 
0.000000 
3.041381 
3.041381 
0.000000 
0.000000 
0.000000 
0.000000 
0.000000 
0.000000 
0.500000 
0.500000 
3.201562 
3.201562 
3.535534 
3.535534 
0.000000 
0.000000 
0.000000 
0.000000 
3.500000 
3.500000 
3.000000 
3.000000 
0.000000 
0.000000 
3.535534 
3.535534 
0.000000 
0.000000 
3.605551 
3.605551 
0.000000 
0.000000 
3.041381 
3.041381 
0.500000 
0.500000 
0.000000 
0.000000 
0.000000 
0.000000 
1.000000 
1.000000 
0.500000 
0.500000 
0.707107 
0.707107 
3.535534 
3.535534 
0.000000 
0.000000 
0.000000 
0.000000 
3.500000 
3.500000 
3.000000 
3.000000 
0.000000 
0.000000 
3.535534 
3.535534 
0.000000 
0.000000 
3.605551 
3.605551 
0.000000 
0.000000 
3.041381 
3.041381 
0.500000 
0.500000 
0.000000 
0.000000 
0.000000 
0.000000 
0.000000 
0.000000 
0.000000 
0.000000 
0.500000 
0.500000 
0.707107 
0.707107 
3.535534 
3.535534 
0.000000 
0.000000 
0.000000 
0.000000 
3.500000 
3.500000 
3.000000 
3.000000 
0.000000 
0.000000 
3.535534 
3.535534 
0.000000 
0.000000 
3.605551 
3.605551 
1.500000 
1.500000 
3.041381 
3.041381 
0.500000 
0.500000 
0.000000 
0.000000 
0.707107 
0.707107 
0.000000 
0.000000 
0.000000 
0.000000 
0.000000 
0.000000 
0.500000 
0.500000 
0.707107 
0.707107 
3.535534 
3.535534 
0.000000 
0.000000 
0.000000 
0.000000 
3.500000 
3.500000 
3.000000 
3.000000 
0.000000 
0.000000 
3.535534 
3.535534 
0.000000 
0.000000 
3.605551 
3.605551 
0.500000 
0.500000 
3.041381 
3.041381 
0.707107 
0.707107 
0.000000 
0.000000 
0.000000 
0.000000 
0.707107 
0.707107 
0.000000 
0.000000 
0.000000 
0.000000 
0.000000 
0.000000 
0.500000 
0.500000 
0.707107 
0.707107 
3.535534 
3.535534 
0.000000 
0.000000 
0.000000 
0.000000 
3.500000 
3.500000 
3.000000 
3.000000 
0.000000 
0.000000 
3.535534 
3.535534 
0.000000 
0.000000 
3.605551 
3.605551 
0.500000 
0.500000 
3.041381 
3.041381 
0.500000 
0.500000 
0.000000 
0.000000 
0.000000 
0.000000 
4.031129 
4.031129 
0.000000 
0.000000 
0.707107 
0.707107 
0.000000 
0.000000 
0.000000 
0.000000 
0.000000 
0.000000 
0.500000 
0.500000 
0.707107 
0.707107 
3.535534 
3.535534 
0.000000 
0.000000 
0.000000 
0.000000 
3.500000 
3.500000 
3.000000 
3.000000 
0.000000 
0.000000 
3.535534 
3.535534 
0.000000 
0.000000 
3.605551 
3.605551 
0.500000 
0.500000 
3.041381 
3.041381 
0.500000 
0.500000 
0.000000 
0.000000 
0.000000 
0.000000 
1.581139 
1.581139 
2.549510 
2.549510 
4.031129 
4.031129 
0.000000 
0.000000 
0.707107 
0.707107 
0.000000 
0.000000 
0.000000 
0.000000 
1.000000 
1.000000 
0.500000 
0.500000 
0.707107 
0.707107 
3.535534 
3.535534 
0.000000 
0.000000 
0.000000 
0.000000 
3.500000 
3.500000 
3.000000 
3.000000 
0.000000 
0.000000 
3.535534 
3.535534 
3.605551 
3.605551 
0.000000 
0.000000 
3.041381 
3.041381 
2.061553 
2.061553 
3.535534 
3.535534 
3.041381 
3.041381 
1.581139 
1.581139 
2.549510 
2.549510 
4.031129 
4.031129 
0.000000 
0.000000 
0.707107 
0.707107 
0.000000 
0.000000 
0.000000 
0.000000 
1.000000 
1.000000 
0.500000 
0.500000 
0.707107 
0.707107 
3.535534 
3.535534 
0.000000 
0.000000 
0.000000 
0.000000 
3.500000 
3.500000 
3.000000 
3.000000 
0.000000 
0.000000 
3.535534 
3.535534 
3.605551 
3.605551 
0.000000 
0.000000 
3.041381 
3.041381 
0.707107 
0.707107 
0.000000 
0.000000 
3.041381 
3.041381 
7.017834 
7.017834 
1.581139 
1.581139 
1.500000 
1.500000 
4.031129 
4.031129 
0.000000 
0.000000 
0.707107 
0.707107 
0.000000 
0.000000 
0.000000 
0.000000 
1.000000 
1.000000 
0.500000 
0.500000 
0.707107 
0.707107 
3.535534 
3.535534 
0.000000 
0.000000 
0.000000 
0.000000 
3.500000 
3.500000 
3.000000 
3.000000 
0.000000 
0.000000 
3.605551 
3.605551 
0.707107 
0.707107 
3.041381 
3.041381 
0.707107 
0.707107 
0.000000 
0.000000 
1.500000 
1.500000 
3.041381 
3.041381 
3.000000 
3.000000 
1.581139 
1.581139 
1.500000 
1.500000 
4.031129 
4.031129 
0.000000 
0.000000 
0.707107 
0.707107 
0.000000 
0.000000 
0.000000 
0.000000 
1.000000 
1.000000 
0.500000 
0.500000 
0.707107 
0.707107 
3.535534 
3.535534 
0.000000 
0.000000 
0.000000 
0.000000 
3.500000 
3.500000 
3.000000 
3.000000 
3.605551 
3.605551 
0.707107 
0.707107 
3.041381 
3.041381 
1.000000 
1.000000 
0.000000 
0.000000 
0.000000 
0.000000 
3.500000 
3.500000 
0.500000 
0.500000 
3.041381 
3.041381 
2.692582 
2.692582 
1.581139 
1.581139 
1.500000 
1.500000 
4.031129 
4.031129 
0.000000 
0.000000 
0.707107 
0.707107 
0.000000 
0.000000 
0.000000 
0.000000 
1.000000 
1.000000 
0.500000 
0.500000 
0.707107 
0.707107 
3.535534 
3.535534 
0.000000 
0.000000 
0.000000 
0.000000 
3.500000 
3.500000 
3.605551 
3.605551 
0.707107 
0.707107 
1.581139 
1.581139 
1.500000 
1.500000 
6.184658 
6.184658 
2.692582 
2.692582 
0.500000 
0.500000 
3.041381 
3.041381 
2.000000 
2.000000 
1.581139 
1.581139 
1.500000 
1.500000 
4.031129 
4.031129 
0.000000 
0.000000 
0.707107 
0.707107 
0.000000 
0.000000 
0.000000 
0.000000 
1.000000 
1.000000 
0.500000 
0.500000 
0.707107 
0.707107 
3.535534 
3.535534 
0.000000 
0.000000 
3.500000 
3.500000 
3.605551 
3.605551 
1.500000 
1.500000 
3.500000 
3.500000 
1.500000 
1.500000 
0.500000 
0.500000 
6.000000 
6.000000 
0.000000 
0.000000 
3.041381 
3.041381 
1.000000 
1.000000 
1.581139 
1.581139 
1.500000 
1.500000 
4.031129 
4.031129 
0.000000 
0.000000 
0.707107 
0.707107 
0.000000 
0.000000 
0.000000 
0.000000 
1.000000 
1.000000 
0.500000 
0.500000 
0.707107 
0.707107 
3.535534 
3.535534 
0.707107 
0.707107 
2.500000 
2.500000 
0.000000 
0.000000 
1.500000 
1.500000 
1.581139 
1.581139 
5.147815 
5.147815 
0.707107 
0.707107 
3.041381 
3.041381 
3.807887 
3.807887 
1.581139 
1.581139 
1.500000 
1.500000 
4.031129 
4.031129 
0.000000 
0.000000 
0.707107 
0.707107 
0.000000 
0.000000 
0.000000 
0.000000 
1.000000 
1.000000 
0.500000 
0.500000 
0.707107 
0.707107 
3.535534 
3.535534 
1.000000 
1.000000 
1.000000 
1.000000 
0.000000 
0.000000 
2.500000 
2.500000 
1.500000 
1.500000 
1.000000 
1.000000 
3.041381 
3.041381 
0.500000 
0.500000 
3.041381 
3.041381 
2.061553 
2.061553 
1.581139 
1.581139 
1.500000 
1.500000 
4.031129 
4.031129 
0.000000 
0.000000 
0.707107 
0.707107 
0.000000 
0.000000 
0.000000 
0.000000 
1.000000 
1.000000 
0.500000 
0.500000 
0.707107 
0.707107 
2.500000 
2.500000 
1.000000 
1.000000 
2.000000 
2.000000 
2.500000 
2.500000 
1.500000 
1.500000 
1.500000 
1.500000 
2.500000 
2.500000 
0.707107 
0.707107 
3.041381 
3.041381 
1.802776 
1.802776 
1.581139 
1.581139 
1.500000 
1.500000 
4.031129 
4.031129 
0.000000 
0.000000 
0.707107 
0.707107 
0.000000 
0.000000 
1.000000 
1.000000 
0.707107 
0.707107 
1.500000 
1.500000 
1.000000 
1.000000 
0.000000 
0.000000 
2.000000 
2.000000 
2.500000 
2.500000 
1.500000 
1.500000 
0.500000 
0.500000 
1.581139 
1.581139 
0.707107 
0.707107 
3.041381 
3.041381 
1.414214 
1.414214 
1.581139 
1.581139 
1.500000 
1.500000 
4.031129 
4.031129 
0.000000 
0.000000 
0.707107 
0.707107 
1.000000 
1.000000 
1.500000 
1.500000 
1.000000 
1.000000 
1.500000 
1.500000 
2.000000 
2.000000 
2.500000 
2.500000 
1.500000 
1.500000 
0.707107 
0.707107 
4.500000 
4.500000 
0.707107 
0.707107 
3.041381 
3.041381 
2.500000 
2.500000 
1.581139 
1.581139 
1.500000 
1.500000 
4.031129 
4.031129 
0.000000 
0.000000 
0.707107 
0.707107 
1.000000 
1.000000 
1.581139 
1.581139 
1.000000 
1.000000 
0.000000 
0.000000 
1.500000 
1.500000 
2.000000 
2.000000 
2.500000 
2.500000 
1.500000 
1.500000 
0.707107 
0.707107 
0.707107 
0.707107 
0.707107 
0.707107 
3.041381 
3.041381 
1.000000 
1.000000 
1.581139 
1.581139 
1.500000 
1.500000 
4.031129 
4.031129 
1.000000 
1.000000 
3.535534 
3.535534 
1.000000 
1.000000 
1.500000 
1.500000 
1.500000 
1.500000 
2.000000 
2.000000 
2.500000 
2.500000 
1.500000 
1.500000 
1.414214 
1.414214 
0.500000 
0.500000 
0.707107 
0.707107 
3.041381 
3.041381 
1.118034 
1.118034 
1.581139 
1.581139 
1.500000 
1.500000 
4.031129 
4.031129 
1.000000 
1.000000 
1.802776 
1.802776 
1.000000 
1.000000 
0.000000 
0.000000 
1.500000 
1.500000 
1.500000 
1.500000 
2.000000 
2.000000 
2.500000 
2.500000 
1.500000 
1.500000 
1.118034 
1.118034 
0.500000 
0.500000 
0.707107 
0.707107 
3.041381 
3.041381 
0.500000 
0.500000 
1.581139 
1.581139 
1.500000 
1.500000 
1.000000 
1.000000 
1.802776 
1.802776 
1.000000 
1.000000 
1.500000 
1.500000 
1.500000 
1.500000 
1.500000 
1.500000 
2.000000 
2.000000 
2.500000 
2.500000 
1.500000 
1.500000 
1.118034 
1.118034 
1.118034 
1.118034 
0.707107 
0.707107 
3.041381 
3.041381 
1.000000 
1.000000 
1.500000 
1.500000 
1.000000 
1.000000 
3.535534 
3.535534 
1.000000 
1.000000 
2.549510 
2.549510 
1.500000 
1.500000 
1.500000 
1.500000 
2.000000 
2.000000 
2.500000 
2.500000 
1.500000 
1.500000 
0.500000 
0.500000 
1.118034 
1.118034 
0.707107 
0.707107 
3.041381 
3.041381 
0.707107 
0.707107 
1.500000 
1.500000 
2.236068 
2.236068 
1.000000 
1.000000 
0.000000 
0.000000 
2.549510 
2.549510 
1.500000 
1.500000 
1.500000 
1.500000 
2.000000 
2.000000 
2.500000 
2.500000 
1.500000 
1.500000 
3.500000 
3.500000 
1.118034 
1.118034 
0.707107 
0.707107 
0.500000 
0.500000 
1.500000 
1.500000 
1.000000 
1.000000 
0.000000 
0.000000 
0.000000 
0.000000 
0.000000 
0.000000 
2.549510 
2.549510 
1.500000 
1.500000 
1.500000 
1.500000 
2.000000 
2.000000 
2.500000 
2.500000 
1.500000 
1.500000 
1.802776 
1.802776 
1.118034 
1.118034 
0.707107 
0.707107 
0.000000 
0.000000 
1.500000 
1.500000 
1.000000 
1.000000 
2.061553 
2.061553 
1.118034 
1.118034 
0.000000 
0.000000 
2.549510 
2.549510 
1.500000 
1.500000 
1.500000 
1.500000 
2.000000 
2.000000 
2.500000 
2.500000 
1.500000 
1.500000 
2.500000 
2.500000 
5.590170 
5.590170 
0.707107 
0.707107 
0.500000 
0.500000 
1.500000 
1.500000 
1.000000 
1.000000 
0.000000 
0.000000 
2.000000 
2.000000 
1.118034 
1.118034 
0.000000 
0.000000 
2.549510 
2.549510 
1.500000 
1.500000 
1.500000 
1.500000 
2.000000 
2.000000 
2.500000 
2.500000 
2.549510 
2.549510 
2.915476 
2.915476 
0.707107 
0.707107 
1.118034 
1.118034 
1.500000 
1.500000 
1.000000 
1.000000 
0.000000 
0.000000 
1.000000 
1.000000 
2.000000 
2.000000 
1.118034 
1.118034 
0.000000 
0.000000 
2.549510 
2.549510 
1.500000 
1.500000 
1.500000 
1.500000 
2.000000 
2.000000 
2.500000 
2.500000 
2.915476 
2.915476 
2.500000 
2.500000 
0.707107 
0.707107 
1.000000 
1.000000 
1.500000 
1.500000 
1.000000 
1.000000 
0.000000 
0.000000 
0.000000 
0.000000 
0.000000 
0.000000 
1.000000 
1.000000 
2.000000 
2.000000 
1.118034 
1.118034 
0.000000 
0.000000 
2.549510 
2.549510 
1.500000 
1.500000 
1.500000 
1.500000 
2.000000 
2.000000 
2.500000 
2.500000 
2.236068 
2.236068 
3.162278 
3.162278 
0.707107 
0.707107 
1.118034 
1.118034 
1.500000 
1.500000 
0.000000 
0.000000 
0.500000 
0.500000 
2.500000 
2.500000 
0.000000 
0.000000 
1.000000 
1.000000 
2.000000 
2.000000 
1.118034 
1.118034 
0.000000 
0.000000 
2.549510 
2.549510 
1.500000 
1.500000 
1.500000 
1.500000 
2.000000 
2.000000 
2.236068 
2.236068 
9.124144 
9.124144 
0.707107 
0.707107 
0.500000 
0.500000 
1.500000 
1.500000 
