0.000000 
0.000000 
0.000000 
0.000000 
0.000000 
0.000000 
3.000000 
3.000000 
1.500000 
1.500000 
0.707107 
0.707107 
3.000000 
3.000000 
1.581139 
1.581139 
3.162278 
3.162278 
0.000000 
0.000000 
0.000000 
0.000000 
3.000000 
3.000000 
1.581139 
1.581139 
1.581139 
1.581139 
0.000000 
0.000000 
3.041381 
3.041381 
3.000000 
3.000000 
1.581139 
1.581139 
2.692582 
2.692582 
0.000000 
0.000000 
0.000000 
0.000000 
3.041381 
3.041381 
3.000000 
3.000000 
1.581139 
1.581139 
2.236068 
2.236068 
0.000000 
0.000000 
0.000000 
0.000000 
4.500000 
4.500000 
0.000000 
0.000000 
3.041381 
3.041381 
3.000000 
3.000000 
1.581139 
1.581139 
5.000000 
5.000000 
0.000000 
0.000000 
0.000000 
0.000000 
0.000000 
0.000000 
2.500000 
2.500000 
4.500000 
4.500000 
0.000000 
0.000000 
3.041381 
3.041381 
3.000000 
3.000000 
1.581139 
1.581139 
2.500000 
2.500000 
2.500000 
2.500000 
3.500000 
3.500000 
0.000000 
0.000000 
2.236068 
2.236068 
4.500000 
4.500000 
0.000000 
0.000000 
3.041381 
3.041381 
3.000000 
3.000000 
1.581139 
1.581139 
2.061553 
2.061553 
0.000000 
0.000000 
3.041381 
3.041381 
3.500000 
3.500000 
0.000000 
0.000000 
2.500000 
2.500000 
4.500000 
4.500000 
0.000000 
0.000000 
3.041381 
3.041381 
3.000000 
3.000000 
1.581139 
1.581139 
1.414214 
1.414214 
0.000000 
0.000000 
3.041381 
3.041381 
3.535534 
3.535534 
3.500000 
3.500000 
0.000000 
0.000000 
0.707107 
0.707107 
4.500000 
4.500000 
0.000000 
0.000000 
3.041381 
3.041381 
3.000000 
3.000000 
1.581139 
1.581139 
1.414214 
1.414214 
0.000000 
0.000000 
7.280110 
7.280110 
3.000000 
3.000000 
3.535534 
3.535534 
3.500000 
3.500000 
0.000000 
0.000000 
1.118034 
1.118034 
4.500000 
4.500000 
0.000000 
0.000000 
3.041381 
3.041381 
3.000000 
3.000000 
1.581139 
1.581139 
1.414214 
1.414214 
0.000000 
0.000000 
0.000000 
0.000000 
2.549510 
2.549510 
3.000000 
3.000000 
3.535534 
3.535534 
3.500000 
3.500000 
0.000000 
0.000000 
5.220153 
5.220153 
4.500000 
4.500000 
0.000000 
0.000000 
3.041381 
3.041381 
3.000000 
3.000000 
1.581139 
1.581139 
1.500000 
1.500000 
2.549510 
2.549510 
0.000000 
0.000000 
3.500000 
3.500000 
3.000000 
3.000000 
3.535534 
3.535534 
3.500000 
3.500000 
0.000000 
0.000000 
0.500000 
0.500000 
4.500000 
4.500000 
0.000000 
0.000000 
3.041381 
3.041381 
3.000000 
3.000000 
1.581139 
1.581139 
0.500000 
0.500000 
0.000000 
0.000000 
3.535534 
3.535534 
0.000000 
0.000000 
3.500000 
3.500000 
3.000000 
3.000000 
3.535534 
3.535534 
3.500000 
3.500000 
0.000000 
0.000000 
0.500000 
0.500000 
4.500000 
4.500000 
0.000000 
0.000000 
3.041381 
3.041381 
3.000000 
3.000000 
1.581139 
1.581139 
1.118034 
1.118034 
2.000000 
2.000000 
3.000000 
3.000000 
0.000000 
0.000000 
3.500000 
3.500000 
3.000000 
3.000000 
3.535534 
3.535534 
3.500000 
3.500000 
0.000000 
0.000000 
0.500000 
0.500000 
4.500000 
4.500000 
0.000000 
0.000000 
3.041381 
3.041381 
3.000000 
3.000000 
1.581139 
1.581139 
1.118034 
1.118034 
3.041381 
3.041381 
7.516648 
7.516648 
0.000000 
0.000000 
3.500000 
3.500000 
3.000000 
3.000000 
3.535534 
3.535534 
3.500000 
3.500000 
0.000000 
0.000000 
1.118034 
1.118034 
4.500000 
4.500000 
0.000000 
0.000000 
3.041381 
3.041381 
1.581139 
1.581139 
1.118034 
1.118034 
2.500000 
2.500000 
4.609772 
4.609772 
0.000000 
0.000000 
3.500000 
3.500000 
3.000000 
3.000000 
3.535534 
3.535534 
3.500000 
3.500000 
0.000000 
0.000000 
6.000000 
6.000000 
4.500000 
4.500000 
0.000000 
0.000000 
3.041381 
3.041381 
1.118034 
1.118034 
0.000000 
0.000000 
0.000000 
0.000000 
2.500000 
2.500000 
4.609772 
4.609772 
0.000000 
0.000000 
3.500000 
3.500000 
3.000000 
3.000000 
3.535534 
3.535534 
3.500000 
3.500000 
0.000000 
0.000000 
1.500000 
1.500000 
4.500000 
4.500000 
3.041381 
3.041381 
1.118034 
1.118034 
1.802776 
1.802776 
3.041381 
3.041381 
2.500000 
2.500000 
4.609772 
4.609772 
0.000000 
0.000000 
3.500000 
3.500000 
3.000000 
3.000000 
3.535534 
3.535534 
3.500000 
3.500000 
0.000000 
0.000000 
3.354102 
3.354102 
4.500000 
4.500000 
3.041381 
3.041381 
1.118034 
1.118034 
0.000000 
0.000000 
1.802776 
1.802776 
3.041381 
3.041381 
2.500000 
2.500000 
4.609772 
4.609772 
0.000000 
0.000000 
3.500000 
3.500000 
3.000000 
3.000000 
3.535534 
3.535534 
3.500000 
3.500000 
0.000000 
0.000000 
3.354102 
3.354102 
4.500000 
4.500000 
1.118034 
1.118034 
0.000000 
0.000000 
0.000000 
0.000000 
0.000000 
0.000000 
1.802776 
1.802776 
3.041381 
3.041381 
2.500000 
2.500000 
4.609772 
4.609772 
0.000000 
0.000000 
3.500000 
3.500000 
3.000000 
3.000000 
3.535534 
3.535534 
3.500000 
3.500000 
3.354102 
3.354102 
1.118034 
1.118034 
3.905125 
3.905125 
2.549510 
2.549510 
0.000000 
0.000000 
1.802776 
1.802776 
3.041381 
3.041381 
2.500000 
2.500000 
4.609772 
4.609772 
0.000000 
0.000000 
3.500000 
3.500000 
3.000000 
3.000000 
3.535534 
3.535534 
3.500000 
3.500000 
3.354102 
3.354102 
1.118034 
1.118034 
3.905125 
3.905125 
7.762087 
7.762087 
0.000000 
0.000000 
1.802776 
1.802776 
3.041381 
3.041381 
2.500000 
2.500000 
4.609772 
4.609772 
0.000000 
0.000000 
3.500000 
3.500000 
3.000000 
3.000000 
3.535534 
3.535534 
3.354102 
3.354102 
1.118034 
1.118034 
3.905125 
3.905125 
2.692582 
2.692582 
0.000000 
0.000000 
1.802776 
1.802776 
3.041381 
3.041381 
2.500000 
2.500000 
4.609772 
4.609772 
0.000000 
0.000000 
5.000000 
5.000000 
3.000000 
3.000000 
3.535534 
3.535534 
3.354102 
3.354102 
1.118034 
1.118034 
3.905125 
3.905125 
2.500000 
2.500000 
0.000000 
0.000000 
1.802776 
1.802776 
3.041381 
3.041381 
2.500000 
2.500000 
4.609772 
4.609772 
0.000000 
0.000000 
4.609772 
4.609772 
3.000000 
3.000000 
3.354102 
3.354102 
1.118034 
1.118034 
3.905125 
3.905125 
2.500000 
2.500000 
0.000000 
0.000000 
1.802776 
1.802776 
3.041381 
3.041381 
2.500000 
2.500000 
4.609772 
4.609772 
4.609772 
4.609772 
3.354102 
3.354102 
1.118034 
1.118034 
3.905125 
3.905125 
1.414214 
1.414214 
0.000000 
0.000000 
1.802776 
1.802776 
3.041381 
3.041381 
2.500000 
2.500000 
4.609772 
4.609772 
4.609772 
4.609772 
3.354102 
3.354102 
1.118034 
1.118034 
3.905125 
3.905125 
6.000000 
6.000000 
0.000000 
0.000000 
1.802776 
1.802776 
3.041381 
3.041381 
2.500000 
2.500000 
4.609772 
4.609772 
4.609772 
4.609772 
3.354102 
3.354102 
1.118034 
1.118034 
3.905125 
3.905125 
1.000000 
1.000000 
0.000000 
0.000000 
1.802776 
1.802776 
3.041381 
3.041381 
2.500000 
2.500000 
4.609772 
4.609772 
4.609772 
4.609772 
3.354102 
3.354102 
3.905125 
3.905125 
6.184658 
6.184658 
0.000000 
0.000000 
1.802776 
1.802776 
3.041381 
3.041381 
2.500000 
2.500000 
4.609772 
4.609772 
4.609772 
4.609772 
3.354102 
3.354102 
3.905125 
3.905125 
6.670832 
6.670832 
0.000000 
0.000000 
1.802776 
1.802776 
3.041381 
3.041381 
2.500000 
2.500000 
4.609772 
4.609772 
4.609772 
4.609772 
3.354102 
3.354102 
3.905125 
3.905125 
2.236068 
2.236068 
0.000000 
0.000000 
1.802776 
1.802776 
3.041381 
3.041381 
4.609772 
4.609772 
3.354102 
3.354102 
3.905125 
3.905125 
2.549510 
2.549510 
0.000000 
0.000000 
1.802776 
1.802776 
3.041381 
3.041381 
4.609772 
4.609772 
3.354102 
3.354102 
3.905125 
3.905125 
8.558621 
8.558621 
0.000000 
0.000000 
4.609772 
4.609772 
3.905125 
3.905125 
3.162278 
3.162278 
4.609772 
4.609772 
3.905125 
3.905125 
3.162278 
3.162278 
4.609772 
4.609772 
3.162278 
3.162278 
4.609772 
4.609772 
3.162278 
3.162278 
4.609772 
4.609772 
