0.000000 
0.000000 
0.000000 
0.000000 
0.000000 
0.000000 
0.000000 
0.000000 
0.000000 
0.000000 
0.000000 
0.000000 
0.000000 
0.000000 
4.472136 
4.472136 
1.500000 
1.500000 
0.707107 
0.707107 
0.707107 
0.707107 
1.118034 
1.118034 
0.707107 
0.707107 
0.000000 
0.000000 
1.581139 
1.581139 
4.472136 
4.472136 
1.500000 
1.500000 
0.707107 
0.707107 
0.707107 
0.707107 
1.802776 
1.802776 
1.000000 
1.000000 
0.000000 
0.000000 
1.118034 
1.118034 
1.000000 
1.000000 
4.472136 
4.472136 
1.500000 
1.500000 
0.707107 
0.707107 
2.000000 
2.000000 
1.581139 
1.581139 
1.000000 
1.000000 
0.000000 
0.000000 
0.000000 
0.000000 
0.707107 
0.707107 
4.000000 
4.000000 
4.472136 
4.472136 
1.500000 
1.500000 
0.707107 
0.707107 
2.500000 
2.500000 
1.581139 
1.581139 
2.061553 
2.061553 
1.118034 
1.118034 
0.000000 
0.000000 
1.118034 
1.118034 
1.118034 
1.118034 
4.472136 
4.472136 
1.500000 
1.500000 
0.707107 
0.707107 
3.535534 
3.535534 
1.581139 
1.581139 
4.609772 
4.609772 
1.118034 
1.118034 
0.000000 
0.000000 
0.000000 
0.000000 
1.000000 
1.000000 
4.472136 
4.472136 
1.500000 
1.500000 
0.707107 
0.707107 
5.522681 
5.522681 
1.118034 
1.118034 
1.581139 
1.581139 
1.118034 
1.118034 
0.000000 
0.000000 
0.500000 
0.500000 
1.581139 
1.581139 
4.472136 
4.472136 
1.500000 
1.500000 
0.707107 
0.707107 
5.522681 
5.522681 
0.500000 
0.500000 
6.041523 
6.041523 
0.000000 
0.000000 
0.000000 
0.000000 
1.118034 
1.118034 
0.000000 
0.000000 
3.500000 
3.500000 
3.354102 
3.354102 
4.472136 
4.472136 
1.500000 
1.500000 
0.707107 
0.707107 
5.522681 
5.522681 
1.118034 
1.118034 
2.236068 
2.236068 
0.000000 
0.000000 
0.000000 
0.000000 
1.581139 
1.581139 
1.118034 
1.118034 
0.000000 
0.000000 
0.500000 
0.500000 
1.000000 
1.000000 
4.472136 
4.472136 
1.500000 
1.500000 
0.707107 
0.707107 
5.522681 
5.522681 
4.609772 
4.609772 
0.500000 
0.500000 
0.000000 
0.000000 
2.236068 
2.236068 
0.000000 
0.000000 
1.581139 
1.581139 
1.118034 
1.118034 
0.000000 
0.000000 
0.707107 
0.707107 
2.236068 
2.236068 
4.472136 
4.472136 
1.500000 
1.500000 
0.707107 
0.707107 
5.522681 
5.522681 
0.707107 
0.707107 
0.500000 
0.500000 
1.500000 
1.500000 
4.500000 
4.500000 
0.000000 
0.000000 
1.581139 
1.581139 
1.118034 
1.118034 
0.000000 
0.000000 
2.061553 
2.061553 
0.500000 
0.500000 
4.472136 
4.472136 
1.500000 
1.500000 
0.707107 
0.707107 
5.522681 
5.522681 
2.236068 
2.236068 
0.500000 
0.500000 
0.000000 
0.000000 
1.500000 
1.500000 
4.500000 
4.500000 
0.000000 
0.000000 
1.581139 
1.581139 
1.118034 
1.118034 
0.000000 
0.000000 
1.000000 
1.000000 
1.581139 
1.581139 
4.472136 
4.472136 
1.500000 
1.500000 
0.707107 
0.707107 
5.522681 
5.522681 
2.549510 
2.549510 
0.500000 
0.500000 
1.118034 
1.118034 
1.500000 
1.500000 
4.500000 
4.500000 
0.000000 
0.000000 
1.581139 
1.581139 
1.118034 
1.118034 
0.000000 
0.000000 
5.000000 
5.000000 
1.118034 
1.118034 
4.472136 
4.472136 
1.500000 
1.500000 
0.707107 
0.707107 
5.522681 
5.522681 
2.061553 
2.061553 
0.500000 
0.500000 
0.000000 
0.000000 
1.118034 
1.118034 
1.500000 
1.500000 
4.500000 
4.500000 
0.000000 
0.000000 
1.581139 
1.581139 
1.118034 
1.118034 
0.000000 
0.000000 
2.061553 
2.061553 
0.707107 
0.707107 
4.472136 
4.472136 
1.500000 
1.500000 
0.707107 
0.707107 
5.522681 
5.522681 
2.061553 
2.061553 
1.118034 
1.118034 
2.500000 
2.500000 
1.118034 
1.118034 
1.500000 
1.500000 
4.500000 
4.500000 
0.000000 
0.000000 
1.581139 
1.581139 
1.118034 
1.118034 
0.000000 
0.000000 
3.041381 
3.041381 
0.500000 
0.500000 
4.472136 
4.472136 
1.500000 
1.500000 
0.707107 
0.707107 
5.522681 
5.522681 
4.527693 
4.527693 
0.500000 
0.500000 
2.000000 
2.000000 
1.118034 
1.118034 
1.500000 
1.500000 
4.500000 
4.500000 
0.000000 
0.000000 
1.581139 
1.581139 
1.118034 
1.118034 
0.000000 
0.000000 
1.500000 
1.500000 
1.581139 
1.581139 
5.522681 
5.522681 
2.549510 
2.549510 
0.500000 
0.500000 
6.000000 
6.000000 
1.118034 
1.118034 
1.500000 
1.500000 
4.500000 
4.500000 
0.000000 
0.000000 
1.581139 
1.581139 
1.118034 
1.118034 
0.000000 
0.000000 
7.071068 
7.071068 
2.061553 
2.061553 
5.522681 
5.522681 
2.549510 
2.549510 
1.581139 
1.581139 
4.000000 
4.000000 
1.118034 
1.118034 
1.500000 
1.500000 
4.500000 
4.500000 
0.000000 
0.000000 
1.581139 
1.581139 
1.118034 
1.118034 
3.041381 
3.041381 
2.061553 
2.061553 
5.522681 
5.522681 
2.549510 
2.549510 
1.581139 
1.581139 
0.000000 
0.000000 
4.000000 
4.000000 
1.118034 
1.118034 
1.500000 
1.500000 
4.500000 
4.500000 
0.000000 
0.000000 
1.581139 
1.581139 
1.118034 
1.118034 
3.535534 
3.535534 
1.118034 
1.118034 
5.522681 
5.522681 
2.549510 
2.549510 
1.581139 
1.581139 
0.000000 
0.000000 
2.236068 
2.236068 
4.000000 
4.000000 
1.118034 
1.118034 
1.500000 
1.500000 
4.500000 
4.500000 
0.000000 
0.000000 
1.581139 
1.581139 
1.118034 
1.118034 
3.535534 
3.535534 
2.549510 
2.549510 
5.522681 
5.522681 
2.549510 
2.549510 
1.581139 
1.581139 
0.000000 
0.000000 
2.236068 
2.236068 
4.000000 
4.000000 
1.118034 
1.118034 
1.500000 
1.500000 
4.500000 
4.500000 
0.000000 
0.000000 
1.581139 
1.581139 
3.535534 
3.535534 
2.549510 
2.549510 
2.549510 
2.549510 
1.581139 
1.581139 
0.000000 
0.000000 
2.236068 
2.236068 
4.000000 
4.000000 
1.118034 
1.118034 
1.500000 
1.500000 
4.500000 
4.500000 
0.000000 
0.000000 
1.581139 
1.581139 
3.535534 
3.535534 
2.549510 
2.549510 
2.549510 
2.549510 
1.581139 
1.581139 
0.000000 
0.000000 
0.000000 
0.000000 
2.236068 
2.236068 
4.000000 
4.000000 
1.118034 
1.118034 
1.500000 
1.500000 
4.500000 
4.500000 
1.581139 
1.581139 
3.535534 
3.535534 
2.549510 
2.549510 
2.549510 
2.549510 
1.581139 
1.581139 
0.000000 
0.000000 
3.535534 
3.535534 
6.708204 
6.708204 
2.236068 
2.236068 
4.000000 
4.000000 
1.118034 
1.118034 
1.500000 
1.500000 
4.500000 
4.500000 
3.535534 
3.535534 
2.549510 
2.549510 
2.549510 
2.549510 
1.581139 
1.581139 
0.000000 
0.000000 
0.000000 
0.000000 
0.000000 
0.000000 
3.535534 
3.535534 
3.354102 
3.354102 
2.236068 
2.236068 
4.000000 
4.000000 
1.118034 
1.118034 
1.500000 
1.500000 
4.500000 
4.500000 
3.535534 
3.535534 
2.549510 
2.549510 
2.549510 
2.549510 
1.581139 
1.581139 
0.000000 
0.000000 
3.162278 
3.162278 
1.414214 
1.414214 
0.000000 
0.000000 
3.535534 
3.535534 
3.354102 
3.354102 
2.236068 
2.236068 
4.000000 
4.000000 
1.118034 
1.118034 
3.535534 
3.535534 
2.549510 
2.549510 
2.549510 
2.549510 
1.581139 
1.581139 
0.000000 
0.000000 
2.549510 
2.549510 
2.061553 
2.061553 
1.118034 
1.118034 
0.000000 
0.000000 
3.535534 
3.535534 
3.354102 
3.354102 
2.236068 
2.236068 
4.000000 
4.000000 
1.118034 
1.118034 
3.535534 
3.535534 
2.549510 
2.549510 
2.549510 
2.549510 
1.581139 
1.581139 
1.500000 
1.500000 
2.549510 
2.549510 
2.236068 
2.236068 
1.118034 
1.118034 
0.000000 
0.000000 
3.807887 
3.807887 
3.354102 
3.354102 
2.236068 
2.236068 
4.000000 
4.000000 
3.535534 
3.535534 
2.549510 
2.549510 
2.549510 
2.549510 
1.581139 
1.581139 
1.118034 
1.118034 
1.000000 
1.000000 
0.707107 
0.707107 
1.118034 
1.118034 
0.000000 
0.000000 
2.500000 
2.500000 
3.354102 
3.354102 
2.236068 
2.236068 
4.000000 
4.000000 
3.535534 
3.535534 
2.549510 
2.549510 
2.549510 
2.549510 
1.581139 
1.581139 
0.000000 
0.000000 
0.500000 
0.500000 
0.707107 
0.707107 
0.500000 
0.500000 
1.118034 
1.118034 
0.000000 
0.000000 
4.123106 
4.123106 
3.354102 
3.354102 
2.236068 
2.236068 
4.000000 
4.000000 
3.535534 
3.535534 
2.549510 
2.549510 
2.549510 
2.549510 
1.581139 
1.581139 
0.000000 
0.000000 
3.201562 
3.201562 
0.707107 
0.707107 
1.000000 
1.000000 
0.500000 
0.500000 
1.118034 
1.118034 
0.000000 
0.000000 
4.123106 
4.123106 
3.354102 
3.354102 
2.236068 
2.236068 
4.000000 
4.000000 
3.535534 
3.535534 
2.549510 
2.549510 
2.549510 
2.549510 
1.581139 
1.581139 
3.535534 
3.535534 
1.414214 
1.414214 
1.414214 
1.414214 
0.707107 
0.707107 
4.031129 
4.031129 
1.118034 
1.118034 
0.000000 
0.000000 
4.123106 
4.123106 
3.354102 
3.354102 
2.236068 
2.236068 
4.000000 
4.000000 
3.535534 
3.535534 
2.549510 
2.549510 
0.000000 
0.000000 
3.535534 
3.535534 
1.414214 
1.414214 
1.802776 
1.802776 
1.581139 
1.581139 
1.802776 
1.802776 
1.118034 
1.118034 
0.000000 
0.000000 
4.123106 
4.123106 
3.354102 
3.354102 
2.236068 
2.236068 
3.535534 
3.535534 
2.549510 
2.549510 
0.000000 
0.000000 
4.000000 
4.000000 
3.535534 
3.535534 
1.414214 
1.414214 
1.500000 
1.500000 
2.061553 
2.061553 
1.581139 
1.581139 
1.118034 
1.118034 
0.000000 
0.000000 
4.123106 
4.123106 
3.354102 
3.354102 
2.236068 
2.236068 
2.549510 
2.549510 
0.500000 
0.500000 
4.031129 
4.031129 
3.535534 
3.535534 
1.414214 
1.414214 
5.000000 
5.000000 
1.500000 
1.500000 
1.500000 
1.500000 
1.118034 
1.118034 
0.000000 
0.000000 
4.123106 
4.123106 
3.354102 
3.354102 
0.000000 
0.000000 
0.000000 
0.000000 
2.236068 
2.236068 
4.031129 
4.031129 
3.535534 
3.535534 
1.414214 
1.414214 
1.500000 
1.500000 
1.500000 
1.500000 
2.000000 
2.000000 
1.118034 
1.118034 
0.000000 
0.000000 
4.123106 
4.123106 
3.354102 
3.354102 
1.500000 
1.500000 
3.535534 
3.535534 
1.000000 
1.000000 
4.031129 
4.031129 
3.535534 
3.535534 
1.414214 
1.414214 
2.692582 
2.692582 
1.500000 
1.500000 
0.707107 
0.707107 
1.118034 
1.118034 
0.000000 
0.000000 
4.123106 
4.123106 
3.354102 
3.354102 
0.000000 
0.000000 
0.000000 
0.000000 
0.000000 
0.000000 
1.500000 
1.500000 
3.535534 
3.535534 
0.707107 
0.707107 
4.031129 
4.031129 
3.535534 
3.535534 
1.414214 
1.414214 
2.061553 
2.061553 
1.500000 
1.500000 
0.707107 
0.707107 
1.118034 
1.118034 
0.000000 
0.000000 
4.123106 
4.123106 
3.354102 
3.354102 
