0.000000 
0.000000 
0.000000 
0.000000 
0.000000 
0.000000 
1.581139 
1.581139 
2.500000 
2.500000 
0.000000 
0.000000 
0.000000 
0.000000 
0.000000 
0.000000 
1.581139 
1.581139 
2.549510 
2.549510 
2.549510 
2.549510 
1.118034 
1.118034 
0.000000 
0.000000 
2.549510 
2.549510 
1.500000 
1.500000 
0.000000 
0.000000 
0.000000 
0.000000 
1.000000 
1.000000 
1.802776 
1.802776 
0.000000 
0.000000 
0.500000 
0.500000 
1.500000 
1.500000 
0.000000 
0.000000 
0.000000 
0.000000 
3.640055 
3.640055 
2.061553 
2.061553 
5.099020 
5.099020 
1.581139 
1.581139 
0.000000 
0.000000 
1.118034 
1.118034 
1.500000 
1.500000 
0.000000 
0.000000 
2.061553 
2.061553 
0.000000 
0.000000 
2.000000 
2.000000 
2.500000 
2.500000 
1.500000 
1.500000 
1.581139 
1.581139 
0.000000 
0.000000 
3.000000 
3.000000 
1.500000 
1.500000 
0.000000 
0.000000 
0.500000 
0.500000 
0.500000 
0.500000 
0.000000 
0.000000 
2.000000 
2.000000 
2.061553 
2.061553 
2.500000 
2.500000 
1.581139 
1.581139 
0.000000 
0.000000 
1.802776 
1.802776 
1.500000 
1.500000 
0.000000 
0.000000 
3.500000 
3.500000 
1.581139 
1.581139 
1.118034 
1.118034 
0.000000 
0.000000 
2.000000 
2.000000 
1.414214 
1.414214 
2.500000 
2.500000 
1.581139 
1.581139 
0.000000 
0.000000 
1.581139 
1.581139 
1.500000 
1.500000 
0.000000 
0.000000 
3.535534 
3.535534 
3.500000 
3.500000 
1.581139 
1.581139 
1.000000 
1.000000 
0.000000 
0.000000 
2.000000 
2.000000 
4.527693 
4.527693 
2.549510 
2.549510 
1.581139 
1.581139 
0.000000 
0.000000 
3.535534 
3.535534 
1.500000 
1.500000 
0.000000 
0.000000 
3.162278 
3.162278 
3.535534 
3.535534 
3.500000 
3.500000 
1.581139 
1.581139 
1.000000 
1.000000 
0.000000 
0.000000 
2.000000 
2.000000 
1.581139 
1.581139 
4.609772 
4.609772 
1.581139 
1.581139 
0.000000 
0.000000 
1.500000 
1.500000 
1.500000 
1.500000 
3.354102 
3.354102 
3.640055 
3.640055 
3.535534 
3.535534 
3.500000 
3.500000 
1.581139 
1.581139 
1.000000 
1.000000 
0.000000 
0.000000 
2.000000 
2.000000 
1.500000 
1.500000 
2.061553 
2.061553 
1.581139 
1.581139 
0.000000 
0.000000 
2.236068 
2.236068 
1.500000 
1.500000 
3.354102 
3.354102 
3.640055 
3.640055 
3.535534 
3.535534 
3.500000 
3.500000 
1.581139 
1.581139 
1.000000 
1.000000 
0.000000 
0.000000 
2.000000 
2.000000 
1.500000 
1.500000 
2.692582 
2.692582 
1.581139 
1.581139 
0.000000 
0.000000 
4.743416 
4.743416 
1.500000 
1.500000 
0.000000 
0.000000 
0.000000 
0.000000 
3.354102 
3.354102 
3.640055 
3.640055 
3.535534 
3.535534 
3.500000 
3.500000 
1.581139 
1.581139 
1.000000 
1.000000 
0.000000 
0.000000 
2.000000 
2.000000 
2.061553 
2.061553 
2.692582 
2.692582 
1.581139 
1.581139 
0.000000 
0.000000 
1.414214 
1.414214 
1.500000 
1.500000 
0.000000 
0.000000 
1.000000 
1.000000 
3.354102 
3.354102 
3.640055 
3.640055 
3.535534 
3.535534 
3.500000 
3.500000 
1.581139 
1.581139 
1.000000 
1.000000 
0.000000 
0.000000 
2.000000 
2.000000 
1.000000 
1.000000 
1.581139 
1.581139 
1.581139 
1.581139 
0.000000 
0.000000 
2.236068 
2.236068 
1.500000 
1.500000 
0.000000 
0.000000 
0.000000 
0.000000 
1.000000 
1.000000 
3.354102 
3.354102 
3.640055 
3.640055 
3.535534 
3.535534 
3.500000 
3.500000 
1.581139 
1.581139 
1.000000 
1.000000 
0.000000 
0.000000 
2.000000 
2.000000 
1.000000 
1.000000 
5.590170 
5.590170 
1.581139 
1.581139 
0.000000 
0.000000 
3.640055 
3.640055 
1.500000 
1.500000 
0.000000 
0.000000 
2.549510 
2.549510 
0.000000 
0.000000 
1.000000 
1.000000 
3.354102 
3.354102 
3.640055 
3.640055 
3.535534 
3.535534 
3.500000 
3.500000 
1.581139 
1.581139 
1.000000 
1.000000 
0.000000 
0.000000 
2.000000 
2.000000 
1.118034 
1.118034 
1.414214 
1.414214 
1.581139 
1.581139 
3.000000 
3.000000 
1.500000 
1.500000 
0.000000 
0.000000 
2.549510 
2.549510 
3.000000 
3.000000 
0.000000 
0.000000 
1.000000 
1.000000 
3.354102 
3.354102 
3.640055 
3.640055 
3.535534 
3.535534 
3.500000 
3.500000 
1.581139 
1.581139 
1.000000 
1.000000 
0.000000 
0.000000 
2.000000 
2.000000 
5.500000 
5.500000 
1.581139 
1.581139 
1.581139 
1.581139 
1.118034 
1.118034 
1.500000 
1.500000 
0.000000 
0.000000 
1.414214 
1.414214 
3.041381 
3.041381 
2.915476 
2.915476 
0.000000 
0.000000 
1.000000 
1.000000 
3.354102 
3.354102 
3.640055 
3.640055 
3.535534 
3.535534 
3.500000 
3.500000 
1.581139 
1.581139 
1.000000 
1.000000 
0.000000 
0.000000 
2.000000 
2.000000 
1.581139 
1.581139 
2.236068 
2.236068 
1.581139 
1.581139 
1.500000 
1.500000 
0.000000 
0.000000 
0.000000 
0.000000 
0.000000 
0.000000 
0.707107 
0.707107 
3.041381 
3.041381 
6.519202 
6.519202 
0.000000 
0.000000 
1.000000 
1.000000 
3.354102 
3.354102 
3.640055 
3.640055 
3.535534 
3.535534 
3.500000 
3.500000 
1.581139 
1.581139 
1.000000 
1.000000 
0.000000 
0.000000 
2.000000 
2.000000 
1.118034 
1.118034 
2.549510 
2.549510 
1.581139 
1.581139 
1.581139 
1.581139 
1.581139 
1.581139 
3.041381 
3.041381 
0.000000 
0.000000 
5.099020 
5.099020 
3.041381 
3.041381 
3.000000 
3.000000 
0.000000 
0.000000 
1.000000 
1.000000 
3.354102 
3.354102 
3.640055 
3.640055 
3.535534 
3.535534 
3.500000 
3.500000 
1.581139 
1.581139 
1.000000 
1.000000 
2.000000 
2.000000 
2.236068 
2.236068 
2.500000 
2.500000 
3.500000 
3.500000 
1.581139 
1.581139 
3.041381 
3.041381 
0.000000 
0.000000 
0.500000 
0.500000 
3.041381 
3.041381 
3.041381 
3.041381 
0.000000 
0.000000 
1.000000 
1.000000 
3.354102 
3.354102 
3.640055 
3.640055 
3.535534 
3.535534 
3.500000 
3.500000 
1.581139 
1.581139 
1.000000 
1.000000 
2.061553 
2.061553 
4.031129 
4.031129 
1.802776 
1.802776 
1.581139 
1.581139 
3.041381 
3.041381 
0.000000 
0.000000 
1.581139 
1.581139 
3.041381 
3.041381 
2.061553 
2.061553 
0.000000 
0.000000 
1.000000 
1.000000 
3.354102 
3.354102 
3.640055 
3.640055 
3.535534 
3.535534 
3.500000 
3.500000 
1.581139 
1.581139 
1.000000 
1.000000 
7.017834 
7.017834 
3.354102 
3.354102 
1.118034 
1.118034 
0.000000 
0.000000 
1.581139 
1.581139 
3.041381 
3.041381 
0.000000 
0.000000 
2.061553 
2.061553 
3.041381 
3.041381 
6.082763 
6.082763 
0.000000 
0.000000 
1.000000 
1.000000 
3.354102 
3.354102 
3.640055 
3.640055 
3.535534 
3.535534 
1.000000 
1.000000 
2.500000 
2.500000 
2.061553 
2.061553 
1.118034 
1.118034 
1.500000 
1.500000 
1.581139 
1.581139 
3.041381 
3.041381 
0.000000 
0.000000 
3.041381 
3.041381 
3.041381 
3.041381 
3.500000 
3.500000 
0.000000 
0.000000 
1.000000 
1.000000 
3.354102 
3.354102 
3.640055 
3.640055 
3.041381 
3.041381 
1.802776 
1.802776 
1.118034 
1.118034 
4.123106 
4.123106 
1.581139 
1.581139 
3.041381 
3.041381 
0.000000 
0.000000 
1.581139 
1.581139 
3.041381 
3.041381 
3.500000 
3.500000 
0.000000 
0.000000 
1.000000 
1.000000 
3.354102 
3.354102 
3.640055 
3.640055 
3.041381 
3.041381 
2.236068 
2.236068 
1.118034 
1.118034 
0.000000 
0.000000 
0.000000 
0.000000 
0.000000 
0.000000 
4.123106 
4.123106 
1.581139 
1.581139 
3.041381 
3.041381 
0.000000 
0.000000 
1.581139 
1.581139 
3.041381 
3.041381 
3.500000 
3.500000 
0.000000 
0.000000 
1.000000 
1.000000 
3.041381 
3.041381 
1.414214 
1.414214 
1.118034 
1.118034 
0.000000 
0.000000 
0.707107 
0.707107 
0.500000 
0.500000 
4.123106 
4.123106 
1.581139 
1.581139 
3.041381 
3.041381 
0.000000 
0.000000 
5.522681 
5.522681 
3.041381 
3.041381 
3.500000 
3.500000 
0.000000 
0.000000 
1.000000 
1.000000 
3.041381 
3.041381 
1.414214 
1.414214 
1.118034 
1.118034 
0.000000 
0.000000 
0.000000 
0.000000 
1.500000 
1.500000 
0.707107 
0.707107 
4.123106 
4.123106 
1.581139 
1.581139 
3.041381 
3.041381 
0.000000 
0.000000 
5.522681 
5.522681 
3.041381 
3.041381 
3.500000 
3.500000 
1.000000 
1.000000 
3.041381 
3.041381 
1.414214 
1.414214 
1.118034 
1.118034 
3.807887 
3.807887 
0.000000 
0.000000 
0.500000 
0.500000 
1.118034 
1.118034 
4.123106 
4.123106 
1.581139 
1.581139 
3.041381 
3.041381 
0.000000 
0.000000 
5.522681 
5.522681 
3.041381 
3.041381 
3.500000 
3.500000 
3.041381 
3.041381 
0.500000 
0.500000 
1.118034 
1.118034 
0.000000 
0.000000 
2.549510 
2.549510 
0.000000 
0.000000 
3.640055 
3.640055 
0.500000 
0.500000 
4.123106 
4.123106 
1.581139 
1.581139 
3.041381 
3.041381 
0.000000 
0.000000 
5.522681 
5.522681 
3.041381 
3.041381 
3.500000 
3.500000 
3.041381 
3.041381 
0.707107 
0.707107 
1.118034 
1.118034 
0.000000 
0.000000 
0.000000 
0.000000 
0.000000 
0.000000 
0.000000 
0.000000 
2.549510 
2.549510 
0.000000 
0.000000 
1.500000 
1.500000 
0.500000 
0.500000 
4.123106 
4.123106 
1.581139 
1.581139 
3.041381 
3.041381 
0.000000 
0.000000 
5.522681 
5.522681 
3.041381 
3.041381 
3.500000 
3.500000 
3.041381 
3.041381 
4.527693 
4.527693 
1.118034 
1.118034 
0.000000 
0.000000 
0.000000 
0.000000 
1.118034 
1.118034 
3.535534 
3.535534 
2.500000 
2.500000 
0.000000 
0.000000 
2.549510 
2.549510 
0.000000 
0.000000 
1.581139 
1.581139 
0.500000 
0.500000 
4.123106 
4.123106 
1.581139 
1.581139 
3.041381 
3.041381 
0.000000 
0.000000 
5.522681 
5.522681 
3.041381 
3.041381 
3.500000 
3.500000 
3.041381 
3.041381 
1.118034 
1.118034 
1.118034 
1.118034 
0.000000 
0.000000 
2.061553 
2.061553 
2.692582 
2.692582 
1.581139 
1.581139 
3.000000 
3.000000 
2.500000 
2.500000 
0.000000 
0.000000 
2.549510 
2.549510 
0.000000 
0.000000 
4.000000 
4.000000 
0.500000 
0.500000 
4.123106 
4.123106 
1.581139 
1.581139 
3.041381 
3.041381 
5.522681 
5.522681 
3.500000 
3.500000 
3.041381 
3.041381 
1.802776 
1.802776 
1.118034 
1.118034 
0.000000 
0.000000 
0.000000 
0.000000 
0.000000 
0.000000 
3.162278 
3.162278 
2.500000 
2.500000 
2.692582 
2.692582 
1.000000 
1.000000 
3.000000 
3.000000 
2.500000 
2.500000 
0.000000 
0.000000 
2.549510 
2.549510 
0.000000 
0.000000 
1.118034 
1.118034 
0.500000 
0.500000 
4.123106 
4.123106 
1.581139 
1.581139 
3.041381 
3.041381 
5.522681 
5.522681 
3.500000 
3.500000 
3.041381 
3.041381 
1.802776 
1.802776 
1.118034 
1.118034 
0.000000 
0.000000 
2.000000 
2.000000 
4.000000 
4.000000 
3.041381 
3.041381 
3.162278 
3.162278 
3.041381 
3.041381 
2.692582 
2.692582 
1.000000 
1.000000 
3.000000 
3.000000 
2.500000 
2.500000 
0.000000 
0.000000 
2.549510 
2.549510 
0.000000 
0.000000 
0.500000 
0.500000 
0.500000 
0.500000 
4.123106 
4.123106 
3.041381 
3.041381 
5.522681 
5.522681 
3.500000 
3.500000 
3.041381 
3.041381 
1.000000 
1.000000 
1.118034 
1.118034 
0.000000 
0.000000 
0.707107 
0.707107 
2.549510 
2.549510 
7.516648 
7.516648 
3.041381 
3.041381 
3.162278 
3.162278 
1.802776 
1.802776 
2.692582 
2.692582 
1.000000 
1.000000 
3.000000 
3.000000 
2.500000 
2.500000 
0.000000 
0.000000 
2.549510 
2.549510 
0.000000 
0.000000 
1.118034 
1.118034 
0.500000 
0.500000 
4.123106 
4.123106 
5.522681 
5.522681 
3.500000 
3.500000 
3.041381 
3.041381 
0.500000 
0.500000 
1.118034 
1.118034 
2.549510 
2.549510 
0.000000 
0.000000 
2.549510 
2.549510 
4.031129 
4.031129 
5.522681 
5.522681 
3.162278 
3.162278 
5.024938 
5.024938 
2.692582 
2.692582 
1.000000 
1.000000 
3.000000 
3.000000 
2.500000 
2.500000 
0.000000 
0.000000 
2.549510 
2.549510 
0.000000 
0.000000 
0.500000 
0.500000 
0.500000 
0.500000 
4.123106 
4.123106 
5.522681 
5.522681 
3.500000 
3.500000 
3.041381 
3.041381 
0.000000 
0.000000 
0.000000 
0.000000 
2.549510 
2.549510 
0.707107 
0.707107 
2.549510 
2.549510 
3.000000 
3.000000 
1.500000 
1.500000 
3.162278 
3.162278 
5.590170 
5.590170 
2.692582 
2.692582 
1.000000 
1.000000 
3.000000 
3.000000 
2.500000 
2.500000 
0.000000 
0.000000 
2.549510 
2.549510 
0.000000 
0.000000 
1.118034 
1.118034 
0.500000 
0.500000 
4.123106 
4.123106 
5.522681 
5.522681 
3.500000 
3.500000 
3.041381 
3.041381 
0.500000 
0.500000 
