0.000000 
0.000000 
0.000000 
0.000000 
0.000000 
0.000000 
0.000000 
0.000000 
5.147815 
5.147815 
1.802776 
1.802776 
0.500000 
0.500000 
0.000000 
0.000000 
0.000000 
0.000000 
5.147815 
5.147815 
2.000000 
2.000000 
0.707107 
0.707107 
2.549510 
2.549510 
4.743416 
4.743416 
5.147815 
5.147815 
2.061553 
2.061553 
0.500000 
0.500000 
0.707107 
0.707107 
12.589678 
12.589678 
5.147815 
5.147815 
8.500000 
8.500000 
0.707107 
0.707107 
0.707107 
0.707107 
12.165525 
12.165525 
5.147815 
5.147815 
1.802776 
1.802776 
0.000000 
0.000000 
0.500000 
0.500000 
3.640055 
3.640055 
5.147815 
5.147815 
3.162278 
3.162278 
0.707107 
0.707107 
1.000000 
1.000000 
12.747549 
12.747549 
5.147815 
5.147815 
3.162278 
3.162278 
0.000000 
0.000000 
1.000000 
1.000000 
0.000000 
0.000000 
11.500000 
11.500000 
5.147815 
5.147815 
3.162278 
3.162278 
1.118034 
1.118034 
1.581139 
1.581139 
0.000000 
0.000000 
6.020797 
6.020797 
5.147815 
5.147815 
3.162278 
3.162278 
0.500000 
0.500000 
1.581139 
1.581139 
0.000000 
0.000000 
0.000000 
0.000000 
9.617692 
9.617692 
5.147815 
5.147815 
3.162278 
3.162278 
0.000000 
0.000000 
1.581139 
1.581139 
4.609772 
4.609772 
0.000000 
0.000000 
3.640055 
3.640055 
5.147815 
5.147815 
3.162278 
3.162278 
0.500000 
0.500000 
1.581139 
1.581139 
1.802776 
1.802776 
0.000000 
0.000000 
2.500000 
2.500000 
5.147815 
5.147815 
3.162278 
3.162278 
0.500000 
0.500000 
1.581139 
1.581139 
1.802776 
1.802776 
0.000000 
0.000000 
5.024938 
5.024938 
5.147815 
5.147815 
3.162278 
3.162278 
0.707107 
0.707107 
1.581139 
1.581139 
1.802776 
1.802776 
0.000000 
0.000000 
1.118034 
1.118034 
5.147815 
5.147815 
3.162278 
3.162278 
0.707107 
0.707107 
1.581139 
1.581139 
1.802776 
1.802776 
0.000000 
0.000000 
1.000000 
1.000000 
5.147815 
5.147815 
3.162278 
3.162278 
1.414214 
1.414214 
1.581139 
1.581139 
1.802776 
1.802776 
0.000000 
0.000000 
1.581139 
1.581139 
3.162278 
3.162278 
1.414214 
1.414214 
1.581139 
1.581139 
1.802776 
1.802776 
0.000000 
0.000000 
0.707107 
0.707107 
3.162278 
3.162278 
1.414214 
1.414214 
9.861541 
9.861541 
0.000000 
0.000000 
1.802776 
1.802776 
0.000000 
0.000000 
1.581139 
1.581139 
3.162278 
3.162278 
1.414214 
1.414214 
1.581139 
1.581139 
0.000000 
0.000000 
0.000000 
0.000000 
1.802776 
1.802776 
0.000000 
0.000000 
1.581139 
1.581139 
3.162278 
3.162278 
3.354102 
3.354102 
1.118034 
1.118034 
3.000000 
3.000000 
0.000000 
0.000000 
1.802776 
1.802776 
0.000000 
0.000000 
4.000000 
4.000000 
3.162278 
3.162278 
1.581139 
1.581139 
3.500000 
3.500000 
10.111874 
10.111874 
0.000000 
0.000000 
1.802776 
1.802776 
0.000000 
0.000000 
1.581139 
1.581139 
0.500000 
0.500000 
0.707107 
0.707107 
10.111874 
10.111874 
0.000000 
0.000000 
1.802776 
1.802776 
0.000000 
0.000000 
0.500000 
0.500000 
0.500000 
0.500000 
1.000000 
1.000000 
10.111874 
10.111874 
0.000000 
0.000000 
1.802776 
1.802776 
5.700877 
5.700877 
0.500000 
0.500000 
1.118034 
1.118034 
0.000000 
0.000000 
10.111874 
10.111874 
0.000000 
0.000000 
1.802776 
1.802776 
1.118034 
1.118034 
0.500000 
0.500000 
0.500000 
0.500000 
2.000000 
2.000000 
10.111874 
10.111874 
0.000000 
0.000000 
1.802776 
1.802776 
0.707107 
0.707107 
0.500000 
0.500000 
0.707107 
0.707107 
1.118034 
1.118034 
10.111874 
10.111874 
0.000000 
0.000000 
1.802776 
1.802776 
0.500000 
0.500000 
0.500000 
0.500000 
0.500000 
0.500000 
0.000000 
0.000000 
1.118034 
1.118034 
10.111874 
10.111874 
0.000000 
0.000000 
0.500000 
0.500000 
0.500000 
0.500000 
1.000000 
1.000000 
2.121320 
2.121320 
1.118034 
1.118034 
10.111874 
10.111874 
0.000000 
0.000000 
0.500000 
0.500000 
0.500000 
0.500000 
0.707107 
0.707107 
0.500000 
0.500000 
1.118034 
1.118034 
10.111874 
10.111874 
0.000000 
0.000000 
0.500000 
0.500000 
0.500000 
0.500000 
1.118034 
1.118034 
0.000000 
0.000000 
2.549510 
2.549510 
1.118034 
1.118034 
10.111874 
10.111874 
0.000000 
0.000000 
0.500000 
0.500000 
0.500000 
0.500000 
1.118034 
1.118034 
0.000000 
0.000000 
2.915476 
2.915476 
1.118034 
1.118034 
10.111874 
10.111874 
0.000000 
0.000000 
0.500000 
0.500000 
0.500000 
0.500000 
1.118034 
1.118034 
0.000000 
0.000000 
1.118034 
1.118034 
1.118034 
1.118034 
10.111874 
10.111874 
0.000000 
0.000000 
0.500000 
0.500000 
0.500000 
0.500000 
1.414214 
1.414214 
0.000000 
0.000000 
1.414214 
1.414214 
1.118034 
1.118034 
10.111874 
10.111874 
0.500000 
0.500000 
0.500000 
0.500000 
0.707107 
0.707107 
0.000000 
0.000000 
0.000000 
0.000000 
1.414214 
1.414214 
1.118034 
1.118034 
10.111874 
10.111874 
0.500000 
0.500000 
0.500000 
0.500000 
0.707107 
0.707107 
4.123106 
4.123106 
0.000000 
0.000000 
0.707107 
0.707107 
1.118034 
1.118034 
10.111874 
10.111874 
0.500000 
0.500000 
0.500000 
0.500000 
0.707107 
0.707107 
5.500000 
5.500000 
0.000000 
0.000000 
0.707107 
0.707107 
1.118034 
1.118034 
0.500000 
0.500000 
1.118034 
1.118034 
11.597414 
11.597414 
0.000000 
0.000000 
1.000000 
1.000000 
1.118034 
1.118034 
0.500000 
0.500000 
2.692582 
2.692582 
3.535534 
3.535534 
0.000000 
0.000000 
0.000000 
0.000000 
1.118034 
1.118034 
0.500000 
0.500000 
0.707107 
0.707107 
