0.000000 
0.000000 
0.000000 
0.000000 
0.000000 
0.000000 
0.000000 
0.000000 
0.000000 
0.000000 
1.581139 
1.581139 
1.500000 
1.500000 
0.000000 
0.000000 
0.000000 
0.000000 
1.000000 
1.000000 
0.000000 
0.000000 
1.500000 
1.500000 
1.500000 
1.500000 
0.500000 
0.500000 
2.549510 
2.549510 
0.707107 
0.707107 
1.802776 
1.802776 
1.000000 
1.000000 
1.500000 
1.500000 
5.000000 
5.000000 
0.500000 
0.500000 
1.000000 
1.000000 
0.000000 
0.000000 
1.802776 
1.802776 
3.807887 
3.807887 
1.500000 
1.500000 
0.500000 
0.500000 
1.118034 
1.118034 
0.707107 
0.707107 
2.061553 
2.061553 
1.802776 
1.802776 
0.500000 
0.500000 
1.500000 
1.500000 
0.500000 
0.500000 
0.707107 
0.707107 
0.707107 
0.707107 
0.000000 
0.000000 
2.061553 
2.061553 
1.802776 
1.802776 
2.915476 
2.915476 
1.500000 
1.500000 
0.000000 
0.000000 
0.707107 
0.707107 
3.041381 
3.041381 
0.000000 
0.000000 
2.061553 
2.061553 
2.061553 
2.061553 
1.802776 
1.802776 
1.414214 
1.414214 
1.500000 
1.500000 
0.707107 
0.707107 
1.118034 
1.118034 
0.500000 
0.500000 
0.000000 
0.000000 
0.707107 
0.707107 
2.061553 
2.061553 
2.061553 
2.061553 
1.802776 
1.802776 
1.118034 
1.118034 
1.500000 
1.500000 
4.123106 
4.123106 
1.500000 
1.500000 
0.500000 
0.500000 
0.000000 
0.000000 
0.000000 
0.000000 
2.061553 
2.061553 
2.061553 
2.061553 
2.061553 
2.061553 
1.802776 
1.802776 
1.414214 
1.414214 
1.500000 
1.500000 
0.500000 
0.500000 
0.707107 
0.707107 
0.000000 
0.000000 
1.500000 
1.500000 
0.000000 
0.000000 
1.000000 
1.000000 
2.061553 
2.061553 
2.061553 
2.061553 
1.802776 
1.802776 
1.118034 
1.118034 
1.500000 
1.500000 
0.707107 
0.707107 
1.414214 
1.414214 
0.500000 
0.500000 
1.500000 
1.500000 
0.000000 
0.000000 
0.707107 
0.707107 
2.061553 
2.061553 
2.061553 
2.061553 
1.802776 
1.802776 
1.802776 
1.802776 
1.500000 
1.500000 
0.707107 
0.707107 
2.549510 
2.549510 
0.707107 
0.707107 
0.000000 
0.000000 
1.500000 
1.500000 
0.000000 
0.000000 
0.707107 
0.707107 
2.061553 
2.061553 
2.061553 
2.061553 
1.802776 
1.802776 
1.118034 
1.118034 
1.500000 
1.500000 
0.707107 
0.707107 
0.707107 
0.707107 
0.000000 
0.000000 
0.000000 
0.000000 
1.500000 
1.500000 
0.000000 
0.000000 
3.807887 
3.807887 
2.061553 
2.061553 
2.061553 
2.061553 
1.802776 
1.802776 
3.041381 
3.041381 
1.500000 
1.500000 
0.500000 
0.500000 
1.414214 
1.414214 
0.707107 
0.707107 
0.000000 
0.000000 
0.000000 
0.000000 
1.500000 
1.500000 
0.000000 
0.000000 
1.000000 
1.000000 
2.061553 
2.061553 
2.061553 
2.061553 
1.802776 
1.802776 
1.414214 
1.414214 
1.500000 
1.500000 
0.500000 
0.500000 
2.061553 
2.061553 
0.707107 
0.707107 
2.549510 
2.549510 
0.000000 
0.000000 
1.500000 
1.500000 
0.000000 
0.000000 
2.000000 
2.000000 
2.061553 
2.061553 
2.061553 
2.061553 
1.802776 
1.802776 
1.118034 
1.118034 
1.500000 
1.500000 
0.000000 
0.000000 
1.414214 
1.414214 
0.500000 
0.500000 
2.500000 
2.500000 
0.000000 
0.000000 
1.500000 
1.500000 
0.000000 
0.000000 
1.000000 
1.000000 
2.061553 
2.061553 
2.061553 
2.061553 
1.802776 
1.802776 
1.118034 
1.118034 
0.000000 
0.000000 
1.118034 
1.118034 
0.000000 
0.000000 
0.000000 
0.000000 
2.500000 
2.500000 
0.000000 
0.000000 
1.500000 
1.500000 
0.000000 
0.000000 
1.581139 
1.581139 
2.061553 
2.061553 
2.061553 
2.061553 
1.802776 
1.802776 
1.581139 
1.581139 
0.000000 
0.000000 
1.000000 
1.000000 
0.500000 
0.500000 
0.000000 
0.000000 
0.000000 
0.000000 
2.500000 
2.500000 
0.000000 
0.000000 
1.500000 
1.500000 
0.000000 
0.000000 
1.000000 
1.000000 
2.061553 
2.061553 
2.061553 
2.061553 
1.118034 
1.118034 
0.000000 
0.000000 
3.535534 
3.535534 
0.500000 
0.500000 
0.000000 
0.000000 
0.000000 
0.000000 
0.000000 
0.000000 
2.500000 
2.500000 
0.000000 
0.000000 
1.500000 
1.500000 
0.000000 
0.000000 
1.414214 
1.414214 
2.061553 
2.061553 
2.061553 
2.061553 
1.581139 
1.581139 
0.500000 
0.500000 
1.118034 
1.118034 
0.707107 
0.707107 
3.041381 
3.041381 
0.000000 
0.000000 
0.000000 
0.000000 
2.500000 
2.500000 
0.000000 
0.000000 
1.500000 
1.500000 
0.000000 
0.000000 
0.500000 
0.500000 
2.061553 
2.061553 
4.527693 
4.527693 
0.000000 
0.000000 
0.707107 
0.707107 
1.414214 
1.414214 
3.162278 
3.162278 
0.000000 
0.000000 
0.000000 
0.000000 
2.500000 
2.500000 
0.000000 
0.000000 
1.500000 
1.500000 
0.000000 
0.000000 
0.500000 
0.500000 
2.061553 
2.061553 
0.707107 
0.707107 
0.000000 
0.000000 
1.414214 
1.414214 
1.118034 
1.118034 
0.000000 
0.000000 
3.162278 
3.162278 
0.000000 
0.000000 
0.000000 
0.000000 
2.500000 
2.500000 
0.000000 
0.000000 
1.500000 
1.500000 
0.000000 
0.000000 
0.000000 
0.000000 
1.118034 
1.118034 
2.061553 
2.061553 
1.118034 
1.118034 
1.118034 
1.118034 
3.041381 
3.041381 
3.162278 
3.162278 
0.000000 
0.000000 
0.000000 
0.000000 
2.500000 
2.500000 
0.000000 
0.000000 
1.500000 
1.500000 
1.414214 
1.414214 
0.500000 
0.500000 
0.000000 
0.000000 
1.118034 
1.118034 
0.500000 
0.500000 
2.500000 
2.500000 
3.162278 
3.162278 
0.000000 
0.000000 
0.000000 
0.000000 
2.500000 
2.500000 
0.000000 
0.000000 
1.500000 
1.500000 
0.500000 
0.500000 
1.581139 
1.581139 
0.500000 
0.500000 
1.000000 
1.000000 
1.802776 
1.802776 
1.802776 
1.802776 
3.162278 
3.162278 
0.000000 
0.000000 
0.000000 
0.000000 
2.500000 
2.500000 
0.000000 
0.000000 
2.549510 
2.549510 
6.576473 
6.576473 
2.061553 
2.061553 
0.500000 
0.500000 
1.118034 
1.118034 
0.000000 
0.000000 
1.802776 
1.802776 
3.162278 
3.162278 
0.000000 
0.000000 
0.000000 
0.000000 
2.500000 
2.500000 
0.000000 
0.000000 
1.000000 
1.000000 
1.118034 
1.118034 
2.061553 
2.061553 
1.000000 
1.000000 
0.707107 
0.707107 
2.549510 
2.549510 
1.802776 
1.802776 
3.162278 
3.162278 
0.000000 
0.000000 
0.000000 
0.000000 
2.500000 
2.500000 
0.500000 
0.500000 
1.118034 
1.118034 
2.061553 
2.061553 
1.118034 
1.118034 
0.500000 
0.500000 
1.802776 
1.802776 
1.802776 
1.802776 
3.162278 
3.162278 
0.000000 
0.000000 
0.000000 
0.000000 
2.500000 
2.500000 
1.118034 
1.118034 
2.236068 
2.236068 
1.581139 
1.581139 
1.000000 
1.000000 
1.000000 
1.000000 
2.915476 
2.915476 
1.802776 
1.802776 
3.162278 
3.162278 
0.000000 
0.000000 
0.000000 
0.000000 
2.500000 
2.500000 
1.000000 
1.000000 
1.581139 
1.581139 
0.000000 
0.000000 
0.707107 
0.707107 
1.000000 
1.000000 
2.915476 
2.915476 
1.802776 
1.802776 
3.162278 
3.162278 
0.000000 
0.000000 
0.000000 
0.000000 
2.500000 
2.500000 
1.118034 
1.118034 
2.236068 
2.236068 
0.000000 
0.000000 
0.707107 
0.707107 
1.000000 
1.000000 
0.000000 
0.000000 
2.915476 
2.915476 
1.802776 
1.802776 
3.162278 
3.162278 
0.000000 
0.000000 
0.000000 
0.000000 
1.118034 
1.118034 
1.500000 
1.500000 
0.500000 
0.500000 
0.500000 
0.500000 
1.000000 
1.000000 
2.500000 
2.500000 
2.915476 
2.915476 
1.802776 
1.802776 
3.162278 
3.162278 
0.000000 
0.000000 
1.118034 
1.118034 
1.000000 
1.000000 
0.707107 
0.707107 
2.549510 
2.549510 
1.000000 
1.000000 
2.828427 
2.828427 
2.915476 
2.915476 
1.802776 
1.802776 
3.162278 
3.162278 
1.581139 
1.581139 
1.000000 
1.000000 
0.000000 
0.000000 
0.707107 
0.707107 
1.000000 
1.000000 
2.500000 
2.500000 
2.915476 
2.915476 
1.802776 
1.802776 
3.162278 
3.162278 
1.802776 
1.802776 
1.000000 
1.000000 
0.500000 
0.500000 
0.500000 
0.500000 
1.000000 
1.000000 
0.000000 
0.000000 
4.031129 
4.031129 
2.915476 
2.915476 
1.802776 
1.802776 
3.162278 
3.162278 
1.802776 
1.802776 
1.000000 
1.000000 
0.707107 
0.707107 
1.000000 
1.000000 
1.000000 
1.000000 
1.802776 
1.802776 
4.924429 
4.924429 
2.915476 
2.915476 
1.802776 
1.802776 
4.609772 
4.609772 
1.000000 
1.000000 
0.500000 
0.500000 
0.000000 
0.000000 
1.000000 
1.000000 
1.581139 
1.581139 
1.118034 
1.118034 
2.915476 
2.915476 
1.802776 
1.802776 
4.609772 
4.609772 
1.000000 
1.000000 
0.500000 
0.500000 
0.707107 
0.707107 
1.000000 
1.000000 
1.500000 
1.500000 
1.500000 
1.500000 
2.915476 
2.915476 
1.802776 
1.802776 
4.609772 
4.609772 
1.000000 
1.000000 
0.500000 
0.500000 
0.000000 
0.000000 
1.000000 
1.000000 
