0.000000 
0.000000 
0.000000 
0.000000 
0.000000 
0.000000 
0.000000 
0.000000 
0.000000 
0.000000 
0.000000 
0.000000 
0.000000 
0.000000 
2.549510 
2.549510 
1.000000 
1.000000 
0.500000 
0.500000 
1.118034 
1.118034 
0.500000 
0.500000 
2.061553 
2.061553 
0.000000 
0.000000 
1.802776 
1.802776 
0.000000 
0.000000 
1.500000 
1.500000 
2.236068 
2.236068 
0.000000 
0.000000 
1.581139 
1.581139 
0.000000 
0.000000 
4.609772 
4.609772 
0.500000 
0.500000 
1.118034 
1.118034 
2.061553 
2.061553 
0.000000 
0.000000 
4.472136 
4.472136 
0.000000 
0.000000 
1.118034 
1.118034 
1.802776 
1.802776 
1.000000 
1.000000 
2.000000 
2.000000 
0.500000 
0.500000 
2.236068 
2.236068 
0.000000 
0.000000 
0.500000 
0.500000 
1.000000 
1.000000 
1.118034 
1.118034 
1.581139 
1.581139 
1.000000 
1.000000 
2.692582 
2.692582 
0.000000 
0.000000 
1.000000 
1.000000 
0.500000 
0.500000 
1.118034 
1.118034 
1.118034 
1.118034 
0.500000 
0.500000 
4.472136 
4.472136 
0.000000 
0.000000 
2.236068 
2.236068 
4.527693 
4.527693 
1.118034 
1.118034 
1.000000 
1.000000 
3.354102 
3.354102 
2.000000 
2.000000 
0.000000 
0.000000 
1.802776 
1.802776 
1.118034 
1.118034 
1.118034 
1.118034 
0.000000 
0.000000 
0.500000 
0.500000 
1.414214 
1.414214 
0.000000 
0.000000 
2.692582 
2.692582 
0.707107 
0.707107 
1.118034 
1.118034 
0.707107 
0.707107 
1.500000 
1.500000 
2.236068 
2.236068 
0.000000 
0.000000 
0.000000 
0.000000 
0.000000 
0.000000 
2.692582 
2.692582 
1.118034 
1.118034 
1.118034 
1.118034 
0.000000 
0.000000 
2.692582 
2.692582 
2.236068 
2.236068 
0.000000 
0.000000 
1.802776 
1.802776 
0.000000 
0.000000 
2.692582 
2.692582 
1.000000 
1.000000 
1.118034 
1.118034 
1.000000 
1.000000 
2.692582 
2.692582 
2.236068 
2.236068 
0.000000 
0.000000 
0.000000 
0.000000 
1.414214 
1.414214 
0.000000 
0.000000 
2.692582 
2.692582 
2.061553 
2.061553 
1.118034 
1.118034 
1.000000 
1.000000 
2.549510 
2.549510 
2.236068 
2.236068 
2.692582 
2.692582 
0.000000 
0.000000 
2.121320 
2.121320 
0.000000 
0.000000 
2.692582 
2.692582 
2.692582 
2.692582 
1.118034 
1.118034 
1.000000 
1.000000 
1.414214 
1.414214 
2.236068 
2.236068 
0.000000 
0.000000 
2.692582 
2.692582 
0.000000 
0.000000 
4.031129 
4.031129 
0.000000 
0.000000 
2.692582 
2.692582 
2.061553 
2.061553 
1.118034 
1.118034 
1.000000 
1.000000 
0.500000 
0.500000 
2.236068 
2.236068 
0.000000 
0.000000 
0.000000 
0.000000 
0.000000 
0.000000 
2.692582 
2.692582 
0.000000 
0.000000 
1.581139 
1.581139 
0.000000 
0.000000 
2.692582 
2.692582 
1.000000 
1.000000 
1.118034 
1.118034 
1.000000 
1.000000 
0.500000 
0.500000 
2.236068 
2.236068 
1.581139 
1.581139 
4.123106 
4.123106 
0.000000 
0.000000 
2.692582 
2.692582 
0.000000 
0.000000 
1.581139 
1.581139 
2.692582 
2.692582 
0.500000 
0.500000 
1.118034 
1.118034 
0.707107 
0.707107 
0.500000 
0.500000 
2.236068 
2.236068 
2.061553 
2.061553 
1.000000 
1.000000 
0.000000 
0.000000 
2.692582 
2.692582 
0.000000 
0.000000 
1.118034 
1.118034 
2.692582 
2.692582 
0.000000 
0.000000 
1.118034 
1.118034 
1.118034 
1.118034 
0.500000 
0.500000 
2.236068 
2.236068 
3.041381 
3.041381 
3.000000 
3.000000 
0.000000 
0.000000 
2.692582 
2.692582 
0.000000 
0.000000 
1.118034 
1.118034 
2.692582 
2.692582 
0.707107 
0.707107 
1.118034 
1.118034 
0.707107 
0.707107 
0.500000 
0.500000 
2.236068 
2.236068 
0.000000 
0.000000 
1.118034 
1.118034 
1.118034 
1.118034 
0.000000 
0.000000 
2.692582 
2.692582 
0.000000 
0.000000 
1.118034 
1.118034 
2.692582 
2.692582 
1.500000 
1.500000 
1.118034 
1.118034 
1.802776 
1.802776 
0.500000 
0.500000 
2.236068 
2.236068 
0.000000 
0.000000 
1.000000 
1.000000 
2.549510 
2.549510 
0.000000 
0.000000 
2.692582 
2.692582 
0.000000 
0.000000 
1.118034 
1.118034 
2.692582 
2.692582 
1.581139 
1.581139 
1.118034 
1.118034 
1.500000 
1.500000 
0.500000 
0.500000 
2.236068 
2.236068 
0.000000 
0.000000 
0.707107 
0.707107 
3.162278 
3.162278 
0.000000 
0.000000 
2.692582 
2.692582 
0.000000 
0.000000 
1.118034 
1.118034 
2.692582 
2.692582 
2.236068 
2.236068 
4.609772 
4.609772 
0.500000 
0.500000 
2.236068 
2.236068 
0.000000 
0.000000 
0.000000 
0.000000 
1.000000 
1.000000 
2.692582 
2.692582 
0.000000 
0.000000 
2.692582 
2.692582 
0.000000 
0.000000 
1.118034 
1.118034 
2.692582 
2.692582 
3.905125 
3.905125 
1.118034 
1.118034 
0.500000 
0.500000 
2.236068 
2.236068 
0.000000 
0.000000 
0.000000 
0.000000 
0.000000 
0.000000 
0.000000 
0.000000 
0.707107 
0.707107 
2.692582 
2.692582 
0.000000 
0.000000 
2.692582 
2.692582 
0.000000 
0.000000 
1.118034 
1.118034 
2.692582 
2.692582 
1.000000 
1.000000 
2.549510 
2.549510 
0.500000 
0.500000 
2.236068 
2.236068 
0.000000 
0.000000 
3.041381 
3.041381 
2.500000 
2.500000 
0.000000 
0.000000 
0.000000 
0.000000 
3.500000 
3.500000 
2.692582 
2.692582 
0.000000 
0.000000 
2.692582 
2.692582 
0.000000 
0.000000 
1.118034 
1.118034 
1.000000 
1.000000 
1.581139 
1.581139 
0.500000 
0.500000 
1.500000 
1.500000 
1.000000 
1.000000 
1.802776 
1.802776 
0.000000 
0.000000 
0.000000 
0.000000 
3.500000 
3.500000 
2.692582 
2.692582 
0.000000 
0.000000 
2.692582 
2.692582 
1.118034 
1.118034 
1.000000 
1.000000 
1.581139 
1.581139 
0.500000 
0.500000 
1.500000 
1.500000 
1.000000 
1.000000 
2.828427 
2.828427 
0.000000 
0.000000 
0.000000 
0.000000 
3.500000 
3.500000 
2.692582 
2.692582 
0.000000 
0.000000 
2.692582 
2.692582 
1.118034 
1.118034 
1.000000 
1.000000 
2.236068 
2.236068 
0.500000 
0.500000 
0.000000 
0.000000 
1.500000 
1.500000 
1.000000 
1.000000 
2.500000 
2.500000 
0.000000 
0.000000 
0.000000 
0.000000 
3.500000 
3.500000 
2.692582 
2.692582 
0.000000 
0.000000 
2.692582 
2.692582 
1.118034 
1.118034 
1.000000 
1.000000 
2.236068 
2.236068 
0.500000 
0.500000 
0.000000 
0.000000 
0.000000 
0.000000 
0.000000 
0.000000 
1.500000 
1.500000 
1.000000 
1.000000 
4.031129 
4.031129 
0.000000 
0.000000 
0.000000 
0.000000 
3.500000 
3.500000 
2.692582 
2.692582 
0.000000 
0.000000 
1.118034 
1.118034 
1.000000 
1.000000 
2.121320 
2.121320 
0.500000 
0.500000 
4.031129 
4.031129 
1.118034 
1.118034 
0.000000 
0.000000 
1.500000 
1.500000 
1.000000 
1.000000 
4.609772 
4.609772 
0.000000 
0.000000 
0.000000 
0.000000 
3.500000 
3.500000 
2.692582 
2.692582 
1.118034 
1.118034 
1.000000 
1.000000 
3.201562 
3.201562 
2.061553 
2.061553 
1.000000 
1.000000 
0.000000 
0.000000 
1.500000 
1.500000 
1.000000 
1.000000 
1.581139 
1.581139 
0.000000 
0.000000 
0.000000 
0.000000 
3.500000 
3.500000 
2.692582 
2.692582 
1.118034 
1.118034 
1.000000 
1.000000 
1.118034 
1.118034 
0.000000 
0.000000 
4.031129 
4.031129 
0.500000 
0.500000 
0.000000 
0.000000 
1.500000 
1.500000 
1.000000 
1.000000 
1.118034 
1.118034 
0.000000 
0.000000 
0.000000 
0.000000 
3.500000 
3.500000 
2.692582 
2.692582 
1.118034 
1.118034 
1.000000 
1.000000 
3.640055 
3.640055 
0.707107 
0.707107 
2.236068 
2.236068 
3.162278 
3.162278 
0.000000 
0.000000 
1.500000 
1.500000 
1.000000 
1.000000 
1.118034 
1.118034 
0.000000 
0.000000 
0.000000 
0.000000 
3.500000 
3.500000 
2.692582 
2.692582 
1.000000 
1.000000 
1.000000 
1.000000 
0.000000 
0.000000 
0.707107 
0.707107 
2.236068 
2.236068 
0.707107 
0.707107 
0.000000 
0.000000 
1.500000 
1.500000 
1.000000 
1.000000 
1.118034 
1.118034 
0.000000 
0.000000 
0.000000 
0.000000 
3.500000 
3.500000 
2.692582 
2.692582 
1.000000 
1.000000 
5.000000 
5.000000 
1.581139 
1.581139 
0.707107 
0.707107 
2.236068 
2.236068 
1.118034 
1.118034 
0.000000 
0.000000 
1.500000 
1.500000 
1.000000 
1.000000 
1.118034 
1.118034 
0.000000 
0.000000 
3.500000 
3.500000 
2.692582 
2.692582 
1.000000 
1.000000 
2.061553 
2.061553 
4.031129 
4.031129 
0.707107 
0.707107 
2.236068 
2.236068 
0.707107 
0.707107 
0.000000 
0.000000 
1.500000 
1.500000 
1.000000 
1.000000 
1.000000 
1.000000 
0.000000 
0.000000 
3.500000 
3.500000 
2.692582 
2.692582 
1.000000 
1.000000 
1.581139 
1.581139 
0.000000 
0.000000 
4.031129 
4.031129 
0.707107 
0.707107 
2.236068 
2.236068 
2.061553 
2.061553 
0.000000 
0.000000 
1.500000 
1.500000 
1.000000 
1.000000 
1.581139 
1.581139 
0.000000 
0.000000 
3.500000 
3.500000 
2.692582 
2.692582 
1.000000 
1.000000 
2.000000 
2.000000 
0.000000 
0.000000 
0.000000 
0.000000 
0.000000 
0.000000 
4.031129 
4.031129 
0.707107 
0.707107 
2.236068 
2.236068 
1.000000 
1.000000 
0.000000 
0.000000 
1.500000 
1.500000 
1.000000 
1.000000 
1.000000 
1.000000 
3.500000 
3.500000 
1.000000 
1.000000 
1.414214 
1.414214 
0.000000 
0.000000 
0.500000 
0.500000 
0.000000 
0.000000 
4.031129 
4.031129 
0.707107 
0.707107 
2.236068 
2.236068 
2.061553 
2.061553 
0.000000 
0.000000 
1.500000 
1.500000 
1.000000 
1.000000 
1.581139 
1.581139 
3.500000 
3.500000 
1.581139 
1.581139 
