0.000000 
0.000000 
0.000000 
0.000000 
0.000000 
0.000000 
0.000000 
0.000000 
0.000000 
0.000000 
0.000000 
0.000000 
0.000000 
0.000000 
0.000000 
0.000000 
0.000000 
0.000000 
0.000000 
0.000000 
3.535534 
3.535534 
2.500000 
2.500000 
1.500000 
1.500000 
2.061553 
2.061553 
0.500000 
0.500000 
2.500000 
2.500000 
0.000000 
0.000000 
0.000000 
0.000000 
0.500000 
0.500000 
1.000000 
1.000000 
1.500000 
1.500000 
3.807887 
3.807887 
0.000000 
0.000000 
0.000000 
0.000000 
3.500000 
3.500000 
0.000000 
0.000000 
0.000000 
0.000000 
1.581139 
1.581139 
2.500000 
2.500000 
4.031129 
4.031129 
3.162278 
3.162278 
1.000000 
1.000000 
0.000000 
0.000000 
0.000000 
0.000000 
3.500000 
3.500000 
0.000000 
0.000000 
0.000000 
0.000000 
1.581139 
1.581139 
1.118034 
1.118034 
2.549510 
2.549510 
3.201562 
3.201562 
0.500000 
0.500000 
0.000000 
0.000000 
0.000000 
0.000000 
0.000000 
0.000000 
1.581139 
1.581139 
0.000000 
0.000000 
3.500000 
3.500000 
0.000000 
0.000000 
0.000000 
0.000000 
1.581139 
1.581139 
2.828427 
2.828427 
2.500000 
2.500000 
5.099020 
5.099020 
4.031129 
4.031129 
0.000000 
0.000000 
1.000000 
1.000000 
0.000000 
0.000000 
0.500000 
0.500000 
1.581139 
1.581139 
0.000000 
0.000000 
3.500000 
3.500000 
0.000000 
0.000000 
0.000000 
0.000000 
1.581139 
1.581139 
1.118034 
1.118034 
3.041381 
3.041381 
1.802776 
1.802776 
0.000000 
0.000000 
0.000000 
0.000000 
0.500000 
0.500000 
0.000000 
0.000000 
0.500000 
0.500000 
1.581139 
1.581139 
0.000000 
0.000000 
3.500000 
3.500000 
0.000000 
0.000000 
0.000000 
0.000000 
1.581139 
1.581139 
1.118034 
1.118034 
2.061553 
2.061553 
2.828427 
2.828427 
0.000000 
0.000000 
0.000000 
0.000000 
6.670832 
6.670832 
0.000000 
0.000000 
0.500000 
0.500000 
1.581139 
1.581139 
0.000000 
0.000000 
3.500000 
3.500000 
0.000000 
0.000000 
0.000000 
0.000000 
1.581139 
1.581139 
0.500000 
0.500000 
4.527693 
4.527693 
2.915476 
2.915476 
0.707107 
0.707107 
0.000000 
0.000000 
7.071068 
7.071068 
0.000000 
0.000000 
0.500000 
0.500000 
1.581139 
1.581139 
0.000000 
0.000000 
3.500000 
3.500000 
0.000000 
0.000000 
0.000000 
0.000000 
10.012492 
10.012492 
1.118034 
1.118034 
2.549510 
2.549510 
3.162278 
3.162278 
1.000000 
1.000000 
0.000000 
0.000000 
0.000000 
0.000000 
0.000000 
0.000000 
0.500000 
0.500000 
1.581139 
1.581139 
0.000000 
0.000000 
3.500000 
3.500000 
2.915476 
2.915476 
0.000000 
0.000000 
8.558621 
8.558621 
1.118034 
1.118034 
3.041381 
3.041381 
4.272002 
4.272002 
1.118034 
1.118034 
0.000000 
0.000000 
0.000000 
0.000000 
0.000000 
0.000000 
0.500000 
0.500000 
1.581139 
1.581139 
0.000000 
0.000000 
3.500000 
3.500000 
0.000000 
0.000000 
0.000000 
0.000000 
7.500000 
7.500000 
0.707107 
0.707107 
2.061553 
2.061553 
4.743416 
4.743416 
1.802776 
1.802776 
0.000000 
0.000000 
0.000000 
0.000000 
0.000000 
0.000000 
0.500000 
0.500000 
1.581139 
1.581139 
0.000000 
0.000000 
3.500000 
3.500000 
0.000000 
0.000000 
0.000000 
0.000000 
7.500000 
7.500000 
1.581139 
1.581139 
5.024938 
5.024938 
2.500000 
2.500000 
0.707107 
0.707107 
0.000000 
0.000000 
0.000000 
0.000000 
0.000000 
0.000000 
0.500000 
0.500000 
1.581139 
1.581139 
0.000000 
0.000000 
3.500000 
3.500000 
0.000000 
0.000000 
0.000000 
0.000000 
0.500000 
0.500000 
1.802776 
1.802776 
1.581139 
1.581139 
2.236068 
2.236068 
1.802776 
1.802776 
0.000000 
0.000000 
0.000000 
0.000000 
0.000000 
0.000000 
0.500000 
0.500000 
1.581139 
1.581139 
0.000000 
0.000000 
3.500000 
3.500000 
0.000000 
0.000000 
0.000000 
0.000000 
1.118034 
1.118034 
1.118034 
1.118034 
3.000000 
3.000000 
2.828427 
2.828427 
1.000000 
1.000000 
0.000000 
0.000000 
0.000000 
0.000000 
0.000000 
0.000000 
0.500000 
0.500000 
1.581139 
1.581139 
0.000000 
0.000000 
3.500000 
3.500000 
0.707107 
0.707107 
1.118034 
1.118034 
1.118034 
1.118034 
2.000000 
2.000000 
2.915476 
2.915476 
1.581139 
1.581139 
0.000000 
0.000000 
0.000000 
0.000000 
0.000000 
0.000000 
0.500000 
0.500000 
1.581139 
1.581139 
0.000000 
0.000000 
3.500000 
3.500000 
1.000000 
1.000000 
0.000000 
0.000000 
0.707107 
0.707107 
2.549510 
2.549510 
4.743416 
4.743416 
1.581139 
1.581139 
0.000000 
0.000000 
0.000000 
0.000000 
0.000000 
0.000000 
0.000000 
0.000000 
0.500000 
0.500000 
1.581139 
1.581139 
0.000000 
0.000000 
3.500000 
3.500000 
1.000000 
1.000000 
0.707107 
0.707107 
0.707107 
0.707107 
2.549510 
2.549510 
1.802776 
1.802776 
1.414214 
1.414214 
1.500000 
1.500000 
0.000000 
0.000000 
0.000000 
0.000000 
0.000000 
0.000000 
0.500000 
0.500000 
1.581139 
1.581139 
0.500000 
0.500000 
0.500000 
0.500000 
1.118034 
1.118034 
2.549510 
2.549510 
5.000000 
5.000000 
1.414214 
1.414214 
2.000000 
2.000000 
0.000000 
0.000000 
0.000000 
0.000000 
0.000000 
0.000000 
0.500000 
0.500000 
1.581139 
1.581139 
0.000000 
0.000000 
0.000000 
0.000000 
4.031129 
4.031129 
2.549510 
2.549510 
2.236068 
2.236068 
3.500000 
3.500000 
4.924429 
4.924429 
0.000000 
0.000000 
0.000000 
0.000000 
0.500000 
0.500000 
0.000000 
0.000000 
0.000000 
0.000000 
1.000000 
1.000000 
2.549510 
2.549510 
3.201562 
3.201562 
1.802776 
1.802776 
1.802776 
1.802776 
0.000000 
0.000000 
0.500000 
0.500000 
1.118034 
1.118034 
1.118034 
1.118034 
2.549510 
2.549510 
1.414214 
1.414214 
1.581139 
1.581139 
0.000000 
0.000000 
6.500000 
6.500000 
0.000000 
0.000000 
0.500000 
0.500000 
0.707107 
0.707107 
1.581139 
1.581139 
2.549510 
2.549510 
5.147815 
5.147815 
4.472136 
4.472136 
0.000000 
0.000000 
0.707107 
0.707107 
2.000000 
2.000000 
0.000000 
0.000000 
0.500000 
0.500000 
0.707107 
0.707107 
2.549510 
2.549510 
2.549510 
2.549510 
2.236068 
2.236068 
2.549510 
2.549510 
0.707107 
0.707107 
0.707107 
0.707107 
2.000000 
2.000000 
0.000000 
0.000000 
0.500000 
0.500000 
0.000000 
0.000000 
2.549510 
2.549510 
2.549510 
2.549510 
2.236068 
2.236068 
1.581139 
1.581139 
0.000000 
0.000000 
0.707107 
0.707107 
0.707107 
0.707107 
2.000000 
2.000000 
0.500000 
0.500000 
0.500000 
0.500000 
2.549510 
2.549510 
2.549510 
2.549510 
4.924429 
4.924429 
5.500000 
5.500000 
0.000000 
0.000000 
0.000000 
0.000000 
0.500000 
0.500000 
0.707107 
0.707107 
2.000000 
2.000000 
0.500000 
0.500000 
0.707107 
0.707107 
2.549510 
2.549510 
2.549510 
2.549510 
2.692582 
2.692582 
2.000000 
2.000000 
3.354102 
3.354102 
0.000000 
0.000000 
1.000000 
1.000000 
0.707107 
0.707107 
5.099020 
5.099020 
0.500000 
0.500000 
1.118034 
1.118034 
2.549510 
2.549510 
2.549510 
2.549510 
2.121320 
2.121320 
3.640055 
3.640055 
0.000000 
0.000000 
0.000000 
0.000000 
3.354102 
3.354102 
0.000000 
0.000000 
0.707107 
0.707107 
0.707107 
0.707107 
3.041381 
3.041381 
0.500000 
0.500000 
1.118034 
1.118034 
2.549510 
2.549510 
2.549510 
2.549510 
8.381527 
8.381527 
2.549510 
2.549510 
0.000000 
0.000000 
0.000000 
0.000000 
1.581139 
1.581139 
3.354102 
3.354102 
0.000000 
0.000000 
1.802776 
1.802776 
0.707107 
0.707107 
2.549510 
2.549510 
0.500000 
0.500000 
3.535534 
3.535534 
2.549510 
2.549510 
2.549510 
2.549510 
1.581139 
1.581139 
2.549510 
2.549510 
2.236068 
2.236068 
8.000000 
8.000000 
4.743416 
4.743416 
3.354102 
3.354102 
0.000000 
0.000000 
1.581139 
1.581139 
0.707107 
0.707107 
2.549510 
2.549510 
0.500000 
0.500000 
0.500000 
0.500000 
2.549510 
2.549510 
2.549510 
2.549510 
1.414214 
1.414214 
2.549510 
2.549510 
3.354102 
3.354102 
8.000000 
8.000000 
1.802776 
1.802776 
3.354102 
3.354102 
0.000000 
0.000000 
1.802776 
1.802776 
0.707107 
0.707107 
1.118034 
1.118034 
0.500000 
0.500000 
1.000000 
1.000000 
2.549510 
2.549510 
1.581139 
1.581139 
2.549510 
2.549510 
1.581139 
1.581139 
8.000000 
8.000000 
2.549510 
2.549510 
3.354102 
3.354102 
0.000000 
0.000000 
1.000000 
1.000000 
0.707107 
0.707107 
4.527693 
4.527693 
0.500000 
0.500000 
1.581139 
1.581139 
2.549510 
2.549510 
2.121320 
2.121320 
2.549510 
2.549510 
0.000000 
0.000000 
1.581139 
1.581139 
1.000000 
1.000000 
3.000000 
3.000000 
3.354102 
3.354102 
0.000000 
0.000000 
0.500000 
0.500000 
0.707107 
0.707107 
1.581139 
1.581139 
0.500000 
0.500000 
0.500000 
0.500000 
2.549510 
2.549510 
4.272002 
4.272002 
2.549510 
2.549510 
0.000000 
0.000000 
0.000000 
0.000000 
1.581139 
1.581139 
0.707107 
0.707107 
2.549510 
2.549510 
3.354102 
3.354102 
0.000000 
0.000000 
0.500000 
0.500000 
2.500000 
2.500000 
2.236068 
2.236068 
0.500000 
0.500000 
1.118034 
1.118034 
2.549510 
2.549510 
1.414214 
1.414214 
2.549510 
2.549510 
0.000000 
0.000000 
1.000000 
1.000000 
0.000000 
0.000000 
1.581139 
1.581139 
0.500000 
0.500000 
2.549510 
2.549510 
3.354102 
3.354102 
0.000000 
0.000000 
0.500000 
0.500000 
0.500000 
0.500000 
2.236068 
2.236068 
0.500000 
0.500000 
1.000000 
1.000000 
2.549510 
2.549510 
5.099020 
5.099020 
2.549510 
2.549510 
2.549510 
2.549510 
5.099020 
5.099020 
0.000000 
0.000000 
1.581139 
1.581139 
0.500000 
0.500000 
2.549510 
2.549510 
3.354102 
3.354102 
0.000000 
0.000000 
0.500000 
0.500000 
1.000000 
1.000000 
1.802776 
1.802776 
1.414214 
1.414214 
2.549510 
2.549510 
1.581139 
1.581139 
2.549510 
2.549510 
2.549510 
2.549510 
0.707107 
0.707107 
0.000000 
0.000000 
1.581139 
1.581139 
0.500000 
0.500000 
2.549510 
2.549510 
3.354102 
3.354102 
0.000000 
0.000000 
0.500000 
0.500000 
0.707107 
0.707107 
1.581139 
1.581139 
0.500000 
0.500000 
2.549510 
2.549510 
1.802776 
1.802776 
2.549510 
2.549510 
0.000000 
0.000000 
2.549510 
2.549510 
2.000000 
2.000000 
0.000000 
0.000000 
1.581139 
1.581139 
0.000000 
0.000000 
2.549510 
2.549510 
3.354102 
3.354102 
0.000000 
0.000000 
0.500000 
0.500000 
0.707107 
0.707107 
6.576473 
6.576473 
1.000000 
1.000000 
2.549510 
2.549510 
1.802776 
1.802776 
2.549510 
2.549510 
