0.000000 
0.000000 
0.500000 
0.500000 
1.118034 
1.118034 
1.118034 
1.118034 
1.118034 
1.118034 
6.184658 
6.184658 
1.414214 
1.414214 
0.000000 
0.000000 
0.707107 
0.707107 
2.061553 
2.061553 
0.000000 
0.000000 
1.500000 
1.500000 
0.500000 
0.500000 
1.500000 
1.500000 
0.707107 
0.707107 
7.211103 
7.211103 
0.707107 
0.707107 
7.211103 
7.211103 
0.707107 
0.707107 
2.000000 
2.000000 
7.382412 
7.382412 
2.000000 
2.000000 
1.118034 
1.118034 
2.000000 
2.000000 
2.236068 
2.236068 
2.000000 
2.000000 
2.692582 
2.692582 
3.201562 
3.201562 
1.414214 
1.414214 
1.118034 
1.118034 
0.500000 
0.500000 
10.770330 
10.770330 
1.802776 
1.802776 
0.500000 
0.500000 
2.500000 
2.500000 
1.118034 
1.118034 
2.549510 
2.549510 
10.000000 
10.000000 
2.549510 
2.549510 
0.000000 
0.000000 
0.000000 
0.000000 
0.500000 
0.500000 
2.549510 
2.549510 
2.915476 
2.915476 
2.236068 
2.236068 
1.581139 
1.581139 
2.549510 
2.549510 
0.000000 
0.000000 
2.915476 
2.915476 
1.802776 
1.802776 
1.500000 
1.500000 
2.549510 
2.549510 
0.000000 
0.000000 
2.915476 
2.915476 
1.802776 
1.802776 
1.500000 
1.500000 
2.549510 
2.549510 
0.000000 
0.000000 
0.000000 
0.000000 
2.915476 
2.915476 
1.802776 
1.802776 
1.500000 
1.500000 
2.549510 
2.549510 
3.605551 
3.605551 
0.000000 
0.000000 
2.915476 
2.915476 
1.802776 
1.802776 
1.500000 
1.500000 
2.549510 
2.549510 
0.000000 
0.000000 
0.707107 
0.707107 
0.000000 
0.000000 
2.915476 
2.915476 
1.802776 
1.802776 
1.500000 
1.500000 
2.549510 
2.549510 
3.354102 
3.354102 
0.707107 
0.707107 
0.000000 
0.000000 
2.915476 
2.915476 
1.802776 
1.802776 
1.500000 
1.500000 
2.549510 
2.549510 
3.354102 
3.354102 
0.707107 
0.707107 
0.000000 
0.000000 
2.915476 
2.915476 
1.802776 
1.802776 
1.500000 
1.500000 
2.549510 
2.549510 
3.354102 
3.354102 
0.707107 
0.707107 
0.000000 
0.000000 
2.915476 
2.915476 
1.802776 
1.802776 
1.500000 
1.500000 
2.549510 
2.549510 
3.354102 
3.354102 
0.707107 
0.707107 
0.000000 
0.000000 
2.915476 
2.915476 
1.802776 
1.802776 
1.500000 
1.500000 
2.549510 
2.549510 
3.354102 
3.354102 
0.707107 
0.707107 
0.000000 
0.000000 
2.915476 
2.915476 
1.802776 
1.802776 
1.500000 
1.500000 
2.549510 
2.549510 
3.354102 
3.354102 
0.707107 
0.707107 
0.000000 
0.000000 
2.915476 
2.915476 
1.802776 
1.802776 
1.500000 
1.500000 
2.549510 
2.549510 
0.000000 
0.000000 
3.354102 
3.354102 
0.707107 
0.707107 
0.000000 
0.000000 
2.915476 
2.915476 
1.802776 
1.802776 
1.500000 
1.500000 
2.061553 
2.061553 
3.354102 
3.354102 
0.707107 
0.707107 
0.000000 
0.000000 
2.915476 
2.915476 
1.802776 
1.802776 
1.500000 
1.500000 
2.061553 
2.061553 
3.354102 
3.354102 
0.707107 
0.707107 
0.000000 
0.000000 
2.915476 
2.915476 
1.802776 
1.802776 
1.500000 
1.500000 
