0.000000 
0.000000 
0.000000 
0.000000 
0.000000 
0.000000 
0.000000 
0.000000 
0.000000 
0.000000 
0.000000 
0.000000 
0.000000 
0.000000 
5.024938 
5.024938 
0.707107 
0.707107 
0.000000 
0.000000 
1.802776 
1.802776 
2.121320 
2.121320 
1.500000 
1.500000 
3.535534 
3.535534 
3.162278 
3.162278 
1.500000 
1.500000 
0.000000 
0.000000 
7.017834 
7.017834 
1.414214 
1.414214 
2.500000 
2.500000 
0.000000 
0.000000 
3.535534 
3.535534 
3.535534 
3.535534 
1.118034 
1.118034 
0.000000 
0.000000 
2.500000 
2.500000 
1.000000 
1.000000 
3.354102 
3.354102 
0.000000 
0.000000 
0.000000 
0.000000 
0.000000 
0.000000 
0.000000 
0.000000 
3.535534 
3.535534 
3.535534 
3.535534 
0.500000 
0.500000 
0.000000 
0.000000 
3.354102 
3.354102 
2.000000 
2.000000 
5.522681 
5.522681 
0.000000 
0.000000 
2.500000 
2.500000 
4.031129 
4.031129 
5.000000 
5.000000 
0.000000 
0.000000 
3.535534 
3.535534 
3.535534 
3.535534 
2.236068 
2.236068 
0.000000 
0.000000 
3.201562 
3.201562 
0.707107 
0.707107 
3.354102 
3.354102 
0.000000 
0.000000 
3.500000 
3.500000 
3.354102 
3.354102 
4.031129 
4.031129 
5.000000 
5.000000 
0.000000 
0.000000 
3.535534 
3.535534 
3.535534 
3.535534 
1.118034 
1.118034 
0.000000 
0.000000 
5.099020 
5.099020 
1.414214 
1.414214 
2.061553 
2.061553 
0.000000 
0.000000 
0.000000 
0.000000 
2.549510 
2.549510 
3.500000 
3.500000 
2.500000 
2.500000 
4.031129 
4.031129 
5.000000 
5.000000 
0.000000 
0.000000 
3.535534 
3.535534 
3.535534 
3.535534 
0.000000 
0.000000 
0.000000 
0.000000 
1.802776 
1.802776 
1.118034 
1.118034 
3.041381 
3.041381 
0.000000 
0.000000 
0.000000 
0.000000 
2.500000 
2.500000 
3.535534 
3.535534 
3.500000 
3.500000 
2.500000 
2.500000 
4.031129 
4.031129 
5.000000 
5.000000 
0.000000 
0.000000 
3.535534 
3.535534 
3.535534 
3.535534 
2.549510 
2.549510 
0.000000 
0.000000 
1.802776 
1.802776 
1.000000 
1.000000 
2.236068 
2.236068 
0.000000 
0.000000 
2.500000 
2.500000 
0.000000 
0.000000 
3.041381 
3.041381 
3.535534 
3.535534 
3.500000 
3.500000 
2.500000 
2.500000 
4.031129 
4.031129 
5.000000 
5.000000 
0.000000 
0.000000 
3.535534 
3.535534 
3.535534 
3.535534 
1.581139 
1.581139 
0.000000 
0.000000 
1.802776 
1.802776 
1.000000 
1.000000 
2.061553 
2.061553 
3.500000 
3.500000 
2.500000 
2.500000 
0.000000 
0.000000 
2.236068 
2.236068 
3.535534 
3.535534 
3.500000 
3.500000 
2.500000 
2.500000 
4.031129 
4.031129 
5.000000 
5.000000 
0.000000 
0.000000 
3.535534 
3.535534 
3.535534 
3.535534 
1.581139 
1.581139 
0.000000 
0.000000 
2.692582 
2.692582 
0.707107 
0.707107 
3.500000 
3.500000 
4.000000 
4.000000 
2.000000 
2.000000 
2.828427 
2.828427 
5.099020 
5.099020 
3.535534 
3.535534 
3.500000 
3.500000 
2.500000 
2.500000 
4.031129 
4.031129 
5.000000 
5.000000 
0.000000 
0.000000 
3.535534 
3.535534 
3.535534 
3.535534 
1.581139 
1.581139 
0.000000 
0.000000 
1.118034 
1.118034 
3.640055 
3.640055 
2.000000 
2.000000 
0.000000 
0.000000 
4.000000 
4.000000 
1.118034 
1.118034 
2.121320 
2.121320 
2.061553 
2.061553 
3.535534 
3.535534 
3.500000 
3.500000 
2.500000 
2.500000 
4.031129 
4.031129 
5.000000 
5.000000 
0.000000 
0.000000 
3.535534 
3.535534 
3.535534 
3.535534 
1.581139 
1.581139 
0.000000 
0.000000 
1.118034 
1.118034 
0.707107 
0.707107 
1.500000 
1.500000 
0.000000 
0.000000 
4.000000 
4.000000 
1.500000 
1.500000 
3.041381 
3.041381 
2.061553 
2.061553 
3.535534 
3.535534 
3.500000 
3.500000 
2.500000 
2.500000 
4.031129 
4.031129 
5.000000 
5.000000 
0.000000 
0.000000 
3.535534 
3.535534 
3.535534 
3.535534 
1.581139 
1.581139 
0.000000 
0.000000 
0.500000 
0.500000 
1.118034 
1.118034 
2.500000 
2.500000 
0.000000 
0.000000 
0.000000 
0.000000 
4.000000 
4.000000 
5.099020 
5.099020 
4.272002 
4.272002 
2.061553 
2.061553 
3.535534 
3.535534 
3.500000 
3.500000 
2.500000 
2.500000 
4.031129 
4.031129 
5.000000 
5.000000 
0.000000 
0.000000 
3.535534 
3.535534 
3.535534 
3.535534 
1.581139 
1.581139 
0.000000 
0.000000 
1.118034 
1.118034 
1.414214 
1.414214 
2.549510 
2.549510 
0.000000 
0.000000 
1.500000 
1.500000 
0.000000 
0.000000 
4.000000 
4.000000 
2.061553 
2.061553 
4.272002 
4.272002 
2.061553 
2.061553 
3.535534 
3.535534 
3.500000 
3.500000 
2.500000 
2.500000 
4.031129 
4.031129 
5.000000 
5.000000 
0.000000 
0.000000 
3.535534 
3.535534 
3.535534 
3.535534 
1.581139 
1.581139 
1.581139 
1.581139 
0.500000 
0.500000 
1.581139 
1.581139 
2.061553 
2.061553 
1.500000 
1.500000 
0.000000 
0.000000 
4.000000 
4.000000 
2.000000 
2.000000 
4.272002 
4.272002 
2.061553 
2.061553 
3.535534 
3.535534 
3.500000 
3.500000 
2.500000 
2.500000 
4.031129 
4.031129 
5.000000 
5.000000 
0.000000 
0.000000 
3.535534 
3.535534 
3.535534 
3.535534 
1.581139 
1.581139 
1.118034 
1.118034 
3.535534 
3.535534 
1.118034 
1.118034 
1.581139 
1.581139 
1.500000 
1.500000 
0.000000 
0.000000 
4.000000 
4.000000 
1.581139 
1.581139 
4.272002 
4.272002 
2.061553 
2.061553 
3.535534 
3.535534 
3.500000 
3.500000 
2.500000 
2.500000 
4.031129 
4.031129 
5.000000 
5.000000 
0.000000 
0.000000 
3.535534 
3.535534 
1.581139 
1.581139 
1.000000 
1.000000 
1.118034 
1.118034 
2.236068 
2.236068 
0.000000 
0.000000 
3.041381 
3.041381 
1.500000 
1.500000 
0.000000 
0.000000 
4.000000 
4.000000 
1.581139 
1.581139 
4.272002 
4.272002 
2.061553 
2.061553 
3.535534 
3.535534 
3.500000 
3.500000 
2.500000 
2.500000 
4.031129 
4.031129 
5.000000 
5.000000 
1.581139 
1.581139 
1.581139 
1.581139 
1.581139 
1.581139 
1.500000 
1.500000 
1.000000 
1.000000 
2.061553 
2.061553 
1.500000 
1.500000 
0.000000 
0.000000 
4.000000 
4.000000 
1.000000 
1.000000 
4.272002 
4.272002 
2.061553 
2.061553 
3.535534 
3.535534 
3.500000 
3.500000 
2.500000 
2.500000 
4.031129 
4.031129 
5.000000 
5.000000 
1.581139 
1.581139 
1.802776 
1.802776 
1.414214 
1.414214 
1.581139 
1.581139 
0.000000 
0.000000 
1.000000 
1.000000 
1.581139 
1.581139 
1.500000 
1.500000 
0.000000 
0.000000 
4.000000 
4.000000 
4.123106 
4.123106 
4.272002 
4.272002 
2.061553 
2.061553 
3.535534 
3.535534 
3.500000 
3.500000 
2.500000 
2.500000 
1.581139 
1.581139 
0.500000 
0.500000 
1.802776 
1.802776 
2.000000 
2.000000 
0.000000 
0.000000 
1.000000 
1.000000 
5.024938 
5.024938 
1.500000 
1.500000 
0.000000 
0.000000 
4.000000 
4.000000 
1.000000 
1.000000 
4.272002 
4.272002 
2.061553 
2.061553 
3.535534 
3.535534 
2.500000 
2.500000 
1.581139 
1.581139 
0.707107 
0.707107 
2.500000 
2.500000 
2.000000 
2.000000 
0.000000 
0.000000 
1.000000 
1.000000 
1.118034 
1.118034 
1.500000 
1.500000 
0.000000 
0.000000 
4.000000 
4.000000 
1.000000 
1.000000 
4.272002 
4.272002 
2.061553 
2.061553 
3.535534 
3.535534 
1.581139 
1.581139 
1.802776 
1.802776 
2.500000 
2.500000 
1.500000 
1.500000 
0.000000 
0.000000 
1.000000 
1.000000 
2.000000 
2.000000 
1.500000 
1.500000 
0.000000 
0.000000 
4.000000 
4.000000 
1.000000 
1.000000 
4.272002 
4.272002 
2.061553 
2.061553 
1.581139 
1.581139 
1.118034 
1.118034 
2.500000 
2.500000 
1.118034 
1.118034 
0.000000 
0.000000 
1.000000 
1.000000 
1.000000 
1.000000 
1.500000 
1.500000 
0.000000 
0.000000 
4.000000 
4.000000 
0.707107 
0.707107 
4.272002 
4.272002 
2.061553 
2.061553 
1.581139 
1.581139 
0.707107 
0.707107 
2.500000 
2.500000 
1.118034 
1.118034 
0.000000 
0.000000 
1.000000 
1.000000 
0.500000 
0.500000 
1.500000 
1.500000 
0.000000 
0.000000 
4.000000 
4.000000 
1.581139 
1.581139 
4.272002 
4.272002 
2.061553 
2.061553 
2.061553 
2.061553 
2.500000 
2.500000 
0.707107 
0.707107 
0.000000 
0.000000 
1.000000 
1.000000 
2.061553 
2.061553 
1.500000 
1.500000 
0.000000 
0.000000 
1.118034 
1.118034 
4.272002 
4.272002 
2.061553 
2.061553 
1.118034 
1.118034 
2.500000 
2.500000 
0.707107 
0.707107 
0.000000 
0.000000 
1.000000 
1.000000 
2.061553 
2.061553 
1.500000 
1.500000 
2.236068 
2.236068 
4.272002 
4.272002 
0.707107 
0.707107 
2.500000 
2.500000 
0.707107 
0.707107 
0.000000 
0.000000 
0.000000 
0.000000 
1.000000 
1.000000 
1.118034 
1.118034 
1.500000 
1.500000 
1.500000 
1.500000 
4.272002 
4.272002 
1.000000 
1.000000 
2.500000 
2.500000 
2.061553 
2.061553 
0.000000 
0.000000 
0.000000 
0.000000 
0.000000 
0.000000 
1.000000 
1.000000 
1.500000 
1.500000 
1.500000 
1.500000 
1.118034 
1.118034 
1.118034 
1.118034 
2.500000 
2.500000 
0.000000 
0.000000 
2.061553 
2.061553 
0.000000 
0.000000 
0.000000 
0.000000 
1.000000 
1.000000 
0.500000 
0.500000 
4.743416 
4.743416 
1.581139 
1.581139 
2.500000 
2.500000 
1.414214 
1.414214 
2.061553 
2.061553 
0.000000 
0.000000 
0.000000 
0.000000 
1.000000 
1.000000 
1.000000 
1.000000 
2.000000 
2.000000 
1.802776 
1.802776 
2.500000 
2.500000 
2.500000 
2.500000 
2.500000 
2.500000 
0.000000 
0.000000 
0.000000 
0.000000 
1.000000 
1.000000 
0.707107 
0.707107 
2.061553 
2.061553 
1.118034 
1.118034 
2.500000 
2.500000 
2.692582 
2.692582 
0.000000 
0.000000 
0.000000 
0.000000 
2.500000 
2.500000 
0.000000 
0.000000 
0.000000 
0.000000 
1.000000 
1.000000 
1.581139 
1.581139 
3.041381 
3.041381 
5.220153 
5.220153 
2.500000 
2.500000 
3.162278 
3.162278 
1.500000 
1.500000 
2.549510 
2.549510 
2.500000 
2.500000 
0.000000 
0.000000 
0.000000 
0.000000 
3.354102 
3.354102 
3.041381 
3.041381 
2.121320 
2.121320 
2.500000 
2.500000 
2.061553 
2.061553 
0.000000 
0.000000 
0.000000 
0.000000 
2.236068 
2.236068 
3.041381 
3.041381 
2.500000 
2.500000 
0.000000 
0.000000 
2.915476 
2.915476 
3.041381 
3.041381 
2.121320 
2.121320 
2.500000 
2.500000 
2.061553 
2.061553 
0.000000 
0.000000 
3.000000 
3.000000 
2.236068 
2.236068 
3.041381 
3.041381 
2.500000 
2.500000 
0.000000 
0.000000 
7.433034 
7.433034 
3.041381 
3.041381 
1.500000 
1.500000 
2.061553 
2.061553 
0.000000 
0.000000 
3.000000 
3.000000 
2.236068 
2.236068 
3.041381 
3.041381 
2.500000 
2.500000 
0.000000 
0.000000 
3.905125 
3.905125 
3.041381 
3.041381 
2.061553 
2.061553 
2.061553 
2.061553 
0.000000 
0.000000 
3.000000 
3.000000 
2.236068 
2.236068 
3.041381 
3.041381 
2.500000 
2.500000 
0.000000 
0.000000 
3.905125 
3.905125 
3.041381 
3.041381 
1.581139 
1.581139 
2.061553 
2.061553 
