0.000000 
0.000000 
0.000000 
0.000000 
0.000000 
0.000000 
0.000000 
0.000000 
0.000000 
0.000000 
0.000000 
0.000000 
0.000000 
0.000000 
0.000000 
0.000000 
0.000000 
0.000000 
0.000000 
0.000000 
0.000000 
0.000000 
0.000000 
0.000000 
0.000000 
0.000000 
0.000000 
0.000000 
0.000000 
0.000000 
0.000000 
0.000000 
0.000000 
0.000000 
0.000000 
0.000000 
0.000000 
0.000000 
0.000000 
0.000000 
0.000000 
0.000000 
0.000000 
0.000000 
0.000000 
0.000000 
0.000000 
0.000000 
3.640055 
3.640055 
2.061553 
2.061553 
9.013878 
9.013878 
0.000000 
0.000000 
0.000000 
0.000000 
1.500000 
1.500000 
2.500000 
2.500000 
10.511898 
10.511898 
2.500000 
2.500000 
0.000000 
0.000000 
0.000000 
0.000000 
0.000000 
0.000000 
0.000000 
0.000000 
0.000000 
0.000000 
0.000000 
0.000000 
1.500000 
1.500000 
2.549510 
2.549510 
3.041381 
3.041381 
2.692582 
2.692582 
0.000000 
0.000000 
0.000000 
0.000000 
3.000000 
3.000000 
1.581139 
1.581139 
0.000000 
0.000000 
2.000000 
2.000000 
1.500000 
1.500000 
7.071068 
7.071068 
2.061553 
2.061553 
1.581139 
1.581139 
0.000000 
0.000000 
0.000000 
0.000000 
0.000000 
0.000000 
1.118034 
1.118034 
1.118034 
1.118034 
0.000000 
0.000000 
0.500000 
0.500000 
1.500000 
1.500000 
1.118034 
1.118034 
5.024938 
5.024938 
4.609772 
4.609772 
0.000000 
0.000000 
0.000000 
0.000000 
0.000000 
0.000000 
2.549510 
2.549510 
2.000000 
2.000000 
0.500000 
0.500000 
0.707107 
0.707107 
5.522681 
5.522681 
1.500000 
1.500000 
2.549510 
2.549510 
1.802776 
1.802776 
0.707107 
0.707107 
0.000000 
0.000000 
2.549510 
2.549510 
1.118034 
1.118034 
2.236068 
2.236068 
1.000000 
1.000000 
0.500000 
0.500000 
1.500000 
1.500000 
1.581139 
1.581139 
1.581139 
1.581139 
5.522681 
5.522681 
0.000000 
0.000000 
0.000000 
0.000000 
7.017834 
7.017834 
1.000000 
1.000000 
2.236068 
2.236068 
2.000000 
2.000000 
2.061553 
2.061553 
1.500000 
1.500000 
1.500000 
1.500000 
2.061553 
2.061553 
2.236068 
2.236068 
7.516648 
7.516648 
0.000000 
0.000000 
7.017834 
7.017834 
4.500000 
4.500000 
2.236068 
2.236068 
2.692582 
2.692582 
1.802776 
1.802776 
1.500000 
1.500000 
1.414214 
1.414214 
9.013878 
9.013878 
1.581139 
1.581139 
0.000000 
0.000000 
1.118034 
1.118034 
3.807887 
3.807887 
7.017834 
7.017834 
5.220153 
5.220153 
2.236068 
2.236068 
8.062258 
8.062258 
1.414214 
1.414214 
1.500000 
1.500000 
5.522681 
5.522681 
0.500000 
0.500000 
1.802776 
1.802776 
0.000000 
0.000000 
2.549510 
2.549510 
1.414214 
1.414214 
3.807887 
3.807887 
7.017834 
7.017834 
2.549510 
2.549510 
2.236068 
2.236068 
2.500000 
2.500000 
1.414214 
1.414214 
1.500000 
1.500000 
1.118034 
1.118034 
9.617692 
9.617692 
1.802776 
1.802776 
0.000000 
0.000000 
2.500000 
2.500000 
2.692582 
2.692582 
1.581139 
1.581139 
11.045361 
11.045361 
7.017834 
7.017834 
2.500000 
2.500000 
2.236068 
2.236068 
2.549510 
2.549510 
0.707107 
0.707107 
1.500000 
1.500000 
2.915476 
2.915476 
0.500000 
0.500000 
3.640055 
3.640055 
0.000000 
0.000000 
2.061553 
2.061553 
1.581139 
1.581139 
2.915476 
2.915476 
4.716991 
4.716991 
11.045361 
11.045361 
7.017834 
7.017834 
2.061553 
2.061553 
2.236068 
2.236068 
5.408327 
5.408327 
1.000000 
1.000000 
1.500000 
1.500000 
2.236068 
2.236068 
1.581139 
1.581139 
1.414214 
1.414214 
0.000000 
0.000000 
2.500000 
2.500000 
2.828427 
2.828427 
2.000000 
2.000000 
1.500000 
1.500000 
11.045361 
11.045361 
7.017834 
7.017834 
5.590170 
5.590170 
2.236068 
2.236068 
7.566373 
7.566373 
6.020797 
6.020797 
1.500000 
1.500000 
2.692582 
2.692582 
1.118034 
1.118034 
5.000000 
5.000000 
0.000000 
0.000000 
3.041381 
3.041381 
1.000000 
1.000000 
6.519202 
6.519202 
1.118034 
1.118034 
11.045361 
11.045361 
7.017834 
7.017834 
1.581139 
1.581139 
2.236068 
2.236068 
2.549510 
2.549510 
0.500000 
0.500000 
1.500000 
1.500000 
6.082763 
6.082763 
9.552487 
9.552487 
1.118034 
1.118034 
0.000000 
0.000000 
0.000000 
0.000000 
0.000000 
0.000000 
2.061553 
2.061553 
1.581139 
1.581139 
6.184658 
6.184658 
1.118034 
1.118034 
11.045361 
11.045361 
7.017834 
7.017834 
3.162278 
3.162278 
2.236068 
2.236068 
2.549510 
2.549510 
8.732125 
8.732125 
1.500000 
1.500000 
8.139410 
8.139410 
1.500000 
1.500000 
3.354102 
3.354102 
0.000000 
0.000000 
0.000000 
0.000000 
0.000000 
0.000000 
0.000000 
0.000000 
3.354102 
3.354102 
0.000000 
0.000000 
2.549510 
2.549510 
0.500000 
0.500000 
6.041523 
6.041523 
1.118034 
1.118034 
11.045361 
11.045361 
7.017834 
7.017834 
2.692582 
2.692582 
2.236068 
2.236068 
2.549510 
2.549510 
8.732125 
8.732125 
2.692582 
2.692582 
1.118034 
1.118034 
1.802776 
1.802776 
5.220153 
5.220153 
0.000000 
0.000000 
0.707107 
0.707107 
0.000000 
0.000000 
3.000000 
3.000000 
0.000000 
0.000000 
3.000000 
3.000000 
0.500000 
0.500000 
3.041381 
3.041381 
1.118034 
1.118034 
11.045361 
11.045361 
7.017834 
7.017834 
2.692582 
2.692582 
2.236068 
2.236068 
2.549510 
2.549510 
8.732125 
8.732125 
2.692582 
2.692582 
2.061553 
2.061553 
1.802776 
1.802776 
0.000000 
0.000000 
3.041381 
3.041381 
8.544004 
8.544004 
2.549510 
2.549510 
0.000000 
0.000000 
7.280110 
7.280110 
0.000000 
0.000000 
12.747549 
12.747549 
0.500000 
0.500000 
9.013878 
9.013878 
1.118034 
1.118034 
11.045361 
11.045361 
7.017834 
7.017834 
2.692582 
2.692582 
2.236068 
2.236068 
2.549510 
2.549510 
8.732125 
8.732125 
2.000000 
2.000000 
1.581139 
1.581139 
1.802776 
1.802776 
0.000000 
0.000000 
3.162278 
3.162278 
2.061553 
2.061553 
2.549510 
2.549510 
2.549510 
2.549510 
0.000000 
0.000000 
1.581139 
1.581139 
0.000000 
0.000000 
2.549510 
2.549510 
0.500000 
0.500000 
1.581139 
1.581139 
1.118034 
1.118034 
11.045361 
11.045361 
7.017834 
7.017834 
2.692582 
2.692582 
2.236068 
2.236068 
2.549510 
2.549510 
8.732125 
8.732125 
6.020797 
6.020797 
0.707107 
0.707107 
1.802776 
1.802776 
0.000000 
0.000000 
0.707107 
0.707107 
2.000000 
2.000000 
2.061553 
2.061553 
7.566373 
7.566373 
2.549510 
2.549510 
0.000000 
0.000000 
2.549510 
2.549510 
0.000000 
0.000000 
3.535534 
3.535534 
0.500000 
0.500000 
1.000000 
1.000000 
1.118034 
1.118034 
11.045361 
11.045361 
7.017834 
7.017834 
2.692582 
2.692582 
2.236068 
2.236068 
2.549510 
2.549510 
8.732125 
8.732125 
1.581139 
1.581139 
1.118034 
1.118034 
1.802776 
1.802776 
0.000000 
0.000000 
2.121320 
2.121320 
7.000000 
7.000000 
2.000000 
2.000000 
2.061553 
2.061553 
1.802776 
1.802776 
2.549510 
2.549510 
0.000000 
0.000000 
3.000000 
3.000000 
0.000000 
0.000000 
4.500000 
4.500000 
0.500000 
0.500000 
0.000000 
0.000000 
1.118034 
1.118034 
11.045361 
11.045361 
7.017834 
7.017834 
2.692582 
2.692582 
2.549510 
2.549510 
8.732125 
8.732125 
2.500000 
2.500000 
8.139410 
8.139410 
1.802776 
1.802776 
1.581139 
1.581139 
2.549510 
2.549510 
7.000000 
7.000000 
5.522681 
5.522681 
2.061553 
2.061553 
2.000000 
2.000000 
2.549510 
2.549510 
0.000000 
0.000000 
1.581139 
1.581139 
0.000000 
0.000000 
3.535534 
3.535534 
0.500000 
0.500000 
3.000000 
3.000000 
1.118034 
1.118034 
11.045361 
11.045361 
2.692582 
2.692582 
2.549510 
2.549510 
8.732125 
8.732125 
2.061553 
2.061553 
1.802776 
1.802776 
1.802776 
1.802776 
14.637281 
14.637281 
2.236068 
2.236068 
7.000000 
7.000000 
2.549510 
2.549510 
2.061553 
2.061553 
2.000000 
2.000000 
2.549510 
2.549510 
0.000000 
0.000000 
5.024938 
5.024938 
0.000000 
0.000000 
2.500000 
2.500000 
0.500000 
0.500000 
1.000000 
1.000000 
1.118034 
1.118034 
11.045361 
11.045361 
2.692582 
2.692582 
2.549510 
2.549510 
8.732125 
8.732125 
8.139410 
8.139410 
9.617692 
9.617692 
1.802776 
1.802776 
0.000000 
0.000000 
0.000000 
0.000000 
2.236068 
2.236068 
7.000000 
7.000000 
3.000000 
3.000000 
2.061553 
2.061553 
2.000000 
2.000000 
2.549510 
2.549510 
0.000000 
0.000000 
3.000000 
3.000000 
0.000000 
0.000000 
9.013878 
9.013878 
0.500000 
0.500000 
0.000000 
0.000000 
1.118034 
1.118034 
11.045361 
11.045361 
2.692582 
2.692582 
2.549510 
2.549510 
8.732125 
8.732125 
8.944272 
8.944272 
1.000000 
1.000000 
1.802776 
1.802776 
5.024938 
5.024938 
0.000000 
0.000000 
2.236068 
2.236068 
7.000000 
7.000000 
2.500000 
2.500000 
2.061553 
2.061553 
2.000000 
2.000000 
2.549510 
2.549510 
0.000000 
0.000000 
3.041381 
3.041381 
0.000000 
0.000000 
1.000000 
1.000000 
0.500000 
0.500000 
0.000000 
0.000000 
1.118034 
1.118034 
11.045361 
11.045361 
2.692582 
2.692582 
2.549510 
2.549510 
8.732125 
8.732125 
1.000000 
1.000000 
0.500000 
0.500000 
1.802776 
1.802776 
0.000000 
0.000000 
3.535534 
3.535534 
0.000000 
0.000000 
2.236068 
2.236068 
7.000000 
7.000000 
1.000000 
1.000000 
2.061553 
2.061553 
2.000000 
2.000000 
2.549510 
2.549510 
0.000000 
0.000000 
2.236068 
2.236068 
0.000000 
0.000000 
2.061553 
2.061553 
0.500000 
0.500000 
0.000000 
0.000000 
1.118034 
1.118034 
2.692582 
2.692582 
2.549510 
2.549510 
8.732125 
8.732125 
1.500000 
1.500000 
0.000000 
0.000000 
1.802776 
1.802776 
0.000000 
0.000000 
2.692582 
2.692582 
3.535534 
3.535534 
0.000000 
0.000000 
2.236068 
2.236068 
7.000000 
7.000000 
1.000000 
1.000000 
2.061553 
2.061553 
2.000000 
2.000000 
2.549510 
2.549510 
0.000000 
0.000000 
8.015610 
8.015610 
3.041381 
3.041381 
0.500000 
0.500000 
0.000000 
0.000000 
1.118034 
1.118034 
2.692582 
2.692582 
2.549510 
2.549510 
8.732125 
8.732125 
1.000000 
1.000000 
1.802776 
1.802776 
1.802776 
1.802776 
0.000000 
0.000000 
0.000000 
0.000000 
2.692582 
2.692582 
3.535534 
3.535534 
0.000000 
0.000000 
2.236068 
2.236068 
7.000000 
7.000000 
1.000000 
1.000000 
2.061553 
2.061553 
2.000000 
2.000000 
2.549510 
2.549510 
0.000000 
0.000000 
3.041381 
3.041381 
3.000000 
3.000000 
0.500000 
0.500000 
0.000000 
0.000000 
1.118034 
1.118034 
2.692582 
2.692582 
2.549510 
2.549510 
8.732125 
8.732125 
9.013878 
9.013878 
0.500000 
0.500000 
1.802776 
1.802776 
