0.000000 
0.000000 
0.000000 
0.000000 
0.000000 
0.000000 
0.000000 
0.000000 
0.000000 
0.000000 
0.000000 
0.000000 
0.000000 
0.000000 
0.000000 
0.000000 
0.000000 
0.000000 
1.500000 
1.500000 
0.000000 
0.000000 
0.500000 
0.500000 
1.000000 
1.000000 
0.500000 
0.500000 
0.500000 
0.500000 
1.000000 
1.000000 
1.581139 
1.581139 
4.000000 
4.000000 
1.000000 
1.000000 
0.000000 
0.000000 
0.500000 
0.500000 
1.118034 
1.118034 
1.000000 
1.000000 
1.000000 
1.000000 
1.581139 
1.581139 
1.118034 
1.118034 
1.581139 
1.581139 
0.000000 
0.000000 
1.000000 
1.000000 
0.000000 
0.000000 
0.500000 
0.500000 
1.118034 
1.118034 
0.500000 
0.500000 
0.500000 
0.500000 
2.500000 
2.500000 
1.118034 
1.118034 
1.581139 
1.581139 
1.581139 
1.581139 
1.000000 
1.000000 
0.000000 
0.000000 
0.500000 
0.500000 
1.118034 
1.118034 
0.500000 
0.500000 
5.024938 
5.024938 
0.707107 
0.707107 
1.118034 
1.118034 
1.581139 
1.581139 
0.000000 
0.000000 
0.000000 
0.000000 
1.581139 
1.581139 
5.852350 
5.852350 
0.000000 
0.000000 
0.500000 
0.500000 
0.000000 
0.000000 
0.500000 
0.500000 
0.500000 
0.500000 
0.000000 
0.000000 
1.118034 
1.118034 
1.581139 
1.581139 
2.000000 
2.000000 
1.581139 
1.581139 
1.581139 
1.581139 
0.500000 
0.500000 
0.000000 
0.000000 
2.000000 
2.000000 
0.500000 
0.500000 
0.707107 
0.707107 
0.000000 
0.000000 
0.000000 
0.000000 
1.118034 
1.118034 
1.581139 
1.581139 
0.000000 
0.000000 
2.000000 
2.000000 
3.162278 
3.162278 
1.581139 
1.581139 
0.000000 
0.000000 
0.000000 
0.000000 
0.000000 
0.000000 
0.000000 
0.000000 
0.707107 
0.707107 
0.500000 
0.500000 
0.707107 
0.707107 
1.118034 
1.118034 
1.581139 
1.581139 
0.000000 
0.000000 
1.118034 
1.118034 
2.000000 
2.000000 
3.162278 
3.162278 
1.581139 
1.581139 
0.707107 
0.707107 
0.000000 
0.000000 
0.500000 
0.500000 
0.000000 
0.000000 
0.707107 
0.707107 
0.000000 
0.000000 
1.000000 
1.000000 
1.118034 
1.118034 
1.581139 
1.581139 
0.000000 
0.000000 
3.354102 
3.354102 
1.000000 
1.000000 
2.000000 
2.000000 
3.162278 
3.162278 
1.581139 
1.581139 
0.707107 
0.707107 
0.000000 
0.000000 
0.000000 
0.000000 
1.118034 
1.118034 
0.707107 
0.707107 
0.500000 
0.500000 
0.000000 
0.000000 
1.118034 
1.118034 
1.581139 
1.581139 
0.000000 
0.000000 
0.000000 
0.000000 
0.000000 
0.000000 
3.354102 
3.354102 
0.500000 
0.500000 
2.000000 
2.000000 
3.162278 
3.162278 
1.581139 
1.581139 
0.000000 
0.000000 
0.000000 
0.000000 
0.500000 
0.500000 
0.500000 
0.500000 
0.707107 
0.707107 
0.000000 
0.000000 
0.500000 
0.500000 
1.118034 
1.118034 
1.581139 
1.581139 
3.041381 
3.041381 
1.802776 
1.802776 
0.000000 
0.000000 
3.354102 
3.354102 
1.118034 
1.118034 
2.000000 
2.000000 
3.162278 
3.162278 
1.581139 
1.581139 
4.527693 
4.527693 
0.000000 
0.000000 
0.707107 
0.707107 
0.500000 
0.500000 
0.707107 
0.707107 
0.500000 
0.500000 
0.000000 
0.000000 
1.118034 
1.118034 
1.581139 
1.581139 
2.500000 
2.500000 
2.061553 
2.061553 
0.000000 
0.000000 
3.354102 
3.354102 
0.000000 
0.000000 
2.000000 
2.000000 
3.162278 
3.162278 
1.581139 
1.581139 
0.000000 
0.000000 
0.000000 
0.000000 
1.000000 
1.000000 
0.500000 
0.500000 
0.707107 
0.707107 
1.118034 
1.118034 
1.118034 
1.118034 
1.118034 
1.118034 
1.581139 
1.581139 
8.000000 
8.000000 
4.000000 
4.000000 
0.000000 
0.000000 
3.354102 
3.354102 
1.000000 
1.000000 
2.000000 
2.000000 
3.162278 
3.162278 
1.581139 
1.581139 
0.500000 
0.500000 
0.000000 
0.000000 
0.707107 
0.707107 
0.500000 
0.500000 
0.707107 
0.707107 
1.118034 
1.118034 
0.000000 
0.000000 
1.118034 
1.118034 
1.581139 
1.581139 
0.000000 
0.000000 
3.041381 
3.041381 
2.549510 
2.549510 
0.000000 
0.000000 
3.354102 
3.354102 
0.500000 
0.500000 
2.000000 
2.000000 
3.162278 
3.162278 
1.581139 
1.581139 
0.000000 
0.000000 
0.000000 
0.000000 
0.500000 
0.500000 
0.500000 
0.500000 
0.707107 
0.707107 
1.118034 
1.118034 
0.500000 
0.500000 
1.118034 
1.118034 
1.581139 
1.581139 
0.000000 
0.000000 
0.707107 
0.707107 
2.500000 
2.500000 
2.549510 
2.549510 
0.000000 
0.000000 
3.354102 
3.354102 
0.000000 
0.000000 
2.000000 
2.000000 
3.162278 
3.162278 
1.581139 
1.581139 
0.000000 
0.000000 
0.000000 
0.000000 
0.500000 
0.500000 
0.707107 
0.707107 
0.000000 
0.000000 
0.000000 
0.000000 
1.118034 
1.118034 
1.581139 
1.581139 
1.000000 
1.000000 
0.000000 
0.000000 
6.500000 
6.500000 
3.041381 
3.041381 
0.000000 
0.000000 
3.354102 
3.354102 
0.000000 
0.000000 
2.000000 
2.000000 
3.162278 
3.162278 
1.581139 
1.581139 
0.000000 
0.000000 
0.500000 
0.500000 
0.500000 
0.500000 
0.707107 
0.707107 
4.031129 
4.031129 
1.802776 
1.802776 
1.118034 
1.118034 
1.581139 
1.581139 
0.500000 
0.500000 
0.500000 
0.500000 
2.500000 
2.500000 
5.500000 
5.500000 
0.000000 
0.000000 
3.354102 
3.354102 
0.000000 
0.000000 
2.000000 
2.000000 
3.162278 
3.162278 
1.581139 
1.581139 
0.500000 
0.500000 
0.707107 
0.707107 
0.500000 
0.500000 
0.707107 
0.707107 
0.707107 
0.707107 
0.500000 
0.500000 
0.000000 
0.000000 
1.000000 
1.000000 
0.500000 
0.500000 
2.549510 
2.549510 
1.802776 
1.802776 
0.000000 
0.000000 
3.354102 
3.354102 
0.000000 
0.000000 
2.000000 
2.000000 
3.162278 
3.162278 
1.581139 
1.581139 
0.000000 
0.000000 
0.000000 
0.000000 
0.500000 
0.500000 
0.707107 
0.707107 
0.500000 
0.500000 
0.500000 
0.500000 
0.500000 
0.500000 
0.707107 
0.707107 
0.500000 
0.500000 
5.147815 
5.147815 
3.041381 
3.041381 
0.000000 
0.000000 
3.354102 
3.354102 
0.000000 
0.000000 
2.000000 
2.000000 
3.162278 
3.162278 
0.500000 
0.500000 
0.707107 
0.707107 
0.500000 
0.500000 
0.707107 
0.707107 
0.500000 
0.500000 
0.707107 
0.707107 
0.707107 
0.707107 
0.500000 
0.500000 
0.500000 
0.500000 
1.118034 
1.118034 
1.500000 
1.500000 
0.000000 
0.000000 
3.354102 
3.354102 
0.000000 
0.000000 
2.000000 
2.000000 
3.162278 
3.162278 
0.000000 
0.000000 
0.000000 
0.000000 
0.500000 
0.500000 
0.707107 
0.707107 
0.500000 
0.500000 
2.549510 
2.549510 
0.500000 
0.500000 
0.000000 
0.000000 
0.500000 
0.500000 
6.519202 
6.519202 
1.500000 
1.500000 
0.000000 
0.000000 
3.354102 
3.354102 
0.000000 
0.000000 
3.162278 
3.162278 
0.000000 
0.000000 
0.500000 
0.500000 
0.500000 
0.500000 
1.000000 
1.000000 
0.000000 
0.000000 
0.500000 
0.500000 
0.500000 
0.500000 
0.500000 
0.500000 
2.692582 
2.692582 
1.000000 
1.000000 
0.000000 
0.000000 
3.354102 
3.354102 
0.000000 
0.000000 
0.500000 
0.500000 
2.000000 
2.000000 
0.500000 
0.500000 
0.500000 
0.500000 
1.000000 
1.000000 
0.500000 
0.500000 
0.707107 
0.707107 
0.500000 
0.500000 
2.061553 
2.061553 
2.692582 
2.692582 
0.000000 
0.000000 
3.354102 
3.354102 
0.000000 
0.000000 
0.000000 
0.000000 
0.000000 
0.000000 
0.500000 
0.500000 
0.500000 
0.500000 
1.802776 
1.802776 
0.000000 
0.000000 
0.500000 
0.500000 
0.000000 
0.000000 
0.500000 
0.500000 
1.118034 
1.118034 
2.692582 
2.692582 
0.000000 
0.000000 
0.500000 
0.500000 
0.500000 
0.500000 
0.500000 
0.500000 
0.500000 
0.500000 
1.500000 
1.500000 
0.000000 
0.000000 
0.707107 
0.707107 
3.000000 
3.000000 
0.500000 
0.500000 
0.500000 
0.500000 
0.707107 
0.707107 
2.692582 
2.692582 
0.000000 
0.000000 
0.500000 
0.500000 
1.000000 
1.000000 
0.500000 
0.500000 
1.118034 
1.118034 
0.000000 
0.000000 
0.000000 
0.000000 
0.707107 
0.707107 
1.000000 
1.000000 
0.000000 
0.000000 
0.500000 
0.500000 
1.000000 
1.000000 
2.692582 
2.692582 
0.000000 
0.000000 
0.000000 
0.000000 
0.000000 
0.000000 
0.500000 
0.500000 
0.000000 
0.000000 
1.118034 
1.118034 
0.500000 
0.500000 
0.707107 
0.707107 
1.000000 
1.000000 
2.061553 
2.061553 
0.500000 
0.500000 
0.707107 
0.707107 
2.692582 
2.692582 
0.000000 
0.000000 
5.024938 
5.024938 
0.500000 
0.500000 
0.500000 
0.500000 
0.500000 
0.500000 
7.158911 
7.158911 
0.707107 
0.707107 
0.707107 
0.707107 
0.000000 
0.000000 
0.000000 
0.000000 
0.500000 
0.500000 
4.272002 
4.272002 
2.692582 
2.692582 
0.000000 
0.000000 
0.500000 
0.500000 
0.500000 
0.500000 
0.500000 
0.500000 
1.000000 
1.000000 
0.000000 
0.000000 
0.500000 
0.500000 
0.707107 
0.707107 
0.500000 
0.500000 
0.500000 
0.500000 
0.500000 
0.500000 
1.118034 
1.118034 
2.692582 
2.692582 
0.000000 
0.000000 
0.000000 
0.000000 
0.500000 
0.500000 
0.500000 
0.500000 
0.500000 
0.500000 
0.000000 
0.000000 
0.000000 
0.000000 
1.000000 
1.000000 
0.500000 
0.500000 
0.707107 
0.707107 
0.500000 
0.500000 
4.472136 
4.472136 
0.500000 
0.500000 
0.500000 
0.500000 
2.692582 
2.692582 
0.000000 
0.000000 
0.500000 
0.500000 
0.500000 
0.500000 
1.000000 
1.000000 
0.000000 
0.000000 
0.000000 
0.000000 
1.000000 
1.000000 
0.500000 
0.500000 
0.707107 
0.707107 
1.000000 
1.000000 
1.000000 
1.000000 
0.500000 
0.500000 
1.000000 
1.000000 
2.692582 
2.692582 
0.000000 
0.000000 
0.000000 
0.000000 
0.500000 
0.500000 
0.000000 
0.000000 
0.000000 
0.000000 
0.500000 
0.500000 
0.000000 
0.000000 
0.000000 
0.000000 
0.707107 
0.707107 
0.500000 
0.500000 
0.707107 
0.707107 
1.500000 
1.500000 
2.692582 
2.692582 
0.000000 
0.000000 
1.000000 
1.000000 
0.500000 
0.500000 
1.000000 
1.000000 
0.000000 
0.000000 
1.000000 
1.000000 
0.500000 
0.500000 
5.000000 
5.000000 
0.707107 
0.707107 
0.500000 
0.500000 
2.500000 
2.500000 
1.118034 
1.118034 
2.692582 
2.692582 
0.000000 
0.000000 
1.000000 
1.000000 
0.500000 
0.500000 
0.707107 
0.707107 
0.000000 
0.000000 
1.118034 
1.118034 
1.118034 
1.118034 
2.061553 
2.061553 
0.707107 
0.707107 
0.500000 
0.500000 
3.605551 
3.605551 
5.024938 
5.024938 
2.692582 
2.692582 
0.000000 
0.000000 
4.000000 
4.000000 
0.500000 
0.500000 
2.061553 
2.061553 
0.000000 
0.000000 
2.000000 
2.000000 
7.648529 
7.648529 
2.061553 
2.061553 
0.707107 
0.707107 
0.500000 
0.500000 
2.549510 
2.549510 
2.236068 
2.236068 
2.692582 
2.692582 
0.000000 
0.000000 
4.000000 
4.000000 
0.500000 
0.500000 
1.500000 
1.500000 
0.000000 
0.000000 
0.000000 
0.000000 
2.000000 
2.000000 
1.500000 
1.500000 
2.500000 
2.500000 
0.707107 
0.707107 
0.500000 
0.500000 
2.549510 
2.549510 
3.041381 
3.041381 
2.692582 
2.692582 
0.000000 
0.000000 
4.000000 
4.000000 
0.500000 
0.500000 
1.500000 
1.500000 
0.000000 
0.000000 
0.000000 
0.000000 
2.000000 
2.000000 
5.700877 
5.700877 
2.500000 
2.500000 
0.707107 
0.707107 
0.500000 
0.500000 
2.549510 
2.549510 
4.949747 
4.949747 
2.692582 
2.692582 
0.000000 
0.000000 
4.000000 
4.000000 
1.500000 
1.500000 
0.000000 
0.000000 
0.000000 
0.000000 
0.000000 
0.000000 
0.000000 
0.000000 
0.000000 
0.000000 
2.000000 
2.000000 
5.099020 
5.099020 
2.500000 
2.500000 
0.707107 
0.707107 
0.500000 
0.500000 
2.549510 
2.549510 
4.949747 
4.949747 
0.000000 
0.000000 
4.000000 
4.000000 
1.500000 
1.500000 
