0.000000 
0.000000 
0.000000 
0.000000 
0.000000 
0.000000 
0.000000 
0.000000 
0.000000 
0.000000 
0.000000 
0.000000 
0.000000 
0.000000 
0.000000 
0.000000 
0.000000 
0.000000 
0.500000 
0.500000 
0.500000 
0.500000 
2.236068 
2.236068 
3.640055 
3.640055 
1.802776 
1.802776 
0.000000 
0.000000 
0.000000 
0.000000 
0.000000 
0.000000 
1.000000 
1.000000 
0.500000 
0.500000 
1.118034 
1.118034 
0.000000 
0.000000 
0.500000 
0.500000 
0.707107 
0.707107 
0.000000 
0.000000 
0.000000 
0.000000 
0.500000 
0.500000 
0.500000 
0.500000 
2.828427 
2.828427 
0.000000 
0.000000 
1.000000 
1.000000 
0.500000 
0.500000 
0.500000 
0.500000 
0.000000 
0.000000 
1.000000 
1.000000 
0.500000 
0.500000 
1.581139 
1.581139 
0.500000 
0.500000 
7.158911 
7.158911 
0.000000 
0.000000 
3.500000 
3.500000 
0.000000 
0.000000 
0.500000 
0.500000 
1.581139 
1.581139 
1.118034 
1.118034 
0.500000 
0.500000 
1.118034 
1.118034 
2.061553 
2.061553 
4.500000 
4.500000 
0.000000 
0.000000 
0.000000 
0.000000 
0.000000 
0.000000 
0.000000 
0.000000 
0.000000 
0.000000 
0.500000 
0.500000 
1.581139 
1.581139 
1.118034 
1.118034 
1.118034 
1.118034 
6.020797 
6.020797 
0.000000 
0.000000 
0.707107 
0.707107 
0.707107 
0.707107 
0.000000 
0.000000 
0.707107 
0.707107 
1.581139 
1.581139 
0.000000 
0.000000 
0.000000 
0.000000 
1.581139 
1.581139 
1.118034 
1.118034 
0.000000 
0.000000 
0.500000 
0.500000 
3.041381 
3.041381 
0.500000 
0.500000 
0.000000 
0.000000 
0.707107 
0.707107 
1.118034 
1.118034 
0.707107 
0.707107 
0.500000 
0.500000 
0.000000 
0.000000 
0.000000 
0.000000 
1.581139 
1.581139 
1.118034 
1.118034 
0.707107 
0.707107 
7.516648 
7.516648 
0.707107 
0.707107 
0.707107 
0.707107 
0.000000 
0.000000 
0.000000 
0.000000 
0.707107 
0.707107 
1.118034 
1.118034 
0.707107 
0.707107 
1.000000 
1.000000 
0.000000 
0.000000 
0.000000 
0.000000 
1.581139 
1.581139 
1.118034 
1.118034 
0.707107 
0.707107 
0.500000 
0.500000 
1.118034 
1.118034 
1.000000 
1.000000 
0.000000 
0.000000 
0.000000 
0.000000 
1.000000 
1.000000 
0.707107 
0.707107 
1.118034 
1.118034 
0.707107 
0.707107 
0.500000 
0.500000 
0.000000 
0.000000 
0.500000 
0.500000 
1.581139 
1.581139 
1.118034 
1.118034 
1.118034 
1.118034 
1.000000 
1.000000 
1.118034 
1.118034 
0.707107 
0.707107 
0.000000 
0.000000 
0.000000 
0.000000 
1.500000 
1.500000 
0.000000 
0.000000 
1.118034 
1.118034 
0.707107 
0.707107 
1.802776 
1.802776 
0.707107 
0.707107 
0.500000 
0.500000 
0.000000 
0.000000 
0.500000 
0.500000 
1.581139 
1.581139 
1.118034 
1.118034 
1.581139 
1.581139 
0.500000 
0.500000 
1.414214 
1.414214 
0.707107 
0.707107 
1.802776 
1.802776 
0.000000 
0.000000 
1.500000 
1.500000 
0.000000 
0.000000 
1.000000 
1.000000 
0.707107 
0.707107 
2.828427 
2.828427 
0.707107 
0.707107 
0.500000 
0.500000 
0.000000 
0.000000 
0.000000 
0.000000 
1.581139 
1.581139 
1.118034 
1.118034 
0.707107 
0.707107 
0.707107 
0.707107 
1.000000 
1.000000 
0.707107 
0.707107 
1.500000 
1.500000 
1.118034 
1.118034 
2.500000 
2.500000 
0.000000 
0.000000 
0.500000 
0.500000 
0.707107 
0.707107 
1.581139 
1.581139 
0.707107 
0.707107 
0.500000 
0.500000 
0.000000 
0.000000 
0.000000 
0.000000 
1.581139 
1.581139 
1.118034 
1.118034 
2.549510 
2.549510 
0.500000 
0.500000 
1.581139 
1.581139 
1.500000 
1.500000 
2.549510 
2.549510 
1.000000 
1.000000 
0.500000 
0.500000 
0.000000 
0.000000 
0.500000 
0.500000 
0.707107 
0.707107 
1.802776 
1.802776 
0.707107 
0.707107 
0.500000 
0.500000 
0.000000 
0.000000 
0.000000 
0.000000 
1.581139 
1.581139 
1.118034 
1.118034 
0.707107 
0.707107 
0.500000 
0.500000 
1.000000 
1.000000 
0.500000 
0.500000 
0.000000 
0.000000 
1.581139 
1.581139 
0.500000 
0.500000 
1.000000 
1.000000 
0.000000 
0.000000 
0.500000 
0.500000 
0.707107 
0.707107 
2.500000 
2.500000 
0.707107 
0.707107 
0.500000 
0.500000 
0.000000 
0.000000 
1.000000 
1.000000 
1.581139 
1.581139 
1.118034 
1.118034 
0.500000 
0.500000 
0.500000 
0.500000 
1.118034 
1.118034 
0.500000 
0.500000 
0.000000 
0.000000 
0.707107 
0.707107 
1.500000 
1.500000 
0.500000 
0.500000 
1.000000 
1.000000 
0.000000 
0.000000 
0.500000 
0.500000 
0.707107 
0.707107 
4.500000 
4.500000 
0.707107 
0.707107 
0.500000 
0.500000 
0.500000 
0.500000 
1.581139 
1.581139 
1.118034 
1.118034 
1.000000 
1.000000 
0.500000 
0.500000 
0.500000 
0.500000 
0.000000 
0.000000 
2.549510 
2.549510 
5.500000 
5.500000 
1.118034 
1.118034 
2.500000 
2.500000 
1.118034 
1.118034 
0.000000 
0.000000 
0.500000 
0.500000 
0.707107 
0.707107 
2.061553 
2.061553 
0.707107 
0.707107 
0.500000 
0.500000 
0.707107 
0.707107 
1.581139 
1.581139 
1.118034 
1.118034 
1.000000 
1.000000 
0.500000 
0.500000 
0.707107 
0.707107 
0.000000 
0.000000 
0.000000 
0.000000 
2.061553 
2.061553 
1.118034 
1.118034 
1.118034 
1.118034 
0.707107 
0.707107 
1.118034 
1.118034 
0.000000 
0.000000 
0.500000 
0.500000 
0.707107 
0.707107 
1.500000 
1.500000 
0.707107 
0.707107 
0.500000 
0.500000 
0.707107 
0.707107 
1.581139 
1.581139 
1.118034 
1.118034 
1.118034 
1.118034 
0.500000 
0.500000 
1.500000 
1.500000 
0.500000 
0.500000 
0.000000 
0.000000 
3.807887 
3.807887 
2.061553 
2.061553 
2.828427 
2.828427 
1.118034 
1.118034 
0.707107 
0.707107 
3.041381 
3.041381 
0.000000 
0.000000 
0.500000 
0.500000 
0.707107 
0.707107 
5.099020 
5.099020 
0.707107 
0.707107 
0.500000 
0.500000 
1.000000 
1.000000 
1.581139 
1.581139 
1.118034 
1.118034 
1.581139 
1.581139 
0.500000 
0.500000 
2.000000 
2.000000 
5.220153 
5.220153 
0.000000 
0.000000 
0.000000 
0.000000 
0.000000 
0.000000 
0.000000 
0.000000 
2.061553 
2.061553 
3.807887 
3.807887 
2.061553 
2.061553 
2.915476 
2.915476 
1.118034 
1.118034 
4.609772 
4.609772 
3.041381 
3.041381 
0.000000 
0.000000 
0.500000 
0.500000 
0.707107 
0.707107 
1.000000 
1.000000 
0.707107 
0.707107 
0.500000 
0.500000 
1.802776 
1.802776 
1.581139 
1.581139 
0.500000 
0.500000 
2.500000 
2.500000 
1.581139 
1.581139 
1.500000 
1.500000 
0.000000 
0.000000 
1.581139 
1.581139 
2.500000 
2.500000 
2.061553 
2.061553 
3.807887 
3.807887 
2.061553 
2.061553 
3.201562 
3.201562 
1.118034 
1.118034 
1.802776 
1.802776 
3.041381 
3.041381 
0.000000 
0.000000 
0.500000 
0.500000 
0.707107 
0.707107 
2.061553 
2.061553 
0.707107 
0.707107 
0.500000 
0.500000 
1.802776 
1.802776 
1.581139 
1.581139 
0.500000 
0.500000 
1.118034 
1.118034 
1.802776 
1.802776 
0.000000 
0.000000 
0.000000 
0.000000 
0.000000 
0.000000 
1.500000 
1.500000 
0.000000 
0.000000 
1.581139 
1.581139 
2.500000 
2.500000 
2.061553 
2.061553 
3.807887 
3.807887 
2.061553 
2.061553 
5.852350 
5.852350 
1.118034 
1.118034 
1.802776 
1.802776 
3.041381 
3.041381 
0.000000 
0.000000 
0.500000 
0.500000 
0.707107 
0.707107 
0.500000 
0.500000 
0.500000 
0.500000 
1.802776 
1.802776 
1.581139 
1.581139 
0.500000 
0.500000 
1.118034 
1.118034 
7.158911 
7.158911 
0.000000 
0.000000 
0.000000 
0.000000 
0.000000 
0.000000 
0.000000 
0.000000 
1.802776 
1.802776 
4.031129 
4.031129 
1.500000 
1.500000 
0.000000 
0.000000 
1.581139 
1.581139 
2.500000 
2.500000 
2.061553 
2.061553 
3.807887 
3.807887 
2.061553 
2.061553 
5.852350 
5.852350 
1.118034 
1.118034 
1.802776 
1.802776 
3.041381 
3.041381 
0.000000 
0.000000 
0.500000 
0.500000 
1.500000 
1.500000 
0.500000 
0.500000 
1.802776 
1.802776 
1.581139 
1.581139 
0.500000 
0.500000 
1.118034 
1.118034 
2.828427 
2.828427 
0.000000 
0.000000 
0.000000 
0.000000 
0.000000 
0.000000 
0.000000 
0.000000 
4.609772 
4.609772 
0.000000 
0.000000 
0.000000 
0.000000 
1.802776 
1.802776 
3.354102 
3.354102 
1.500000 
1.500000 
0.000000 
0.000000 
1.581139 
1.581139 
2.500000 
2.500000 
2.061553 
2.061553 
3.807887 
3.807887 
2.061553 
2.061553 
5.852350 
5.852350 
1.118034 
1.118034 
1.802776 
1.802776 
3.041381 
3.041381 
0.500000 
0.500000 
1.118034 
1.118034 
0.500000 
0.500000 
1.802776 
1.802776 
1.581139 
1.581139 
0.500000 
0.500000 
1.118034 
1.118034 
7.615773 
7.615773 
0.000000 
0.000000 
0.000000 
0.000000 
1.581139 
1.581139 
2.121320 
2.121320 
2.692582 
2.692582 
0.000000 
0.000000 
4.031129 
4.031129 
0.000000 
0.000000 
0.000000 
0.000000 
1.802776 
1.802776 
5.220153 
5.220153 
1.500000 
1.500000 
0.000000 
0.000000 
1.581139 
1.581139 
2.500000 
2.500000 
2.061553 
2.061553 
3.807887 
3.807887 
2.061553 
2.061553 
5.852350 
5.852350 
1.118034 
1.118034 
1.802776 
1.802776 
3.041381 
3.041381 
0.500000 
0.500000 
10.012492 
10.012492 
1.802776 
1.802776 
1.581139 
1.581139 
0.500000 
0.500000 
1.118034 
1.118034 
1.581139 
1.581139 
0.000000 
0.000000 
0.000000 
0.000000 
0.000000 
0.000000 
0.000000 
0.000000 
3.640055 
3.640055 
1.581139 
1.581139 
2.121320 
2.121320 
2.692582 
2.692582 
0.000000 
0.000000 
4.031129 
4.031129 
0.000000 
0.000000 
0.000000 
0.000000 
1.802776 
1.802776 
2.061553 
2.061553 
1.500000 
1.500000 
0.000000 
0.000000 
1.581139 
1.581139 
2.500000 
2.500000 
2.061553 
2.061553 
3.807887 
3.807887 
2.061553 
2.061553 
5.852350 
5.852350 
1.118034 
1.118034 
1.802776 
1.802776 
3.041381 
3.041381 
0.500000 
0.500000 
0.500000 
0.500000 
1.802776 
1.802776 
1.581139 
1.581139 
0.500000 
0.500000 
1.118034 
1.118034 
1.581139 
1.581139 
0.000000 
0.000000 
0.000000 
0.000000 
1.118034 
1.118034 
2.500000 
2.500000 
3.807887 
3.807887 
0.000000 
0.000000 
1.118034 
1.118034 
1.581139 
1.581139 
2.121320 
2.121320 
2.692582 
2.692582 
0.000000 
0.000000 
4.031129 
4.031129 
0.000000 
0.000000 
0.000000 
0.000000 
1.802776 
1.802776 
2.000000 
2.000000 
1.500000 
1.500000 
0.000000 
0.000000 
1.581139 
1.581139 
2.500000 
2.500000 
2.061553 
2.061553 
3.807887 
3.807887 
2.061553 
2.061553 
5.852350 
5.852350 
1.118034 
1.118034 
1.802776 
1.802776 
3.041381 
3.041381 
0.500000 
0.500000 
1.581139 
1.581139 
1.802776 
1.802776 
1.581139 
1.581139 
0.500000 
0.500000 
1.118034 
1.118034 
0.707107 
0.707107 
0.000000 
0.000000 
0.000000 
0.000000 
0.000000 
0.000000 
0.707107 
0.707107 
2.549510 
2.549510 
1.414214 
1.414214 
2.692582 
2.692582 
3.807887 
3.807887 
0.000000 
0.000000 
0.000000 
0.000000 
1.581139 
1.581139 
2.121320 
2.121320 
2.692582 
2.692582 
0.000000 
0.000000 
4.031129 
4.031129 
0.000000 
0.000000 
0.000000 
0.000000 
1.802776 
1.802776 
1.118034 
1.118034 
1.500000 
1.500000 
0.000000 
0.000000 
1.581139 
1.581139 
2.500000 
2.500000 
2.061553 
2.061553 
3.807887 
3.807887 
2.061553 
2.061553 
5.852350 
5.852350 
1.118034 
1.118034 
1.802776 
1.802776 
3.041381 
3.041381 
0.500000 
0.500000 
1.802776 
1.802776 
1.802776 
1.802776 
1.581139 
1.581139 
0.500000 
0.500000 
1.118034 
1.118034 
2.061553 
2.061553 
0.000000 
0.000000 
0.500000 
0.500000 
0.500000 
0.500000 
1.118034 
1.118034 
0.707107 
0.707107 
0.500000 
0.500000 
0.000000 
0.000000 
1.802776 
1.802776 
3.807887 
3.807887 
0.000000 
0.000000 
0.000000 
0.000000 
1.581139 
1.581139 
2.121320 
2.121320 
2.692582 
2.692582 
0.000000 
0.000000 
4.031129 
4.031129 
0.000000 
0.000000 
0.000000 
0.000000 
1.802776 
1.802776 
4.609772 
4.609772 
1.500000 
1.500000 
0.000000 
0.000000 
1.581139 
1.581139 
2.500000 
2.500000 
2.061553 
2.061553 
3.807887 
3.807887 
2.061553 
2.061553 
5.852350 
5.852350 
1.118034 
1.118034 
1.802776 
1.802776 
3.041381 
3.041381 
0.500000 
0.500000 
1.000000 
1.000000 
1.802776 
1.802776 
1.581139 
1.581139 
1.118034 
1.118034 
1.000000 
1.000000 
0.000000 
0.000000 
0.000000 
0.000000 
0.000000 
0.000000 
3.535534 
3.535534 
0.707107 
0.707107 
0.707107 
0.707107 
0.707107 
0.707107 
0.000000 
0.000000 
1.118034 
1.118034 
3.807887 
3.807887 
0.000000 
0.000000 
0.000000 
0.000000 
1.581139 
1.581139 
2.121320 
2.121320 
2.692582 
2.692582 
0.000000 
0.000000 
4.031129 
4.031129 
0.000000 
0.000000 
0.000000 
0.000000 
1.802776 
1.802776 
1.581139 
1.581139 
1.500000 
1.500000 
0.000000 
0.000000 
1.581139 
1.581139 
2.500000 
2.500000 
2.061553 
2.061553 
3.807887 
3.807887 
2.061553 
2.061553 
5.852350 
5.852350 
1.118034 
1.118034 
1.802776 
1.802776 
3.041381 
3.041381 
1.581139 
1.581139 
1.802776 
1.802776 
1.581139 
1.581139 
1.118034 
1.118034 
1.581139 
1.581139 
1.500000 
1.500000 
0.000000 
0.000000 
0.500000 
0.500000 
1.118034 
1.118034 
0.500000 
0.500000 
0.707107 
0.707107 
0.707107 
0.707107 
0.707107 
0.707107 
3.807887 
3.807887 
3.807887 
3.807887 
0.000000 
0.000000 
0.000000 
0.000000 
1.581139 
1.581139 
2.121320 
2.121320 
2.692582 
2.692582 
0.000000 
0.000000 
4.031129 
4.031129 
0.000000 
0.000000 
0.000000 
0.000000 
1.802776 
1.802776 
3.000000 
3.000000 
1.500000 
1.500000 
0.000000 
0.000000 
1.581139 
1.581139 
2.500000 
2.500000 
2.061553 
2.061553 
3.807887 
3.807887 
2.061553 
2.061553 
5.852350 
5.852350 
1.118034 
1.118034 
1.802776 
1.802776 
3.041381 
3.041381 
5.500000 
5.500000 
1.802776 
1.802776 
1.581139 
1.581139 
1.118034 
1.118034 
1.118034 
1.118034 
0.000000 
0.000000 
1.500000 
1.500000 
4.031129 
4.031129 
2.000000 
2.000000 
1.414214 
1.414214 
0.707107 
0.707107 
0.707107 
0.707107 
0.500000 
0.500000 
0.500000 
0.500000 
0.500000 
0.500000 
3.807887 
3.807887 
0.000000 
0.000000 
0.000000 
0.000000 
1.581139 
1.581139 
2.121320 
2.121320 
2.692582 
2.692582 
0.000000 
0.000000 
4.031129 
4.031129 
0.000000 
0.000000 
0.000000 
0.000000 
1.802776 
1.802776 
3.000000 
3.000000 
1.500000 
1.500000 
0.000000 
0.000000 
1.581139 
1.581139 
2.500000 
2.500000 
2.061553 
2.061553 
3.807887 
3.807887 
2.061553 
2.061553 
5.852350 
5.852350 
1.802776 
1.802776 
3.041381 
3.041381 
1.500000 
1.500000 
1.802776 
1.802776 
1.581139 
1.581139 
1.118034 
1.118034 
8.500000 
8.500000 
4.743416 
4.743416 
1.500000 
1.500000 
1.581139 
1.581139 
1.118034 
1.118034 
6.000000 
6.000000 
0.500000 
0.500000 
0.707107 
0.707107 
1.118034 
1.118034 
0.000000 
0.000000 
1.414214 
1.414214 
3.807887 
3.807887 
0.000000 
0.000000 
0.000000 
0.000000 
1.581139 
1.581139 
2.121320 
2.121320 
2.692582 
2.692582 
0.000000 
0.000000 
4.031129 
4.031129 
0.000000 
0.000000 
0.000000 
0.000000 
1.802776 
1.802776 
3.000000 
3.000000 
1.500000 
1.500000 
0.000000 
0.000000 
1.581139 
1.581139 
2.500000 
2.500000 
2.061553 
2.061553 
3.807887 
3.807887 
5.852350 
5.852350 
1.802776 
1.802776 
3.041381 
3.041381 
2.549510 
2.549510 
1.802776 
1.802776 
1.581139 
1.581139 
1.118034 
1.118034 
1.500000 
1.500000 
0.000000 
0.000000 
4.031129 
4.031129 
1.500000 
1.500000 
1.581139 
1.581139 
0.707107 
0.707107 
1.118034 
1.118034 
0.707107 
0.707107 
0.707107 
0.707107 
1.118034 
1.118034 
0.000000 
0.000000 
0.707107 
0.707107 
3.807887 
3.807887 
0.000000 
0.000000 
0.000000 
0.000000 
1.581139 
1.581139 
2.121320 
2.121320 
2.692582 
2.692582 
0.000000 
0.000000 
4.031129 
4.031129 
0.000000 
0.000000 
0.000000 
0.000000 
1.802776 
1.802776 
3.000000 
3.000000 
1.500000 
1.500000 
0.000000 
0.000000 
1.581139 
1.581139 
2.500000 
2.500000 
2.061553 
2.061553 
5.852350 
5.852350 
1.802776 
1.802776 
2.500000 
2.500000 
1.802776 
1.802776 
1.118034 
1.118034 
3.000000 
3.000000 
0.000000 
0.000000 
1.118034 
1.118034 
1.118034 
1.118034 
1.500000 
1.500000 
1.581139 
1.581139 
0.707107 
0.707107 
0.707107 
0.707107 
1.118034 
1.118034 
0.707107 
0.707107 
0.500000 
0.500000 
0.707107 
0.707107 
1.118034 
1.118034 
3.807887 
3.807887 
0.000000 
0.000000 
0.000000 
0.000000 
1.581139 
1.581139 
2.121320 
2.121320 
2.692582 
2.692582 
0.000000 
0.000000 
4.031129 
4.031129 
0.000000 
0.000000 
0.000000 
0.000000 
1.802776 
1.802776 
3.000000 
3.000000 
1.500000 
1.500000 
1.581139 
1.581139 
2.500000 
2.500000 
5.852350 
5.852350 
1.802776 
1.802776 
2.121320 
2.121320 
1.118034 
1.118034 
1.500000 
1.500000 
1.118034 
1.118034 
0.500000 
0.500000 
0.500000 
0.500000 
1.500000 
1.500000 
1.581139 
1.581139 
0.500000 
0.500000 
1.000000 
1.000000 
0.500000 
0.500000 
0.707107 
0.707107 
1.118034 
1.118034 
0.707107 
0.707107 
2.500000 
2.500000 
3.807887 
3.807887 
0.000000 
0.000000 
0.000000 
0.000000 
1.581139 
1.581139 
2.121320 
2.121320 
2.692582 
2.692582 
0.000000 
0.000000 
4.031129 
4.031129 
0.000000 
0.000000 
0.000000 
0.000000 
1.802776 
1.802776 
3.000000 
3.000000 
5.852350 
5.852350 
1.000000 
1.000000 
0.707107 
0.707107 
0.000000 
0.000000 
0.500000 
0.500000 
1.581139 
1.581139 
1.000000 
1.000000 
1.500000 
1.500000 
1.581139 
1.581139 
0.500000 
0.500000 
1.000000 
1.000000 
0.500000 
0.500000 
0.707107 
0.707107 
3.162278 
3.162278 
0.707107 
0.707107 
2.500000 
2.500000 
3.807887 
3.807887 
0.000000 
0.000000 
0.000000 
0.000000 
1.581139 
1.581139 
2.121320 
2.121320 
2.692582 
2.692582 
0.000000 
0.000000 
4.031129 
4.031129 
0.000000 
0.000000 
1.802776 
1.802776 
3.000000 
3.000000 
1.581139 
1.581139 
1.000000 
1.000000 
0.000000 
0.000000 
0.500000 
0.500000 
1.581139 
1.581139 
3.807887 
3.807887 
1.500000 
1.500000 
1.581139 
1.581139 
0.500000 
0.500000 
1.000000 
1.000000 
0.500000 
0.500000 
0.707107 
0.707107 
2.500000 
2.500000 
0.707107 
0.707107 
2.500000 
2.500000 
3.807887 
3.807887 
0.000000 
0.000000 
0.000000 
0.000000 
1.581139 
1.581139 
2.121320 
2.121320 
2.692582 
2.692582 
4.031129 
4.031129 
3.000000 
3.000000 
1.581139 
1.581139 
3.201562 
3.201562 
