0.000000 
0.000000 
0.000000 
0.000000 
0.000000 
0.000000 
0.000000 
0.000000 
0.000000 
0.000000 
0.000000 
0.000000 
0.000000 
0.000000 
0.000000 
0.000000 
0.500000 
0.500000 
0.000000 
0.000000 
0.500000 
0.500000 
0.500000 
0.500000 
2.000000 
2.000000 
0.500000 
0.500000 
1.000000 
1.000000 
0.000000 
0.000000 
0.707107 
0.707107 
0.500000 
0.500000 
0.000000 
0.000000 
0.500000 
0.500000 
3.041381 
3.041381 
1.118034 
1.118034 
2.061553 
2.061553 
1.000000 
1.000000 
0.000000 
0.000000 
0.500000 
0.500000 
0.500000 
0.500000 
0.000000 
0.000000 
3.041381 
3.041381 
0.000000 
0.000000 
1.500000 
1.500000 
0.500000 
0.500000 
1.000000 
1.000000 
0.000000 
0.000000 
1.118034 
1.118034 
0.500000 
0.500000 
0.000000 
0.000000 
0.500000 
0.500000 
0.707107 
0.707107 
1.000000 
1.000000 
0.000000 
0.000000 
3.535534 
3.535534 
0.000000 
0.000000 
0.000000 
0.000000 
1.118034 
1.118034 
0.500000 
0.500000 
0.000000 
0.000000 
0.000000 
0.000000 
2.061553 
2.061553 
1.118034 
1.118034 
0.500000 
0.500000 
0.500000 
0.500000 
0.000000 
0.000000 
1.118034 
1.118034 
1.118034 
1.118034 
1.118034 
1.118034 
0.500000 
0.500000 
0.000000 
0.000000 
0.500000 
0.500000 
0.707107 
0.707107 
1.118034 
1.118034 
0.500000 
0.500000 
0.500000 
0.500000 
1.500000 
1.500000 
1.581139 
1.581139 
0.707107 
0.707107 
1.118034 
1.118034 
0.500000 
0.500000 
0.000000 
0.000000 
0.500000 
0.500000 
1.118034 
1.118034 
1.118034 
1.118034 
0.000000 
0.000000 
1.118034 
1.118034 
0.000000 
0.000000 
1.000000 
1.000000 
0.500000 
0.500000 
0.000000 
0.000000 
1.118034 
1.118034 
0.500000 
0.500000 
0.000000 
0.000000 
0.000000 
0.000000 
1.000000 
1.000000 
1.118034 
1.118034 
0.500000 
0.500000 
1.118034 
1.118034 
0.500000 
0.500000 
1.118034 
1.118034 
0.500000 
0.500000 
0.500000 
0.500000 
1.118034 
1.118034 
0.500000 
0.500000 
0.000000 
0.000000 
0.500000 
0.500000 
0.707107 
0.707107 
1.118034 
1.118034 
0.500000 
0.500000 
1.118034 
1.118034 
0.500000 
0.500000 
2.549510 
2.549510 
0.500000 
0.500000 
0.500000 
0.500000 
1.118034 
1.118034 
0.500000 
0.500000 
0.000000 
0.000000 
0.000000 
0.000000 
1.000000 
1.000000 
1.118034 
1.118034 
0.500000 
0.500000 
0.000000 
0.000000 
0.500000 
0.500000 
1.500000 
1.500000 
0.000000 
0.000000 
1.118034 
1.118034 
1.118034 
1.118034 
0.500000 
0.500000 
0.000000 
0.000000 
0.000000 
0.000000 
0.000000 
0.000000 
1.118034 
1.118034 
0.500000 
0.500000 
1.000000 
1.000000 
0.500000 
0.500000 
1.581139 
1.581139 
0.000000 
0.000000 
2.061553 
2.061553 
1.118034 
1.118034 
0.500000 
0.500000 
0.000000 
0.000000 
0.500000 
0.500000 
0.000000 
0.000000 
1.118034 
1.118034 
0.000000 
0.000000 
0.500000 
0.500000 
0.500000 
0.500000 
1.118034 
1.118034 
0.000000 
0.000000 
0.000000 
0.000000 
1.118034 
1.118034 
0.500000 
0.500000 
0.000000 
0.000000 
0.000000 
0.000000 
0.000000 
0.000000 
1.118034 
1.118034 
0.500000 
0.500000 
2.500000 
2.500000 
0.000000 
0.000000 
0.500000 
0.500000 
1.118034 
1.118034 
0.000000 
0.000000 
1.000000 
1.000000 
1.118034 
1.118034 
0.500000 
0.500000 
0.000000 
0.000000 
2.061553 
2.061553 
0.000000 
0.000000 
1.118034 
1.118034 
0.500000 
0.500000 
0.000000 
0.000000 
2.121320 
2.121320 
0.500000 
0.500000 
1.118034 
1.118034 
0.500000 
0.500000 
0.500000 
0.500000 
1.118034 
1.118034 
0.500000 
0.500000 
0.000000 
0.000000 
0.500000 
0.500000 
0.000000 
0.000000 
1.118034 
1.118034 
0.707107 
0.707107 
2.000000 
2.000000 
0.000000 
0.000000 
2.121320 
2.121320 
0.500000 
0.500000 
1.118034 
1.118034 
0.500000 
0.500000 
0.500000 
0.500000 
1.118034 
1.118034 
0.500000 
0.500000 
0.500000 
0.500000 
1.000000 
1.000000 
1.118034 
1.118034 
1.118034 
1.118034 
0.500000 
0.500000 
1.500000 
1.500000 
2.121320 
2.121320 
0.500000 
0.500000 
1.118034 
1.118034 
0.500000 
0.500000 
0.500000 
0.500000 
1.118034 
1.118034 
0.500000 
0.500000 
1.000000 
1.000000 
0.000000 
0.000000 
1.118034 
1.118034 
0.707107 
0.707107 
0.500000 
0.500000 
1.581139 
1.581139 
2.121320 
2.121320 
0.500000 
0.500000 
1.118034 
1.118034 
1.000000 
1.000000 
0.500000 
0.500000 
1.118034 
1.118034 
0.000000 
0.000000 
1.118034 
1.118034 
1.118034 
1.118034 
2.000000 
2.000000 
1.000000 
1.000000 
0.000000 
0.000000 
1.581139 
1.581139 
2.121320 
2.121320 
0.500000 
0.500000 
1.118034 
1.118034 
1.000000 
1.000000 
1.000000 
1.000000 
0.500000 
0.500000 
1.000000 
1.000000 
1.118034 
1.118034 
1.000000 
1.000000 
0.500000 
0.500000 
2.000000 
2.000000 
1.581139 
1.581139 
2.121320 
2.121320 
0.500000 
0.500000 
1.118034 
1.118034 
1.000000 
1.000000 
0.500000 
0.500000 
1.414214 
1.414214 
1.000000 
1.000000 
1.000000 
1.000000 
1.000000 
1.000000 
0.000000 
0.000000 
2.000000 
2.000000 
1.581139 
1.581139 
2.121320 
2.121320 
0.500000 
0.500000 
1.118034 
1.118034 
1.000000 
1.000000 
0.500000 
0.500000 
0.707107 
0.707107 
2.061553 
2.061553 
0.500000 
0.500000 
1.000000 
1.000000 
0.000000 
0.000000 
2.828427 
2.828427 
2.000000 
2.000000 
1.581139 
1.581139 
2.121320 
2.121320 
0.500000 
0.500000 
1.118034 
1.118034 
1.000000 
1.000000 
0.500000 
0.500000 
1.802776 
1.802776 
0.000000 
0.000000 
1.414214 
1.414214 
1.500000 
1.500000 
0.000000 
0.000000 
0.000000 
0.000000 
1.118034 
1.118034 
2.828427 
2.828427 
2.000000 
2.000000 
1.581139 
1.581139 
2.121320 
2.121320 
0.500000 
0.500000 
1.118034 
1.118034 
1.000000 
1.000000 
0.500000 
0.500000 
2.061553 
2.061553 
1.118034 
1.118034 
1.000000 
1.000000 
2.000000 
2.000000 
1.500000 
1.500000 
2.000000 
2.000000 
1.118034 
1.118034 
2.828427 
2.828427 
2.000000 
2.000000 
1.581139 
1.581139 
2.121320 
2.121320 
0.500000 
0.500000 
1.118034 
1.118034 
1.000000 
1.000000 
0.500000 
0.500000 
3.807887 
3.807887 
3.000000 
3.000000 
2.692582 
2.692582 
1.000000 
1.000000 
0.000000 
0.000000 
1.000000 
1.000000 
2.000000 
2.000000 
1.118034 
1.118034 
2.828427 
2.828427 
2.000000 
2.000000 
1.581139 
1.581139 
2.121320 
2.121320 
1.118034 
1.118034 
1.000000 
1.000000 
0.500000 
0.500000 
1.000000 
1.000000 
1.000000 
1.000000 
0.000000 
0.000000 
1.000000 
1.000000 
0.000000 
0.000000 
2.000000 
2.000000 
1.000000 
1.000000 
2.000000 
2.000000 
1.118034 
1.118034 
2.828427 
2.828427 
2.000000 
2.000000 
1.581139 
1.581139 
2.121320 
2.121320 
1.118034 
1.118034 
1.000000 
1.000000 
0.500000 
0.500000 
1.581139 
1.581139 
1.118034 
1.118034 
2.500000 
2.500000 
2.061553 
2.061553 
0.000000 
0.000000 
0.000000 
0.000000 
2.000000 
2.000000 
2.061553 
2.061553 
2.000000 
2.000000 
1.118034 
1.118034 
2.828427 
2.828427 
2.000000 
2.000000 
1.581139 
1.581139 
2.121320 
2.121320 
1.118034 
1.118034 
1.000000 
1.000000 
0.500000 
0.500000 
1.581139 
1.581139 
1.000000 
1.000000 
1.118034 
1.118034 
1.500000 
1.500000 
0.000000 
0.000000 
1.500000 
1.500000 
0.707107 
0.707107 
2.000000 
2.000000 
0.707107 
0.707107 
2.000000 
2.000000 
1.118034 
1.118034 
2.828427 
2.828427 
2.000000 
2.000000 
1.581139 
1.581139 
2.121320 
2.121320 
1.000000 
1.000000 
0.500000 
0.500000 
1.581139 
1.581139 
1.118034 
1.118034 
1.000000 
1.000000 
1.500000 
1.500000 
0.000000 
0.000000 
1.500000 
1.500000 
1.500000 
1.500000 
0.500000 
0.500000 
2.000000 
2.000000 
1.118034 
1.118034 
2.000000 
2.000000 
1.118034 
1.118034 
2.828427 
2.828427 
2.000000 
2.000000 
1.581139 
1.581139 
2.121320 
2.121320 
1.000000 
1.000000 
0.500000 
0.500000 
1.581139 
1.581139 
2.549510 
2.549510 
1.118034 
1.118034 
1.500000 
1.500000 
0.000000 
0.000000 
1.581139 
1.581139 
1.118034 
1.118034 
1.500000 
1.500000 
1.000000 
1.000000 
2.000000 
2.000000 
1.000000 
1.000000 
2.000000 
2.000000 
1.118034 
1.118034 
2.828427 
2.828427 
2.000000 
2.000000 
1.581139 
1.581139 
1.000000 
1.000000 
0.500000 
0.500000 
1.581139 
1.581139 
0.500000 
0.500000 
1.118034 
1.118034 
1.500000 
1.500000 
0.000000 
0.000000 
1.500000 
1.500000 
1.581139 
1.581139 
1.118034 
1.118034 
1.500000 
1.500000 
1.000000 
1.000000 
2.000000 
2.000000 
0.707107 
0.707107 
2.000000 
2.000000 
1.118034 
1.118034 
2.828427 
2.828427 
2.000000 
2.000000 
1.581139 
1.581139 
1.000000 
1.000000 
0.500000 
0.500000 
1.581139 
1.581139 
0.500000 
0.500000 
0.500000 
0.500000 
1.118034 
1.118034 
0.000000 
0.000000 
2.000000 
2.000000 
1.500000 
1.500000 
1.581139 
1.581139 
1.118034 
1.118034 
1.500000 
1.500000 
1.000000 
1.000000 
2.000000 
2.000000 
0.000000 
0.000000 
2.000000 
2.000000 
1.118034 
1.118034 
2.828427 
2.828427 
2.000000 
2.000000 
1.581139 
1.581139 
1.000000 
1.000000 
0.500000 
0.500000 
1.581139 
1.581139 
0.000000 
0.000000 
0.707107 
0.707107 
3.500000 
3.500000 
0.000000 
0.000000 
1.118034 
1.118034 
2.000000 
2.000000 
2.549510 
2.549510 
1.581139 
1.581139 
1.118034 
1.118034 
1.500000 
1.500000 
1.000000 
1.000000 
2.000000 
2.000000 
0.500000 
0.500000 
2.000000 
2.000000 
1.118034 
1.118034 
2.828427 
2.828427 
2.000000 
2.000000 
1.000000 
1.000000 
0.500000 
0.500000 
1.581139 
1.581139 
0.000000 
0.000000 
0.707107 
0.707107 
1.000000 
1.000000 
1.500000 
1.500000 
1.118034 
1.118034 
2.000000 
2.000000 
1.581139 
1.581139 
1.581139 
1.581139 
1.118034 
1.118034 
1.500000 
1.500000 
1.000000 
1.000000 
2.000000 
2.000000 
0.500000 
0.500000 
2.000000 
2.000000 
1.118034 
1.118034 
2.828427 
2.828427 
2.000000 
2.000000 
0.500000 
0.500000 
1.581139 
1.581139 
0.500000 
0.500000 
0.000000 
0.000000 
1.000000 
1.000000 
0.000000 
0.000000 
1.500000 
1.500000 
0.707107 
0.707107 
2.000000 
2.000000 
2.000000 
2.000000 
1.581139 
1.581139 
1.118034 
1.118034 
1.500000 
1.500000 
1.000000 
1.000000 
2.000000 
2.000000 
0.500000 
0.500000 
2.000000 
2.000000 
1.118034 
1.118034 
2.828427 
2.828427 
0.500000 
0.500000 
1.581139 
1.581139 
0.500000 
0.500000 
2.000000 
2.000000 
1.000000 
1.000000 
1.500000 
1.500000 
1.500000 
1.500000 
0.707107 
0.707107 
2.000000 
2.000000 
3.000000 
3.000000 
1.581139 
1.581139 
1.118034 
1.118034 
1.500000 
1.500000 
1.000000 
1.000000 
2.000000 
2.000000 
0.500000 
0.500000 
2.000000 
2.000000 
1.118034 
1.118034 
2.828427 
2.828427 
1.581139 
1.581139 
0.000000 
0.000000 
1.000000 
1.000000 
1.500000 
1.500000 
0.000000 
0.000000 
0.000000 
0.000000 
1.500000 
1.500000 
1.500000 
1.500000 
3.162278 
3.162278 
2.000000 
2.000000 
1.581139 
1.581139 
1.581139 
1.581139 
1.118034 
1.118034 
1.500000 
1.500000 
1.000000 
1.000000 
2.000000 
2.000000 
0.500000 
0.500000 
2.000000 
2.000000 
1.118034 
1.118034 
1.581139 
1.581139 
0.500000 
0.500000 
0.000000 
0.000000 
2.236068 
2.236068 
0.500000 
0.500000 
1.500000 
1.500000 
1.500000 
1.500000 
1.500000 
1.500000 
3.162278 
3.162278 
2.000000 
2.000000 
1.581139 
1.581139 
1.581139 
1.581139 
1.118034 
1.118034 
1.500000 
1.500000 
1.000000 
1.000000 
2.000000 
2.000000 
0.500000 
0.500000 
2.000000 
2.000000 
1.581139 
1.581139 
0.000000 
0.000000 
0.500000 
0.500000 
2.061553 
2.061553 
