0.000000 
0.000000 
0.000000 
0.000000 
0.000000 
0.000000 
0.000000 
0.000000 
1.000000 
1.000000 
0.500000 
0.500000 
0.000000 
0.000000 
1.581139 
1.581139 
1.000000 
1.000000 
0.000000 
0.000000 
0.000000 
0.000000 
0.000000 
0.000000 
1.500000 
1.500000 
0.500000 
0.500000 
0.000000 
0.000000 
0.000000 
0.000000 
0.000000 
0.000000 
0.707107 
0.707107 
0.500000 
0.500000 
0.000000 
0.000000 
1.500000 
1.500000 
0.000000 
0.000000 
0.000000 
0.000000 
1.500000 
1.500000 
0.000000 
0.000000 
3.000000 
3.000000 
2.549510 
2.549510 
0.000000 
0.000000 
0.000000 
0.000000 
1.581139 
1.581139 
0.500000 
0.500000 
0.000000 
0.000000 
0.000000 
0.000000 
0.000000 
0.000000 
1.500000 
1.500000 
0.000000 
0.000000 
3.000000 
3.000000 
2.915476 
2.915476 
0.500000 
0.500000 
0.000000 
0.000000 
1.118034 
1.118034 
1.118034 
1.118034 
4.301163 
4.301163 
1.000000 
1.000000 
0.000000 
0.000000 
1.500000 
1.500000 
0.000000 
0.000000 
3.000000 
3.000000 
0.500000 
0.500000 
0.000000 
0.000000 
0.000000 
0.000000 
0.500000 
0.500000 
0.707107 
0.707107 
0.000000 
0.000000 
4.301163 
4.301163 
1.000000 
1.000000 
0.000000 
0.000000 
1.500000 
1.500000 
0.000000 
0.000000 
3.000000 
3.000000 
1.000000 
1.000000 
1.118034 
1.118034 
0.000000 
0.000000 
0.707107 
0.707107 
0.707107 
0.707107 
0.000000 
0.000000 
4.301163 
4.301163 
4.924429 
4.924429 
0.000000 
0.000000 
1.500000 
1.500000 
0.000000 
0.000000 
3.000000 
3.000000 
1.414214 
1.414214 
0.500000 
0.500000 
0.000000 
0.000000 
2.061553 
2.061553 
0.707107 
0.707107 
0.000000 
0.000000 
0.000000 
0.000000 
0.000000 
0.000000 
4.301163 
4.301163 
1.802776 
1.802776 
0.000000 
0.000000 
1.500000 
1.500000 
0.000000 
0.000000 
3.000000 
3.000000 
2.500000 
2.500000 
0.500000 
0.500000 
0.000000 
0.000000 
0.707107 
0.707107 
4.031129 
4.031129 
2.549510 
2.549510 
2.828427 
2.828427 
0.000000 
0.000000 
4.301163 
4.301163 
1.802776 
1.802776 
0.000000 
0.000000 
1.500000 
1.500000 
0.000000 
0.000000 
3.000000 
3.000000 
2.692582 
2.692582 
0.500000 
0.500000 
0.000000 
0.000000 
4.000000 
4.000000 
1.118034 
1.118034 
2.549510 
2.549510 
1.802776 
1.802776 
0.000000 
0.000000 
4.301163 
4.301163 
1.802776 
1.802776 
0.000000 
0.000000 
1.500000 
1.500000 
0.000000 
0.000000 
3.000000 
3.000000 
1.118034 
1.118034 
0.707107 
0.707107 
0.000000 
0.000000 
0.500000 
0.500000 
1.118034 
1.118034 
2.061553 
2.061553 
1.581139 
1.581139 
0.000000 
0.000000 
4.301163 
4.301163 
7.211103 
7.211103 
0.000000 
0.000000 
1.500000 
1.500000 
0.707107 
0.707107 
3.000000 
3.000000 
0.707107 
0.707107 
0.500000 
0.500000 
0.000000 
0.000000 
1.118034 
1.118034 
1.118034 
1.118034 
2.061553 
2.061553 
1.500000 
1.500000 
0.000000 
0.000000 
4.301163 
4.301163 
2.500000 
2.500000 
0.000000 
0.000000 
1.500000 
1.500000 
0.500000 
0.500000 
3.000000 
3.000000 
1.118034 
1.118034 
0.500000 
0.500000 
0.000000 
0.000000 
0.000000 
0.000000 
2.061553 
2.061553 
0.000000 
0.000000 
0.000000 
0.000000 
2.061553 
2.061553 
0.707107 
0.707107 
0.000000 
0.000000 
4.301163 
4.301163 
2.500000 
2.500000 
2.000000 
2.000000 
1.500000 
1.500000 
0.500000 
0.500000 
3.000000 
3.000000 
0.000000 
0.000000 
0.000000 
0.000000 
0.500000 
0.500000 
2.121320 
2.121320 
0.000000 
0.000000 
1.500000 
1.500000 
2.061553 
2.061553 
1.581139 
1.581139 
0.000000 
0.000000 
4.301163 
4.301163 
2.500000 
2.500000 
1.118034 
1.118034 
1.500000 
1.500000 
0.500000 
0.500000 
3.000000 
3.000000 
0.500000 
0.500000 
0.000000 
0.000000 
0.707107 
0.707107 
2.236068 
2.236068 
0.000000 
0.000000 
2.500000 
2.500000 
2.061553 
2.061553 
1.581139 
1.581139 
0.000000 
0.000000 
4.301163 
4.301163 
2.500000 
2.500000 
2.061553 
2.061553 
1.500000 
1.500000 
0.500000 
0.500000 
3.000000 
3.000000 
0.000000 
0.000000 
0.500000 
0.500000 
0.707107 
0.707107 
1.500000 
1.500000 
0.000000 
0.000000 
1.581139 
1.581139 
2.061553 
2.061553 
5.590170 
5.590170 
0.000000 
0.000000 
4.301163 
4.301163 
2.500000 
2.500000 
2.061553 
2.061553 
1.500000 
1.500000 
0.500000 
0.500000 
3.000000 
3.000000 
0.707107 
0.707107 
0.707107 
0.707107 
0.707107 
0.707107 
5.024938 
5.024938 
0.000000 
0.000000 
0.000000 
0.000000 
1.414214 
1.414214 
2.061553 
2.061553 
6.576473 
6.576473 
0.000000 
0.000000 
4.301163 
4.301163 
2.500000 
2.500000 
2.061553 
2.061553 
1.500000 
1.500000 
0.500000 
0.500000 
3.000000 
3.000000 
1.500000 
1.500000 
1.414214 
1.414214 
0.707107 
0.707107 
3.041381 
3.041381 
1.500000 
1.500000 
0.000000 
0.000000 
0.000000 
0.000000 
2.061553 
2.061553 
2.915476 
2.915476 
0.000000 
0.000000 
4.301163 
4.301163 
2.500000 
2.500000 
2.061553 
2.061553 
0.500000 
0.500000 
1.118034 
1.118034 
1.581139 
1.581139 
0.707107 
0.707107 
3.535534 
3.535534 
0.000000 
0.000000 
1.500000 
1.500000 
0.000000 
0.000000 
1.118034 
1.118034 
2.061553 
2.061553 
3.807887 
3.807887 
0.000000 
0.000000 
4.301163 
4.301163 
2.500000 
2.500000 
2.061553 
2.061553 
0.500000 
0.500000 
1.118034 
1.118034 
1.581139 
1.581139 
0.707107 
0.707107 
3.535534 
3.535534 
0.000000 
0.000000 
0.000000 
0.000000 
0.000000 
0.000000 
1.500000 
1.500000 
0.000000 
0.000000 
1.414214 
1.414214 
2.061553 
2.061553 
3.807887 
3.807887 
0.000000 
0.000000 
2.500000 
2.500000 
2.061553 
2.061553 
0.500000 
0.500000 
1.414214 
1.414214 
1.581139 
1.581139 
0.707107 
0.707107 
3.535534 
3.535534 
2.915476 
2.915476 
3.041381 
3.041381 
0.000000 
0.000000 
1.500000 
1.500000 
0.000000 
0.000000 
1.802776 
1.802776 
2.061553 
2.061553 
3.807887 
3.807887 
2.500000 
2.500000 
2.061553 
2.061553 
0.500000 
0.500000 
1.802776 
1.802776 
1.581139 
1.581139 
0.707107 
0.707107 
3.535534 
3.535534 
0.000000 
0.000000 
3.162278 
3.162278 
3.041381 
3.041381 
0.000000 
0.000000 
1.500000 
1.500000 
0.000000 
0.000000 
1.802776 
1.802776 
2.061553 
2.061553 
3.807887 
3.807887 
2.500000 
2.500000 
2.061553 
2.061553 
0.500000 
0.500000 
1.802776 
1.802776 
1.581139 
1.581139 
0.707107 
0.707107 
3.535534 
3.535534 
5.315073 
5.315073 
2.549510 
2.549510 
3.041381 
3.041381 
0.000000 
0.000000 
1.500000 
1.500000 
0.000000 
0.000000 
3.041381 
3.041381 
2.061553 
2.061553 
3.807887 
3.807887 
2.500000 
2.500000 
2.061553 
2.061553 
0.500000 
0.500000 
1.802776 
1.802776 
1.581139 
1.581139 
0.707107 
0.707107 
3.535534 
3.535534 
5.315073 
5.315073 
2.549510 
2.549510 
3.041381 
3.041381 
0.000000 
0.000000 
1.500000 
1.500000 
0.000000 
0.000000 
1.581139 
1.581139 
2.061553 
2.061553 
3.807887 
3.807887 
2.500000 
2.500000 
2.061553 
2.061553 
0.500000 
0.500000 
1.802776 
1.802776 
1.581139 
1.581139 
0.707107 
0.707107 
3.535534 
3.535534 
0.000000 
0.000000 
5.315073 
5.315073 
2.549510 
2.549510 
3.041381 
3.041381 
0.000000 
0.000000 
1.500000 
1.500000 
0.000000 
0.000000 
1.118034 
1.118034 
2.061553 
2.061553 
3.807887 
3.807887 
2.500000 
2.500000 
2.061553 
2.061553 
0.500000 
0.500000 
1.802776 
1.802776 
1.581139 
1.581139 
0.707107 
0.707107 
3.535534 
3.535534 
2.692582 
2.692582 
5.315073 
5.315073 
2.549510 
2.549510 
3.041381 
3.041381 
0.000000 
0.000000 
1.500000 
1.500000 
0.000000 
0.000000 
0.000000 
0.000000 
3.807887 
3.807887 
2.500000 
2.500000 
2.061553 
2.061553 
0.500000 
0.500000 
1.802776 
1.802776 
1.581139 
1.581139 
0.707107 
0.707107 
3.535534 
3.535534 
0.000000 
0.000000 
2.692582 
2.692582 
5.315073 
5.315073 
2.549510 
2.549510 
3.041381 
3.041381 
0.000000 
0.000000 
1.500000 
1.500000 
0.000000 
0.000000 
0.707107 
0.707107 
3.807887 
3.807887 
2.061553 
2.061553 
1.802776 
1.802776 
1.581139 
1.581139 
0.707107 
0.707107 
3.535534 
3.535534 
0.000000 
0.000000 
0.000000 
0.000000 
5.024938 
5.024938 
7.071068 
7.071068 
5.315073 
5.315073 
2.549510 
2.549510 
3.041381 
3.041381 
0.000000 
0.000000 
1.500000 
1.500000 
0.500000 
0.500000 
3.807887 
3.807887 
2.061553 
2.061553 
1.802776 
1.802776 
1.581139 
1.581139 
0.707107 
0.707107 
3.535534 
3.535534 
1.802776 
1.802776 
0.000000 
0.000000 
2.236068 
2.236068 
7.071068 
7.071068 
5.315073 
5.315073 
2.549510 
2.549510 
3.041381 
3.041381 
0.000000 
0.000000 
1.500000 
1.500000 
0.707107 
0.707107 
3.807887 
3.807887 
2.061553 
2.061553 
1.802776 
1.802776 
1.581139 
1.581139 
3.535534 
3.535534 
0.000000 
0.000000 
0.000000 
0.000000 
3.640055 
3.640055 
0.000000 
0.000000 
2.692582 
2.692582 
7.071068 
7.071068 
5.315073 
5.315073 
2.549510 
2.549510 
3.041381 
3.041381 
0.000000 
0.000000 
1.500000 
1.500000 
0.707107 
0.707107 
3.807887 
3.807887 
1.802776 
1.802776 
1.581139 
1.581139 
3.535534 
3.535534 
0.000000 
0.000000 
3.041381 
3.041381 
2.549510 
2.549510 
0.000000 
0.000000 
3.041381 
3.041381 
7.071068 
7.071068 
5.315073 
5.315073 
2.549510 
2.549510 
3.041381 
3.041381 
0.000000 
0.000000 
1.500000 
1.500000 
0.707107 
0.707107 
3.807887 
3.807887 
1.802776 
1.802776 
1.581139 
1.581139 
3.535534 
3.535534 
0.000000 
0.000000 
0.000000 
0.000000 
3.041381 
3.041381 
3.041381 
3.041381 
0.000000 
0.000000 
2.000000 
2.000000 
7.071068 
7.071068 
5.315073 
5.315073 
2.549510 
2.549510 
3.041381 
3.041381 
0.000000 
0.000000 
1.500000 
1.500000 
0.500000 
0.500000 
3.807887 
3.807887 
1.802776 
1.802776 
1.581139 
1.581139 
3.535534 
3.535534 
0.000000 
0.000000 
6.324555 
6.324555 
0.000000 
0.000000 
3.041381 
3.041381 
2.500000 
2.500000 
0.000000 
0.000000 
2.000000 
2.000000 
7.071068 
7.071068 
5.315073 
5.315073 
2.549510 
2.549510 
3.041381 
3.041381 
0.000000 
0.000000 
0.500000 
0.500000 
3.807887 
3.807887 
1.802776 
1.802776 
0.000000 
0.000000 
0.000000 
0.000000 
2.692582 
2.692582 
1.414214 
1.414214 
0.000000 
0.000000 
3.041381 
3.041381 
2.500000 
2.500000 
0.000000 
0.000000 
2.000000 
2.000000 
7.071068 
7.071068 
5.315073 
5.315073 
2.549510 
2.549510 
3.041381 
3.041381 
0.500000 
0.500000 
1.802776 
1.802776 
0.000000 
0.000000 
0.000000 
0.000000 
2.061553 
2.061553 
1.581139 
1.581139 
2.236068 
2.236068 
1.118034 
1.118034 
0.000000 
0.000000 
3.041381 
3.041381 
2.500000 
2.500000 
0.000000 
0.000000 
2.000000 
2.000000 
7.071068 
7.071068 
5.315073 
5.315073 
2.549510 
2.549510 
3.041381 
3.041381 
0.500000 
0.500000 
1.802776 
1.802776 
0.707107 
0.707107 
2.915476 
2.915476 
2.061553 
2.061553 
1.000000 
1.000000 
3.162278 
3.162278 
1.581139 
1.581139 
0.000000 
0.000000 
3.041381 
3.041381 
2.500000 
2.500000 
0.000000 
0.000000 
2.000000 
2.000000 
7.071068 
7.071068 
5.315073 
5.315073 
2.549510 
2.549510 
0.500000 
0.500000 
