0.000000 
0.000000 
0.000000 
0.000000 
0.000000 
0.000000 
0.000000 
0.000000 
3.201562 
3.201562 
1.118034 
1.118034 
5.500000 
5.500000 
0.707107 
0.707107 
3.201562 
3.201562 
1.118034 
1.118034 
1.581139 
1.581139 
0.500000 
0.500000 
3.201562 
3.201562 
7.500000 
7.500000 
1.500000 
1.500000 
2.236068 
2.236068 
3.201562 
3.201562 
1.118034 
1.118034 
0.000000 
0.000000 
1.802776 
1.802776 
3.201562 
3.201562 
1.414214 
1.414214 
1.414214 
1.414214 
6.576473 
6.576473 
3.201562 
3.201562 
8.514693 
8.514693 
1.802776 
1.802776 
6.576473 
6.576473 
3.201562 
3.201562 
4.123106 
4.123106 
5.522681 
5.522681 
6.576473 
6.576473 
0.000000 
0.000000 
3.201562 
3.201562 
0.707107 
0.707107 
1.118034 
1.118034 
6.576473 
6.576473 
0.000000 
0.000000 
4.301163 
4.301163 
3.201562 
3.201562 
1.581139 
1.581139 
1.118034 
1.118034 
6.576473 
6.576473 
0.000000 
0.000000 
1.414214 
1.414214 
4.301163 
4.301163 
3.201562 
3.201562 
1.500000 
1.500000 
1.118034 
1.118034 
6.576473 
6.576473 
0.000000 
0.000000 
3.535534 
3.535534 
1.414214 
1.414214 
4.301163 
4.301163 
3.201562 
3.201562 
2.061553 
2.061553 
1.118034 
1.118034 
6.576473 
6.576473 
0.000000 
0.000000 
0.000000 
0.000000 
0.000000 
0.000000 
3.535534 
3.535534 
1.414214 
1.414214 
4.301163 
4.301163 
3.201562 
3.201562 
2.692582 
2.692582 
1.118034 
1.118034 
6.576473 
6.576473 
4.272002 
4.272002 
1.500000 
1.500000 
0.000000 
0.000000 
3.535534 
3.535534 
1.414214 
1.414214 
4.301163 
4.301163 
3.201562 
3.201562 
6.500000 
6.500000 
1.118034 
1.118034 
6.576473 
6.576473 
0.000000 
0.000000 
0.000000 
0.000000 
4.272002 
4.272002 
1.500000 
1.500000 
0.000000 
0.000000 
3.535534 
3.535534 
1.414214 
1.414214 
4.301163 
4.301163 
3.201562 
3.201562 
2.692582 
2.692582 
1.118034 
1.118034 
6.576473 
6.576473 
0.000000 
0.000000 
0.000000 
0.000000 
3.807887 
3.807887 
4.272002 
4.272002 
1.500000 
1.500000 
0.000000 
0.000000 
3.535534 
3.535534 
1.414214 
1.414214 
4.301163 
4.301163 
3.201562 
3.201562 
3.041381 
3.041381 
1.118034 
1.118034 
6.576473 
6.576473 
2.000000 
2.000000 
0.000000 
0.000000 
4.031129 
4.031129 
4.272002 
4.272002 
1.500000 
1.500000 
0.000000 
0.000000 
3.535534 
3.535534 
1.414214 
1.414214 
4.301163 
4.301163 
3.000000 
3.000000 
1.118034 
1.118034 
6.576473 
6.576473 
0.000000 
0.000000 
2.000000 
2.000000 
0.000000 
0.000000 
4.031129 
4.031129 
4.272002 
4.272002 
1.500000 
1.500000 
0.000000 
0.000000 
3.535534 
3.535534 
1.414214 
1.414214 
4.301163 
4.301163 
5.522681 
5.522681 
1.118034 
1.118034 
6.576473 
6.576473 
0.000000 
0.000000 
4.031129 
4.031129 
2.000000 
2.000000 
0.000000 
0.000000 
4.031129 
4.031129 
4.272002 
4.272002 
1.500000 
1.500000 
0.000000 
0.000000 
3.535534 
3.535534 
1.414214 
1.414214 
4.301163 
4.301163 
2.061553 
2.061553 
1.118034 
1.118034 
6.576473 
6.576473 
0.000000 
0.000000 
3.041381 
3.041381 
4.031129 
4.031129 
2.000000 
2.000000 
0.000000 
0.000000 
4.031129 
4.031129 
4.272002 
4.272002 
1.500000 
1.500000 
0.000000 
0.000000 
3.535534 
3.535534 
1.414214 
1.414214 
4.301163 
4.301163 
2.549510 
2.549510 
1.118034 
1.118034 
6.576473 
6.576473 
3.000000 
3.000000 
3.354102 
3.354102 
4.031129 
4.031129 
2.000000 
2.000000 
0.000000 
0.000000 
4.031129 
4.031129 
4.272002 
4.272002 
1.500000 
1.500000 
0.000000 
0.000000 
3.535534 
3.535534 
1.414214 
1.414214 
4.301163 
4.301163 
3.041381 
3.041381 
1.118034 
1.118034 
0.000000 
0.000000 
3.807887 
3.807887 
3.041381 
3.041381 
4.031129 
4.031129 
2.000000 
2.000000 
0.000000 
0.000000 
4.031129 
4.031129 
4.272002 
4.272002 
1.500000 
1.500000 
0.000000 
0.000000 
3.535534 
3.535534 
1.414214 
1.414214 
4.301163 
4.301163 
2.061553 
2.061553 
1.118034 
1.118034 
0.000000 
0.000000 
0.000000 
0.000000 
0.000000 
0.000000 
2.236068 
2.236068 
3.041381 
3.041381 
4.031129 
4.031129 
2.000000 
2.000000 
0.000000 
0.000000 
4.031129 
4.031129 
4.272002 
4.272002 
1.500000 
1.500000 
0.000000 
0.000000 
3.535534 
3.535534 
1.414214 
1.414214 
4.301163 
4.301163 
0.707107 
0.707107 
1.118034 
1.118034 
1.500000 
1.500000 
1.000000 
1.000000 
0.000000 
0.000000 
4.472136 
4.472136 
3.041381 
3.041381 
4.031129 
4.031129 
2.000000 
2.000000 
0.000000 
0.000000 
4.031129 
4.031129 
4.272002 
4.272002 
1.500000 
1.500000 
0.000000 
0.000000 
3.535534 
3.535534 
1.414214 
1.414214 
4.301163 
4.301163 
0.500000 
0.500000 
3.000000 
3.000000 
0.707107 
0.707107 
0.000000 
0.000000 
1.581139 
1.581139 
3.041381 
3.041381 
4.031129 
4.031129 
2.000000 
2.000000 
0.000000 
0.000000 
4.031129 
4.031129 
4.272002 
4.272002 
1.500000 
1.500000 
0.000000 
0.000000 
3.535534 
3.535534 
1.414214 
1.414214 
0.500000 
0.500000 
0.000000 
0.000000 
2.000000 
2.000000 
2.500000 
2.500000 
0.000000 
0.000000 
1.802776 
1.802776 
3.041381 
3.041381 
4.031129 
4.031129 
2.000000 
2.000000 
0.000000 
0.000000 
4.031129 
4.031129 
4.272002 
4.272002 
1.500000 
1.500000 
0.000000 
0.000000 
3.535534 
3.535534 
1.118034 
1.118034 
0.000000 
0.000000 
1.581139 
1.581139 
2.000000 
2.000000 
1.000000 
1.000000 
0.000000 
0.000000 
1.802776 
1.802776 
3.041381 
3.041381 
4.031129 
4.031129 
2.000000 
2.000000 
0.000000 
0.000000 
4.031129 
4.031129 
4.272002 
4.272002 
1.500000 
1.500000 
1.118034 
1.118034 
1.118034 
1.118034 
1.118034 
1.118034 
2.000000 
2.000000 
0.500000 
0.500000 
0.000000 
0.000000 
2.549510 
2.549510 
3.041381 
3.041381 
4.031129 
4.031129 
2.000000 
2.000000 
0.000000 
0.000000 
4.031129 
4.031129 
4.272002 
4.272002 
1.500000 
1.500000 
2.500000 
2.500000 
0.000000 
0.000000 
4.609772 
4.609772 
1.118034 
1.118034 
2.000000 
2.000000 
5.099020 
5.099020 
0.000000 
0.000000 
1.500000 
1.500000 
3.041381 
3.041381 
4.031129 
4.031129 
2.000000 
2.000000 
0.000000 
0.000000 
4.031129 
4.031129 
2.915476 
2.915476 
2.000000 
2.000000 
1.802776 
1.802776 
1.118034 
1.118034 
2.000000 
2.000000 
1.000000 
1.000000 
0.000000 
0.000000 
1.581139 
1.581139 
3.041381 
3.041381 
4.031129 
4.031129 
2.000000 
2.000000 
4.031129 
4.031129 
6.264982 
6.264982 
0.000000 
0.000000 
2.000000 
2.000000 
1.000000 
1.000000 
1.118034 
1.118034 
2.000000 
2.000000 
1.000000 
1.000000 
0.000000 
0.000000 
1.500000 
1.500000 
3.041381 
3.041381 
4.031129 
4.031129 
2.000000 
2.000000 
4.031129 
4.031129 
2.915476 
2.915476 
0.000000 
0.000000 
1.118034 
1.118034 
2.000000 
2.000000 
1.118034 
1.118034 
1.118034 
1.118034 
2.000000 
2.000000 
1.000000 
1.000000 
0.000000 
0.000000 
1.000000 
1.000000 
3.041381 
3.041381 
4.031129 
4.031129 
6.946222 
6.946222 
0.000000 
0.000000 
1.581139 
1.581139 
1.118034 
1.118034 
2.000000 
2.000000 
0.500000 
0.500000 
1.118034 
1.118034 
2.000000 
2.000000 
2.500000 
2.500000 
0.000000 
0.000000 
2.061553 
2.061553 
3.041381 
3.041381 
4.031129 
4.031129 
3.354102 
3.354102 
0.000000 
0.000000 
0.000000 
0.000000 
1.118034 
1.118034 
1.118034 
1.118034 
2.000000 
2.000000 
0.707107 
0.707107 
1.118034 
1.118034 
2.000000 
2.000000 
2.000000 
2.000000 
0.000000 
0.000000 
1.802776 
1.802776 
3.041381 
3.041381 
8.381527 
8.381527 
1.500000 
1.500000 
0.000000 
0.000000 
1.118034 
1.118034 
1.118034 
1.118034 
2.000000 
2.000000 
0.500000 
0.500000 
1.118034 
1.118034 
2.000000 
2.000000 
1.802776 
1.802776 
0.000000 
0.000000 
4.609772 
4.609772 
3.041381 
3.041381 
3.535534 
3.535534 
0.000000 
0.000000 
0.000000 
0.000000 
1.500000 
1.500000 
0.000000 
0.000000 
1.118034 
1.118034 
1.118034 
1.118034 
2.000000 
2.000000 
0.000000 
0.000000 
1.118034 
1.118034 
2.000000 
2.000000 
1.802776 
1.802776 
0.000000 
0.000000 
0.707107 
0.707107 
3.041381 
3.041381 
6.184658 
6.184658 
1.581139 
1.581139 
2.000000 
2.000000 
1.500000 
1.500000 
0.000000 
0.000000 
1.118034 
1.118034 
1.118034 
1.118034 
2.000000 
2.000000 
0.000000 
0.000000 
1.118034 
1.118034 
2.000000 
2.000000 
1.802776 
1.802776 
2.061553 
2.061553 
3.201562 
3.201562 
0.000000 
0.000000 
1.581139 
1.581139 
3.500000 
3.500000 
1.500000 
1.500000 
0.000000 
0.000000 
1.118034 
1.118034 
1.118034 
1.118034 
2.000000 
2.000000 
0.707107 
0.707107 
1.118034 
1.118034 
2.000000 
2.000000 
1.802776 
1.802776 
1.581139 
1.581139 
7.826238 
7.826238 
0.000000 
0.000000 
0.000000 
0.000000 
1.581139 
1.581139 
2.692582 
2.692582 
1.500000 
1.500000 
0.000000 
0.000000 
1.118034 
1.118034 
1.118034 
1.118034 
2.000000 
2.000000 
0.500000 
0.500000 
1.118034 
1.118034 
2.000000 
2.000000 
1.802776 
1.802776 
3.535534 
3.535534 
7.071068 
7.071068 
