0.000000 
0.000000 
0.000000 
0.000000 
0.000000 
0.000000 
0.000000 
0.000000 
0.000000 
0.000000 
1.414214 
1.414214 
1.118034 
1.118034 
2.549510 
2.549510 
1.581139 
1.581139 
0.707107 
0.707107 
0.000000 
0.000000 
1.000000 
1.000000 
1.414214 
1.414214 
3.000000 
3.000000 
2.000000 
2.000000 
1.118034 
1.118034 
0.500000 
0.500000 
3.041381 
3.041381 
0.707107 
0.707107 
1.581139 
1.581139 
1.500000 
1.500000 
0.500000 
0.500000 
0.000000 
0.000000 
0.707107 
0.707107 
1.581139 
1.581139 
0.500000 
0.500000 
5.000000 
5.000000 
1.500000 
1.500000 
1.118034 
1.118034 
0.000000 
0.000000 
0.000000 
0.000000 
0.500000 
0.500000 
1.000000 
1.000000 
1.118034 
1.118034 
3.354102 
3.354102 
1.000000 
1.000000 
1.000000 
1.000000 
0.000000 
0.000000 
1.581139 
1.581139 
0.000000 
0.000000 
1.118034 
1.118034 
0.500000 
0.500000 
1.118034 
1.118034 
3.041381 
3.041381 
1.500000 
1.500000 
0.500000 
0.500000 
0.000000 
0.000000 
0.000000 
0.000000 
0.500000 
0.500000 
1.118034 
1.118034 
0.000000 
0.000000 
1.118034 
1.118034 
1.118034 
1.118034 
0.500000 
0.500000 
3.041381 
3.041381 
4.500000 
4.500000 
1.414214 
1.414214 
0.500000 
0.500000 
3.535534 
3.535534 
0.500000 
0.500000 
1.118034 
1.118034 
0.000000 
0.000000 
1.118034 
1.118034 
1.500000 
1.500000 
0.000000 
0.000000 
3.041381 
3.041381 
2.000000 
2.000000 
1.118034 
1.118034 
0.707107 
0.707107 
4.031129 
4.031129 
0.500000 
0.500000 
0.500000 
0.500000 
0.000000 
0.000000 
1.118034 
1.118034 
0.500000 
0.500000 
0.500000 
0.500000 
3.041381 
3.041381 
2.500000 
2.500000 
1.581139 
1.581139 
0.000000 
0.000000 
0.500000 
0.500000 
4.031129 
4.031129 
0.500000 
0.500000 
0.500000 
0.500000 
0.000000 
0.000000 
1.118034 
1.118034 
0.500000 
0.500000 
0.000000 
0.000000 
3.041381 
3.041381 
2.500000 
2.500000 
1.000000 
1.000000 
4.123106 
4.123106 
1.118034 
1.118034 
4.031129 
4.031129 
0.500000 
0.500000 
4.527693 
4.527693 
0.000000 
0.000000 
1.118034 
1.118034 
0.500000 
0.500000 
0.500000 
0.500000 
3.041381 
3.041381 
1.802776 
1.802776 
2.236068 
2.236068 
0.000000 
0.000000 
3.041381 
3.041381 
1.118034 
1.118034 
4.031129 
4.031129 
0.500000 
0.500000 
1.000000 
1.000000 
0.000000 
0.000000 
1.118034 
1.118034 
1.000000 
1.000000 
0.500000 
0.500000 
3.041381 
3.041381 
4.527693 
4.527693 
1.581139 
1.581139 
0.000000 
0.000000 
0.707107 
0.707107 
3.041381 
3.041381 
1.118034 
1.118034 
4.031129 
4.031129 
0.500000 
0.500000 
1.000000 
1.000000 
0.000000 
0.000000 
1.118034 
1.118034 
1.802776 
1.802776 
0.500000 
0.500000 
3.041381 
3.041381 
0.707107 
0.707107 
4.000000 
4.000000 
0.000000 
0.000000 
0.000000 
0.000000 
0.500000 
0.500000 
3.041381 
3.041381 
1.118034 
1.118034 
4.031129 
4.031129 
0.500000 
0.500000 
2.236068 
2.236068 
0.000000 
0.000000 
1.118034 
1.118034 
1.000000 
1.000000 
0.500000 
0.500000 
3.041381 
3.041381 
1.118034 
1.118034 
0.500000 
0.500000 
0.500000 
0.500000 
0.000000 
0.000000 
0.500000 
0.500000 
3.041381 
3.041381 
1.118034 
1.118034 
4.031129 
4.031129 
0.500000 
0.500000 
1.000000 
1.000000 
0.000000 
0.000000 
1.118034 
1.118034 
1.000000 
1.000000 
0.707107 
0.707107 
3.041381 
3.041381 
1.118034 
1.118034 
0.500000 
0.500000 
1.000000 
1.000000 
0.000000 
0.000000 
0.500000 
0.500000 
3.041381 
3.041381 
1.118034 
1.118034 
4.031129 
4.031129 
0.500000 
0.500000 
2.236068 
2.236068 
0.000000 
0.000000 
1.118034 
1.118034 
0.500000 
0.500000 
0.500000 
0.500000 
3.041381 
3.041381 
0.707107 
0.707107 
0.500000 
0.500000 
1.000000 
1.000000 
0.000000 
0.000000 
0.500000 
0.500000 
3.041381 
3.041381 
1.118034 
1.118034 
4.031129 
4.031129 
0.500000 
0.500000 
2.000000 
2.000000 
0.000000 
0.000000 
1.118034 
1.118034 
0.000000 
0.000000 
1.118034 
1.118034 
3.041381 
3.041381 
1.581139 
1.581139 
1.000000 
1.000000 
0.707107 
0.707107 
0.000000 
0.000000 
1.118034 
1.118034 
3.041381 
3.041381 
1.118034 
1.118034 
4.031129 
4.031129 
0.500000 
0.500000 
2.915476 
2.915476 
0.000000 
0.000000 
1.118034 
1.118034 
0.707107 
0.707107 
4.609772 
4.609772 
3.041381 
3.041381 
1.414214 
1.414214 
0.000000 
0.000000 
1.000000 
1.000000 
0.000000 
0.000000 
0.707107 
0.707107 
3.041381 
3.041381 
1.118034 
1.118034 
4.031129 
4.031129 
0.500000 
0.500000 
1.581139 
1.581139 
1.118034 
1.118034 
0.000000 
0.000000 
0.500000 
0.500000 
3.041381 
3.041381 
3.640055 
3.640055 
0.707107 
0.707107 
4.500000 
4.500000 
0.000000 
0.000000 
0.500000 
0.500000 
3.041381 
3.041381 
1.118034 
1.118034 
4.031129 
4.031129 
0.500000 
0.500000 
1.581139 
1.581139 
1.118034 
1.118034 
1.000000 
1.000000 
0.000000 
0.000000 
3.041381 
3.041381 
1.118034 
1.118034 
0.500000 
0.500000 
0.000000 
0.000000 
0.000000 
0.000000 
0.000000 
0.000000 
1.500000 
1.500000 
3.041381 
3.041381 
1.118034 
1.118034 
4.031129 
4.031129 
0.500000 
0.500000 
1.581139 
1.581139 
1.000000 
1.000000 
0.500000 
0.500000 
1.500000 
1.500000 
0.000000 
0.000000 
0.500000 
0.500000 
0.000000 
0.000000 
0.000000 
0.000000 
0.707107 
0.707107 
3.041381 
3.041381 
1.118034 
1.118034 
4.031129 
4.031129 
0.500000 
0.500000 
1.581139 
1.581139 
1.000000 
1.000000 
4.031129 
4.031129 
3.041381 
3.041381 
1.000000 
1.000000 
1.118034 
1.118034 
0.500000 
0.500000 
0.000000 
0.000000 
1.000000 
1.000000 
3.041381 
3.041381 
1.118034 
1.118034 
4.031129 
4.031129 
1.581139 
1.581139 
1.000000 
1.000000 
0.500000 
0.500000 
0.500000 
0.500000 
0.707107 
0.707107 
1.581139 
1.581139 
1.118034 
1.118034 
0.000000 
0.000000 
0.500000 
0.500000 
3.041381 
3.041381 
1.118034 
1.118034 
1.581139 
1.581139 
1.000000 
1.000000 
1.118034 
1.118034 
1.000000 
1.000000 
1.118034 
1.118034 
0.000000 
0.000000 
1.414214 
1.414214 
1.500000 
1.500000 
0.000000 
0.000000 
0.500000 
0.500000 
3.041381 
3.041381 
1.118034 
1.118034 
1.581139 
1.581139 
1.000000 
1.000000 
1.000000 
1.000000 
0.707107 
0.707107 
1.581139 
1.581139 
2.061553 
2.061553 
2.121320 
2.121320 
0.500000 
0.500000 
0.000000 
0.000000 
0.500000 
0.500000 
3.041381 
3.041381 
1.581139 
1.581139 
1.000000 
1.000000 
0.500000 
0.500000 
0.500000 
0.500000 
1.581139 
1.581139 
2.061553 
2.061553 
2.000000 
2.000000 
1.118034 
1.118034 
0.000000 
0.000000 
0.500000 
0.500000 
1.581139 
1.581139 
2.915476 
2.915476 
1.000000 
1.000000 
1.118034 
1.118034 
1.500000 
1.500000 
2.061553 
2.061553 
5.522681 
5.522681 
0.500000 
0.500000 
0.500000 
0.500000 
1.581139 
1.581139 
1.581139 
1.581139 
1.581139 
1.581139 
0.500000 
0.500000 
2.915476 
2.915476 
2.061553 
2.061553 
0.707107 
0.707107 
3.535534 
3.535534 
0.500000 
0.500000 
1.581139 
1.581139 
3.605551 
3.605551 
1.581139 
1.581139 
1.118034 
1.118034 
3.500000 
3.500000 
2.061553 
2.061553 
1.414214 
1.414214 
1.118034 
1.118034 
0.500000 
0.500000 
1.581139 
1.581139 
0.500000 
0.500000 
4.123106 
4.123106 
0.707107 
0.707107 
2.549510 
2.549510 
2.061553 
2.061553 
0.500000 
0.500000 
0.707107 
0.707107 
0.500000 
0.500000 
1.581139 
1.581139 
1.500000 
1.500000 
1.000000 
1.000000 
1.802776 
1.802776 
0.500000 
0.500000 
2.061553 
2.061553 
0.000000 
0.000000 
1.802776 
1.802776 
0.500000 
0.500000 
1.581139 
1.581139 
0.500000 
0.500000 
1.118034 
1.118034 
1.118034 
1.118034 
1.000000 
1.000000 
0.000000 
0.000000 
2.061553 
2.061553 
0.000000 
0.000000 
0.500000 
0.500000 
0.500000 
0.500000 
1.581139 
1.581139 
0.000000 
0.000000 
1.118034 
1.118034 
1.118034 
1.118034 
3.041381 
3.041381 
0.707107 
0.707107 
2.061553 
2.061553 
1.118034 
1.118034 
1.414214 
1.414214 
0.500000 
0.500000 
0.500000 
0.500000 
1.118034 
1.118034 
1.118034 
1.118034 
0.500000 
0.500000 
1.118034 
1.118034 
2.061553 
2.061553 
0.707107 
0.707107 
0.500000 
0.500000 
0.500000 
0.500000 
0.000000 
0.000000 
1.118034 
1.118034 
3.000000 
3.000000 
0.000000 
0.000000 
0.000000 
0.000000 
2.061553 
2.061553 
0.707107 
0.707107 
0.000000 
0.000000 
0.500000 
0.500000 
0.500000 
0.500000 
1.118034 
1.118034 
1.118034 
1.118034 
0.500000 
0.500000 
1.118034 
1.118034 
2.061553 
2.061553 
0.707107 
0.707107 
0.500000 
0.500000 
0.500000 
0.500000 
0.000000 
0.000000 
1.118034 
1.118034 
1.500000 
1.500000 
0.500000 
0.500000 
0.707107 
0.707107 
2.061553 
2.061553 
0.707107 
0.707107 
0.500000 
0.500000 
0.500000 
0.500000 
0.000000 
0.000000 
1.118034 
1.118034 
1.000000 
1.000000 
0.707107 
0.707107 
