0.000000 
0.000000 
9.013878 
9.013878 
12.619429 
12.619429 
8.732125 
8.732125 
10.012492 
10.012492 
3.640055 
3.640055 
11.543396 
11.543396 
3.905125 
3.905125 
2.121320 
2.121320 
7.566373 
7.566373 
5.590170 
5.590170 
2.121320 
2.121320 
3.201562 
3.201562 
12.589678 
12.589678 
5.099020 
5.099020 
5.590170 
5.590170 
3.535534 
3.535534 
10.307764 
10.307764 
0.500000 
0.500000 
9.617692 
9.617692 
3.162278 
3.162278 
5.099020 
5.099020 
5.099020 
5.099020 
5.099020 
5.099020 
5.099020 
5.099020 
5.099020 
5.099020 
5.099020 
5.099020 
5.099020 
5.099020 
5.099020 
5.099020 
0.000000 
0.000000 
5.099020 
5.099020 
0.000000 
0.000000 
0.000000 
0.000000 
0.707107 
0.707107 
5.099020 
5.099020 
0.000000 
0.000000 
2.549510 
2.549510 
0.707107 
0.707107 
5.099020 
5.099020 
0.000000 
0.000000 
0.000000 
0.000000 
5.385165 
5.385165 
0.707107 
0.707107 
5.099020 
5.099020 
2.500000 
2.500000 
0.000000 
0.000000 
3.000000 
3.000000 
0.707107 
0.707107 
5.099020 
5.099020 
0.000000 
0.000000 
11.180340 
11.180340 
0.000000 
0.000000 
3.535534 
3.535534 
0.707107 
0.707107 
5.099020 
5.099020 
1.802776 
1.802776 
11.180340 
11.180340 
0.000000 
0.000000 
7.158911 
7.158911 
0.707107 
0.707107 
5.099020 
5.099020 
1.802776 
1.802776 
11.180340 
11.180340 
0.000000 
0.000000 
3.500000 
3.500000 
0.707107 
0.707107 
1.802776 
1.802776 
11.180340 
11.180340 
0.000000 
0.000000 
3.500000 
3.500000 
0.707107 
0.707107 
1.802776 
1.802776 
11.180340 
11.180340 
0.000000 
0.000000 
3.500000 
3.500000 
0.707107 
0.707107 
