0.000000 
0.000000 
0.000000 
0.000000 
0.000000 
0.000000 
0.000000 
0.000000 
0.000000 
0.000000 
2.000000 
2.000000 
0.000000 
0.000000 
1.118034 
1.118034 
4.716991 
4.716991 
0.000000 
0.000000 
0.000000 
0.000000 
2.549510 
2.549510 
2.000000 
2.000000 
0.000000 
0.000000 
0.707107 
0.707107 
0.707107 
0.707107 
2.000000 
2.000000 
2.061553 
2.061553 
3.807887 
3.807887 
2.000000 
2.000000 
0.000000 
0.000000 
1.118034 
1.118034 
1.414214 
1.414214 
0.000000 
0.000000 
0.000000 
0.000000 
0.000000 
0.000000 
0.000000 
0.000000 
0.000000 
0.000000 
2.000000 
2.000000 
2.061553 
2.061553 
1.581139 
1.581139 
2.000000 
2.000000 
0.000000 
0.000000 
1.118034 
1.118034 
2.061553 
2.061553 
1.000000 
1.000000 
1.000000 
1.000000 
1.118034 
1.118034 
0.500000 
0.500000 
2.000000 
2.000000 
2.000000 
2.000000 
2.061553 
2.061553 
1.000000 
1.000000 
2.000000 
2.000000 
0.000000 
0.000000 
1.118034 
1.118034 
0.707107 
0.707107 
0.000000 
0.000000 
0.000000 
0.000000 
1.118034 
1.118034 
0.500000 
0.500000 
1.118034 
1.118034 
1.118034 
1.118034 
1.118034 
1.118034 
2.000000 
2.000000 
2.061553 
2.061553 
1.000000 
1.000000 
2.000000 
2.000000 
0.000000 
0.000000 
1.118034 
1.118034 
1.581139 
1.581139 
0.000000 
0.000000 
1.000000 
1.000000 
0.500000 
0.500000 
1.118034 
1.118034 
1.414214 
1.414214 
1.118034 
1.118034 
0.000000 
0.000000 
1.581139 
1.581139 
2.000000 
2.000000 
2.061553 
2.061553 
1.000000 
1.000000 
2.000000 
2.000000 
0.000000 
0.000000 
1.118034 
1.118034 
1.414214 
1.414214 
0.000000 
0.000000 
0.500000 
0.500000 
1.000000 
1.000000 
1.118034 
1.118034 
1.118034 
1.118034 
1.118034 
1.118034 
0.500000 
0.500000 
2.500000 
2.500000 
2.000000 
2.000000 
2.061553 
2.061553 
1.000000 
1.000000 
2.000000 
2.000000 
0.000000 
0.000000 
1.118034 
1.118034 
1.414214 
1.414214 
0.707107 
0.707107 
1.000000 
1.000000 
2.500000 
2.500000 
1.118034 
1.118034 
0.500000 
0.500000 
1.118034 
1.118034 
0.707107 
0.707107 
0.707107 
0.707107 
2.000000 
2.000000 
2.061553 
2.061553 
1.000000 
1.000000 
2.000000 
2.000000 
0.000000 
0.000000 
1.118034 
1.118034 
1.414214 
1.414214 
0.000000 
0.000000 
1.000000 
1.000000 
1.000000 
1.000000 
1.118034 
1.118034 
1.118034 
1.118034 
0.500000 
0.500000 
1.118034 
1.118034 
2.236068 
2.236068 
1.000000 
1.000000 
2.000000 
2.000000 
2.061553 
2.061553 
1.000000 
1.000000 
2.000000 
2.000000 
0.000000 
0.000000 
1.118034 
1.118034 
1.414214 
1.414214 
0.707107 
0.707107 
0.500000 
0.500000 
0.500000 
0.500000 
1.581139 
1.581139 
1.118034 
1.118034 
0.500000 
0.500000 
1.118034 
1.118034 
2.061553 
2.061553 
1.000000 
1.000000 
2.000000 
2.000000 
2.061553 
2.061553 
1.000000 
1.000000 
2.000000 
2.000000 
0.000000 
0.000000 
1.118034 
1.118034 
1.414214 
1.414214 
0.000000 
0.000000 
0.707107 
0.707107 
1.118034 
1.118034 
0.500000 
0.500000 
2.000000 
2.000000 
1.118034 
1.118034 
0.500000 
0.500000 
1.118034 
1.118034 
0.500000 
0.500000 
1.118034 
1.118034 
2.000000 
2.000000 
2.061553 
2.061553 
1.000000 
1.000000 
2.000000 
2.000000 
0.000000 
0.000000 
1.118034 
1.118034 
1.414214 
1.414214 
1.000000 
1.000000 
1.000000 
1.000000 
0.500000 
0.500000 
0.500000 
0.500000 
1.581139 
1.581139 
1.118034 
1.118034 
0.500000 
0.500000 
1.118034 
1.118034 
0.707107 
0.707107 
0.500000 
0.500000 
2.000000 
2.000000 
2.061553 
2.061553 
1.000000 
1.000000 
2.000000 
2.000000 
0.000000 
0.000000 
1.118034 
1.118034 
1.414214 
1.414214 
2.061553 
2.061553 
1.000000 
1.000000 
1.118034 
1.118034 
0.500000 
0.500000 
2.121320 
2.121320 
1.118034 
1.118034 
0.500000 
0.500000 
1.118034 
1.118034 
0.707107 
0.707107 
0.500000 
0.500000 
2.000000 
2.000000 
2.061553 
2.061553 
1.000000 
1.000000 
2.000000 
2.000000 
0.000000 
0.000000 
1.118034 
1.118034 
1.414214 
1.414214 
0.000000 
0.000000 
3.000000 
3.000000 
1.000000 
1.000000 
3.535534 
3.535534 
0.500000 
0.500000 
1.414214 
1.414214 
1.118034 
1.118034 
0.500000 
0.500000 
1.118034 
1.118034 
0.500000 
0.500000 
0.500000 
0.500000 
2.000000 
2.000000 
2.061553 
2.061553 
1.000000 
1.000000 
2.000000 
2.000000 
1.118034 
1.118034 
1.414214 
1.414214 
0.000000 
0.000000 
0.000000 
0.000000 
0.000000 
0.000000 
2.000000 
2.000000 
1.000000 
1.000000 
0.707107 
0.707107 
0.500000 
0.500000 
1.414214 
1.414214 
1.118034 
1.118034 
0.500000 
0.500000 
1.118034 
1.118034 
0.500000 
0.500000 
0.707107 
0.707107 
2.000000 
2.000000 
2.061553 
2.061553 
1.000000 
1.000000 
1.118034 
1.118034 
1.414214 
1.414214 
1.500000 
1.500000 
1.581139 
1.581139 
0.000000 
0.000000 
1.500000 
1.500000 
1.000000 
1.000000 
0.500000 
0.500000 
0.500000 
0.500000 
1.414214 
1.414214 
1.118034 
1.118034 
0.500000 
0.500000 
1.118034 
1.118034 
0.500000 
0.500000 
0.707107 
0.707107 
2.000000 
2.000000 
2.061553 
2.061553 
1.000000 
1.000000 
1.118034 
1.118034 
1.414214 
1.414214 
0.000000 
0.000000 
1.581139 
1.581139 
2.500000 
2.500000 
0.000000 
0.000000 
1.500000 
1.500000 
1.000000 
1.000000 
0.000000 
0.000000 
0.500000 
0.500000 
1.414214 
1.414214 
1.118034 
1.118034 
0.500000 
0.500000 
1.118034 
1.118034 
4.500000 
4.500000 
0.500000 
0.500000 
1.000000 
1.000000 
1.414214 
1.414214 
1.500000 
1.500000 
1.581139 
1.581139 
1.000000 
1.000000 
0.000000 
0.000000 
1.500000 
1.500000 
1.000000 
1.000000 
0.707107 
0.707107 
0.500000 
0.500000 
1.414214 
1.414214 
1.118034 
1.118034 
0.500000 
0.500000 
1.118034 
1.118034 
0.500000 
0.500000 
0.000000 
0.000000 
1.000000 
1.000000 
1.414214 
1.414214 
0.000000 
0.000000 
1.500000 
1.500000 
1.581139 
1.581139 
2.000000 
2.000000 
0.000000 
0.000000 
1.500000 
1.500000 
1.000000 
1.000000 
1.500000 
1.500000 
0.500000 
0.500000 
1.414214 
1.414214 
1.118034 
1.118034 
0.500000 
0.500000 
1.118034 
1.118034 
0.500000 
0.500000 
0.500000 
0.500000 
1.414214 
1.414214 
0.000000 
0.000000 
0.000000 
0.000000 
1.500000 
1.500000 
1.581139 
1.581139 
2.000000 
2.000000 
0.000000 
0.000000 
1.500000 
1.500000 
1.000000 
1.000000 
5.500000 
5.500000 
0.500000 
0.500000 
1.414214 
1.414214 
0.500000 
0.500000 
0.707107 
0.707107 
0.500000 
0.500000 
1.414214 
1.414214 
0.000000 
0.000000 
0.000000 
0.000000 
2.061553 
2.061553 
0.000000 
0.000000 
1.500000 
1.500000 
1.581139 
1.581139 
2.000000 
2.000000 
0.000000 
0.000000 
1.500000 
1.500000 
1.000000 
1.000000 
1.118034 
1.118034 
0.500000 
0.500000 
1.414214 
1.414214 
0.500000 
0.500000 
0.707107 
0.707107 
1.500000 
1.500000 
0.000000 
0.000000 
2.549510 
2.549510 
2.692582 
2.692582 
0.000000 
0.000000 
1.500000 
1.500000 
1.581139 
1.581139 
2.000000 
2.000000 
0.000000 
0.000000 
1.500000 
1.500000 
1.000000 
1.000000 
1.118034 
1.118034 
0.500000 
0.500000 
1.414214 
1.414214 
0.500000 
0.500000 
0.707107 
0.707107 
0.500000 
0.500000 
0.000000 
0.000000 
0.707107 
0.707107 
2.692582 
2.692582 
0.500000 
0.500000 
0.000000 
0.000000 
1.500000 
1.500000 
1.581139 
1.581139 
2.000000 
2.000000 
0.000000 
0.000000 
1.500000 
1.500000 
1.000000 
1.000000 
1.118034 
1.118034 
0.500000 
0.500000 
1.414214 
1.414214 
0.707107 
0.707107 
0.500000 
0.500000 
0.000000 
0.000000 
0.000000 
0.000000 
1.581139 
1.581139 
0.707107 
0.707107 
2.692582 
2.692582 
0.000000 
0.000000 
0.000000 
0.000000 
4.609772 
4.609772 
1.581139 
1.581139 
2.000000 
2.000000 
0.000000 
0.000000 
1.500000 
1.500000 
1.000000 
1.000000 
1.118034 
1.118034 
0.500000 
0.500000 
1.414214 
1.414214 
0.707107 
0.707107 
0.500000 
0.500000 
0.000000 
0.000000 
0.000000 
0.000000 
3.041381 
3.041381 
1.000000 
1.000000 
0.707107 
0.707107 
2.692582 
2.692582 
0.000000 
0.000000 
0.000000 
0.000000 
4.609772 
4.609772 
1.581139 
1.581139 
2.000000 
2.000000 
0.000000 
0.000000 
1.500000 
1.500000 
1.000000 
1.000000 
1.118034 
1.118034 
1.414214 
1.414214 
0.707107 
0.707107 
1.118034 
1.118034 
0.707107 
0.707107 
0.000000 
0.000000 
3.162278 
3.162278 
0.500000 
0.500000 
0.707107 
0.707107 
2.692582 
2.692582 
0.000000 
0.000000 
0.000000 
0.000000 
4.609772 
4.609772 
1.581139 
1.581139 
2.000000 
2.000000 
0.000000 
0.000000 
1.500000 
1.500000 
1.000000 
1.000000 
1.118034 
1.118034 
1.414214 
1.414214 
0.707107 
0.707107 
0.707107 
0.707107 
0.000000 
0.000000 
0.000000 
0.000000 
1.500000 
1.500000 
0.000000 
0.000000 
3.162278 
3.162278 
3.500000 
3.500000 
0.707107 
0.707107 
2.692582 
2.692582 
0.000000 
0.000000 
0.000000 
0.000000 
4.609772 
4.609772 
1.581139 
1.581139 
2.000000 
2.000000 
0.000000 
0.000000 
1.500000 
1.500000 
1.118034 
1.118034 
1.414214 
1.414214 
0.707107 
0.707107 
0.707107 
0.707107 
0.000000 
0.000000 
0.707107 
0.707107 
2.915476 
2.915476 
0.500000 
0.500000 
0.000000 
0.000000 
3.162278 
3.162278 
1.118034 
1.118034 
0.500000 
0.500000 
2.692582 
2.692582 
0.000000 
0.000000 
0.000000 
0.000000 
4.609772 
4.609772 
1.581139 
1.581139 
2.000000 
2.000000 
0.000000 
0.000000 
1.500000 
1.500000 
1.118034 
1.118034 
1.414214 
1.414214 
0.707107 
0.707107 
0.500000 
0.500000 
0.000000 
0.000000 
1.414214 
1.414214 
0.707107 
0.707107 
3.807887 
3.807887 
0.500000 
0.500000 
0.000000 
0.000000 
3.162278 
3.162278 
1.500000 
1.500000 
1.118034 
1.118034 
2.692582 
2.692582 
0.000000 
0.000000 
0.000000 
0.000000 
4.609772 
4.609772 
1.581139 
1.581139 
2.000000 
2.000000 
1.500000 
1.500000 
1.118034 
1.118034 
0.707107 
0.707107 
0.000000 
0.000000 
0.707107 
0.707107 
4.527693 
4.527693 
0.707107 
0.707107 
2.549510 
2.549510 
0.500000 
0.500000 
0.000000 
0.000000 
3.162278 
3.162278 
1.500000 
1.500000 
0.000000 
0.000000 
2.692582 
2.692582 
0.000000 
0.000000 
0.000000 
0.000000 
4.609772 
4.609772 
1.581139 
1.581139 
2.000000 
2.000000 
1.500000 
1.500000 
1.118034 
1.118034 
0.707107 
0.707107 
0.500000 
0.500000 
0.000000 
0.000000 
1.118034 
1.118034 
0.500000 
0.500000 
0.707107 
0.707107 
2.549510 
2.549510 
0.500000 
0.500000 
0.000000 
0.000000 
3.162278 
3.162278 
1.500000 
1.500000 
0.707107 
0.707107 
2.692582 
2.692582 
0.000000 
0.000000 
0.000000 
0.000000 
4.609772 
4.609772 
1.581139 
1.581139 
2.000000 
2.000000 
1.118034 
1.118034 
0.707107 
0.707107 
0.000000 
0.000000 
3.640055 
3.640055 
1.000000 
1.000000 
0.500000 
0.500000 
0.707107 
0.707107 
2.549510 
2.549510 
0.500000 
0.500000 
0.000000 
0.000000 
3.162278 
3.162278 
1.500000 
1.500000 
0.000000 
0.000000 
2.692582 
2.692582 
0.000000 
0.000000 
0.000000 
0.000000 
4.609772 
4.609772 
2.000000 
2.000000 
1.118034 
1.118034 
0.707107 
0.707107 
0.500000 
0.500000 
0.000000 
0.000000 
3.905125 
3.905125 
1.000000 
1.000000 
1.118034 
1.118034 
0.707107 
0.707107 
2.549510 
2.549510 
0.500000 
0.500000 
0.000000 
0.000000 
3.162278 
3.162278 
1.500000 
1.500000 
0.500000 
0.500000 
2.692582 
2.692582 
0.000000 
0.000000 
0.000000 
0.000000 
4.609772 
4.609772 
2.000000 
2.000000 
1.118034 
1.118034 
0.707107 
0.707107 
3.201562 
3.201562 
0.000000 
0.000000 
1.500000 
1.500000 
7.017834 
7.017834 
1.000000 
1.000000 
0.500000 
0.500000 
0.707107 
0.707107 
2.549510 
2.549510 
0.500000 
0.500000 
1.000000 
1.000000 
3.162278 
3.162278 
1.500000 
1.500000 
0.500000 
0.500000 
2.692582 
2.692582 
0.000000 
0.000000 
4.609772 
4.609772 
1.118034 
1.118034 
0.707107 
0.707107 
0.000000 
0.000000 
1.500000 
1.500000 
1.581139 
1.581139 
3.162278 
3.162278 
1.000000 
1.000000 
0.707107 
0.707107 
0.707107 
0.707107 
2.549510 
2.549510 
0.500000 
0.500000 
1.000000 
1.000000 
3.162278 
3.162278 
1.500000 
1.500000 
0.500000 
0.500000 
2.692582 
2.692582 
0.000000 
0.000000 
4.609772 
4.609772 
1.118034 
1.118034 
0.707107 
0.707107 
0.000000 
0.000000 
0.000000 
0.000000 
1.500000 
1.500000 
1.581139 
1.581139 
3.807887 
3.807887 
1.000000 
1.000000 
0.000000 
0.000000 
0.707107 
0.707107 
2.549510 
2.549510 
0.500000 
0.500000 
1.000000 
1.000000 
3.162278 
3.162278 
1.500000 
1.500000 
0.707107 
0.707107 
2.692582 
2.692582 
0.000000 
0.000000 
4.609772 
4.609772 
1.118034 
1.118034 
1.000000 
1.000000 
0.000000 
0.000000 
0.000000 
0.000000 
0.000000 
0.000000 
0.000000 
0.000000 
2.061553 
2.061553 
1.500000 
1.500000 
1.581139 
1.581139 
3.807887 
3.807887 
1.000000 
1.000000 
0.000000 
0.000000 
0.707107 
0.707107 
2.549510 
2.549510 
0.500000 
0.500000 
1.000000 
1.000000 
3.162278 
3.162278 
1.500000 
1.500000 
0.500000 
0.500000 
2.692582 
2.692582 
0.000000 
0.000000 
4.609772 
4.609772 
1.000000 
1.000000 
