0.000000 
0.000000 
0.000000 
0.000000 
0.000000 
0.000000 
0.000000 
0.000000 
0.000000 
0.000000 
1.118034 
1.118034 
0.000000 
0.000000 
0.000000 
0.000000 
1.500000 
1.500000 
0.000000 
0.000000 
0.000000 
0.000000 
1.000000 
1.000000 
0.000000 
0.000000 
0.000000 
0.000000 
1.581139 
1.581139 
0.000000 
0.000000 
0.000000 
0.000000 
2.692582 
2.692582 
0.000000 
0.000000 
0.000000 
0.000000 
0.000000 
0.000000 
1.581139 
1.581139 
1.802776 
1.802776 
0.000000 
0.000000 
0.000000 
0.000000 
1.118034 
1.118034 
1.802776 
1.802776 
0.000000 
0.000000 
0.000000 
0.000000 
0.000000 
0.000000 
0.000000 
0.000000 
6.324555 
6.324555 
0.000000 
0.000000 
0.000000 
0.000000 
3.000000 
3.000000 
0.000000 
0.000000 
1.118034 
1.118034 
0.500000 
0.500000 
0.000000 
0.000000 
0.000000 
0.000000 
1.581139 
1.581139 
0.000000 
0.000000 
1.500000 
1.500000 
1.118034 
1.118034 
0.707107 
0.707107 
0.000000 
0.000000 
0.000000 
0.000000 
2.061553 
2.061553 
1.000000 
1.000000 
1.802776 
1.802776 
7.648529 
7.648529 
4.031129 
4.031129 
0.000000 
0.000000 
0.000000 
0.000000 
2.549510 
2.549510 
1.118034 
1.118034 
2.915476 
2.915476 
0.707107 
0.707107 
1.118034 
1.118034 
0.000000 
0.000000 
0.000000 
0.000000 
2.061553 
2.061553 
1.118034 
1.118034 
2.915476 
2.915476 
1.581139 
1.581139 
0.500000 
0.500000 
0.000000 
0.000000 
0.000000 
0.000000 
6.020797 
6.020797 
0.000000 
0.000000 
1.118034 
1.118034 
2.549510 
2.549510 
2.061553 
2.061553 
0.707107 
0.707107 
2.061553 
2.061553 
1.118034 
1.118034 
1.118034 
1.118034 
1.581139 
1.581139 
1.500000 
1.500000 
1.414214 
1.414214 
4.123106 
4.123106 
0.707107 
0.707107 
5.590170 
5.590170 
1.581139 
1.581139 
8.062258 
8.062258 
2.000000 
2.000000 
2.915476 
2.915476 
0.707107 
0.707107 
0.707107 
0.707107 
1.581139 
1.581139 
2.500000 
2.500000 
9.124144 
9.124144 
7.500000 
7.500000 
0.707107 
0.707107 
4.743416 
4.743416 
1.581139 
1.581139 
2.549510 
2.549510 
1.581139 
1.581139 
3.535534 
3.535534 
0.707107 
0.707107 
2.121320 
2.121320 
1.581139 
1.581139 
2.549510 
2.549510 
3.000000 
3.000000 
3.000000 
3.000000 
0.000000 
0.000000 
0.707107 
0.707107 
1.414214 
1.414214 
1.581139 
1.581139 
7.071068 
7.071068 
3.000000 
3.000000 
7.017834 
7.017834 
2.000000 
2.000000 
0.707107 
0.707107 
9.486833 
9.486833 
1.581139 
1.581139 
2.061553 
2.061553 
3.000000 
3.000000 
3.041381 
3.041381 
0.000000 
0.000000 
1.581139 
1.581139 
0.707107 
0.707107 
8.139410 
8.139410 
1.581139 
1.581139 
2.061553 
2.061553 
3.000000 
3.000000 
2.061553 
2.061553 
1.118034 
1.118034 
1.581139 
1.581139 
0.707107 
0.707107 
2.236068 
2.236068 
1.581139 
1.581139 
2.061553 
2.061553 
3.000000 
3.000000 
1.500000 
1.500000 
0.000000 
0.000000 
0.000000 
0.000000 
1.118034 
1.118034 
1.581139 
1.581139 
0.707107 
0.707107 
5.000000 
5.000000 
1.581139 
1.581139 
2.061553 
2.061553 
3.000000 
3.000000 
0.707107 
0.707107 
2.692582 
2.692582 
1.802776 
1.802776 
1.118034 
1.118034 
1.581139 
1.581139 
0.707107 
0.707107 
7.648529 
7.648529 
1.581139 
1.581139 
2.061553 
2.061553 
3.000000 
3.000000 
1.118034 
1.118034 
1.581139 
1.581139 
1.500000 
1.500000 
0.500000 
0.500000 
1.581139 
1.581139 
0.707107 
0.707107 
2.500000 
2.500000 
1.581139 
1.581139 
2.061553 
2.061553 
3.000000 
3.000000 
2.236068 
2.236068 
1.581139 
1.581139 
4.609772 
4.609772 
1.581139 
1.581139 
1.581139 
1.581139 
0.707107 
0.707107 
3.605551 
3.605551 
1.581139 
1.581139 
2.061553 
2.061553 
3.000000 
3.000000 
1.000000 
1.000000 
0.000000 
0.000000 
0.000000 
0.000000 
1.581139 
1.581139 
2.236068 
2.236068 
1.118034 
1.118034 
1.581139 
1.581139 
0.707107 
0.707107 
3.605551 
3.605551 
1.581139 
1.581139 
2.061553 
2.061553 
3.000000 
3.000000 
2.061553 
2.061553 
0.000000 
0.000000 
0.000000 
0.000000 
1.802776 
1.802776 
1.581139 
1.581139 
1.414214 
1.414214 
4.272002 
4.272002 
1.581139 
1.581139 
0.707107 
0.707107 
3.605551 
3.605551 
1.581139 
1.581139 
2.061553 
2.061553 
3.000000 
3.000000 
2.061553 
2.061553 
0.000000 
0.000000 
2.915476 
2.915476 
0.000000 
0.000000 
1.802776 
1.802776 
1.581139 
1.581139 
1.802776 
1.802776 
1.802776 
1.802776 
1.581139 
1.581139 
0.707107 
0.707107 
3.605551 
3.605551 
2.061553 
2.061553 
3.000000 
3.000000 
2.061553 
2.061553 
0.000000 
0.000000 
0.000000 
0.000000 
7.382412 
7.382412 
0.000000 
0.000000 
1.802776 
1.802776 
1.581139 
1.581139 
1.581139 
1.581139 
1.802776 
1.802776 
1.581139 
1.581139 
3.605551 
3.605551 
2.061553 
2.061553 
3.000000 
3.000000 
2.061553 
2.061553 
0.000000 
0.000000 
0.000000 
0.000000 
0.000000 
0.000000 
0.000000 
0.000000 
1.118034 
1.118034 
0.000000 
0.000000 
7.382412 
7.382412 
0.000000 
0.000000 
1.802776 
1.802776 
1.581139 
1.581139 
1.581139 
1.581139 
1.802776 
1.802776 
1.581139 
1.581139 
3.605551 
3.605551 
2.061553 
2.061553 
3.000000 
3.000000 
2.061553 
2.061553 
0.000000 
0.000000 
0.707107 
0.707107 
0.500000 
0.500000 
1.581139 
1.581139 
3.807887 
3.807887 
5.000000 
5.000000 
0.000000 
0.000000 
7.382412 
7.382412 
0.000000 
0.000000 
1.802776 
1.802776 
1.581139 
1.581139 
1.581139 
1.581139 
1.802776 
1.802776 
1.581139 
1.581139 
3.605551 
3.605551 
2.061553 
2.061553 
3.000000 
3.000000 
2.061553 
2.061553 
2.692582 
2.692582 
0.707107 
0.707107 
0.500000 
0.500000 
1.581139 
1.581139 
5.408327 
5.408327 
5.000000 
5.000000 
0.000000 
0.000000 
7.382412 
7.382412 
0.000000 
0.000000 
1.802776 
1.802776 
1.581139 
1.581139 
1.581139 
1.581139 
1.802776 
1.802776 
1.581139 
1.581139 
3.605551 
3.605551 
2.061553 
2.061553 
2.061553 
2.061553 
0.000000 
0.000000 
3.640055 
3.640055 
0.707107 
0.707107 
0.500000 
0.500000 
1.581139 
1.581139 
2.500000 
2.500000 
5.000000 
5.000000 
0.000000 
0.000000 
7.382412 
7.382412 
0.000000 
0.000000 
1.802776 
1.802776 
1.581139 
1.581139 
1.581139 
1.581139 
1.802776 
1.802776 
1.581139 
1.581139 
3.605551 
3.605551 
2.061553 
2.061553 
2.061553 
2.061553 
0.000000 
0.000000 
0.707107 
0.707107 
2.000000 
2.000000 
0.707107 
0.707107 
0.500000 
0.500000 
1.581139 
1.581139 
2.121320 
2.121320 
5.000000 
5.000000 
0.000000 
0.000000 
7.382412 
7.382412 
0.000000 
0.000000 
1.802776 
1.802776 
1.581139 
1.581139 
1.581139 
1.581139 
1.802776 
1.802776 
1.581139 
1.581139 
3.605551 
3.605551 
2.061553 
2.061553 
0.000000 
0.000000 
0.000000 
0.000000 
0.707107 
0.707107 
0.500000 
0.500000 
0.000000 
0.000000 
0.707107 
0.707107 
0.500000 
0.500000 
1.581139 
1.581139 
3.162278 
3.162278 
5.000000 
5.000000 
0.000000 
0.000000 
7.382412 
7.382412 
0.000000 
0.000000 
1.802776 
1.802776 
1.581139 
1.581139 
1.581139 
1.581139 
1.802776 
1.802776 
3.605551 
3.605551 
2.061553 
2.061553 
