0.000000 
0.000000 
0.000000 
0.000000 
0.000000 
0.000000 
0.000000 
0.000000 
0.000000 
0.000000 
0.000000 
0.000000 
0.000000 
0.000000 
0.707107 
0.707107 
6.500000 
6.500000 
2.236068 
2.236068 
1.000000 
1.000000 
4.500000 
4.500000 
1.500000 
1.500000 
0.000000 
0.000000 
1.500000 
1.500000 
0.500000 
0.500000 
2.549510 
2.549510 
2.236068 
2.236068 
0.500000 
0.500000 
4.500000 
4.500000 
0.500000 
0.500000 
0.000000 
0.000000 
1.802776 
1.802776 
0.707107 
0.707107 
2.549510 
2.549510 
2.549510 
2.549510 
0.500000 
0.500000 
4.500000 
4.500000 
0.500000 
0.500000 
0.000000 
0.000000 
0.000000 
0.000000 
0.000000 
0.000000 
1.802776 
1.802776 
0.000000 
0.000000 
3.041381 
3.041381 
6.020797 
6.020797 
0.500000 
0.500000 
4.500000 
4.500000 
0.500000 
0.500000 
0.000000 
0.000000 
0.000000 
0.000000 
0.000000 
0.000000 
0.000000 
0.000000 
0.000000 
0.000000 
1.802776 
1.802776 
4.527693 
4.527693 
5.024938 
5.024938 
1.581139 
1.581139 
0.000000 
0.000000 
5.590170 
5.590170 
1.581139 
1.581139 
1.414214 
1.414214 
0.000000 
0.000000 
0.000000 
0.000000 
0.000000 
0.000000 
0.000000 
0.000000 
1.802776 
1.802776 
4.527693 
4.527693 
1.581139 
1.581139 
1.118034 
1.118034 
0.500000 
0.500000 
5.590170 
5.590170 
1.581139 
1.581139 
0.000000 
0.000000 
1.000000 
1.000000 
0.500000 
0.500000 
0.000000 
0.000000 
0.000000 
0.000000 
0.000000 
0.000000 
1.802776 
1.802776 
4.527693 
4.527693 
0.500000 
0.500000 
1.118034 
1.118034 
2.000000 
2.000000 
5.590170 
5.590170 
1.000000 
1.000000 
0.000000 
0.000000 
1.500000 
1.500000 
3.640055 
3.640055 
0.500000 
0.500000 
0.000000 
0.000000 
0.000000 
0.000000 
0.000000 
0.000000 
1.802776 
1.802776 
4.527693 
4.527693 
0.707107 
0.707107 
1.581139 
1.581139 
7.566373 
7.566373 
5.590170 
5.590170 
1.000000 
1.000000 
0.000000 
0.000000 
0.000000 
0.000000 
3.535534 
3.535534 
1.500000 
1.500000 
3.640055 
3.640055 
0.500000 
0.500000 
0.000000 
0.000000 
0.000000 
0.000000 
0.000000 
0.000000 
1.802776 
1.802776 
4.527693 
4.527693 
1.118034 
1.118034 
1.581139 
1.581139 
2.000000 
2.000000 
5.590170 
5.590170 
1.000000 
1.000000 
0.000000 
0.000000 
3.041381 
3.041381 
1.000000 
1.000000 
1.500000 
1.500000 
3.640055 
3.640055 
0.500000 
0.500000 
1.581139 
1.581139 
0.000000 
0.000000 
0.000000 
0.000000 
1.802776 
1.802776 
4.527693 
4.527693 
4.500000 
4.500000 
1.581139 
1.581139 
2.000000 
2.000000 
5.590170 
5.590170 
1.000000 
1.000000 
0.000000 
0.000000 
0.000000 
0.000000 
3.535534 
3.535534 
1.000000 
1.000000 
1.500000 
1.500000 
3.640055 
3.640055 
0.500000 
0.500000 
1.581139 
1.581139 
0.000000 
0.000000 
0.000000 
0.000000 
1.802776 
1.802776 
4.527693 
4.527693 
2.061553 
2.061553 
1.581139 
1.581139 
2.000000 
2.000000 
5.590170 
5.590170 
1.000000 
1.000000 
0.000000 
0.000000 
0.000000 
0.000000 
3.535534 
3.535534 
1.000000 
1.000000 
1.500000 
1.500000 
3.640055 
3.640055 
0.500000 
0.500000 
1.581139 
1.581139 
0.000000 
0.000000 
0.000000 
0.000000 
1.802776 
1.802776 
4.527693 
4.527693 
2.061553 
2.061553 
1.581139 
1.581139 
2.000000 
2.000000 
5.590170 
5.590170 
1.000000 
1.000000 
0.000000 
0.000000 
0.000000 
0.000000 
0.000000 
0.000000 
3.535534 
3.535534 
1.000000 
1.000000 
1.500000 
1.500000 
3.640055 
3.640055 
0.500000 
0.500000 
1.581139 
1.581139 
0.000000 
0.000000 
0.000000 
0.000000 
1.802776 
1.802776 
4.527693 
4.527693 
2.061553 
2.061553 
1.581139 
1.581139 
2.000000 
2.000000 
5.590170 
5.590170 
1.000000 
1.000000 
1.118034 
1.118034 
0.000000 
0.000000 
0.000000 
0.000000 
3.535534 
3.535534 
1.000000 
1.000000 
1.500000 
1.500000 
3.640055 
3.640055 
0.500000 
0.500000 
1.581139 
1.581139 
0.000000 
0.000000 
0.000000 
0.000000 
1.802776 
1.802776 
4.527693 
4.527693 
2.061553 
2.061553 
1.581139 
1.581139 
2.000000 
2.000000 
5.590170 
5.590170 
1.000000 
1.000000 
0.000000 
0.000000 
0.000000 
0.000000 
1.118034 
1.118034 
0.000000 
0.000000 
0.000000 
0.000000 
3.535534 
3.535534 
1.000000 
1.000000 
1.500000 
1.500000 
3.640055 
3.640055 
0.500000 
0.500000 
1.581139 
1.581139 
0.000000 
0.000000 
0.000000 
0.000000 
1.802776 
1.802776 
4.527693 
4.527693 
2.061553 
2.061553 
1.581139 
1.581139 
2.000000 
2.000000 
5.590170 
5.590170 
1.000000 
1.000000 
0.500000 
0.500000 
0.000000 
0.000000 
1.118034 
1.118034 
0.000000 
0.000000 
0.000000 
0.000000 
3.535534 
3.535534 
1.000000 
1.000000 
1.500000 
1.500000 
3.640055 
3.640055 
0.500000 
0.500000 
1.581139 
1.581139 
0.000000 
0.000000 
0.000000 
0.000000 
1.802776 
1.802776 
4.527693 
4.527693 
2.061553 
2.061553 
1.581139 
1.581139 
2.000000 
2.000000 
5.590170 
5.590170 
1.000000 
1.000000 
0.500000 
0.500000 
0.000000 
0.000000 
1.118034 
1.118034 
0.000000 
0.000000 
0.000000 
0.000000 
3.535534 
3.535534 
1.000000 
1.000000 
1.500000 
1.500000 
3.640055 
3.640055 
0.500000 
0.500000 
1.581139 
1.581139 
0.000000 
0.000000 
1.802776 
1.802776 
4.527693 
4.527693 
2.061553 
2.061553 
1.581139 
1.581139 
2.000000 
2.000000 
5.590170 
5.590170 
1.000000 
1.000000 
0.500000 
0.500000 
0.000000 
0.000000 
1.118034 
1.118034 
0.000000 
0.000000 
0.000000 
0.000000 
3.535534 
3.535534 
1.000000 
1.000000 
1.500000 
1.500000 
3.640055 
3.640055 
0.500000 
0.500000 
1.581139 
1.581139 
0.000000 
0.000000 
4.527693 
4.527693 
2.061553 
2.061553 
1.581139 
1.581139 
2.000000 
2.000000 
5.590170 
5.590170 
1.000000 
1.000000 
0.000000 
0.000000 
0.000000 
0.000000 
0.000000 
0.000000 
0.500000 
0.500000 
0.000000 
0.000000 
1.118034 
1.118034 
0.000000 
0.000000 
0.000000 
0.000000 
3.535534 
3.535534 
1.000000 
1.000000 
1.500000 
1.500000 
3.640055 
3.640055 
0.500000 
0.500000 
1.581139 
1.581139 
4.527693 
4.527693 
2.061553 
2.061553 
1.581139 
1.581139 
2.000000 
2.000000 
5.590170 
5.590170 
1.000000 
1.000000 
0.000000 
0.000000 
4.123106 
4.123106 
0.000000 
0.000000 
3.000000 
3.000000 
0.500000 
0.500000 
0.000000 
0.000000 
1.118034 
1.118034 
0.000000 
0.000000 
0.000000 
0.000000 
3.535534 
3.535534 
1.000000 
1.000000 
1.500000 
1.500000 
3.640055 
3.640055 
0.500000 
0.500000 
1.581139 
1.581139 
2.061553 
2.061553 
1.581139 
1.581139 
2.000000 
2.000000 
1.000000 
1.000000 
0.000000 
0.000000 
0.000000 
0.000000 
2.000000 
2.000000 
4.123106 
4.123106 
0.000000 
0.000000 
3.000000 
3.000000 
0.500000 
0.500000 
0.000000 
0.000000 
1.118034 
1.118034 
0.000000 
0.000000 
0.000000 
0.000000 
3.535534 
3.535534 
1.000000 
1.000000 
1.500000 
1.500000 
3.640055 
3.640055 
0.500000 
0.500000 
1.581139 
1.581139 
2.061553 
2.061553 
1.581139 
1.581139 
2.000000 
2.000000 
1.000000 
1.000000 
0.000000 
0.000000 
0.000000 
0.000000 
2.692582 
2.692582 
4.000000 
4.000000 
2.000000 
2.000000 
4.123106 
4.123106 
0.000000 
0.000000 
3.000000 
3.000000 
0.500000 
0.500000 
0.000000 
0.000000 
1.118034 
1.118034 
0.000000 
0.000000 
0.000000 
0.000000 
3.535534 
3.535534 
1.000000 
1.000000 
1.500000 
1.500000 
3.640055 
3.640055 
1.581139 
1.581139 
2.061553 
2.061553 
1.581139 
1.581139 
2.000000 
2.000000 
0.000000 
0.000000 
0.000000 
0.000000 
0.000000 
0.000000 
1.500000 
1.500000 
0.707107 
0.707107 
1.000000 
1.000000 
4.000000 
4.000000 
2.000000 
2.000000 
4.123106 
4.123106 
0.000000 
0.000000 
3.000000 
3.000000 
0.500000 
0.500000 
0.000000 
0.000000 
1.118034 
1.118034 
0.000000 
0.000000 
0.000000 
0.000000 
3.535534 
3.535534 
1.000000 
1.000000 
1.581139 
1.581139 
2.061553 
2.061553 
2.000000 
2.000000 
0.000000 
0.000000 
0.000000 
0.000000 
1.000000 
1.000000 
0.500000 
0.500000 
1.500000 
1.500000 
0.707107 
0.707107 
1.118034 
1.118034 
0.000000 
0.000000 
4.000000 
4.000000 
2.000000 
2.000000 
4.123106 
4.123106 
0.000000 
0.000000 
3.000000 
3.000000 
0.500000 
0.500000 
0.000000 
0.000000 
1.118034 
1.118034 
0.000000 
0.000000 
3.535534 
3.535534 
1.000000 
1.000000 
1.581139 
1.581139 
2.061553 
2.061553 
0.707107 
0.707107 
0.500000 
0.500000 
0.707107 
0.707107 
1.414214 
1.414214 
1.500000 
1.500000 
0.500000 
0.500000 
0.500000 
0.500000 
2.061553 
2.061553 
4.000000 
4.000000 
2.000000 
2.000000 
4.123106 
4.123106 
0.000000 
0.000000 
3.000000 
3.000000 
0.500000 
0.500000 
0.000000 
0.000000 
1.118034 
1.118034 
0.000000 
0.000000 
3.535534 
3.535534 
2.061553 
2.061553 
0.000000 
0.000000 
0.000000 
0.000000 
0.707107 
0.707107 
0.707107 
0.707107 
6.082763 
6.082763 
3.041381 
3.041381 
0.500000 
0.500000 
0.000000 
0.000000 
2.500000 
2.500000 
2.061553 
2.061553 
4.000000 
4.000000 
2.000000 
2.000000 
4.123106 
4.123106 
0.000000 
0.000000 
3.000000 
3.000000 
0.500000 
0.500000 
0.000000 
0.000000 
1.118034 
1.118034 
0.500000 
0.500000 
0.500000 
0.500000 
0.707107 
0.707107 
0.000000 
0.000000 
1.000000 
1.000000 
0.707107 
0.707107 
1.500000 
1.500000 
0.707107 
0.707107 
0.000000 
0.000000 
2.061553 
2.061553 
4.000000 
4.000000 
2.000000 
2.000000 
4.123106 
4.123106 
0.000000 
0.000000 
3.000000 
3.000000 
0.500000 
0.500000 
0.000000 
0.000000 
1.118034 
1.118034 
1.118034 
1.118034 
4.527693 
4.527693 
0.707107 
0.707107 
0.707107 
0.707107 
3.041381 
3.041381 
0.500000 
0.500000 
0.707107 
0.707107 
0.707107 
0.707107 
1.000000 
1.000000 
2.061553 
2.061553 
4.000000 
4.000000 
2.000000 
2.000000 
4.123106 
4.123106 
0.000000 
0.000000 
3.000000 
3.000000 
0.500000 
0.500000 
0.000000 
0.000000 
1.118034 
1.118034 
0.707107 
0.707107 
0.500000 
0.500000 
0.707107 
0.707107 
0.000000 
0.000000 
0.707107 
0.707107 
0.500000 
0.500000 
2.000000 
2.000000 
0.707107 
0.707107 
0.500000 
0.500000 
2.061553 
2.061553 
4.000000 
4.000000 
2.000000 
2.000000 
4.123106 
4.123106 
0.000000 
0.000000 
3.000000 
3.000000 
0.500000 
0.500000 
0.000000 
0.000000 
0.000000 
0.000000 
1.118034 
1.118034 
0.500000 
0.500000 
0.707107 
0.707107 
0.000000 
0.000000 
0.500000 
0.500000 
0.000000 
0.000000 
1.118034 
1.118034 
0.500000 
0.500000 
1.000000 
1.000000 
2.061553 
2.061553 
4.000000 
4.000000 
2.000000 
2.000000 
4.123106 
4.123106 
0.000000 
0.000000 
3.000000 
3.000000 
0.500000 
0.500000 
1.000000 
1.000000 
5.000000 
5.000000 
1.581139 
1.581139 
0.707107 
0.707107 
0.000000 
0.000000 
3.640055 
3.640055 
0.707107 
0.707107 
1.118034 
1.118034 
0.500000 
0.500000 
0.707107 
0.707107 
2.061553 
2.061553 
4.000000 
4.000000 
2.000000 
2.000000 
4.123106 
4.123106 
0.000000 
0.000000 
3.000000 
3.000000 
1.000000 
1.000000 
0.707107 
0.707107 
3.201562 
3.201562 
0.707107 
0.707107 
0.000000 
0.000000 
1.000000 
1.000000 
0.500000 
0.500000 
3.041381 
3.041381 
1.414214 
1.414214 
0.707107 
0.707107 
2.061553 
2.061553 
4.000000 
4.000000 
2.000000 
2.000000 
4.123106 
4.123106 
0.000000 
0.000000 
3.000000 
3.000000 
0.500000 
0.500000 
1.000000 
1.000000 
2.000000 
2.000000 
0.707107 
0.707107 
0.000000 
0.000000 
3.000000 
3.000000 
1.118034 
1.118034 
1.581139 
1.581139 
0.000000 
0.000000 
0.500000 
0.500000 
2.061553 
2.061553 
4.000000 
4.000000 
2.000000 
2.000000 
4.123106 
4.123106 
0.000000 
0.000000 
3.000000 
3.000000 
0.000000 
0.000000 
4.123106 
4.123106 
2.000000 
2.000000 
0.707107 
0.707107 
0.000000 
0.000000 
0.000000 
0.000000 
0.500000 
0.500000 
2.000000 
2.000000 
2.500000 
2.500000 
1.118034 
1.118034 
2.061553 
2.061553 
4.000000 
4.000000 
2.000000 
2.000000 
4.123106 
4.123106 
3.000000 
3.000000 
1.118034 
1.118034 
1.581139 
1.581139 
1.000000 
1.000000 
0.707107 
0.707107 
0.000000 
0.000000 
0.500000 
0.500000 
3.000000 
3.000000 
2.000000 
2.000000 
0.707107 
0.707107 
1.118034 
1.118034 
2.061553 
2.061553 
4.000000 
4.000000 
2.000000 
2.000000 
1.118034 
1.118034 
1.581139 
1.581139 
4.000000 
4.000000 
0.707107 
0.707107 
0.000000 
0.000000 
0.500000 
0.500000 
3.041381 
3.041381 
3.500000 
3.500000 
0.707107 
0.707107 
1.118034 
1.118034 
2.061553 
2.061553 
4.000000 
4.000000 
0.000000 
0.000000 
1.118034 
1.118034 
4.031129 
4.031129 
0.500000 
0.500000 
0.707107 
0.707107 
0.000000 
0.000000 
1.000000 
1.000000 
0.707107 
0.707107 
2.000000 
2.000000 
0.707107 
0.707107 
1.118034 
1.118034 
2.061553 
2.061553 
0.000000 
0.000000 
1.000000 
1.000000 
1.118034 
1.118034 
0.500000 
0.500000 
1.414214 
1.414214 
0.707107 
0.707107 
0.000000 
0.000000 
0.500000 
0.500000 
1.000000 
1.000000 
2.000000 
2.000000 
0.500000 
0.500000 
1.118034 
1.118034 
2.061553 
2.061553 
