0.000000 
0.000000 
0.000000 
0.000000 
0.000000 
0.000000 
0.000000 
0.000000 
0.000000 
0.000000 
0.000000 
0.000000 
0.000000 
0.000000 
4.527693 
4.527693 
1.414214 
1.414214 
0.500000 
0.500000 
5.099020 
5.099020 
1.581139 
1.581139 
0.000000 
0.000000 
2.061553 
2.061553 
1.118034 
1.118034 
0.500000 
0.500000 
1.581139 
1.581139 
0.000000 
0.000000 
1.414214 
1.414214 
0.000000 
0.000000 
2.061553 
2.061553 
3.041381 
3.041381 
0.500000 
0.500000 
3.535534 
3.535534 
1.118034 
1.118034 
1.414214 
1.414214 
0.000000 
0.000000 
2.061553 
2.061553 
1.500000 
1.500000 
0.500000 
0.500000 
3.162278 
3.162278 
0.000000 
0.000000 
1.118034 
1.118034 
1.414214 
1.414214 
0.000000 
0.000000 
2.061553 
2.061553 
1.000000 
1.000000 
0.500000 
0.500000 
1.802776 
1.802776 
1.118034 
1.118034 
1.118034 
1.118034 
1.414214 
1.414214 
0.000000 
0.000000 
2.061553 
2.061553 
0.500000 
0.500000 
0.500000 
0.500000 
6.519202 
6.519202 
0.000000 
0.000000 
1.118034 
1.118034 
1.118034 
1.118034 
1.414214 
1.414214 
0.000000 
0.000000 
2.061553 
2.061553 
0.500000 
0.500000 
2.061553 
2.061553 
6.519202 
6.519202 
0.000000 
0.000000 
0.000000 
0.000000 
0.000000 
0.000000 
1.118034 
1.118034 
1.118034 
1.118034 
1.414214 
1.414214 
0.000000 
0.000000 
2.061553 
2.061553 
3.500000 
3.500000 
1.000000 
1.000000 
6.519202 
6.519202 
4.031129 
4.031129 
1.500000 
1.500000 
0.000000 
0.000000 
1.118034 
1.118034 
1.118034 
1.118034 
1.414214 
1.414214 
0.000000 
0.000000 
2.061553 
2.061553 
2.000000 
2.000000 
1.802776 
1.802776 
6.519202 
6.519202 
4.031129 
4.031129 
1.500000 
1.500000 
0.000000 
0.000000 
1.118034 
1.118034 
1.118034 
1.118034 
1.414214 
1.414214 
0.000000 
0.000000 
2.061553 
2.061553 
1.118034 
1.118034 
1.581139 
1.581139 
6.519202 
6.519202 
0.000000 
0.000000 
0.000000 
0.000000 
4.031129 
4.031129 
1.500000 
1.500000 
0.000000 
0.000000 
1.118034 
1.118034 
1.118034 
1.118034 
1.414214 
1.414214 
0.000000 
0.000000 
2.061553 
2.061553 
1.118034 
1.118034 
2.692582 
2.692582 
6.519202 
6.519202 
1.500000 
1.500000 
1.500000 
1.500000 
4.031129 
4.031129 
1.500000 
1.500000 
0.000000 
0.000000 
1.118034 
1.118034 
1.118034 
1.118034 
1.414214 
1.414214 
0.000000 
0.000000 
2.061553 
2.061553 
1.118034 
1.118034 
2.500000 
2.500000 
6.519202 
6.519202 
0.000000 
0.000000 
1.500000 
1.500000 
1.414214 
1.414214 
4.031129 
4.031129 
1.500000 
1.500000 
0.000000 
0.000000 
1.118034 
1.118034 
1.118034 
1.118034 
1.414214 
1.414214 
0.000000 
0.000000 
2.061553 
2.061553 
1.118034 
1.118034 
2.500000 
2.500000 
6.519202 
6.519202 
0.000000 
0.000000 
1.500000 
1.500000 
1.500000 
1.500000 
1.414214 
1.414214 
4.031129 
4.031129 
1.500000 
1.500000 
0.000000 
0.000000 
1.118034 
1.118034 
1.118034 
1.118034 
1.414214 
1.414214 
0.000000 
0.000000 
2.061553 
2.061553 
1.118034 
1.118034 
1.581139 
1.581139 
6.519202 
6.519202 
0.000000 
0.000000 
1.414214 
1.414214 
1.500000 
1.500000 
1.500000 
1.500000 
1.414214 
1.414214 
4.031129 
4.031129 
1.500000 
1.500000 
0.000000 
0.000000 
1.118034 
1.118034 
1.118034 
1.118034 
1.414214 
1.414214 
2.061553 
2.061553 
1.118034 
1.118034 
1.581139 
1.581139 
6.519202 
6.519202 
0.000000 
0.000000 
2.549510 
2.549510 
2.000000 
2.000000 
1.500000 
1.500000 
1.500000 
1.500000 
1.414214 
1.414214 
4.031129 
4.031129 
1.500000 
1.500000 
0.000000 
0.000000 
1.118034 
1.118034 
1.118034 
1.118034 
1.414214 
1.414214 
2.061553 
2.061553 
1.118034 
1.118034 
1.581139 
1.581139 
6.519202 
6.519202 
0.000000 
0.000000 
2.000000 
2.000000 
4.242641 
4.242641 
2.000000 
2.000000 
1.500000 
1.500000 
1.500000 
1.500000 
1.414214 
1.414214 
4.031129 
4.031129 
1.500000 
1.500000 
0.000000 
0.000000 
1.118034 
1.118034 
1.118034 
1.118034 
1.414214 
1.414214 
1.118034 
1.118034 
1.581139 
1.581139 
6.519202 
6.519202 
1.581139 
1.581139 
1.414214 
1.414214 
3.041381 
3.041381 
2.000000 
2.000000 
1.500000 
1.500000 
1.500000 
1.500000 
1.414214 
1.414214 
4.031129 
4.031129 
1.500000 
1.500000 
0.000000 
0.000000 
1.118034 
1.118034 
1.118034 
1.118034 
1.118034 
1.118034 
1.581139 
1.581139 
6.519202 
6.519202 
1.581139 
1.581139 
1.414214 
1.414214 
1.581139 
1.581139 
2.000000 
2.000000 
1.500000 
1.500000 
1.500000 
1.500000 
1.414214 
1.414214 
4.031129 
4.031129 
1.500000 
1.500000 
0.000000 
0.000000 
1.118034 
1.118034 
1.118034 
1.118034 
1.581139 
1.581139 
6.519202 
6.519202 
0.500000 
0.500000 
1.414214 
1.414214 
4.031129 
4.031129 
2.000000 
2.000000 
1.500000 
1.500000 
1.500000 
1.500000 
1.414214 
1.414214 
4.031129 
4.031129 
1.500000 
1.500000 
0.000000 
0.000000 
1.118034 
1.118034 
1.118034 
1.118034 
1.581139 
1.581139 
6.519202 
6.519202 
2.549510 
2.549510 
1.414214 
1.414214 
1.802776 
1.802776 
2.000000 
2.000000 
1.500000 
1.500000 
1.500000 
1.500000 
1.414214 
1.414214 
4.031129 
4.031129 
1.500000 
1.500000 
0.000000 
0.000000 
1.118034 
1.118034 
1.581139 
1.581139 
1.000000 
1.000000 
1.414214 
1.414214 
4.609772 
4.609772 
2.000000 
2.000000 
1.500000 
1.500000 
1.500000 
1.500000 
1.414214 
1.414214 
4.031129 
4.031129 
1.500000 
1.500000 
1.118034 
1.118034 
1.581139 
1.581139 
1.118034 
1.118034 
1.414214 
1.414214 
1.802776 
1.802776 
2.000000 
2.000000 
1.500000 
1.500000 
1.500000 
1.500000 
1.414214 
1.414214 
4.031129 
4.031129 
1.500000 
1.500000 
1.118034 
1.118034 
1.581139 
1.581139 
1.581139 
1.581139 
1.414214 
1.414214 
1.118034 
1.118034 
2.000000 
2.000000 
1.500000 
1.500000 
1.500000 
1.500000 
1.414214 
1.414214 
1.500000 
1.500000 
1.118034 
1.118034 
1.581139 
1.581139 
1.000000 
1.000000 
1.414214 
1.414214 
1.000000 
1.000000 
2.000000 
2.000000 
1.500000 
1.500000 
1.500000 
1.500000 
1.414214 
1.414214 
1.581139 
1.581139 
3.500000 
3.500000 
1.414214 
1.414214 
1.118034 
1.118034 
2.000000 
2.000000 
1.500000 
1.500000 
1.500000 
1.500000 
1.414214 
1.414214 
1.581139 
1.581139 
3.162278 
3.162278 
1.414214 
1.414214 
4.031129 
4.031129 
2.000000 
2.000000 
1.500000 
1.500000 
1.414214 
1.414214 
1.581139 
1.581139 
3.162278 
3.162278 
1.414214 
1.414214 
1.581139 
1.581139 
2.000000 
2.000000 
1.500000 
1.500000 
1.581139 
1.581139 
3.162278 
3.162278 
1.414214 
1.414214 
1.802776 
1.802776 
2.000000 
2.000000 
1.500000 
1.500000 
0.000000 
0.000000 
3.162278 
3.162278 
1.414214 
1.414214 
1.802776 
1.802776 
2.000000 
2.000000 
0.000000 
0.000000 
3.162278 
3.162278 
1.414214 
1.414214 
1.802776 
1.802776 
0.000000 
0.000000 
3.162278 
3.162278 
1.414214 
1.414214 
1.802776 
1.802776 
0.000000 
0.000000 
3.162278 
3.162278 
1.802776 
1.802776 
0.000000 
0.000000 
3.162278 
3.162278 
1.802776 
1.802776 
0.000000 
0.000000 
3.162278 
3.162278 
1.802776 
1.802776 
0.000000 
0.000000 
3.162278 
3.162278 
1.802776 
1.802776 
0.000000 
0.000000 
3.162278 
3.162278 
1.802776 
1.802776 
0.000000 
0.000000 
3.162278 
3.162278 
1.802776 
1.802776 
