0.000000 
0.000000 
0.000000 
0.000000 
0.000000 
0.000000 
0.000000 
0.000000 
0.000000 
0.000000 
0.000000 
0.000000 
0.000000 
0.000000 
0.000000 
0.000000 
3.500000 
3.500000 
0.000000 
0.000000 
0.500000 
0.500000 
5.500000 
5.500000 
1.414214 
1.414214 
1.802776 
1.802776 
0.000000 
0.000000 
0.000000 
0.000000 
3.535534 
3.535534 
3.500000 
3.500000 
0.000000 
0.000000 
0.500000 
0.500000 
1.802776 
1.802776 
0.000000 
0.000000 
0.500000 
0.500000 
0.000000 
0.000000 
3.500000 
3.500000 
0.000000 
0.000000 
3.000000 
3.000000 
3.500000 
3.500000 
0.000000 
0.000000 
0.500000 
0.500000 
5.590170 
5.590170 
0.000000 
0.000000 
0.707107 
0.707107 
0.000000 
0.000000 
0.000000 
0.000000 
3.000000 
3.000000 
1.000000 
1.000000 
0.000000 
0.000000 
5.522681 
5.522681 
3.500000 
3.500000 
0.000000 
0.000000 
0.500000 
0.500000 
1.500000 
1.500000 
1.118034 
1.118034 
0.500000 
0.500000 
0.000000 
0.000000 
1.581139 
1.581139 
0.707107 
0.707107 
3.000000 
3.000000 
2.549510 
2.549510 
0.000000 
0.000000 
2.549510 
2.549510 
3.500000 
3.500000 
0.000000 
0.000000 
0.500000 
0.500000 
1.500000 
1.500000 
1.118034 
1.118034 
0.707107 
0.707107 
0.000000 
0.000000 
0.000000 
0.000000 
1.581139 
1.581139 
1.118034 
1.118034 
3.000000 
3.000000 
0.500000 
0.500000 
2.500000 
2.500000 
2.549510 
2.549510 
3.500000 
3.500000 
0.000000 
0.000000 
0.500000 
0.500000 
1.500000 
1.500000 
1.118034 
1.118034 
0.500000 
0.500000 
0.000000 
0.000000 
1.500000 
1.500000 
0.000000 
0.000000 
1.581139 
1.581139 
2.500000 
2.500000 
3.000000 
3.000000 
0.500000 
0.500000 
2.500000 
2.500000 
1.581139 
1.581139 
3.500000 
3.500000 
0.000000 
0.000000 
0.500000 
0.500000 
1.500000 
1.500000 
0.500000 
0.500000 
0.707107 
0.707107 
0.000000 
0.000000 
3.807887 
3.807887 
1.500000 
1.500000 
0.000000 
0.000000 
1.581139 
1.581139 
0.707107 
0.707107 
3.000000 
3.000000 
1.000000 
1.000000 
2.500000 
2.500000 
1.581139 
1.581139 
3.500000 
3.500000 
0.000000 
0.000000 
0.500000 
0.500000 
1.500000 
1.500000 
1.000000 
1.000000 
1.118034 
1.118034 
0.000000 
0.000000 
0.000000 
0.000000 
1.581139 
1.581139 
2.000000 
2.000000 
1.500000 
1.500000 
0.000000 
0.000000 
1.581139 
1.581139 
3.041381 
3.041381 
3.000000 
3.000000 
2.000000 
2.000000 
2.500000 
2.500000 
0.500000 
0.500000 
3.500000 
3.500000 
0.000000 
0.000000 
0.500000 
0.500000 
1.500000 
1.500000 
0.000000 
0.000000 
1.000000 
1.000000 
0.000000 
0.000000 
0.000000 
0.000000 
1.118034 
1.118034 
3.000000 
3.000000 
1.581139 
1.581139 
1.581139 
1.581139 
1.500000 
1.500000 
0.000000 
0.000000 
1.581139 
1.581139 
2.500000 
2.500000 
3.000000 
3.000000 
1.118034 
1.118034 
2.500000 
2.500000 
3.500000 
3.500000 
3.500000 
3.500000 
0.000000 
0.000000 
0.500000 
0.500000 
1.500000 
1.500000 
0.707107 
0.707107 
0.500000 
0.500000 
0.000000 
0.000000 
1.581139 
1.581139 
0.000000 
0.000000 
6.500000 
6.500000 
3.000000 
3.000000 
1.581139 
1.581139 
1.000000 
1.000000 
1.500000 
1.500000 
0.000000 
0.000000 
1.581139 
1.581139 
0.500000 
0.500000 
3.000000 
3.000000 
1.000000 
1.000000 
2.500000 
2.500000 
0.707107 
0.707107 
3.500000 
3.500000 
0.000000 
0.000000 
0.500000 
0.500000 
1.500000 
1.500000 
0.000000 
0.000000 
0.500000 
0.500000 
0.000000 
0.000000 
0.500000 
0.500000 
1.581139 
1.581139 
0.000000 
0.000000 
6.519202 
6.519202 
3.000000 
3.000000 
1.581139 
1.581139 
0.500000 
0.500000 
1.500000 
1.500000 
0.000000 
0.000000 
1.581139 
1.581139 
4.272002 
4.272002 
3.000000 
3.000000 
2.236068 
2.236068 
2.500000 
2.500000 
1.118034 
1.118034 
3.500000 
3.500000 
0.000000 
0.000000 
0.500000 
0.500000 
1.500000 
1.500000 
1.000000 
1.000000 
0.500000 
0.500000 
0.000000 
0.000000 
4.031129 
4.031129 
1.118034 
1.118034 
1.581139 
1.581139 
0.000000 
0.000000 
1.118034 
1.118034 
3.000000 
3.000000 
1.581139 
1.581139 
1.000000 
1.000000 
1.500000 
1.500000 
0.000000 
0.000000 
1.581139 
1.581139 
4.272002 
4.272002 
3.000000 
3.000000 
2.549510 
2.549510 
2.500000 
2.500000 
1.581139 
1.581139 
3.500000 
3.500000 
0.000000 
0.000000 
0.500000 
0.500000 
1.500000 
1.500000 
1.500000 
1.500000 
0.500000 
0.500000 
0.500000 
0.500000 
3.000000 
3.000000 
1.118034 
1.118034 
1.581139 
1.581139 
0.000000 
0.000000 
6.000000 
6.000000 
3.000000 
3.000000 
1.581139 
1.581139 
1.000000 
1.000000 
1.500000 
1.500000 
0.000000 
0.000000 
1.581139 
1.581139 
4.272002 
4.272002 
3.000000 
3.000000 
1.000000 
1.000000 
2.500000 
2.500000 
1.581139 
1.581139 
3.500000 
3.500000 
0.000000 
0.000000 
0.500000 
0.500000 
1.500000 
1.500000 
0.707107 
0.707107 
1.118034 
1.118034 
1.414214 
1.414214 
5.522681 
5.522681 
1.118034 
1.118034 
1.581139 
1.581139 
0.000000 
0.000000 
1.118034 
1.118034 
3.000000 
3.000000 
1.581139 
1.581139 
4.527693 
4.527693 
1.500000 
1.500000 
0.000000 
0.000000 
1.581139 
1.581139 
4.272002 
4.272002 
3.000000 
3.000000 
1.802776 
1.802776 
2.500000 
2.500000 
1.581139 
1.581139 
3.500000 
3.500000 
0.500000 
0.500000 
1.500000 
1.500000 
1.000000 
1.000000 
2.000000 
2.000000 
0.000000 
0.000000 
0.500000 
0.500000 
2.061553 
2.061553 
1.118034 
1.118034 
1.581139 
1.581139 
0.000000 
0.000000 
5.522681 
5.522681 
3.000000 
3.000000 
1.581139 
1.581139 
1.414214 
1.414214 
1.500000 
1.500000 
0.000000 
0.000000 
1.581139 
1.581139 
4.272002 
4.272002 
3.000000 
3.000000 
4.000000 
4.000000 
2.500000 
2.500000 
1.581139 
1.581139 
1.500000 
1.500000 
1.000000 
1.000000 
2.000000 
2.000000 
0.000000 
0.000000 
0.000000 
0.000000 
0.000000 
0.000000 
1.118034 
1.118034 
4.609772 
4.609772 
1.118034 
1.118034 
1.581139 
1.581139 
3.605551 
3.605551 
2.236068 
2.236068 
3.000000 
3.000000 
1.581139 
1.581139 
1.581139 
1.581139 
1.500000 
1.500000 
0.000000 
0.000000 
1.581139 
1.581139 
4.272002 
4.272002 
3.000000 
3.000000 
1.118034 
1.118034 
2.500000 
2.500000 
1.581139 
1.581139 
1.500000 
1.500000 
1.000000 
1.000000 
2.000000 
2.000000 
1.802776 
1.802776 
1.581139 
1.581139 
0.000000 
0.000000 
0.500000 
0.500000 
1.500000 
1.500000 
1.118034 
1.118034 
1.581139 
1.581139 
0.707107 
0.707107 
5.000000 
5.000000 
3.000000 
3.000000 
1.581139 
1.581139 
3.041381 
3.041381 
1.500000 
1.500000 
0.000000 
0.000000 
2.500000 
2.500000 
4.272002 
4.272002 
3.000000 
3.000000 
1.118034 
1.118034 
2.500000 
2.500000 
1.581139 
1.581139 
1.500000 
1.500000 
1.000000 
1.000000 
2.000000 
2.000000 
2.061553 
2.061553 
0.500000 
0.500000 
0.000000 
0.000000 
0.500000 
0.500000 
2.000000 
2.000000 
1.118034 
1.118034 
1.581139 
1.581139 
1.118034 
1.118034 
1.802776 
1.802776 
3.000000 
3.000000 
1.581139 
1.581139 
3.354102 
3.354102 
1.500000 
1.500000 
0.000000 
0.000000 
3.535534 
3.535534 
4.272002 
4.272002 
1.118034 
1.118034 
2.500000 
2.500000 
1.581139 
1.581139 
1.000000 
1.000000 
2.000000 
2.000000 
0.000000 
0.000000 
2.915476 
2.915476 
0.500000 
0.500000 
0.000000 
0.000000 
0.500000 
0.500000 
3.500000 
3.500000 
1.118034 
1.118034 
1.581139 
1.581139 
1.802776 
1.802776 
1.500000 
1.500000 
3.000000 
3.000000 
1.581139 
1.581139 
3.354102 
3.354102 
1.500000 
1.500000 
1.581139 
1.581139 
4.272002 
4.272002 
1.118034 
1.118034 
2.500000 
2.500000 
1.581139 
1.581139 
1.000000 
1.000000 
2.000000 
2.000000 
0.000000 
0.000000 
0.000000 
0.000000 
3.640055 
3.640055 
2.915476 
2.915476 
0.500000 
0.500000 
0.000000 
0.000000 
1.000000 
1.000000 
2.500000 
2.500000 
1.118034 
1.118034 
1.581139 
1.581139 
4.031129 
4.031129 
3.000000 
3.000000 
3.000000 
3.000000 
1.581139 
1.581139 
3.354102 
3.354102 
1.500000 
1.500000 
1.581139 
1.581139 
4.272002 
4.272002 
1.118034 
1.118034 
1.581139 
1.581139 
1.000000 
1.000000 
2.000000 
2.000000 
0.707107 
0.707107 
3.500000 
3.500000 
4.123106 
4.123106 
2.915476 
2.915476 
0.500000 
0.500000 
0.000000 
0.000000 
1.000000 
1.000000 
0.000000 
0.000000 
1.118034 
1.118034 
1.581139 
1.581139 
2.061553 
2.061553 
0.707107 
0.707107 
3.000000 
3.000000 
1.581139 
1.581139 
3.354102 
3.354102 
1.581139 
1.581139 
4.272002 
4.272002 
1.118034 
1.118034 
1.581139 
1.581139 
1.000000 
1.000000 
2.000000 
2.000000 
0.000000 
0.000000 
0.000000 
0.000000 
0.000000 
0.000000 
3.500000 
3.500000 
4.123106 
4.123106 
2.915476 
2.915476 
0.500000 
0.500000 
0.000000 
0.000000 
1.581139 
1.581139 
0.500000 
0.500000 
1.118034 
1.118034 
1.581139 
1.581139 
5.099020 
5.099020 
0.000000 
0.000000 
3.000000 
3.000000 
1.581139 
1.581139 
3.354102 
3.354102 
1.581139 
1.581139 
4.272002 
4.272002 
1.118034 
1.118034 
5.099020 
5.099020 
1.000000 
1.000000 
2.000000 
2.000000 
4.031129 
4.031129 
2.061553 
2.061553 
0.500000 
0.500000 
3.500000 
3.500000 
4.123106 
4.123106 
2.915476 
2.915476 
0.500000 
0.500000 
0.000000 
0.000000 
3.807887 
3.807887 
0.500000 
0.500000 
1.118034 
1.118034 
1.581139 
1.581139 
2.000000 
2.000000 
0.707107 
0.707107 
3.000000 
3.000000 
3.354102 
3.354102 
1.581139 
1.581139 
4.272002 
4.272002 
1.118034 
1.118034 
1.414214 
1.414214 
1.000000 
1.000000 
2.000000 
2.000000 
0.000000 
0.000000 
3.500000 
3.500000 
2.061553 
2.061553 
0.707107 
0.707107 
3.500000 
3.500000 
4.123106 
4.123106 
2.915476 
2.915476 
0.500000 
0.500000 
0.000000 
0.000000 
3.807887 
3.807887 
0.500000 
0.500000 
1.118034 
1.118034 
1.581139 
1.581139 
2.000000 
2.000000 
0.500000 
0.500000 
3.354102 
3.354102 
1.581139 
1.581139 
4.272002 
4.272002 
1.118034 
1.118034 
1.581139 
1.581139 
1.000000 
1.000000 
2.000000 
2.000000 
3.041381 
3.041381 
3.500000 
3.500000 
2.061553 
2.061553 
0.000000 
0.000000 
3.500000 
3.500000 
4.123106 
4.123106 
2.915476 
2.915476 
0.500000 
0.500000 
0.000000 
0.000000 
3.807887 
3.807887 
1.000000 
1.000000 
1.118034 
1.118034 
2.000000 
2.000000 
0.500000 
0.500000 
3.354102 
3.354102 
1.581139 
1.581139 
4.272002 
4.272002 
1.118034 
1.118034 
1.118034 
1.118034 
1.000000 
1.000000 
2.000000 
2.000000 
0.000000 
0.000000 
2.549510 
2.549510 
3.500000 
3.500000 
2.061553 
2.061553 
0.000000 
0.000000 
3.500000 
3.500000 
4.123106 
4.123106 
2.915476 
2.915476 
0.500000 
0.500000 
0.000000 
0.000000 
3.807887 
3.807887 
0.707107 
0.707107 
1.118034 
1.118034 
2.000000 
2.000000 
0.500000 
0.500000 
3.354102 
3.354102 
1.581139 
1.581139 
1.118034 
1.118034 
1.000000 
1.000000 
1.000000 
1.000000 
2.000000 
2.000000 
0.000000 
0.000000 
2.549510 
2.549510 
3.500000 
3.500000 
2.061553 
2.061553 
0.000000 
0.000000 
3.500000 
3.500000 
4.123106 
4.123106 
2.915476 
2.915476 
0.500000 
0.500000 
0.000000 
0.000000 
3.807887 
3.807887 
0.707107 
0.707107 
2.000000 
2.000000 
0.500000 
0.500000 
3.354102 
3.354102 
1.581139 
1.581139 
1.118034 
1.118034 
3.535534 
3.535534 
1.000000 
1.000000 
2.000000 
2.000000 
0.000000 
0.000000 
0.000000 
0.000000 
2.549510 
2.549510 
3.500000 
3.500000 
2.061553 
2.061553 
0.000000 
0.000000 
3.500000 
3.500000 
4.123106 
4.123106 
2.915476 
2.915476 
0.500000 
0.500000 
0.000000 
0.000000 
3.807887 
3.807887 
0.500000 
0.500000 
2.000000 
2.000000 
0.500000 
0.500000 
3.354102 
3.354102 
1.581139 
1.581139 
1.118034 
1.118034 
0.707107 
0.707107 
1.000000 
1.000000 
2.000000 
2.000000 
0.000000 
0.000000 
0.000000 
0.000000 
0.000000 
0.000000 
2.549510 
2.549510 
3.500000 
3.500000 
2.061553 
2.061553 
0.000000 
0.000000 
3.500000 
3.500000 
4.123106 
4.123106 
2.915476 
2.915476 
0.500000 
0.500000 
0.000000 
0.000000 
3.807887 
3.807887 
2.500000 
2.500000 
2.000000 
2.000000 
0.500000 
0.500000 
3.354102 
3.354102 
1.581139 
1.581139 
1.118034 
1.118034 
1.802776 
1.802776 
1.000000 
1.000000 
0.000000 
0.000000 
0.000000 
0.000000 
1.500000 
1.500000 
0.000000 
0.000000 
0.000000 
0.000000 
2.549510 
2.549510 
3.500000 
3.500000 
2.061553 
2.061553 
0.000000 
0.000000 
3.500000 
3.500000 
4.123106 
4.123106 
2.915476 
2.915476 
0.500000 
0.500000 
3.807887 
3.807887 
1.581139 
1.581139 
2.000000 
2.000000 
0.500000 
0.500000 
3.354102 
3.354102 
1.581139 
1.581139 
1.118034 
1.118034 
1.581139 
1.581139 
4.000000 
4.000000 
3.535534 
3.535534 
1.000000 
1.000000 
0.000000 
0.000000 
0.000000 
0.000000 
2.549510 
2.549510 
3.500000 
3.500000 
2.061553 
2.061553 
0.000000 
0.000000 
3.500000 
3.500000 
4.123106 
4.123106 
2.915476 
2.915476 
0.500000 
0.500000 
3.807887 
3.807887 
1.118034 
1.118034 
2.000000 
2.000000 
0.500000 
0.500000 
3.354102 
3.354102 
1.581139 
1.581139 
2.236068 
2.236068 
0.000000 
0.000000 
0.000000 
0.000000 
4.000000 
4.000000 
3.535534 
3.535534 
3.041381 
3.041381 
0.000000 
0.000000 
0.000000 
0.000000 
2.549510 
2.549510 
3.500000 
3.500000 
2.061553 
2.061553 
0.000000 
0.000000 
3.500000 
3.500000 
4.123106 
4.123106 
2.915476 
2.915476 
0.500000 
0.500000 
3.807887 
3.807887 
1.581139 
1.581139 
2.000000 
2.000000 
0.500000 
0.500000 
3.354102 
3.354102 
1.581139 
1.581139 
2.061553 
2.061553 
0.000000 
0.000000 
3.000000 
3.000000 
1.581139 
1.581139 
4.000000 
4.000000 
3.535534 
3.535534 
1.000000 
1.000000 
0.000000 
0.000000 
0.000000 
0.000000 
2.549510 
2.549510 
3.500000 
3.500000 
2.061553 
2.061553 
0.000000 
0.000000 
3.500000 
3.500000 
4.123106 
4.123106 
2.915476 
2.915476 
0.500000 
0.500000 
3.807887 
3.807887 
1.414214 
1.414214 
2.000000 
2.000000 
0.500000 
0.500000 
1.581139 
1.581139 
2.236068 
2.236068 
0.000000 
0.000000 
3.000000 
3.000000 
2.692582 
2.692582 
4.000000 
4.000000 
3.535534 
3.535534 
2.549510 
2.549510 
0.000000 
0.000000 
0.000000 
0.000000 
2.549510 
2.549510 
3.500000 
3.500000 
2.061553 
2.061553 
0.000000 
0.000000 
3.500000 
3.500000 
4.123106 
4.123106 
3.807887 
3.807887 
1.500000 
1.500000 
2.000000 
2.000000 
0.500000 
0.500000 
4.609772 
4.609772 
0.000000 
0.000000 
0.000000 
0.000000 
3.000000 
3.000000 
2.000000 
2.000000 
4.000000 
4.000000 
3.535534 
3.535534 
1.581139 
1.581139 
0.000000 
0.000000 
0.000000 
0.000000 
2.549510 
2.549510 
3.500000 
3.500000 
2.061553 
2.061553 
0.000000 
0.000000 
3.500000 
3.500000 
4.123106 
4.123106 
3.807887 
3.807887 
1.414214 
1.414214 
2.000000 
2.000000 
0.500000 
0.500000 
2.061553 
2.061553 
0.000000 
0.000000 
0.000000 
0.000000 
3.000000 
3.000000 
2.500000 
2.500000 
4.000000 
4.000000 
3.535534 
3.535534 
1.581139 
1.581139 
0.000000 
0.000000 
0.000000 
0.000000 
2.549510 
2.549510 
3.500000 
3.500000 
2.061553 
2.061553 
0.000000 
0.000000 
3.807887 
3.807887 
0.707107 
0.707107 
2.000000 
2.000000 
0.500000 
0.500000 
1.500000 
1.500000 
0.000000 
0.000000 
0.000000 
0.000000 
0.000000 
0.000000 
3.000000 
3.000000 
1.802776 
1.802776 
4.000000 
4.000000 
3.535534 
3.535534 
1.581139 
1.581139 
0.000000 
0.000000 
0.000000 
0.000000 
2.549510 
2.549510 
3.500000 
3.500000 
2.061553 
2.061553 
0.000000 
0.000000 
3.807887 
3.807887 
1.802776 
1.802776 
2.000000 
2.000000 
0.500000 
0.500000 
2.549510 
2.549510 
