0.000000 
0.000000 
0.000000 
0.000000 
0.000000 
0.000000 
0.000000 
0.000000 
1.118034 
1.118034 
0.000000 
0.000000 
0.500000 
0.500000 
1.118034 
1.118034 
2.061553 
2.061553 
1.118034 
1.118034 
0.500000 
0.500000 
1.000000 
1.000000 
1.500000 
1.500000 
1.000000 
1.000000 
0.500000 
0.500000 
1.414214 
1.414214 
1.500000 
1.500000 
0.500000 
0.500000 
0.500000 
0.500000 
1.118034 
1.118034 
1.500000 
1.500000 
0.500000 
0.500000 
0.000000 
0.000000 
0.707107 
0.707107 
1.500000 
1.500000 
0.707107 
0.707107 
0.500000 
0.500000 
0.707107 
0.707107 
1.500000 
1.500000 
0.500000 
0.500000 
0.707107 
0.707107 
0.707107 
0.707107 
0.000000 
0.000000 
1.500000 
1.500000 
0.500000 
0.500000 
0.500000 
0.500000 
2.692582 
2.692582 
0.500000 
0.500000 
1.500000 
1.500000 
0.000000 
0.000000 
0.500000 
0.500000 
0.500000 
0.500000 
0.000000 
0.000000 
2.500000 
2.500000 
1.500000 
1.500000 
0.500000 
0.500000 
1.000000 
1.000000 
1.414214 
1.414214 
0.000000 
0.000000 
2.692582 
2.692582 
4.609772 
4.609772 
0.500000 
0.500000 
0.500000 
0.500000 
0.707107 
0.707107 
0.000000 
0.000000 
1.000000 
1.000000 
1.118034 
1.118034 
0.500000 
0.500000 
0.707107 
0.707107 
0.000000 
0.000000 
0.000000 
0.000000 
3.041381 
3.041381 
1.118034 
1.118034 
0.500000 
0.500000 
1.000000 
1.000000 
0.500000 
0.500000 
0.000000 
0.000000 
0.500000 
0.500000 
0.500000 
0.500000 
0.500000 
0.500000 
1.000000 
1.000000 
1.118034 
1.118034 
0.000000 
0.000000 
0.000000 
0.000000 
1.118034 
1.118034 
0.000000 
0.000000 
0.500000 
0.500000 
1.000000 
1.000000 
0.500000 
0.500000 
0.707107 
0.707107 
0.000000 
0.000000 
0.500000 
0.500000 
0.707107 
0.707107 
0.500000 
0.500000 
1.118034 
1.118034 
0.500000 
0.500000 
1.118034 
1.118034 
0.000000 
0.000000 
0.707107 
0.707107 
5.024938 
5.024938 
0.500000 
0.500000 
3.000000 
3.000000 
1.000000 
1.000000 
0.707107 
0.707107 
0.000000 
0.000000 
1.000000 
1.000000 
0.000000 
0.000000 
0.500000 
0.500000 
0.707107 
0.707107 
4.031129 
4.031129 
0.500000 
0.500000 
0.000000 
0.000000 
0.707107 
0.707107 
1.118034 
1.118034 
0.500000 
0.500000 
1.118034 
1.118034 
0.707107 
0.707107 
0.707107 
0.707107 
0.000000 
0.000000 
0.500000 
0.500000 
1.118034 
1.118034 
0.500000 
0.500000 
0.500000 
0.500000 
0.500000 
0.500000 
0.707107 
0.707107 
0.000000 
0.000000 
1.118034 
1.118034 
0.500000 
0.500000 
0.500000 
0.500000 
1.000000 
1.000000 
0.000000 
0.000000 
0.500000 
0.500000 
0.000000 
0.000000 
1.118034 
1.118034 
1.118034 
1.118034 
0.500000 
0.500000 
0.500000 
0.500000 
1.000000 
1.000000 
0.500000 
0.500000 
0.000000 
0.000000 
1.414214 
1.414214 
1.118034 
1.118034 
0.500000 
0.500000 
0.500000 
0.500000 
0.707107 
0.707107 
0.000000 
0.000000 
0.000000 
0.000000 
0.500000 
0.500000 
0.000000 
0.000000 
1.414214 
1.414214 
0.500000 
0.500000 
0.500000 
0.500000 
0.500000 
0.500000 
3.535534 
3.535534 
1.000000 
1.000000 
2.236068 
2.236068 
0.500000 
0.500000 
1.414214 
1.414214 
0.500000 
0.500000 
0.500000 
0.500000 
0.000000 
0.000000 
0.500000 
0.500000 
2.500000 
2.500000 
0.500000 
0.500000 
1.414214 
1.414214 
0.500000 
0.500000 
0.707107 
0.707107 
1.500000 
1.500000 
0.500000 
0.500000 
2.000000 
2.000000 
0.500000 
0.500000 
1.414214 
1.414214 
0.500000 
0.500000 
1.000000 
1.000000 
2.000000 
2.000000 
0.000000 
0.000000 
0.000000 
0.000000 
0.000000 
0.000000 
3.807887 
3.807887 
2.000000 
2.000000 
0.500000 
0.500000 
1.414214 
1.414214 
0.500000 
0.500000 
0.500000 
0.500000 
2.000000 
2.000000 
0.000000 
0.000000 
1.000000 
1.000000 
1.118034 
1.118034 
1.581139 
1.581139 
1.118034 
1.118034 
2.000000 
2.000000 
0.500000 
0.500000 
1.414214 
1.414214 
0.500000 
0.500000 
1.118034 
1.118034 
1.500000 
1.500000 
0.500000 
0.500000 
1.118034 
1.118034 
7.648529 
7.648529 
3.041381 
3.041381 
1.118034 
1.118034 
2.000000 
2.000000 
0.500000 
0.500000 
1.414214 
1.414214 
0.500000 
0.500000 
1.000000 
1.000000 
5.522681 
5.522681 
0.000000 
0.000000 
0.000000 
0.000000 
1.000000 
1.000000 
0.707107 
0.707107 
2.549510 
2.549510 
1.581139 
1.581139 
2.000000 
2.000000 
0.500000 
0.500000 
1.414214 
1.414214 
0.500000 
0.500000 
3.640055 
3.640055 
3.605551 
3.605551 
0.000000 
0.000000 
1.118034 
1.118034 
2.061553 
2.061553 
1.118034 
1.118034 
0.707107 
0.707107 
2.549510 
2.549510 
1.581139 
1.581139 
2.000000 
2.000000 
0.500000 
0.500000 
1.414214 
1.414214 
0.500000 
0.500000 
1.581139 
1.581139 
3.041381 
3.041381 
1.802776 
1.802776 
4.609772 
4.609772 
1.581139 
1.581139 
1.000000 
1.000000 
0.707107 
0.707107 
2.549510 
2.549510 
1.581139 
1.581139 
2.000000 
2.000000 
0.500000 
0.500000 
1.414214 
1.414214 
0.500000 
0.500000 
1.581139 
1.581139 
2.061553 
2.061553 
0.000000 
0.000000 
2.549510 
2.549510 
4.609772 
4.609772 
1.581139 
1.581139 
5.220153 
5.220153 
0.707107 
0.707107 
2.549510 
2.549510 
1.581139 
1.581139 
2.000000 
2.000000 
0.500000 
0.500000 
1.414214 
1.414214 
0.500000 
0.500000 
1.581139 
1.581139 
4.031129 
4.031129 
0.000000 
0.000000 
1.118034 
1.118034 
2.692582 
2.692582 
4.609772 
4.609772 
2.000000 
2.000000 
0.707107 
0.707107 
0.707107 
0.707107 
2.549510 
2.549510 
1.581139 
1.581139 
2.000000 
2.000000 
0.500000 
0.500000 
1.414214 
1.414214 
0.500000 
0.500000 
1.581139 
1.581139 
5.024938 
5.024938 
0.000000 
0.000000 
2.000000 
2.000000 
4.272002 
4.272002 
2.061553 
2.061553 
4.609772 
4.609772 
0.500000 
0.500000 
0.707107 
0.707107 
0.707107 
0.707107 
2.549510 
2.549510 
1.581139 
1.581139 
2.000000 
2.000000 
0.500000 
0.500000 
1.414214 
1.414214 
0.500000 
0.500000 
1.581139 
1.581139 
3.640055 
3.640055 
0.000000 
0.000000 
1.000000 
1.000000 
1.000000 
1.000000 
4.272002 
4.272002 
5.099020 
5.099020 
4.609772 
4.609772 
1.118034 
1.118034 
1.000000 
1.000000 
0.707107 
0.707107 
2.549510 
2.549510 
1.581139 
1.581139 
2.000000 
2.000000 
1.414214 
1.414214 
0.500000 
0.500000 
1.581139 
1.581139 
3.000000 
3.000000 
0.000000 
0.000000 
0.707107 
0.707107 
1.000000 
1.000000 
0.000000 
0.000000 
4.272002 
4.272002 
1.581139 
1.581139 
4.609772 
4.609772 
4.272002 
4.272002 
2.061553 
2.061553 
0.707107 
0.707107 
2.549510 
2.549510 
1.581139 
1.581139 
2.000000 
2.000000 
0.500000 
0.500000 
1.581139 
1.581139 
3.000000 
3.000000 
