0.000000 
0.000000 
2.121320 
2.121320 
1.118034 
1.118034 
1.414214 
1.414214 
1.414214 
1.414214 
0.707107 
0.707107 
1.000000 
1.000000 
1.000000 
1.000000 
1.802776 
1.802776 
1.581139 
1.581139 
1.118034 
1.118034 
5.024938 
5.024938 
2.915476 
2.915476 
2.692582 
2.692582 
2.915476 
2.915476 
6.964194 
6.964194 
2.236068 
2.236068 
3.000000 
3.000000 
2.828427 
2.828427 
8.631338 
8.631338 
2.828427 
2.828427 
2.500000 
2.500000 
2.692582 
2.692582 
2.121320 
2.121320 
1.118034 
1.118034 
0.500000 
0.500000 
1.802776 
1.802776 
1.581139 
1.581139 
2.061553 
2.061553 
2.236068 
2.236068 
0.500000 
0.500000 
0.500000 
0.500000 
1.118034 
1.118034 
1.581139 
1.581139 
0.500000 
0.500000 
0.707107 
0.707107 
1.118034 
1.118034 
2.500000 
2.500000 
2.061553 
2.061553 
