0.000000 
0.000000 
0.707107 
0.707107 
1.581139 
1.581139 
4.472136 
4.472136 
1.118034 
1.118034 
1.802776 
1.802776 
0.000000 
0.000000 
1.802776 
1.802776 
1.000000 
1.000000 
2.500000 
2.500000 
1.500000 
1.500000 
2.236068 
2.236068 
2.236068 
2.236068 
3.640055 
3.640055 
0.000000 
0.000000 
2.236068 
2.236068 
2.236068 
2.236068 
3.000000 
3.000000 
2.236068 
2.236068 
4.743416 
4.743416 
3.000000 
3.000000 
2.236068 
2.236068 
2.061553 
2.061553 
3.000000 
3.000000 
2.236068 
2.236068 
2.500000 
2.500000 
3.000000 
3.000000 
2.236068 
2.236068 
2.500000 
2.500000 
0.000000 
0.000000 
3.000000 
3.000000 
2.236068 
2.236068 
2.500000 
2.500000 
2.000000 
2.000000 
3.000000 
3.000000 
2.236068 
2.236068 
2.500000 
2.500000 
2.500000 
2.500000 
3.000000 
3.000000 
2.236068 
2.236068 
2.500000 
2.500000 
0.000000 
0.000000 
0.000000 
0.000000 
3.041381 
3.041381 
3.000000 
3.000000 
2.236068 
2.236068 
2.500000 
2.500000 
0.000000 
0.000000 
0.000000 
0.000000 
0.000000 
0.000000 
4.527693 
4.527693 
3.041381 
3.041381 
3.000000 
3.000000 
2.236068 
2.236068 
2.500000 
2.500000 
1.802776 
1.802776 
3.000000 
3.000000 
0.000000 
0.000000 
3.354102 
3.354102 
3.041381 
3.041381 
3.000000 
3.000000 
2.236068 
2.236068 
2.500000 
2.500000 
0.000000 
0.000000 
1.118034 
1.118034 
4.031129 
4.031129 
0.000000 
0.000000 
3.354102 
3.354102 
3.041381 
3.041381 
3.000000 
3.000000 
2.236068 
2.236068 
2.500000 
2.500000 
0.000000 
0.000000 
4.031129 
4.031129 
1.581139 
1.581139 
4.031129 
4.031129 
0.000000 
0.000000 
3.354102 
3.354102 
3.041381 
3.041381 
3.000000 
3.000000 
2.236068 
2.236068 
2.500000 
2.500000 
0.000000 
0.000000 
3.000000 
3.000000 
4.031129 
4.031129 
1.000000 
1.000000 
4.031129 
4.031129 
0.000000 
0.000000 
3.354102 
3.354102 
3.041381 
3.041381 
3.000000 
3.000000 
2.236068 
2.236068 
2.500000 
2.500000 
3.535534 
3.535534 
3.500000 
3.500000 
4.031129 
4.031129 
3.640055 
3.640055 
4.031129 
4.031129 
0.000000 
0.000000 
3.354102 
3.354102 
3.041381 
3.041381 
3.000000 
3.000000 
2.500000 
2.500000 
0.000000 
0.000000 
3.041381 
3.041381 
3.500000 
3.500000 
4.031129 
4.031129 
1.581139 
1.581139 
4.031129 
4.031129 
0.000000 
0.000000 
3.354102 
3.354102 
3.041381 
3.041381 
3.000000 
3.000000 
2.500000 
2.500000 
0.000000 
0.000000 
3.535534 
3.535534 
3.041381 
3.041381 
3.500000 
3.500000 
4.031129 
4.031129 
1.581139 
1.581139 
4.031129 
4.031129 
0.000000 
0.000000 
3.354102 
3.354102 
3.041381 
3.041381 
2.500000 
2.500000 
3.640055 
3.640055 
3.535534 
3.535534 
3.041381 
3.041381 
3.500000 
3.500000 
4.031129 
4.031129 
1.581139 
1.581139 
4.031129 
4.031129 
0.000000 
0.000000 
3.354102 
3.354102 
3.041381 
3.041381 
2.500000 
2.500000 
0.000000 
0.000000 
0.000000 
0.000000 
3.640055 
3.640055 
3.535534 
3.535534 
3.041381 
3.041381 
3.500000 
3.500000 
4.031129 
4.031129 
1.581139 
1.581139 
4.031129 
4.031129 
0.000000 
0.000000 
3.354102 
3.354102 
3.041381 
3.041381 
2.500000 
2.500000 
3.000000 
3.000000 
4.031129 
4.031129 
3.640055 
3.640055 
3.535534 
3.535534 
3.041381 
3.041381 
3.500000 
3.500000 
4.031129 
4.031129 
1.581139 
1.581139 
4.031129 
4.031129 
0.000000 
0.000000 
3.354102 
3.354102 
3.041381 
3.041381 
4.000000 
4.000000 
3.000000 
3.000000 
3.640055 
3.640055 
3.535534 
3.535534 
3.041381 
3.041381 
3.500000 
3.500000 
4.031129 
4.031129 
1.581139 
1.581139 
4.031129 
4.031129 
0.000000 
0.000000 
3.354102 
3.354102 
3.041381 
3.041381 
0.000000 
0.000000 
0.000000 
0.000000 
4.000000 
4.000000 
3.000000 
3.000000 
3.640055 
3.640055 
3.535534 
3.535534 
3.041381 
3.041381 
3.500000 
3.500000 
4.031129 
4.031129 
1.581139 
1.581139 
4.031129 
4.031129 
0.000000 
0.000000 
3.354102 
3.354102 
3.041381 
3.041381 
3.807887 
3.807887 
4.031129 
4.031129 
4.000000 
4.000000 
3.000000 
3.000000 
3.640055 
3.640055 
3.535534 
3.535534 
3.041381 
3.041381 
3.500000 
3.500000 
4.031129 
4.031129 
1.581139 
1.581139 
4.031129 
4.031129 
0.000000 
0.000000 
3.354102 
3.354102 
3.041381 
3.041381 
