0.000000 
0.000000 
2.549510 
2.549510 
2.549510 
2.549510 
2.549510 
2.549510 
0.000000 
0.000000 
2.549510 
2.549510 
3.605551 
3.605551 
2.549510 
2.549510 
2.000000 
2.000000 
2.549510 
2.549510 
1.581139 
1.581139 
2.549510 
2.549510 
4.527693 
4.527693 
2.549510 
2.549510 
0.500000 
0.500000 
2.549510 
2.549510 
0.707107 
0.707107 
2.549510 
2.549510 
0.707107 
0.707107 
2.549510 
2.549510 
0.707107 
0.707107 
2.549510 
2.549510 
0.707107 
0.707107 
2.549510 
2.549510 
10.000000 
10.000000 
2.549510 
2.549510 
2.915476 
2.915476 
2.549510 
2.549510 
3.201562 
3.201562 
2.236068 
2.236068 
11.180340 
11.180340 
10.049876 
10.049876 
10.049876 
10.049876 
0.000000 
0.000000 
10.049876 
10.049876 
0.000000 
0.000000 
10.049876 
10.049876 
0.000000 
0.000000 
10.049876 
10.049876 
0.000000 
0.000000 
10.049876 
10.049876 
0.000000 
0.000000 
10.049876 
10.049876 
0.000000 
0.000000 
10.049876 
10.049876 
0.000000 
0.000000 
10.049876 
10.049876 
0.000000 
0.000000 
10.049876 
10.049876 
0.000000 
0.000000 
10.049876 
10.049876 
0.000000 
0.000000 
10.049876 
10.049876 
0.000000 
0.000000 
0.000000 
0.000000 
0.000000 
0.000000 
10.049876 
10.049876 
8.015610 
8.015610 
2.692582 
2.692582 
0.000000 
0.000000 
10.049876 
10.049876 
2.692582 
2.692582 
2.061553 
2.061553 
0.000000 
0.000000 
10.049876 
10.049876 
2.692582 
2.692582 
8.062258 
8.062258 
0.000000 
0.000000 
3.201562 
3.201562 
3.000000 
3.000000 
0.000000 
0.000000 
