0.000000 
0.000000 
0.000000 
0.000000 
0.000000 
0.000000 
0.000000 
0.000000 
0.000000 
0.000000 
0.000000 
0.000000 
0.000000 
0.000000 
6.576473 
6.576473 
1.500000 
1.500000 
0.500000 
0.500000 
0.000000 
0.000000 
0.500000 
0.500000 
2.061553 
2.061553 
1.118034 
1.118034 
0.707107 
0.707107 
0.000000 
0.000000 
7.762087 
7.762087 
2.236068 
2.236068 
0.707107 
0.707107 
1.581139 
1.581139 
0.000000 
0.000000 
1.802776 
1.802776 
2.915476 
2.915476 
2.000000 
2.000000 
0.707107 
0.707107 
0.000000 
0.000000 
1.000000 
1.000000 
2.236068 
2.236068 
1.500000 
1.500000 
0.500000 
0.500000 
0.000000 
0.000000 
0.500000 
0.500000 
1.414214 
1.414214 
2.549510 
2.549510 
0.000000 
0.000000 
0.000000 
0.000000 
0.707107 
0.707107 
1.000000 
1.000000 
0.500000 
0.500000 
0.500000 
0.500000 
0.000000 
0.000000 
0.500000 
0.500000 
2.000000 
2.000000 
0.707107 
0.707107 
2.500000 
2.500000 
0.000000 
0.000000 
0.707107 
0.707107 
1.500000 
1.500000 
0.500000 
0.500000 
0.707107 
0.707107 
0.000000 
0.000000 
0.707107 
0.707107 
1.000000 
1.000000 
0.707107 
0.707107 
6.000000 
6.000000 
0.000000 
0.000000 
0.500000 
0.500000 
2.061553 
2.061553 
0.000000 
0.000000 
2.000000 
2.000000 
0.000000 
0.000000 
1.000000 
1.000000 
1.500000 
1.500000 
0.500000 
0.500000 
2.828427 
2.828427 
0.000000 
0.000000 
0.707107 
0.707107 
6.519202 
6.519202 
0.500000 
0.500000 
12.257651 
12.257651 
0.000000 
0.000000 
1.118034 
1.118034 
1.581139 
1.581139 
1.581139 
1.581139 
12.257651 
12.257651 
1.118034 
1.118034 
2.500000 
2.500000 
1.414214 
1.414214 
2.061553 
2.061553 
0.500000 
0.500000 
5.000000 
5.000000 
0.707107 
0.707107 
2.061553 
2.061553 
1.000000 
1.000000 
5.000000 
5.000000 
1.118034 
1.118034 
0.000000 
0.000000 
2.061553 
2.061553 
1.118034 
1.118034 
5.000000 
5.000000 
0.707107 
0.707107 
1.000000 
1.000000 
2.061553 
2.061553 
1.000000 
1.000000 
9.486833 
9.486833 
1.118034 
1.118034 
0.707107 
0.707107 
2.061553 
2.061553 
0.707107 
0.707107 
2.500000 
2.500000 
2.121320 
2.121320 
0.500000 
0.500000 
2.061553 
2.061553 
1.118034 
1.118034 
2.500000 
2.500000 
2.236068 
2.236068 
0.500000 
0.500000 
2.061553 
2.061553 
1.414214 
1.414214 
2.500000 
2.500000 
1.414214 
1.414214 
0.707107 
0.707107 
2.061553 
2.061553 
1.118034 
1.118034 
2.500000 
2.500000 
3.605551 
3.605551 
0.707107 
0.707107 
2.061553 
2.061553 
0.707107 
0.707107 
2.500000 
2.500000 
2.500000 
2.500000 
1.000000 
1.000000 
2.061553 
2.061553 
0.000000 
0.000000 
2.500000 
2.500000 
1.802776 
1.802776 
1.802776 
1.802776 
2.061553 
2.061553 
1.118034 
1.118034 
2.500000 
2.500000 
10.606602 
10.606602 
5.590170 
5.590170 
2.061553 
2.061553 
1.581139 
1.581139 
2.500000 
2.500000 
1.581139 
1.581139 
1.802776 
1.802776 
2.061553 
2.061553 
2.000000 
2.000000 
2.500000 
2.500000 
1.581139 
1.581139 
2.500000 
2.500000 
2.061553 
2.061553 
1.000000 
1.000000 
2.500000 
2.500000 
0.707107 
0.707107 
2.061553 
2.061553 
2.061553 
2.061553 
2.121320 
2.121320 
2.500000 
2.500000 
1.118034 
1.118034 
3.162278 
3.162278 
7.000000 
7.000000 
2.500000 
2.500000 
0.000000 
0.000000 
6.020797 
6.020797 
2.692582 
2.692582 
2.500000 
2.500000 
1.118034 
1.118034 
2.061553 
2.061553 
3.500000 
3.500000 
2.500000 
2.500000 
2.061553 
2.061553 
2.000000 
2.000000 
4.031129 
4.031129 
2.500000 
2.500000 
2.500000 
2.500000 
4.609772 
4.609772 
3.354102 
3.354102 
1.118034 
1.118034 
6.020797 
6.020797 
3.041381 
3.041381 
1.581139 
1.581139 
1.000000 
1.000000 
1.500000 
1.500000 
1.581139 
1.581139 
1.802776 
1.802776 
1.118034 
1.118034 
1.000000 
1.000000 
