0.000000 
0.000000 
0.000000 
0.000000 
0.000000 
0.000000 
0.000000 
0.000000 
0.000000 
0.000000 
0.000000 
0.000000 
0.000000 
0.000000 
3.640055 
3.640055 
2.061553 
2.061553 
0.707107 
0.707107 
1.500000 
1.500000 
1.118034 
1.118034 
2.500000 
2.500000 
1.802776 
1.802776 
3.640055 
3.640055 
0.500000 
0.500000 
2.236068 
2.236068 
0.707107 
0.707107 
3.535534 
3.535534 
1.581139 
1.581139 
1.118034 
1.118034 
3.640055 
3.640055 
0.707107 
0.707107 
0.500000 
0.500000 
0.707107 
0.707107 
0.500000 
0.500000 
2.061553 
2.061553 
0.707107 
0.707107 
0.000000 
0.000000 
3.640055 
3.640055 
0.707107 
0.707107 
0.000000 
0.000000 
0.500000 
0.500000 
0.707107 
0.707107 
1.581139 
1.581139 
1.000000 
1.000000 
1.414214 
1.414214 
3.640055 
3.640055 
0.707107 
0.707107 
0.000000 
0.000000 
1.118034 
1.118034 
0.000000 
0.000000 
1.118034 
1.118034 
0.500000 
0.500000 
0.000000 
0.000000 
3.640055 
3.640055 
0.707107 
0.707107 
0.000000 
0.000000 
0.500000 
0.500000 
1.118034 
1.118034 
1.581139 
1.581139 
0.707107 
0.707107 
4.272002 
4.272002 
3.640055 
3.640055 
0.707107 
0.707107 
0.000000 
0.000000 
0.707107 
0.707107 
0.707107 
0.707107 
3.640055 
3.640055 
0.707107 
0.707107 
0.000000 
0.000000 
3.640055 
3.640055 
0.707107 
0.707107 
0.500000 
0.500000 
0.000000 
0.000000 
0.707107 
0.707107 
1.500000 
1.500000 
2.549510 
2.549510 
0.000000 
0.000000 
3.640055 
3.640055 
0.707107 
0.707107 
0.000000 
0.000000 
3.807887 
3.807887 
0.500000 
0.500000 
2.549510 
2.549510 
1.118034 
1.118034 
0.000000 
0.000000 
3.640055 
3.640055 
0.707107 
0.707107 
0.500000 
0.500000 
2.692582 
2.692582 
1.000000 
1.000000 
2.061553 
2.061553 
1.118034 
1.118034 
0.000000 
0.000000 
3.640055 
3.640055 
0.707107 
0.707107 
1.118034 
1.118034 
0.500000 
0.500000 
0.500000 
0.500000 
1.581139 
1.581139 
1.118034 
1.118034 
0.000000 
0.000000 
3.640055 
3.640055 
0.707107 
0.707107 
1.118034 
1.118034 
1.802776 
1.802776 
2.061553 
2.061553 
3.535534 
3.535534 
1.414214 
1.414214 
0.000000 
0.000000 
0.000000 
0.000000 
3.640055 
3.640055 
0.707107 
0.707107 
4.031129 
4.031129 
1.802776 
1.802776 
0.500000 
0.500000 
4.000000 
4.000000 
1.118034 
1.118034 
1.414214 
1.414214 
0.000000 
0.000000 
3.640055 
3.640055 
0.707107 
0.707107 
1.581139 
1.581139 
0.707107 
0.707107 
1.000000 
1.000000 
3.807887 
3.807887 
1.581139 
1.581139 
2.692582 
2.692582 
0.000000 
0.000000 
3.640055 
3.640055 
0.707107 
0.707107 
1.581139 
1.581139 
3.162278 
3.162278 
0.500000 
0.500000 
1.802776 
1.802776 
1.581139 
1.581139 
2.692582 
2.692582 
0.000000 
0.000000 
0.707107 
0.707107 
5.024938 
5.024938 
0.707107 
0.707107 
1.500000 
1.500000 
4.527693 
4.527693 
1.581139 
1.581139 
2.692582 
2.692582 
0.000000 
0.000000 
0.707107 
0.707107 
1.500000 
1.500000 
2.236068 
2.236068 
0.500000 
0.500000 
2.236068 
2.236068 
1.118034 
1.118034 
0.000000 
0.000000 
2.692582 
2.692582 
0.000000 
0.000000 
1.500000 
1.500000 
0.707107 
0.707107 
1.000000 
1.000000 
4.527693 
4.527693 
4.500000 
4.500000 
0.000000 
0.000000 
0.000000 
0.000000 
2.692582 
2.692582 
0.000000 
0.000000 
1.500000 
1.500000 
2.061553 
2.061553 
1.414214 
1.414214 
1.802776 
1.802776 
1.000000 
1.000000 
1.500000 
1.500000 
0.000000 
0.000000 
2.692582 
2.692582 
0.000000 
0.000000 
1.500000 
1.500000 
0.500000 
0.500000 
1.581139 
1.581139 
1.581139 
1.581139 
1.802776 
1.802776 
0.000000 
0.000000 
1.500000 
1.500000 
0.000000 
0.000000 
2.692582 
2.692582 
0.000000 
0.000000 
1.500000 
1.500000 
1.118034 
1.118034 
1.581139 
1.581139 
4.609772 
4.609772 
1.118034 
1.118034 
0.000000 
0.000000 
0.000000 
0.000000 
1.500000 
1.500000 
0.000000 
0.000000 
2.692582 
2.692582 
0.000000 
0.000000 
1.500000 
1.500000 
0.500000 
0.500000 
1.581139 
1.581139 
1.414214 
1.414214 
5.500000 
5.500000 
0.000000 
0.000000 
1.500000 
1.500000 
0.000000 
0.000000 
1.500000 
1.500000 
0.000000 
0.000000 
2.692582 
2.692582 
0.000000 
0.000000 
1.500000 
1.500000 
3.500000 
3.500000 
1.581139 
1.581139 
1.802776 
1.802776 
1.581139 
1.581139 
0.000000 
0.000000 
0.000000 
0.000000 
1.118034 
1.118034 
0.000000 
0.000000 
1.500000 
1.500000 
0.000000 
0.000000 
2.692582 
2.692582 
1.500000 
1.500000 
0.707107 
0.707107 
1.581139 
1.581139 
1.118034 
1.118034 
1.118034 
1.118034 
1.500000 
1.500000 
0.000000 
0.000000 
1.118034 
1.118034 
0.000000 
0.000000 
1.500000 
1.500000 
0.000000 
0.000000 
2.692582 
2.692582 
1.500000 
1.500000 
1.118034 
1.118034 
1.581139 
1.581139 
4.609772 
4.609772 
1.500000 
1.500000 
1.500000 
1.500000 
0.000000 
0.000000 
1.118034 
1.118034 
0.000000 
0.000000 
1.500000 
1.500000 
0.000000 
0.000000 
2.692582 
2.692582 
1.500000 
1.500000 
0.707107 
0.707107 
1.581139 
1.581139 
3.162278 
3.162278 
1.581139 
1.581139 
1.500000 
1.500000 
0.000000 
0.000000 
1.118034 
1.118034 
0.000000 
0.000000 
1.500000 
1.500000 
0.000000 
0.000000 
2.692582 
2.692582 
1.500000 
1.500000 
2.549510 
2.549510 
1.581139 
1.581139 
2.061553 
2.061553 
1.581139 
1.581139 
0.000000 
0.000000 
1.500000 
1.500000 
0.000000 
0.000000 
1.118034 
1.118034 
0.000000 
0.000000 
1.500000 
1.500000 
0.000000 
0.000000 
2.692582 
2.692582 
1.500000 
1.500000 
1.414214 
1.414214 
1.581139 
1.581139 
2.061553 
2.061553 
1.802776 
1.802776 
1.118034 
1.118034 
1.500000 
1.500000 
0.000000 
0.000000 
2.236068 
2.236068 
0.000000 
0.000000 
1.500000 
1.500000 
0.000000 
0.000000 
2.692582 
2.692582 
1.500000 
1.500000 
1.000000 
1.000000 
1.581139 
1.581139 
2.061553 
2.061553 
3.640055 
3.640055 
4.527693 
4.527693 
1.500000 
1.500000 
0.000000 
0.000000 
1.118034 
1.118034 
0.000000 
0.000000 
1.500000 
1.500000 
0.000000 
0.000000 
1.500000 
1.500000 
1.000000 
1.000000 
1.581139 
1.581139 
2.061553 
2.061553 
0.707107 
0.707107 
1.414214 
1.414214 
1.500000 
1.500000 
0.000000 
0.000000 
1.118034 
1.118034 
0.000000 
0.000000 
1.500000 
1.500000 
0.000000 
0.000000 
1.500000 
1.500000 
1.000000 
1.000000 
1.581139 
1.581139 
2.061553 
2.061553 
0.500000 
0.500000 
1.000000 
1.000000 
1.500000 
1.500000 
0.000000 
0.000000 
1.118034 
1.118034 
0.000000 
0.000000 
1.500000 
1.500000 
0.000000 
0.000000 
0.500000 
0.500000 
1.581139 
1.581139 
2.061553 
2.061553 
1.118034 
1.118034 
0.000000 
0.000000 
1.118034 
1.118034 
1.500000 
1.500000 
0.000000 
0.000000 
1.118034 
1.118034 
0.000000 
0.000000 
1.500000 
1.500000 
0.500000 
0.500000 
1.581139 
1.581139 
2.061553 
2.061553 
0.000000 
0.000000 
0.000000 
0.000000 
1.000000 
1.000000 
1.500000 
1.500000 
0.000000 
0.000000 
1.118034 
1.118034 
0.000000 
0.000000 
1.500000 
1.500000 
0.500000 
0.500000 
1.581139 
1.581139 
2.061553 
2.061553 
0.500000 
0.500000 
0.000000 
0.000000 
0.000000 
0.000000 
0.000000 
0.000000 
0.000000 
0.000000 
1.000000 
1.000000 
1.500000 
1.500000 
0.000000 
0.000000 
1.118034 
1.118034 
0.000000 
0.000000 
0.500000 
0.500000 
2.061553 
2.061553 
0.500000 
0.500000 
0.000000 
0.000000 
1.581139 
1.581139 
0.707107 
0.707107 
0.000000 
0.000000 
1.000000 
1.000000 
1.500000 
1.500000 
0.000000 
0.000000 
1.118034 
1.118034 
0.500000 
0.500000 
2.061553 
2.061553 
1.118034 
1.118034 
0.000000 
0.000000 
0.000000 
0.000000 
1.581139 
1.581139 
0.000000 
0.000000 
0.000000 
0.000000 
1.000000 
1.000000 
1.500000 
1.500000 
0.000000 
0.000000 
1.118034 
1.118034 
0.500000 
0.500000 
2.061553 
2.061553 
1.500000 
1.500000 
0.000000 
0.000000 
1.118034 
1.118034 
0.000000 
0.000000 
1.581139 
1.581139 
1.500000 
1.500000 
0.000000 
0.000000 
1.000000 
1.000000 
1.500000 
1.500000 
1.118034 
1.118034 
0.500000 
0.500000 
2.061553 
2.061553 
6.020797 
6.020797 
