0.000000 
0.000000 
0.000000 
0.000000 
0.000000 
0.000000 
0.500000 
0.500000 
3.500000 
3.500000 
0.000000 
0.000000 
0.707107 
0.707107 
1.000000 
1.000000 
0.500000 
0.500000 
7.516648 
7.516648 
1.000000 
1.000000 
0.707107 
0.707107 
7.017834 
7.017834 
1.118034 
1.118034 
0.000000 
0.000000 
7.516648 
7.516648 
1.118034 
1.118034 
0.000000 
0.000000 
1.118034 
1.118034 
4.527693 
4.527693 
0.500000 
0.500000 
0.500000 
0.500000 
1.581139 
1.581139 
0.500000 
0.500000 
7.071068 
7.071068 
4.609772 
4.609772 
0.000000 
0.000000 
0.500000 
0.500000 
1.500000 
1.500000 
0.500000 
0.500000 
1.118034 
1.118034 
0.500000 
0.500000 
0.500000 
0.500000 
1.118034 
1.118034 
1.000000 
1.000000 
0.500000 
0.500000 
1.118034 
1.118034 
0.000000 
0.000000 
5.024938 
5.024938 
1.118034 
1.118034 
4.031129 
4.031129 
1.118034 
1.118034 
1.118034 
1.118034 
4.000000 
4.000000 
6.082763 
6.082763 
1.118034 
1.118034 
2.061553 
2.061553 
0.500000 
0.500000 
1.118034 
1.118034 
1.581139 
1.581139 
6.500000 
6.500000 
1.118034 
1.118034 
1.000000 
1.000000 
1.000000 
1.000000 
1.118034 
1.118034 
1.118034 
1.118034 
0.707107 
0.707107 
8.732125 
8.732125 
1.000000 
1.000000 
0.500000 
0.500000 
0.707107 
0.707107 
1.118034 
1.118034 
4.609772 
4.609772 
0.707107 
0.707107 
1.000000 
1.000000 
0.500000 
0.500000 
0.707107 
0.707107 
0.500000 
0.500000 
0.500000 
0.500000 
0.707107 
0.707107 
1.118034 
1.118034 
0.500000 
0.500000 
0.707107 
0.707107 
3.041381 
3.041381 
0.707107 
0.707107 
0.707107 
0.707107 
2.549510 
2.549510 
0.500000 
0.500000 
0.707107 
0.707107 
0.707107 
0.707107 
0.707107 
0.707107 
0.707107 
0.707107 
1.414214 
1.414214 
4.500000 
4.500000 
0.707107 
0.707107 
1.118034 
1.118034 
0.500000 
0.500000 
0.707107 
0.707107 
1.581139 
1.581139 
0.000000 
0.000000 
0.707107 
0.707107 
0.707107 
0.707107 
0.000000 
0.000000 
0.707107 
0.707107 
1.500000 
1.500000 
0.000000 
0.000000 
0.707107 
0.707107 
0.707107 
0.707107 
0.500000 
0.500000 
0.707107 
0.707107 
0.500000 
0.500000 
0.000000 
0.000000 
0.707107 
0.707107 
1.000000 
1.000000 
6.403124 
6.403124 
0.000000 
0.000000 
1.118034 
1.118034 
6.403124 
6.403124 
0.500000 
0.500000 
0.500000 
0.500000 
0.500000 
0.500000 
5.522681 
5.522681 
1.500000 
1.500000 
0.000000 
0.000000 
1.118034 
1.118034 
0.707107 
0.707107 
0.500000 
0.500000 
