0.000000 
0.000000 
0.000000 
0.000000 
0.000000 
0.000000 
0.000000 
0.000000 
0.500000 
0.500000 
0.000000 
0.000000 
1.000000 
1.000000 
0.000000 
0.000000 
0.000000 
0.000000 
0.500000 
0.500000 
1.118034 
1.118034 
0.000000 
0.000000 
0.000000 
0.000000 
0.500000 
0.500000 
0.000000 
0.000000 
0.500000 
0.500000 
1.581139 
1.581139 
1.118034 
1.118034 
0.000000 
0.000000 
0.000000 
0.000000 
2.236068 
2.236068 
0.000000 
0.000000 
0.500000 
0.500000 
0.707107 
0.707107 
1.414214 
1.414214 
1.118034 
1.118034 
0.500000 
0.500000 
2.236068 
2.236068 
0.000000 
0.000000 
0.500000 
0.500000 
0.000000 
0.000000 
1.414214 
1.414214 
0.000000 
0.000000 
0.000000 
0.000000 
2.236068 
2.236068 
0.000000 
0.000000 
2.236068 
2.236068 
0.000000 
0.000000 
0.500000 
0.500000 
0.500000 
0.500000 
1.414214 
1.414214 
0.500000 
0.500000 
0.500000 
0.500000 
2.236068 
2.236068 
0.500000 
0.500000 
2.236068 
2.236068 
0.000000 
0.000000 
0.500000 
0.500000 
1.118034 
1.118034 
1.414214 
1.414214 
0.500000 
0.500000 
0.707107 
0.707107 
2.236068 
2.236068 
0.000000 
0.000000 
2.236068 
2.236068 
0.000000 
0.000000 
0.500000 
0.500000 
0.500000 
0.500000 
1.414214 
1.414214 
0.500000 
0.500000 
1.118034 
1.118034 
2.236068 
2.236068 
0.000000 
0.000000 
3.354102 
3.354102 
0.000000 
0.000000 
0.500000 
0.500000 
0.000000 
0.000000 
1.414214 
1.414214 
0.500000 
0.500000 
0.000000 
0.000000 
2.236068 
2.236068 
0.707107 
0.707107 
1.118034 
1.118034 
0.000000 
0.000000 
0.500000 
0.500000 
0.707107 
0.707107 
1.414214 
1.414214 
0.500000 
0.500000 
0.707107 
0.707107 
3.041381 
3.041381 
0.000000 
0.000000 
0.707107 
0.707107 
0.000000 
0.000000 
0.500000 
0.500000 
0.500000 
0.500000 
1.414214 
1.414214 
0.500000 
0.500000 
0.500000 
0.500000 
3.041381 
3.041381 
2.692582 
2.692582 
0.500000 
0.500000 
0.000000 
0.000000 
0.500000 
0.500000 
0.500000 
0.500000 
1.414214 
1.414214 
0.500000 
0.500000 
3.162278 
3.162278 
3.041381 
3.041381 
1.118034 
1.118034 
2.121320 
2.121320 
0.000000 
0.000000 
0.500000 
0.500000 
0.500000 
0.500000 
1.414214 
1.414214 
0.500000 
0.500000 
0.500000 
0.500000 
3.905125 
3.905125 
0.707107 
0.707107 
2.121320 
2.121320 
0.000000 
0.000000 
0.500000 
0.500000 
1.000000 
1.000000 
1.414214 
1.414214 
0.500000 
0.500000 
1.118034 
1.118034 
0.500000 
0.500000 
0.707107 
0.707107 
2.121320 
2.121320 
0.000000 
0.000000 
0.500000 
0.500000 
1.000000 
1.000000 
1.414214 
1.414214 
0.000000 
0.000000 
0.500000 
0.500000 
1.500000 
1.500000 
0.500000 
0.500000 
0.707107 
0.707107 
2.121320 
2.121320 
1.000000 
1.000000 
1.414214 
1.414214 
2.121320 
2.121320 
0.500000 
0.500000 
0.707107 
0.707107 
2.000000 
2.000000 
0.707107 
0.707107 
2.121320 
2.121320 
1.000000 
1.000000 
1.414214 
1.414214 
0.707107 
0.707107 
0.500000 
0.500000 
0.500000 
0.500000 
0.500000 
0.500000 
0.707107 
0.707107 
2.121320 
2.121320 
1.000000 
1.000000 
1.414214 
1.414214 
0.707107 
0.707107 
0.500000 
0.500000 
4.031129 
4.031129 
0.500000 
0.500000 
0.707107 
0.707107 
2.121320 
2.121320 
1.000000 
1.000000 
1.414214 
1.414214 
0.000000 
0.000000 
0.707107 
0.707107 
0.500000 
0.500000 
0.707107 
0.707107 
0.500000 
0.500000 
0.707107 
0.707107 
2.121320 
2.121320 
1.000000 
1.000000 
0.000000 
0.000000 
0.500000 
0.500000 
0.707107 
0.707107 
0.500000 
0.500000 
1.000000 
1.000000 
0.500000 
0.500000 
0.707107 
0.707107 
2.121320 
2.121320 
1.000000 
1.000000 
0.000000 
0.000000 
0.000000 
0.000000 
0.707107 
0.707107 
0.500000 
0.500000 
0.707107 
0.707107 
2.549510 
2.549510 
0.500000 
0.500000 
0.707107 
0.707107 
2.121320 
2.121320 
1.000000 
1.000000 
1.118034 
1.118034 
0.500000 
0.500000 
0.000000 
0.000000 
0.500000 
0.500000 
0.707107 
0.707107 
1.118034 
1.118034 
0.500000 
0.500000 
0.707107 
0.707107 
2.121320 
2.121320 
1.000000 
1.000000 
1.118034 
1.118034 
0.707107 
0.707107 
1.118034 
1.118034 
0.500000 
0.500000 
0.707107 
0.707107 
0.707107 
0.707107 
0.500000 
0.500000 
0.707107 
0.707107 
2.121320 
2.121320 
1.000000 
1.000000 
1.000000 
1.000000 
0.500000 
0.500000 
0.000000 
0.000000 
0.500000 
0.500000 
0.707107 
0.707107 
3.041381 
3.041381 
0.500000 
0.500000 
0.707107 
0.707107 
2.121320 
2.121320 
1.000000 
1.000000 
0.000000 
0.000000 
0.500000 
0.500000 
3.500000 
3.500000 
0.500000 
0.500000 
0.500000 
0.500000 
0.707107 
0.707107 
3.162278 
3.162278 
0.500000 
0.500000 
0.707107 
0.707107 
2.121320 
2.121320 
1.000000 
1.000000 
1.118034 
1.118034 
0.500000 
0.500000 
2.061553 
2.061553 
0.500000 
0.500000 
0.500000 
0.500000 
0.707107 
0.707107 
0.707107 
0.707107 
0.500000 
0.500000 
0.707107 
0.707107 
2.121320 
2.121320 
1.000000 
1.000000 
1.000000 
1.000000 
0.707107 
0.707107 
0.500000 
0.500000 
1.118034 
1.118034 
0.500000 
0.500000 
0.707107 
0.707107 
0.500000 
0.500000 
0.500000 
0.500000 
0.707107 
0.707107 
1.000000 
1.000000 
6.519202 
6.519202 
1.118034 
1.118034 
1.118034 
1.118034 
0.707107 
0.707107 
0.500000 
0.500000 
0.707107 
0.707107 
0.000000 
0.000000 
0.500000 
0.500000 
0.707107 
0.707107 
6.519202 
6.519202 
1.118034 
1.118034 
0.707107 
0.707107 
0.707107 
0.707107 
0.500000 
0.500000 
0.707107 
0.707107 
0.500000 
0.500000 
0.500000 
0.500000 
6.519202 
6.519202 
3.162278 
3.162278 
0.707107 
0.707107 
0.500000 
0.500000 
0.500000 
0.500000 
0.707107 
0.707107 
0.000000 
0.000000 
0.500000 
0.500000 
0.000000 
0.000000 
0.000000 
0.000000 
6.519202 
6.519202 
3.162278 
3.162278 
0.707107 
0.707107 
0.500000 
0.500000 
0.500000 
0.500000 
0.707107 
0.707107 
0.500000 
0.500000 
0.500000 
0.500000 
2.500000 
2.500000 
0.707107 
0.707107 
5.852350 
5.852350 
3.162278 
3.162278 
0.707107 
0.707107 
0.707107 
0.707107 
0.500000 
0.500000 
0.500000 
0.500000 
0.500000 
0.500000 
0.500000 
0.500000 
0.000000 
0.000000 
3.162278 
3.162278 
0.707107 
0.707107 
0.707107 
0.707107 
0.500000 
0.500000 
0.000000 
0.000000 
0.707107 
0.707107 
0.000000 
0.000000 
0.707107 
0.707107 
3.162278 
3.162278 
0.707107 
0.707107 
0.500000 
0.500000 
0.500000 
0.500000 
2.500000 
2.500000 
0.707107 
0.707107 
0.707107 
0.707107 
0.707107 
0.707107 
3.162278 
3.162278 
0.707107 
0.707107 
0.500000 
0.500000 
0.500000 
0.500000 
0.000000 
0.000000 
0.707107 
0.707107 
0.500000 
0.500000 
0.707107 
0.707107 
3.162278 
3.162278 
0.707107 
0.707107 
0.500000 
0.500000 
0.500000 
0.500000 
2.549510 
2.549510 
3.640055 
3.640055 
0.707107 
0.707107 
3.162278 
3.162278 
0.707107 
0.707107 
1.581139 
1.581139 
1.000000 
1.000000 
