0.000000 
0.000000 
0.000000 
0.000000 
3.640055 
3.640055 
1.118034 
1.118034 
2.061553 
2.061553 
1.581139 
1.581139 
9.500000 
9.500000 
0.707107 
0.707107 
2.061553 
2.061553 
0.500000 
0.500000 
1.118034 
1.118034 
1.581139 
1.581139 
1.118034 
1.118034 
1.581139 
1.581139 
1.118034 
1.118034 
13.500000 
13.500000 
1.118034 
1.118034 
13.500000 
13.500000 
1.118034 
1.118034 
13.500000 
13.500000 
1.118034 
1.118034 
13.500000 
13.500000 
1.118034 
1.118034 
2.500000 
2.500000 
1.118034 
1.118034 
1.118034 
1.118034 
1.118034 
1.118034 
1.000000 
1.000000 
1.118034 
1.118034 
1.000000 
1.000000 
1.118034 
1.118034 
1.000000 
1.000000 
1.118034 
1.118034 
1.000000 
1.000000 
1.118034 
1.118034 
1.000000 
1.000000 
1.118034 
1.118034 
1.581139 
1.581139 
1.118034 
1.118034 
1.581139 
1.581139 
1.581139 
1.581139 
1.581139 
1.581139 
1.581139 
1.581139 
1.581139 
1.581139 
1.581139 
1.581139 
1.581139 
1.581139 
1.581139 
1.581139 
0.000000 
0.000000 
1.581139 
1.581139 
2.692582 
2.692582 
1.581139 
1.581139 
3.000000 
3.000000 
3.500000 
3.500000 
1.802776 
1.802776 
1.500000 
1.500000 
1.118034 
1.118034 
1.581139 
1.581139 
1.581139 
1.581139 
1.581139 
1.581139 
1.000000 
1.000000 
1.581139 
1.581139 
9.219544 
9.219544 
1.581139 
1.581139 
0.000000 
0.000000 
0.707107 
0.707107 
2.692582 
2.692582 
1.118034 
1.118034 
2.236068 
2.236068 
2.692582 
2.692582 
26.043233 
26.043233 
6.708204 
6.708204 
2.692582 
2.692582 
1.581139 
1.581139 
1.118034 
1.118034 
2.692582 
2.692582 
