0.000000 
0.000000 
0.000000 
0.000000 
4.500000 
4.500000 
3.041381 
3.041381 
4.924429 
4.924429 
2.500000 
2.500000 
4.924429 
4.924429 
3.807887 
3.807887 
14.080128 
14.080128 
2.236068 
2.236068 
2.692582 
2.692582 
9.219544 
9.219544 
2.692582 
2.692582 
8.139410 
8.139410 
2.692582 
2.692582 
8.500000 
8.500000 
2.692582 
2.692582 
0.707107 
0.707107 
2.692582 
2.692582 
0.000000 
0.000000 
2.692582 
2.692582 
0.500000 
0.500000 
2.692582 
2.692582 
1.118034 
1.118034 
2.692582 
2.692582 
1.118034 
1.118034 
2.692582 
2.692582 
0.000000 
0.000000 
2.692582 
2.692582 
1.118034 
1.118034 
2.692582 
2.692582 
0.500000 
0.500000 
2.692582 
2.692582 
1.500000 
1.500000 
2.692582 
2.692582 
1.581139 
1.581139 
2.692582 
2.692582 
2.000000 
2.000000 
2.692582 
2.692582 
0.500000 
0.500000 
1.000000 
1.000000 
0.500000 
0.500000 
1.000000 
1.000000 
2.000000 
2.000000 
1.000000 
1.000000 
0.000000 
0.000000 
1.500000 
1.500000 
0.000000 
0.000000 
0.500000 
0.500000 
0.000000 
0.000000 
14.080128 
14.080128 
0.000000 
0.000000 
14.000000 
14.000000 
0.000000 
0.000000 
1.000000 
1.000000 
0.000000 
0.000000 
0.707107 
0.707107 
0.000000 
0.000000 
1.581139 
1.581139 
0.000000 
0.000000 
0.500000 
0.500000 
0.000000 
0.000000 
0.000000 
0.000000 
0.000000 
0.000000 
0.500000 
0.500000 
0.000000 
0.000000 
1.000000 
1.000000 
1.414214 
1.414214 
0.000000 
0.000000 
2.236068 
2.236068 
2.549510 
2.549510 
0.000000 
0.000000 
1.118034 
1.118034 
3.500000 
3.500000 
0.000000 
0.000000 
2.236068 
2.236068 
5.220153 
5.220153 
0.000000 
0.000000 
0.500000 
0.500000 
