0.000000 
0.000000 
0.000000 
0.000000 
0.500000 
0.500000 
0.000000 
0.000000 
0.000000 
0.000000 
1.581139 
1.581139 
1.118034 
1.118034 
0.000000 
0.000000 
0.500000 
0.500000 
1.000000 
1.000000 
0.000000 
0.000000 
0.500000 
0.500000 
0.500000 
0.500000 
0.000000 
0.000000 
0.500000 
0.500000 
0.500000 
0.500000 
0.000000 
0.000000 
0.500000 
0.500000 
3.500000 
3.500000 
0.000000 
0.000000 
0.500000 
0.500000 
1.118034 
1.118034 
0.000000 
0.000000 
0.500000 
0.500000 
1.581139 
1.581139 
0.000000 
0.000000 
0.500000 
0.500000 
1.414214 
1.414214 
0.000000 
0.000000 
0.500000 
0.500000 
1.414214 
1.414214 
0.000000 
0.000000 
0.500000 
0.500000 
1.414214 
1.414214 
0.000000 
0.000000 
0.500000 
0.500000 
0.000000 
0.000000 
0.000000 
0.000000 
1.414214 
1.414214 
0.000000 
0.000000 
0.500000 
0.500000 
2.828427 
2.828427 
1.581139 
1.581139 
1.414214 
1.414214 
0.000000 
0.000000 
0.500000 
0.500000 
3.162278 
3.162278 
1.500000 
1.500000 
1.414214 
1.414214 
0.000000 
0.000000 
0.500000 
0.500000 
0.000000 
0.000000 
3.162278 
3.162278 
2.061553 
2.061553 
1.414214 
1.414214 
0.500000 
0.500000 
0.000000 
0.000000 
1.500000 
1.500000 
3.162278 
3.162278 
1.500000 
1.500000 
1.414214 
1.414214 
0.500000 
0.500000 
3.162278 
3.162278 
1.000000 
1.000000 
3.162278 
3.162278 
1.500000 
1.500000 
1.414214 
1.414214 
0.000000 
0.000000 
2.692582 
2.692582 
3.162278 
3.162278 
3.162278 
3.162278 
1.118034 
1.118034 
1.414214 
1.414214 
0.000000 
0.000000 
1.581139 
1.581139 
0.000000 
0.000000 
0.500000 
0.500000 
3.162278 
3.162278 
0.500000 
0.500000 
1.414214 
1.414214 
1.118034 
1.118034 
1.414214 
1.414214 
2.500000 
2.500000 
1.118034 
1.118034 
3.162278 
3.162278 
1.118034 
1.118034 
1.414214 
1.414214 
0.500000 
0.500000 
1.000000 
1.000000 
2.500000 
2.500000 
1.581139 
1.581139 
3.162278 
3.162278 
1.000000 
1.000000 
1.414214 
1.414214 
0.707107 
0.707107 
0.707107 
0.707107 
1.581139 
1.581139 
1.500000 
1.500000 
3.162278 
3.162278 
2.000000 
2.000000 
1.414214 
1.414214 
0.707107 
0.707107 
1.414214 
1.414214 
5.000000 
5.000000 
1.500000 
1.500000 
3.162278 
3.162278 
2.500000 
2.500000 
1.414214 
1.414214 
0.500000 
0.500000 
1.500000 
1.500000 
2.692582 
2.692582 
1.500000 
1.500000 
3.162278 
3.162278 
2.236068 
2.236068 
0.000000 
0.000000 
0.000000 
0.000000 
1.000000 
1.000000 
1.500000 
1.500000 
3.162278 
3.162278 
1.500000 
1.500000 
3.162278 
3.162278 
2.236068 
2.236068 
0.000000 
0.000000 
2.061553 
2.061553 
1.414214 
1.414214 
1.500000 
1.500000 
3.162278 
3.162278 
1.500000 
1.500000 
3.162278 
3.162278 
2.236068 
2.236068 
0.000000 
0.000000 
1.118034 
1.118034 
0.707107 
0.707107 
1.500000 
1.500000 
3.162278 
3.162278 
1.500000 
1.500000 
3.162278 
3.162278 
2.236068 
2.236068 
0.000000 
0.000000 
4.500000 
4.500000 
0.707107 
0.707107 
1.500000 
1.500000 
3.162278 
3.162278 
1.500000 
1.500000 
3.162278 
3.162278 
2.236068 
2.236068 
0.000000 
0.000000 
1.118034 
1.118034 
0.707107 
0.707107 
1.500000 
1.500000 
3.162278 
3.162278 
1.500000 
1.500000 
2.236068 
2.236068 
0.000000 
0.000000 
1.414214 
1.414214 
0.707107 
0.707107 
1.500000 
1.500000 
3.162278 
3.162278 
1.500000 
1.500000 
2.236068 
2.236068 
0.000000 
0.000000 
1.414214 
1.414214 
0.707107 
0.707107 
1.500000 
1.500000 
3.162278 
3.162278 
1.500000 
1.500000 
2.236068 
2.236068 
0.000000 
0.000000 
1.414214 
1.414214 
0.707107 
0.707107 
1.500000 
1.500000 
3.162278 
3.162278 
1.500000 
1.500000 
2.236068 
2.236068 
0.000000 
0.000000 
1.414214 
1.414214 
0.707107 
0.707107 
1.500000 
1.500000 
3.162278 
3.162278 
1.500000 
1.500000 
2.236068 
2.236068 
0.000000 
0.000000 
0.000000 
0.000000 
0.000000 
0.000000 
4.609772 
4.609772 
0.707107 
0.707107 
1.500000 
1.500000 
3.162278 
3.162278 
1.500000 
1.500000 
2.236068 
2.236068 
0.000000 
0.000000 
2.000000 
2.000000 
0.000000 
0.000000 
1.581139 
1.581139 
0.707107 
0.707107 
1.500000 
1.500000 
3.162278 
3.162278 
1.500000 
1.500000 
2.236068 
2.236068 
0.000000 
0.000000 
2.000000 
2.000000 
0.000000 
0.000000 
1.118034 
1.118034 
0.707107 
0.707107 
1.500000 
1.500000 
3.162278 
3.162278 
1.500000 
1.500000 
2.236068 
2.236068 
0.000000 
0.000000 
0.000000 
0.000000 
0.000000 
0.000000 
2.000000 
2.000000 
0.000000 
0.000000 
1.118034 
1.118034 
0.707107 
0.707107 
1.500000 
1.500000 
3.162278 
3.162278 
2.236068 
2.236068 
