0.000000 
0.000000 
0.000000 
0.000000 
0.000000 
0.000000 
0.500000 
0.500000 
9.513149 
9.513149 
1.500000 
1.500000 
0.000000 
0.000000 
0.500000 
0.500000 
1.000000 
1.000000 
0.000000 
0.000000 
0.500000 
0.500000 
1.581139 
1.581139 
0.500000 
0.500000 
0.500000 
0.500000 
0.707107 
0.707107 
0.000000 
0.000000 
0.500000 
0.500000 
0.500000 
0.500000 
1.414214 
1.414214 
0.500000 
0.500000 
0.707107 
0.707107 
0.707107 
0.707107 
0.500000 
0.500000 
0.500000 
0.500000 
0.000000 
0.000000 
0.500000 
0.500000 
0.707107 
0.707107 
0.500000 
0.500000 
0.500000 
0.500000 
0.500000 
0.500000 
0.500000 
0.500000 
0.707107 
0.707107 
0.500000 
0.500000 
0.707107 
0.707107 
1.118034 
1.118034 
1.118034 
1.118034 
0.500000 
0.500000 
0.707107 
0.707107 
0.500000 
0.500000 
0.000000 
0.000000 
0.500000 
0.500000 
0.000000 
0.000000 
0.000000 
0.000000 
0.000000 
0.000000 
0.500000 
0.500000 
8.514693 
8.514693 
1.118034 
1.118034 
1.000000 
1.000000 
0.500000 
0.500000 
0.500000 
0.500000 
0.500000 
0.500000 
0.707107 
0.707107 
0.500000 
0.500000 
0.707107 
0.707107 
1.000000 
1.000000 
0.500000 
0.500000 
0.000000 
0.000000 
0.500000 
0.500000 
0.000000 
0.000000 
0.500000 
0.500000 
0.000000 
0.000000 
0.500000 
0.500000 
0.000000 
0.000000 
0.707107 
0.707107 
0.000000 
0.000000 
0.500000 
0.500000 
0.707107 
0.707107 
1.118034 
1.118034 
0.500000 
0.500000 
0.500000 
0.500000 
1.118034 
1.118034 
1.118034 
1.118034 
0.500000 
0.500000 
1.118034 
1.118034 
0.707107 
0.707107 
1.118034 
1.118034 
0.000000 
0.000000 
1.000000 
1.000000 
1.118034 
1.118034 
1.118034 
1.118034 
1.802776 
1.802776 
0.707107 
0.707107 
1.118034 
1.118034 
1.118034 
1.118034 
2.061553 
2.061553 
1.414214 
1.414214 
0.000000 
0.000000 
1.118034 
1.118034 
0.500000 
0.500000 
1.000000 
1.000000 
0.707107 
0.707107 
1.118034 
1.118034 
0.707107 
0.707107 
0.500000 
0.500000 
0.707107 
0.707107 
1.118034 
1.118034 
0.000000 
0.000000 
0.000000 
0.000000 
0.000000 
0.000000 
1.118034 
1.118034 
0.000000 
0.000000 
1.500000 
1.500000 
0.707107 
0.707107 
1.118034 
1.118034 
0.000000 
0.000000 
1.802776 
1.802776 
0.707107 
0.707107 
1.118034 
1.118034 
0.000000 
0.000000 
1.802776 
1.802776 
1.000000 
1.000000 
1.118034 
1.118034 
0.000000 
0.000000 
1.802776 
1.802776 
0.500000 
0.500000 
1.118034 
1.118034 
0.000000 
0.000000 
1.802776 
1.802776 
1.118034 
1.118034 
1.118034 
1.118034 
0.000000 
0.000000 
1.802776 
1.802776 
0.500000 
0.500000 
1.118034 
1.118034 
0.000000 
0.000000 
1.802776 
1.802776 
0.707107 
0.707107 
0.000000 
0.000000 
1.802776 
1.802776 
0.500000 
0.500000 
0.000000 
0.000000 
1.802776 
1.802776 
0.500000 
0.500000 
0.000000 
0.000000 
1.802776 
1.802776 
0.500000 
0.500000 
0.000000 
0.000000 
1.802776 
1.802776 
0.500000 
0.500000 
0.000000 
0.000000 
1.802776 
1.802776 
0.500000 
0.500000 
0.000000 
0.000000 
1.802776 
1.802776 
0.500000 
0.500000 
0.000000 
0.000000 
1.802776 
1.802776 
0.500000 
0.500000 
1.802776 
1.802776 
0.500000 
0.500000 
1.802776 
1.802776 
0.500000 
0.500000 
0.500000 
0.500000 
0.500000 
0.500000 
0.500000 
0.500000 
0.500000 
0.500000 
0.000000 
0.000000 
0.500000 
0.500000 
1.581139 
1.581139 
0.500000 
0.500000 
13.152946 
13.152946 
