0.000000 
0.000000 
2.549510 
2.549510 
1.118034 
1.118034 
1.802776 
1.802776 
1.118034 
1.118034 
1.118034 
1.118034 
1.581139 
1.581139 
2.236068 
2.236068 
1.414214 
1.414214 
1.581139 
1.581139 
2.549510 
2.549510 
1.414214 
1.414214 
0.000000 
0.000000 
1.414214 
1.414214 
0.500000 
0.500000 
1.414214 
1.414214 
0.707107 
0.707107 
1.414214 
1.414214 
1.118034 
1.118034 
1.414214 
1.414214 
1.802776 
1.802776 
1.414214 
1.414214 
1.118034 
1.118034 
1.414214 
1.414214 
0.707107 
0.707107 
1.414214 
1.414214 
1.118034 
1.118034 
1.414214 
1.414214 
1.414214 
1.414214 
1.414214 
1.414214 
1.000000 
1.000000 
1.414214 
1.414214 
5.590170 
5.590170 
1.414214 
1.414214 
0.707107 
0.707107 
1.414214 
1.414214 
0.707107 
0.707107 
1.414214 
1.414214 
0.500000 
0.500000 
1.414214 
1.414214 
0.707107 
0.707107 
0.500000 
0.500000 
