0.000000 
0.000000 
0.000000 
0.000000 
0.500000 
0.500000 
1.000000 
1.000000 
0.000000 
0.000000 
2.121320 
2.121320 
0.000000 
0.000000 
2.121320 
2.121320 
0.000000 
0.000000 
1.118034 
1.118034 
0.500000 
0.500000 
1.500000 
1.500000 
0.500000 
0.500000 
0.707107 
0.707107 
0.000000 
0.000000 
4.272002 
4.272002 
0.000000 
0.000000 
1.414214 
1.414214 
0.000000 
0.000000 
1.118034 
1.118034 
0.500000 
0.500000 
1.414214 
1.414214 
0.000000 
0.000000 
0.707107 
0.707107 
0.000000 
0.000000 
1.118034 
1.118034 
0.000000 
0.000000 
0.000000 
0.000000 
0.000000 
0.000000 
1.414214 
1.414214 
0.000000 
0.000000 
3.807887 
3.807887 
0.000000 
0.000000 
1.581139 
1.581139 
0.000000 
0.000000 
3.162278 
3.162278 
0.000000 
0.000000 
1.581139 
1.581139 
0.000000 
0.000000 
1.118034 
1.118034 
0.000000 
0.000000 
0.707107 
0.707107 
0.000000 
0.000000 
0.707107 
0.707107 
0.500000 
0.500000 
1.118034 
1.118034 
0.000000 
0.000000 
4.123106 
4.123106 
0.000000 
0.000000 
0.500000 
0.500000 
0.000000 
0.000000 
0.000000 
0.000000 
0.000000 
0.000000 
0.707107 
0.707107 
0.000000 
0.000000 
0.707107 
0.707107 
0.000000 
0.000000 
0.500000 
0.500000 
0.000000 
0.000000 
0.707107 
0.707107 
0.000000 
0.000000 
1.802776 
1.802776 
0.000000 
0.000000 
1.414214 
1.414214 
0.000000 
0.000000 
1.118034 
1.118034 
0.000000 
0.000000 
1.118034 
1.118034 
0.000000 
0.000000 
0.707107 
0.707107 
0.000000 
0.000000 
1.118034 
1.118034 
0.000000 
0.000000 
1.414214 
1.414214 
0.000000 
0.000000 
0.707107 
0.707107 
0.000000 
0.000000 
1.118034 
1.118034 
0.000000 
0.000000 
1.118034 
1.118034 
0.000000 
0.000000 
4.716991 
4.716991 
0.000000 
0.000000 
0.707107 
0.707107 
0.000000 
0.000000 
5.385165 
5.385165 
0.000000 
0.000000 
1.581139 
1.581139 
0.000000 
0.000000 
1.500000 
1.500000 
0.000000 
0.000000 
1.000000 
1.000000 
0.000000 
0.000000 
1.581139 
1.581139 
0.000000 
0.000000 
2.692582 
2.692582 
0.000000 
0.000000 
2.500000 
2.500000 
