0.000000 
0.000000 
0.000000 
0.000000 
0.000000 
0.000000 
2.915476 
2.915476 
8.558621 
8.558621 
2.061553 
2.061553 
2.828427 
2.828427 
0.500000 
0.500000 
2.061553 
2.061553 
2.828427 
2.828427 
1.000000 
1.000000 
2.061553 
2.061553 
2.828427 
2.828427 
1.500000 
1.500000 
2.061553 
2.061553 
2.828427 
2.828427 
1.414214 
1.414214 
2.061553 
2.061553 
2.828427 
2.828427 
4.031129 
4.031129 
2.061553 
2.061553 
2.828427 
2.828427 
0.500000 
0.500000 
2.061553 
2.061553 
2.828427 
2.828427 
1.118034 
1.118034 
2.061553 
2.061553 
2.828427 
2.828427 
1.118034 
1.118034 
2.061553 
2.061553 
2.828427 
2.828427 
1.118034 
1.118034 
2.061553 
2.061553 
2.828427 
2.828427 
1.118034 
1.118034 
2.061553 
2.061553 
2.828427 
2.828427 
1.118034 
1.118034 
2.061553 
2.061553 
2.828427 
2.828427 
1.118034 
1.118034 
2.061553 
2.061553 
2.828427 
2.828427 
1.118034 
1.118034 
2.061553 
2.061553 
2.828427 
2.828427 
1.118034 
1.118034 
2.061553 
2.061553 
2.828427 
2.828427 
1.118034 
1.118034 
1.118034 
1.118034 
1.118034 
1.118034 
1.118034 
1.118034 
1.118034 
1.118034 
1.118034 
1.118034 
1.118034 
1.118034 
0.000000 
0.000000 
0.500000 
0.500000 
0.500000 
0.500000 
0.000000 
0.000000 
0.707107 
0.707107 
4.031129 
4.031129 
3.640055 
3.640055 
3.640055 
3.640055 
3.640055 
3.640055 
3.640055 
3.640055 
6.708204 
6.708204 
3.640055 
3.640055 
3.000000 
3.000000 
0.000000 
0.000000 
0.000000 
0.000000 
3.807887 
3.807887 
0.707107 
0.707107 
0.000000 
0.000000 
0.500000 
0.500000 
1.000000 
1.000000 
0.707107 
0.707107 
1.118034 
1.118034 
1.581139 
1.581139 
0.000000 
0.000000 
0.707107 
0.707107 
1.581139 
1.581139 
0.000000 
0.000000 
1.118034 
1.118034 
1.581139 
1.581139 
0.000000 
0.000000 
1.118034 
1.118034 
1.581139 
1.581139 
0.000000 
0.000000 
1.118034 
1.118034 
1.581139 
1.581139 
0.000000 
0.000000 
1.118034 
1.118034 
1.581139 
1.581139 
0.000000 
0.000000 
1.118034 
1.118034 
1.581139 
1.581139 
