0.000000 
0.000000 
0.500000 
0.500000 
1.118034 
1.118034 
1.581139 
1.581139 
2.000000 
2.000000 
0.707107 
0.707107 
1.118034 
1.118034 
0.707107 
0.707107 
0.707107 
0.707107 
0.707107 
0.707107 
0.707107 
0.707107 
0.707107 
0.707107 
0.707107 
0.707107 
0.707107 
0.707107 
0.707107 
0.707107 
0.000000 
0.000000 
0.707107 
0.707107 
0.000000 
0.000000 
0.707107 
0.707107 
0.000000 
0.000000 
0.707107 
0.707107 
0.000000 
0.000000 
0.707107 
0.707107 
0.000000 
0.000000 
0.707107 
0.707107 
0.000000 
0.000000 
0.707107 
0.707107 
0.000000 
0.000000 
0.707107 
0.707107 
0.000000 
0.000000 
0.000000 
0.000000 
0.000000 
0.000000 
15.206906 
15.206906 
1.500000 
1.500000 
0.000000 
0.000000 
1.500000 
1.500000 
0.000000 
0.000000 
1.500000 
1.500000 
0.000000 
0.000000 
1.500000 
1.500000 
0.000000 
0.000000 
0.000000 
0.000000 
1.500000 
1.500000 
3.201562 
3.201562 
0.000000 
0.000000 
1.500000 
1.500000 
15.074813 
15.074813 
0.000000 
0.000000 
1.500000 
1.500000 
1.000000 
1.000000 
0.000000 
0.000000 
1.500000 
1.500000 
0.707107 
0.707107 
0.000000 
0.000000 
1.500000 
1.500000 
0.707107 
0.707107 
0.000000 
0.000000 
1.500000 
1.500000 
0.707107 
0.707107 
0.000000 
0.000000 
1.500000 
1.500000 
0.707107 
0.707107 
0.000000 
0.000000 
1.500000 
1.500000 
0.707107 
0.707107 
0.000000 
0.000000 
1.500000 
1.500000 
0.707107 
0.707107 
0.000000 
0.000000 
1.500000 
1.500000 
8.500000 
8.500000 
0.000000 
0.000000 
1.500000 
1.500000 
9.513149 
9.513149 
0.000000 
0.000000 
9.500000 
9.500000 
0.500000 
0.500000 
0.500000 
0.500000 
9.552487 
9.552487 
9.552487 
9.552487 
9.552487 
9.552487 
9.552487 
9.552487 
9.552487 
9.552487 
