0.000000 
0.000000 
0.000000 
0.000000 
0.500000 
0.500000 
0.000000 
0.000000 
0.707107 
0.707107 
0.000000 
0.000000 
0.500000 
0.500000 
0.707107 
0.707107 
0.500000 
0.500000 
0.707107 
0.707107 
9.055385 
9.055385 
0.707107 
0.707107 
1.000000 
1.000000 
0.500000 
0.500000 
0.500000 
0.500000 
0.500000 
0.500000 
1.118034 
1.118034 
1.500000 
1.500000 
4.527693 
4.527693 
2.549510 
2.549510 
1.581139 
1.581139 
4.527693 
4.527693 
0.707107 
0.707107 
2.500000 
2.500000 
0.000000 
0.000000 
3.041381 
3.041381 
1.581139 
1.581139 
1.118034 
1.118034 
0.707107 
0.707107 
11.543396 
11.543396 
1.500000 
1.500000 
2.500000 
2.500000 
0.500000 
0.500000 
2.061553 
2.061553 
0.000000 
0.000000 
2.915476 
2.915476 
0.500000 
0.500000 
2.915476 
2.915476 
0.000000 
0.000000 
2.915476 
2.915476 
0.500000 
0.500000 
2.915476 
2.915476 
0.500000 
0.500000 
2.915476 
2.915476 
1.000000 
1.000000 
2.915476 
2.915476 
1.118034 
1.118034 
2.915476 
2.915476 
2.549510 
2.549510 
2.915476 
2.915476 
2.000000 
2.000000 
2.915476 
2.915476 
0.707107 
0.707107 
2.915476 
2.915476 
0.707107 
0.707107 
2.915476 
2.915476 
1.414214 
1.414214 
2.915476 
2.915476 
9.962429 
9.962429 
34.058773 
34.058773 
1.000000 
1.000000 
4.000000 
4.000000 
1.118034 
1.118034 
2.692582 
2.692582 
0.500000 
0.500000 
2.061553 
2.061553 
1.581139 
1.581139 
12.010412 
12.010412 
0.707107 
0.707107 
11.884864 
11.884864 
1.414214 
1.414214 
11.884864 
11.884864 
0.000000 
0.000000 
11.884864 
11.884864 
0.707107 
0.707107 
11.884864 
11.884864 
0.500000 
0.500000 
11.884864 
11.884864 
0.500000 
0.500000 
11.884864 
11.884864 
0.500000 
0.500000 
11.884864 
11.884864 
0.000000 
0.000000 
11.884864 
11.884864 
0.000000 
0.000000 
11.884864 
11.884864 
0.500000 
0.500000 
11.884864 
11.884864 
3.500000 
3.500000 
11.884864 
11.884864 
1.500000 
1.500000 
11.884864 
11.884864 
0.500000 
0.500000 
11.884864 
11.884864 
0.500000 
0.500000 
11.884864 
11.884864 
0.707107 
0.707107 
11.884864 
11.884864 
