0.000000 
0.000000 
0.000000 
0.000000 
0.000000 
0.000000 
1.581139 
1.581139 
0.000000 
0.000000 
0.707107 
0.707107 
0.500000 
0.500000 
1.000000 
1.000000 
0.500000 
0.500000 
1.118034 
1.118034 
0.500000 
0.500000 
1.118034 
1.118034 
0.000000 
0.000000 
1.118034 
1.118034 
0.500000 
0.500000 
1.118034 
1.118034 
0.500000 
0.500000 
1.118034 
1.118034 
0.500000 
0.500000 
5.852350 
5.852350 
0.000000 
0.000000 
5.852350 
5.852350 
0.000000 
0.000000 
5.852350 
5.852350 
0.000000 
0.000000 
5.852350 
5.852350 
0.000000 
0.000000 
5.852350 
5.852350 
0.000000 
0.000000 
5.852350 
5.852350 
0.000000 
0.000000 
5.852350 
5.852350 
0.000000 
0.000000 
5.852350 
5.852350 
0.500000 
0.500000 
5.852350 
5.852350 
0.000000 
0.000000 
5.852350 
5.852350 
0.000000 
0.000000 
5.852350 
5.852350 
0.707107 
0.707107 
5.852350 
5.852350 
0.000000 
0.000000 
5.852350 
5.852350 
0.500000 
0.500000 
5.852350 
5.852350 
0.000000 
0.000000 
5.852350 
5.852350 
0.500000 
0.500000 
0.000000 
0.000000 
0.000000 
0.000000 
0.500000 
0.500000 
0.000000 
0.000000 
0.000000 
0.000000 
0.000000 
0.000000 
0.000000 
0.000000 
0.000000 
0.000000 
0.000000 
0.000000 
0.000000 
0.000000 
0.000000 
0.000000 
0.000000 
0.000000 
0.000000 
0.000000 
0.000000 
0.000000 
0.000000 
0.000000 
0.000000 
0.000000 
0.500000 
0.500000 
0.000000 
0.000000 
0.000000 
0.000000 
0.000000 
0.000000 
0.000000 
0.000000 
0.000000 
0.000000 
0.500000 
0.500000 
0.000000 
0.000000 
