0.000000 
0.000000 
2.000000 
2.000000 
1.581139 
1.581139 
2.236068 
2.236068 
0.500000 
0.500000 
0.500000 
0.500000 
0.707107 
0.707107 
1.118034 
1.118034 
0.500000 
0.500000 
2.500000 
2.500000 
2.500000 
2.500000 
2.500000 
2.500000 
2.500000 
2.500000 
2.500000 
2.500000 
4.716991 
4.716991 
2.236068 
2.236068 
0.500000 
0.500000 
2.061553 
2.061553 
2.500000 
2.500000 
2.236068 
2.236068 
1.500000 
1.500000 
0.500000 
0.500000 
1.118034 
1.118034 
0.707107 
0.707107 
4.242641 
4.242641 
1.581139 
1.581139 
1.802776 
1.802776 
1.118034 
1.118034 
1.000000 
1.000000 
2.692582 
2.692582 
0.707107 
0.707107 
0.707107 
0.707107 
1.581139 
1.581139 
1.581139 
1.581139 
2.549510 
2.549510 
2.000000 
2.000000 
2.549510 
2.549510 
2.236068 
2.236068 
5.590170 
5.590170 
0.500000 
0.500000 
1.000000 
1.000000 
1.414214 
1.414214 
4.031129 
4.031129 
2.236068 
2.236068 
2.000000 
2.000000 
2.500000 
2.500000 
1.414214 
1.414214 
