0.000000 
0.000000 
1.118034 
1.118034 
5.220153 
5.220153 
1.581139 
1.581139 
2.000000 
2.000000 
2.500000 
2.500000 
3.535534 
3.535534 
3.000000 
3.000000 
3.041381 
3.041381 
3.000000 
3.000000 
2.000000 
2.000000 
0.500000 
0.500000 
0.707107 
0.707107 
0.500000 
0.500000 
0.000000 
0.000000 
1.000000 
1.000000 
2.061553 
2.061553 
3.000000 
3.000000 
3.500000 
3.500000 
3.535534 
3.535534 
2.061553 
2.061553 
2.500000 
2.500000 
2.061553 
2.061553 
1.500000 
1.500000 
5.852350 
5.852350 
0.707107 
0.707107 
1.414214 
1.414214 
0.500000 
0.500000 
0.000000 
0.000000 
1.118034 
1.118034 
0.500000 
0.500000 
5.700877 
5.700877 
2.061553 
2.061553 
2.500000 
2.500000 
2.500000 
2.500000 
3.500000 
3.500000 
4.000000 
4.000000 
2.000000 
2.000000 
1.500000 
1.500000 
0.500000 
0.500000 
0.500000 
0.500000 
1.118034 
1.118034 
0.000000 
0.000000 
0.707107 
0.707107 
2.000000 
2.000000 
3.535534 
3.535534 
3.000000 
3.000000 
