0.000000 
0.000000 
8.381527 
8.381527 
3.605551 
3.605551 
9.013878 
9.013878 
4.743416 
4.743416 
9.708244 
9.708244 
4.609772 
4.609772 
4.743416 
4.743416 
3.000000 
3.000000 
8.015610 
8.015610 
0.000000 
0.000000 
3.640055 
3.640055 
0.000000 
0.000000 
9.394147 
9.394147 
0.000000 
0.000000 
1.581139 
1.581139 
0.000000 
0.000000 
2.061553 
2.061553 
0.000000 
0.000000 
7.905694 
7.905694 
0.000000 
0.000000 
3.201562 
3.201562 
0.000000 
0.000000 
0.000000 
0.000000 
4.716991 
4.716991 
0.000000 
0.000000 
0.000000 
0.000000 
3.354102 
3.354102 
0.000000 
0.000000 
0.000000 
0.000000 
8.732125 
8.732125 
0.000000 
0.000000 
0.000000 
0.000000 
1.581139 
1.581139 
0.000000 
0.000000 
0.000000 
0.000000 
1.000000 
1.000000 
0.000000 
0.000000 
0.000000 
0.000000 
2.000000 
2.000000 
0.000000 
0.000000 
0.000000 
0.000000 
2.549510 
2.549510 
0.000000 
0.000000 
0.000000 
0.000000 
2.500000 
2.500000 
0.000000 
0.000000 
0.000000 
0.000000 
0.000000 
0.000000 
2.236068 
2.236068 
8.139410 
8.139410 
0.000000 
0.000000 
9.708244 
9.708244 
3.162278 
3.162278 
0.500000 
0.500000 
2.500000 
2.500000 
3.605551 
3.605551 
0.000000 
0.000000 
4.242641 
4.242641 
3.905125 
3.905125 
0.000000 
0.000000 
2.915476 
2.915476 
3.535534 
3.535534 
0.000000 
0.000000 
2.828427 
2.828427 
10.012492 
10.012492 
0.000000 
0.000000 
2.236068 
2.236068 
9.861541 
9.861541 
0.000000 
0.000000 
1.000000 
1.000000 
4.500000 
4.500000 
0.000000 
0.000000 
1.581139 
1.581139 
12.000000 
12.000000 
0.000000 
0.000000 
4.527693 
4.527693 
4.609772 
4.609772 
0.000000 
0.000000 
1.581139 
1.581139 
12.509996 
12.509996 
0.000000 
0.000000 
2.000000 
2.000000 
3.640055 
3.640055 
0.000000 
0.000000 
3.041381 
3.041381 
3.201562 
3.201562 
0.000000 
0.000000 
3.640055 
3.640055 
2.121320 
2.121320 
0.000000 
0.000000 
4.924429 
4.924429 
7.648529 
7.648529 
0.000000 
0.000000 
6.670832 
6.670832 
4.031129 
4.031129 
0.000000 
0.000000 
3.201562 
3.201562 
4.924429 
4.924429 
0.000000 
0.000000 
2.915476 
2.915476 
11.597414 
11.597414 
3.041381 
3.041381 
10.688779 
10.688779 
2.500000 
2.500000 
4.472136 
4.472136 
2.549510 
2.549510 
4.031129 
4.031129 
1.118034 
1.118034 
14.142136 
14.142136 
5.000000 
5.000000 
11.236103 
11.236103 
1.000000 
1.000000 
2.236068 
2.236068 
0.707107 
0.707107 
