0.000000 
0.000000 
6.000000 
6.000000 
0.500000 
0.500000 
0.707107 
0.707107 
1.581139 
1.581139 
1.581139 
1.581139 
0.707107 
0.707107 
7.071068 
7.071068 
1.000000 
1.000000 
1.118034 
1.118034 
4.609772 
4.609772 
0.707107 
0.707107 
1.414214 
1.414214 
0.707107 
0.707107 
1.581139 
1.581139 
6.670832 
6.670832 
0.500000 
0.500000 
8.381527 
8.381527 
0.500000 
0.500000 
8.139410 
8.139410 
1.581139 
1.581139 
1.000000 
1.000000 
0.707107 
0.707107 
7.071068 
7.071068 
1.118034 
1.118034 
1.802776 
1.802776 
1.118034 
1.118034 
0.500000 
0.500000 
0.707107 
0.707107 
1.118034 
1.118034 
0.500000 
0.500000 
8.500000 
8.500000 
1.000000 
1.000000 
0.000000 
0.000000 
1.000000 
1.000000 
1.118034 
1.118034 
0.707107 
0.707107 
1.802776 
1.802776 
0.707107 
0.707107 
1.500000 
1.500000 
1.118034 
1.118034 
2.000000 
2.000000 
2.121320 
2.121320 
2.236068 
2.236068 
1.581139 
1.581139 
5.852350 
5.852350 
1.414214 
1.414214 
