0.000000 
0.000000 
0.000000 
0.000000 
0.000000 
0.000000 
0.000000 
0.000000 
0.000000 
0.000000 
0.000000 
0.000000 
1.118034 
1.118034 
0.000000 
0.000000 
0.000000 
0.000000 
0.000000 
0.000000 
0.500000 
0.500000 
1.414214 
1.414214 
0.500000 
0.500000 
0.000000 
0.000000 
0.000000 
0.000000 
0.000000 
0.000000 
0.707107 
0.707107 
1.118034 
1.118034 
1.118034 
1.118034 
0.000000 
0.000000 
0.000000 
0.000000 
0.500000 
0.500000 
1.118034 
1.118034 
1.118034 
1.118034 
1.000000 
1.000000 
0.000000 
0.000000 
0.500000 
0.500000 
0.000000 
0.000000 
0.707107 
0.707107 
0.500000 
0.500000 
0.707107 
0.707107 
0.000000 
0.000000 
0.000000 
0.000000 
0.000000 
0.000000 
0.707107 
0.707107 
1.118034 
1.118034 
0.000000 
0.000000 
0.707107 
0.707107 
0.500000 
0.500000 
0.500000 
0.500000 
0.500000 
0.500000 
4.527693 
4.527693 
0.500000 
0.500000 
0.000000 
0.000000 
0.707107 
0.707107 
0.500000 
0.500000 
0.000000 
0.000000 
0.000000 
0.000000 
1.118034 
1.118034 
0.500000 
0.500000 
0.000000 
0.000000 
0.707107 
0.707107 
0.000000 
0.000000 
0.500000 
0.500000 
0.000000 
0.000000 
0.500000 
0.500000 
0.000000 
0.000000 
1.118034 
1.118034 
0.707107 
0.707107 
0.000000 
0.000000 
0.000000 
0.000000 
0.707107 
0.707107 
0.000000 
0.000000 
1.118034 
1.118034 
0.500000 
0.500000 
0.707107 
0.707107 
0.500000 
0.500000 
0.000000 
0.000000 
0.000000 
0.000000 
7.000000 
7.000000 
1.118034 
1.118034 
0.000000 
0.000000 
0.707107 
0.707107 
0.000000 
0.000000 
0.000000 
0.000000 
0.500000 
0.500000 
0.000000 
0.000000 
1.000000 
1.000000 
0.000000 
0.000000 
0.707107 
0.707107 
0.000000 
0.000000 
0.000000 
0.000000 
0.707107 
0.707107 
6.519202 
6.519202 
0.707107 
0.707107 
0.500000 
0.500000 
0.707107 
0.707107 
0.500000 
0.500000 
0.500000 
0.500000 
0.000000 
0.000000 
1.000000 
1.000000 
0.500000 
0.500000 
0.000000 
0.000000 
0.707107 
0.707107 
0.500000 
0.500000 
0.500000 
0.500000 
0.000000 
0.000000 
0.500000 
0.500000 
1.000000 
1.000000 
1.000000 
1.000000 
0.707107 
0.707107 
0.500000 
0.500000 
0.000000 
0.000000 
3.000000 
3.000000 
4.527693 
4.527693 
0.500000 
0.500000 
0.500000 
0.500000 
0.707107 
0.707107 
0.000000 
0.000000 
0.500000 
0.500000 
0.707107 
0.707107 
0.000000 
0.000000 
1.000000 
1.000000 
0.000000 
0.000000 
0.707107 
0.707107 
0.000000 
0.000000 
0.707107 
0.707107 
0.707107 
0.707107 
0.500000 
0.500000 
0.500000 
0.500000 
0.000000 
0.000000 
0.707107 
0.707107 
0.500000 
0.500000 
0.000000 
0.000000 
0.000000 
0.000000 
0.707107 
0.707107 
4.123106 
4.123106 
0.000000 
0.000000 
0.000000 
0.000000 
0.707107 
0.707107 
0.500000 
0.500000 
3.000000 
3.000000 
0.000000 
0.000000 
0.500000 
0.500000 
1.000000 
1.000000 
3.535534 
3.535534 
0.000000 
0.000000 
0.500000 
0.500000 
0.500000 
0.500000 
0.000000 
0.000000 
0.707107 
0.707107 
0.707107 
0.707107 
3.605551 
3.605551 
0.000000 
0.000000 
0.500000 
0.500000 
0.500000 
0.500000 
0.500000 
0.500000 
0.500000 
0.500000 
0.707107 
0.707107 
0.500000 
0.500000 
0.000000 
0.000000 
0.500000 
0.500000 
0.500000 
0.500000 
0.500000 
0.500000 
2.061553 
2.061553 
3.640055 
3.640055 
1.000000 
1.000000 
0.000000 
0.000000 
0.500000 
0.500000 
0.000000 
0.000000 
0.707107 
0.707107 
1.500000 
1.500000 
0.000000 
0.000000 
0.707107 
0.707107 
0.000000 
0.000000 
0.500000 
0.500000 
0.500000 
0.500000 
0.000000 
0.000000 
1.802776 
1.802776 
0.707107 
0.707107 
0.000000 
0.000000 
0.000000 
0.000000 
0.500000 
0.500000 
1.000000 
1.000000 
0.000000 
0.000000 
0.707107 
0.707107 
1.118034 
1.118034 
0.500000 
0.500000 
0.000000 
0.000000 
0.500000 
0.500000 
3.041381 
3.041381 
4.031129 
4.031129 
0.500000 
0.500000 
1.118034 
1.118034 
0.000000 
0.000000 
0.500000 
0.500000 
0.000000 
0.000000 
0.500000 
0.500000 
0.500000 
0.500000 
0.000000 
0.000000 
0.707107 
0.707107 
0.500000 
0.500000 
0.000000 
0.000000 
0.000000 
0.000000 
0.000000 
0.000000 
0.500000 
0.500000 
0.500000 
0.500000 
0.500000 
0.500000 
0.707107 
0.707107 
1.118034 
1.118034 
0.000000 
0.000000 
0.000000 
0.000000 
0.000000 
0.000000 
0.500000 
0.500000 
0.000000 
0.000000 
0.500000 
0.500000 
1.000000 
1.000000 
0.500000 
0.500000 
0.000000 
0.000000 
0.500000 
0.500000 
0.000000 
0.000000 
0.500000 
0.500000 
0.500000 
0.500000 
0.000000 
0.000000 
0.707107 
0.707107 
1.118034 
1.118034 
0.000000 
0.000000 
6.324555 
6.324555 
0.000000 
0.000000 
0.500000 
0.500000 
0.000000 
0.000000 
0.500000 
0.500000 
0.500000 
0.500000 
1.118034 
1.118034 
0.000000 
0.000000 
0.000000 
0.000000 
0.000000 
0.000000 
0.500000 
0.500000 
1.000000 
1.000000 
0.707107 
0.707107 
0.500000 
0.500000 
1.000000 
1.000000 
0.000000 
0.000000 
0.000000 
0.000000 
0.500000 
0.500000 
0.500000 
0.500000 
0.500000 
0.500000 
0.500000 
0.500000 
1.118034 
1.118034 
0.000000 
0.000000 
0.500000 
0.500000 
0.500000 
0.500000 
0.000000 
0.000000 
0.000000 
0.000000 
0.707107 
0.707107 
1.802776 
1.802776 
0.000000 
0.000000 
0.000000 
0.000000 
0.500000 
0.500000 
0.000000 
0.000000 
0.000000 
0.000000 
1.500000 
1.500000 
0.000000 
0.000000 
0.500000 
0.500000 
0.500000 
0.500000 
0.000000 
0.000000 
0.500000 
0.500000 
1.500000 
1.500000 
0.000000 
0.000000 
0.707107 
0.707107 
0.000000 
0.000000 
0.000000 
0.000000 
0.707107 
0.707107 
0.500000 
0.500000 
0.000000 
0.000000 
0.500000 
0.500000 
0.500000 
0.500000 
0.500000 
0.500000 
1.000000 
1.000000 
0.500000 
0.500000 
0.000000 
0.000000 
3.162278 
3.162278 
0.000000 
0.000000 
0.000000 
0.000000 
0.500000 
0.500000 
0.500000 
0.500000 
0.000000 
0.000000 
0.000000 
0.000000 
0.500000 
0.500000 
0.500000 
0.500000 
0.707107 
0.707107 
0.500000 
0.500000 
0.000000 
0.000000 
0.500000 
0.500000 
0.707107 
0.707107 
0.500000 
0.500000 
1.000000 
1.000000 
0.500000 
0.500000 
0.500000 
0.500000 
0.000000 
0.000000 
0.000000 
0.000000 
1.118034 
1.118034 
0.000000 
0.000000 
0.500000 
0.500000 
0.707107 
0.707107 
0.000000 
0.000000 
0.500000 
0.500000 
0.500000 
0.500000 
0.000000 
0.000000 
0.500000 
0.500000 
0.000000 
0.000000 
0.707107 
0.707107 
0.500000 
0.500000 
0.707107 
0.707107 
0.000000 
0.000000 
0.707107 
0.707107 
0.500000 
0.500000 
0.707107 
0.707107 
0.500000 
0.500000 
0.500000 
0.500000 
0.707107 
0.707107 
0.500000 
0.500000 
0.707107 
0.707107 
0.000000 
0.000000 
0.000000 
0.000000 
0.000000 
0.000000 
0.500000 
0.500000 
0.500000 
0.500000 
1.118034 
1.118034 
0.000000 
0.000000 
0.000000 
0.000000 
0.000000 
0.000000 
0.500000 
0.500000 
0.707107 
0.707107 
1.581139 
1.581139 
