0.000000 
0.000000 
3.535534 
3.535534 
2.000000 
2.000000 
11.510864 
11.510864 
3.162278 
3.162278 
4.527693 
4.527693 
4.272002 
4.272002 
3.807887 
3.807887 
2.500000 
2.500000 
2.061553 
2.061553 
9.656604 
9.656604 
2.915476 
2.915476 
3.041381 
3.041381 
4.031129 
4.031129 
3.041381 
3.041381 
4.123106 
4.123106 
10.511898 
10.511898 
2.500000 
2.500000 
3.201562 
3.201562 
5.147815 
5.147815 
4.609772 
4.609772 
17.029386 
17.029386 
2.061553 
2.061553 
5.000000 
5.000000 
3.535534 
3.535534 
5.000000 
5.000000 
12.093387 
12.093387 
4.472136 
4.472136 
3.905125 
3.905125 
5.147815 
5.147815 
2.500000 
2.500000 
3.354102 
3.354102 
2.000000 
2.000000 
10.307764 
10.307764 
2.692582 
2.692582 
3.535534 
3.535534 
3.000000 
3.000000 
3.500000 
3.500000 
3.535534 
3.535534 
2.000000 
2.000000 
10.012492 
10.012492 
3.162278 
3.162278 
3.807887 
3.807887 
0.000000 
0.000000 
3.807887 
3.807887 
4.031129 
4.031129 
3.807887 
3.807887 
4.924429 
4.924429 
3.807887 
3.807887 
1.802776 
1.802776 
3.807887 
3.807887 
