0.000000 
0.000000 
3.201562 
3.201562 
2.500000 
2.500000 
17.182840 
17.182840 
1.414214 
1.414214 
6.800735 
6.800735 
2.000000 
2.000000 
7.211103 
7.211103 
3.041381 
3.041381 
4.000000 
4.000000 
9.055385 
9.055385 
2.500000 
2.500000 
2.121320 
2.121320 
4.031129 
4.031129 
2.828427 
2.828427 
4.949747 
4.949747 
3.807887 
3.807887 
3.905125 
3.905125 
10.012492 
10.012492 
2.915476 
2.915476 
1.500000 
1.500000 
1.500000 
1.500000 
1.000000 
1.000000 
3.500000 
3.500000 
3.640055 
3.640055 
4.272002 
4.272002 
14.713939 
14.713939 
4.924429 
4.924429 
7.382412 
7.382412 
14.713939 
14.713939 
1.581139 
1.581139 
3.000000 
3.000000 
2.061553 
2.061553 
5.024938 
5.024938 
3.807887 
3.807887 
3.535534 
3.535534 
9.124144 
9.124144 
2.500000 
2.500000 
3.201562 
3.201562 
4.301163 
4.301163 
3.605551 
3.605551 
3.605551 
3.605551 
3.535534 
3.535534 
9.848858 
9.848858 
8.631338 
8.631338 
2.236068 
2.236068 
1.118034 
1.118034 
