0.000000 
0.000000 
0.500000 
0.500000 
0.500000 
0.500000 
4.609772 
4.609772 
0.000000 
0.000000 
0.500000 
0.500000 
0.707107 
0.707107 
1.118034 
1.118034 
1.414214 
1.414214 
1.500000 
1.500000 
2.692582 
2.692582 
2.000000 
2.000000 
2.121320 
2.121320 
1.581139 
1.581139 
1.118034 
1.118034 
1.581139 
1.581139 
0.500000 
0.500000 
1.118034 
1.118034 
1.118034 
1.118034 
1.581139 
1.581139 
1.118034 
1.118034 
1.118034 
1.118034 
1.000000 
1.000000 
0.707107 
0.707107 
0.000000 
0.000000 
0.000000 
0.000000 
1.000000 
1.000000 
0.707107 
0.707107 
0.000000 
0.000000 
0.707107 
0.707107 
1.118034 
1.118034 
2.121320 
2.121320 
0.500000 
0.500000 
1.581139 
1.581139 
1.000000 
1.000000 
0.500000 
0.500000 
0.707107 
0.707107 
0.707107 
0.707107 
1.000000 
1.000000 
0.500000 
0.500000 
1.581139 
1.581139 
1.581139 
1.581139 
0.500000 
0.500000 
1.414214 
1.414214 
1.000000 
1.000000 
1.581139 
1.581139 
1.118034 
1.118034 
