0.000000 
0.000000 
2.500000 
2.500000 
2.500000 
2.500000 
2.500000 
2.500000 
2.500000 
2.500000 
0.000000 
0.000000 
2.500000 
2.500000 
1.802776 
1.802776 
2.500000 
2.500000 
1.118034 
1.118034 
2.500000 
2.500000 
1.118034 
1.118034 
2.500000 
2.500000 
1.000000 
1.000000 
2.500000 
2.500000 
1.118034 
1.118034 
2.500000 
2.500000 
0.500000 
0.500000 
2.500000 
2.500000 
4.527693 
4.527693 
2.500000 
2.500000 
4.924429 
4.924429 
2.500000 
2.500000 
1.118034 
1.118034 
2.500000 
2.500000 
1.118034 
1.118034 
2.500000 
2.500000 
1.118034 
1.118034 
0.000000 
0.000000 
1.118034 
1.118034 
0.000000 
0.000000 
1.118034 
1.118034 
0.000000 
0.000000 
1.118034 
1.118034 
0.000000 
0.000000 
1.118034 
1.118034 
0.000000 
0.000000 
0.000000 
0.000000 
1.118034 
1.118034 
0.000000 
0.000000 
0.000000 
0.000000 
1.118034 
1.118034 
0.000000 
0.000000 
0.000000 
0.000000 
1.118034 
1.118034 
0.000000 
0.000000 
0.000000 
0.000000 
1.118034 
1.118034 
0.000000 
0.000000 
0.000000 
0.000000 
1.118034 
1.118034 
1.414214 
1.414214 
0.000000 
0.000000 
1.118034 
1.118034 
0.707107 
0.707107 
0.000000 
0.000000 
1.118034 
1.118034 
2.121320 
2.121320 
0.000000 
0.000000 
1.118034 
1.118034 
2.500000 
2.500000 
0.000000 
0.000000 
