0.000000 
0.000000 
2.061553 
2.061553 
6.020797 
6.020797 
6.020797 
6.020797 
6.020797 
6.020797 
6.020797 
6.020797 
6.020797 
6.020797 
6.020797 
6.020797 
0.000000 
0.000000 
6.020797 
6.020797 
0.000000 
0.000000 
6.020797 
6.020797 
0.000000 
0.000000 
6.020797 
6.020797 
0.000000 
0.000000 
6.020797 
6.020797 
0.000000 
0.000000 
6.020797 
6.020797 
6.670832 
6.670832 
6.020797 
6.020797 
3.000000 
3.000000 
6.020797 
6.020797 
4.031129 
4.031129 
6.020797 
6.020797 
3.354102 
3.354102 
6.020797 
6.020797 
2.000000 
2.000000 
2.061553 
2.061553 
1.118034 
1.118034 
3.041381 
3.041381 
1.118034 
1.118034 
0.000000 
0.000000 
1.000000 
1.000000 
1.118034 
1.118034 
1.118034 
1.118034 
1.118034 
1.118034 
1.500000 
1.500000 
4.500000 
4.500000 
3.000000 
3.000000 
2.000000 
2.000000 
3.535534 
3.535534 
1.000000 
1.000000 
1.118034 
1.118034 
1.118034 
1.118034 
1.581139 
1.581139 
2.061553 
2.061553 
1.118034 
1.118034 
