0.000000 
0.000000 
1.802776 
1.802776 
2.061553 
2.061553 
9.962429 
9.962429 
1.802776 
1.802776 
8.944272 
8.944272 
5.099020 
5.099020 
4.031129 
4.031129 
3.041381 
3.041381 
10.511898 
10.511898 
4.123106 
4.123106 
6.519202 
6.519202 
4.031129 
4.031129 
2.692582 
2.692582 
2.500000 
2.500000 
2.915476 
2.915476 
9.708244 
9.708244 
2.828427 
2.828427 
3.535534 
3.535534 
2.236068 
2.236068 
1.802776 
1.802776 
2.500000 
2.500000 
2.500000 
2.500000 
3.807887 
3.807887 
2.549510 
2.549510 
3.201562 
3.201562 
2.061553 
2.061553 
10.511898 
10.511898 
7.762087 
7.762087 
3.354102 
3.354102 
4.609772 
4.609772 
4.609772 
4.609772 
3.000000 
3.000000 
13.500000 
13.500000 
3.354102 
3.354102 
3.807887 
3.807887 
6.264982 
6.264982 
4.123106 
4.123106 
2.061553 
2.061553 
9.962429 
9.962429 
3.354102 
3.354102 
4.924429 
4.924429 
3.605551 
3.605551 
3.905125 
3.905125 
2.236068 
2.236068 
3.201562 
3.201562 
2.236068 
2.236068 
