0.000000 
0.000000 
1.118034 
1.118034 
1.000000 
1.000000 
1.802776 
1.802776 
2.236068 
2.236068 
3.535534 
3.535534 
2.549510 
2.549510 
10.547512 
10.547512 
1.118034 
1.118034 
2.915476 
2.915476 
2.121320 
2.121320 
5.147815 
5.147815 
4.472136 
4.472136 
4.924429 
4.924429 
9.513149 
9.513149 
1.118034 
1.118034 
1.414214 
1.414214 
3.162278 
3.162278 
3.605551 
3.605551 
5.147815 
5.147815 
3.500000 
3.500000 
3.535534 
3.535534 
2.061553 
2.061553 
10.111874 
10.111874 
2.000000 
2.000000 
4.272002 
4.272002 
3.041381 
3.041381 
3.041381 
3.041381 
2.692582 
2.692582 
19.602296 
19.602296 
0.500000 
0.500000 
5.024938 
5.024938 
2.692582 
2.692582 
18.110770 
18.110770 
5.024938 
5.024938 
5.522681 
5.522681 
4.272002 
4.272002 
8.631338 
8.631338 
1.118034 
1.118034 
3.605551 
3.605551 
2.692582 
2.692582 
4.743416 
4.743416 
2.692582 
2.692582 
3.000000 
3.000000 
2.500000 
2.500000 
10.500000 
10.500000 
4.500000 
4.500000 
