0.000000 
0.000000 
2.236068 
2.236068 
1.118034 
1.118034 
1.118034 
1.118034 
0.000000 
0.000000 
0.707107 
0.707107 
0.500000 
0.500000 
0.707107 
0.707107 
1.118034 
1.118034 
5.099020 
5.099020 
0.500000 
0.500000 
1.581139 
1.581139 
1.500000 
1.500000 
1.581139 
1.581139 
2.236068 
2.236068 
3.000000 
3.000000 
0.500000 
0.500000 
1.118034 
1.118034 
0.500000 
0.500000 
0.707107 
0.707107 
0.500000 
0.500000 
0.707107 
0.707107 
1.118034 
1.118034 
0.000000 
0.000000 
5.522681 
5.522681 
1.581139 
1.581139 
2.549510 
2.549510 
0.000000 
0.000000 
2.549510 
2.549510 
2.061553 
2.061553 
2.549510 
2.549510 
1.118034 
1.118034 
2.549510 
2.549510 
0.500000 
0.500000 
2.549510 
2.549510 
0.000000 
0.000000 
2.549510 
2.549510 
3.500000 
3.500000 
2.549510 
2.549510 
0.500000 
0.500000 
2.549510 
2.549510 
1.118034 
1.118034 
2.549510 
2.549510 
0.707107 
0.707107 
2.549510 
2.549510 
6.082763 
6.082763 
2.549510 
2.549510 
6.082763 
6.082763 
2.549510 
2.549510 
6.082763 
6.082763 
2.549510 
2.549510 
6.082763 
6.082763 
2.549510 
2.549510 
0.000000 
0.000000 
6.082763 
6.082763 
2.549510 
2.549510 
