0.000000 
0.000000 
1.500000 
1.500000 
1.000000 
1.000000 
0.707107 
0.707107 
8.500000 
8.500000 
1.581139 
1.581139 
3.535534 
3.535534 
3.535534 
3.535534 
4.000000 
4.000000 
2.061553 
2.061553 
12.010412 
12.010412 
3.500000 
3.500000 
5.024938 
5.024938 
6.519202 
6.519202 
4.743416 
4.743416 
12.000000 
12.000000 
2.549510 
2.549510 
4.500000 
4.500000 
3.535534 
3.535534 
4.123106 
4.123106 
2.000000 
2.000000 
7.158911 
7.158911 
1.118034 
1.118034 
1.802776 
1.802776 
2.549510 
2.549510 
3.000000 
3.000000 
3.000000 
3.000000 
2.500000 
2.500000 
2.000000 
2.000000 
1.581139 
1.581139 
2.692582 
2.692582 
0.500000 
0.500000 
1.118034 
1.118034 
10.547512 
10.547512 
1.581139 
1.581139 
3.500000 
3.500000 
4.031129 
4.031129 
4.031129 
4.031129 
3.162278 
3.162278 
10.511898 
10.511898 
2.549510 
2.549510 
5.099020 
5.099020 
3.500000 
3.500000 
3.500000 
3.500000 
3.500000 
3.500000 
0.000000 
0.000000 
3.500000 
3.500000 
1.500000 
1.500000 
3.500000 
3.500000 
