0.000000 
0.000000 
17.007351 
17.007351 
3.535534 
3.535534 
7.158911 
7.158911 
4.472136 
4.472136 
14.221463 
14.221463 
4.031129 
4.031129 
4.743416 
4.743416 
8.944272 
8.944272 
4.472136 
4.472136 
4.000000 
4.000000 
5.099020 
5.099020 
5.522681 
5.522681 
5.099020 
5.099020 
13.946326 
13.946326 
2.500000 
2.500000 
11.715375 
11.715375 
24.545875 
24.545875 
2.500000 
2.500000 
5.024938 
5.024938 
15.008331 
15.008331 
6.020797 
6.020797 
6.519202 
6.519202 
15.572412 
15.572412 
10.062306 
10.062306 
7.382412 
7.382412 
5.830952 
5.830952 
14.089003 
14.089003 
4.609772 
4.609772 
5.500000 
5.500000 
5.024938 
5.024938 
6.519202 
6.519202 
10.500000 
10.500000 
4.743416 
4.743416 
3.535534 
3.535534 
22.699119 
22.699119 
0.500000 
0.500000 
21.828880 
21.828880 
3.041381 
3.041381 
6.946222 
6.946222 
20.554805 
20.554805 
6.519202 
6.519202 
12.649111 
12.649111 
16.194135 
16.194135 
4.716991 
4.716991 
3.162278 
3.162278 
4.716991 
4.716991 
