0.000000 
0.000000 
1.581139 
1.581139 
3.354102 
3.354102 
2.061553 
2.061553 
2.236068 
2.236068 
0.707107 
0.707107 
0.707107 
0.707107 
0.500000 
0.500000 
0.707107 
0.707107 
1.118034 
1.118034 
6.500000 
6.500000 
6.519202 
6.519202 
1.000000 
1.000000 
0.500000 
0.500000 
0.000000 
0.000000 
0.707107 
0.707107 
1.000000 
1.000000 
7.648529 
7.648529 
0.000000 
0.000000 
0.707107 
0.707107 
1.118034 
1.118034 
0.707107 
0.707107 
0.707107 
0.707107 
1.581139 
1.581139 
1.000000 
1.000000 
1.118034 
1.118034 
1.118034 
1.118034 
1.414214 
1.414214 
1.000000 
1.000000 
1.118034 
1.118034 
1.000000 
1.000000 
1.118034 
1.118034 
0.500000 
0.500000 
7.566373 
7.566373 
1.000000 
1.000000 
2.061553 
2.061553 
2.500000 
2.500000 
3.000000 
3.000000 
1.500000 
1.500000 
0.707107 
0.707107 
0.707107 
0.707107 
7.516648 
7.516648 
0.707107 
0.707107 
1.500000 
1.500000 
1.500000 
1.500000 
8.860023 
8.860023 
2.915476 
2.915476 
