0.000000 
0.000000 
0.000000 
0.000000 
0.000000 
0.000000 
0.000000 
0.000000 
0.000000 
0.000000 
0.000000 
0.000000 
0.500000 
0.500000 
1.000000 
1.000000 
0.707107 
0.707107 
0.707107 
0.707107 
1.802776 
1.802776 
1.500000 
1.500000 
0.500000 
0.500000 
0.000000 
0.000000 
0.000000 
0.000000 
0.000000 
0.000000 
1.118034 
1.118034 
0.000000 
0.000000 
0.500000 
0.500000 
1.000000 
1.000000 
0.000000 
0.000000 
0.500000 
0.500000 
0.707107 
0.707107 
1.118034 
1.118034 
0.000000 
0.000000 
0.707107 
0.707107 
0.500000 
0.500000 
1.000000 
1.000000 
1.802776 
1.802776 
1.000000 
1.000000 
0.000000 
0.000000 
0.500000 
0.500000 
0.500000 
0.500000 
0.707107 
0.707107 
0.500000 
0.500000 
0.707107 
0.707107 
0.707107 
0.707107 
0.500000 
0.500000 
0.500000 
0.500000 
0.500000 
0.500000 
1.500000 
1.500000 
0.707107 
0.707107 
9.300538 
9.300538 
0.500000 
0.500000 
0.707107 
0.707107 
1.500000 
1.500000 
1.581139 
1.581139 
0.000000 
0.000000 
0.707107 
0.707107 
0.500000 
0.500000 
0.000000 
0.000000 
0.500000 
0.500000 
1.581139 
1.581139 
1.581139 
1.581139 
11.500000 
11.500000 
0.500000 
0.500000 
0.000000 
0.000000 
1.500000 
1.500000 
1.118034 
1.118034 
1.581139 
1.581139 
1.500000 
1.500000 
0.000000 
0.000000 
0.707107 
0.707107 
0.500000 
0.500000 
0.000000 
0.000000 
1.118034 
1.118034 
0.707107 
0.707107 
0.500000 
0.500000 
1.581139 
1.581139 
1.118034 
1.118034 
0.000000 
0.000000 
1.500000 
1.500000 
0.707107 
0.707107 
1.118034 
1.118034 
1.500000 
1.500000 
1.500000 
1.500000 
1.500000 
1.500000 
1.118034 
1.118034 
1.581139 
1.581139 
0.500000 
0.500000 
0.500000 
0.500000 
1.000000 
1.000000 
0.000000 
0.000000 
1.802776 
1.802776 
1.500000 
1.500000 
0.500000 
0.500000 
0.707107 
0.707107 
1.118034 
1.118034 
0.000000 
0.000000 
1.000000 
1.000000 
0.000000 
0.000000 
0.500000 
0.500000 
1.000000 
1.000000 
1.500000 
1.500000 
0.500000 
0.500000 
0.500000 
0.500000 
1.000000 
1.000000 
0.500000 
0.500000 
1.000000 
1.000000 
1.118034 
1.118034 
0.500000 
0.500000 
3.000000 
3.000000 
1.500000 
1.500000 
0.000000 
0.000000 
1.000000 
1.000000 
1.581139 
1.581139 
0.500000 
0.500000 
0.500000 
0.500000 
1.118034 
1.118034 
0.500000 
0.500000 
2.000000 
2.000000 
1.500000 
1.500000 
1.000000 
1.000000 
0.707107 
0.707107 
1.000000 
1.000000 
1.581139 
1.581139 
8.558621 
8.558621 
0.000000 
0.000000 
1.118034 
1.118034 
0.500000 
0.500000 
2.000000 
2.000000 
1.500000 
1.500000 
6.082763 
6.082763 
1.581139 
1.581139 
1.118034 
1.118034 
1.581139 
1.581139 
6.020797 
6.020797 
1.802776 
1.802776 
1.118034 
1.118034 
0.500000 
0.500000 
0.000000 
0.000000 
1.500000 
1.500000 
6.082763 
6.082763 
1.414214 
1.414214 
1.118034 
1.118034 
1.118034 
1.118034 
0.707107 
0.707107 
0.500000 
0.500000 
1.118034 
1.118034 
0.500000 
0.500000 
19.006578 
19.006578 
1.500000 
1.500000 
6.082763 
6.082763 
0.500000 
0.500000 
1.118034 
1.118034 
0.500000 
0.500000 
7.516648 
7.516648 
0.500000 
0.500000 
1.118034 
1.118034 
0.500000 
0.500000 
19.006578 
19.006578 
1.500000 
1.500000 
6.082763 
6.082763 
1.414214 
1.414214 
1.118034 
1.118034 
11.672618 
11.672618 
0.500000 
0.500000 
0.500000 
0.500000 
1.118034 
1.118034 
0.500000 
0.500000 
19.006578 
19.006578 
1.500000 
1.500000 
5.408327 
5.408327 
1.414214 
1.414214 
1.118034 
1.118034 
1.802776 
1.802776 
1.581139 
1.581139 
0.500000 
0.500000 
1.118034 
1.118034 
0.500000 
0.500000 
19.006578 
19.006578 
1.500000 
1.500000 
1.581139 
1.581139 
1.414214 
1.414214 
1.118034 
1.118034 
0.500000 
0.500000 
1.000000 
1.000000 
0.500000 
0.500000 
1.118034 
1.118034 
0.500000 
0.500000 
19.006578 
19.006578 
1.500000 
1.500000 
1.118034 
1.118034 
1.414214 
1.414214 
1.118034 
1.118034 
1.118034 
1.118034 
0.500000 
0.500000 
0.500000 
0.500000 
1.118034 
1.118034 
0.500000 
0.500000 
19.006578 
19.006578 
1.500000 
1.500000 
1.414214 
1.414214 
1.414214 
1.414214 
1.118034 
1.118034 
2.236068 
2.236068 
2.000000 
2.000000 
0.500000 
0.500000 
1.118034 
1.118034 
0.500000 
0.500000 
19.006578 
19.006578 
1.500000 
1.500000 
1.414214 
1.414214 
1.414214 
1.414214 
1.118034 
1.118034 
1.802776 
1.802776 
1.581139 
1.581139 
0.500000 
0.500000 
1.118034 
1.118034 
0.500000 
0.500000 
19.006578 
19.006578 
1.500000 
1.500000 
0.707107 
0.707107 
1.414214 
1.414214 
1.118034 
1.118034 
1.118034 
1.118034 
7.516648 
7.516648 
0.500000 
0.500000 
1.118034 
1.118034 
0.500000 
0.500000 
12.041595 
12.041595 
1.581139 
1.581139 
1.414214 
1.414214 
1.118034 
1.118034 
1.581139 
1.581139 
2.061553 
2.061553 
0.500000 
0.500000 
1.118034 
1.118034 
0.500000 
0.500000 
2.500000 
2.500000 
1.581139 
1.581139 
1.414214 
1.414214 
1.118034 
1.118034 
2.000000 
2.000000 
2.500000 
2.500000 
0.500000 
0.500000 
1.118034 
1.118034 
1.000000 
1.000000 
1.000000 
1.000000 
1.414214 
1.414214 
8.276473 
8.276473 
2.236068 
2.236068 
7.615773 
7.615773 
0.500000 
0.500000 
1.000000 
1.000000 
0.500000 
0.500000 
1.414214 
1.414214 
0.500000 
0.500000 
8.500000 
8.500000 
0.500000 
0.500000 
0.500000 
0.500000 
1.000000 
1.000000 
1.000000 
1.000000 
23.632605 
23.632605 
0.500000 
0.500000 
0.500000 
0.500000 
1.000000 
1.000000 
0.500000 
0.500000 
1.000000 
1.000000 
1.118034 
1.118034 
1.500000 
1.500000 
15.000000 
15.000000 
1.581139 
1.581139 
2.236068 
2.236068 
0.500000 
0.500000 
1.000000 
1.000000 
8.015610 
8.015610 
2.000000 
2.000000 
0.500000 
0.500000 
1.802776 
1.802776 
6.670832 
6.670832 
16.568042 
16.568042 
1.118034 
1.118034 
2.061553 
2.061553 
1.581139 
1.581139 
13.000000 
13.000000 
1.118034 
1.118034 
16.568042 
16.568042 
2.500000 
2.500000 
1.118034 
1.118034 
1.581139 
1.581139 
3.201562 
3.201562 
1.500000 
1.500000 
0.000000 
0.000000 
16.568042 
16.568042 
2.500000 
2.500000 
15.206906 
15.206906 
1.581139 
1.581139 
1.802776 
1.802776 
7.810250 
7.810250 
1.500000 
1.500000 
16.568042 
16.568042 
2.500000 
2.500000 
2.121320 
2.121320 
1.581139 
1.581139 
2.692582 
2.692582 
3.535534 
3.535534 
0.000000 
0.000000 
1.118034 
1.118034 
16.568042 
16.568042 
2.500000 
2.500000 
1.000000 
1.000000 
1.581139 
1.581139 
1.118034 
1.118034 
1.802776 
1.802776 
0.000000 
0.000000 
4.527693 
4.527693 
16.568042 
16.568042 
2.500000 
2.500000 
0.707107 
0.707107 
1.581139 
1.581139 
3.640055 
3.640055 
4.031129 
4.031129 
0.000000 
0.000000 
4.924429 
4.924429 
16.568042 
16.568042 
2.500000 
2.500000 
10.198039 
10.198039 
1.581139 
1.581139 
3.640055 
3.640055 
3.605551 
3.605551 
0.000000 
0.000000 
0.000000 
0.000000 
0.000000 
0.000000 
4.924429 
4.924429 
16.568042 
16.568042 
2.500000 
2.500000 
3.905125 
3.905125 
1.581139 
1.581139 
3.640055 
3.640055 
4.031129 
4.031129 
2.236068 
2.236068 
2.061553 
2.061553 
0.000000 
0.000000 
4.924429 
4.924429 
16.568042 
16.568042 
2.500000 
2.500000 
2.500000 
2.500000 
1.581139 
1.581139 
3.640055 
3.640055 
10.547512 
10.547512 
2.692582 
2.692582 
2.500000 
2.500000 
0.000000 
0.000000 
4.924429 
4.924429 
16.568042 
16.568042 
2.500000 
2.500000 
2.549510 
2.549510 
1.581139 
1.581139 
3.640055 
3.640055 
2.692582 
2.692582 
2.549510 
2.549510 
3.535534 
3.535534 
0.000000 
0.000000 
4.924429 
4.924429 
16.568042 
16.568042 
2.500000 
2.500000 
2.915476 
2.915476 
1.581139 
1.581139 
3.640055 
3.640055 
2.915476 
2.915476 
2.236068 
2.236068 
2.915476 
2.915476 
0.000000 
0.000000 
4.924429 
4.924429 
16.568042 
16.568042 
2.500000 
2.500000 
2.236068 
2.236068 
1.581139 
1.581139 
3.640055 
3.640055 
3.162278 
3.162278 
0.000000 
0.000000 
0.500000 
0.500000 
1.000000 
1.000000 
0.000000 
0.000000 
4.924429 
4.924429 
16.568042 
16.568042 
2.500000 
2.500000 
1.581139 
1.581139 
1.581139 
1.581139 
3.640055 
3.640055 
0.500000 
0.500000 
