0.000000 
0.000000 
0.000000 
0.000000 
0.000000 
0.000000 
0.000000 
0.000000 
0.000000 
0.000000 
0.000000 
0.000000 
0.000000 
0.000000 
0.000000 
0.000000 
0.000000 
0.000000 
0.500000 
0.500000 
0.000000 
0.000000 
0.500000 
0.500000 
0.500000 
0.500000 
0.707107 
0.707107 
0.500000 
0.500000 
0.707107 
0.707107 
10.000000 
10.000000 
0.500000 
0.500000 
0.000000 
0.000000 
0.000000 
0.000000 
0.500000 
0.500000 
0.500000 
0.500000 
0.500000 
0.500000 
0.500000 
0.500000 
0.000000 
0.000000 
0.000000 
0.000000 
0.000000 
0.000000 
0.000000 
0.000000 
0.500000 
0.500000 
0.000000 
0.000000 
1.581139 
1.581139 
0.000000 
0.000000 
1.414214 
1.414214 
2.236068 
2.236068 
13.509256 
13.509256 
0.707107 
0.707107 
10.511898 
10.511898 
0.000000 
0.000000 
0.707107 
0.707107 
0.000000 
0.000000 
0.500000 
0.500000 
1.500000 
1.500000 
4.031129 
4.031129 
0.000000 
0.000000 
1.802776 
1.802776 
1.802776 
1.802776 
13.509256 
13.509256 
0.707107 
0.707107 
11.000000 
11.000000 
0.500000 
0.500000 
1.118034 
1.118034 
0.000000 
0.000000 
0.500000 
0.500000 
1.118034 
1.118034 
1.000000 
1.000000 
0.000000 
0.000000 
1.414214 
1.414214 
26.234519 
26.234519 
13.509256 
13.509256 
0.707107 
0.707107 
0.000000 
0.000000 
2.692582 
2.692582 
1.118034 
1.118034 
0.000000 
0.000000 
0.500000 
0.500000 
1.581139 
1.581139 
0.500000 
0.500000 
0.000000 
0.000000 
0.500000 
0.500000 
0.707107 
0.707107 
13.509256 
13.509256 
1.000000 
1.000000 
0.000000 
0.000000 
0.000000 
0.000000 
0.707107 
0.707107 
1.118034 
1.118034 
0.000000 
0.000000 
0.500000 
0.500000 
0.500000 
0.500000 
0.000000 
0.000000 
0.000000 
0.000000 
0.707107 
0.707107 
0.707107 
0.707107 
13.509256 
13.509256 
0.000000 
0.000000 
0.500000 
0.500000 
0.500000 
0.500000 
0.500000 
0.500000 
0.500000 
0.500000 
0.000000 
0.000000 
0.500000 
0.500000 
0.000000 
0.000000 
0.500000 
0.500000 
0.000000 
0.000000 
0.000000 
0.000000 
0.707107 
0.707107 
13.509256 
13.509256 
0.500000 
0.500000 
0.500000 
0.500000 
0.707107 
0.707107 
0.500000 
0.500000 
0.000000 
0.000000 
0.000000 
0.000000 
0.500000 
0.500000 
0.000000 
0.000000 
0.000000 
0.000000 
0.000000 
0.000000 
0.500000 
0.500000 
0.707107 
0.707107 
13.509256 
13.509256 
0.500000 
0.500000 
0.500000 
0.500000 
22.561028 
22.561028 
1.581139 
1.581139 
0.000000 
0.000000 
0.000000 
0.000000 
0.500000 
0.500000 
0.000000 
0.000000 
0.000000 
0.000000 
0.000000 
0.000000 
0.500000 
0.500000 
0.707107 
0.707107 
13.509256 
13.509256 
1.000000 
1.000000 
0.500000 
0.500000 
0.000000 
0.000000 
22.561028 
22.561028 
2.549510 
2.549510 
1.118034 
1.118034 
0.000000 
0.000000 
0.500000 
0.500000 
15.008331 
15.008331 
0.500000 
0.500000 
0.000000 
0.000000 
0.500000 
0.500000 
0.707107 
0.707107 
13.509256 
13.509256 
0.707107 
0.707107 
0.500000 
0.500000 
3.162278 
3.162278 
22.561028 
22.561028 
2.500000 
2.500000 
1.118034 
1.118034 
0.000000 
0.000000 
0.500000 
0.500000 
6.800735 
6.800735 
0.000000 
0.000000 
0.000000 
0.000000 
1.118034 
1.118034 
0.707107 
0.707107 
13.509256 
13.509256 
0.500000 
0.500000 
0.707107 
0.707107 
12.165525 
12.165525 
22.561028 
22.561028 
1.581139 
1.581139 
1.118034 
1.118034 
0.000000 
0.000000 
0.500000 
0.500000 
1.000000 
1.000000 
0.500000 
0.500000 
0.000000 
0.000000 
0.500000 
0.500000 
0.707107 
0.707107 
13.509256 
13.509256 
7.516648 
7.516648 
0.707107 
0.707107 
1.118034 
1.118034 
22.561028 
22.561028 
1.000000 
1.000000 
1.118034 
1.118034 
0.000000 
0.000000 
0.500000 
0.500000 
2.061553 
2.061553 
0.000000 
0.000000 
0.000000 
0.000000 
0.500000 
0.500000 
0.707107 
0.707107 
13.509256 
13.509256 
0.500000 
0.500000 
0.707107 
0.707107 
1.802776 
1.802776 
22.561028 
22.561028 
2.000000 
2.000000 
1.118034 
1.118034 
0.000000 
0.000000 
0.500000 
0.500000 
1.118034 
1.118034 
1.000000 
1.000000 
0.000000 
0.000000 
5.220153 
5.220153 
0.707107 
0.707107 
13.509256 
13.509256 
1.000000 
1.000000 
1.000000 
1.000000 
1.000000 
1.000000 
22.561028 
22.561028 
2.000000 
2.000000 
1.118034 
1.118034 
0.000000 
0.000000 
0.500000 
0.500000 
1.581139 
1.581139 
0.500000 
0.500000 
0.000000 
0.000000 
0.500000 
0.500000 
0.707107 
0.707107 
13.509256 
13.509256 
1.118034 
1.118034 
0.000000 
0.000000 
0.000000 
0.000000 
1.000000 
1.000000 
22.561028 
22.561028 
13.086252 
13.086252 
1.118034 
1.118034 
0.000000 
0.000000 
1.414214 
1.414214 
0.500000 
0.500000 
0.000000 
0.000000 
0.500000 
0.500000 
0.707107 
0.707107 
13.509256 
13.509256 
0.707107 
0.707107 
0.500000 
0.500000 
0.500000 
0.500000 
8.631338 
8.631338 
22.561028 
22.561028 
1.414214 
1.414214 
1.118034 
1.118034 
1.000000 
1.000000 
0.000000 
0.000000 
0.500000 
0.500000 
0.707107 
0.707107 
0.707107 
0.707107 
0.500000 
0.500000 
2.121320 
2.121320 
8.514693 
8.514693 
22.561028 
22.561028 
3.605551 
3.605551 
1.118034 
1.118034 
1.118034 
1.118034 
0.500000 
0.500000 
1.118034 
1.118034 
0.707107 
0.707107 
2.549510 
2.549510 
0.707107 
0.707107 
2.121320 
2.121320 
8.514693 
8.514693 
22.561028 
22.561028 
3.354102 
3.354102 
1.118034 
1.118034 
1.802776 
1.802776 
0.500000 
0.500000 
0.707107 
0.707107 
0.707107 
0.707107 
3.041381 
3.041381 
0.500000 
0.500000 
2.121320 
2.121320 
12.041595 
12.041595 
22.561028 
22.561028 
3.535534 
3.535534 
1.118034 
1.118034 
2.549510 
2.549510 
0.500000 
0.500000 
0.707107 
0.707107 
17.613915 
17.613915 
0.707107 
0.707107 
2.121320 
2.121320 
0.000000 
0.000000 
22.561028 
22.561028 
0.707107 
0.707107 
1.118034 
1.118034 
1.581139 
1.581139 
0.500000 
0.500000 
0.500000 
0.500000 
1.802776 
1.802776 
1.581139 
1.581139 
2.121320 
2.121320 
1.581139 
1.581139 
22.561028 
22.561028 
1.500000 
1.500000 
1.118034 
1.118034 
1.000000 
1.000000 
0.500000 
0.500000 
0.000000 
0.000000 
1.414214 
1.414214 
1.118034 
1.118034 
2.121320 
2.121320 
1.000000 
1.000000 
22.561028 
22.561028 
2.121320 
2.121320 
1.118034 
1.118034 
0.707107 
0.707107 
0.500000 
0.500000 
0.500000 
0.500000 
18.560711 
18.560711 
0.707107 
0.707107 
5.000000 
5.000000 
0.707107 
0.707107 
2.692582 
2.692582 
1.118034 
1.118034 
1.118034 
1.118034 
0.500000 
0.500000 
0.500000 
0.500000 
0.707107 
0.707107 
0.500000 
0.500000 
2.000000 
2.000000 
1.118034 
1.118034 
20.024984 
20.024984 
0.500000 
0.500000 
0.500000 
0.500000 
1.581139 
1.581139 
1.581139 
1.581139 
0.500000 
0.500000 
2.000000 
2.000000 
1.118034 
1.118034 
1.581139 
1.581139 
1.000000 
1.000000 
0.500000 
0.500000 
0.500000 
0.500000 
1.118034 
1.118034 
1.118034 
1.118034 
2.000000 
2.000000 
1.500000 
1.500000 
1.802776 
1.802776 
1.000000 
1.000000 
0.500000 
0.500000 
1.000000 
1.000000 
1.000000 
1.000000 
0.707107 
0.707107 
2.000000 
2.000000 
0.707107 
0.707107 
1.581139 
1.581139 
7.017834 
7.017834 
0.500000 
0.500000 
0.500000 
0.500000 
0.707107 
0.707107 
1.118034 
1.118034 
1.500000 
1.500000 
0.707107 
0.707107 
0.500000 
0.500000 
0.707107 
0.707107 
0.500000 
0.500000 
0.500000 
0.500000 
0.707107 
0.707107 
0.707107 
0.707107 
1.581139 
1.581139 
1.414214 
1.414214 
0.500000 
0.500000 
1.500000 
1.500000 
0.500000 
0.500000 
1.500000 
1.500000 
0.707107 
0.707107 
0.000000 
0.000000 
1.500000 
1.500000 
1.581139 
1.581139 
8.015610 
8.015610 
0.707107 
0.707107 
0.500000 
0.500000 
1.581139 
1.581139 
1.000000 
1.000000 
0.000000 
0.000000 
0.000000 
0.000000 
0.500000 
0.500000 
21.505813 
21.505813 
0.500000 
0.500000 
0.500000 
0.500000 
1.118034 
1.118034 
0.707107 
0.707107 
0.500000 
0.500000 
2.000000 
2.000000 
0.500000 
0.500000 
1.000000 
1.000000 
0.000000 
0.000000 
1.118034 
1.118034 
1.802776 
1.802776 
0.500000 
0.500000 
2.000000 
2.000000 
2.549510 
2.549510 
22.051077 
22.051077 
1.000000 
1.000000 
0.500000 
0.500000 
1.802776 
1.802776 
1.118034 
1.118034 
2.000000 
2.000000 
12.854960 
12.854960 
2.549510 
2.549510 
1.118034 
1.118034 
0.500000 
0.500000 
1.802776 
1.802776 
0.707107 
0.707107 
0.000000 
0.000000 
2.000000 
2.000000 
1.500000 
1.500000 
3.162278 
3.162278 
1.581139 
1.581139 
0.500000 
0.500000 
1.802776 
1.802776 
0.500000 
0.500000 
13.509256 
13.509256 
2.000000 
2.000000 
0.000000 
0.000000 
17.613915 
17.613915 
0.000000 
0.000000 
1.118034 
1.118034 
1.802776 
1.802776 
1.000000 
1.000000 
2.061553 
2.061553 
7.826238 
7.826238 
0.500000 
0.500000 
1.118034 
1.118034 
0.000000 
0.000000 
0.500000 
0.500000 
1.802776 
1.802776 
0.500000 
0.500000 
15.206906 
15.206906 
1.500000 
1.500000 
1.118034 
1.118034 
1.118034 
1.118034 
0.707107 
0.707107 
1.581139 
1.581139 
1.802776 
1.802776 
0.500000 
0.500000 
1.581139 
1.581139 
0.500000 
0.500000 
1.118034 
1.118034 
0.500000 
0.500000 
0.707107 
0.707107 
1.500000 
1.500000 
1.802776 
1.802776 
0.500000 
0.500000 
0.707107 
0.707107 
1.581139 
1.581139 
0.707107 
0.707107 
0.500000 
0.500000 
0.500000 
0.500000 
1.000000 
1.000000 
1.802776 
1.802776 
1.000000 
1.000000 
1.414214 
1.414214 
1.581139 
1.581139 
1.118034 
1.118034 
1.500000 
1.500000 
1.000000 
1.000000 
0.000000 
0.000000 
1.802776 
1.802776 
1.581139 
1.581139 
7.500000 
7.500000 
1.581139 
1.581139 
1.802776 
1.802776 
1.000000 
1.000000 
1.118034 
1.118034 
1.118034 
1.118034 
1.802776 
1.802776 
1.118034 
1.118034 
9.617692 
9.617692 
1.581139 
1.581139 
8.381527 
8.381527 
14.221463 
14.221463 
1.118034 
1.118034 
1.118034 
1.118034 
1.802776 
1.802776 
1.000000 
1.000000 
0.000000 
0.000000 
1.581139 
1.581139 
1.581139 
1.581139 
13.238202 
13.238202 
0.707107 
0.707107 
0.707107 
0.707107 
1.802776 
1.802776 
1.118034 
1.118034 
