0.000000 
0.000000 
0.000000 
0.000000 
0.000000 
0.000000 
0.000000 
0.000000 
0.000000 
0.000000 
1.118034 
1.118034 
0.500000 
0.500000 
2.121320 
2.121320 
0.000000 
0.000000 
1.118034 
1.118034 
0.000000 
0.000000 
1.118034 
1.118034 
0.000000 
0.000000 
1.118034 
1.118034 
1.000000 
1.000000 
1.000000 
1.000000 
0.000000 
0.000000 
1.118034 
1.118034 
1.118034 
1.118034 
0.707107 
0.707107 
0.000000 
0.000000 
1.118034 
1.118034 
2.692582 
2.692582 
1.000000 
1.000000 
0.000000 
0.000000 
1.118034 
1.118034 
0.000000 
0.000000 
0.707107 
0.707107 
0.000000 
0.000000 
1.118034 
1.118034 
0.707107 
0.707107 
0.500000 
0.500000 
0.000000 
0.000000 
0.000000 
0.000000 
1.118034 
1.118034 
1.000000 
1.000000 
0.500000 
0.500000 
0.707107 
0.707107 
0.000000 
0.000000 
1.118034 
1.118034 
0.500000 
0.500000 
0.707107 
0.707107 
0.707107 
0.707107 
0.000000 
0.000000 
1.118034 
1.118034 
0.707107 
0.707107 
1.118034 
1.118034 
0.707107 
0.707107 
0.000000 
0.000000 
1.118034 
1.118034 
1.414214 
1.414214 
1.500000 
1.500000 
1.802776 
1.802776 
0.000000 
0.000000 
1.118034 
1.118034 
1.000000 
1.000000 
1.118034 
1.118034 
2.000000 
2.000000 
1.414214 
1.414214 
1.118034 
1.118034 
1.581139 
1.581139 
1.118034 
1.118034 
0.500000 
0.500000 
0.500000 
0.500000 
1.118034 
1.118034 
0.707107 
0.707107 
3.640055 
3.640055 
1.000000 
1.000000 
0.500000 
0.500000 
1.118034 
1.118034 
0.500000 
0.500000 
3.807887 
3.807887 
0.500000 
0.500000 
1.118034 
1.118034 
1.000000 
1.000000 
1.581139 
1.581139 
0.000000 
0.000000 
0.000000 
0.000000 
1.118034 
1.118034 
0.500000 
0.500000 
2.236068 
2.236068 
0.000000 
0.000000 
0.500000 
0.500000 
1.118034 
1.118034 
0.500000 
0.500000 
2.236068 
2.236068 
0.000000 
0.000000 
0.500000 
0.500000 
0.500000 
0.500000 
1.118034 
1.118034 
1.000000 
1.000000 
1.581139 
1.581139 
0.000000 
0.000000 
0.500000 
0.500000 
1.000000 
1.000000 
1.118034 
1.118034 
0.000000 
0.000000 
0.500000 
0.500000 
0.500000 
0.500000 
0.000000 
0.000000 
1.581139 
1.581139 
1.118034 
1.118034 
1.118034 
1.118034 
1.000000 
1.000000 
1.000000 
1.000000 
0.707107 
0.707107 
2.061553 
2.061553 
1.118034 
1.118034 
1.118034 
1.118034 
12.010412 
12.010412 
0.500000 
0.500000 
0.707107 
0.707107 
1.000000 
1.000000 
1.118034 
1.118034 
7.158911 
7.158911 
1.581139 
1.581139 
1.000000 
1.000000 
0.500000 
0.500000 
0.000000 
0.000000 
1.118034 
1.118034 
2.061553 
2.061553 
0.500000 
0.500000 
0.500000 
0.500000 
0.707107 
0.707107 
0.000000 
0.000000 
1.118034 
1.118034 
1.118034 
1.118034 
0.000000 
0.000000 
0.000000 
0.000000 
0.500000 
0.500000 
0.000000 
0.000000 
1.118034 
1.118034 
0.500000 
0.500000 
0.500000 
0.500000 
0.707107 
0.707107 
0.000000 
0.000000 
0.000000 
0.000000 
1.118034 
1.118034 
0.500000 
0.500000 
0.500000 
0.500000 
0.707107 
0.707107 
0.500000 
0.500000 
0.000000 
0.000000 
1.118034 
1.118034 
0.500000 
0.500000 
15.508062 
15.508062 
0.707107 
0.707107 
0.500000 
0.500000 
0.000000 
0.000000 
1.118034 
1.118034 
0.500000 
0.500000 
1.802776 
1.802776 
0.707107 
0.707107 
0.000000 
0.000000 
0.000000 
0.000000 
1.118034 
1.118034 
0.500000 
0.500000 
1.000000 
1.000000 
0.707107 
0.707107 
0.500000 
0.500000 
0.000000 
0.000000 
0.707107 
0.707107 
0.707107 
0.707107 
0.707107 
0.707107 
0.707107 
0.707107 
0.000000 
0.000000 
0.500000 
0.500000 
1.000000 
1.000000 
0.707107 
0.707107 
0.707107 
0.707107 
0.000000 
0.000000 
0.500000 
0.500000 
3.041381 
3.041381 
0.707107 
0.707107 
6.576473 
6.576473 
0.000000 
0.000000 
0.707107 
0.707107 
3.354102 
3.354102 
0.707107 
0.707107 
0.000000 
0.000000 
0.000000 
0.000000 
0.500000 
0.500000 
18.741665 
18.741665 
0.707107 
0.707107 
0.500000 
0.500000 
0.000000 
0.000000 
1.500000 
1.500000 
0.707107 
0.707107 
0.707107 
0.707107 
0.500000 
0.500000 
0.000000 
0.000000 
0.000000 
0.000000 
2.692582 
2.692582 
0.707107 
0.707107 
1.118034 
1.118034 
0.000000 
0.000000 
0.000000 
0.000000 
1.000000 
1.000000 
0.707107 
0.707107 
0.707107 
0.707107 
0.707107 
0.707107 
1.581139 
1.581139 
0.000000 
0.000000 
0.707107 
0.707107 
0.707107 
0.707107 
0.000000 
0.000000 
1.118034 
1.118034 
0.000000 
0.000000 
0.707107 
0.707107 
0.000000 
0.000000 
0.500000 
0.500000 
0.000000 
0.000000 
0.000000 
0.000000 
0.000000 
0.000000 
0.500000 
0.500000 
2.236068 
2.236068 
0.000000 
0.000000 
1.000000 
1.000000 
0.500000 
0.500000 
1.000000 
1.000000 
0.000000 
0.000000 
0.500000 
0.500000 
0.500000 
0.500000 
1.000000 
1.000000 
0.000000 
0.000000 
0.500000 
0.500000 
7.516648 
7.516648 
1.000000 
1.000000 
1.802776 
1.802776 
0.500000 
0.500000 
0.500000 
0.500000 
1.000000 
1.000000 
