0.000000 
0.000000 
0.000000 
0.000000 
1.000000 
1.000000 
2.061553 
2.061553 
2.549510 
2.549510 
3.354102 
3.354102 
2.061553 
2.061553 
0.707107 
0.707107 
0.500000 
0.500000 
6.020797 
6.020797 
1.118034 
1.118034 
1.000000 
1.000000 
1.118034 
1.118034 
1.581139 
1.581139 
1.500000 
1.500000 
1.118034 
1.118034 
1.000000 
1.000000 
5.099020 
5.099020 
2.236068 
2.236068 
3.201562 
3.201562 
12.257651 
12.257651 
4.272002 
4.272002 
1.581139 
1.581139 
1.000000 
1.000000 
1.000000 
1.000000 
8.631338 
8.631338 
2.061553 
2.061553 
1.581139 
1.581139 
