0.000000 
0.000000 
0.707107 
0.707107 
1.000000 
1.000000 
1.414214 
1.414214 
1.118034 
1.118034 
3.201562 
3.201562 
3.605551 
3.605551 
0.000000 
0.000000 
2.549510 
2.549510 
14.008926 
14.008926 
7.017834 
7.017834 
14.008926 
14.008926 
2.500000 
2.500000 
14.008926 
14.008926 
11.236103 
11.236103 
14.008926 
14.008926 
2.549510 
2.549510 
14.008926 
14.008926 
2.000000 
2.000000 
14.008926 
14.008926 
1.802776 
1.802776 
14.008926 
14.008926 
0.707107 
0.707107 
14.008926 
14.008926 
0.500000 
0.500000 
14.008926 
14.008926 
1.000000 
1.000000 
14.008926 
14.008926 
9.604686 
9.604686 
14.008926 
14.008926 
3.041381 
3.041381 
14.008926 
14.008926 
4.527693 
4.527693 
14.008926 
14.008926 
7.382412 
7.382412 
14.008926 
14.008926 
11.011358 
11.011358 
14.008926 
14.008926 
4.123106 
4.123106 
13.647344 
13.647344 
3.041381 
3.041381 
3.041381 
3.041381 
1.581139 
1.581139 
2.000000 
2.000000 
8.000000 
8.000000 
3.162278 
3.162278 
4.527693 
4.527693 
8.944272 
8.944272 
8.276473 
8.276473 
4.500000 
4.500000 
4.301163 
4.301163 
8.860023 
8.860023 
5.852350 
5.852350 
2.500000 
2.500000 
2.061553 
2.061553 
1.802776 
1.802776 
1.802776 
1.802776 
2.549510 
2.549510 
7.566373 
7.566373 
4.000000 
4.000000 
4.609772 
4.609772 
9.617692 
9.617692 
3.000000 
3.000000 
3.500000 
3.500000 
2.500000 
2.500000 
