0.000000 
0.000000 
1.581139 
1.581139 
1.118034 
1.118034 
0.707107 
0.707107 
1.000000 
1.000000 
1.581139 
1.581139 
0.707107 
0.707107 
0.000000 
0.000000 
0.500000 
0.500000 
0.500000 
0.500000 
0.000000 
0.000000 
1.500000 
1.500000 
2.061553 
2.061553 
1.118034 
1.118034 
1.414214 
1.414214 
1.118034 
1.118034 
0.000000 
0.000000 
1.414214 
1.414214 
1.118034 
1.118034 
0.707107 
0.707107 
1.414214 
1.414214 
1.118034 
1.118034 
7.826238 
7.826238 
1.414214 
1.414214 
1.118034 
1.118034 
3.162278 
3.162278 
1.414214 
1.414214 
1.118034 
1.118034 
2.692582 
2.692582 
1.414214 
1.414214 
1.118034 
1.118034 
0.500000 
0.500000 
1.414214 
1.414214 
1.118034 
1.118034 
0.000000 
0.000000 
1.414214 
1.414214 
1.118034 
1.118034 
1.414214 
1.414214 
1.414214 
1.414214 
1.118034 
1.118034 
0.500000 
0.500000 
1.414214 
1.414214 
1.118034 
1.118034 
0.500000 
0.500000 
1.414214 
1.414214 
1.118034 
1.118034 
0.500000 
0.500000 
1.414214 
1.414214 
1.118034 
1.118034 
1.118034 
1.118034 
1.414214 
1.414214 
1.118034 
1.118034 
0.000000 
0.000000 
1.414214 
1.414214 
1.118034 
1.118034 
0.500000 
0.500000 
1.414214 
1.414214 
1.118034 
1.118034 
0.000000 
0.000000 
0.500000 
0.500000 
0.707107 
0.707107 
0.500000 
0.500000 
0.707107 
0.707107 
0.500000 
0.500000 
0.000000 
0.000000 
0.500000 
0.500000 
2.000000 
2.000000 
1.500000 
1.500000 
1.118034 
1.118034 
0.500000 
0.500000 
0.000000 
0.000000 
1.118034 
1.118034 
0.000000 
0.000000 
0.000000 
0.000000 
0.500000 
0.500000 
0.000000 
0.000000 
0.707107 
0.707107 
1.118034 
1.118034 
1.581139 
1.581139 
1.414214 
1.414214 
