0.000000 
0.000000 
20.359273 
20.359273 
2.061553 
2.061553 
1.581139 
1.581139 
0.500000 
0.500000 
0.707107 
0.707107 
1.000000 
1.000000 
0.500000 
0.500000 
1.118034 
1.118034 
0.707107 
0.707107 
0.707107 
0.707107 
1.000000 
1.000000 
0.500000 
0.500000 
0.707107 
0.707107 
0.500000 
0.500000 
1.500000 
1.500000 
1.802776 
1.802776 
2.061553 
2.061553 
3.807887 
3.807887 
3.041381 
3.041381 
1.581139 
1.581139 
0.500000 
0.500000 
0.500000 
0.500000 
2.549510 
2.549510 
3.162278 
3.162278 
2.549510 
2.549510 
0.500000 
0.500000 
2.500000 
2.500000 
2.000000 
2.000000 
2.000000 
2.000000 
1.118034 
1.118034 
3.041381 
3.041381 
6.670832 
6.670832 
8.514693 
8.514693 
4.031129 
4.031129 
0.500000 
0.500000 
1.118034 
1.118034 
2.236068 
2.236068 
1.118034 
1.118034 
0.500000 
0.500000 
1.118034 
1.118034 
0.500000 
0.500000 
1.581139 
1.581139 
0.707107 
0.707107 
1.000000 
1.000000 
1.118034 
1.118034 
2.061553 
2.061553 
