0.000000 
0.000000 
0.000000 
0.000000 
0.000000 
0.000000 
0.000000 
0.000000 
4.242641 
4.242641 
1.500000 
1.500000 
1.118034 
1.118034 
0.500000 
0.500000 
3.640055 
3.640055 
10.606602 
10.606602 
0.500000 
0.500000 
0.500000 
0.500000 
13.601471 
13.601471 
3.201562 
3.201562 
8.015610 
8.015610 
0.000000 
0.000000 
0.500000 
0.500000 
0.500000 
0.500000 
0.000000 
0.000000 
0.500000 
0.500000 
0.000000 
0.000000 
0.500000 
0.500000 
0.500000 
0.500000 
0.000000 
0.000000 
5.099020 
5.099020 
2.828427 
2.828427 
4.000000 
4.000000 
1.000000 
1.000000 
4.609772 
4.609772 
0.707107 
0.707107 
4.000000 
4.000000 
0.500000 
0.500000 
20.006249 
20.006249 
0.500000 
0.500000 
9.055385 
9.055385 
0.500000 
0.500000 
0.707107 
0.707107 
0.000000 
0.000000 
0.500000 
0.500000 
0.000000 
0.000000 
0.000000 
0.000000 
0.000000 
0.000000 
0.000000 
0.000000 
0.000000 
0.000000 
4.527693 
4.527693 
0.500000 
0.500000 
1.581139 
1.581139 
0.500000 
0.500000 
7.017834 
7.017834 
0.500000 
0.500000 
2.061553 
2.061553 
0.500000 
0.500000 
7.071068 
7.071068 
0.500000 
0.500000 
2.000000 
2.000000 
0.500000 
0.500000 
0.000000 
0.000000 
0.000000 
0.000000 
0.000000 
0.000000 
0.000000 
0.000000 
0.000000 
0.000000 
0.000000 
0.000000 
0.000000 
0.000000 
0.000000 
0.000000 
3.041381 
3.041381 
7.158911 
7.158911 
1.500000 
1.500000 
0.000000 
0.000000 
15.500000 
15.500000 
0.500000 
0.500000 
0.500000 
0.500000 
0.000000 
0.000000 
1.802776 
1.802776 
0.500000 
0.500000 
1.500000 
1.500000 
0.500000 
0.500000 
0.500000 
0.500000 
0.000000 
0.000000 
0.500000 
0.500000 
0.000000 
0.000000 
0.000000 
0.000000 
0.000000 
0.000000 
0.000000 
0.000000 
0.000000 
0.000000 
2.500000 
2.500000 
0.000000 
0.000000 
0.707107 
0.707107 
0.000000 
0.000000 
2.061553 
2.061553 
0.707107 
0.707107 
11.884864 
11.884864 
0.000000 
0.000000 
3.000000 
3.000000 
0.500000 
0.500000 
0.500000 
0.500000 
0.500000 
0.500000 
0.000000 
0.000000 
0.000000 
0.000000 
0.000000 
0.000000 
0.000000 
0.000000 
0.000000 
0.000000 
0.000000 
0.000000 
0.000000 
0.000000 
0.000000 
0.000000 
4.500000 
4.500000 
1.581139 
1.581139 
1.000000 
1.000000 
0.000000 
0.000000 
0.000000 
0.000000 
1.500000 
1.500000 
11.236103 
11.236103 
0.500000 
0.500000 
7.071068 
7.071068 
6.324555 
6.324555 
0.707107 
0.707107 
0.000000 
0.000000 
0.000000 
0.000000 
6.020797 
6.020797 
0.000000 
0.000000 
0.000000 
0.000000 
0.000000 
0.000000 
0.000000 
0.000000 
0.000000 
0.000000 
0.000000 
0.000000 
1.581139 
1.581139 
0.500000 
0.500000 
0.500000 
0.500000 
0.000000 
0.000000 
1.581139 
1.581139 
1.000000 
1.000000 
0.000000 
0.000000 
0.707107 
0.707107 
2.000000 
2.000000 
0.500000 
0.500000 
0.500000 
0.500000 
0.500000 
0.500000 
0.000000 
0.000000 
0.000000 
0.000000 
0.000000 
0.000000 
0.000000 
0.000000 
0.000000 
0.000000 
0.000000 
0.000000 
0.500000 
0.500000 
0.000000 
0.000000 
2.000000 
2.000000 
0.000000 
0.000000 
2.549510 
2.549510 
6.500000 
6.500000 
2.061553 
2.061553 
7.500000 
7.500000 
2.549510 
2.549510 
0.500000 
0.500000 
3.640055 
3.640055 
0.000000 
0.000000 
1.500000 
1.500000 
0.500000 
0.500000 
0.000000 
0.000000 
0.000000 
0.000000 
0.000000 
0.000000 
0.000000 
0.000000 
0.000000 
0.000000 
0.000000 
0.000000 
0.000000 
0.000000 
0.000000 
0.000000 
4.301163 
4.301163 
1.000000 
1.000000 
1.118034 
1.118034 
6.082763 
6.082763 
0.500000 
0.500000 
0.707107 
0.707107 
1.414214 
1.414214 
1.000000 
1.000000 
0.500000 
0.500000 
1.000000 
1.000000 
1.414214 
1.414214 
0.000000 
0.000000 
0.000000 
0.000000 
0.000000 
0.000000 
0.000000 
0.000000 
0.000000 
0.000000 
0.000000 
0.000000 
0.000000 
0.000000 
0.000000 
0.000000 
0.000000 
0.000000 
1.118034 
1.118034 
0.000000 
0.000000 
0.500000 
0.500000 
0.000000 
0.000000 
1.118034 
1.118034 
0.707107 
0.707107 
1.581139 
1.581139 
0.500000 
0.500000 
1.802776 
1.802776 
0.000000 
0.000000 
0.500000 
0.500000 
0.000000 
0.000000 
