0.000000 
0.000000 
1.581139 
1.581139 
1.500000 
1.500000 
2.500000 
2.500000 
4.031129 
4.031129 
4.031129 
4.031129 
3.535534 
3.535534 
11.180340 
11.180340 
2.061553 
2.061553 
4.123106 
4.123106 
3.041381 
3.041381 
5.024938 
5.024938 
3.162278 
3.162278 
10.012492 
10.012492 
2.692582 
2.692582 
2.549510 
2.549510 
3.640055 
3.640055 
4.031129 
4.031129 
2.500000 
2.500000 
2.061553 
2.061553 
1.118034 
1.118034 
1.414214 
1.414214 
1.118034 
1.118034 
8.000000 
8.000000 
1.118034 
1.118034 
1.414214 
1.414214 
1.118034 
1.118034 
2.692582 
2.692582 
3.041381 
3.041381 
3.041381 
3.041381 
2.549510 
2.549510 
13.152946 
13.152946 
1.118034 
1.118034 
2.061553 
2.061553 
1.000000 
1.000000 
3.041381 
3.041381 
2.549510 
2.549510 
4.000000 
4.000000 
3.162278 
3.162278 
3.041381 
3.041381 
0.500000 
0.500000 
8.015610 
8.015610 
1.802776 
1.802776 
2.061553 
2.061553 
3.162278 
3.162278 
4.527693 
4.527693 
4.031129 
4.031129 
