0.000000 
0.000000 
5.408327 
5.408327 
6.519202 
6.519202 
6.519202 
6.519202 
6.519202 
6.519202 
17.334936 
17.334936 
7.433034 
7.433034 
1.802776 
1.802776 
2.828427 
2.828427 
8.631338 
8.631338 
3.500000 
3.500000 
3.000000 
3.000000 
9.013878 
9.013878 
1.500000 
1.500000 
3.354102 
3.354102 
2.236068 
2.236068 
2.500000 
2.500000 
1.414214 
1.414214 
9.708244 
9.708244 
1.802776 
1.802776 
9.486833 
9.486833 
0.000000 
0.000000 
0.707107 
0.707107 
0.707107 
0.707107 
2.236068 
2.236068 
2.692582 
2.692582 
2.692582 
2.692582 
1.802776 
1.802776 
0.707107 
0.707107 
0.000000 
0.000000 
1.118034 
1.118034 
0.707107 
0.707107 
1.118034 
1.118034 
7.516648 
7.516648 
6.020797 
6.020797 
