0.000000 
0.000000 
0.000000 
0.000000 
0.000000 
0.000000 
0.500000 
0.500000 
9.500000 
9.500000 
0.500000 
0.500000 
0.500000 
0.500000 
0.707107 
0.707107 
1.000000 
1.000000 
0.500000 
0.500000 
1.581139 
1.581139 
0.500000 
0.500000 
0.000000 
0.000000 
9.708244 
9.708244 
4.272002 
4.272002 
0.000000 
0.000000 
2.061553 
2.061553 
0.500000 
0.500000 
0.707107 
0.707107 
1.118034 
1.118034 
0.707107 
0.707107 
1.118034 
1.118034 
1.000000 
1.000000 
0.500000 
0.500000 
1.000000 
1.000000 
9.617692 
9.617692 
0.707107 
0.707107 
0.707107 
0.707107 
2.236068 
2.236068 
0.500000 
0.500000 
0.500000 
0.500000 
1.118034 
1.118034 
0.000000 
0.000000 
0.500000 
0.500000 
2.061553 
2.061553 
8.139410 
8.139410 
0.500000 
0.500000 
2.692582 
2.692582 
1.000000 
1.000000 
0.000000 
0.000000 
0.500000 
0.500000 
2.549510 
2.549510 
0.000000 
0.000000 
0.707107 
0.707107 
0.500000 
0.500000 
1.581139 
1.581139 
1.000000 
1.000000 
0.707107 
0.707107 
0.500000 
0.500000 
0.500000 
0.500000 
0.500000 
0.500000 
0.707107 
0.707107 
0.500000 
0.500000 
5.590170 
5.590170 
0.000000 
0.000000 
0.707107 
0.707107 
1.414214 
1.414214 
0.500000 
0.500000 
10.440307 
10.440307 
0.707107 
0.707107 
0.000000 
0.000000 
0.707107 
0.707107 
0.500000 
0.500000 
0.707107 
0.707107 
0.707107 
0.707107 
0.707107 
0.707107 
0.000000 
0.000000 
0.707107 
0.707107 
0.500000 
0.500000 
0.000000 
0.000000 
0.000000 
0.000000 
0.707107 
0.707107 
0.000000 
0.000000 
1.581139 
1.581139 
0.500000 
0.500000 
0.707107 
0.707107 
0.000000 
0.000000 
1.500000 
1.500000 
8.246211 
8.246211 
0.707107 
0.707107 
0.000000 
0.000000 
2.236068 
2.236068 
0.500000 
0.500000 
0.707107 
0.707107 
0.000000 
0.000000 
1.581139 
1.581139 
0.500000 
0.500000 
0.707107 
0.707107 
0.000000 
0.000000 
0.500000 
0.500000 
0.500000 
0.500000 
0.707107 
0.707107 
0.000000 
0.000000 
4.743416 
4.743416 
1.118034 
1.118034 
0.707107 
0.707107 
0.000000 
0.000000 
0.707107 
0.707107 
0.000000 
0.000000 
0.707107 
0.707107 
0.000000 
0.000000 
1.802776 
1.802776 
1.118034 
1.118034 
0.000000 
0.000000 
3.000000 
3.000000 
1.500000 
1.500000 
0.000000 
0.000000 
2.236068 
2.236068 
0.500000 
0.500000 
0.000000 
0.000000 
0.500000 
0.500000 
1.118034 
1.118034 
0.000000 
0.000000 
0.500000 
0.500000 
0.707107 
0.707107 
0.000000 
0.000000 
0.500000 
0.500000 
0.500000 
0.500000 
0.000000 
0.000000 
0.500000 
0.500000 
0.707107 
0.707107 
0.000000 
0.000000 
0.500000 
0.500000 
0.500000 
0.500000 
0.500000 
0.500000 
8.544004 
8.544004 
0.500000 
0.500000 
8.544004 
8.544004 
0.500000 
0.500000 
1.414214 
1.414214 
0.000000 
0.000000 
0.500000 
0.500000 
0.500000 
0.500000 
1.118034 
1.118034 
0.500000 
0.500000 
0.500000 
0.500000 
0.000000 
0.000000 
1.118034 
1.118034 
0.500000 
0.500000 
0.500000 
0.500000 
0.000000 
0.000000 
1.118034 
1.118034 
0.500000 
0.500000 
0.500000 
0.500000 
0.000000 
0.000000 
1.118034 
1.118034 
0.500000 
0.500000 
0.707107 
0.707107 
0.000000 
0.000000 
0.000000 
0.000000 
1.118034 
1.118034 
0.500000 
0.500000 
8.381527 
8.381527 
0.000000 
0.000000 
9.013878 
9.013878 
1.118034 
1.118034 
0.500000 
0.500000 
0.500000 
0.500000 
1.118034 
1.118034 
0.500000 
0.500000 
1.118034 
1.118034 
0.500000 
0.500000 
0.500000 
0.500000 
1.118034 
1.118034 
1.118034 
1.118034 
1.118034 
1.118034 
7.158911 
7.158911 
1.118034 
1.118034 
0.500000 
0.500000 
1.118034 
1.118034 
0.000000 
0.000000 
