0.000000 
0.000000 
0.000000 
0.000000 
0.000000 
0.000000 
0.000000 
0.000000 
1.500000 
1.500000 
0.500000 
0.500000 
1.000000 
1.000000 
1.118034 
1.118034 
0.000000 
0.000000 
0.500000 
0.500000 
0.500000 
0.500000 
2.236068 
2.236068 
0.500000 
0.500000 
0.500000 
0.500000 
0.500000 
0.500000 
0.000000 
0.000000 
2.549510 
2.549510 
9.513149 
9.513149 
0.500000 
0.500000 
1.581139 
1.581139 
0.500000 
0.500000 
2.061553 
2.061553 
2.692582 
2.692582 
0.000000 
0.000000 
1.000000 
1.000000 
0.000000 
0.000000 
1.414214 
1.414214 
3.201562 
3.201562 
0.707107 
0.707107 
1.000000 
1.000000 
0.500000 
0.500000 
1.118034 
1.118034 
1.581139 
1.581139 
0.707107 
0.707107 
1.118034 
1.118034 
0.000000 
0.000000 
0.707107 
0.707107 
1.581139 
1.581139 
0.707107 
0.707107 
1.118034 
1.118034 
0.500000 
0.500000 
15.008331 
15.008331 
1.802776 
1.802776 
0.707107 
0.707107 
1.000000 
1.000000 
0.500000 
0.500000 
0.000000 
0.000000 
1.581139 
1.581139 
0.707107 
0.707107 
1.000000 
1.000000 
0.000000 
0.000000 
1.000000 
1.000000 
7.905694 
7.905694 
0.707107 
0.707107 
1.000000 
1.000000 
0.500000 
0.500000 
0.707107 
0.707107 
0.500000 
0.500000 
0.000000 
0.000000 
0.707107 
0.707107 
1.000000 
1.000000 
0.000000 
0.000000 
0.000000 
0.000000 
8.015610 
8.015610 
8.514693 
8.514693 
0.707107 
0.707107 
1.000000 
1.000000 
1.118034 
1.118034 
5.024938 
5.024938 
0.707107 
0.707107 
0.000000 
0.000000 
0.707107 
0.707107 
1.000000 
1.000000 
0.000000 
0.000000 
1.581139 
1.581139 
2.061553 
2.061553 
0.000000 
0.000000 
0.707107 
0.707107 
1.000000 
1.000000 
0.000000 
0.000000 
1.500000 
1.500000 
2.236068 
2.236068 
9.013878 
9.013878 
0.707107 
0.707107 
1.000000 
1.000000 
0.707107 
0.707107 
2.549510 
2.549510 
2.000000 
2.000000 
1.414214 
1.414214 
0.707107 
0.707107 
1.000000 
1.000000 
0.000000 
0.000000 
12.000000 
12.000000 
2.500000 
2.500000 
0.707107 
0.707107 
0.707107 
0.707107 
1.000000 
1.000000 
0.707107 
0.707107 
2.000000 
2.000000 
12.816006 
12.816006 
1.000000 
1.000000 
0.707107 
0.707107 
1.000000 
1.000000 
0.500000 
0.500000 
3.041381 
3.041381 
3.500000 
3.500000 
1.118034 
1.118034 
0.707107 
0.707107 
1.000000 
1.000000 
1.000000 
1.000000 
14.000000 
14.000000 
10.770330 
10.770330 
0.707107 
0.707107 
1.000000 
1.000000 
0.500000 
0.500000 
3.500000 
3.500000 
4.472136 
4.472136 
6.500000 
6.500000 
1.000000 
1.000000 
0.000000 
0.000000 
4.527693 
4.527693 
4.472136 
4.472136 
2.500000 
2.500000 
1.000000 
1.000000 
0.000000 
0.000000 
1.581139 
1.581139 
4.472136 
4.472136 
1.581139 
1.581139 
0.707107 
0.707107 
2.549510 
2.549510 
4.472136 
4.472136 
2.000000 
2.000000 
0.500000 
0.500000 
3.201562 
3.201562 
4.472136 
4.472136 
2.000000 
2.000000 
0.000000 
0.000000 
10.688779 
10.688779 
4.472136 
4.472136 
2.000000 
2.000000 
0.500000 
0.500000 
3.535534 
3.535534 
4.472136 
4.472136 
2.000000 
2.000000 
0.500000 
0.500000 
12.041595 
12.041595 
4.472136 
4.472136 
2.000000 
2.000000 
0.707107 
0.707107 
4.242641 
4.242641 
4.472136 
4.472136 
2.000000 
2.000000 
0.500000 
0.500000 
1.802776 
1.802776 
4.472136 
4.472136 
2.000000 
2.000000 
0.000000 
0.000000 
2.121320 
2.121320 
4.472136 
4.472136 
2.000000 
2.000000 
0.500000 
0.500000 
1.500000 
1.500000 
4.472136 
4.472136 
2.000000 
2.000000 
0.500000 
0.500000 
1.414214 
1.414214 
4.472136 
4.472136 
7.632169 
7.632169 
0.500000 
0.500000 
6.519202 
6.519202 
4.472136 
4.472136 
0.707107 
0.707107 
0.500000 
0.500000 
6.800735 
6.800735 
4.472136 
4.472136 
0.500000 
0.500000 
1.000000 
1.000000 
1.414214 
1.414214 
0.500000 
0.500000 
0.500000 
0.500000 
2.000000 
2.000000 
0.500000 
0.500000 
0.707107 
0.707107 
2.236068 
2.236068 
0.500000 
0.500000 
0.707107 
0.707107 
1.581139 
1.581139 
0.500000 
0.500000 
0.000000 
0.000000 
2.000000 
2.000000 
0.500000 
0.500000 
0.500000 
0.500000 
1.118034 
1.118034 
0.500000 
0.500000 
1.000000 
1.000000 
8.500000 
8.500000 
0.500000 
0.500000 
0.500000 
0.500000 
14.035669 
14.035669 
9.340771 
9.340771 
0.500000 
0.500000 
4.949747 
4.949747 
0.000000 
0.000000 
0.707107 
0.707107 
0.500000 
0.500000 
4.743416 
4.743416 
0.000000 
0.000000 
2.061553 
2.061553 
0.707107 
0.707107 
4.272002 
4.272002 
0.500000 
0.500000 
1.000000 
1.000000 
0.500000 
0.500000 
2.500000 
2.500000 
0.000000 
0.000000 
1.000000 
1.000000 
0.000000 
0.000000 
1.802776 
1.802776 
