0.000000 
0.000000 
0.500000 
0.500000 
3.000000 
3.000000 
3.162278 
3.162278 
3.000000 
3.000000 
2.000000 
2.000000 
1.802776 
1.802776 
2.236068 
2.236068 
1.500000 
1.500000 
1.000000 
1.000000 
1.118034 
1.118034 
1.118034 
1.118034 
0.707107 
0.707107 
1.118034 
1.118034 
0.707107 
0.707107 
8.631338 
8.631338 
1.581139 
1.581139 
2.500000 
2.500000 
2.549510 
2.549510 
3.041381 
3.041381 
2.692582 
2.692582 
0.500000 
0.500000 
1.581139 
1.581139 
0.500000 
0.500000 
1.118034 
1.118034 
0.707107 
0.707107 
1.581139 
1.581139 
2.549510 
2.549510 
2.061553 
2.061553 
9.500000 
9.500000 
2.121320 
2.121320 
2.692582 
2.692582 
3.905125 
3.905125 
2.500000 
2.500000 
3.640055 
3.640055 
3.605551 
3.605551 
2.061553 
2.061553 
1.414214 
1.414214 
1.581139 
1.581139 
8.000000 
8.000000 
1.000000 
1.000000 
1.000000 
1.000000 
1.000000 
1.000000 
1.500000 
1.500000 
1.118034 
1.118034 
1.581139 
1.581139 
2.500000 
2.500000 
