0.000000 
0.000000 
1.581139 
1.581139 
1.000000 
1.000000 
4.527693 
4.527693 
4.000000 
4.000000 
5.099020 
5.099020 
2.692582 
2.692582 
1.802776 
1.802776 
8.062258 
8.062258 
0.707107 
0.707107 
1.118034 
1.118034 
1.118034 
1.118034 
1.581139 
1.581139 
1.118034 
1.118034 
2.061553 
2.061553 
3.000000 
3.000000 
3.535534 
3.535534 
1.500000 
1.500000 
2.000000 
2.000000 
0.707107 
0.707107 
11.661904 
11.661904 
1.118034 
1.118034 
0.500000 
0.500000 
1.581139 
1.581139 
0.707107 
0.707107 
2.236068 
2.236068 
1.118034 
1.118034 
1.802776 
1.802776 
1.581139 
1.581139 
1.000000 
1.000000 
0.500000 
0.500000 
0.707107 
0.707107 
2.061553 
2.061553 
4.031129 
4.031129 
4.000000 
4.000000 
3.500000 
3.500000 
2.061553 
2.061553 
10.511898 
10.511898 
1.414214 
1.414214 
2.061553 
2.061553 
2.000000 
2.000000 
2.549510 
2.549510 
1.581139 
1.581139 
1.581139 
1.581139 
1.500000 
1.500000 
2.000000 
2.000000 
1.118034 
1.118034 
