0.000000 
0.000000 
1.118034 
1.118034 
0.707107 
0.707107 
0.707107 
0.707107 
2.828427 
2.828427 
0.000000 
0.000000 
2.236068 
2.236068 
0.000000 
0.000000 
13.500000 
13.500000 
1.118034 
1.118034 
0.000000 
0.000000 
0.500000 
0.500000 
0.707107 
0.707107 
0.500000 
0.500000 
0.707107 
0.707107 
1.118034 
1.118034 
0.000000 
0.000000 
0.000000 
0.000000 
0.707107 
0.707107 
1.802776 
1.802776 
4.527693 
4.527693 
0.000000 
0.000000 
1.118034 
1.118034 
0.707107 
0.707107 
0.000000 
0.000000 
0.500000 
0.500000 
1.500000 
1.500000 
0.707107 
0.707107 
0.500000 
0.500000 
0.500000 
0.500000 
0.707107 
0.707107 
9.513149 
9.513149 
0.500000 
0.500000 
0.000000 
0.000000 
0.500000 
0.500000 
1.118034 
1.118034 
0.500000 
0.500000 
0.000000 
0.000000 
0.500000 
0.500000 
0.707107 
0.707107 
0.500000 
0.500000 
0.500000 
0.500000 
0.000000 
0.000000 
0.500000 
0.500000 
0.500000 
0.500000 
0.000000 
0.000000 
1.118034 
1.118034 
0.707107 
0.707107 
0.500000 
0.500000 
0.000000 
0.000000 
1.000000 
1.000000 
1.118034 
1.118034 
0.500000 
0.500000 
0.000000 
0.000000 
0.707107 
0.707107 
0.707107 
0.707107 
0.500000 
0.500000 
0.500000 
0.500000 
1.500000 
1.500000 
1.802776 
1.802776 
6.708204 
6.708204 
0.000000 
0.000000 
1.000000 
1.000000 
1.802776 
1.802776 
3.041381 
3.041381 
0.500000 
0.500000 
1.000000 
1.000000 
1.802776 
1.802776 
3.041381 
3.041381 
0.500000 
0.500000 
0.707107 
0.707107 
2.061553 
2.061553 
3.041381 
3.041381 
0.500000 
0.500000 
0.707107 
0.707107 
2.121320 
2.121320 
3.041381 
3.041381 
0.500000 
0.500000 
0.707107 
0.707107 
9.513149 
9.513149 
3.041381 
3.041381 
0.000000 
0.000000 
0.707107 
0.707107 
0.500000 
0.500000 
0.000000 
0.000000 
3.041381 
3.041381 
0.000000 
0.000000 
0.707107 
0.707107 
0.500000 
0.500000 
0.707107 
0.707107 
3.041381 
3.041381 
0.000000 
0.000000 
0.707107 
0.707107 
0.500000 
0.500000 
0.707107 
0.707107 
3.041381 
3.041381 
0.000000 
0.000000 
0.707107 
0.707107 
8.139410 
8.139410 
0.707107 
0.707107 
3.041381 
3.041381 
0.000000 
0.000000 
0.707107 
0.707107 
1.802776 
1.802776 
0.707107 
0.707107 
3.041381 
3.041381 
0.000000 
0.000000 
0.707107 
0.707107 
2.061553 
2.061553 
0.707107 
0.707107 
3.041381 
3.041381 
0.500000 
0.500000 
0.707107 
0.707107 
2.061553 
2.061553 
0.707107 
0.707107 
3.041381 
3.041381 
0.000000 
0.000000 
0.707107 
0.707107 
2.061553 
2.061553 
0.707107 
0.707107 
3.041381 
3.041381 
0.000000 
0.000000 
0.707107 
0.707107 
2.061553 
2.061553 
0.707107 
0.707107 
3.041381 
3.041381 
0.000000 
0.000000 
0.707107 
0.707107 
2.061553 
2.061553 
0.707107 
0.707107 
3.041381 
3.041381 
0.000000 
0.000000 
0.707107 
0.707107 
2.061553 
2.061553 
0.707107 
0.707107 
0.500000 
0.500000 
0.707107 
0.707107 
2.061553 
2.061553 
0.707107 
0.707107 
0.500000 
0.500000 
2.061553 
2.061553 
0.000000 
0.000000 
0.707107 
0.707107 
0.500000 
0.500000 
2.061553 
2.061553 
0.000000 
0.000000 
1.118034 
1.118034 
0.707107 
0.707107 
0.500000 
0.500000 
2.061553 
2.061553 
0.000000 
0.000000 
1.118034 
1.118034 
0.707107 
0.707107 
0.500000 
0.500000 
2.061553 
2.061553 
0.000000 
0.000000 
1.118034 
1.118034 
0.707107 
0.707107 
0.500000 
0.500000 
2.061553 
2.061553 
0.000000 
0.000000 
1.118034 
1.118034 
0.000000 
0.000000 
2.061553 
2.061553 
0.000000 
0.000000 
1.118034 
1.118034 
0.500000 
0.500000 
2.061553 
2.061553 
0.000000 
0.000000 
1.118034 
1.118034 
0.500000 
0.500000 
2.061553 
2.061553 
0.000000 
0.000000 
1.118034 
1.118034 
0.500000 
0.500000 
0.000000 
0.000000 
0.000000 
0.000000 
0.000000 
0.000000 
1.118034 
1.118034 
0.500000 
0.500000 
0.000000 
0.000000 
0.500000 
0.500000 
0.000000 
0.000000 
1.118034 
1.118034 
0.000000 
0.000000 
0.000000 
0.000000 
1.500000 
1.500000 
0.000000 
0.000000 
1.118034 
1.118034 
0.500000 
0.500000 
