0.000000 
0.000000 
1.802776 
1.802776 
9.500000 
9.500000 
2.236068 
2.236068 
3.000000 
3.000000 
4.000000 
4.000000 
2.549510 
2.549510 
2.915476 
2.915476 
2.500000 
2.500000 
2.000000 
2.000000 
9.000000 
9.000000 
1.500000 
1.500000 
1.118034 
1.118034 
2.000000 
2.000000 
1.802776 
1.802776 
1.581139 
1.581139 
2.000000 
2.000000 
2.915476 
2.915476 
3.354102 
3.354102 
3.500000 
3.500000 
0.500000 
0.500000 
2.236068 
2.236068 
1.802776 
1.802776 
14.221463 
14.221463 
4.500000 
4.500000 
6.020797 
6.020797 
3.162278 
3.162278 
14.035669 
14.035669 
1.581139 
1.581139 
0.707107 
0.707107 
2.061553 
2.061553 
4.609772 
4.609772 
4.031129 
4.031129 
3.162278 
3.162278 
2.236068 
2.236068 
13.038405 
13.038405 
3.041381 
3.041381 
4.527693 
4.527693 
3.000000 
3.000000 
3.041381 
3.041381 
0.707107 
0.707107 
2.549510 
2.549510 
8.514693 
8.514693 
3.535534 
3.535534 
2.915476 
2.915476 
7.280110 
7.280110 
8.321658 
8.321658 
