0.000000 
0.000000 
2.061553 
2.061553 
2.061553 
2.061553 
1.414214 
1.414214 
1.118034 
1.118034 
0.000000 
0.000000 
1.000000 
1.000000 
0.000000 
0.000000 
1.118034 
1.118034 
0.707107 
0.707107 
12.509996 
12.509996 
6.519202 
6.519202 
6.082763 
6.082763 
16.530275 
16.530275 
1.118034 
1.118034 
4.031129 
4.031129 
3.535534 
3.535534 
2.549510 
2.549510 
2.500000 
2.500000 
1.000000 
1.000000 
2.549510 
2.549510 
9.513149 
9.513149 
1.500000 
1.500000 
2.061553 
2.061553 
1.581139 
1.581139 
2.000000 
2.000000 
2.549510 
2.549510 
3.500000 
3.500000 
3.000000 
3.000000 
9.500000 
9.500000 
1.000000 
1.000000 
2.500000 
2.500000 
2.549510 
2.549510 
3.000000 
3.000000 
1.118034 
1.118034 
0.500000 
0.500000 
0.500000 
0.500000 
0.707107 
0.707107 
2.236068 
2.236068 
2.915476 
2.915476 
3.162278 
3.162278 
3.605551 
3.605551 
12.041595 
12.041595 
4.527693 
4.527693 
5.099020 
5.099020 
18.560711 
18.560711 
2.549510 
2.549510 
