0.000000 
0.000000 
4.716991 
4.716991 
3.905125 
3.905125 
12.589678 
12.589678 
5.220153 
5.220153 
5.522681 
5.522681 
4.031129 
4.031129 
13.038405 
13.038405 
2.061553 
2.061553 
3.807887 
3.807887 
4.031129 
4.031129 
4.272002 
4.272002 
2.500000 
2.500000 
14.396180 
14.396180 
5.220153 
5.220153 
6.082763 
6.082763 
4.123106 
4.123106 
13.509256 
13.509256 
3.354102 
3.354102 
3.354102 
3.354102 
3.905125 
3.905125 
2.915476 
2.915476 
3.535534 
3.535534 
10.793517 
10.793517 
3.354102 
3.354102 
8.276473 
8.276473 
4.272002 
4.272002 
20.024984 
20.024984 
1.581139 
1.581139 
4.031129 
4.031129 
4.527693 
4.527693 
15.132746 
15.132746 
2.692582 
2.692582 
5.024938 
5.024938 
5.315073 
5.315073 
4.272002 
4.272002 
2.692582 
2.692582 
11.401754 
11.401754 
2.500000 
2.500000 
6.000000 
6.000000 
5.500000 
5.500000 
4.527693 
4.527693 
9.500000 
9.500000 
2.500000 
2.500000 
1.118034 
1.118034 
2.915476 
2.915476 
2.828427 
2.828427 
