0.000000 
0.000000 
2.121320 
2.121320 
2.500000 
2.500000 
0.000000 
0.000000 
1.414214 
1.414214 
4.527693 
4.527693 
1.802776 
1.802776 
4.527693 
4.527693 
3.041381 
3.041381 
4.527693 
4.527693 
4.242641 
4.242641 
4.527693 
4.527693 
18.506756 
18.506756 
4.527693 
4.527693 
4.527693 
4.527693 
0.000000 
0.000000 
4.527693 
4.527693 
21.023796 
21.023796 
3.162278 
3.162278 
4.527693 
4.527693 
4.000000 
4.000000 
0.000000 
0.000000 
3.162278 
3.162278 
4.527693 
4.527693 
4.000000 
4.000000 
0.000000 
0.000000 
0.000000 
0.000000 
3.162278 
3.162278 
4.527693 
4.527693 
4.000000 
4.000000 
3.041381 
3.041381 
0.000000 
0.000000 
3.162278 
3.162278 
4.527693 
4.527693 
4.000000 
4.000000 
0.000000 
0.000000 
0.000000 
0.000000 
0.000000 
0.000000 
2.061553 
2.061553 
0.000000 
0.000000 
3.162278 
3.162278 
4.527693 
4.527693 
4.000000 
4.000000 
6.576473 
6.576473 
2.692582 
2.692582 
5.852350 
5.852350 
7.516648 
7.516648 
0.000000 
0.000000 
3.162278 
3.162278 
4.527693 
4.527693 
4.000000 
4.000000 
10.000000 
10.000000 
3.041381 
3.041381 
14.534442 
14.534442 
3.041381 
3.041381 
0.000000 
0.000000 
3.162278 
3.162278 
4.527693 
4.527693 
4.000000 
4.000000 
2.236068 
2.236068 
3.041381 
3.041381 
9.340771 
9.340771 
5.220153 
5.220153 
0.000000 
0.000000 
3.162278 
3.162278 
4.527693 
4.527693 
4.000000 
4.000000 
2.061553 
2.061553 
2.236068 
2.236068 
8.732125 
8.732125 
1.802776 
1.802776 
0.000000 
0.000000 
3.162278 
3.162278 
4.527693 
4.527693 
4.000000 
4.000000 
0.000000 
0.000000 
1.118034 
1.118034 
3.354102 
3.354102 
1.581139 
1.581139 
2.915476 
2.915476 
0.000000 
0.000000 
3.162278 
3.162278 
4.000000 
4.000000 
0.000000 
0.000000 
7.516648 
7.516648 
3.162278 
3.162278 
1.118034 
1.118034 
2.915476 
2.915476 
0.000000 
0.000000 
3.162278 
3.162278 
4.000000 
4.000000 
0.000000 
0.000000 
1.000000 
1.000000 
4.000000 
4.000000 
0.000000 
0.000000 
2.915476 
2.915476 
0.000000 
0.000000 
3.162278 
3.162278 
4.000000 
4.000000 
0.000000 
0.000000 
1.000000 
1.000000 
4.000000 
4.000000 
3.905125 
3.905125 
2.915476 
2.915476 
0.000000 
0.000000 
3.162278 
3.162278 
4.000000 
4.000000 
0.000000 
0.000000 
1.000000 
1.000000 
4.000000 
4.000000 
3.905125 
3.905125 
2.915476 
2.915476 
0.000000 
0.000000 
3.162278 
3.162278 
4.000000 
4.000000 
0.000000 
0.000000 
1.000000 
1.000000 
4.000000 
4.000000 
3.905125 
3.905125 
2.915476 
2.915476 
0.000000 
0.000000 
3.162278 
3.162278 
4.000000 
4.000000 
0.000000 
0.000000 
1.000000 
1.000000 
4.000000 
4.000000 
3.905125 
3.905125 
2.915476 
2.915476 
0.000000 
0.000000 
0.000000 
0.000000 
1.000000 
1.000000 
4.000000 
4.000000 
3.905125 
3.905125 
2.915476 
2.915476 
0.000000 
0.000000 
1.000000 
1.000000 
4.000000 
4.000000 
3.905125 
3.905125 
2.915476 
2.915476 
0.000000 
0.000000 
1.000000 
1.000000 
4.000000 
4.000000 
3.905125 
3.905125 
2.915476 
2.915476 
0.000000 
0.000000 
1.000000 
1.000000 
4.000000 
4.000000 
3.905125 
3.905125 
2.915476 
2.915476 
0.000000 
0.000000 
0.000000 
0.000000 
1.000000 
1.000000 
4.000000 
4.000000 
3.905125 
3.905125 
2.915476 
2.915476 
18.062392 
18.062392 
0.000000 
0.000000 
1.000000 
1.000000 
4.000000 
4.000000 
3.905125 
3.905125 
2.915476 
2.915476 
1.000000 
1.000000 
0.000000 
0.000000 
1.000000 
1.000000 
4.000000 
4.000000 
3.905125 
3.905125 
2.915476 
2.915476 
21.023796 
21.023796 
0.000000 
0.000000 
1.000000 
1.000000 
4.000000 
4.000000 
3.905125 
3.905125 
2.915476 
2.915476 
0.500000 
0.500000 
1.000000 
1.000000 
4.000000 
4.000000 
3.905125 
3.905125 
28.040150 
28.040150 
1.000000 
1.000000 
4.000000 
4.000000 
3.905125 
3.905125 
0.000000 
0.000000 
2.061553 
2.061553 
3.905125 
3.905125 
2.915476 
2.915476 
1.118034 
1.118034 
0.000000 
0.000000 
3.535534 
3.535534 
28.217902 
28.217902 
