0.000000 
0.000000 
0.000000 
0.000000 
0.000000 
0.000000 
2.692582 
2.692582 
4.527693 
4.527693 
5.024938 
5.024938 
23.505319 
23.505319 
4.527693 
4.527693 
5.590170 
5.590170 
0.000000 
0.000000 
22.051077 
22.051077 
4.527693 
4.527693 
5.000000 
5.000000 
1.500000 
1.500000 
0.500000 
0.500000 
4.527693 
4.527693 
3.041381 
3.041381 
2.236068 
2.236068 
1.118034 
1.118034 
4.527693 
4.527693 
2.061553 
2.061553 
1.000000 
1.000000 
0.707107 
0.707107 
4.527693 
4.527693 
6.576473 
6.576473 
1.802776 
1.802776 
0.707107 
0.707107 
4.527693 
4.527693 
3.500000 
3.500000 
0.500000 
0.500000 
0.000000 
0.000000 
4.527693 
4.527693 
2.000000 
2.000000 
1.414214 
1.414214 
1.000000 
1.000000 
4.527693 
4.527693 
2.000000 
2.000000 
0.707107 
0.707107 
0.500000 
0.500000 
4.527693 
4.527693 
1.000000 
1.000000 
0.000000 
0.000000 
0.707107 
0.707107 
4.527693 
4.527693 
1.000000 
1.000000 
1.118034 
1.118034 
2.121320 
2.121320 
4.527693 
4.527693 
1.000000 
1.000000 
0.500000 
0.500000 
1.414214 
1.414214 
4.527693 
4.527693 
1.500000 
1.500000 
0.707107 
0.707107 
2.061553 
2.061553 
4.527693 
4.527693 
1.802776 
1.802776 
1.000000 
1.000000 
0.500000 
0.500000 
4.527693 
4.527693 
2.000000 
2.000000 
1.581139 
1.581139 
0.707107 
0.707107 
2.236068 
2.236068 
1.802776 
1.802776 
0.500000 
0.500000 
2.061553 
2.061553 
7.071068 
7.071068 
1.414214 
1.414214 
1.500000 
1.500000 
1.581139 
1.581139 
15.000000 
15.000000 
3.535534 
3.535534 
0.000000 
0.000000 
1.581139 
1.581139 
15.000000 
15.000000 
0.707107 
0.707107 
3.905125 
3.905125 
1.581139 
1.581139 
15.000000 
15.000000 
1.118034 
1.118034 
1.118034 
1.118034 
1.581139 
1.581139 
15.000000 
15.000000 
1.500000 
1.500000 
0.000000 
0.000000 
1.581139 
1.581139 
15.000000 
15.000000 
1.500000 
1.500000 
0.500000 
0.500000 
1.581139 
1.581139 
15.000000 
15.000000 
1.581139 
1.581139 
0.000000 
0.000000 
1.581139 
1.581139 
15.000000 
15.000000 
1.802776 
1.802776 
3.000000 
3.000000 
1.581139 
1.581139 
15.000000 
15.000000 
4.031129 
4.031129 
3.354102 
3.354102 
1.581139 
1.581139 
15.000000 
15.000000 
1.581139 
1.581139 
4.472136 
4.472136 
1.581139 
1.581139 
15.000000 
15.000000 
6.576473 
6.576473 
4.031129 
4.031129 
1.581139 
1.581139 
15.000000 
15.000000 
4.031129 
4.031129 
3.535534 
3.535534 
1.581139 
1.581139 
15.000000 
15.000000 
0.707107 
0.707107 
1.802776 
1.802776 
1.581139 
1.581139 
15.000000 
15.000000 
0.000000 
0.000000 
11.768602 
11.768602 
1.581139 
1.581139 
15.000000 
15.000000 
0.000000 
0.000000 
3.041381 
3.041381 
1.581139 
1.581139 
15.000000 
15.000000 
4.031129 
4.031129 
2.549510 
2.549510 
6.576473 
6.576473 
9.513149 
9.513149 
6.708204 
6.708204 
3.640055 
3.640055 
6.708204 
6.708204 
4.272002 
4.272002 
14.396180 
14.396180 
7.211103 
7.211103 
5.700877 
5.700877 
