0.000000 
0.000000 
0.000000 
0.000000 
0.000000 
0.000000 
0.000000 
0.000000 
4.500000 
4.500000 
1.802776 
1.802776 
3.162278 
3.162278 
3.000000 
3.000000 
4.743416 
4.743416 
0.707107 
0.707107 
3.500000 
3.500000 
4.031129 
4.031129 
4.242641 
4.242641 
0.707107 
0.707107 
1.802776 
1.802776 
5.099020 
5.099020 
2.000000 
2.000000 
0.707107 
0.707107 
1.118034 
1.118034 
13.500000 
13.500000 
9.823441 
9.823441 
0.707107 
0.707107 
11.543396 
11.543396 
3.535534 
3.535534 
5.500000 
5.500000 
0.707107 
0.707107 
1.802776 
1.802776 
4.000000 
4.000000 
5.590170 
5.590170 
0.707107 
0.707107 
2.500000 
2.500000 
3.535534 
3.535534 
4.272002 
4.272002 
0.707107 
0.707107 
2.061553 
2.061553 
2.000000 
2.000000 
13.756816 
13.756816 
0.707107 
0.707107 
2.549510 
2.549510 
2.549510 
2.549510 
1.500000 
1.500000 
0.707107 
0.707107 
3.535534 
3.535534 
9.013878 
9.013878 
0.707107 
0.707107 
0.707107 
0.707107 
2.692582 
2.692582 
4.500000 
4.500000 
0.000000 
0.000000 
3.905125 
3.905125 
11.280514 
11.280514 
0.500000 
0.500000 
4.500000 
4.500000 
2.000000 
2.000000 
3.162278 
3.162278 
1.581139 
1.581139 
1.118034 
1.118034 
4.500000 
4.500000 
0.000000 
0.000000 
2.000000 
2.000000 
4.500000 
4.500000 
1.414214 
1.414214 
2.549510 
2.549510 
4.500000 
4.500000 
0.000000 
0.000000 
1.118034 
1.118034 
2.000000 
2.000000 
4.500000 
4.500000 
5.500000 
5.500000 
2.000000 
2.000000 
4.500000 
4.500000 
5.385165 
5.385165 
1.118034 
1.118034 
2.000000 
2.000000 
28.111386 
28.111386 
1.581139 
1.581139 
2.000000 
2.000000 
4.500000 
4.500000 
0.000000 
0.000000 
3.162278 
3.162278 
1.118034 
1.118034 
2.000000 
2.000000 
1.500000 
1.500000 
7.762087 
7.762087 
2.000000 
2.000000 
4.500000 
4.500000 
1.000000 
1.000000 
2.500000 
2.500000 
1.118034 
1.118034 
2.000000 
2.000000 
2.236068 
2.236068 
7.516648 
7.516648 
2.000000 
2.000000 
4.500000 
4.500000 
2.061553 
2.061553 
2.500000 
2.500000 
3.535534 
3.535534 
2.000000 
2.000000 
2.061553 
2.061553 
1.118034 
1.118034 
2.000000 
2.000000 
4.500000 
4.500000 
2.061553 
2.061553 
2.500000 
2.500000 
16.000000 
16.000000 
2.000000 
2.000000 
2.236068 
2.236068 
0.500000 
0.500000 
2.000000 
2.000000 
4.500000 
4.500000 
2.061553 
2.061553 
2.500000 
2.500000 
0.707107 
0.707107 
2.000000 
2.000000 
1.802776 
1.802776 
0.707107 
0.707107 
2.000000 
2.000000 
4.500000 
4.500000 
2.061553 
2.061553 
2.500000 
2.500000 
0.500000 
0.500000 
2.000000 
2.000000 
1.500000 
1.500000 
0.500000 
0.500000 
2.000000 
2.000000 
4.500000 
4.500000 
10.920165 
10.920165 
2.500000 
2.500000 
1.118034 
1.118034 
2.000000 
2.000000 
2.500000 
2.500000 
0.500000 
0.500000 
2.000000 
2.000000 
4.500000 
4.500000 
0.000000 
0.000000 
2.500000 
2.500000 
0.500000 
0.500000 
2.000000 
2.000000 
4.609772 
4.609772 
1.000000 
1.000000 
2.000000 
2.000000 
4.500000 
4.500000 
1.000000 
1.000000 
2.500000 
2.500000 
0.707107 
0.707107 
2.000000 
2.000000 
3.041381 
3.041381 
0.500000 
0.500000 
2.000000 
2.000000 
4.500000 
4.500000 
0.500000 
0.500000 
2.500000 
2.500000 
1.581139 
1.581139 
2.000000 
2.000000 
1.118034 
1.118034 
0.500000 
0.500000 
2.000000 
2.000000 
0.707107 
0.707107 
2.500000 
2.500000 
2.549510 
2.549510 
2.000000 
2.000000 
3.535534 
3.535534 
0.500000 
0.500000 
2.000000 
2.000000 
1.000000 
1.000000 
2.500000 
2.500000 
1.000000 
1.000000 
21.500000 
21.500000 
0.500000 
0.500000 
2.000000 
2.000000 
1.414214 
1.414214 
19.104973 
19.104973 
1.802776 
1.802776 
1.414214 
1.414214 
0.500000 
0.500000 
2.000000 
2.000000 
1.581139 
1.581139 
2.500000 
2.500000 
2.236068 
2.236068 
2.549510 
2.549510 
0.500000 
0.500000 
4.924429 
4.924429 
2.915476 
2.915476 
2.236068 
2.236068 
2.549510 
2.549510 
0.500000 
0.500000 
1.581139 
1.581139 
5.656854 
5.656854 
2.061553 
2.061553 
2.549510 
2.549510 
0.500000 
0.500000 
8.558621 
8.558621 
4.272002 
4.272002 
12.000000 
12.000000 
2.549510 
2.549510 
0.500000 
0.500000 
4.472136 
4.472136 
11.510864 
11.510864 
2.915476 
2.915476 
2.549510 
2.549510 
0.500000 
0.500000 
4.472136 
4.472136 
3.605551 
3.605551 
2.692582 
2.692582 
30.761177 
30.761177 
0.500000 
0.500000 
4.472136 
4.472136 
5.099020 
5.099020 
1.581139 
1.581139 
2.828427 
2.828427 
0.500000 
0.500000 
0.000000 
0.000000 
4.472136 
4.472136 
4.031129 
4.031129 
1.581139 
1.581139 
19.506409 
19.506409 
0.500000 
0.500000 
1.500000 
1.500000 
4.472136 
4.472136 
20.155644 
20.155644 
1.581139 
1.581139 
26.575365 
26.575365 
0.500000 
0.500000 
