0.000000 
0.000000 
1.802776 
1.802776 
0.707107 
0.707107 
0.707107 
0.707107 
0.707107 
0.707107 
0.707107 
0.707107 
23.500000 
23.500000 
2.692582 
2.692582 
3.905125 
3.905125 
3.905125 
3.905125 
3.905125 
3.905125 
3.905125 
3.905125 
3.905125 
3.905125 
3.905125 
3.905125 
3.905125 
3.905125 
0.000000 
0.000000 
3.905125 
3.905125 
0.000000 
0.000000 
3.354102 
3.354102 
3.905125 
3.905125 
3.535534 
3.535534 
7.615773 
7.615773 
3.905125 
3.905125 
0.000000 
0.000000 
3.535534 
3.535534 
9.513149 
9.513149 
3.905125 
3.905125 
2.500000 
2.500000 
10.965856 
10.965856 
3.535534 
3.535534 
3.905125 
3.905125 
3.162278 
3.162278 
5.385165 
5.385165 
3.500000 
3.500000 
3.905125 
3.905125 
8.062258 
8.062258 
2.549510 
2.549510 
3.500000 
3.500000 
3.905125 
3.905125 
2.000000 
2.000000 
3.605551 
3.605551 
3.000000 
3.000000 
3.905125 
3.905125 
3.535534 
3.535534 
3.605551 
3.605551 
3.000000 
3.000000 
2.549510 
2.549510 
3.640055 
3.640055 
3.000000 
3.000000 
1.000000 
1.000000 
2.500000 
2.500000 
3.000000 
3.000000 
1.414214 
1.414214 
2.500000 
2.500000 
1.802776 
1.802776 
3.535534 
3.535534 
2.500000 
2.500000 
5.522681 
5.522681 
3.041381 
3.041381 
2.500000 
2.500000 
5.099020 
5.099020 
1.581139 
1.581139 
2.500000 
2.500000 
13.509256 
13.509256 
0.000000 
0.000000 
1.414214 
1.414214 
2.500000 
2.500000 
4.123106 
4.123106 
1.500000 
1.500000 
5.024938 
5.024938 
2.500000 
2.500000 
4.123106 
4.123106 
0.707107 
0.707107 
0.000000 
0.000000 
2.500000 
2.500000 
0.500000 
0.500000 
0.500000 
0.500000 
7.000000 
7.000000 
2.500000 
2.500000 
2.500000 
2.500000 
3.807887 
3.807887 
3.535534 
3.535534 
2.500000 
2.500000 
12.776932 
12.776932 
0.000000 
0.000000 
2.121320 
2.121320 
6.519202 
6.519202 
2.500000 
2.500000 
12.776932 
12.776932 
5.852350 
5.852350 
2.236068 
2.236068 
6.519202 
6.519202 
2.500000 
2.500000 
12.776932 
12.776932 
5.852350 
5.852350 
2.236068 
2.236068 
6.519202 
6.519202 
2.500000 
2.500000 
12.776932 
12.776932 
19.602296 
19.602296 
2.236068 
2.236068 
6.519202 
6.519202 
2.500000 
2.500000 
12.776932 
12.776932 
