0.000000 
0.000000 
0.000000 
0.000000 
4.123106 
4.123106 
18.741665 
18.741665 
2.549510 
2.549510 
4.609772 
4.609772 
1.414214 
1.414214 
5.024938 
5.024938 
0.707107 
0.707107 
4.609772 
4.609772 
1.414214 
1.414214 
9.000000 
9.000000 
3.535534 
3.535534 
2.236068 
2.236068 
3.905125 
3.905125 
3.162278 
3.162278 
2.549510 
2.549510 
3.162278 
3.162278 
3.905125 
3.905125 
3.162278 
3.162278 
22.141590 
22.141590 
3.162278 
3.162278 
3.041381 
3.041381 
3.162278 
3.162278 
4.527693 
4.527693 
3.162278 
3.162278 
5.024938 
5.024938 
3.162278 
3.162278 
1.581139 
1.581139 
3.162278 
3.162278 
1.118034 
1.118034 
3.162278 
3.162278 
0.000000 
0.000000 
1.118034 
1.118034 
3.162278 
3.162278 
3.354102 
3.354102 
1.118034 
1.118034 
3.162278 
3.162278 
1.581139 
1.581139 
1.118034 
1.118034 
3.162278 
3.162278 
1.581139 
1.581139 
10.977249 
10.977249 
3.162278 
3.162278 
1.581139 
1.581139 
11.597414 
11.597414 
3.162278 
3.162278 
1.581139 
1.581139 
5.408327 
5.408327 
3.162278 
3.162278 
1.581139 
1.581139 
6.020797 
6.020797 
1.581139 
1.581139 
13.729530 
13.729530 
1.581139 
1.581139 
1.414214 
1.414214 
1.581139 
1.581139 
3.640055 
3.640055 
1.581139 
1.581139 
2.121320 
2.121320 
1.581139 
1.581139 
2.828427 
2.828427 
1.581139 
1.581139 
2.121320 
2.121320 
1.581139 
1.581139 
3.535534 
3.535534 
1.581139 
1.581139 
12.854960 
12.854960 
1.581139 
1.581139 
8.732125 
8.732125 
0.000000 
0.000000 
1.581139 
1.581139 
1.000000 
1.000000 
0.000000 
0.000000 
0.000000 
0.000000 
3.162278 
3.162278 
1.802776 
1.802776 
0.000000 
0.000000 
17.029386 
17.029386 
1.802776 
1.802776 
0.000000 
0.000000 
1.118034 
1.118034 
0.000000 
0.000000 
1.802776 
1.802776 
0.000000 
0.000000 
1.581139 
1.581139 
0.000000 
0.000000 
0.000000 
0.000000 
1.802776 
1.802776 
0.000000 
0.000000 
22.276669 
22.276669 
27.540879 
27.540879 
0.000000 
0.000000 
1.802776 
1.802776 
0.000000 
0.000000 
5.700877 
5.700877 
