0.000000 
0.000000 
0.000000 
0.000000 
0.000000 
0.000000 
0.000000 
0.000000 
0.000000 
0.000000 
3.041381 
3.041381 
2.236068 
2.236068 
1.118034 
1.118034 
3.905125 
3.905125 
2.061553 
2.061553 
3.041381 
3.041381 
2.121320 
2.121320 
2.000000 
2.000000 
2.500000 
2.500000 
8.139410 
8.139410 
3.041381 
3.041381 
1.118034 
1.118034 
3.041381 
3.041381 
1.000000 
1.000000 
1.581139 
1.581139 
20.000000 
20.000000 
0.500000 
0.500000 
1.118034 
1.118034 
11.045361 
11.045361 
3.041381 
3.041381 
2.500000 
2.500000 
6.041523 
6.041523 
1.581139 
1.581139 
10.606602 
10.606602 
3.041381 
3.041381 
2.500000 
2.500000 
6.184658 
6.184658 
1.581139 
1.581139 
3.807887 
3.807887 
3.041381 
3.041381 
2.500000 
2.500000 
21.662179 
21.662179 
1.581139 
1.581139 
5.220153 
5.220153 
3.041381 
3.041381 
2.500000 
2.500000 
5.500000 
5.500000 
1.581139 
1.581139 
3.535534 
3.535534 
0.000000 
0.000000 
3.041381 
3.041381 
2.500000 
2.500000 
8.500000 
8.500000 
1.581139 
1.581139 
12.500000 
12.500000 
2.500000 
2.500000 
3.041381 
3.041381 
2.500000 
2.500000 
16.124515 
16.124515 
1.581139 
1.581139 
4.123106 
4.123106 
9.552487 
9.552487 
3.041381 
3.041381 
2.500000 
2.500000 
2.121320 
2.121320 
1.581139 
1.581139 
5.000000 
5.000000 
0.000000 
0.000000 
2.500000 
2.500000 
3.041381 
3.041381 
2.500000 
2.500000 
8.860023 
8.860023 
1.581139 
1.581139 
3.807887 
3.807887 
0.000000 
0.000000 
2.549510 
2.549510 
2.000000 
2.000000 
3.041381 
3.041381 
2.500000 
2.500000 
3.041381 
3.041381 
1.581139 
1.581139 
16.977927 
16.977927 
2.915476 
2.915476 
2.549510 
2.549510 
0.707107 
0.707107 
3.041381 
3.041381 
2.500000 
2.500000 
2.000000 
2.000000 
1.581139 
1.581139 
1.802776 
1.802776 
0.000000 
0.000000 
1.802776 
1.802776 
2.549510 
2.549510 
0.000000 
0.000000 
3.041381 
3.041381 
2.500000 
2.500000 
1.414214 
1.414214 
1.581139 
1.581139 
7.280110 
7.280110 
1.500000 
1.500000 
1.118034 
1.118034 
2.549510 
2.549510 
0.000000 
0.000000 
3.041381 
3.041381 
2.500000 
2.500000 
1.118034 
1.118034 
1.581139 
1.581139 
7.905694 
7.905694 
0.000000 
0.000000 
0.500000 
0.500000 
2.549510 
2.549510 
0.000000 
0.000000 
3.041381 
3.041381 
2.500000 
2.500000 
0.707107 
0.707107 
1.581139 
1.581139 
1.414214 
1.414214 
1.414214 
1.414214 
10.012492 
10.012492 
2.549510 
2.549510 
5.500000 
5.500000 
3.041381 
3.041381 
2.500000 
2.500000 
0.000000 
0.000000 
1.581139 
1.581139 
1.414214 
1.414214 
0.000000 
0.000000 
1.581139 
1.581139 
1.000000 
1.000000 
2.549510 
2.549510 
0.707107 
0.707107 
3.041381 
3.041381 
2.500000 
2.500000 
1.118034 
1.118034 
1.581139 
1.581139 
1.414214 
1.414214 
1.802776 
1.802776 
1.118034 
1.118034 
0.500000 
0.500000 
2.549510 
2.549510 
1.000000 
1.000000 
1.581139 
1.581139 
1.414214 
1.414214 
0.500000 
0.500000 
0.707107 
0.707107 
0.500000 
0.500000 
2.549510 
2.549510 
0.500000 
0.500000 
1.581139 
1.581139 
12.776932 
12.776932 
0.500000 
0.500000 
1.000000 
1.000000 
0.500000 
0.500000 
2.549510 
2.549510 
0.500000 
0.500000 
1.581139 
1.581139 
12.776932 
12.776932 
0.000000 
0.000000 
0.500000 
0.500000 
1.000000 
1.000000 
0.707107 
0.707107 
2.549510 
2.549510 
0.500000 
0.500000 
1.581139 
1.581139 
12.776932 
12.776932 
0.707107 
0.707107 
1.000000 
1.000000 
1.000000 
1.000000 
1.000000 
1.000000 
2.549510 
2.549510 
0.500000 
0.500000 
10.307764 
10.307764 
12.776932 
12.776932 
1.118034 
1.118034 
1.000000 
1.000000 
1.000000 
1.000000 
0.500000 
0.500000 
2.549510 
2.549510 
0.500000 
0.500000 
1.581139 
1.581139 
12.776932 
12.776932 
1.118034 
1.118034 
1.000000 
1.000000 
1.000000 
1.000000 
1.118034 
1.118034 
2.549510 
2.549510 
0.500000 
0.500000 
1.581139 
1.581139 
12.776932 
12.776932 
1.118034 
1.118034 
1.000000 
1.000000 
1.000000 
1.000000 
1.000000 
1.000000 
2.549510 
2.549510 
0.500000 
0.500000 
1.581139 
1.581139 
12.776932 
12.776932 
1.118034 
1.118034 
6.184658 
6.184658 
1.000000 
1.000000 
0.500000 
0.500000 
0.500000 
0.500000 
1.581139 
1.581139 
12.776932 
12.776932 
1.118034 
1.118034 
1.000000 
1.000000 
1.000000 
1.000000 
1.118034 
1.118034 
0.500000 
0.500000 
1.581139 
1.581139 
12.776932 
12.776932 
1.118034 
1.118034 
8.246211 
8.246211 
1.000000 
1.000000 
1.118034 
1.118034 
7.905694 
7.905694 
1.581139 
1.581139 
12.776932 
12.776932 
0.000000 
0.000000 
10.606602 
10.606602 
9.055385 
9.055385 
1.000000 
1.000000 
1.000000 
1.000000 
1.118034 
1.118034 
1.581139 
1.581139 
12.776932 
12.776932 
1.118034 
1.118034 
10.606602 
10.606602 
10.012492 
10.012492 
1.000000 
1.000000 
0.000000 
0.000000 
1.581139 
1.581139 
1.581139 
1.581139 
12.776932 
12.776932 
2.500000 
2.500000 
2.000000 
2.000000 
1.414214 
1.414214 
1.000000 
1.000000 
1.581139 
1.581139 
0.000000 
0.000000 
1.581139 
1.581139 
12.776932 
12.776932 
3.000000 
3.000000 
2.000000 
2.000000 
1.500000 
1.500000 
1.000000 
1.000000 
6.576473 
6.576473 
0.000000 
0.000000 
1.581139 
1.581139 
12.776932 
12.776932 
2.061553 
2.061553 
2.000000 
2.000000 
1.581139 
1.581139 
1.000000 
1.000000 
1.118034 
1.118034 
1.000000 
1.000000 
1.581139 
1.581139 
12.776932 
12.776932 
1.802776 
1.802776 
2.000000 
2.000000 
1.500000 
1.500000 
1.000000 
1.000000 
0.707107 
0.707107 
1.118034 
1.118034 
1.581139 
1.581139 
16.985288 
16.985288 
2.000000 
2.000000 
0.707107 
0.707107 
1.000000 
1.000000 
0.500000 
0.500000 
1.118034 
1.118034 
1.581139 
1.581139 
0.000000 
0.000000 
0.500000 
0.500000 
1.500000 
1.500000 
0.707107 
0.707107 
1.802776 
1.802776 
6.670832 
6.670832 
1.581139 
1.581139 
