0.000000 
0.000000 
0.000000 
0.000000 
2.915476 
2.915476 
0.000000 
0.000000 
0.000000 
0.000000 
2.549510 
2.549510 
0.000000 
0.000000 
0.707107 
0.707107 
7.566373 
7.566373 
0.000000 
0.000000 
3.162278 
3.162278 
0.707107 
0.707107 
0.000000 
0.000000 
0.707107 
0.707107 
0.500000 
0.500000 
0.000000 
0.000000 
0.707107 
0.707107 
1.118034 
1.118034 
0.000000 
0.000000 
1.802776 
1.802776 
20.506097 
20.506097 
0.000000 
0.000000 
1.581139 
1.581139 
18.506756 
18.506756 
0.000000 
0.000000 
0.000000 
0.000000 
1.118034 
1.118034 
17.007351 
17.007351 
0.000000 
0.000000 
0.000000 
0.000000 
1.802776 
1.802776 
17.007351 
17.007351 
0.000000 
0.000000 
0.000000 
0.000000 
2.236068 
2.236068 
17.007351 
17.007351 
28.004464 
28.004464 
0.000000 
0.000000 
7.762087 
7.762087 
17.007351 
17.007351 
23.436083 
23.436083 
0.000000 
0.000000 
0.707107 
0.707107 
17.007351 
17.007351 
3.807887 
3.807887 
0.000000 
0.000000 
3.640055 
3.640055 
17.007351 
17.007351 
2.500000 
2.500000 
0.000000 
0.000000 
2.000000 
2.000000 
17.007351 
17.007351 
2.500000 
2.500000 
0.000000 
0.000000 
2.000000 
2.000000 
17.007351 
17.007351 
2.500000 
2.500000 
0.000000 
0.000000 
2.000000 
2.000000 
17.007351 
17.007351 
2.500000 
2.500000 
0.000000 
0.000000 
10.511898 
10.511898 
17.007351 
17.007351 
2.500000 
2.500000 
0.000000 
0.000000 
0.000000 
0.000000 
3.041381 
3.041381 
17.007351 
17.007351 
2.500000 
2.500000 
0.000000 
0.000000 
0.000000 
0.000000 
2.549510 
2.549510 
17.007351 
17.007351 
2.500000 
2.500000 
0.000000 
0.000000 
0.000000 
0.000000 
2.549510 
2.549510 
17.007351 
17.007351 
2.500000 
2.500000 
3.201562 
3.201562 
0.000000 
0.000000 
6.519202 
6.519202 
17.007351 
17.007351 
2.500000 
2.500000 
12.041595 
12.041595 
0.000000 
0.000000 
3.500000 
3.500000 
17.007351 
17.007351 
2.500000 
2.500000 
1.000000 
1.000000 
3.535534 
3.535534 
2.500000 
2.500000 
14.008926 
14.008926 
2.500000 
2.500000 
2.500000 
2.500000 
1.802776 
1.802776 
1.500000 
1.500000 
2.500000 
2.500000 
2.692582 
2.692582 
0.707107 
0.707107 
2.500000 
2.500000 
3.605551 
3.605551 
1.118034 
1.118034 
2.500000 
2.500000 
3.354102 
3.354102 
0.707107 
0.707107 
2.500000 
2.500000 
4.500000 
4.500000 
2.500000 
2.500000 
0.707107 
0.707107 
2.500000 
2.500000 
6.964194 
6.964194 
2.500000 
2.500000 
2.500000 
2.500000 
32.070235 
32.070235 
4.500000 
4.500000 
1.802776 
1.802776 
4.609772 
4.609772 
0.000000 
0.000000 
1.802776 
1.802776 
4.000000 
4.000000 
1.500000 
1.500000 
1.802776 
1.802776 
3.041381 
3.041381 
1.118034 
1.118034 
1.802776 
1.802776 
9.124144 
9.124144 
