0.000000 
0.000000 
3.354102 
3.354102 
1.414214 
1.414214 
0.000000 
0.000000 
5.220153 
5.220153 
1.500000 
1.500000 
2.236068 
2.236068 
1.500000 
1.500000 
3.162278 
3.162278 
1.500000 
1.500000 
12.903488 
12.903488 
1.500000 
1.500000 
2.061553 
2.061553 
1.500000 
1.500000 
8.381527 
8.381527 
1.500000 
1.500000 
2.236068 
2.236068 
12.165525 
12.165525 
2.500000 
2.500000 
1.414214 
1.414214 
10.012492 
10.012492 
1.414214 
1.414214 
12.175796 
12.175796 
1.414214 
1.414214 
2.692582 
2.692582 
10.920165 
10.920165 
8.015610 
8.015610 
0.000000 
0.000000 
2.692582 
2.692582 
8.015610 
8.015610 
2.549510 
2.549510 
2.236068 
2.236068 
8.015610 
8.015610 
1.802776 
1.802776 
1.414214 
1.414214 
8.015610 
8.015610 
0.000000 
0.000000 
0.500000 
0.500000 
1.118034 
1.118034 
8.015610 
8.015610 
3.535534 
3.535534 
5.590170 
5.590170 
9.500000 
9.500000 
8.015610 
8.015610 
3.640055 
3.640055 
5.590170 
5.590170 
11.597414 
11.597414 
8.015610 
8.015610 
7.433034 
7.433034 
5.590170 
5.590170 
4.031129 
4.031129 
8.015610 
8.015610 
2.500000 
2.500000 
5.590170 
5.590170 
21.224985 
21.224985 
8.015610 
8.015610 
1.581139 
1.581139 
5.590170 
5.590170 
3.605551 
3.605551 
8.015610 
8.015610 
0.500000 
0.500000 
5.590170 
5.590170 
1.802776 
1.802776 
8.015610 
8.015610 
0.000000 
0.000000 
0.500000 
0.500000 
5.590170 
5.590170 
1.118034 
1.118034 
8.015610 
8.015610 
0.000000 
0.000000 
1.000000 
1.000000 
5.590170 
5.590170 
1.802776 
1.802776 
8.015610 
8.015610 
0.000000 
0.000000 
2.000000 
2.000000 
5.590170 
5.590170 
1.500000 
1.500000 
8.015610 
8.015610 
0.000000 
0.000000 
5.522681 
5.522681 
5.590170 
5.590170 
2.500000 
2.500000 
8.015610 
8.015610 
0.000000 
0.000000 
0.000000 
0.000000 
9.013878 
9.013878 
5.590170 
5.590170 
2.915476 
2.915476 
0.000000 
0.000000 
0.000000 
0.000000 
9.013878 
9.013878 
5.590170 
5.590170 
2.915476 
2.915476 
0.000000 
0.000000 
0.000000 
0.000000 
9.013878 
9.013878 
5.590170 
5.590170 
2.915476 
2.915476 
0.000000 
0.000000 
0.000000 
0.000000 
9.013878 
9.013878 
5.590170 
5.590170 
2.915476 
2.915476 
0.000000 
0.000000 
0.000000 
0.000000 
9.013878 
9.013878 
5.590170 
5.590170 
2.915476 
2.915476 
0.000000 
0.000000 
0.000000 
0.000000 
0.000000 
0.000000 
9.013878 
9.013878 
2.915476 
2.915476 
1.118034 
1.118034 
0.000000 
0.000000 
0.000000 
0.000000 
9.013878 
9.013878 
2.915476 
2.915476 
2.061553 
2.061553 
0.000000 
0.000000 
0.000000 
0.000000 
9.013878 
9.013878 
2.915476 
2.915476 
0.707107 
0.707107 
0.000000 
0.000000 
0.000000 
0.000000 
9.013878 
9.013878 
2.915476 
2.915476 
2.061553 
2.061553 
0.000000 
0.000000 
0.000000 
0.000000 
9.013878 
9.013878 
12.041595 
12.041595 
