0.000000 
0.000000 
0.000000 
0.000000 
0.000000 
0.000000 
2.500000 
2.500000 
0.000000 
0.000000 
4.123106 
4.123106 
0.000000 
0.000000 
2.828427 
2.828427 
0.000000 
0.000000 
2.500000 
2.500000 
0.000000 
0.000000 
2.549510 
2.549510 
0.000000 
0.000000 
1.802776 
1.802776 
0.000000 
0.000000 
1.802776 
1.802776 
0.000000 
0.000000 
0.000000 
0.000000 
0.000000 
0.000000 
1.802776 
1.802776 
5.000000 
5.000000 
3.500000 
3.500000 
0.000000 
0.000000 
1.802776 
1.802776 
0.000000 
0.000000 
1.118034 
1.118034 
4.000000 
4.000000 
0.000000 
0.000000 
1.802776 
1.802776 
3.041381 
3.041381 
0.000000 
0.000000 
3.162278 
3.162278 
0.000000 
0.000000 
1.802776 
1.802776 
1.118034 
1.118034 
0.500000 
0.500000 
2.549510 
2.549510 
0.000000 
0.000000 
1.802776 
1.802776 
3.535534 
3.535534 
1.802776 
1.802776 
1.802776 
1.802776 
0.000000 
0.000000 
1.802776 
1.802776 
1.118034 
1.118034 
1.118034 
1.118034 
0.707107 
0.707107 
0.000000 
0.000000 
1.802776 
1.802776 
1.581139 
1.581139 
0.500000 
0.500000 
12.000000 
12.000000 
1.802776 
1.802776 
2.000000 
2.000000 
1.000000 
1.000000 
1.000000 
1.000000 
1.802776 
1.802776 
2.061553 
2.061553 
1.414214 
1.414214 
1.414214 
1.414214 
1.802776 
1.802776 
1.500000 
1.500000 
1.500000 
1.500000 
1.414214 
1.414214 
1.802776 
1.802776 
0.707107 
0.707107 
0.707107 
0.707107 
4.031129 
4.031129 
1.802776 
1.802776 
0.500000 
0.500000 
1.581139 
1.581139 
2.692582 
2.692582 
1.802776 
1.802776 
0.500000 
0.500000 
4.527693 
4.527693 
2.500000 
2.500000 
1.802776 
1.802776 
1.118034 
1.118034 
2.061553 
2.061553 
1.802776 
1.802776 
1.118034 
1.118034 
3.807887 
3.807887 
2.915476 
2.915476 
1.118034 
1.118034 
3.162278 
3.162278 
3.000000 
3.000000 
1.118034 
1.118034 
6.519202 
6.519202 
1.802776 
1.802776 
1.118034 
1.118034 
3.500000 
3.500000 
1.118034 
1.118034 
1.118034 
1.118034 
3.000000 
3.000000 
0.000000 
0.000000 
1.118034 
1.118034 
7.500000 
7.500000 
0.500000 
0.500000 
1.118034 
1.118034 
3.041381 
3.041381 
0.707107 
0.707107 
1.118034 
1.118034 
3.500000 
3.500000 
1.118034 
1.118034 
1.118034 
1.118034 
8.000000 
8.000000 
1.500000 
1.500000 
1.118034 
1.118034 
4.000000 
4.000000 
0.707107 
0.707107 
1.118034 
1.118034 
8.015610 
8.015610 
1.414214 
1.414214 
1.118034 
1.118034 
3.000000 
3.000000 
2.500000 
2.500000 
1.118034 
1.118034 
3.500000 
3.500000 
8.077747 
8.077747 
1.118034 
1.118034 
7.000000 
7.000000 
5.500000 
5.500000 
3.041381 
3.041381 
5.000000 
5.000000 
4.031129 
4.031129 
6.041523 
6.041523 
