0.000000 
0.000000 
3.807887 
3.807887 
5.852350 
5.852350 
3.500000 
3.500000 
2.000000 
2.000000 
3.640055 
3.640055 
2.692582 
2.692582 
1.500000 
1.500000 
3.807887 
3.807887 
2.692582 
2.692582 
11.543396 
11.543396 
1.581139 
1.581139 
1.802776 
1.802776 
2.061553 
2.061553 
1.414214 
1.414214 
10.606602 
10.606602 
10.012492 
10.012492 
0.707107 
0.707107 
1.581139 
1.581139 
0.500000 
0.500000 
0.707107 
0.707107 
1.581139 
1.581139 
1.581139 
1.581139 
10.295630 
10.295630 
1.500000 
1.500000 
0.000000 
0.000000 
1.118034 
1.118034 
0.500000 
0.500000 
1.118034 
1.118034 
0.707107 
0.707107 
0.707107 
0.707107 
0.500000 
0.500000 
0.500000 
0.500000 
0.500000 
0.500000 
3.640055 
3.640055 
1.118034 
1.118034 
3.162278 
3.162278 
0.000000 
0.000000 
3.162278 
3.162278 
0.500000 
0.500000 
3.162278 
3.162278 
4.031129 
4.031129 
8.015610 
8.015610 
0.000000 
0.000000 
1.118034 
1.118034 
0.500000 
0.500000 
1.000000 
1.000000 
0.500000 
0.500000 
1.500000 
1.500000 
0.500000 
0.500000 
2.236068 
2.236068 
0.500000 
0.500000 
4.472136 
4.472136 
