0.000000 
0.000000 
0.000000 
0.000000 
0.500000 
0.500000 
1.581139 
1.581139 
1.000000 
1.000000 
2.236068 
2.236068 
6.020797 
6.020797 
1.414214 
1.414214 
6.020797 
6.020797 
0.500000 
0.500000 
6.020797 
6.020797 
2.828427 
2.828427 
6.020797 
6.020797 
24.505102 
24.505102 
6.020797 
6.020797 
1.118034 
1.118034 
6.020797 
6.020797 
1.000000 
1.000000 
6.020797 
6.020797 
2.061553 
2.061553 
6.020797 
6.020797 
8.276473 
8.276473 
6.020797 
6.020797 
0.707107 
0.707107 
6.020797 
6.020797 
6.800735 
6.800735 
6.020797 
6.020797 
15.700318 
15.700318 
6.020797 
6.020797 
2.000000 
2.000000 
0.000000 
0.000000 
6.020797 
6.020797 
6.020797 
6.020797 
0.000000 
0.000000 
6.020797 
6.020797 
17.000000 
17.000000 
0.000000 
0.000000 
6.020797 
6.020797 
0.500000 
0.500000 
0.000000 
0.000000 
3.807887 
3.807887 
0.000000 
0.000000 
22.203603 
22.203603 
0.000000 
0.000000 
11.543396 
11.543396 
0.000000 
0.000000 
2.692582 
2.692582 
0.000000 
0.000000 
1.581139 
1.581139 
0.000000 
0.000000 
1.581139 
1.581139 
0.000000 
0.000000 
1.581139 
1.581139 
0.000000 
0.000000 
1.581139 
1.581139 
0.000000 
0.000000 
0.000000 
0.000000 
1.581139 
1.581139 
0.500000 
0.500000 
0.000000 
0.000000 
1.581139 
1.581139 
0.500000 
0.500000 
0.000000 
0.000000 
1.581139 
1.581139 
0.500000 
0.500000 
0.000000 
0.000000 
1.581139 
1.581139 
0.500000 
0.500000 
1.581139 
1.581139 
0.500000 
0.500000 
1.581139 
1.581139 
0.500000 
0.500000 
1.581139 
1.581139 
0.500000 
0.500000 
1.581139 
1.581139 
0.500000 
0.500000 
1.581139 
1.581139 
0.500000 
0.500000 
1.581139 
1.581139 
0.500000 
0.500000 
1.581139 
1.581139 
0.500000 
0.500000 
0.500000 
0.500000 
