0.000000 
0.000000 
0.000000 
0.000000 
2.000000 
2.000000 
0.000000 
0.000000 
1.802776 
1.802776 
5.700877 
5.700877 
1.802776 
1.802776 
1.802776 
1.802776 
1.802776 
1.802776 
3.535534 
3.535534 
1.802776 
1.802776 
1.118034 
1.118034 
1.802776 
1.802776 
1.500000 
1.500000 
1.802776 
1.802776 
1.500000 
1.500000 
1.802776 
1.802776 
1.500000 
1.500000 
1.802776 
1.802776 
1.500000 
1.500000 
1.802776 
1.802776 
1.500000 
1.500000 
1.802776 
1.802776 
1.500000 
1.500000 
1.802776 
1.802776 
1.500000 
1.500000 
1.802776 
1.802776 
1.500000 
1.500000 
1.802776 
1.802776 
1.500000 
1.500000 
1.802776 
1.802776 
1.500000 
1.500000 
1.802776 
1.802776 
1.500000 
1.500000 
1.500000 
1.500000 
1.500000 
1.500000 
1.500000 
1.500000 
1.500000 
1.500000 
0.000000 
0.000000 
2.061553 
2.061553 
13.509256 
13.509256 
0.707107 
0.707107 
1.000000 
1.000000 
1.500000 
1.500000 
1.500000 
1.500000 
1.500000 
1.500000 
1.500000 
1.500000 
1.500000 
1.500000 
1.500000 
1.500000 
