0.000000 
0.000000 
11.000000 
11.000000 
0.500000 
0.500000 
0.500000 
0.500000 
0.500000 
0.500000 
0.500000 
0.500000 
0.500000 
0.500000 
10.688779 
10.688779 
20.099751 
20.099751 
4.301163 
4.301163 
4.609772 
4.609772 
5.522681 
5.522681 
2.000000 
2.000000 
2.000000 
2.000000 
2.000000 
2.000000 
2.000000 
2.000000 
2.000000 
2.000000 
2.000000 
2.000000 
2.000000 
2.000000 
0.000000 
0.000000 
2.000000 
2.000000 
0.000000 
0.000000 
0.500000 
0.500000 
2.000000 
2.000000 
0.000000 
0.000000 
1.118034 
1.118034 
2.000000 
2.000000 
0.000000 
0.000000 
1.118034 
1.118034 
2.000000 
2.000000 
0.000000 
0.000000 
1.118034 
1.118034 
2.000000 
2.000000 
0.000000 
0.000000 
1.118034 
1.118034 
2.000000 
2.000000 
0.000000 
0.000000 
1.118034 
1.118034 
2.000000 
2.000000 
0.000000 
0.000000 
1.118034 
1.118034 
2.000000 
2.000000 
0.000000 
0.000000 
1.118034 
1.118034 
0.000000 
0.000000 
1.118034 
1.118034 
0.000000 
0.000000 
0.000000 
0.000000 
1.118034 
1.118034 
4.527693 
4.527693 
0.000000 
0.000000 
1.118034 
1.118034 
5.024938 
5.024938 
0.000000 
0.000000 
1.118034 
1.118034 
3.041381 
3.041381 
0.000000 
0.000000 
1.118034 
1.118034 
0.000000 
0.000000 
3.041381 
3.041381 
0.000000 
0.000000 
1.118034 
1.118034 
0.000000 
0.000000 
0.000000 
0.000000 
3.041381 
3.041381 
0.000000 
0.000000 
1.118034 
1.118034 
5.220153 
5.220153 
0.000000 
0.000000 
3.041381 
3.041381 
1.118034 
1.118034 
3.041381 
3.041381 
0.000000 
0.000000 
3.041381 
3.041381 
15.074813 
15.074813 
0.000000 
0.000000 
3.041381 
3.041381 
1.118034 
1.118034 
0.000000 
0.000000 
3.041381 
3.041381 
