0.000000 
0.000000 
1.500000 
1.500000 
1.581139 
1.581139 
1.500000 
1.500000 
0.707107 
0.707107 
0.707107 
0.707107 
0.707107 
0.707107 
0.707107 
0.707107 
0.707107 
0.707107 
0.707107 
0.707107 
0.707107 
0.707107 
0.707107 
0.707107 
9.617692 
9.617692 
0.000000 
0.000000 
0.000000 
0.000000 
1.000000 
1.000000 
0.707107 
0.707107 
0.000000 
0.000000 
1.118034 
1.118034 
0.500000 
0.500000 
0.500000 
0.500000 
0.000000 
0.000000 
0.707107 
0.707107 
1.414214 
1.414214 
3.535534 
3.535534 
0.500000 
0.500000 
2.000000 
2.000000 
8.015610 
8.015610 
2.000000 
2.000000 
1.581139 
1.581139 
2.000000 
2.000000 
2.000000 
2.000000 
2.000000 
2.000000 
4.500000 
4.500000 
2.000000 
2.000000 
2.500000 
2.500000 
2.000000 
2.000000 
2.061553 
2.061553 
2.000000 
2.000000 
0.500000 
0.500000 
2.000000 
2.000000 
1.000000 
1.000000 
2.000000 
2.000000 
2.061553 
2.061553 
2.000000 
2.000000 
2.549510 
2.549510 
2.000000 
2.000000 
1.581139 
1.581139 
2.000000 
2.000000 
0.707107 
0.707107 
2.000000 
2.000000 
0.707107 
0.707107 
2.000000 
2.000000 
0.707107 
0.707107 
2.000000 
2.000000 
0.500000 
0.500000 
1.000000 
1.000000 
1.581139 
1.581139 
1.500000 
1.500000 
1.118034 
1.118034 
