0.000000 
0.000000 
0.000000 
0.000000 
1.118034 
1.118034 
1.802776 
1.802776 
1.581139 
1.581139 
10.049876 
10.049876 
2.000000 
2.000000 
3.041381 
3.041381 
3.000000 
3.000000 
2.236068 
2.236068 
2.121320 
2.121320 
1.000000 
1.000000 
1.118034 
1.118034 
6.670832 
6.670832 
1.581139 
1.581139 
1.118034 
1.118034 
3.000000 
3.000000 
2.061553 
2.061553 
2.549510 
2.549510 
2.061553 
2.061553 
1.118034 
1.118034 
2.061553 
2.061553 
0.707107 
0.707107 
2.061553 
2.061553 
12.041595 
12.041595 
2.061553 
2.061553 
0.707107 
0.707107 
2.061553 
2.061553 
1.500000 
1.500000 
2.061553 
2.061553 
0.500000 
0.500000 
2.061553 
2.061553 
0.707107 
0.707107 
2.061553 
2.061553 
0.707107 
0.707107 
2.061553 
2.061553 
1.000000 
1.000000 
2.061553 
2.061553 
1.802776 
1.802776 
2.061553 
2.061553 
0.500000 
0.500000 
2.061553 
2.061553 
0.500000 
0.500000 
2.061553 
2.061553 
2.000000 
2.000000 
2.061553 
2.061553 
0.500000 
0.500000 
11.510864 
11.510864 
0.000000 
0.000000 
1.414214 
1.414214 
0.500000 
0.500000 
1.000000 
1.000000 
1.118034 
1.118034 
0.500000 
0.500000 
1.118034 
1.118034 
0.000000 
0.000000 
0.500000 
0.500000 
1.118034 
1.118034 
0.707107 
0.707107 
0.707107 
0.707107 
0.500000 
0.500000 
1.118034 
1.118034 
