0.000000 
0.000000 
0.000000 
0.000000 
0.500000 
0.500000 
0.707107 
0.707107 
12.509996 
12.509996 
1.118034 
1.118034 
12.041595 
12.041595 
1.500000 
1.500000 
1.802776 
1.802776 
1.500000 
1.500000 
10.124228 
10.124228 
1.500000 
1.500000 
1.581139 
1.581139 
1.500000 
1.500000 
1.500000 
1.500000 
1.500000 
1.500000 
1.000000 
1.000000 
1.500000 
1.500000 
2.121320 
2.121320 
1.500000 
1.500000 
2.000000 
2.000000 
1.500000 
1.500000 
7.071068 
7.071068 
1.500000 
1.500000 
12.806248 
12.806248 
1.500000 
1.500000 
1.581139 
1.581139 
1.500000 
1.500000 
1.500000 
1.500000 
1.500000 
1.500000 
1.802776 
1.802776 
1.500000 
1.500000 
7.017834 
7.017834 
1.500000 
1.500000 
3.000000 
3.000000 
1.500000 
1.500000 
2.121320 
2.121320 
1.000000 
1.000000 
0.000000 
0.000000 
2.000000 
2.000000 
1.000000 
1.000000 
2.061553 
2.061553 
1.414214 
1.414214 
0.000000 
0.000000 
1.118034 
1.118034 
14.142136 
14.142136 
1.000000 
1.000000 
0.500000 
0.500000 
0.500000 
0.500000 
0.500000 
0.500000 
11.236103 
11.236103 
1.000000 
1.000000 
2.061553 
2.061553 
0.500000 
0.500000 
1.118034 
1.118034 
1.414214 
1.414214 
10.511898 
10.511898 
8.062258 
8.062258 
1.414214 
1.414214 
1.000000 
1.000000 
1.000000 
1.000000 
2.549510 
2.549510 
1.414214 
1.414214 
3.000000 
3.000000 
1.414214 
1.414214 
0.500000 
0.500000 
1.414214 
1.414214 
6.519202 
6.519202 
1.414214 
1.414214 
2.236068 
2.236068 
1.414214 
1.414214 
3.201562 
3.201562 
1.414214 
1.414214 
2.121320 
2.121320 
1.414214 
1.414214 
1.802776 
1.802776 
