0.000000 
0.000000 
0.000000 
0.000000 
1.581139 
1.581139 
2.061553 
2.061553 
1.000000 
1.000000 
1.802776 
1.802776 
4.527693 
4.527693 
1.581139 
1.581139 
1.802776 
1.802776 
6.500000 
6.500000 
0.707107 
0.707107 
0.707107 
0.707107 
0.000000 
0.000000 
0.707107 
0.707107 
1.802776 
1.802776 
0.500000 
0.500000 
0.707107 
0.707107 
0.500000 
0.500000 
0.500000 
0.500000 
0.707107 
0.707107 
0.707107 
0.707107 
0.500000 
0.500000 
0.707107 
0.707107 
0.500000 
0.500000 
0.500000 
0.500000 
0.707107 
0.707107 
1.581139 
1.581139 
0.500000 
0.500000 
0.707107 
0.707107 
5.220153 
5.220153 
0.500000 
0.500000 
0.707107 
0.707107 
0.707107 
0.707107 
0.500000 
0.500000 
0.707107 
0.707107 
1.118034 
1.118034 
0.500000 
0.500000 
0.707107 
0.707107 
1.118034 
1.118034 
0.500000 
0.500000 
0.707107 
0.707107 
3.535534 
3.535534 
0.500000 
0.500000 
0.707107 
0.707107 
3.535534 
3.535534 
0.500000 
0.500000 
0.707107 
0.707107 
4.527693 
4.527693 
0.500000 
0.500000 
0.707107 
0.707107 
2.549510 
2.549510 
0.500000 
0.500000 
0.707107 
0.707107 
3.041381 
3.041381 
0.500000 
0.500000 
2.500000 
2.500000 
0.500000 
0.500000 
1.581139 
1.581139 
7.000000 
7.000000 
7.017834 
7.017834 
0.000000 
0.000000 
0.707107 
0.707107 
0.000000 
0.000000 
1.414214 
1.414214 
0.707107 
0.707107 
1.000000 
1.000000 
9.000000 
9.000000 
5.500000 
5.500000 
1.581139 
1.581139 
1.000000 
1.000000 
1.118034 
1.118034 
11.510864 
11.510864 
1.000000 
1.000000 
0.500000 
0.500000 
1.118034 
1.118034 
2.061553 
2.061553 
0.707107 
0.707107 
0.707107 
0.707107 
1.500000 
1.500000 
12.000000 
12.000000 
0.707107 
0.707107 
7.000000 
7.000000 
1.414214 
1.414214 
0.707107 
0.707107 
7.000000 
7.000000 
2.000000 
2.000000 
0.707107 
0.707107 
7.000000 
7.000000 
1.581139 
1.581139 
0.707107 
0.707107 
7.000000 
7.000000 
1.581139 
1.581139 
0.707107 
0.707107 
7.000000 
7.000000 
1.581139 
1.581139 
0.000000 
0.000000 
0.707107 
0.707107 
7.000000 
7.000000 
1.581139 
1.581139 
1.000000 
1.000000 
0.707107 
0.707107 
7.000000 
7.000000 
1.581139 
1.581139 
1.000000 
1.000000 
0.707107 
0.707107 
7.000000 
7.000000 
19.209373 
19.209373 
