0.000000 
0.000000 
0.000000 
0.000000 
2.000000 
2.000000 
0.707107 
0.707107 
2.000000 
2.000000 
2.061553 
2.061553 
1.118034 
1.118034 
1.802776 
1.802776 
5.000000 
5.000000 
3.201562 
3.201562 
0.000000 
0.000000 
1.500000 
1.500000 
1.118034 
1.118034 
5.099020 
5.099020 
2.549510 
2.549510 
1.500000 
1.500000 
0.707107 
0.707107 
1.581139 
1.581139 
1.500000 
1.500000 
2.500000 
2.500000 
2.000000 
2.000000 
1.118034 
1.118034 
2.061553 
2.061553 
1.500000 
1.500000 
1.581139 
1.581139 
2.061553 
2.061553 
5.500000 
5.500000 
1.581139 
1.581139 
2.061553 
2.061553 
3.500000 
3.500000 
0.500000 
0.500000 
2.061553 
2.061553 
3.535534 
3.535534 
0.707107 
0.707107 
2.061553 
2.061553 
8.000000 
8.000000 
2.549510 
2.549510 
2.061553 
2.061553 
3.640055 
3.640055 
1.118034 
1.118034 
2.061553 
2.061553 
3.000000 
3.000000 
11.045361 
11.045361 
2.061553 
2.061553 
8.015610 
8.015610 
6.041523 
6.041523 
0.000000 
0.000000 
2.061553 
2.061553 
3.000000 
3.000000 
5.000000 
5.000000 
0.000000 
0.000000 
0.500000 
0.500000 
2.061553 
2.061553 
2.500000 
2.500000 
4.031129 
4.031129 
1.581139 
1.581139 
0.000000 
0.000000 
2.061553 
2.061553 
5.522681 
5.522681 
3.162278 
3.162278 
1.414214 
1.414214 
0.500000 
0.500000 
2.061553 
2.061553 
1.000000 
1.000000 
10.500000 
10.500000 
5.024938 
5.024938 
0.500000 
0.500000 
2.061553 
2.061553 
1.000000 
1.000000 
3.354102 
3.354102 
0.500000 
0.500000 
0.000000 
0.000000 
2.061553 
2.061553 
0.500000 
0.500000 
2.915476 
2.915476 
1.000000 
1.000000 
0.707107 
0.707107 
2.061553 
2.061553 
0.707107 
0.707107 
2.061553 
2.061553 
0.000000 
0.000000 
0.500000 
0.500000 
0.500000 
0.500000 
2.061553 
2.061553 
0.707107 
0.707107 
2.500000 
2.500000 
0.500000 
0.500000 
1.000000 
1.000000 
0.707107 
0.707107 
0.500000 
0.500000 
1.118034 
1.118034 
1.000000 
1.000000 
0.000000 
0.000000 
1.500000 
1.500000 
1.000000 
1.000000 
1.118034 
1.118034 
4.031129 
4.031129 
0.000000 
0.000000 
0.707107 
0.707107 
0.707107 
0.707107 
6.576473 
6.576473 
1.118034 
1.118034 
0.500000 
0.500000 
1.000000 
1.000000 
1.581139 
1.581139 
0.707107 
0.707107 
1.581139 
1.581139 
0.500000 
0.500000 
1.000000 
1.000000 
4.031129 
4.031129 
0.500000 
0.500000 
2.549510 
2.549510 
0.500000 
0.500000 
1.118034 
1.118034 
0.707107 
0.707107 
1.000000 
1.000000 
2.000000 
2.000000 
1.414214 
1.414214 
1.581139 
1.581139 
0.000000 
0.000000 
0.500000 
0.500000 
10.511898 
10.511898 
0.707107 
0.707107 
1.118034 
1.118034 
0.500000 
0.500000 
0.500000 
0.500000 
0.000000 
0.000000 
1.581139 
1.581139 
0.000000 
0.000000 
0.707107 
0.707107 
0.000000 
0.000000 
0.500000 
0.500000 
0.500000 
0.500000 
8.062258 
8.062258 
0.500000 
0.500000 
3.162278 
3.162278 
0.500000 
0.500000 
0.500000 
0.500000 
0.500000 
0.500000 
1.118034 
1.118034 
0.500000 
0.500000 
1.118034 
1.118034 
0.707107 
0.707107 
0.500000 
0.500000 
0.500000 
0.500000 
5.099020 
5.099020 
0.000000 
0.000000 
1.118034 
1.118034 
4.031129 
4.031129 
0.500000 
0.500000 
0.000000 
0.000000 
1.500000 
1.500000 
0.500000 
0.500000 
1.118034 
1.118034 
0.500000 
0.500000 
0.500000 
0.500000 
0.000000 
0.000000 
1.581139 
1.581139 
0.500000 
0.500000 
0.707107 
0.707107 
0.500000 
0.500000 
0.500000 
0.500000 
