0.000000 
0.000000 
0.000000 
0.000000 
0.000000 
0.000000 
0.000000 
0.000000 
0.000000 
0.000000 
0.000000 
0.000000 
19.448650 
19.448650 
1.118034 
1.118034 
0.000000 
0.000000 
3.535534 
3.535534 
0.500000 
0.500000 
19.448650 
19.448650 
1.414214 
1.414214 
0.707107 
0.707107 
1.000000 
1.000000 
0.707107 
0.707107 
19.448650 
19.448650 
1.118034 
1.118034 
1.581139 
1.581139 
1.802776 
1.802776 
2.500000 
2.500000 
19.448650 
19.448650 
0.707107 
0.707107 
1.000000 
1.000000 
2.061553 
2.061553 
0.500000 
0.500000 
19.448650 
19.448650 
1.000000 
1.000000 
1.000000 
1.000000 
2.549510 
2.549510 
0.500000 
0.500000 
19.448650 
19.448650 
0.500000 
0.500000 
1.000000 
1.000000 
3.605551 
3.605551 
0.000000 
0.000000 
19.448650 
19.448650 
1.414214 
1.414214 
1.000000 
1.000000 
3.201562 
3.201562 
0.707107 
0.707107 
19.448650 
19.448650 
0.707107 
0.707107 
1.000000 
1.000000 
3.640055 
3.640055 
0.500000 
0.500000 
19.448650 
19.448650 
0.500000 
0.500000 
1.000000 
1.000000 
3.807887 
3.807887 
1.000000 
1.000000 
19.448650 
19.448650 
0.000000 
0.000000 
1.000000 
1.000000 
2.915476 
2.915476 
0.500000 
0.500000 
19.448650 
19.448650 
0.707107 
0.707107 
1.000000 
1.000000 
1.000000 
1.000000 
1.000000 
1.000000 
19.448650 
19.448650 
0.500000 
0.500000 
1.000000 
1.000000 
1.802776 
1.802776 
3.535534 
3.535534 
19.448650 
19.448650 
6.020797 
6.020797 
1.000000 
1.000000 
1.118034 
1.118034 
1.581139 
1.581139 
19.448650 
19.448650 
4.031129 
4.031129 
1.000000 
1.000000 
2.121320 
2.121320 
1.500000 
1.500000 
19.448650 
19.448650 
1.581139 
1.581139 
1.000000 
1.000000 
2.692582 
2.692582 
5.000000 
5.000000 
2.000000 
2.000000 
1.000000 
1.000000 
1.118034 
1.118034 
1.500000 
1.500000 
6.519202 
6.519202 
1.000000 
1.000000 
0.500000 
0.500000 
6.020797 
6.020797 
9.708244 
9.708244 
1.000000 
1.000000 
0.500000 
0.500000 
6.020797 
6.020797 
3.041381 
3.041381 
14.317821 
14.317821 
6.020797 
6.020797 
9.013878 
9.013878 
0.000000 
0.000000 
14.317821 
14.317821 
6.020797 
6.020797 
2.692582 
2.692582 
0.000000 
0.000000 
2.500000 
2.500000 
14.317821 
14.317821 
6.020797 
6.020797 
3.354102 
3.354102 
2.549510 
2.549510 
7.516648 
7.516648 
14.317821 
14.317821 
6.020797 
6.020797 
11.011358 
11.011358 
8.558621 
8.558621 
7.071068 
7.071068 
14.317821 
14.317821 
6.020797 
6.020797 
3.535534 
3.535534 
2.549510 
2.549510 
2.549510 
2.549510 
14.317821 
14.317821 
6.020797 
6.020797 
7.500000 
7.500000 
2.000000 
2.000000 
8.732125 
8.732125 
14.317821 
14.317821 
6.020797 
6.020797 
2.549510 
2.549510 
11.011358 
11.011358 
6.020797 
6.020797 
14.317821 
14.317821 
6.020797 
6.020797 
2.500000 
2.500000 
2.692582 
2.692582 
1.414214 
1.414214 
14.317821 
14.317821 
6.020797 
6.020797 
14.713939 
14.713939 
0.000000 
0.000000 
1.118034 
1.118034 
0.500000 
0.500000 
14.317821 
14.317821 
6.020797 
6.020797 
7.158911 
7.158911 
1.118034 
1.118034 
0.707107 
0.707107 
1.118034 
1.118034 
14.317821 
14.317821 
6.020797 
6.020797 
11.280514 
11.280514 
4.527693 
4.527693 
1.414214 
1.414214 
3.605551 
3.605551 
14.317821 
14.317821 
6.020797 
6.020797 
1.414214 
1.414214 
1.118034 
1.118034 
0.500000 
0.500000 
3.041381 
3.041381 
14.317821 
14.317821 
6.020797 
6.020797 
1.581139 
1.581139 
1.118034 
1.118034 
1.118034 
1.118034 
1.414214 
1.414214 
14.317821 
14.317821 
1.581139 
1.581139 
0.500000 
0.500000 
1.500000 
1.500000 
1.118034 
1.118034 
14.317821 
14.317821 
11.180340 
11.180340 
0.500000 
0.500000 
0.000000 
0.000000 
0.500000 
0.500000 
10.404326 
10.404326 
0.000000 
0.000000 
1.000000 
1.000000 
2.549510 
2.549510 
10.404326 
10.404326 
0.500000 
0.500000 
0.707107 
0.707107 
0.707107 
0.707107 
0.707107 
0.707107 
2.500000 
2.500000 
1.000000 
1.000000 
1.414214 
1.414214 
11.926860 
11.926860 
