0.000000 
0.000000 
0.000000 
0.000000 
2.236068 
2.236068 
12.589678 
12.589678 
4.527693 
4.527693 
0.500000 
0.500000 
3.000000 
3.000000 
1.118034 
1.118034 
2.061553 
2.061553 
7.500000 
7.500000 
4.000000 
4.000000 
6.082763 
6.082763 
4.031129 
4.031129 
1.500000 
1.500000 
20.506097 
20.506097 
15.882380 
15.882380 
17.755281 
17.755281 
17.500000 
17.500000 
3.000000 
3.000000 
2.549510 
2.549510 
3.000000 
3.000000 
9.340771 
9.340771 
3.000000 
3.000000 
2.500000 
2.500000 
3.000000 
3.000000 
0.500000 
0.500000 
3.000000 
3.000000 
15.305228 
15.305228 
3.000000 
3.000000 
9.848858 
9.848858 
0.000000 
0.000000 
19.780040 
19.780040 
9.848858 
9.848858 
7.905694 
7.905694 
2.236068 
2.236068 
9.848858 
9.848858 
7.826238 
7.826238 
1.118034 
1.118034 
9.848858 
9.848858 
2.061553 
2.061553 
4.000000 
4.000000 
9.848858 
9.848858 
8.000000 
8.000000 
21.095023 
21.095023 
9.848858 
9.848858 
7.071068 
7.071068 
0.500000 
0.500000 
9.848858 
9.848858 
7.071068 
7.071068 
0.500000 
0.500000 
9.848858 
9.848858 
7.071068 
7.071068 
2.061553 
2.061553 
9.848858 
9.848858 
7.071068 
7.071068 
0.500000 
0.500000 
9.848858 
9.848858 
7.071068 
7.071068 
2.500000 
2.500000 
9.848858 
9.848858 
7.071068 
7.071068 
2.500000 
2.500000 
9.848858 
9.848858 
7.071068 
7.071068 
1.118034 
1.118034 
9.848858 
9.848858 
7.071068 
7.071068 
2.549510 
2.549510 
9.848858 
9.848858 
7.071068 
7.071068 
3.162278 
3.162278 
9.848858 
9.848858 
7.071068 
7.071068 
3.640055 
3.640055 
7.071068 
7.071068 
14.508618 
14.508618 
7.071068 
7.071068 
2.692582 
2.692582 
7.071068 
7.071068 
3.807887 
3.807887 
7.071068 
7.071068 
12.816006 
12.816006 
0.000000 
0.000000 
7.071068 
7.071068 
2.061553 
2.061553 
2.061553 
2.061553 
1.118034 
1.118034 
2.549510 
2.549510 
14.115594 
14.115594 
2.549510 
2.549510 
1.414214 
1.414214 
0.000000 
0.000000 
10.606602 
10.606602 
1.414214 
1.414214 
