0.000000 
0.000000 
0.000000 
0.000000 
1.414214 
1.414214 
1.000000 
1.000000 
5.522681 
5.522681 
1.118034 
1.118034 
0.500000 
0.500000 
0.500000 
0.500000 
5.590170 
5.590170 
1.000000 
1.000000 
0.500000 
0.500000 
1.000000 
1.000000 
0.000000 
0.000000 
0.500000 
0.500000 
5.590170 
5.590170 
0.500000 
0.500000 
2.549510 
2.549510 
1.118034 
1.118034 
2.549510 
2.549510 
2.692582 
2.692582 
6.264982 
6.264982 
2.549510 
2.549510 
0.500000 
0.500000 
4.000000 
4.000000 
0.500000 
0.500000 
2.692582 
2.692582 
1.118034 
1.118034 
2.061553 
2.061553 
0.500000 
0.500000 
2.121320 
2.121320 
0.500000 
0.500000 
0.500000 
0.500000 
2.000000 
2.000000 
1.118034 
1.118034 
2.061553 
2.061553 
0.707107 
0.707107 
3.354102 
3.354102 
1.118034 
1.118034 
1.414214 
1.414214 
1.581139 
1.581139 
8.558621 
8.558621 
1.000000 
1.000000 
1.118034 
1.118034 
1.414214 
1.414214 
1.802776 
1.802776 
1.802776 
1.802776 
1.118034 
1.118034 
0.707107 
0.707107 
0.707107 
0.707107 
1.118034 
1.118034 
1.581139 
1.581139 
1.581139 
1.581139 
1.000000 
1.000000 
0.707107 
0.707107 
1.581139 
1.581139 
2.236068 
2.236068 
0.500000 
0.500000 
2.549510 
2.549510 
11.011358 
11.011358 
2.915476 
2.915476 
10.012492 
10.012492 
1.802776 
1.802776 
4.527693 
4.527693 
1.118034 
1.118034 
4.527693 
4.527693 
19.300259 
19.300259 
4.527693 
4.527693 
2.000000 
2.000000 
0.000000 
0.000000 
4.527693 
4.527693 
2.000000 
2.000000 
1.581139 
1.581139 
4.527693 
4.527693 
2.000000 
2.000000 
1.581139 
1.581139 
4.527693 
4.527693 
2.500000 
2.500000 
1.581139 
1.581139 
4.527693 
4.527693 
1.802776 
1.802776 
1.581139 
1.581139 
4.527693 
4.527693 
0.500000 
0.500000 
