0.000000 
0.000000 
0.000000 
0.000000 
0.000000 
0.000000 
0.707107 
0.707107 
0.500000 
0.500000 
1.414214 
1.414214 
0.000000 
0.000000 
0.707107 
0.707107 
1.802776 
1.802776 
0.500000 
0.500000 
12.509996 
12.509996 
0.707107 
0.707107 
6.519202 
6.519202 
1.118034 
1.118034 
11.510864 
11.510864 
0.707107 
0.707107 
1.581139 
1.581139 
0.500000 
0.500000 
0.707107 
0.707107 
0.707107 
0.707107 
1.118034 
1.118034 
1.118034 
1.118034 
0.500000 
0.500000 
0.707107 
0.707107 
1.000000 
1.000000 
1.118034 
1.118034 
0.000000 
0.000000 
0.500000 
0.500000 
0.707107 
0.707107 
1.000000 
1.000000 
1.118034 
1.118034 
11.597414 
11.597414 
9.500000 
9.500000 
0.707107 
0.707107 
0.500000 
0.500000 
1.118034 
1.118034 
1.500000 
1.500000 
1.500000 
1.500000 
0.707107 
0.707107 
1.581139 
1.581139 
0.500000 
0.500000 
7.566373 
7.566373 
2.549510 
2.549510 
0.707107 
0.707107 
1.581139 
1.581139 
0.707107 
0.707107 
1.802776 
1.802776 
1.000000 
1.000000 
0.707107 
0.707107 
1.118034 
1.118034 
5.000000 
5.000000 
2.549510 
2.549510 
8.514693 
8.514693 
0.707107 
0.707107 
6.519202 
6.519202 
1.581139 
1.581139 
2.000000 
2.000000 
0.707107 
0.707107 
0.707107 
0.707107 
1.500000 
1.500000 
2.000000 
2.000000 
7.566373 
7.566373 
1.000000 
1.000000 
0.707107 
0.707107 
2.549510 
2.549510 
2.061553 
2.061553 
3.000000 
3.000000 
12.369317 
12.369317 
0.707107 
0.707107 
2.549510 
2.549510 
2.500000 
2.500000 
3.500000 
3.500000 
1.118034 
1.118034 
2.549510 
2.549510 
5.700877 
5.700877 
8.000000 
8.000000 
9.340771 
9.340771 
2.549510 
2.549510 
2.061553 
2.061553 
3.000000 
3.000000 
1.118034 
1.118034 
2.549510 
2.549510 
2.549510 
2.549510 
3.500000 
3.500000 
1.581139 
1.581139 
2.549510 
2.549510 
3.041381 
3.041381 
8.500000 
8.500000 
2.061553 
2.061553 
2.549510 
2.549510 
1.802776 
1.802776 
3.041381 
3.041381 
2.692582 
2.692582 
2.549510 
2.549510 
4.500000 
4.500000 
0.000000 
0.000000 
3.041381 
3.041381 
3.041381 
3.041381 
2.549510 
2.549510 
1.500000 
1.500000 
14.807093 
14.807093 
3.041381 
3.041381 
2.692582 
2.692582 
2.549510 
2.549510 
1.500000 
1.500000 
15.402922 
15.402922 
3.041381 
3.041381 
1.000000 
1.000000 
2.549510 
2.549510 
2.000000 
2.000000 
11.884864 
11.884864 
3.041381 
3.041381 
0.707107 
0.707107 
2.549510 
2.549510 
1.500000 
1.500000 
3.000000 
3.000000 
3.041381 
3.041381 
1.118034 
1.118034 
2.549510 
2.549510 
1.802776 
1.802776 
7.000000 
7.000000 
3.041381 
3.041381 
3.162278 
3.162278 
2.549510 
2.549510 
0.707107 
0.707107 
2.236068 
2.236068 
3.041381 
3.041381 
7.500000 
7.500000 
2.549510 
2.549510 
0.707107 
0.707107 
3.041381 
3.041381 
3.041381 
3.041381 
1.581139 
1.581139 
0.500000 
0.500000 
2.000000 
2.000000 
3.041381 
3.041381 
1.581139 
1.581139 
0.000000 
0.000000 
2.061553 
2.061553 
3.041381 
3.041381 
2.500000 
2.500000 
1.581139 
1.581139 
4.609772 
4.609772 
3.041381 
3.041381 
1.500000 
1.500000 
0.000000 
0.000000 
1.581139 
1.581139 
3.041381 
3.041381 
2.121320 
2.121320 
3.500000 
3.500000 
0.707107 
0.707107 
3.041381 
3.041381 
2.549510 
2.549510 
1.118034 
1.118034 
1.581139 
1.581139 
3.041381 
3.041381 
0.707107 
0.707107 
0.500000 
0.500000 
1.118034 
1.118034 
2.692582 
2.692582 
1.500000 
1.500000 
0.000000 
0.000000 
0.500000 
0.500000 
3.807887 
3.807887 
1.802776 
1.802776 
2.061553 
2.061553 
0.707107 
0.707107 
12.041595 
12.041595 
1.000000 
1.000000 
