0.000000 
0.000000 
0.000000 
0.000000 
2.500000 
2.500000 
2.500000 
2.500000 
22.051077 
22.051077 
3.500000 
3.500000 
5.000000 
5.000000 
3.041381 
3.041381 
5.000000 
5.000000 
3.000000 
3.000000 
5.000000 
5.000000 
9.500000 
9.500000 
5.000000 
5.000000 
6.519202 
6.519202 
5.000000 
5.000000 
4.031129 
4.031129 
5.000000 
5.000000 
1.414214 
1.414214 
5.000000 
5.000000 
5.024938 
5.024938 
5.000000 
5.000000 
4.031129 
4.031129 
5.000000 
5.000000 
16.507574 
16.507574 
5.000000 
5.000000 
2.000000 
2.000000 
0.000000 
0.000000 
5.000000 
5.000000 
2.549510 
2.549510 
17.029386 
17.029386 
5.000000 
5.000000 
1.000000 
1.000000 
5.700877 
5.700877 
5.000000 
5.000000 
3.162278 
3.162278 
4.527693 
4.527693 
5.000000 
5.000000 
20.056171 
20.056171 
20.506097 
20.506097 
5.000000 
5.000000 
3.041381 
3.041381 
20.506097 
20.506097 
3.640055 
3.640055 
9.552487 
9.552487 
3.640055 
3.640055 
2.236068 
2.236068 
25.578311 
25.578311 
10.049876 
10.049876 
1.118034 
1.118034 
3.000000 
3.000000 
9.552487 
9.552487 
3.500000 
3.500000 
1.118034 
1.118034 
3.500000 
3.500000 
1.118034 
1.118034 
3.500000 
3.500000 
0.500000 
0.500000 
3.500000 
3.500000 
0.500000 
0.500000 
3.500000 
3.500000 
0.500000 
0.500000 
3.500000 
3.500000 
0.500000 
0.500000 
3.500000 
3.500000 
0.500000 
0.500000 
3.500000 
3.500000 
0.500000 
0.500000 
0.000000 
0.000000 
3.500000 
3.500000 
0.500000 
0.500000 
1.414214 
1.414214 
3.500000 
3.500000 
0.500000 
0.500000 
22.022716 
22.022716 
3.500000 
3.500000 
0.500000 
0.500000 
2.692582 
2.692582 
3.500000 
3.500000 
0.500000 
0.500000 
3.535534 
3.535534 
3.500000 
3.500000 
0.500000 
0.500000 
2.236068 
2.236068 
3.500000 
3.500000 
0.500000 
0.500000 
2.236068 
2.236068 
3.500000 
3.500000 
0.500000 
0.500000 
2.236068 
2.236068 
0.500000 
0.500000 
