0.000000 
0.000000 
0.000000 
0.000000 
0.000000 
0.000000 
0.000000 
0.000000 
0.000000 
0.000000 
0.000000 
0.000000 
0.000000 
0.000000 
2.061553 
2.061553 
1.581139 
1.581139 
0.707107 
0.707107 
5.024938 
5.024938 
5.099020 
5.099020 
0.000000 
0.000000 
2.061553 
2.061553 
2.549510 
2.549510 
1.581139 
1.581139 
2.236068 
2.236068 
1.581139 
1.581139 
0.000000 
0.000000 
2.061553 
2.061553 
2.549510 
2.549510 
1.581139 
1.581139 
3.640055 
3.640055 
3.041381 
3.041381 
0.000000 
0.000000 
0.000000 
0.000000 
2.061553 
2.061553 
2.549510 
2.549510 
2.061553 
2.061553 
8.514693 
8.514693 
2.500000 
2.500000 
2.549510 
2.549510 
0.000000 
0.000000 
2.061553 
2.061553 
2.549510 
2.549510 
2.000000 
2.000000 
2.549510 
2.549510 
8.062258 
8.062258 
2.549510 
2.549510 
0.000000 
0.000000 
2.061553 
2.061553 
2.549510 
2.549510 
1.118034 
1.118034 
4.031129 
4.031129 
10.012492 
10.012492 
0.000000 
0.000000 
2.549510 
2.549510 
0.000000 
0.000000 
2.061553 
2.061553 
2.549510 
2.549510 
3.535534 
3.535534 
2.061553 
2.061553 
3.000000 
3.000000 
0.000000 
0.000000 
12.509996 
12.509996 
2.549510 
2.549510 
0.000000 
0.000000 
2.061553 
2.061553 
2.549510 
2.549510 
0.500000 
0.500000 
5.000000 
5.000000 
0.500000 
0.500000 
0.000000 
0.000000 
1.118034 
1.118034 
12.509996 
12.509996 
2.549510 
2.549510 
0.000000 
0.000000 
2.061553 
2.061553 
2.549510 
2.549510 
0.500000 
0.500000 
4.272002 
4.272002 
8.514693 
8.514693 
1.000000 
1.000000 
1.118034 
1.118034 
12.509996 
12.509996 
2.549510 
2.549510 
0.000000 
0.000000 
2.061553 
2.061553 
2.549510 
2.549510 
0.500000 
0.500000 
1.000000 
1.000000 
4.000000 
4.000000 
0.500000 
0.500000 
1.118034 
1.118034 
12.509996 
12.509996 
2.549510 
2.549510 
0.000000 
0.000000 
2.061553 
2.061553 
2.549510 
2.549510 
0.500000 
0.500000 
1.118034 
1.118034 
2.549510 
2.549510 
0.500000 
0.500000 
1.118034 
1.118034 
12.509996 
12.509996 
2.549510 
2.549510 
0.000000 
0.000000 
2.061553 
2.061553 
2.549510 
2.549510 
0.707107 
0.707107 
4.000000 
4.000000 
2.061553 
2.061553 
0.500000 
0.500000 
1.118034 
1.118034 
4.123106 
4.123106 
2.549510 
2.549510 
0.000000 
0.000000 
2.061553 
2.061553 
2.549510 
2.549510 
1.118034 
1.118034 
1.118034 
1.118034 
1.000000 
1.000000 
0.000000 
0.000000 
0.500000 
0.500000 
1.118034 
1.118034 
1.118034 
1.118034 
2.549510 
2.549510 
0.000000 
0.000000 
2.061553 
2.061553 
2.549510 
2.549510 
2.500000 
2.500000 
0.500000 
0.500000 
8.015610 
8.015610 
0.000000 
0.000000 
0.500000 
0.500000 
1.118034 
1.118034 
0.500000 
0.500000 
2.549510 
2.549510 
2.061553 
2.061553 
2.549510 
2.549510 
2.000000 
2.000000 
0.707107 
0.707107 
0.500000 
0.500000 
0.000000 
0.000000 
0.000000 
0.000000 
0.500000 
0.500000 
1.118034 
1.118034 
1.000000 
1.000000 
2.549510 
2.549510 
2.549510 
2.549510 
1.581139 
1.581139 
1.118034 
1.118034 
0.707107 
0.707107 
0.500000 
0.500000 
3.162278 
3.162278 
0.500000 
0.500000 
1.118034 
1.118034 
5.099020 
5.099020 
2.549510 
2.549510 
5.024938 
5.024938 
1.414214 
1.414214 
1.118034 
1.118034 
0.707107 
0.707107 
3.162278 
3.162278 
0.500000 
0.500000 
1.118034 
1.118034 
1.414214 
1.414214 
2.549510 
2.549510 
1.118034 
1.118034 
1.118034 
1.118034 
1.000000 
1.000000 
0.707107 
0.707107 
3.162278 
3.162278 
0.500000 
0.500000 
1.118034 
1.118034 
7.017834 
7.017834 
2.549510 
2.549510 
2.061553 
2.061553 
10.295630 
10.295630 
0.500000 
0.500000 
0.707107 
0.707107 
3.162278 
3.162278 
0.500000 
0.500000 
1.118034 
1.118034 
7.017834 
7.017834 
2.061553 
2.061553 
2.061553 
2.061553 
1.000000 
1.000000 
0.707107 
0.707107 
3.162278 
3.162278 
0.500000 
0.500000 
1.118034 
1.118034 
7.017834 
7.017834 
2.549510 
2.549510 
1.500000 
1.500000 
0.500000 
0.500000 
0.500000 
0.500000 
3.162278 
3.162278 
0.500000 
0.500000 
1.118034 
1.118034 
7.017834 
7.017834 
3.807887 
3.807887 
3.500000 
3.500000 
0.500000 
0.500000 
0.000000 
0.000000 
0.707107 
0.707107 
3.162278 
3.162278 
0.500000 
0.500000 
1.118034 
1.118034 
7.017834 
7.017834 
7.158911 
7.158911 
2.000000 
2.000000 
0.500000 
0.500000 
0.000000 
0.000000 
0.000000 
0.000000 
2.061553 
2.061553 
0.707107 
0.707107 
3.162278 
3.162278 
0.500000 
0.500000 
7.017834 
7.017834 
4.949747 
4.949747 
7.071068 
7.071068 
1.118034 
1.118034 
0.000000 
0.000000 
2.549510 
2.549510 
1.581139 
1.581139 
0.707107 
0.707107 
3.162278 
3.162278 
0.500000 
0.500000 
7.017834 
7.017834 
2.549510 
2.549510 
1.414214 
1.414214 
0.500000 
0.500000 
0.000000 
0.000000 
0.000000 
0.000000 
1.581139 
1.581139 
2.236068 
2.236068 
0.707107 
0.707107 
3.162278 
3.162278 
7.017834 
7.017834 
6.082763 
6.082763 
2.000000 
2.000000 
0.707107 
0.707107 
0.000000 
0.000000 
0.707107 
0.707107 
0.000000 
0.000000 
3.640055 
3.640055 
1.118034 
1.118034 
0.707107 
0.707107 
3.162278 
3.162278 
7.017834 
7.017834 
2.549510 
2.549510 
2.000000 
2.000000 
1.118034 
1.118034 
1.802776 
1.802776 
0.500000 
0.500000 
0.000000 
0.000000 
2.061553 
2.061553 
4.527693 
4.527693 
0.707107 
0.707107 
3.162278 
3.162278 
7.017834 
7.017834 
2.549510 
2.549510 
1.118034 
1.118034 
0.707107 
0.707107 
0.000000 
0.000000 
7.516648 
7.516648 
0.500000 
0.500000 
0.000000 
0.000000 
2.692582 
2.692582 
0.707107 
0.707107 
0.707107 
0.707107 
3.162278 
3.162278 
7.017834 
7.017834 
2.500000 
2.500000 
0.707107 
0.707107 
1.000000 
1.000000 
0.707107 
0.707107 
0.707107 
0.707107 
0.707107 
0.707107 
0.000000 
0.000000 
1.500000 
1.500000 
1.000000 
1.000000 
0.707107 
0.707107 
3.162278 
3.162278 
7.017834 
7.017834 
1.500000 
1.500000 
1.118034 
1.118034 
1.414214 
1.414214 
5.522681 
5.522681 
1.118034 
1.118034 
0.000000 
0.000000 
0.000000 
0.000000 
1.414214 
1.414214 
1.000000 
1.000000 
0.707107 
0.707107 
3.162278 
3.162278 
7.017834 
7.017834 
0.500000 
0.500000 
0.707107 
0.707107 
0.500000 
0.500000 
1.581139 
1.581139 
0.500000 
0.500000 
1.414214 
1.414214 
0.000000 
0.000000 
0.500000 
0.500000 
1.118034 
1.118034 
0.707107 
0.707107 
7.017834 
7.017834 
0.500000 
0.500000 
4.123106 
4.123106 
0.500000 
0.500000 
1.802776 
1.802776 
0.500000 
0.500000 
0.500000 
0.500000 
0.000000 
0.000000 
0.500000 
0.500000 
1.000000 
1.000000 
0.707107 
0.707107 
7.017834 
7.017834 
0.707107 
0.707107 
1.118034 
1.118034 
0.500000 
0.500000 
2.500000 
2.500000 
0.000000 
0.000000 
0.500000 
0.500000 
0.000000 
0.000000 
0.707107 
0.707107 
1.000000 
1.000000 
0.707107 
0.707107 
7.071068 
7.071068 
1.118034 
1.118034 
9.962429 
9.962429 
2.692582 
2.692582 
0.500000 
0.500000 
0.500000 
0.500000 
0.000000 
0.000000 
0.000000 
0.000000 
1.500000 
1.500000 
0.707107 
0.707107 
0.707107 
0.707107 
1.414214 
1.414214 
0.707107 
0.707107 
0.000000 
0.000000 
2.549510 
2.549510 
0.500000 
0.500000 
0.500000 
0.500000 
0.000000 
0.000000 
0.000000 
0.000000 
1.500000 
1.500000 
0.707107 
0.707107 
0.707107 
0.707107 
0.707107 
0.707107 
1.118034 
1.118034 
1.118034 
1.118034 
1.802776 
1.802776 
0.500000 
0.500000 
0.500000 
0.500000 
0.000000 
0.000000 
0.000000 
0.000000 
0.500000 
0.500000 
0.707107 
0.707107 
5.099020 
5.099020 
4.031129 
4.031129 
0.500000 
0.500000 
0.500000 
0.500000 
3.535534 
3.535534 
0.500000 
0.500000 
0.500000 
0.500000 
0.000000 
0.000000 
0.000000 
0.000000 
0.707107 
0.707107 
0.707107 
0.707107 
1.581139 
1.581139 
1.118034 
1.118034 
1.000000 
1.000000 
