0.000000 
0.000000 
0.000000 
0.000000 
10.606602 
10.606602 
2.061553 
2.061553 
3.807887 
3.807887 
2.061553 
2.061553 
8.631338 
8.631338 
2.061553 
2.061553 
1.500000 
1.500000 
1.581139 
1.581139 
2.121320 
2.121320 
0.500000 
0.500000 
2.549510 
2.549510 
2.000000 
2.000000 
1.414214 
1.414214 
3.000000 
3.000000 
0.000000 
0.000000 
3.041381 
3.041381 
9.617692 
9.617692 
3.535534 
3.535534 
0.500000 
0.500000 
2.061553 
2.061553 
4.301163 
4.301163 
16.500000 
16.500000 
4.301163 
4.301163 
6.519202 
6.519202 
4.301163 
4.301163 
4.000000 
4.000000 
4.301163 
4.301163 
11.045361 
11.045361 
4.301163 
4.301163 
2.061553 
2.061553 
0.000000 
0.000000 
4.301163 
4.301163 
0.707107 
0.707107 
1.581139 
1.581139 
4.301163 
4.301163 
2.549510 
2.549510 
2.061553 
2.061553 
4.301163 
4.301163 
1.581139 
1.581139 
5.522681 
5.522681 
4.301163 
4.301163 
1.118034 
1.118034 
1.581139 
1.581139 
4.301163 
4.301163 
1.581139 
1.581139 
2.061553 
2.061553 
4.301163 
4.301163 
1.581139 
1.581139 
1.414214 
1.414214 
4.301163 
4.301163 
1.414214 
1.414214 
6.519202 
6.519202 
4.301163 
4.301163 
1.414214 
1.414214 
0.707107 
0.707107 
4.301163 
4.301163 
1.414214 
1.414214 
0.707107 
0.707107 
4.301163 
4.301163 
15.008331 
15.008331 
0.707107 
0.707107 
2.236068 
2.236068 
0.707107 
0.707107 
1.118034 
1.118034 
0.707107 
0.707107 
1.581139 
1.581139 
0.707107 
0.707107 
0.500000 
0.500000 
0.707107 
0.707107 
3.000000 
3.000000 
0.707107 
0.707107 
1.500000 
1.500000 
0.707107 
0.707107 
3.640055 
3.640055 
0.707107 
0.707107 
2.000000 
2.000000 
0.707107 
0.707107 
12.041595 
12.041595 
0.707107 
0.707107 
2.061553 
2.061553 
0.707107 
0.707107 
3.605551 
3.605551 
0.707107 
0.707107 
3.041381 
3.041381 
0.707107 
0.707107 
14.807093 
14.807093 
