0.000000 
0.000000 
1.500000 
1.500000 
2.549510 
2.549510 
2.549510 
2.549510 
2.692582 
2.692582 
1.000000 
1.000000 
0.707107 
0.707107 
0.000000 
0.000000 
2.549510 
2.549510 
0.000000 
0.000000 
12.539936 
12.539936 
22.505555 
22.505555 
2.692582 
2.692582 
0.707107 
0.707107 
1.414214 
1.414214 
1.802776 
1.802776 
1.000000 
1.000000 
1.500000 
1.500000 
3.041381 
3.041381 
1.118034 
1.118034 
7.071068 
7.071068 
4.031129 
4.031129 
1.581139 
1.581139 
2.236068 
2.236068 
4.031129 
4.031129 
0.500000 
0.500000 
3.535534 
3.535534 
2.500000 
2.500000 
0.707107 
0.707107 
3.605551 
3.605551 
12.500000 
12.500000 
1.500000 
1.500000 
12.093387 
12.093387 
11.000000 
11.000000 
1.414214 
1.414214 
12.509996 
12.509996 
0.707107 
0.707107 
0.500000 
0.500000 
0.500000 
0.500000 
0.707107 
0.707107 
0.500000 
0.500000 
1.802776 
1.802776 
0.707107 
0.707107 
0.500000 
0.500000 
0.707107 
0.707107 
0.707107 
0.707107 
3.500000 
3.500000 
4.031129 
4.031129 
4.472136 
4.472136 
4.000000 
4.000000 
4.123106 
4.123106 
4.472136 
4.472136 
4.000000 
4.000000 
3.640055 
3.640055 
4.472136 
4.472136 
2.061553 
2.061553 
13.009612 
13.009612 
0.000000 
0.000000 
4.472136 
4.472136 
1.581139 
1.581139 
0.000000 
0.000000 
8.631338 
8.631338 
4.472136 
4.472136 
1.500000 
1.500000 
0.707107 
0.707107 
0.500000 
0.500000 
4.472136 
4.472136 
1.500000 
1.500000 
2.061553 
2.061553 
10.404326 
10.404326 
4.472136 
4.472136 
6.000000 
6.000000 
2.000000 
2.000000 
0.000000 
0.000000 
8.558621 
8.558621 
4.472136 
4.472136 
0.707107 
0.707107 
1.581139 
1.581139 
2.692582 
2.692582 
1.000000 
1.000000 
4.472136 
4.472136 
2.549510 
2.549510 
1.118034 
1.118034 
1.118034 
1.118034 
1.118034 
1.118034 
4.472136 
4.472136 
1.000000 
1.000000 
1.000000 
1.000000 
16.530275 
16.530275 
0.707107 
0.707107 
4.472136 
4.472136 
3.000000 
3.000000 
14.508618 
14.508618 
0.500000 
0.500000 
1.118034 
1.118034 
4.472136 
4.472136 
2.000000 
2.000000 
2.000000 
2.000000 
0.500000 
0.500000 
0.000000 
0.000000 
4.472136 
4.472136 
3.041381 
3.041381 
1.500000 
1.500000 
1.118034 
1.118034 
0.500000 
0.500000 
4.472136 
4.472136 
2.500000 
2.500000 
0.707107 
0.707107 
16.500000 
16.500000 
1.000000 
1.000000 
4.472136 
4.472136 
1.581139 
1.581139 
20.024984 
20.024984 
15.508062 
15.508062 
0.000000 
0.000000 
0.500000 
0.500000 
20.006249 
20.006249 
17.066048 
17.066048 
0.000000 
0.000000 
0.707107 
0.707107 
19.006578 
19.006578 
1.118034 
1.118034 
1.414214 
1.414214 
1.581139 
1.581139 
1.118034 
1.118034 
