0.000000 
0.000000 
0.000000 
0.000000 
1.581139 
1.581139 
2.236068 
2.236068 
30.265492 
30.265492 
7.158911 
7.158911 
1.581139 
1.581139 
6.020797 
6.020797 
1.118034 
1.118034 
1.802776 
1.802776 
2.915476 
2.915476 
1.000000 
1.000000 
0.000000 
0.000000 
0.000000 
0.000000 
2.915476 
2.915476 
1.000000 
1.000000 
1.414214 
1.414214 
2.061553 
2.061553 
2.915476 
2.915476 
1.118034 
1.118034 
1.000000 
1.000000 
8.631338 
8.631338 
2.915476 
2.915476 
1.118034 
1.118034 
5.522681 
5.522681 
1.802776 
1.802776 
2.915476 
2.915476 
0.707107 
0.707107 
5.522681 
5.522681 
1.000000 
1.000000 
2.915476 
2.915476 
0.707107 
0.707107 
5.522681 
5.522681 
1.000000 
1.000000 
2.915476 
2.915476 
7.648529 
7.648529 
5.522681 
5.522681 
1.000000 
1.000000 
2.915476 
2.915476 
1.118034 
1.118034 
5.522681 
5.522681 
1.000000 
1.000000 
2.915476 
2.915476 
7.017834 
7.017834 
5.522681 
5.522681 
1.000000 
1.000000 
16.278821 
16.278821 
6.082763 
6.082763 
5.522681 
5.522681 
1.000000 
1.000000 
4.031129 
4.031129 
9.013878 
9.013878 
5.522681 
5.522681 
1.000000 
1.000000 
1.000000 
1.000000 
9.513149 
9.513149 
5.522681 
5.522681 
1.000000 
1.000000 
13.200379 
13.200379 
1.500000 
1.500000 
5.522681 
5.522681 
1.000000 
1.000000 
1.118034 
1.118034 
2.236068 
2.236068 
5.522681 
5.522681 
1.000000 
1.000000 
5.000000 
5.000000 
3.354102 
3.354102 
5.522681 
5.522681 
1.000000 
1.000000 
6.082763 
6.082763 
9.617692 
9.617692 
5.522681 
5.522681 
1.000000 
1.000000 
21.000000 
21.000000 
3.162278 
3.162278 
5.522681 
5.522681 
1.000000 
1.000000 
3.201562 
3.201562 
2.692582 
2.692582 
0.000000 
0.000000 
5.522681 
5.522681 
1.000000 
1.000000 
1.500000 
1.500000 
0.500000 
0.500000 
1.118034 
1.118034 
1.000000 
1.000000 
1.500000 
1.500000 
0.707107 
0.707107 
1.581139 
1.581139 
1.802776 
1.802776 
0.707107 
0.707107 
1.000000 
1.000000 
2.500000 
2.500000 
2.061553 
2.061553 
1.118034 
1.118034 
19.500000 
19.500000 
1.000000 
1.000000 
2.500000 
2.500000 
2.692582 
2.692582 
1.581139 
1.581139 
2.236068 
2.236068 
1.118034 
1.118034 
1.500000 
1.500000 
2.500000 
2.500000 
12.000000 
12.000000 
5.590170 
5.590170 
1.802776 
1.802776 
13.583078 
13.583078 
0.000000 
0.000000 
2.236068 
2.236068 
3.807887 
3.807887 
0.707107 
0.707107 
2.236068 
2.236068 
3.905125 
3.905125 
1.118034 
1.118034 
0.707107 
0.707107 
23.162470 
23.162470 
1.802776 
1.802776 
2.061553 
2.061553 
4.242641 
4.242641 
1.802776 
1.802776 
3.162278 
3.162278 
4.242641 
4.242641 
0.707107 
0.707107 
0.707107 
0.707107 
4.242641 
4.242641 
2.549510 
2.549510 
3.500000 
3.500000 
4.242641 
4.242641 
0.707107 
0.707107 
