0.000000 
0.000000 
4.272002 
4.272002 
4.609772 
4.609772 
5.700877 
5.700877 
5.700877 
5.700877 
5.700877 
5.700877 
0.000000 
0.000000 
5.700877 
5.700877 
24.824383 
24.824383 
5.700877 
5.700877 
3.000000 
3.000000 
5.700877 
5.700877 
17.564168 
17.564168 
5.700877 
5.700877 
3.640055 
3.640055 
5.700877 
5.700877 
0.000000 
0.000000 
0.000000 
0.000000 
5.700877 
5.700877 
4.031129 
4.031129 
0.707107 
0.707107 
5.700877 
5.700877 
2.692582 
2.692582 
3.041381 
3.041381 
5.700877 
5.700877 
2.692582 
2.692582 
13.000000 
13.000000 
5.700877 
5.700877 
2.692582 
2.692582 
1.000000 
1.000000 
5.700877 
5.700877 
2.692582 
2.692582 
2.500000 
2.500000 
5.700877 
5.700877 
20.597330 
20.597330 
2.500000 
2.500000 
5.700877 
5.700877 
3.500000 
3.500000 
0.707107 
0.707107 
4.527693 
4.527693 
1.000000 
1.000000 
3.201562 
3.201562 
1.581139 
1.581139 
4.123106 
4.123106 
4.272002 
4.272002 
6.576473 
6.576473 
4.123106 
4.123106 
3.605551 
3.605551 
2.000000 
2.000000 
2.915476 
2.915476 
2.692582 
2.692582 
3.162278 
3.162278 
3.162278 
3.162278 
1.500000 
1.500000 
1.581139 
1.581139 
3.162278 
3.162278 
2.549510 
2.549510 
9.300538 
9.300538 
0.707107 
0.707107 
2.121320 
2.121320 
19.500000 
19.500000 
2.121320 
2.121320 
1.000000 
1.000000 
2.121320 
2.121320 
1.581139 
1.581139 
2.121320 
2.121320 
0.500000 
0.500000 
2.121320 
2.121320 
3.162278 
3.162278 
2.121320 
2.121320 
1.500000 
1.500000 
2.121320 
2.121320 
3.640055 
3.640055 
2.121320 
2.121320 
2.500000 
2.500000 
2.121320 
2.121320 
18.741665 
18.741665 
2.121320 
2.121320 
0.500000 
0.500000 
