0.000000 
0.000000 
0.000000 
0.000000 
1.802776 
1.802776 
9.513149 
9.513149 
4.527693 
4.527693 
21.005952 
21.005952 
5.000000 
5.000000 
3.500000 
3.500000 
14.534442 
14.534442 
2.500000 
2.500000 
2.061553 
2.061553 
3.041381 
3.041381 
1.581139 
1.581139 
1.414214 
1.414214 
3.640055 
3.640055 
7.516648 
7.516648 
4.301163 
4.301163 
1.000000 
1.000000 
3.905125 
3.905125 
1.118034 
1.118034 
3.905125 
3.905125 
19.525624 
19.525624 
3.905125 
3.905125 
2.500000 
2.500000 
3.905125 
3.905125 
2.692582 
2.692582 
3.905125 
3.905125 
1.414214 
1.414214 
3.905125 
3.905125 
2.236068 
2.236068 
0.000000 
0.000000 
0.000000 
0.000000 
3.905125 
3.905125 
2.000000 
2.000000 
12.041595 
12.041595 
1.581139 
1.581139 
3.905125 
3.905125 
2.000000 
2.000000 
15.297059 
15.297059 
2.000000 
2.000000 
3.905125 
3.905125 
9.500000 
9.500000 
2.915476 
2.915476 
0.500000 
0.500000 
3.905125 
3.905125 
4.031129 
4.031129 
2.061553 
2.061553 
0.707107 
0.707107 
3.905125 
3.905125 
2.061553 
2.061553 
0.000000 
0.000000 
1.118034 
1.118034 
3.905125 
3.905125 
8.500000 
8.500000 
2.236068 
2.236068 
1.500000 
1.500000 
3.905125 
3.905125 
8.500000 
8.500000 
2.236068 
2.236068 
1.118034 
1.118034 
3.905125 
3.905125 
8.500000 
8.500000 
2.692582 
2.692582 
0.707107 
0.707107 
3.905125 
3.905125 
8.500000 
8.500000 
2.549510 
2.549510 
0.707107 
0.707107 
8.500000 
8.500000 
1.802776 
1.802776 
15.890249 
15.890249 
8.500000 
8.500000 
0.000000 
0.000000 
2.236068 
2.236068 
2.549510 
2.549510 
8.500000 
8.500000 
0.000000 
0.000000 
3.162278 
3.162278 
5.147815 
5.147815 
2.549510 
2.549510 
8.500000 
8.500000 
1.581139 
1.581139 
2.061553 
2.061553 
5.220153 
5.220153 
2.549510 
2.549510 
8.500000 
8.500000 
1.414214 
1.414214 
2.000000 
2.000000 
0.000000 
0.000000 
2.549510 
2.549510 
8.500000 
8.500000 
1.581139 
1.581139 
4.609772 
4.609772 
1.118034 
1.118034 
2.549510 
2.549510 
8.500000 
8.500000 
4.472136 
4.472136 
2.549510 
2.549510 
1.581139 
1.581139 
2.549510 
2.549510 
8.500000 
8.500000 
4.301163 
4.301163 
2.549510 
2.549510 
1.500000 
1.500000 
2.549510 
2.549510 
8.500000 
8.500000 
2.915476 
2.915476 
1.500000 
1.500000 
1.000000 
1.000000 
2.549510 
2.549510 
8.500000 
8.500000 
1.118034 
1.118034 
0.707107 
0.707107 
1.118034 
1.118034 
2.549510 
2.549510 
8.500000 
8.500000 
1.414214 
1.414214 
0.500000 
0.500000 
0.707107 
0.707107 
2.549510 
2.549510 
2.915476 
2.915476 
6.184658 
6.184658 
0.707107 
0.707107 
2.549510 
2.549510 
9.617692 
9.617692 
0.707107 
0.707107 
0.000000 
0.000000 
2.549510 
2.549510 
3.000000 
3.000000 
0.000000 
0.000000 
0.000000 
0.000000 
2.549510 
2.549510 
