0.000000 
0.000000 
0.000000 
0.000000 
0.000000 
0.000000 
7.516648 
7.516648 
1.581139 
1.581139 
0.500000 
0.500000 
0.707107 
0.707107 
1.118034 
1.118034 
0.500000 
0.500000 
1.000000 
1.000000 
1.118034 
1.118034 
0.500000 
0.500000 
0.500000 
0.500000 
1.500000 
1.500000 
0.000000 
0.000000 
1.581139 
1.581139 
2.236068 
2.236068 
1.118034 
1.118034 
0.707107 
0.707107 
8.062258 
8.062258 
1.500000 
1.500000 
1.581139 
1.581139 
2.236068 
2.236068 
2.061553 
2.061553 
2.236068 
2.236068 
2.549510 
2.549510 
1.414214 
1.414214 
3.535534 
3.535534 
6.020797 
6.020797 
4.527693 
4.527693 
5.590170 
5.590170 
5.099020 
5.099020 
2.549510 
2.549510 
4.031129 
4.031129 
4.609772 
4.609772 
2.549510 
2.549510 
3.162278 
3.162278 
6.800735 
6.800735 
2.061553 
2.061553 
10.920165 
10.920165 
0.500000 
0.500000 
1.500000 
1.500000 
0.500000 
0.500000 
1.581139 
1.581139 
1.000000 
1.000000 
1.000000 
1.000000 
1.118034 
1.118034 
2.236068 
2.236068 
9.617692 
9.617692 
0.707107 
0.707107 
5.147815 
5.147815 
0.500000 
0.500000 
0.707107 
0.707107 
2.549510 
2.549510 
1.500000 
1.500000 
0.500000 
0.500000 
7.017834 
7.017834 
3.041381 
3.041381 
1.581139 
1.581139 
3.500000 
3.500000 
3.500000 
3.500000 
7.615773 
7.615773 
3.535534 
3.535534 
3.640055 
3.640055 
1.000000 
1.000000 
8.015610 
8.015610 
2.692582 
2.692582 
0.707107 
0.707107 
3.535534 
3.535534 
0.000000 
0.000000 
2.061553 
2.061553 
6.000000 
6.000000 
3.162278 
3.162278 
0.000000 
0.000000 
17.066048 
17.066048 
3.535534 
3.535534 
9.055385 
9.055385 
0.000000 
0.000000 
3.535534 
3.535534 
3.500000 
3.500000 
3.354102 
3.354102 
0.000000 
0.000000 
3.041381 
3.041381 
3.000000 
3.000000 
2.692582 
2.692582 
0.000000 
0.000000 
0.000000 
0.000000 
1.581139 
1.581139 
4.031129 
4.031129 
0.000000 
0.000000 
1.000000 
1.000000 
1.414214 
1.414214 
0.500000 
0.500000 
0.000000 
0.000000 
0.000000 
0.000000 
0.707107 
0.707107 
0.707107 
0.707107 
1.118034 
1.118034 
0.000000 
0.000000 
0.000000 
0.000000 
2.500000 
2.500000 
5.000000 
5.000000 
0.500000 
0.500000 
0.000000 
0.000000 
0.000000 
0.000000 
1.581139 
1.581139 
3.000000 
3.000000 
1.000000 
1.000000 
0.000000 
0.000000 
0.000000 
0.000000 
1.118034 
1.118034 
3.041381 
3.041381 
0.707107 
0.707107 
0.000000 
0.000000 
0.000000 
0.000000 
1.581139 
1.581139 
8.062258 
8.062258 
4.031129 
4.031129 
0.000000 
0.000000 
0.000000 
0.000000 
2.061553 
2.061553 
2.061553 
2.061553 
1.414214 
1.414214 
0.000000 
0.000000 
0.000000 
0.000000 
2.692582 
2.692582 
3.041381 
3.041381 
1.118034 
1.118034 
0.000000 
0.000000 
0.000000 
0.000000 
2.236068 
2.236068 
3.000000 
3.000000 
1.414214 
1.414214 
0.000000 
0.000000 
0.000000 
0.000000 
2.549510 
2.549510 
6.576473 
6.576473 
1.802776 
1.802776 
0.000000 
0.000000 
1.414214 
1.414214 
2.549510 
2.549510 
1.581139 
1.581139 
