0.000000 
0.000000 
0.000000 
0.000000 
2.692582 
2.692582 
2.061553 
2.061553 
1.802776 
1.802776 
1.118034 
1.118034 
23.086793 
23.086793 
6.519202 
6.519202 
3.041381 
3.041381 
2.692582 
2.692582 
3.905125 
3.905125 
1.000000 
1.000000 
2.236068 
2.236068 
1.118034 
1.118034 
3.162278 
3.162278 
0.000000 
0.000000 
3.605551 
3.605551 
2.500000 
2.500000 
2.236068 
2.236068 
0.500000 
0.500000 
1.000000 
1.000000 
3.041381 
3.041381 
1.000000 
1.000000 
4.272002 
4.272002 
1.118034 
1.118034 
4.272002 
4.272002 
0.000000 
0.000000 
1.118034 
1.118034 
4.272002 
4.272002 
0.000000 
0.000000 
6.000000 
6.000000 
1.118034 
1.118034 
4.272002 
4.272002 
0.000000 
0.000000 
6.000000 
6.000000 
1.118034 
1.118034 
4.272002 
4.272002 
0.000000 
0.000000 
6.000000 
6.000000 
1.118034 
1.118034 
1.000000 
1.000000 
0.000000 
0.000000 
6.000000 
6.000000 
1.118034 
1.118034 
14.430870 
14.430870 
0.000000 
0.000000 
6.000000 
6.000000 
1.118034 
1.118034 
14.430870 
14.430870 
0.000000 
0.000000 
6.000000 
6.000000 
1.118034 
1.118034 
1.581139 
1.581139 
0.000000 
0.000000 
6.000000 
6.000000 
1.118034 
1.118034 
1.118034 
1.118034 
0.000000 
0.000000 
6.000000 
6.000000 
1.118034 
1.118034 
0.500000 
0.500000 
0.000000 
0.000000 
6.000000 
6.000000 
1.118034 
1.118034 
0.500000 
0.500000 
0.000000 
0.000000 
6.000000 
6.000000 
1.118034 
1.118034 
27.294688 
27.294688 
0.000000 
0.000000 
6.000000 
6.000000 
1.118034 
1.118034 
2.061553 
2.061553 
0.000000 
0.000000 
6.000000 
6.000000 
1.118034 
1.118034 
4.000000 
4.000000 
0.000000 
0.000000 
6.000000 
6.000000 
1.118034 
1.118034 
21.148286 
21.148286 
0.000000 
0.000000 
6.000000 
6.000000 
22.005681 
22.005681 
0.000000 
0.000000 
0.000000 
0.000000 
6.000000 
6.000000 
5.024938 
5.024938 
2.549510 
2.549510 
5.500000 
5.500000 
2.061553 
2.061553 
1.414214 
1.414214 
1.118034 
1.118034 
1.500000 
1.500000 
3.041381 
3.041381 
3.535534 
3.535534 
6.576473 
6.576473 
6.519202 
6.519202 
3.041381 
3.041381 
2.061553 
2.061553 
2.121320 
2.121320 
1.500000 
1.500000 
0.000000 
0.000000 
1.581139 
1.581139 
1.000000 
1.000000 
3.162278 
3.162278 
2.500000 
2.500000 
0.707107 
0.707107 
2.236068 
2.236068 
2.236068 
2.236068 
0.500000 
0.500000 
