0.000000 
0.000000 
0.000000 
0.000000 
0.000000 
0.000000 
0.000000 
0.000000 
0.000000 
0.000000 
0.000000 
0.000000 
0.000000 
0.000000 
0.707107 
0.707107 
0.000000 
0.000000 
0.000000 
0.000000 
0.000000 
0.000000 
0.000000 
0.000000 
3.354102 
3.354102 
1.581139 
1.581139 
2.236068 
2.236068 
0.000000 
0.000000 
0.000000 
0.000000 
0.000000 
0.000000 
1.118034 
1.118034 
1.802776 
1.802776 
12.658989 
12.658989 
1.118034 
1.118034 
0.000000 
0.000000 
0.000000 
0.000000 
0.000000 
0.000000 
0.500000 
0.500000 
0.707107 
0.707107 
8.000000 
8.000000 
0.500000 
0.500000 
0.000000 
0.000000 
0.000000 
0.000000 
0.000000 
0.000000 
0.500000 
0.500000 
1.414214 
1.414214 
0.000000 
0.000000 
2.236068 
2.236068 
0.707107 
0.707107 
0.000000 
0.000000 
0.000000 
0.000000 
0.000000 
0.000000 
1.000000 
1.000000 
8.077747 
8.077747 
0.707107 
0.707107 
2.549510 
2.549510 
0.707107 
0.707107 
0.000000 
0.000000 
0.000000 
0.000000 
0.000000 
0.000000 
0.500000 
0.500000 
1.581139 
1.581139 
1.581139 
1.581139 
2.236068 
2.236068 
0.707107 
0.707107 
0.000000 
0.000000 
0.000000 
0.000000 
0.000000 
0.000000 
4.123106 
4.123106 
0.000000 
0.000000 
1.118034 
1.118034 
1.581139 
1.581139 
0.707107 
0.707107 
0.000000 
0.000000 
0.000000 
0.000000 
0.000000 
0.000000 
4.743416 
4.743416 
1.500000 
1.500000 
0.707107 
0.707107 
4.500000 
4.500000 
0.707107 
0.707107 
0.000000 
0.000000 
0.000000 
0.000000 
0.000000 
0.000000 
2.692582 
2.692582 
4.031129 
4.031129 
1.118034 
1.118034 
1.000000 
1.000000 
0.707107 
0.707107 
0.000000 
0.000000 
0.000000 
0.000000 
0.000000 
0.000000 
2.915476 
2.915476 
7.566373 
7.566373 
2.061553 
2.061553 
2.061553 
2.061553 
0.707107 
0.707107 
0.000000 
0.000000 
0.000000 
0.000000 
0.000000 
0.000000 
2.236068 
2.236068 
1.000000 
1.000000 
2.061553 
2.061553 
1.581139 
1.581139 
0.707107 
0.707107 
0.000000 
0.000000 
0.000000 
0.000000 
0.000000 
0.000000 
2.915476 
2.915476 
0.500000 
0.500000 
0.000000 
0.000000 
0.707107 
0.707107 
2.000000 
2.000000 
0.707107 
0.707107 
0.000000 
0.000000 
0.000000 
0.000000 
0.000000 
0.000000 
9.000000 
9.000000 
1.118034 
1.118034 
1.118034 
1.118034 
6.020797 
6.020797 
1.802776 
1.802776 
0.707107 
0.707107 
0.000000 
0.000000 
0.000000 
0.000000 
0.000000 
0.000000 
1.414214 
1.414214 
1.118034 
1.118034 
0.707107 
0.707107 
5.590170 
5.590170 
5.220153 
5.220153 
0.707107 
0.707107 
1.414214 
1.414214 
1.802776 
1.802776 
0.500000 
0.500000 
5.522681 
5.522681 
1.581139 
1.581139 
0.707107 
0.707107 
1.581139 
1.581139 
1.581139 
1.581139 
0.707107 
0.707107 
6.519202 
6.519202 
2.500000 
2.500000 
0.707107 
0.707107 
1.118034 
1.118034 
1.414214 
1.414214 
0.000000 
0.000000 
7.071068 
7.071068 
2.549510 
2.549510 
0.707107 
0.707107 
1.118034 
1.118034 
1.118034 
1.118034 
0.500000 
0.500000 
5.590170 
5.590170 
2.549510 
2.549510 
0.707107 
0.707107 
0.500000 
0.500000 
0.707107 
0.707107 
0.500000 
0.500000 
1.118034 
1.118034 
5.522681 
5.522681 
0.500000 
0.500000 
0.000000 
0.000000 
0.000000 
0.000000 
0.500000 
0.500000 
2.549510 
2.549510 
0.000000 
0.000000 
0.000000 
0.000000 
0.000000 
0.000000 
0.000000 
0.000000 
1.000000 
1.000000 
0.707107 
0.707107 
3.000000 
3.000000 
1.118034 
1.118034 
1.414214 
1.414214 
5.024938 
5.024938 
0.000000 
0.000000 
1.118034 
1.118034 
1.581139 
1.581139 
2.500000 
2.500000 
1.118034 
1.118034 
1.581139 
1.581139 
0.000000 
0.000000 
1.118034 
1.118034 
0.000000 
0.000000 
0.500000 
0.500000 
7.017834 
7.017834 
1.118034 
1.118034 
1.118034 
1.118034 
0.500000 
0.500000 
0.500000 
0.500000 
0.500000 
0.500000 
2.061553 
2.061553 
2.500000 
2.500000 
1.118034 
1.118034 
2.061553 
2.061553 
0.707107 
0.707107 
1.118034 
1.118034 
0.707107 
0.707107 
1.802776 
1.802776 
3.041381 
3.041381 
1.118034 
1.118034 
0.500000 
0.500000 
0.707107 
0.707107 
1.118034 
1.118034 
3.041381 
3.041381 
0.500000 
0.500000 
2.000000 
2.000000 
1.118034 
1.118034 
1.414214 
1.414214 
0.500000 
0.500000 
0.707107 
0.707107 
0.500000 
0.500000 
0.500000 
0.500000 
6.020797 
6.020797 
1.118034 
1.118034 
4.527693 
4.527693 
0.000000 
0.000000 
0.707107 
0.707107 
0.000000 
0.000000 
1.118034 
1.118034 
2.500000 
2.500000 
1.118034 
1.118034 
0.500000 
0.500000 
0.000000 
0.000000 
0.707107 
0.707107 
1.000000 
1.000000 
1.802776 
1.802776 
3.041381 
3.041381 
1.118034 
1.118034 
1.118034 
1.118034 
0.707107 
0.707107 
0.707107 
0.707107 
0.000000 
0.000000 
1.581139 
1.581139 
3.605551 
3.605551 
1.118034 
1.118034 
9.500000 
9.500000 
0.000000 
0.000000 
5.522681 
5.522681 
0.707107 
0.707107 
0.500000 
0.500000 
1.581139 
1.581139 
1.500000 
1.500000 
1.118034 
1.118034 
0.707107 
0.707107 
0.000000 
0.000000 
0.500000 
0.500000 
0.707107 
0.707107 
0.707107 
0.707107 
0.500000 
0.500000 
0.500000 
0.500000 
3.535534 
3.535534 
1.118034 
1.118034 
0.000000 
0.000000 
0.000000 
0.000000 
1.118034 
1.118034 
0.000000 
0.000000 
0.707107 
0.707107 
0.500000 
0.500000 
1.118034 
1.118034 
1.118034 
1.118034 
1.118034 
1.118034 
0.500000 
0.500000 
0.000000 
0.000000 
1.118034 
1.118034 
1.000000 
1.000000 
0.707107 
0.707107 
0.707107 
0.707107 
2.121320 
2.121320 
0.500000 
0.500000 
1.118034 
1.118034 
0.500000 
0.500000 
0.000000 
0.000000 
1.118034 
1.118034 
1.000000 
1.000000 
0.707107 
0.707107 
0.000000 
0.000000 
2.000000 
2.000000 
1.118034 
1.118034 
1.118034 
1.118034 
0.000000 
0.000000 
0.000000 
0.000000 
1.118034 
1.118034 
1.118034 
1.118034 
0.707107 
0.707107 
0.707107 
0.707107 
2.061553 
2.061553 
1.000000 
1.000000 
1.118034 
1.118034 
1.581139 
1.581139 
0.000000 
0.000000 
1.118034 
1.118034 
0.500000 
0.500000 
0.707107 
0.707107 
0.707107 
0.707107 
1.118034 
1.118034 
1.581139 
1.581139 
0.500000 
0.500000 
