0.000000 
0.000000 
0.000000 
0.000000 
6.020797 
6.020797 
2.121320 
2.121320 
3.000000 
3.000000 
1.118034 
1.118034 
4.000000 
4.000000 
0.000000 
0.000000 
2.000000 
2.000000 
18.027756 
18.027756 
10.606602 
10.606602 
5.385165 
5.385165 
10.606602 
10.606602 
25.894015 
25.894015 
10.606602 
10.606602 
3.535534 
3.535534 
10.606602 
10.606602 
4.031129 
4.031129 
10.606602 
10.606602 
1.581139 
1.581139 
10.606602 
10.606602 
1.802776 
1.802776 
10.606602 
10.606602 
3.807887 
3.807887 
10.606602 
10.606602 
4.472136 
4.472136 
10.606602 
10.606602 
3.201562 
3.201562 
0.000000 
0.000000 
10.606602 
10.606602 
22.588714 
22.588714 
2.236068 
2.236068 
10.606602 
10.606602 
2.236068 
2.236068 
0.000000 
0.000000 
1.802776 
1.802776 
10.606602 
10.606602 
3.640055 
3.640055 
5.220153 
5.220153 
3.605551 
3.605551 
10.606602 
10.606602 
1.118034 
1.118034 
6.020797 
6.020797 
1.118034 
1.118034 
10.606602 
10.606602 
2.549510 
2.549510 
15.033296 
15.033296 
1.118034 
1.118034 
10.606602 
10.606602 
4.500000 
4.500000 
7.778175 
7.778175 
1.000000 
1.000000 
2.061553 
2.061553 
9.552487 
9.552487 
1.581139 
1.581139 
1.000000 
1.000000 
3.041381 
3.041381 
0.500000 
0.500000 
3.807887 
3.807887 
10.111874 
10.111874 
2.500000 
2.500000 
3.605551 
3.605551 
10.111874 
10.111874 
28.504386 
28.504386 
3.605551 
3.605551 
10.111874 
10.111874 
30.016662 
30.016662 
5.700877 
5.700877 
10.111874 
10.111874 
4.123106 
4.123106 
3.354102 
3.354102 
10.111874 
10.111874 
14.713939 
14.713939 
1.118034 
1.118034 
10.111874 
10.111874 
0.707107 
0.707107 
21.053503 
21.053503 
10.111874 
10.111874 
12.041595 
12.041595 
3.500000 
3.500000 
10.111874 
10.111874 
4.123106 
4.123106 
5.590170 
5.590170 
10.111874 
10.111874 
1.000000 
1.000000 
15.041609 
15.041609 
10.111874 
10.111874 
3.162278 
3.162278 
5.000000 
5.000000 
10.111874 
10.111874 
5.099020 
5.099020 
3.041381 
3.041381 
10.111874 
10.111874 
4.123106 
4.123106 
3.041381 
3.041381 
10.111874 
10.111874 
2.915476 
2.915476 
3.041381 
3.041381 
10.111874 
10.111874 
2.915476 
2.915476 
2.549510 
2.549510 
10.111874 
10.111874 
2.915476 
2.915476 
4.000000 
4.000000 
2.915476 
2.915476 
0.707107 
0.707107 
