0.000000 
0.000000 
0.000000 
0.000000 
0.000000 
0.000000 
1.118034 
1.118034 
1.000000 
1.000000 
1.500000 
1.500000 
6.519202 
6.519202 
1.000000 
1.000000 
9.124144 
9.124144 
1.500000 
1.500000 
33.500000 
33.500000 
3.201562 
3.201562 
1.581139 
1.581139 
1.802776 
1.802776 
2.828427 
2.828427 
0.000000 
0.000000 
1.118034 
1.118034 
1.802776 
1.802776 
2.236068 
2.236068 
1.118034 
1.118034 
1.118034 
1.118034 
1.802776 
1.802776 
0.707107 
0.707107 
1.802776 
1.802776 
1.118034 
1.118034 
1.802776 
1.802776 
1.118034 
1.118034 
2.121320 
2.121320 
1.118034 
1.118034 
1.802776 
1.802776 
0.707107 
0.707107 
1.118034 
1.118034 
1.118034 
1.118034 
1.802776 
1.802776 
0.500000 
0.500000 
0.000000 
0.000000 
1.000000 
1.000000 
1.118034 
1.118034 
1.802776 
1.802776 
2.121320 
2.121320 
1.581139 
1.581139 
1.000000 
1.000000 
1.118034 
1.118034 
1.802776 
1.802776 
1.802776 
1.802776 
2.549510 
2.549510 
1.118034 
1.118034 
1.118034 
1.118034 
1.802776 
1.802776 
15.008331 
15.008331 
1.581139 
1.581139 
14.713939 
14.713939 
1.118034 
1.118034 
1.802776 
1.802776 
3.640055 
3.640055 
1.414214 
1.414214 
1.118034 
1.118034 
1.118034 
1.118034 
1.802776 
1.802776 
4.031129 
4.031129 
2.061553 
2.061553 
0.707107 
0.707107 
1.118034 
1.118034 
1.802776 
1.802776 
14.317821 
14.317821 
2.061553 
2.061553 
0.500000 
0.500000 
4.000000 
4.000000 
1.802776 
1.802776 
16.286497 
16.286497 
2.061553 
2.061553 
13.509256 
13.509256 
2.000000 
2.000000 
1.802776 
1.802776 
5.099020 
5.099020 
6.708204 
6.708204 
3.605551 
3.605551 
2.500000 
2.500000 
1.802776 
1.802776 
18.200275 
18.200275 
26.076810 
26.076810 
4.609772 
4.609772 
2.061553 
2.061553 
13.946326 
13.946326 
1.414214 
1.414214 
2.828427 
2.828427 
1.118034 
1.118034 
3.041381 
3.041381 
0.500000 
0.500000 
2.236068 
2.236068 
5.700877 
5.700877 
3.041381 
3.041381 
0.500000 
0.500000 
1.802776 
1.802776 
0.000000 
0.000000 
1.118034 
1.118034 
21.552262 
21.552262 
7.632169 
7.632169 
0.707107 
0.707107 
2.236068 
2.236068 
17.951323 
17.951323 
14.035669 
14.035669 
0.500000 
0.500000 
1.581139 
1.581139 
17.951323 
17.951323 
8.631338 
8.631338 
0.500000 
0.500000 
25.985573 
25.985573 
17.951323 
17.951323 
2.121320 
2.121320 
0.707107 
0.707107 
2.549510 
2.549510 
17.951323 
17.951323 
2.915476 
2.915476 
1.000000 
1.000000 
0.707107 
0.707107 
17.951323 
17.951323 
3.905125 
3.905125 
0.000000 
0.000000 
2.500000 
2.500000 
17.951323 
17.951323 
4.527693 
4.527693 
0.500000 
0.500000 
2.061553 
2.061553 
17.951323 
17.951323 
4.031129 
4.031129 
0.000000 
0.000000 
1.802776 
1.802776 
0.000000 
0.000000 
17.951323 
17.951323 
4.031129 
4.031129 
0.500000 
0.500000 
1.500000 
1.500000 
3.535534 
3.535534 
17.951323 
17.951323 
4.031129 
4.031129 
1.000000 
1.000000 
2.692582 
2.692582 
1.802776 
1.802776 
17.951323 
17.951323 
4.031129 
4.031129 
1.118034 
1.118034 
3.535534 
3.535534 
22.141590 
22.141590 
28.429738 
28.429738 
4.031129 
4.031129 
0.000000 
0.000000 
3.535534 
3.535534 
2.692582 
2.692582 
1.414214 
1.414214 
4.031129 
4.031129 
0.500000 
0.500000 
3.535534 
3.535534 
0.707107 
0.707107 
0.707107 
0.707107 
4.031129 
4.031129 
1.500000 
1.500000 
3.535534 
3.535534 
0.707107 
0.707107 
0.500000 
0.500000 
4.031129 
4.031129 
1.000000 
1.000000 
3.535534 
3.535534 
0.707107 
0.707107 
2.061553 
2.061553 
4.031129 
4.031129 
2.000000 
2.000000 
3.535534 
3.535534 
