0.000000 
0.000000 
0.000000 
0.000000 
2.000000 
2.000000 
1.500000 
1.500000 
1.802776 
1.802776 
1.118034 
1.118034 
1.414214 
1.414214 
0.707107 
0.707107 
1.118034 
1.118034 
1.500000 
1.500000 
3.000000 
3.000000 
0.707107 
0.707107 
0.000000 
0.000000 
1.414214 
1.414214 
0.500000 
0.500000 
0.000000 
0.000000 
1.118034 
1.118034 
1.000000 
1.000000 
15.033296 
15.033296 
1.802776 
1.802776 
1.000000 
1.000000 
13.583078 
13.583078 
2.121320 
2.121320 
0.000000 
0.000000 
6.020797 
6.020797 
1.581139 
1.581139 
1.000000 
1.000000 
2.692582 
2.692582 
1.581139 
1.581139 
3.905125 
3.905125 
1.000000 
1.000000 
20.651876 
20.651876 
0.000000 
0.000000 
1.414214 
1.414214 
17.564168 
17.564168 
0.500000 
0.500000 
0.000000 
0.000000 
1.581139 
1.581139 
1.802776 
1.802776 
0.500000 
0.500000 
0.000000 
0.000000 
2.236068 
2.236068 
0.707107 
0.707107 
5.147815 
5.147815 
0.000000 
0.000000 
0.000000 
0.000000 
2.236068 
2.236068 
0.707107 
0.707107 
1.000000 
1.000000 
0.000000 
0.000000 
0.000000 
0.000000 
2.236068 
2.236068 
1.500000 
1.500000 
0.707107 
0.707107 
0.000000 
0.000000 
0.000000 
0.000000 
2.236068 
2.236068 
2.236068 
2.236068 
0.707107 
0.707107 
0.000000 
0.000000 
0.000000 
0.000000 
2.236068 
2.236068 
1.581139 
1.581139 
0.707107 
0.707107 
9.340771 
9.340771 
0.000000 
0.000000 
2.236068 
2.236068 
1.581139 
1.581139 
1.500000 
1.500000 
3.500000 
3.500000 
0.000000 
0.000000 
2.236068 
2.236068 
1.581139 
1.581139 
3.535534 
3.535534 
5.024938 
5.024938 
0.000000 
0.000000 
2.236068 
2.236068 
1.581139 
1.581139 
3.535534 
3.535534 
4.500000 
4.500000 
0.000000 
0.000000 
2.236068 
2.236068 
1.581139 
1.581139 
8.062258 
8.062258 
3.640055 
3.640055 
0.000000 
0.000000 
2.236068 
2.236068 
1.581139 
1.581139 
2.061553 
2.061553 
13.238202 
13.238202 
0.000000 
0.000000 
2.236068 
2.236068 
1.581139 
1.581139 
4.031129 
4.031129 
2.549510 
2.549510 
0.000000 
0.000000 
2.236068 
2.236068 
1.581139 
1.581139 
4.031129 
4.031129 
2.500000 
2.500000 
0.000000 
0.000000 
2.236068 
2.236068 
1.581139 
1.581139 
3.000000 
3.000000 
2.000000 
2.000000 
0.000000 
0.000000 
2.236068 
2.236068 
1.581139 
1.581139 
2.500000 
2.500000 
0.000000 
0.000000 
2.000000 
2.000000 
2.236068 
2.236068 
1.581139 
1.581139 
2.549510 
2.549510 
3.000000 
3.000000 
2.000000 
2.000000 
1.581139 
1.581139 
1.581139 
1.581139 
2.915476 
2.915476 
2.000000 
2.000000 
1.581139 
1.581139 
0.707107 
0.707107 
1.118034 
1.118034 
6.519202 
6.519202 
1.581139 
1.581139 
0.500000 
0.500000 
2.121320 
2.121320 
1.000000 
1.000000 
1.581139 
1.581139 
1.118034 
1.118034 
1.581139 
1.581139 
1.414214 
1.414214 
7.000000 
7.000000 
2.061553 
2.061553 
15.524175 
15.524175 
6.020797 
6.020797 
1.581139 
1.581139 
2.000000 
2.000000 
0.500000 
0.500000 
3.605551 
3.605551 
1.802776 
1.802776 
1.118034 
1.118034 
3.201562 
3.201562 
1.000000 
1.000000 
0.707107 
0.707107 
