0.000000 
0.000000 
0.000000 
0.000000 
0.000000 
0.000000 
0.000000 
0.000000 
10.307764 
10.307764 
3.640055 
3.640055 
2.000000 
2.000000 
4.472136 
4.472136 
0.000000 
0.000000 
2.828427 
2.828427 
5.590170 
5.590170 
2.000000 
2.000000 
3.162278 
3.162278 
2.549510 
2.549510 
2.236068 
2.236068 
3.535534 
3.535534 
1.118034 
1.118034 
3.500000 
3.500000 
2.549510 
2.549510 
2.236068 
2.236068 
3.535534 
3.535534 
6.576473 
6.576473 
3.000000 
3.000000 
0.000000 
0.000000 
2.549510 
2.549510 
2.236068 
2.236068 
3.535534 
3.535534 
10.259142 
10.259142 
5.147815 
5.147815 
19.235384 
19.235384 
2.549510 
2.549510 
2.236068 
2.236068 
3.535534 
3.535534 
8.944272 
8.944272 
6.670832 
6.670832 
15.132746 
15.132746 
2.549510 
2.549510 
2.236068 
2.236068 
3.535534 
3.535534 
1.581139 
1.581139 
4.301163 
4.301163 
9.823441 
9.823441 
2.549510 
2.549510 
2.236068 
2.236068 
3.535534 
3.535534 
8.485281 
8.485281 
3.535534 
3.535534 
9.513149 
9.513149 
2.549510 
2.549510 
2.236068 
2.236068 
3.535534 
3.535534 
1.414214 
1.414214 
5.522681 
5.522681 
12.539936 
12.539936 
2.549510 
2.549510 
2.236068 
2.236068 
3.535534 
3.535534 
3.500000 
3.500000 
1.500000 
1.500000 
12.539936 
12.539936 
2.549510 
2.549510 
2.236068 
2.236068 
3.535534 
3.535534 
4.000000 
4.000000 
2.500000 
2.500000 
8.860023 
8.860023 
2.549510 
2.549510 
2.236068 
2.236068 
3.535534 
3.535534 
5.099020 
5.099020 
1.118034 
1.118034 
1.000000 
1.000000 
2.549510 
2.549510 
2.236068 
2.236068 
3.535534 
3.535534 
10.012492 
10.012492 
1.581139 
1.581139 
1.000000 
1.000000 
2.549510 
2.549510 
2.236068 
2.236068 
3.535534 
3.535534 
4.743416 
4.743416 
0.000000 
0.000000 
1.500000 
1.500000 
2.549510 
2.549510 
2.236068 
2.236068 
3.535534 
3.535534 
6.708204 
6.708204 
1.581139 
1.581139 
1.118034 
1.118034 
2.549510 
2.549510 
2.236068 
2.236068 
3.535534 
3.535534 
6.324555 
6.324555 
1.118034 
1.118034 
2.692582 
2.692582 
2.549510 
2.549510 
2.236068 
2.236068 
3.535534 
3.535534 
10.111874 
10.111874 
0.500000 
0.500000 
2.236068 
2.236068 
3.640055 
3.640055 
1.414214 
1.414214 
1.581139 
1.581139 
7.071068 
7.071068 
1.118034 
1.118034 
0.000000 
0.000000 
3.041381 
3.041381 
7.071068 
7.071068 
1.000000 
1.000000 
3.041381 
3.041381 
2.236068 
2.236068 
7.071068 
7.071068 
2.236068 
2.236068 
3.000000 
3.000000 
0.707107 
0.707107 
7.071068 
7.071068 
1.000000 
1.000000 
3.000000 
3.000000 
3.535534 
3.535534 
7.071068 
7.071068 
4.743416 
4.743416 
3.000000 
3.000000 
12.257651 
12.257651 
7.071068 
7.071068 
4.743416 
4.743416 
0.000000 
0.000000 
3.000000 
3.000000 
1.414214 
1.414214 
7.071068 
7.071068 
4.743416 
4.743416 
5.522681 
5.522681 
3.000000 
3.000000 
1.581139 
1.581139 
7.071068 
7.071068 
4.743416 
4.743416 
5.000000 
5.000000 
3.000000 
3.000000 
3.354102 
3.354102 
7.071068 
7.071068 
4.743416 
4.743416 
14.534442 
14.534442 
3.000000 
3.000000 
3.041381 
3.041381 
7.071068 
7.071068 
4.743416 
4.743416 
7.516648 
7.516648 
3.000000 
3.000000 
1.118034 
1.118034 
7.071068 
7.071068 
4.743416 
4.743416 
7.516648 
7.516648 
3.000000 
3.000000 
0.000000 
0.000000 
7.071068 
7.071068 
4.743416 
4.743416 
0.000000 
0.000000 
7.516648 
7.516648 
3.000000 
3.000000 
1.500000 
1.500000 
7.071068 
7.071068 
4.743416 
4.743416 
0.000000 
0.000000 
2.915476 
2.915476 
7.516648 
7.516648 
3.000000 
3.000000 
1.414214 
1.414214 
7.071068 
7.071068 
4.743416 
4.743416 
0.000000 
0.000000 
21.095023 
21.095023 
7.516648 
7.516648 
3.000000 
3.000000 
24.186773 
24.186773 
7.071068 
7.071068 
4.743416 
4.743416 
4.527693 
4.527693 
5.500000 
5.500000 
7.516648 
7.516648 
3.000000 
3.000000 
3.640055 
3.640055 
4.743416 
4.743416 
4.527693 
4.527693 
5.024938 
5.024938 
7.516648 
7.516648 
3.000000 
3.000000 
3.162278 
3.162278 
4.743416 
4.743416 
0.000000 
0.000000 
4.527693 
4.527693 
3.041381 
3.041381 
7.516648 
7.516648 
3.000000 
3.000000 
1.118034 
1.118034 
4.743416 
4.743416 
0.500000 
0.500000 
4.527693 
4.527693 
1.802776 
1.802776 
7.516648 
7.516648 
1.118034 
1.118034 
4.743416 
4.743416 
5.500000 
5.500000 
5.590170 
5.590170 
9.617692 
9.617692 
7.516648 
7.516648 
1.118034 
1.118034 
