0.000000 
0.000000 
0.000000 
0.000000 
0.000000 
0.000000 
0.000000 
0.000000 
37.054015 
37.054015 
1.000000 
1.000000 
1.118034 
1.118034 
1.581139 
1.581139 
1.802776 
1.802776 
1.000000 
1.000000 
1.000000 
1.000000 
0.500000 
0.500000 
1.118034 
1.118034 
1.581139 
1.581139 
0.500000 
0.500000 
1.414214 
1.414214 
1.000000 
1.000000 
2.000000 
2.000000 
1.000000 
1.000000 
1.118034 
1.118034 
1.414214 
1.414214 
0.707107 
0.707107 
0.707107 
0.707107 
2.061553 
2.061553 
3.041381 
3.041381 
0.707107 
0.707107 
0.500000 
0.500000 
2.061553 
2.061553 
4.031129 
4.031129 
1.000000 
1.000000 
0.707107 
0.707107 
2.061553 
2.061553 
18.110770 
18.110770 
0.500000 
0.500000 
4.609772 
4.609772 
2.061553 
2.061553 
0.707107 
0.707107 
0.500000 
0.500000 
2.236068 
2.236068 
2.061553 
2.061553 
1.000000 
1.000000 
0.000000 
0.000000 
2.549510 
2.549510 
2.061553 
2.061553 
2.061553 
2.061553 
1.118034 
1.118034 
3.000000 
3.000000 
2.061553 
2.061553 
2.061553 
2.061553 
1.118034 
1.118034 
6.519202 
6.519202 
2.061553 
2.061553 
2.061553 
2.061553 
0.707107 
0.707107 
3.041381 
3.041381 
2.061553 
2.061553 
1.118034 
1.118034 
0.500000 
0.500000 
3.041381 
3.041381 
0.000000 
0.000000 
2.061553 
2.061553 
3.535534 
3.535534 
0.500000 
0.500000 
2.500000 
2.500000 
7.905694 
7.905694 
2.061553 
2.061553 
3.640055 
3.640055 
0.500000 
0.500000 
5.500000 
5.500000 
14.508618 
14.508618 
2.061553 
2.061553 
1.118034 
1.118034 
0.500000 
0.500000 
2.061553 
2.061553 
3.807887 
3.807887 
2.061553 
2.061553 
1.118034 
1.118034 
0.707107 
0.707107 
3.000000 
3.000000 
5.024938 
5.024938 
2.061553 
2.061553 
2.549510 
2.549510 
1.581139 
1.581139 
2.500000 
2.500000 
6.082763 
6.082763 
2.061553 
2.061553 
2.000000 
2.000000 
1.118034 
1.118034 
9.500000 
9.500000 
6.082763 
6.082763 
6.576473 
6.576473 
2.061553 
2.061553 
2.549510 
2.549510 
18.500000 
18.500000 
1.581139 
1.581139 
2.061553 
2.061553 
12.010412 
12.010412 
7.071068 
7.071068 
3.041381 
3.041381 
7.516648 
7.516648 
2.236068 
2.236068 
4.609772 
4.609772 
4.031129 
4.031129 
1.500000 
1.500000 
11.500000 
11.500000 
4.609772 
4.609772 
14.840822 
14.840822 
3.500000 
3.500000 
3.041381 
3.041381 
18.500000 
18.500000 
2.692582 
2.692582 
4.031129 
4.031129 
12.000000 
12.000000 
5.522681 
5.522681 
4.500000 
4.500000 
3.535534 
3.535534 
2.549510 
2.549510 
5.590170 
5.590170 
3.500000 
3.500000 
1.500000 
1.500000 
11.011358 
11.011358 
2.549510 
2.549510 
3.535534 
3.535534 
2.000000 
2.000000 
3.535534 
3.535534 
6.082763 
6.082763 
19.557607 
19.557607 
2.061553 
2.061553 
6.020797 
6.020797 
3.354102 
3.354102 
1.802776 
1.802776 
1.581139 
1.581139 
3.041381 
3.041381 
1.581139 
1.581139 
2.061553 
2.061553 
0.500000 
0.500000 
3.500000 
3.500000 
2.549510 
2.549510 
3.807887 
3.807887 
0.500000 
0.500000 
2.549510 
2.549510 
1.000000 
1.000000 
3.162278 
3.162278 
0.000000 
0.000000 
1.000000 
1.000000 
0.000000 
0.000000 
4.031129 
4.031129 
0.707107 
0.707107 
2.500000 
2.500000 
0.000000 
0.000000 
2.236068 
2.236068 
0.500000 
0.500000 
0.500000 
0.500000 
4.743416 
4.743416 
7.905694 
7.905694 
1.581139 
1.581139 
0.500000 
0.500000 
1.414214 
1.414214 
1.500000 
1.500000 
1.414214 
1.414214 
0.500000 
0.500000 
