0.000000 
0.000000 
0.000000 
0.000000 
1.118034 
1.118034 
0.500000 
0.500000 
0.500000 
0.500000 
0.500000 
0.500000 
0.500000 
0.500000 
0.500000 
0.500000 
1.118034 
1.118034 
1.414214 
1.414214 
0.707107 
0.707107 
5.220153 
5.220153 
0.707107 
0.707107 
0.707107 
0.707107 
7.000000 
7.000000 
0.500000 
0.500000 
6.576473 
6.576473 
1.000000 
1.000000 
2.500000 
2.500000 
1.500000 
1.500000 
3.605551 
3.605551 
0.500000 
0.500000 
4.743416 
4.743416 
1.581139 
1.581139 
1.118034 
1.118034 
3.041381 
3.041381 
8.062258 
8.062258 
2.549510 
2.549510 
1.500000 
1.500000 
2.000000 
2.000000 
2.549510 
2.549510 
0.500000 
0.500000 
2.915476 
2.915476 
7.500000 
7.500000 
3.041381 
3.041381 
1.118034 
1.118034 
4.123106 
4.123106 
1.000000 
1.000000 
3.535534 
3.535534 
1.118034 
1.118034 
2.500000 
2.500000 
1.000000 
1.000000 
8.544004 
8.544004 
0.707107 
0.707107 
1.581139 
1.581139 
3.500000 
3.500000 
0.707107 
0.707107 
1.581139 
1.581139 
0.500000 
0.500000 
1.118034 
1.118034 
3.354102 
3.354102 
1.118034 
1.118034 
14.500000 
14.500000 
1.118034 
1.118034 
0.500000 
0.500000 
1.118034 
1.118034 
0.000000 
0.000000 
1.581139 
1.581139 
1.118034 
1.118034 
1.118034 
1.118034 
10.198039 
10.198039 
1.118034 
1.118034 
2.549510 
2.549510 
0.500000 
0.500000 
1.118034 
1.118034 
2.828427 
2.828427 
0.000000 
0.000000 
1.118034 
1.118034 
3.201562 
3.201562 
1.000000 
1.000000 
1.118034 
1.118034 
3.535534 
3.535534 
10.012492 
10.012492 
1.118034 
1.118034 
0.707107 
0.707107 
1.500000 
1.500000 
1.118034 
1.118034 
2.500000 
2.500000 
0.500000 
0.500000 
1.118034 
1.118034 
2.061553 
2.061553 
0.500000 
0.500000 
1.118034 
1.118034 
2.061553 
2.061553 
8.631338 
8.631338 
1.118034 
1.118034 
0.000000 
0.000000 
2.061553 
2.061553 
1.414214 
1.414214 
1.118034 
1.118034 
