0.000000 
0.000000 
0.000000 
0.000000 
2.000000 
2.000000 
2.061553 
2.061553 
2.061553 
2.061553 
2.061553 
2.061553 
1.414214 
1.414214 
2.061553 
2.061553 
3.041381 
3.041381 
2.061553 
2.061553 
0.707107 
0.707107 
2.061553 
2.061553 
0.707107 
0.707107 
2.061553 
2.061553 
3.000000 
3.000000 
2.061553 
2.061553 
1.581139 
1.581139 
0.000000 
0.000000 
2.061553 
2.061553 
1.581139 
1.581139 
0.707107 
0.707107 
2.061553 
2.061553 
1.581139 
1.581139 
0.707107 
0.707107 
2.061553 
2.061553 
1.581139 
1.581139 
0.707107 
0.707107 
2.061553 
2.061553 
6.519202 
6.519202 
0.707107 
0.707107 
2.061553 
2.061553 
5.220153 
5.220153 
0.707107 
0.707107 
2.061553 
2.061553 
5.315073 
5.315073 
0.707107 
0.707107 
2.061553 
2.061553 
4.527693 
4.527693 
0.707107 
0.707107 
2.061553 
2.061553 
14.713939 
14.713939 
0.707107 
0.707107 
3.605551 
3.605551 
0.707107 
0.707107 
3.354102 
3.354102 
0.707107 
0.707107 
2.915476 
2.915476 
0.707107 
0.707107 
2.915476 
2.915476 
0.707107 
0.707107 
2.915476 
2.915476 
0.707107 
0.707107 
2.915476 
2.915476 
0.707107 
0.707107 
2.915476 
2.915476 
0.707107 
0.707107 
2.915476 
2.915476 
2.915476 
2.915476 
2.915476 
2.915476 
0.000000 
0.000000 
2.915476 
2.915476 
2.692582 
2.692582 
2.915476 
2.915476 
2.692582 
2.692582 
2.915476 
2.915476 
2.692582 
2.692582 
2.915476 
2.915476 
2.692582 
2.692582 
2.915476 
2.915476 
2.692582 
2.692582 
2.500000 
2.500000 
2.692582 
2.692582 
5.700877 
5.700877 
2.692582 
2.692582 
17.507141 
17.507141 
2.692582 
2.692582 
17.182840 
17.182840 
0.000000 
0.000000 
2.692582 
2.692582 
1.581139 
1.581139 
0.707107 
0.707107 
2.692582 
2.692582 
2.828427 
2.828427 
