0.000000 
0.000000 
0.000000 
0.000000 
2.000000 
2.000000 
2.915476 
2.915476 
1.118034 
1.118034 
0.707107 
0.707107 
1.500000 
1.500000 
1.000000 
1.000000 
1.414214 
1.414214 
1.414214 
1.414214 
7.762087 
7.762087 
2.061553 
2.061553 
7.566373 
7.566373 
3.807887 
3.807887 
0.500000 
0.500000 
3.905125 
3.905125 
6.000000 
6.000000 
2.236068 
2.236068 
0.707107 
0.707107 
0.000000 
0.000000 
0.500000 
0.500000 
2.549510 
2.549510 
0.500000 
0.500000 
1.581139 
1.581139 
0.500000 
0.500000 
1.500000 
1.500000 
0.707107 
0.707107 
1.414214 
1.414214 
8.276473 
8.276473 
2.692582 
2.692582 
1.581139 
1.581139 
2.549510 
2.549510 
1.118034 
1.118034 
3.162278 
3.162278 
20.000000 
20.000000 
1.118034 
1.118034 
1.500000 
1.500000 
1.802776 
1.802776 
2.000000 
2.000000 
1.000000 
1.000000 
3.000000 
3.000000 
1.802776 
1.802776 
0.500000 
0.500000 
16.770510 
16.770510 
0.500000 
0.500000 
4.609772 
4.609772 
0.000000 
0.000000 
2.500000 
2.500000 
0.707107 
0.707107 
0.500000 
0.500000 
1.500000 
1.500000 
1.414214 
1.414214 
1.118034 
1.118034 
1.118034 
1.118034 
0.000000 
0.000000 
0.000000 
0.000000 
0.707107 
0.707107 
1.118034 
1.118034 
0.000000 
0.000000 
5.147815 
5.147815 
0.000000 
0.000000 
1.118034 
1.118034 
5.830952 
5.830952 
1.414214 
1.414214 
1.500000 
1.500000 
1.118034 
1.118034 
5.830952 
5.830952 
11.597414 
11.597414 
3.500000 
3.500000 
1.118034 
1.118034 
5.830952 
5.830952 
2.828427 
2.828427 
3.041381 
3.041381 
1.118034 
1.118034 
4.609772 
4.609772 
14.508618 
14.508618 
3.041381 
3.041381 
1.118034 
1.118034 
1.500000 
1.500000 
2.000000 
2.000000 
0.707107 
0.707107 
1.118034 
1.118034 
1.118034 
1.118034 
2.000000 
2.000000 
2.692582 
2.692582 
1.118034 
1.118034 
3.201562 
3.201562 
2.000000 
2.000000 
3.162278 
3.162278 
1.118034 
1.118034 
3.201562 
3.201562 
2.000000 
2.000000 
3.354102 
3.354102 
1.118034 
1.118034 
3.201562 
3.201562 
23.323808 
23.323808 
2.000000 
2.000000 
1.118034 
1.118034 
3.201562 
3.201562 
4.500000 
4.500000 
1.118034 
1.118034 
1.118034 
1.118034 
