0.000000 
0.000000 
0.000000 
0.000000 
0.000000 
0.000000 
11.045361 
11.045361 
0.000000 
0.000000 
2.692582 
2.692582 
0.000000 
0.000000 
1.118034 
1.118034 
0.000000 
0.000000 
1.118034 
1.118034 
0.000000 
0.000000 
1.118034 
1.118034 
0.000000 
0.000000 
2.500000 
2.500000 
0.000000 
0.000000 
2.061553 
2.061553 
0.000000 
0.000000 
0.707107 
0.707107 
0.000000 
0.000000 
1.581139 
1.581139 
0.000000 
0.000000 
1.581139 
1.581139 
0.000000 
0.000000 
2.121320 
2.121320 
0.000000 
0.000000 
15.787653 
15.787653 
0.000000 
0.000000 
1.802776 
1.802776 
0.000000 
0.000000 
1.118034 
1.118034 
2.500000 
2.500000 
4.924429 
4.924429 
0.000000 
0.000000 
4.924429 
4.924429 
0.707107 
0.707107 
3.535534 
3.535534 
0.707107 
0.707107 
15.297059 
15.297059 
0.707107 
0.707107 
9.513149 
9.513149 
0.707107 
0.707107 
10.124228 
10.124228 
0.707107 
0.707107 
3.201562 
3.201562 
0.707107 
0.707107 
0.707107 
0.707107 
0.707107 
0.707107 
2.500000 
2.500000 
0.707107 
0.707107 
1.118034 
1.118034 
0.707107 
0.707107 
1.414214 
1.414214 
0.707107 
0.707107 
3.201562 
3.201562 
0.707107 
0.707107 
2.061553 
2.061553 
0.707107 
0.707107 
4.123106 
4.123106 
0.707107 
0.707107 
16.070159 
16.070159 
0.707107 
0.707107 
3.535534 
3.535534 
0.707107 
0.707107 
6.184658 
6.184658 
0.000000 
0.000000 
20.006249 
20.006249 
0.000000 
0.000000 
1.000000 
1.000000 
2.549510 
2.549510 
0.707107 
0.707107 
10.440307 
10.440307 
2.500000 
2.500000 
7.158911 
7.158911 
0.000000 
0.000000 
2.121320 
2.121320 
0.000000 
0.000000 
1.414214 
1.414214 
3.201562 
3.201562 
0.500000 
0.500000 
1.414214 
1.414214 
19.104973 
19.104973 
