0.000000 
0.000000 
0.000000 
0.000000 
0.000000 
0.000000 
3.354102 
3.354102 
8.544004 
8.544004 
0.500000 
0.500000 
15.041609 
15.041609 
1.000000 
1.000000 
1.118034 
1.118034 
2.915476 
2.915476 
1.118034 
1.118034 
5.024938 
5.024938 
3.354102 
3.354102 
20.892582 
20.892582 
4.031129 
4.031129 
3.354102 
3.354102 
0.707107 
0.707107 
4.716991 
4.716991 
3.354102 
3.354102 
2.500000 
2.500000 
18.027756 
18.027756 
3.354102 
3.354102 
2.549510 
2.549510 
5.590170 
5.590170 
3.354102 
3.354102 
4.031129 
4.031129 
13.341664 
13.341664 
3.354102 
3.354102 
3.807887 
3.807887 
2.236068 
2.236068 
3.354102 
3.354102 
16.007811 
16.007811 
2.236068 
2.236068 
3.354102 
3.354102 
2.549510 
2.549510 
2.236068 
2.236068 
0.000000 
0.000000 
3.354102 
3.354102 
3.640055 
3.640055 
2.236068 
2.236068 
0.000000 
0.000000 
3.354102 
3.354102 
1.581139 
1.581139 
2.236068 
2.236068 
9.055385 
9.055385 
3.354102 
3.354102 
0.500000 
0.500000 
2.236068 
2.236068 
0.500000 
0.500000 
3.354102 
3.354102 
1.118034 
1.118034 
2.236068 
2.236068 
0.500000 
0.500000 
3.354102 
3.354102 
3.354102 
3.354102 
2.236068 
2.236068 
9.219544 
9.219544 
3.354102 
3.354102 
2.915476 
2.915476 
2.236068 
2.236068 
0.707107 
0.707107 
3.354102 
3.354102 
9.013878 
9.013878 
2.236068 
2.236068 
0.500000 
0.500000 
9.192388 
9.192388 
2.236068 
2.236068 
0.500000 
0.500000 
0.500000 
0.500000 
2.236068 
2.236068 
0.707107 
0.707107 
13.509256 
13.509256 
2.236068 
2.236068 
0.500000 
0.500000 
8.139410 
8.139410 
2.236068 
2.236068 
1.000000 
1.000000 
1.500000 
1.500000 
2.236068 
2.236068 
0.500000 
0.500000 
18.741665 
18.741665 
0.707107 
0.707107 
1.000000 
1.000000 
0.707107 
0.707107 
19.729420 
19.729420 
0.707107 
0.707107 
1.414214 
1.414214 
1.118034 
1.118034 
10.440307 
10.440307 
0.707107 
0.707107 
0.707107 
0.707107 
0.500000 
0.500000 
1.802776 
1.802776 
0.500000 
0.500000 
2.061553 
2.061553 
1.000000 
1.000000 
1.802776 
1.802776 
1.118034 
1.118034 
1.000000 
1.000000 
0.500000 
0.500000 
0.707107 
0.707107 
0.000000 
0.000000 
0.707107 
0.707107 
0.707107 
0.707107 
2.549510 
2.549510 
1.118034 
1.118034 
1.802776 
1.802776 
13.038405 
13.038405 
1.581139 
1.581139 
0.500000 
0.500000 
4.609772 
4.609772 
0.500000 
0.500000 
1.118034 
1.118034 
