0.000000 
0.000000 
0.000000 
0.000000 
0.000000 
0.000000 
0.000000 
0.000000 
1.500000 
1.500000 
11.000000 
11.000000 
0.000000 
0.000000 
0.000000 
0.000000 
1.118034 
1.118034 
11.000000 
11.000000 
2.061553 
2.061553 
0.000000 
0.000000 
1.118034 
1.118034 
17.923448 
17.923448 
2.061553 
2.061553 
13.462912 
13.462912 
1.118034 
1.118034 
5.590170 
5.590170 
2.061553 
2.061553 
1.581139 
1.581139 
2.549510 
2.549510 
0.500000 
0.500000 
2.061553 
2.061553 
5.024938 
5.024938 
1.500000 
1.500000 
0.500000 
0.500000 
2.061553 
2.061553 
5.024938 
5.024938 
0.000000 
0.000000 
3.041381 
3.041381 
2.061553 
2.061553 
5.024938 
5.024938 
1.118034 
1.118034 
3.162278 
3.162278 
2.061553 
2.061553 
5.024938 
5.024938 
1.118034 
1.118034 
23.926972 
23.926972 
2.061553 
2.061553 
5.024938 
5.024938 
2.121320 
2.121320 
23.926972 
23.926972 
2.061553 
2.061553 
6.500000 
6.500000 
2.692582 
2.692582 
23.926972 
23.926972 
2.061553 
2.061553 
0.500000 
0.500000 
12.000000 
12.000000 
23.048861 
23.048861 
2.061553 
2.061553 
0.707107 
0.707107 
2.500000 
2.500000 
1.802776 
1.802776 
2.061553 
2.061553 
0.707107 
0.707107 
10.511898 
10.511898 
2.549510 
2.549510 
2.061553 
2.061553 
0.500000 
0.500000 
2.000000 
2.000000 
15.206906 
15.206906 
2.061553 
2.061553 
0.000000 
0.000000 
2.121320 
2.121320 
1.118034 
1.118034 
2.061553 
2.061553 
0.707107 
0.707107 
1.500000 
1.500000 
2.061553 
2.061553 
1.000000 
1.000000 
2.692582 
2.692582 
1.802776 
1.802776 
0.000000 
0.000000 
6.519202 
6.519202 
2.549510 
2.549510 
1.414214 
1.414214 
8.062258 
8.062258 
7.810250 
7.810250 
2.500000 
2.500000 
2.692582 
2.692582 
8.077747 
8.077747 
7.158911 
7.158911 
1.581139 
1.581139 
0.500000 
0.500000 
2.692582 
2.692582 
7.158911 
7.158911 
1.581139 
1.581139 
0.707107 
0.707107 
2.692582 
2.692582 
7.158911 
7.158911 
0.707107 
0.707107 
2.000000 
2.000000 
0.500000 
0.500000 
7.158911 
7.158911 
2.500000 
2.500000 
0.707107 
0.707107 
1.000000 
1.000000 
7.158911 
7.158911 
1.581139 
1.581139 
0.500000 
0.500000 
1.000000 
1.000000 
7.158911 
7.158911 
1.414214 
1.414214 
0.000000 
0.000000 
0.000000 
0.000000 
7.158911 
7.158911 
1.118034 
1.118034 
0.500000 
0.500000 
0.707107 
0.707107 
7.158911 
7.158911 
1.118034 
1.118034 
1.414214 
1.414214 
1.118034 
1.118034 
7.158911 
7.158911 
1.802776 
1.802776 
1.118034 
1.118034 
0.000000 
0.000000 
7.158911 
7.158911 
2.061553 
2.061553 
1.581139 
1.581139 
1.802776 
1.802776 
7.158911 
7.158911 
1.581139 
1.581139 
1.581139 
1.581139 
1.414214 
1.414214 
7.158911 
7.158911 
1.414214 
1.414214 
1.802776 
1.802776 
0.707107 
0.707107 
7.158911 
7.158911 
1.414214 
1.414214 
0.500000 
0.500000 
1.500000 
1.500000 
7.158911 
7.158911 
1.118034 
1.118034 
8.500000 
8.500000 
0.707107 
0.707107 
7.158911 
7.158911 
10.049876 
10.049876 
2.549510 
2.549510 
0.000000 
0.000000 
10.500000 
10.500000 
1.802776 
1.802776 
1.000000 
1.000000 
1.118034 
1.118034 
1.581139 
1.581139 
0.500000 
0.500000 
2.061553 
2.061553 
0.707107 
0.707107 
