0.000000 
0.000000 
0.000000 
0.000000 
1.000000 
1.000000 
1.000000 
1.000000 
1.500000 
1.500000 
1.500000 
1.500000 
2.500000 
2.500000 
1.000000 
1.000000 
2.500000 
2.500000 
0.500000 
0.500000 
1.000000 
1.000000 
2.692582 
2.692582 
1.000000 
1.000000 
2.500000 
2.500000 
7.017834 
7.017834 
2.236068 
2.236068 
3.041381 
3.041381 
1.000000 
1.000000 
10.547512 
10.547512 
13.500000 
13.500000 
2.061553 
2.061553 
2.692582 
2.692582 
2.061553 
2.061553 
5.522681 
5.522681 
0.000000 
0.000000 
2.061553 
2.061553 
5.500000 
5.500000 
0.500000 
0.500000 
2.061553 
2.061553 
18.337121 
18.337121 
1.118034 
1.118034 
2.061553 
2.061553 
2.236068 
2.236068 
0.707107 
0.707107 
2.061553 
2.061553 
0.500000 
0.500000 
0.000000 
0.000000 
0.500000 
0.500000 
2.061553 
2.061553 
0.707107 
0.707107 
1.118034 
1.118034 
0.500000 
0.500000 
2.061553 
2.061553 
1.414214 
1.414214 
0.707107 
0.707107 
0.707107 
0.707107 
2.061553 
2.061553 
1.581139 
1.581139 
0.707107 
0.707107 
0.500000 
0.500000 
2.061553 
2.061553 
1.500000 
1.500000 
0.707107 
0.707107 
1.118034 
1.118034 
2.061553 
2.061553 
0.500000 
0.500000 
0.707107 
0.707107 
1.118034 
1.118034 
2.061553 
2.061553 
1.118034 
1.118034 
0.707107 
0.707107 
1.118034 
1.118034 
2.061553 
2.061553 
13.086252 
13.086252 
0.000000 
0.000000 
0.707107 
0.707107 
1.118034 
1.118034 
2.061553 
2.061553 
1.802776 
1.802776 
0.000000 
0.000000 
0.707107 
0.707107 
1.118034 
1.118034 
2.061553 
2.061553 
1.802776 
1.802776 
0.000000 
0.000000 
0.707107 
0.707107 
1.118034 
1.118034 
1.000000 
1.000000 
0.000000 
0.000000 
0.707107 
0.707107 
1.118034 
1.118034 
0.707107 
0.707107 
0.000000 
0.000000 
0.707107 
0.707107 
1.118034 
1.118034 
2.236068 
2.236068 
0.000000 
0.000000 
0.707107 
0.707107 
1.118034 
1.118034 
15.132746 
15.132746 
0.000000 
0.000000 
0.707107 
0.707107 
1.118034 
1.118034 
3.500000 
3.500000 
0.000000 
0.000000 
0.707107 
0.707107 
1.118034 
1.118034 
3.041381 
3.041381 
0.000000 
0.000000 
0.707107 
0.707107 
1.118034 
1.118034 
0.707107 
0.707107 
0.000000 
0.000000 
0.707107 
0.707107 
1.118034 
1.118034 
1.500000 
1.500000 
0.000000 
0.000000 
1.118034 
1.118034 
1.000000 
1.000000 
0.000000 
0.000000 
1.118034 
1.118034 
1.118034 
1.118034 
0.000000 
0.000000 
1.802776 
1.802776 
0.000000 
0.000000 
2.692582 
2.692582 
0.000000 
0.000000 
1.581139 
1.581139 
2.692582 
2.692582 
