0.000000 
0.000000 
0.000000 
0.000000 
1.118034 
1.118034 
1.802776 
1.802776 
1.581139 
1.581139 
1.414214 
1.414214 
1.581139 
1.581139 
1.118034 
1.118034 
8.000000 
8.000000 
0.000000 
0.000000 
1.118034 
1.118034 
1.118034 
1.118034 
1.118034 
1.118034 
1.118034 
1.118034 
8.514693 
8.514693 
0.500000 
0.500000 
1.802776 
1.802776 
1.802776 
1.802776 
1.802776 
1.802776 
0.707107 
0.707107 
2.121320 
2.121320 
0.500000 
0.500000 
1.118034 
1.118034 
1.500000 
1.500000 
2.121320 
2.121320 
1.802776 
1.802776 
2.121320 
2.121320 
1.000000 
1.000000 
2.121320 
2.121320 
2.061553 
2.061553 
2.121320 
2.121320 
1.118034 
1.118034 
2.121320 
2.121320 
1.000000 
1.000000 
2.121320 
2.121320 
0.500000 
0.500000 
2.121320 
2.121320 
1.118034 
1.118034 
2.121320 
2.121320 
3.000000 
3.000000 
2.121320 
2.121320 
3.535534 
3.535534 
2.121320 
2.121320 
3.500000 
3.500000 
2.121320 
2.121320 
1.581139 
1.581139 
2.121320 
2.121320 
1.581139 
1.581139 
2.121320 
2.121320 
1.581139 
1.581139 
2.121320 
2.121320 
21.360009 
21.360009 
0.000000 
0.000000 
2.121320 
2.121320 
4.031129 
4.031129 
1.802776 
1.802776 
25.079872 
25.079872 
0.500000 
0.500000 
3.640055 
3.640055 
0.000000 
0.000000 
3.640055 
3.640055 
2.236068 
2.236068 
3.640055 
3.640055 
2.500000 
2.500000 
3.640055 
3.640055 
9.513149 
9.513149 
3.640055 
3.640055 
8.062258 
8.062258 
3.640055 
3.640055 
8.139410 
8.139410 
3.640055 
3.640055 
30.438463 
30.438463 
3.640055 
3.640055 
2.000000 
2.000000 
32.515381 
32.515381 
2.061553 
2.061553 
1.414214 
1.414214 
20.000000 
20.000000 
3.041381 
3.041381 
