0.000000 
0.000000 
0.000000 
0.000000 
0.000000 
0.000000 
27.073973 
27.073973 
1.118034 
1.118034 
14.035669 
14.035669 
14.035669 
14.035669 
14.035669 
14.035669 
30.004166 
30.004166 
31.144823 
31.144823 
1.000000 
1.000000 
1.000000 
1.000000 
0.000000 
0.000000 
1.000000 
1.000000 
2.121320 
2.121320 
1.000000 
1.000000 
1.414214 
1.414214 
1.000000 
1.000000 
0.707107 
0.707107 
1.000000 
1.000000 
1.414214 
1.414214 
1.000000 
1.000000 
20.524376 
20.524376 
1.000000 
1.000000 
20.524376 
20.524376 
1.000000 
1.000000 
33.533565 
33.533565 
1.000000 
1.000000 
1.500000 
1.500000 
1.000000 
1.000000 
2.000000 
2.000000 
1.000000 
1.000000 
30.634947 
30.634947 
1.000000 
1.000000 
2.000000 
2.000000 
1.000000 
1.000000 
33.015148 
33.015148 
1.000000 
1.000000 
34.003676 
34.003676 
0.500000 
0.500000 
17.677670 
17.677670 
2.828427 
2.828427 
2.828427 
2.828427 
2.828427 
2.828427 
2.828427 
2.828427 
2.828427 
2.828427 
2.828427 
2.828427 
2.828427 
2.828427 
2.828427 
2.828427 
2.828427 
2.828427 
2.828427 
2.828427 
2.828427 
2.828427 
