0.000000 
0.000000 
0.000000 
0.000000 
0.000000 
0.000000 
1.118034 
1.118034 
18.500000 
18.500000 
2.000000 
2.000000 
18.500000 
18.500000 
2.692582 
2.692582 
18.500000 
18.500000 
14.508618 
14.508618 
18.500000 
18.500000 
2.500000 
2.500000 
18.500000 
18.500000 
4.924429 
4.924429 
18.500000 
18.500000 
5.408327 
5.408327 
18.500000 
18.500000 
4.301163 
4.301163 
18.500000 
18.500000 
11.543396 
11.543396 
18.500000 
18.500000 
3.640055 
3.640055 
18.500000 
18.500000 
4.031129 
4.031129 
18.500000 
18.500000 
4.031129 
4.031129 
18.500000 
18.500000 
4.031129 
4.031129 
18.500000 
18.500000 
2.692582 
2.692582 
18.500000 
18.500000 
12.589678 
12.589678 
0.000000 
0.000000 
18.500000 
18.500000 
3.640055 
3.640055 
3.500000 
3.500000 
4.527693 
4.527693 
2.549510 
2.549510 
3.535534 
3.535534 
0.000000 
0.000000 
2.549510 
2.549510 
3.000000 
3.000000 
1.581139 
1.581139 
2.549510 
2.549510 
1.118034 
1.118034 
2.692582 
2.692582 
2.549510 
2.549510 
12.093387 
12.093387 
2.692582 
2.692582 
2.549510 
2.549510 
1.118034 
1.118034 
2.692582 
2.692582 
2.549510 
2.549510 
15.033296 
15.033296 
2.692582 
2.692582 
2.549510 
2.549510 
1.581139 
1.581139 
2.692582 
2.692582 
2.549510 
2.549510 
1.000000 
1.000000 
2.692582 
2.692582 
2.549510 
2.549510 
7.382412 
7.382412 
2.692582 
2.692582 
2.549510 
2.549510 
0.500000 
0.500000 
2.692582 
2.692582 
2.549510 
2.549510 
13.462912 
13.462912 
0.000000 
0.000000 
2.692582 
2.692582 
2.549510 
2.549510 
0.500000 
0.500000 
5.315073 
5.315073 
2.692582 
2.692582 
2.549510 
2.549510 
0.500000 
0.500000 
2.121320 
2.121320 
2.692582 
2.692582 
2.549510 
2.549510 
0.707107 
0.707107 
2.121320 
2.121320 
2.692582 
2.692582 
2.549510 
2.549510 
2.549510 
2.549510 
2.121320 
2.121320 
2.692582 
2.692582 
3.000000 
3.000000 
2.121320 
2.121320 
2.692582 
2.692582 
4.527693 
4.527693 
2.121320 
2.121320 
2.692582 
2.692582 
3.535534 
3.535534 
2.121320 
2.121320 
3.041381 
3.041381 
2.121320 
2.121320 
0.707107 
0.707107 
2.121320 
2.121320 
8.000000 
8.000000 
