0.000000 
0.000000 
0.000000 
0.000000 
0.000000 
0.000000 
8.246211 
8.246211 
16.194135 
16.194135 
2.549510 
2.549510 
16.194135 
16.194135 
2.061553 
2.061553 
16.194135 
16.194135 
1.118034 
1.118034 
16.194135 
16.194135 
17.000000 
17.000000 
16.194135 
16.194135 
17.066048 
17.066048 
16.194135 
16.194135 
6.020797 
6.020797 
16.194135 
16.194135 
1.000000 
1.000000 
16.194135 
16.194135 
2.000000 
2.000000 
16.194135 
16.194135 
1.500000 
1.500000 
0.000000 
0.000000 
16.194135 
16.194135 
2.549510 
2.549510 
0.000000 
0.000000 
16.194135 
16.194135 
1.581139 
1.581139 
0.000000 
0.000000 
16.194135 
16.194135 
2.236068 
2.236068 
0.000000 
0.000000 
16.194135 
16.194135 
0.707107 
0.707107 
0.000000 
0.000000 
16.194135 
16.194135 
0.000000 
0.000000 
0.000000 
0.000000 
16.194135 
16.194135 
1.000000 
1.000000 
0.000000 
0.000000 
0.707107 
0.707107 
0.000000 
0.000000 
0.707107 
0.707107 
0.000000 
0.000000 
0.500000 
0.500000 
0.000000 
0.000000 
0.707107 
0.707107 
0.000000 
0.000000 
0.707107 
0.707107 
0.000000 
0.000000 
1.414214 
1.414214 
0.000000 
0.000000 
0.500000 
0.500000 
0.000000 
0.000000 
0.500000 
0.500000 
0.000000 
0.000000 
1.118034 
1.118034 
18.506756 
18.506756 
1.500000 
1.500000 
8.544004 
8.544004 
8.544004 
8.544004 
8.544004 
8.544004 
8.544004 
8.544004 
8.544004 
8.544004 
0.000000 
0.000000 
8.544004 
8.544004 
0.500000 
0.500000 
8.544004 
8.544004 
2.000000 
2.000000 
8.544004 
8.544004 
1.500000 
1.500000 
8.544004 
8.544004 
1.500000 
1.500000 
8.544004 
8.544004 
59.533604 
59.533604 
8.544004 
8.544004 
