0.000000 
0.000000 
1.000000 
1.000000 
1.414214 
1.414214 
23.926972 
23.926972 
1.118034 
1.118034 
1.802776 
1.802776 
1.000000 
1.000000 
3.905125 
3.905125 
4.272002 
4.272002 
11.597414 
11.597414 
5.590170 
5.590170 
0.000000 
0.000000 
8.077747 
8.077747 
8.558621 
8.558621 
1.118034 
1.118034 
0.000000 
0.000000 
1.500000 
1.500000 
26.518861 
26.518861 
1.000000 
1.000000 
3.041381 
3.041381 
2.061553 
2.061553 
3.000000 
3.000000 
3.162278 
3.162278 
2.061553 
2.061553 
3.000000 
3.000000 
6.500000 
6.500000 
2.061553 
2.061553 
3.354102 
3.354102 
2.061553 
2.061553 
2.061553 
2.061553 
3.354102 
3.354102 
2.061553 
2.061553 
3.354102 
3.354102 
4.472136 
4.472136 
2.061553 
2.061553 
2.236068 
2.236068 
1.581139 
1.581139 
2.061553 
2.061553 
0.500000 
0.500000 
0.000000 
0.000000 
1.118034 
1.118034 
2.061553 
2.061553 
27.518176 
27.518176 
2.000000 
2.000000 
0.500000 
0.500000 
2.061553 
2.061553 
1.118034 
1.118034 
2.000000 
2.000000 
2.061553 
2.061553 
2.061553 
2.061553 
1.500000 
1.500000 
2.000000 
2.000000 
1.000000 
1.000000 
2.061553 
2.061553 
0.707107 
0.707107 
2.000000 
2.000000 
1.000000 
1.000000 
2.061553 
2.061553 
1.118034 
1.118034 
2.000000 
2.000000 
1.500000 
1.500000 
2.061553 
2.061553 
0.707107 
0.707107 
2.000000 
2.000000 
1.802776 
1.802776 
2.061553 
2.061553 
0.000000 
0.000000 
2.000000 
2.000000 
2.236068 
2.236068 
2.061553 
2.061553 
2.000000 
2.000000 
2.000000 
2.000000 
1.802776 
1.802776 
2.061553 
2.061553 
3.041381 
3.041381 
2.000000 
2.000000 
0.500000 
0.500000 
2.061553 
2.061553 
3.041381 
3.041381 
2.000000 
2.000000 
1.118034 
1.118034 
2.061553 
2.061553 
3.041381 
3.041381 
0.000000 
0.000000 
2.000000 
2.000000 
24.545875 
24.545875 
3.041381 
3.041381 
3.041381 
3.041381 
2.000000 
2.000000 
4.123106 
4.123106 
3.041381 
3.041381 
16.007811 
16.007811 
2.000000 
2.000000 
4.472136 
4.472136 
3.041381 
3.041381 
14.508618 
14.508618 
2.000000 
2.000000 
2.500000 
2.500000 
3.041381 
3.041381 
1.581139 
1.581139 
2.000000 
2.000000 
9.192388 
9.192388 
3.041381 
3.041381 
14.000000 
14.000000 
9.513149 
9.513149 
3.041381 
3.041381 
1.118034 
1.118034 
2.692582 
2.692582 
3.041381 
3.041381 
