0.000000 
0.000000 
0.000000 
0.000000 
1.581139 
1.581139 
1.581139 
1.581139 
1.118034 
1.118034 
8.544004 
8.544004 
1.414214 
1.414214 
2.500000 
2.500000 
1.118034 
1.118034 
9.055385 
9.055385 
1.118034 
1.118034 
0.500000 
0.500000 
0.500000 
0.500000 
0.500000 
0.500000 
0.707107 
0.707107 
1.118034 
1.118034 
0.500000 
0.500000 
1.581139 
1.581139 
0.000000 
0.000000 
1.118034 
1.118034 
0.000000 
0.000000 
2.061553 
2.061553 
0.000000 
0.000000 
0.000000 
0.000000 
2.236068 
2.236068 
0.500000 
0.500000 
0.000000 
0.000000 
2.236068 
2.236068 
1.118034 
1.118034 
0.000000 
0.000000 
2.236068 
2.236068 
0.000000 
0.000000 
0.000000 
0.000000 
0.500000 
0.500000 
0.000000 
0.000000 
2.236068 
2.236068 
1.581139 
1.581139 
0.707107 
0.707107 
3.041381 
3.041381 
0.000000 
0.000000 
2.236068 
2.236068 
1.118034 
1.118034 
0.707107 
0.707107 
1.000000 
1.000000 
0.000000 
0.000000 
2.236068 
2.236068 
0.500000 
0.500000 
1.414214 
1.414214 
1.500000 
1.500000 
0.000000 
0.000000 
2.236068 
2.236068 
0.707107 
0.707107 
1.000000 
1.000000 
1.500000 
1.500000 
0.000000 
0.000000 
2.236068 
2.236068 
0.707107 
0.707107 
6.020797 
6.020797 
1.500000 
1.500000 
0.000000 
0.000000 
2.236068 
2.236068 
0.707107 
0.707107 
6.020797 
6.020797 
1.500000 
1.500000 
0.000000 
0.000000 
2.236068 
2.236068 
0.707107 
0.707107 
6.020797 
6.020797 
1.500000 
1.500000 
0.000000 
0.000000 
2.236068 
2.236068 
0.707107 
0.707107 
6.020797 
6.020797 
1.500000 
1.500000 
0.000000 
0.000000 
2.236068 
2.236068 
0.000000 
0.000000 
0.707107 
0.707107 
6.020797 
6.020797 
1.500000 
1.500000 
0.000000 
0.000000 
2.236068 
2.236068 
0.500000 
0.500000 
0.707107 
0.707107 
6.020797 
6.020797 
1.500000 
1.500000 
2.236068 
2.236068 
0.000000 
0.000000 
0.500000 
0.500000 
0.707107 
0.707107 
6.020797 
6.020797 
1.500000 
1.500000 
2.236068 
2.236068 
0.000000 
0.000000 
0.707107 
0.707107 
0.000000 
0.000000 
0.707107 
0.707107 
6.020797 
6.020797 
1.500000 
1.500000 
6.264982 
6.264982 
1.414214 
1.414214 
0.707107 
0.707107 
0.707107 
0.707107 
6.020797 
6.020797 
1.500000 
1.500000 
1.414214 
1.414214 
1.414214 
1.414214 
0.500000 
0.500000 
0.707107 
0.707107 
6.020797 
6.020797 
1.500000 
1.500000 
1.118034 
1.118034 
1.414214 
1.414214 
3.041381 
3.041381 
0.707107 
0.707107 
6.020797 
6.020797 
1.500000 
1.500000 
1.581139 
1.581139 
1.414214 
1.414214 
3.041381 
3.041381 
0.707107 
0.707107 
6.020797 
6.020797 
1.500000 
1.500000 
1.500000 
1.500000 
1.414214 
1.414214 
3.041381 
3.041381 
0.707107 
0.707107 
6.020797 
6.020797 
1.500000 
1.500000 
1.500000 
1.500000 
1.414214 
1.414214 
1.118034 
1.118034 
0.707107 
0.707107 
6.020797 
6.020797 
0.000000 
0.000000 
2.915476 
2.915476 
8.139410 
8.139410 
0.000000 
0.000000 
6.020797 
6.020797 
0.500000 
0.500000 
2.061553 
2.061553 
2.000000 
2.000000 
0.000000 
0.000000 
0.500000 
0.500000 
1.581139 
1.581139 
2.000000 
2.000000 
0.707107 
0.707107 
1.118034 
1.118034 
1.000000 
1.000000 
2.000000 
2.000000 
0.000000 
0.000000 
0.000000 
0.000000 
0.500000 
0.500000 
2.000000 
2.000000 
1.000000 
1.000000 
1.581139 
1.581139 
1.802776 
1.802776 
2.000000 
2.000000 
1.000000 
1.000000 
