0.000000 
0.000000 
0.500000 
0.500000 
0.707107 
0.707107 
0.500000 
0.500000 
0.500000 
0.500000 
1.118034 
1.118034 
32.003906 
32.003906 
1.414214 
1.414214 
0.707107 
0.707107 
0.000000 
0.000000 
0.707107 
0.707107 
26.575365 
26.575365 
0.707107 
0.707107 
0.707107 
0.707107 
0.707107 
0.707107 
1.581139 
1.581139 
0.707107 
0.707107 
0.000000 
0.000000 
31.036269 
31.036269 
0.707107 
0.707107 
2.000000 
2.000000 
19.026298 
19.026298 
0.707107 
0.707107 
1.581139 
1.581139 
2.500000 
2.500000 
0.707107 
0.707107 
2.061553 
2.061553 
1.581139 
1.581139 
0.707107 
0.707107 
1.500000 
1.500000 
2.549510 
2.549510 
0.707107 
0.707107 
3.000000 
3.000000 
1.802776 
1.802776 
0.707107 
0.707107 
1.118034 
1.118034 
1.802776 
1.802776 
0.707107 
0.707107 
2.236068 
2.236068 
1.581139 
1.581139 
0.707107 
0.707107 
4.527693 
4.527693 
1.802776 
1.802776 
0.707107 
0.707107 
22.022716 
22.022716 
14.508618 
14.508618 
0.707107 
0.707107 
22.022716 
22.022716 
2.000000 
2.000000 
0.707107 
0.707107 
22.022716 
22.022716 
1.581139 
1.581139 
34.532593 
34.532593 
1.581139 
1.581139 
34.532593 
34.532593 
1.581139 
1.581139 
34.532593 
34.532593 
1.581139 
1.581139 
34.532593 
34.532593 
1.581139 
1.581139 
34.532593 
34.532593 
1.581139 
1.581139 
34.532593 
34.532593 
1.581139 
1.581139 
34.532593 
34.532593 
1.581139 
1.581139 
34.532593 
34.532593 
1.581139 
1.581139 
34.532593 
34.532593 
1.581139 
1.581139 
34.532593 
34.532593 
23.420077 
23.420077 
34.532593 
34.532593 
7.826238 
7.826238 
34.532593 
34.532593 
7.826238 
7.826238 
30.700163 
30.700163 
7.826238 
7.826238 
2.500000 
2.500000 
7.826238 
7.826238 
