0.000000 
0.000000 
0.500000 
0.500000 
1.000000 
1.000000 
2.121320 
2.121320 
3.000000 
3.000000 
3.041381 
3.041381 
3.162278 
3.162278 
2.549510 
2.549510 
2.692582 
2.692582 
11.011358 
11.011358 
5.099020 
5.099020 
5.000000 
5.000000 
0.000000 
0.000000 
5.522681 
5.522681 
2.061553 
2.061553 
2.692582 
2.692582 
1.118034 
1.118034 
11.101802 
11.101802 
1.118034 
1.118034 
5.024938 
5.024938 
1.581139 
1.581139 
5.220153 
5.220153 
2.692582 
2.692582 
5.220153 
5.220153 
3.201562 
3.201562 
5.220153 
5.220153 
2.500000 
2.500000 
5.220153 
5.220153 
1.118034 
1.118034 
5.220153 
5.220153 
10.606602 
10.606602 
5.220153 
5.220153 
2.500000 
2.500000 
5.220153 
5.220153 
2.500000 
2.500000 
5.220153 
5.220153 
0.000000 
0.000000 
2.500000 
2.500000 
5.220153 
5.220153 
6.020797 
6.020797 
2.500000 
2.500000 
5.220153 
5.220153 
3.041381 
3.041381 
2.500000 
2.500000 
5.220153 
5.220153 
1.500000 
1.500000 
2.500000 
2.500000 
5.220153 
5.220153 
1.000000 
1.000000 
2.500000 
2.500000 
5.220153 
5.220153 
0.000000 
0.000000 
8.015610 
8.015610 
2.500000 
2.500000 
5.220153 
5.220153 
1.500000 
1.500000 
1.802776 
1.802776 
2.500000 
2.500000 
5.220153 
5.220153 
1.500000 
1.500000 
2.121320 
2.121320 
2.500000 
2.500000 
1.500000 
1.500000 
2.061553 
2.061553 
2.500000 
2.500000 
19.006578 
19.006578 
2.549510 
2.549510 
2.500000 
2.500000 
2.236068 
2.236068 
3.201562 
3.201562 
2.500000 
2.500000 
2.236068 
2.236068 
3.201562 
3.201562 
2.500000 
2.500000 
7.433034 
7.433034 
3.201562 
3.201562 
2.500000 
2.500000 
9.823441 
9.823441 
3.201562 
3.201562 
3.535534 
3.535534 
3.201562 
3.201562 
