0.000000 
0.000000 
0.000000 
0.000000 
0.000000 
0.000000 
0.000000 
0.000000 
0.000000 
0.000000 
0.000000 
0.000000 
0.000000 
0.000000 
0.500000 
0.500000 
1.118034 
1.118034 
4.472136 
4.472136 
0.500000 
0.500000 
0.500000 
0.500000 
0.000000 
0.000000 
0.000000 
0.000000 
0.000000 
0.000000 
2.236068 
2.236068 
0.500000 
0.500000 
4.472136 
4.472136 
0.500000 
0.500000 
0.500000 
0.500000 
0.500000 
0.500000 
0.707107 
0.707107 
0.000000 
0.000000 
7.433034 
7.433034 
0.000000 
0.000000 
13.509256 
13.509256 
0.500000 
0.500000 
1.000000 
1.000000 
0.000000 
0.000000 
0.000000 
0.000000 
0.000000 
0.000000 
1.802776 
1.802776 
0.000000 
0.000000 
1.000000 
1.000000 
0.707107 
0.707107 
0.707107 
0.707107 
0.707107 
0.707107 
0.000000 
0.000000 
0.000000 
0.000000 
1.500000 
1.500000 
1.000000 
1.000000 
1.500000 
1.500000 
0.500000 
0.500000 
1.000000 
1.000000 
0.000000 
0.000000 
0.500000 
0.500000 
0.000000 
0.000000 
0.000000 
0.000000 
2.061553 
2.061553 
0.000000 
0.000000 
20.000000 
20.000000 
0.500000 
0.500000 
0.500000 
0.500000 
0.500000 
0.500000 
0.000000 
0.000000 
0.500000 
0.500000 
0.000000 
0.000000 
2.000000 
2.000000 
0.500000 
0.500000 
0.707107 
0.707107 
1.000000 
1.000000 
0.500000 
0.500000 
1.118034 
1.118034 
0.000000 
0.000000 
0.500000 
0.500000 
0.000000 
0.000000 
1.802776 
1.802776 
0.500000 
0.500000 
0.500000 
0.500000 
0.500000 
0.500000 
1.118034 
1.118034 
0.000000 
0.000000 
0.000000 
0.000000 
0.707107 
0.707107 
0.000000 
0.000000 
0.500000 
0.500000 
0.500000 
0.500000 
2.549510 
2.549510 
0.000000 
0.000000 
1.000000 
1.000000 
0.500000 
0.500000 
0.000000 
0.000000 
0.000000 
0.000000 
0.000000 
0.000000 
0.707107 
0.707107 
0.000000 
0.000000 
4.123106 
4.123106 
0.500000 
0.500000 
2.549510 
2.549510 
0.000000 
0.000000 
1.802776 
1.802776 
0.000000 
0.000000 
0.000000 
0.000000 
1.118034 
1.118034 
0.707107 
0.707107 
0.500000 
0.500000 
0.000000 
0.000000 
0.707107 
0.707107 
0.500000 
0.500000 
2.549510 
2.549510 
0.707107 
0.707107 
0.500000 
0.500000 
0.000000 
0.000000 
0.500000 
0.500000 
1.000000 
1.000000 
5.590170 
5.590170 
0.000000 
0.000000 
0.000000 
0.000000 
0.707107 
0.707107 
0.500000 
0.500000 
2.549510 
2.549510 
0.500000 
0.500000 
0.707107 
0.707107 
0.500000 
0.500000 
0.000000 
0.000000 
1.581139 
1.581139 
2.236068 
2.236068 
0.000000 
0.000000 
0.000000 
0.000000 
1.000000 
1.000000 
0.500000 
0.500000 
2.549510 
2.549510 
0.500000 
0.500000 
1.118034 
1.118034 
0.500000 
0.500000 
0.500000 
0.500000 
1.581139 
1.581139 
1.581139 
1.581139 
0.500000 
0.500000 
0.000000 
0.000000 
2.236068 
2.236068 
0.500000 
0.500000 
2.549510 
2.549510 
1.118034 
1.118034 
1.500000 
1.500000 
1.000000 
1.000000 
0.500000 
0.500000 
0.000000 
0.000000 
1.000000 
1.000000 
0.500000 
0.500000 
0.000000 
0.000000 
2.692582 
2.692582 
0.500000 
0.500000 
2.549510 
2.549510 
1.118034 
1.118034 
0.500000 
0.500000 
0.707107 
0.707107 
0.500000 
0.500000 
0.000000 
0.000000 
1.802776 
1.802776 
1.000000 
1.000000 
0.000000 
0.000000 
2.236068 
2.236068 
0.500000 
0.500000 
2.549510 
2.549510 
1.118034 
1.118034 
10.124228 
10.124228 
0.707107 
0.707107 
0.500000 
0.500000 
7.000000 
7.000000 
0.707107 
0.707107 
6.000000 
6.000000 
5.099020 
5.099020 
0.500000 
0.500000 
2.549510 
2.549510 
1.118034 
1.118034 
1.581139 
1.581139 
0.707107 
0.707107 
0.500000 
0.500000 
9.192388 
9.192388 
0.707107 
0.707107 
2.549510 
2.549510 
3.041381 
3.041381 
0.500000 
0.500000 
2.549510 
2.549510 
1.118034 
1.118034 
4.000000 
4.000000 
0.707107 
0.707107 
0.500000 
0.500000 
3.640055 
3.640055 
1.118034 
1.118034 
3.041381 
3.041381 
4.031129 
4.031129 
0.500000 
0.500000 
2.549510 
2.549510 
1.118034 
1.118034 
4.031129 
4.031129 
0.707107 
0.707107 
0.500000 
0.500000 
0.000000 
0.000000 
3.640055 
3.640055 
1.118034 
1.118034 
7.500000 
7.500000 
2.549510 
2.549510 
0.500000 
0.500000 
2.549510 
2.549510 
1.118034 
1.118034 
4.031129 
4.031129 
0.707107 
0.707107 
0.500000 
0.500000 
12.500000 
12.500000 
3.640055 
3.640055 
1.118034 
1.118034 
3.000000 
3.000000 
5.590170 
5.590170 
0.500000 
0.500000 
2.549510 
2.549510 
1.118034 
1.118034 
4.031129 
4.031129 
0.707107 
0.707107 
0.500000 
0.500000 
13.536986 
13.536986 
3.640055 
3.640055 
1.118034 
1.118034 
3.640055 
3.640055 
2.500000 
2.500000 
0.500000 
0.500000 
2.549510 
2.549510 
1.118034 
1.118034 
4.031129 
4.031129 
0.707107 
0.707107 
0.500000 
0.500000 
0.000000 
0.000000 
3.041381 
3.041381 
3.640055 
3.640055 
1.118034 
1.118034 
8.732125 
8.732125 
2.692582 
2.692582 
2.549510 
2.549510 
1.118034 
1.118034 
4.031129 
4.031129 
0.707107 
0.707107 
0.500000 
0.500000 
2.828427 
2.828427 
1.500000 
1.500000 
3.640055 
3.640055 
1.118034 
1.118034 
2.915476 
2.915476 
2.000000 
2.000000 
1.118034 
1.118034 
4.031129 
4.031129 
0.707107 
0.707107 
0.500000 
0.500000 
1.802776 
1.802776 
1.500000 
1.500000 
3.640055 
3.640055 
1.118034 
1.118034 
3.041381 
3.041381 
2.000000 
2.000000 
1.118034 
1.118034 
4.031129 
4.031129 
0.707107 
0.707107 
0.500000 
0.500000 
0.000000 
0.000000 
1.802776 
1.802776 
1.500000 
1.500000 
3.640055 
3.640055 
1.118034 
1.118034 
2.000000 
2.000000 
2.000000 
2.000000 
1.118034 
1.118034 
4.031129 
4.031129 
0.707107 
0.707107 
0.500000 
0.500000 
0.000000 
0.000000 
2.061553 
2.061553 
1.500000 
1.500000 
1.500000 
1.500000 
3.640055 
3.640055 
1.118034 
1.118034 
6.519202 
6.519202 
2.000000 
2.000000 
1.118034 
1.118034 
4.031129 
4.031129 
0.707107 
0.707107 
0.500000 
0.500000 
2.549510 
2.549510 
1.581139 
1.581139 
7.826238 
7.826238 
1.500000 
1.500000 
3.640055 
3.640055 
1.118034 
1.118034 
2.236068 
2.236068 
2.000000 
2.000000 
1.118034 
1.118034 
4.031129 
4.031129 
0.707107 
0.707107 
0.500000 
0.500000 
2.061553 
2.061553 
1.581139 
1.581139 
3.000000 
3.000000 
1.500000 
1.500000 
3.640055 
3.640055 
1.118034 
1.118034 
2.000000 
2.000000 
2.000000 
2.000000 
4.031129 
4.031129 
0.707107 
0.707107 
0.500000 
0.500000 
2.061553 
2.061553 
1.802776 
1.802776 
3.041381 
3.041381 
1.500000 
1.500000 
3.640055 
3.640055 
1.118034 
1.118034 
2.061553 
2.061553 
2.000000 
2.000000 
4.031129 
4.031129 
7.017834 
7.017834 
1.000000 
1.000000 
1.500000 
1.500000 
1.500000 
1.500000 
3.640055 
3.640055 
1.118034 
1.118034 
1.581139 
1.581139 
2.000000 
2.000000 
4.031129 
4.031129 
9.617692 
9.617692 
2.000000 
2.000000 
5.522681 
5.522681 
1.500000 
1.500000 
3.640055 
3.640055 
1.118034 
1.118034 
4.527693 
4.527693 
2.000000 
2.000000 
4.031129 
4.031129 
1.581139 
1.581139 
0.500000 
0.500000 
2.000000 
2.000000 
1.500000 
1.500000 
3.640055 
3.640055 
1.118034 
1.118034 
1.118034 
1.118034 
2.000000 
2.000000 
4.031129 
4.031129 
1.581139 
1.581139 
0.500000 
0.500000 
3.640055 
3.640055 
1.500000 
1.500000 
2.000000 
2.000000 
2.000000 
2.000000 
1.581139 
1.581139 
0.500000 
0.500000 
2.500000 
2.500000 
1.500000 
1.500000 
1.118034 
1.118034 
2.000000 
2.000000 
1.581139 
1.581139 
1.118034 
1.118034 
4.527693 
4.527693 
1.500000 
1.500000 
1.500000 
1.500000 
2.000000 
2.000000 
1.581139 
1.581139 
2.915476 
2.915476 
1.581139 
1.581139 
1.500000 
1.500000 
4.272002 
4.272002 
2.000000 
2.000000 
1.581139 
1.581139 
2.121320 
2.121320 
2.500000 
2.500000 
1.500000 
1.500000 
0.500000 
0.500000 
2.000000 
2.000000 
