0.000000 
0.000000 
0.000000 
0.000000 
0.000000 
0.000000 
0.000000 
0.000000 
0.000000 
0.000000 
0.500000 
0.500000 
1.118034 
1.118034 
0.707107 
0.707107 
2.000000 
2.000000 
2.061553 
2.061553 
0.707107 
0.707107 
0.707107 
0.707107 
1.118034 
1.118034 
1.581139 
1.581139 
10.511898 
10.511898 
0.000000 
0.000000 
0.500000 
0.500000 
1.118034 
1.118034 
2.000000 
2.000000 
0.500000 
0.500000 
0.500000 
0.500000 
0.500000 
0.500000 
1.118034 
1.118034 
1.118034 
1.118034 
0.000000 
0.000000 
1.118034 
1.118034 
0.500000 
0.500000 
0.500000 
0.500000 
1.118034 
1.118034 
4.527693 
4.527693 
1.118034 
1.118034 
1.118034 
1.118034 
0.000000 
0.000000 
1.118034 
1.118034 
1.118034 
1.118034 
5.522681 
5.522681 
1.581139 
1.581139 
1.802776 
1.802776 
3.500000 
3.500000 
1.118034 
1.118034 
1.118034 
1.118034 
1.581139 
1.581139 
2.121320 
2.121320 
1.500000 
1.500000 
1.000000 
1.000000 
1.118034 
1.118034 
1.118034 
1.118034 
3.041381 
3.041381 
2.236068 
2.236068 
1.500000 
1.500000 
0.000000 
0.000000 
1.000000 
1.000000 
1.118034 
1.118034 
1.000000 
1.000000 
14.637281 
14.637281 
1.581139 
1.581139 
1.414214 
1.414214 
1.000000 
1.000000 
1.118034 
1.118034 
4.301163 
4.301163 
4.123106 
4.123106 
1.000000 
1.000000 
1.118034 
1.118034 
1.581139 
1.581139 
1.118034 
1.118034 
1.000000 
1.000000 
1.802776 
1.802776 
2.236068 
2.236068 
1.118034 
1.118034 
0.707107 
0.707107 
1.118034 
1.118034 
4.272002 
4.272002 
2.236068 
2.236068 
3.041381 
3.041381 
1.414214 
1.414214 
0.500000 
0.500000 
1.118034 
1.118034 
1.581139 
1.581139 
1.802776 
1.802776 
3.000000 
3.000000 
1.414214 
1.414214 
1.414214 
1.414214 
11.597414 
11.597414 
1.118034 
1.118034 
1.118034 
1.118034 
1.000000 
1.000000 
1.414214 
1.414214 
1.000000 
1.000000 
1.118034 
1.118034 
1.000000 
1.000000 
1.118034 
1.118034 
1.500000 
1.500000 
1.414214 
1.414214 
5.147815 
5.147815 
9.513149 
9.513149 
1.000000 
1.000000 
1.414214 
1.414214 
1.118034 
1.118034 
5.700877 
5.700877 
0.000000 
0.000000 
0.500000 
0.500000 
0.707107 
0.707107 
5.500000 
5.500000 
0.500000 
0.500000 
0.500000 
0.500000 
1.118034 
1.118034 
1.500000 
1.500000 
0.000000 
0.000000 
1.581139 
1.581139 
0.500000 
0.500000 
1.000000 
1.000000 
1.000000 
1.000000 
1.000000 
1.000000 
0.707107 
0.707107 
0.000000 
0.000000 
1.802776 
1.802776 
1.000000 
1.000000 
0.500000 
0.500000 
2.061553 
2.061553 
1.802776 
1.802776 
0.707107 
0.707107 
0.707107 
0.707107 
1.581139 
1.581139 
0.500000 
0.500000 
1.118034 
1.118034 
1.581139 
1.581139 
1.581139 
1.581139 
1.118034 
1.118034 
1.118034 
1.118034 
1.581139 
1.581139 
1.000000 
1.000000 
0.707107 
0.707107 
6.576473 
6.576473 
1.414214 
1.414214 
0.500000 
0.500000 
0.500000 
0.500000 
1.581139 
1.581139 
3.041381 
3.041381 
0.500000 
0.500000 
2.061553 
2.061553 
0.500000 
0.500000 
1.118034 
1.118034 
0.000000 
0.000000 
0.000000 
0.000000 
1.581139 
1.581139 
4.527693 
4.527693 
0.500000 
0.500000 
2.915476 
2.915476 
0.707107 
0.707107 
0.707107 
0.707107 
1.802776 
1.802776 
0.500000 
0.500000 
1.581139 
1.581139 
0.707107 
0.707107 
1.000000 
1.000000 
1.802776 
1.802776 
0.000000 
0.000000 
0.500000 
0.500000 
2.236068 
2.236068 
1.414214 
1.414214 
1.581139 
1.581139 
1.500000 
1.500000 
0.500000 
0.500000 
0.707107 
0.707107 
0.500000 
0.500000 
0.707107 
0.707107 
0.000000 
0.000000 
2.061553 
2.061553 
0.707107 
0.707107 
1.581139 
1.581139 
1.500000 
1.500000 
0.707107 
0.707107 
1.118034 
1.118034 
4.500000 
4.500000 
0.500000 
0.500000 
0.000000 
0.000000 
2.549510 
2.549510 
0.707107 
0.707107 
1.581139 
1.581139 
1.581139 
1.581139 
1.118034 
1.118034 
1.802776 
1.802776 
0.500000 
0.500000 
0.500000 
0.500000 
0.000000 
0.000000 
8.062258 
8.062258 
0.500000 
0.500000 
1.581139 
1.581139 
1.500000 
1.500000 
0.707107 
0.707107 
1.414214 
1.414214 
0.500000 
0.500000 
0.707107 
0.707107 
0.000000 
0.000000 
3.000000 
3.000000 
1.118034 
1.118034 
1.581139 
1.581139 
1.118034 
1.118034 
0.500000 
0.500000 
2.000000 
2.000000 
0.707107 
0.707107 
0.500000 
0.500000 
0.000000 
0.000000 
2.061553 
2.061553 
1.581139 
1.581139 
1.581139 
1.581139 
1.414214 
1.414214 
1.118034 
1.118034 
1.581139 
1.581139 
1.581139 
1.581139 
0.500000 
0.500000 
0.000000 
0.000000 
7.071068 
7.071068 
1.000000 
1.000000 
1.581139 
1.581139 
0.500000 
0.500000 
0.500000 
0.500000 
1.581139 
1.581139 
1.118034 
1.118034 
0.500000 
0.500000 
0.000000 
0.000000 
2.549510 
2.549510 
4.031129 
4.031129 
1.581139 
1.581139 
4.527693 
4.527693 
1.118034 
1.118034 
5.700877 
5.700877 
0.500000 
0.500000 
0.000000 
0.000000 
0.000000 
0.000000 
1.581139 
1.581139 
0.500000 
0.500000 
1.581139 
1.581139 
1.000000 
1.000000 
1.000000 
1.000000 
2.236068 
2.236068 
1.500000 
1.500000 
0.500000 
0.500000 
0.000000 
0.000000 
2.500000 
2.500000 
0.500000 
0.500000 
1.581139 
1.581139 
1.118034 
1.118034 
0.500000 
0.500000 
2.000000 
2.000000 
0.707107 
0.707107 
0.500000 
0.500000 
0.000000 
0.000000 
2.121320 
2.121320 
1.000000 
1.000000 
1.581139 
1.581139 
4.031129 
4.031129 
6.020797 
6.020797 
1.581139 
1.581139 
0.000000 
0.000000 
0.000000 
0.000000 
7.000000 
7.000000 
1.581139 
1.581139 
2.000000 
2.000000 
1.118034 
1.118034 
0.707107 
0.707107 
3.162278 
3.162278 
0.707107 
0.707107 
0.000000 
0.000000 
2.549510 
2.549510 
1.581139 
1.581139 
2.000000 
2.000000 
2.061553 
2.061553 
0.707107 
0.707107 
1.414214 
1.414214 
0.707107 
0.707107 
