0.000000 
0.000000 
0.000000 
0.000000 
0.000000 
0.000000 
2.000000 
2.000000 
2.500000 
2.500000 
7.158911 
7.158911 
0.000000 
0.000000 
3.041381 
3.041381 
2.061553 
2.061553 
0.707107 
0.707107 
2.915476 
2.915476 
3.041381 
3.041381 
4.609772 
4.609772 
1.118034 
1.118034 
0.000000 
0.000000 
1.802776 
1.802776 
3.041381 
3.041381 
1.000000 
1.000000 
2.000000 
2.000000 
0.000000 
0.000000 
1.802776 
1.802776 
1.414214 
1.414214 
3.041381 
3.041381 
4.609772 
4.609772 
1.118034 
1.118034 
1.500000 
1.500000 
1.000000 
1.000000 
1.414214 
1.414214 
3.041381 
3.041381 
1.118034 
1.118034 
2.061553 
2.061553 
2.549510 
2.549510 
1.000000 
1.000000 
1.414214 
1.414214 
3.041381 
3.041381 
1.000000 
1.000000 
1.414214 
1.414214 
0.000000 
0.000000 
2.549510 
2.549510 
1.000000 
1.000000 
1.414214 
1.414214 
3.041381 
3.041381 
1.118034 
1.118034 
1.118034 
1.118034 
1.581139 
1.581139 
2.061553 
2.061553 
1.000000 
1.000000 
1.414214 
1.414214 
3.041381 
3.041381 
2.000000 
2.000000 
1.118034 
1.118034 
2.000000 
2.000000 
1.118034 
1.118034 
1.000000 
1.000000 
1.414214 
1.414214 
3.041381 
3.041381 
2.500000 
2.500000 
3.500000 
3.500000 
1.500000 
1.500000 
4.609772 
4.609772 
1.000000 
1.000000 
1.414214 
1.414214 
3.041381 
3.041381 
2.236068 
2.236068 
4.123106 
4.123106 
1.000000 
1.000000 
1.414214 
1.414214 
1.000000 
1.000000 
1.414214 
1.414214 
3.041381 
3.041381 
6.324555 
6.324555 
5.830952 
5.830952 
6.103278 
6.103278 
2.692582 
2.692582 
1.000000 
1.000000 
1.414214 
1.414214 
3.041381 
3.041381 
1.581139 
1.581139 
2.061553 
2.061553 
0.500000 
0.500000 
1.802776 
1.802776 
1.000000 
1.000000 
1.414214 
1.414214 
3.041381 
3.041381 
2.500000 
2.500000 
0.500000 
0.500000 
0.000000 
0.000000 
2.061553 
2.061553 
1.000000 
1.000000 
1.414214 
1.414214 
3.041381 
3.041381 
1.500000 
1.500000 
1.000000 
1.000000 
1.500000 
1.500000 
1.500000 
1.500000 
1.000000 
1.000000 
1.414214 
1.414214 
3.041381 
3.041381 
10.049876 
10.049876 
2.236068 
2.236068 
1.581139 
1.581139 
2.692582 
2.692582 
1.000000 
1.000000 
1.414214 
1.414214 
2.236068 
2.236068 
1.414214 
1.414214 
1.581139 
1.581139 
3.500000 
3.500000 
1.000000 
1.000000 
1.414214 
1.414214 
2.000000 
2.000000 
11.011358 
11.011358 
1.500000 
1.500000 
0.707107 
0.707107 
1.000000 
1.000000 
1.414214 
1.414214 
1.581139 
1.581139 
3.535534 
3.535534 
0.707107 
0.707107 
1.000000 
1.000000 
1.000000 
1.000000 
1.414214 
1.414214 
0.000000 
0.000000 
3.201562 
3.201562 
1.000000 
1.000000 
0.000000 
0.000000 
0.707107 
0.707107 
1.000000 
1.000000 
0.707107 
0.707107 
0.500000 
0.500000 
0.000000 
0.000000 
0.000000 
0.000000 
1.118034 
1.118034 
1.118034 
1.118034 
0.500000 
0.500000 
4.500000 
4.500000 
0.000000 
0.000000 
0.707107 
0.707107 
0.500000 
0.500000 
4.527693 
4.527693 
4.031129 
4.031129 
0.000000 
0.000000 
0.000000 
0.000000 
0.707107 
0.707107 
1.414214 
1.414214 
5.500000 
5.500000 
4.031129 
4.031129 
0.000000 
0.000000 
1.581139 
1.581139 
0.000000 
0.000000 
1.000000 
1.000000 
4.000000 
4.000000 
0.500000 
0.500000 
4.031129 
4.031129 
1.802776 
1.802776 
1.414214 
1.414214 
0.000000 
0.000000 
1.581139 
1.581139 
1.581139 
1.581139 
6.000000 
6.000000 
4.031129 
4.031129 
1.802776 
1.802776 
1.581139 
1.581139 
0.000000 
0.000000 
2.061553 
2.061553 
3.162278 
3.162278 
0.707107 
0.707107 
4.031129 
4.031129 
1.802776 
1.802776 
11.011358 
11.011358 
0.000000 
0.000000 
2.061553 
2.061553 
2.500000 
2.500000 
0.707107 
0.707107 
4.031129 
4.031129 
0.000000 
0.000000 
0.000000 
0.000000 
1.802776 
1.802776 
2.692582 
2.692582 
0.000000 
0.000000 
2.061553 
2.061553 
1.802776 
1.802776 
0.500000 
0.500000 
4.031129 
4.031129 
1.118034 
1.118034 
1.118034 
1.118034 
1.802776 
1.802776 
3.605551 
3.605551 
0.000000 
0.000000 
2.061553 
2.061553 
1.000000 
1.000000 
1.802776 
1.802776 
4.031129 
4.031129 
0.000000 
0.000000 
1.000000 
1.000000 
1.118034 
1.118034 
1.802776 
1.802776 
1.414214 
1.414214 
0.000000 
0.000000 
2.061553 
2.061553 
4.500000 
4.500000 
1.581139 
1.581139 
4.031129 
4.031129 
1.118034 
1.118034 
0.500000 
0.500000 
7.000000 
7.000000 
1.802776 
1.802776 
1.414214 
1.414214 
0.000000 
0.000000 
2.061553 
2.061553 
1.802776 
1.802776 
2.692582 
2.692582 
4.031129 
4.031129 
6.041523 
6.041523 
0.707107 
0.707107 
1.414214 
1.414214 
1.802776 
1.802776 
1.414214 
1.414214 
0.000000 
0.000000 
2.061553 
2.061553 
2.549510 
2.549510 
1.500000 
1.500000 
4.031129 
4.031129 
0.707107 
0.707107 
3.162278 
3.162278 
1.118034 
1.118034 
1.802776 
1.802776 
1.414214 
1.414214 
0.000000 
0.000000 
2.061553 
2.061553 
2.061553 
2.061553 
1.581139 
1.581139 
4.031129 
4.031129 
1.414214 
1.414214 
0.707107 
0.707107 
0.500000 
0.500000 
1.802776 
1.802776 
1.414214 
1.414214 
0.000000 
0.000000 
2.061553 
2.061553 
2.061553 
2.061553 
0.500000 
0.500000 
4.031129 
4.031129 
1.500000 
1.500000 
0.707107 
0.707107 
0.500000 
0.500000 
1.802776 
1.802776 
14.637281 
14.637281 
0.000000 
0.000000 
2.061553 
2.061553 
1.500000 
1.500000 
4.527693 
4.527693 
4.031129 
4.031129 
1.000000 
1.000000 
1.118034 
1.118034 
0.500000 
0.500000 
1.802776 
1.802776 
1.802776 
1.802776 
0.000000 
0.000000 
2.061553 
2.061553 
4.000000 
4.000000 
1.581139 
1.581139 
4.031129 
4.031129 
