0.000000 
0.000000 
0.000000 
0.000000 
0.000000 
0.000000 
0.000000 
0.000000 
0.000000 
0.000000 
0.500000 
0.500000 
2.000000 
2.000000 
1.802776 
1.802776 
2.000000 
2.000000 
0.500000 
0.500000 
2.915476 
2.915476 
1.118034 
1.118034 
0.707107 
0.707107 
1.118034 
1.118034 
0.000000 
0.000000 
1.802776 
1.802776 
0.707107 
0.707107 
2.549510 
2.549510 
1.581139 
1.581139 
0.500000 
0.500000 
2.915476 
2.915476 
1.500000 
1.500000 
1.000000 
1.000000 
1.000000 
1.000000 
4.123106 
4.123106 
2.692582 
2.692582 
1.500000 
1.500000 
0.500000 
0.500000 
1.414214 
1.414214 
1.581139 
1.581139 
0.000000 
0.000000 
3.354102 
3.354102 
1.118034 
1.118034 
1.000000 
1.000000 
1.000000 
1.000000 
3.000000 
3.000000 
0.000000 
0.000000 
1.000000 
1.000000 
6.519202 
6.519202 
1.118034 
1.118034 
1.500000 
1.500000 
1.500000 
1.500000 
3.162278 
3.162278 
1.581139 
1.581139 
4.000000 
4.000000 
3.640055 
3.640055 
1.118034 
1.118034 
1.000000 
1.000000 
0.500000 
0.500000 
6.082763 
6.082763 
1.118034 
1.118034 
0.000000 
0.000000 
3.640055 
3.640055 
1.581139 
1.581139 
1.581139 
1.581139 
2.000000 
2.000000 
2.000000 
2.000000 
1.118034 
1.118034 
0.500000 
0.500000 
7.500000 
7.500000 
0.707107 
0.707107 
1.000000 
1.000000 
1.118034 
1.118034 
3.535534 
3.535534 
1.118034 
1.118034 
3.041381 
3.041381 
4.609772 
4.609772 
1.414214 
1.414214 
4.000000 
4.000000 
1.802776 
1.802776 
3.535534 
3.535534 
0.707107 
0.707107 
3.041381 
3.041381 
3.500000 
3.500000 
1.000000 
1.000000 
1.118034 
1.118034 
4.500000 
4.500000 
5.500000 
5.500000 
0.000000 
0.000000 
1.414214 
1.414214 
3.041381 
3.041381 
9.000000 
9.000000 
1.000000 
1.000000 
2.500000 
2.500000 
1.000000 
1.000000 
2.061553 
2.061553 
1.118034 
1.118034 
1.000000 
1.000000 
6.020797 
6.020797 
3.640055 
3.640055 
2.500000 
2.500000 
0.707107 
0.707107 
1.118034 
1.118034 
2.236068 
2.236068 
5.500000 
5.500000 
1.118034 
1.118034 
1.118034 
1.118034 
8.015610 
8.015610 
3.354102 
3.354102 
0.500000 
0.500000 
1.000000 
1.000000 
2.061553 
2.061553 
1.118034 
1.118034 
3.640055 
3.640055 
0.000000 
0.000000 
3.000000 
3.000000 
7.382412 
7.382412 
0.707107 
0.707107 
0.707107 
0.707107 
1.118034 
1.118034 
0.000000 
0.000000 
0.500000 
0.500000 
0.707107 
0.707107 
0.500000 
0.500000 
4.000000 
4.000000 
10.688779 
10.688779 
0.707107 
0.707107 
0.000000 
0.000000 
1.802776 
1.802776 
0.500000 
0.500000 
0.500000 
0.500000 
0.500000 
0.500000 
0.000000 
0.000000 
6.000000 
6.000000 
2.236068 
2.236068 
1.000000 
1.000000 
0.000000 
0.000000 
0.707107 
0.707107 
0.500000 
0.500000 
6.082763 
6.082763 
0.500000 
0.500000 
1.000000 
1.000000 
3.041381 
3.041381 
11.011358 
11.011358 
0.707107 
0.707107 
0.500000 
0.500000 
0.500000 
0.500000 
5.590170 
5.590170 
0.500000 
0.500000 
3.640055 
3.640055 
0.000000 
0.000000 
3.807887 
3.807887 
0.500000 
0.500000 
1.118034 
1.118034 
0.500000 
0.500000 
0.500000 
0.500000 
5.590170 
5.590170 
0.500000 
0.500000 
0.707107 
0.707107 
0.707107 
0.707107 
7.516648 
7.516648 
1.581139 
1.581139 
1.000000 
1.000000 
0.500000 
0.500000 
0.500000 
0.500000 
1.118034 
1.118034 
0.500000 
0.500000 
3.640055 
3.640055 
0.707107 
0.707107 
2.500000 
2.500000 
0.707107 
0.707107 
1.000000 
1.000000 
0.500000 
0.500000 
0.500000 
0.500000 
1.118034 
1.118034 
7.017834 
7.017834 
0.000000 
0.000000 
0.707107 
0.707107 
3.640055 
3.640055 
0.707107 
0.707107 
0.707107 
0.707107 
0.000000 
0.000000 
0.500000 
0.500000 
0.000000 
0.000000 
14.534442 
14.534442 
0.707107 
0.707107 
0.000000 
0.000000 
4.031129 
4.031129 
2.915476 
2.915476 
1.000000 
1.000000 
3.000000 
3.000000 
0.000000 
0.000000 
1.000000 
1.000000 
0.000000 
0.000000 
0.000000 
0.000000 
0.000000 
0.000000 
0.000000 
0.000000 
14.534442 
14.534442 
0.707107 
0.707107 
3.640055 
3.640055 
0.000000 
0.000000 
2.915476 
2.915476 
1.000000 
1.000000 
1.118034 
1.118034 
0.707107 
0.707107 
1.000000 
1.000000 
0.000000 
0.000000 
0.000000 
0.000000 
3.807887 
3.807887 
1.500000 
1.500000 
0.000000 
0.000000 
14.534442 
14.534442 
0.707107 
0.707107 
0.000000 
0.000000 
0.500000 
0.500000 
2.915476 
2.915476 
1.000000 
1.000000 
0.500000 
0.500000 
0.707107 
0.707107 
2.061553 
2.061553 
0.500000 
0.500000 
0.500000 
0.500000 
8.015610 
8.015610 
7.500000 
7.500000 
0.000000 
0.000000 
14.534442 
14.534442 
0.707107 
0.707107 
0.500000 
0.500000 
0.500000 
0.500000 
2.915476 
2.915476 
1.000000 
1.000000 
0.707107 
0.707107 
0.000000 
0.000000 
0.500000 
0.500000 
1.000000 
1.000000 
0.000000 
0.000000 
3.354102 
3.354102 
1.500000 
1.500000 
0.000000 
0.000000 
14.534442 
14.534442 
0.707107 
0.707107 
0.500000 
0.500000 
0.000000 
0.000000 
2.915476 
2.915476 
1.000000 
1.000000 
1.000000 
1.000000 
0.500000 
0.500000 
1.500000 
1.500000 
0.500000 
0.500000 
0.500000 
0.500000 
2.549510 
2.549510 
0.707107 
0.707107 
0.000000 
0.000000 
14.534442 
14.534442 
1.118034 
1.118034 
0.000000 
0.000000 
0.707107 
0.707107 
2.915476 
2.915476 
1.000000 
1.000000 
1.000000 
1.000000 
0.707107 
0.707107 
2.061553 
2.061553 
0.000000 
0.000000 
0.500000 
0.500000 
2.549510 
2.549510 
0.707107 
0.707107 
0.000000 
0.000000 
14.534442 
14.534442 
1.118034 
1.118034 
0.707107 
0.707107 
0.500000 
0.500000 
2.915476 
2.915476 
1.000000 
1.000000 
2.061553 
2.061553 
0.707107 
0.707107 
1.000000 
1.000000 
0.000000 
0.000000 
0.000000 
0.000000 
0.500000 
0.500000 
2.549510 
2.549510 
0.707107 
0.707107 
0.000000 
0.000000 
14.534442 
14.534442 
1.118034 
1.118034 
0.500000 
0.500000 
0.500000 
0.500000 
2.915476 
2.915476 
1.000000 
1.000000 
1.581139 
1.581139 
0.500000 
0.500000 
0.707107 
0.707107 
4.031129 
4.031129 
0.000000 
0.000000 
0.500000 
0.500000 
2.549510 
2.549510 
0.707107 
0.707107 
0.000000 
0.000000 
14.534442 
14.534442 
1.118034 
1.118034 
1.118034 
1.118034 
0.500000 
0.500000 
2.915476 
2.915476 
1.000000 
1.000000 
2.000000 
2.000000 
1.118034 
1.118034 
4.500000 
4.500000 
6.519202 
6.519202 
0.000000 
0.000000 
0.500000 
0.500000 
2.549510 
2.549510 
0.707107 
0.707107 
0.000000 
0.000000 
14.534442 
14.534442 
1.118034 
1.118034 
0.500000 
0.500000 
0.500000 
0.500000 
2.915476 
2.915476 
1.000000 
1.000000 
1.414214 
1.414214 
4.031129 
4.031129 
1.581139 
1.581139 
2.236068 
2.236068 
0.000000 
0.000000 
0.500000 
0.500000 
2.549510 
2.549510 
0.707107 
0.707107 
0.000000 
0.000000 
14.534442 
14.534442 
1.118034 
1.118034 
0.707107 
0.707107 
0.500000 
0.500000 
2.915476 
2.915476 
1.000000 
1.000000 
1.414214 
1.414214 
1.414214 
1.414214 
2.236068 
2.236068 
1.000000 
1.000000 
0.000000 
0.000000 
0.500000 
0.500000 
2.549510 
2.549510 
0.707107 
0.707107 
0.000000 
0.000000 
14.534442 
14.534442 
1.118034 
1.118034 
0.707107 
0.707107 
0.500000 
0.500000 
2.915476 
2.915476 
1.000000 
1.000000 
1.414214 
1.414214 
2.000000 
2.000000 
3.041381 
3.041381 
1.000000 
1.000000 
0.000000 
0.000000 
0.500000 
0.500000 
2.549510 
2.549510 
0.707107 
0.707107 
0.000000 
0.000000 
14.534442 
14.534442 
1.118034 
1.118034 
0.707107 
0.707107 
0.500000 
0.500000 
2.915476 
2.915476 
1.000000 
1.000000 
1.414214 
1.414214 
1.581139 
1.581139 
2.061553 
2.061553 
0.500000 
0.500000 
0.000000 
0.000000 
0.500000 
0.500000 
2.549510 
2.549510 
0.707107 
0.707107 
0.000000 
0.000000 
14.534442 
14.534442 
1.118034 
1.118034 
0.707107 
0.707107 
0.500000 
0.500000 
2.915476 
2.915476 
1.000000 
1.000000 
1.414214 
1.414214 
2.236068 
2.236068 
1.500000 
1.500000 
2.692582 
2.692582 
0.000000 
0.000000 
0.500000 
0.500000 
2.549510 
2.549510 
0.707107 
0.707107 
0.000000 
0.000000 
14.534442 
14.534442 
1.118034 
1.118034 
0.707107 
0.707107 
0.500000 
0.500000 
2.915476 
2.915476 
1.000000 
1.000000 
1.414214 
1.414214 
1.500000 
1.500000 
4.743416 
4.743416 
