0.000000 
0.000000 
0.000000 
0.000000 
0.000000 
0.000000 
0.000000 
0.000000 
1.000000 
1.000000 
1.414214 
1.414214 
7.000000 
7.000000 
2.236068 
2.236068 
0.000000 
0.000000 
0.707107 
0.707107 
6.020797 
6.020797 
2.061553 
2.061553 
2.061553 
2.061553 
0.000000 
0.000000 
18.607794 
18.607794 
1.414214 
1.414214 
0.500000 
0.500000 
3.041381 
3.041381 
4.031129 
4.031129 
1.000000 
1.000000 
2.692582 
2.692582 
6.000000 
6.000000 
1.000000 
1.000000 
2.549510 
2.549510 
1.414214 
1.414214 
0.500000 
0.500000 
2.692582 
2.692582 
6.000000 
6.000000 
0.500000 
0.500000 
5.000000 
5.000000 
1.118034 
1.118034 
0.707107 
0.707107 
2.692582 
2.692582 
6.000000 
6.000000 
1.000000 
1.000000 
1.414214 
1.414214 
1.581139 
1.581139 
0.000000 
0.000000 
2.692582 
2.692582 
6.000000 
6.000000 
0.500000 
0.500000 
0.707107 
0.707107 
1.118034 
1.118034 
1.414214 
1.414214 
2.692582 
2.692582 
6.000000 
6.000000 
10.688779 
10.688779 
1.414214 
1.414214 
1.000000 
1.000000 
1.414214 
1.414214 
22.500000 
22.500000 
6.000000 
6.000000 
10.688779 
10.688779 
1.000000 
1.000000 
1.118034 
1.118034 
1.414214 
1.414214 
0.500000 
0.500000 
6.000000 
6.000000 
10.688779 
10.688779 
1.118034 
1.118034 
0.707107 
0.707107 
0.000000 
0.000000 
1.414214 
1.414214 
1.118034 
1.118034 
6.000000 
6.000000 
10.688779 
10.688779 
0.000000 
0.000000 
0.707107 
0.707107 
1.802776 
1.802776 
1.414214 
1.414214 
1.118034 
1.118034 
6.000000 
6.000000 
10.688779 
10.688779 
1.118034 
1.118034 
0.707107 
0.707107 
0.000000 
0.000000 
1.581139 
1.581139 
1.414214 
1.414214 
5.408327 
5.408327 
6.000000 
6.000000 
10.688779 
10.688779 
0.707107 
0.707107 
0.500000 
0.500000 
1.000000 
1.000000 
0.500000 
0.500000 
1.414214 
1.414214 
2.000000 
2.000000 
6.000000 
6.000000 
10.688779 
10.688779 
0.500000 
0.500000 
0.500000 
0.500000 
6.670832 
6.670832 
0.500000 
0.500000 
1.414214 
1.414214 
2.061553 
2.061553 
6.000000 
6.000000 
10.688779 
10.688779 
1.118034 
1.118034 
0.500000 
0.500000 
0.000000 
0.000000 
1.581139 
1.581139 
0.500000 
0.500000 
1.414214 
1.414214 
2.500000 
2.500000 
6.000000 
6.000000 
10.688779 
10.688779 
0.707107 
0.707107 
5.000000 
5.000000 
0.000000 
0.000000 
1.000000 
1.000000 
0.500000 
0.500000 
1.414214 
1.414214 
12.509996 
12.509996 
6.000000 
6.000000 
10.688779 
10.688779 
0.707107 
0.707107 
4.500000 
4.500000 
7.071068 
7.071068 
8.139410 
8.139410 
0.500000 
0.500000 
1.414214 
1.414214 
1.581139 
1.581139 
6.000000 
6.000000 
10.688779 
10.688779 
0.500000 
0.500000 
1.118034 
1.118034 
1.581139 
1.581139 
0.500000 
0.500000 
0.500000 
0.500000 
1.414214 
1.414214 
3.201562 
3.201562 
10.688779 
10.688779 
0.500000 
0.500000 
1.118034 
1.118034 
2.061553 
2.061553 
0.000000 
0.000000 
0.500000 
0.500000 
1.414214 
1.414214 
3.807887 
3.807887 
10.688779 
10.688779 
1.118034 
1.118034 
1.414214 
1.414214 
0.707107 
0.707107 
0.000000 
0.000000 
0.500000 
0.500000 
1.414214 
1.414214 
1.802776 
1.802776 
10.688779 
10.688779 
0.000000 
0.000000 
2.121320 
2.121320 
0.500000 
0.500000 
1.000000 
1.000000 
0.500000 
0.500000 
1.414214 
1.414214 
1.118034 
1.118034 
10.688779 
10.688779 
0.707107 
0.707107 
1.414214 
1.414214 
0.000000 
0.000000 
1.500000 
1.500000 
1.118034 
1.118034 
0.500000 
0.500000 
1.118034 
1.118034 
11.500000 
11.500000 
2.000000 
2.000000 
1.118034 
1.118034 
0.000000 
0.000000 
1.118034 
1.118034 
9.500000 
9.500000 
0.500000 
0.500000 
1.118034 
1.118034 
2.000000 
2.000000 
2.061553 
2.061553 
1.414214 
1.414214 
0.000000 
0.000000 
0.000000 
0.000000 
1.118034 
1.118034 
1.118034 
1.118034 
0.500000 
0.500000 
1.118034 
1.118034 
0.000000 
0.000000 
2.061553 
2.061553 
1.802776 
1.802776 
0.000000 
0.000000 
0.000000 
0.000000 
1.118034 
1.118034 
0.500000 
0.500000 
0.500000 
0.500000 
1.118034 
1.118034 
1.118034 
1.118034 
9.823441 
9.823441 
9.924717 
9.924717 
0.000000 
0.000000 
0.000000 
0.000000 
0.000000 
0.000000 
1.118034 
1.118034 
0.000000 
0.000000 
0.500000 
0.500000 
1.118034 
1.118034 
1.581139 
1.581139 
0.500000 
0.500000 
0.500000 
0.500000 
1.000000 
1.000000 
0.000000 
0.000000 
0.000000 
0.000000 
0.707107 
0.707107 
0.707107 
0.707107 
0.500000 
0.500000 
1.118034 
1.118034 
1.118034 
1.118034 
12.349089 
12.349089 
1.118034 
1.118034 
1.118034 
1.118034 
0.000000 
0.000000 
0.000000 
0.000000 
0.500000 
0.500000 
0.000000 
0.000000 
1.118034 
1.118034 
1.118034 
1.118034 
13.124405 
13.124405 
1.500000 
1.500000 
0.000000 
0.000000 
1.500000 
1.500000 
0.000000 
0.000000 
12.041595 
12.041595 
0.707107 
0.707107 
0.707107 
0.707107 
1.118034 
1.118034 
25.044960 
25.044960 
13.124405 
13.124405 
1.581139 
1.581139 
1.500000 
1.500000 
1.581139 
1.581139 
0.000000 
0.000000 
0.500000 
0.500000 
0.000000 
0.000000 
1.500000 
1.500000 
1.118034 
1.118034 
1.118034 
1.118034 
13.124405 
13.124405 
1.414214 
1.414214 
1.000000 
1.000000 
1.581139 
1.581139 
0.000000 
0.000000 
1.000000 
1.000000 
4.031129 
4.031129 
7.071068 
7.071068 
1.118034 
1.118034 
1.581139 
1.581139 
13.124405 
13.124405 
8.558621 
8.558621 
1.414214 
1.414214 
1.581139 
1.581139 
0.000000 
0.000000 
1.118034 
1.118034 
0.500000 
0.500000 
8.062258 
8.062258 
1.118034 
1.118034 
1.118034 
1.118034 
13.124405 
13.124405 
3.535534 
3.535534 
1.414214 
1.414214 
1.581139 
1.581139 
0.000000 
0.000000 
1.802776 
1.802776 
0.500000 
0.500000 
2.121320 
2.121320 
1.118034 
1.118034 
0.500000 
0.500000 
13.124405 
13.124405 
1.581139 
1.581139 
1.414214 
1.414214 
5.024938 
5.024938 
0.000000 
0.000000 
0.000000 
0.000000 
0.707107 
0.707107 
2.121320 
2.121320 
1.118034 
1.118034 
0.707107 
0.707107 
13.124405 
13.124405 
5.590170 
5.590170 
1.414214 
1.414214 
5.024938 
5.024938 
0.000000 
0.000000 
0.000000 
0.000000 
0.500000 
0.500000 
2.121320 
2.121320 
1.118034 
1.118034 
0.707107 
0.707107 
13.124405 
13.124405 
1.118034 
1.118034 
1.414214 
1.414214 
5.024938 
5.024938 
0.000000 
0.000000 
0.000000 
0.000000 
0.707107 
0.707107 
2.121320 
2.121320 
0.707107 
0.707107 
13.124405 
13.124405 
1.118034 
1.118034 
1.414214 
1.414214 
5.024938 
5.024938 
0.000000 
0.000000 
0.000000 
0.000000 
0.707107 
0.707107 
2.121320 
2.121320 
0.707107 
0.707107 
13.124405 
13.124405 
0.707107 
0.707107 
