0.000000 
0.000000 
0.000000 
0.000000 
0.000000 
0.000000 
0.000000 
0.000000 
1.802776 
1.802776 
0.500000 
0.500000 
1.000000 
1.000000 
2.000000 
2.000000 
1.500000 
1.500000 
9.013878 
9.013878 
1.500000 
1.500000 
2.000000 
2.000000 
1.500000 
1.500000 
1.802776 
1.802776 
7.000000 
7.000000 
2.000000 
2.000000 
1.500000 
1.500000 
1.802776 
1.802776 
1.802776 
1.802776 
0.000000 
0.000000 
2.000000 
2.000000 
1.500000 
1.500000 
1.802776 
1.802776 
1.581139 
1.581139 
0.000000 
0.000000 
1.118034 
1.118034 
2.000000 
2.000000 
1.500000 
1.500000 
1.581139 
1.581139 
1.118034 
1.118034 
1.500000 
1.500000 
1.118034 
1.118034 
2.000000 
2.000000 
1.500000 
1.500000 
1.581139 
1.581139 
1.581139 
1.581139 
1.802776 
1.802776 
2.061553 
2.061553 
2.000000 
2.000000 
1.500000 
1.500000 
1.581139 
1.581139 
0.707107 
0.707107 
1.802776 
1.802776 
2.000000 
2.000000 
2.000000 
2.000000 
1.500000 
1.500000 
1.581139 
1.581139 
1.118034 
1.118034 
1.802776 
1.802776 
0.500000 
0.500000 
2.000000 
2.000000 
1.500000 
1.500000 
1.581139 
1.581139 
8.514693 
8.514693 
1.802776 
1.802776 
6.500000 
6.500000 
2.000000 
2.000000 
1.500000 
1.500000 
1.581139 
1.581139 
1.000000 
1.000000 
1.802776 
1.802776 
1.500000 
1.500000 
2.000000 
2.000000 
1.500000 
1.500000 
1.581139 
1.581139 
0.707107 
0.707107 
1.802776 
1.802776 
1.581139 
1.581139 
2.000000 
2.000000 
1.500000 
1.500000 
1.581139 
1.581139 
1.118034 
1.118034 
1.802776 
1.802776 
1.118034 
1.118034 
2.000000 
2.000000 
1.500000 
1.500000 
1.581139 
1.581139 
1.500000 
1.500000 
1.802776 
1.802776 
0.707107 
0.707107 
2.000000 
2.000000 
1.500000 
1.500000 
1.581139 
1.581139 
1.414214 
1.414214 
1.802776 
1.802776 
1.118034 
1.118034 
2.000000 
2.000000 
1.500000 
1.500000 
1.581139 
1.581139 
0.707107 
0.707107 
1.802776 
1.802776 
1.581139 
1.581139 
1.581139 
1.581139 
8.500000 
8.500000 
1.802776 
1.802776 
9.013878 
9.013878 
1.581139 
1.581139 
1.118034 
1.118034 
1.802776 
1.802776 
1.414214 
1.414214 
1.581139 
1.581139 
2.000000 
2.000000 
1.802776 
1.802776 
1.414214 
1.414214 
1.581139 
1.581139 
1.581139 
1.581139 
1.802776 
1.802776 
1.414214 
1.414214 
8.514693 
8.514693 
1.802776 
1.802776 
1.414214 
1.414214 
1.802776 
1.802776 
0.000000 
0.000000 
0.000000 
0.000000 
1.414214 
1.414214 
1.581139 
1.581139 
13.009612 
13.009612 
0.707107 
0.707107 
1.414214 
1.414214 
6.670832 
6.670832 
0.707107 
0.707107 
0.707107 
0.707107 
1.414214 
1.414214 
1.118034 
1.118034 
0.707107 
0.707107 
0.500000 
0.500000 
1.414214 
1.414214 
0.500000 
0.500000 
0.707107 
0.707107 
4.924429 
4.924429 
1.414214 
1.414214 
0.500000 
0.500000 
0.000000 
0.000000 
0.707107 
0.707107 
0.707107 
0.707107 
1.414214 
1.414214 
1.414214 
1.414214 
0.000000 
0.000000 
2.500000 
2.500000 
1.000000 
1.000000 
1.414214 
1.414214 
0.707107 
0.707107 
0.000000 
0.000000 
1.581139 
1.581139 
0.500000 
0.500000 
1.414214 
1.414214 
0.500000 
0.500000 
0.000000 
0.000000 
1.802776 
1.802776 
1.000000 
1.000000 
1.414214 
1.414214 
1.118034 
1.118034 
0.000000 
0.000000 
1.581139 
1.581139 
0.707107 
0.707107 
1.414214 
1.414214 
4.123106 
4.123106 
0.000000 
0.000000 
7.071068 
7.071068 
0.500000 
0.500000 
1.414214 
1.414214 
4.031129 
4.031129 
0.000000 
0.000000 
0.000000 
0.000000 
9.500000 
9.500000 
1.118034 
1.118034 
1.581139 
1.581139 
1.000000 
1.000000 
0.000000 
0.000000 
2.061553 
2.061553 
1.414214 
1.414214 
1.118034 
1.118034 
1.581139 
1.581139 
0.000000 
0.000000 
2.000000 
2.000000 
1.581139 
1.581139 
1.118034 
1.118034 
3.162278 
3.162278 
0.000000 
0.000000 
1.118034 
1.118034 
0.707107 
0.707107 
1.118034 
1.118034 
3.354102 
3.354102 
0.000000 
0.000000 
1.000000 
1.000000 
1.414214 
1.414214 
1.118034 
1.118034 
