0.000000 
0.000000 
0.000000 
0.000000 
0.707107 
0.707107 
22.360680 
22.360680 
2.000000 
2.000000 
1.802776 
1.802776 
3.041381 
3.041381 
2.500000 
2.500000 
3.162278 
3.162278 
25.005000 
25.005000 
25.005000 
25.005000 
25.005000 
25.005000 
25.005000 
25.005000 
25.005000 
25.005000 
25.005000 
25.005000 
20.597330 
20.597330 
1.500000 
1.500000 
1.414214 
1.414214 
1.118034 
1.118034 
1.118034 
1.118034 
1.118034 
1.118034 
1.118034 
1.118034 
1.118034 
1.118034 
33.455194 
33.455194 
33.455194 
33.455194 
33.455194 
33.455194 
3.041381 
3.041381 
2.061553 
2.061553 
3.201562 
3.201562 
3.640055 
3.640055 
1.581139 
1.581139 
3.605551 
3.605551 
23.021729 
23.021729 
1.118034 
1.118034 
22.000000 
22.000000 
1.581139 
1.581139 
0.500000 
0.500000 
2.061553 
2.061553 
1.118034 
1.118034 
