0.000000 
0.000000 
0.000000 
0.000000 
1.000000 
1.000000 
1.118034 
1.118034 
0.707107 
0.707107 
2.236068 
2.236068 
0.500000 
0.500000 
22.549945 
22.549945 
0.500000 
0.500000 
3.535534 
3.535534 
1.118034 
1.118034 
3.535534 
3.535534 
0.707107 
0.707107 
3.535534 
3.535534 
1.118034 
1.118034 
11.101802 
11.101802 
1.118034 
1.118034 
2.061553 
2.061553 
1.118034 
1.118034 
2.500000 
2.500000 
1.118034 
1.118034 
2.692582 
2.692582 
1.118034 
1.118034 
2.692582 
2.692582 
1.118034 
1.118034 
2.692582 
2.692582 
1.118034 
1.118034 
2.692582 
2.692582 
1.118034 
1.118034 
2.692582 
2.692582 
1.118034 
1.118034 
2.692582 
2.692582 
1.118034 
1.118034 
2.692582 
2.692582 
0.000000 
0.000000 
1.118034 
1.118034 
2.692582 
2.692582 
2.692582 
2.692582 
1.118034 
1.118034 
2.692582 
2.692582 
0.000000 
0.000000 
3.162278 
3.162278 
1.118034 
1.118034 
2.692582 
2.692582 
0.000000 
0.000000 
3.041381 
3.041381 
1.118034 
1.118034 
2.692582 
2.692582 
5.408327 
5.408327 
1.118034 
1.118034 
1.118034 
1.118034 
2.692582 
2.692582 
0.000000 
0.000000 
5.408327 
5.408327 
1.802776 
1.802776 
25.223997 
25.223997 
2.500000 
2.500000 
5.700877 
5.700877 
6.000000 
6.000000 
25.223997 
25.223997 
2.500000 
2.500000 
3.041381 
3.041381 
1.500000 
1.500000 
25.223997 
25.223997 
1.000000 
1.000000 
3.041381 
3.041381 
2.061553 
2.061553 
15.033296 
15.033296 
2.692582 
2.692582 
3.041381 
3.041381 
5.220153 
5.220153 
0.707107 
0.707107 
2.692582 
2.692582 
3.041381 
3.041381 
2.061553 
2.061553 
1.118034 
1.118034 
2.692582 
2.692582 
3.041381 
3.041381 
2.500000 
2.500000 
1.118034 
1.118034 
2.692582 
2.692582 
3.041381 
3.041381 
2.549510 
2.549510 
1.118034 
1.118034 
2.692582 
2.692582 
3.041381 
3.041381 
2.500000 
2.500000 
1.118034 
1.118034 
2.692582 
2.692582 
3.041381 
3.041381 
2.000000 
2.000000 
1.118034 
1.118034 
2.692582 
2.692582 
3.041381 
3.041381 
1.000000 
1.000000 
1.118034 
1.118034 
2.692582 
2.692582 
3.041381 
3.041381 
1.118034 
1.118034 
1.118034 
1.118034 
2.692582 
2.692582 
3.041381 
3.041381 
0.500000 
0.500000 
1.118034 
1.118034 
2.692582 
2.692582 
3.041381 
3.041381 
1.000000 
1.000000 
1.118034 
1.118034 
2.692582 
2.692582 
3.041381 
3.041381 
0.500000 
0.500000 
1.118034 
1.118034 
2.692582 
2.692582 
3.041381 
3.041381 
1.414214 
1.414214 
1.118034 
1.118034 
2.692582 
2.692582 
3.041381 
3.041381 
1.500000 
1.500000 
1.118034 
1.118034 
