0.000000 
0.000000 
20.056171 
20.056171 
1.414214 
1.414214 
1.118034 
1.118034 
1.000000 
1.000000 
2.236068 
2.236068 
2.236068 
2.236068 
2.236068 
2.236068 
2.236068 
2.236068 
2.236068 
2.236068 
2.236068 
2.236068 
2.236068 
2.236068 
2.236068 
2.236068 
0.000000 
0.000000 
0.000000 
0.000000 
2.236068 
2.236068 
0.500000 
0.500000 
2.500000 
2.500000 
2.236068 
2.236068 
0.707107 
0.707107 
17.564168 
17.564168 
2.236068 
2.236068 
0.707107 
0.707107 
0.000000 
0.000000 
2.236068 
2.236068 
0.000000 
0.000000 
16.124515 
16.124515 
2.236068 
2.236068 
0.000000 
0.000000 
0.707107 
0.707107 
2.236068 
2.236068 
0.000000 
0.000000 
2.061553 
2.061553 
2.236068 
2.236068 
0.000000 
0.000000 
1.581139 
1.581139 
0.000000 
0.000000 
0.500000 
0.500000 
0.000000 
0.000000 
1.118034 
1.118034 
0.000000 
0.000000 
1.118034 
1.118034 
0.000000 
0.000000 
15.524175 
15.524175 
