0.000000 
0.000000 
0.000000 
0.000000 
0.000000 
0.000000 
0.000000 
0.000000 
18.172782 
18.172782 
9.124144 
9.124144 
0.500000 
0.500000 
0.000000 
0.000000 
0.500000 
0.500000 
1.581139 
1.581139 
2.061553 
2.061553 
0.500000 
0.500000 
0.707107 
0.707107 
0.500000 
0.500000 
0.707107 
0.707107 
5.700877 
5.700877 
0.500000 
0.500000 
0.707107 
0.707107 
0.500000 
0.500000 
2.549510 
2.549510 
1.500000 
1.500000 
1.000000 
1.000000 
0.500000 
0.500000 
0.500000 
0.500000 
0.707107 
0.707107 
1.581139 
1.581139 
0.707107 
0.707107 
0.000000 
0.000000 
0.500000 
0.500000 
1.118034 
1.118034 
1.118034 
1.118034 
1.118034 
1.118034 
1.118034 
1.118034 
0.500000 
0.500000 
1.581139 
1.581139 
5.522681 
5.522681 
0.000000 
0.000000 
0.000000 
0.000000 
0.500000 
0.500000 
0.500000 
0.500000 
1.000000 
1.000000 
1.500000 
1.500000 
1.000000 
1.000000 
5.522681 
5.522681 
0.707107 
0.707107 
10.000000 
10.000000 
2.236068 
2.236068 
1.000000 
1.000000 
0.000000 
0.000000 
6.082763 
6.082763 
6.519202 
6.519202 
0.500000 
0.500000 
1.802776 
1.802776 
1.118034 
1.118034 
0.707107 
0.707107 
0.000000 
0.000000 
1.118034 
1.118034 
0.500000 
0.500000 
0.500000 
0.500000 
2.061553 
2.061553 
2.236068 
2.236068 
0.500000 
0.500000 
0.500000 
0.500000 
1.118034 
1.118034 
0.000000 
0.000000 
0.500000 
0.500000 
2.061553 
2.061553 
2.000000 
2.000000 
0.500000 
0.500000 
0.707107 
0.707107 
7.648529 
7.648529 
0.500000 
0.500000 
0.500000 
0.500000 
0.000000 
0.000000 
5.099020 
5.099020 
0.000000 
0.000000 
0.707107 
0.707107 
0.707107 
0.707107 
3.535534 
3.535534 
0.500000 
0.500000 
0.000000 
0.000000 
2.121320 
2.121320 
0.000000 
0.000000 
8.514693 
8.514693 
1.118034 
1.118034 
0.707107 
0.707107 
0.500000 
0.500000 
0.000000 
0.000000 
1.581139 
1.581139 
0.000000 
0.000000 
0.707107 
0.707107 
1.000000 
1.000000 
0.500000 
0.500000 
0.500000 
0.500000 
0.000000 
0.000000 
1.118034 
1.118034 
0.500000 
0.500000 
0.000000 
0.000000 
1.000000 
1.000000 
1.000000 
1.000000 
0.500000 
0.500000 
0.000000 
0.000000 
0.707107 
0.707107 
1.000000 
1.000000 
0.000000 
0.000000 
0.000000 
0.000000 
0.707107 
0.707107 
1.581139 
1.581139 
0.500000 
0.500000 
0.000000 
0.000000 
1.118034 
1.118034 
1.000000 
1.000000 
0.707107 
0.707107 
0.000000 
0.000000 
0.707107 
0.707107 
1.581139 
1.581139 
0.500000 
0.500000 
0.000000 
0.000000 
1.118034 
1.118034 
1.581139 
1.581139 
2.121320 
2.121320 
0.000000 
0.000000 
0.707107 
0.707107 
2.061553 
2.061553 
0.500000 
0.500000 
0.000000 
0.000000 
0.707107 
0.707107 
1.000000 
1.000000 
0.000000 
0.000000 
2.121320 
2.121320 
11.672618 
11.672618 
2.236068 
2.236068 
1.802776 
1.802776 
0.500000 
0.500000 
0.000000 
0.000000 
7.071068 
7.071068 
3.807887 
3.807887 
1.000000 
1.000000 
2.121320 
2.121320 
1.000000 
1.000000 
1.118034 
1.118034 
1.581139 
1.581139 
0.500000 
0.500000 
0.000000 
0.000000 
1.802776 
1.802776 
1.414214 
1.414214 
18.607794 
18.607794 
2.121320 
2.121320 
1.000000 
1.000000 
8.558621 
8.558621 
6.519202 
6.519202 
0.500000 
0.500000 
0.000000 
0.000000 
2.915476 
2.915476 
5.024938 
5.024938 
1.581139 
1.581139 
2.121320 
2.121320 
1.000000 
1.000000 
0.707107 
0.707107 
2.000000 
2.000000 
0.500000 
0.500000 
0.000000 
0.000000 
2.500000 
2.500000 
2.236068 
2.236068 
1.581139 
1.581139 
2.121320 
2.121320 
1.000000 
1.000000 
6.184658 
6.184658 
1.500000 
1.500000 
0.000000 
0.000000 
3.162278 
3.162278 
2.061553 
2.061553 
2.236068 
2.236068 
2.121320 
2.121320 
1.000000 
1.000000 
2.061553 
2.061553 
2.061553 
2.061553 
0.000000 
0.000000 
3.640055 
3.640055 
2.061553 
2.061553 
2.236068 
2.236068 
2.121320 
2.121320 
1.000000 
1.000000 
10.688779 
10.688779 
1.581139 
1.581139 
0.000000 
0.000000 
4.609772 
4.609772 
2.236068 
2.236068 
2.236068 
2.236068 
2.121320 
2.121320 
1.000000 
1.000000 
2.061553 
2.061553 
7.071068 
7.071068 
2.549510 
2.549510 
5.500000 
5.500000 
2.236068 
2.236068 
2.121320 
2.121320 
1.000000 
1.000000 
2.061553 
2.061553 
2.236068 
2.236068 
8.015610 
8.015610 
2.000000 
2.000000 
5.590170 
5.590170 
2.121320 
2.121320 
1.000000 
1.000000 
2.061553 
2.061553 
3.162278 
3.162278 
1.581139 
1.581139 
2.000000 
2.000000 
5.590170 
5.590170 
2.121320 
2.121320 
1.000000 
1.000000 
2.061553 
2.061553 
2.061553 
2.061553 
2.500000 
2.500000 
2.236068 
2.236068 
5.590170 
5.590170 
2.121320 
2.121320 
1.000000 
1.000000 
2.061553 
2.061553 
6.082763 
6.082763 
4.031129 
4.031129 
2.000000 
2.000000 
22.803509 
22.803509 
2.121320 
2.121320 
1.000000 
1.000000 
2.061553 
2.061553 
1.581139 
1.581139 
6.000000 
6.000000 
5.500000 
5.500000 
1.000000 
1.000000 
2.121320 
2.121320 
1.000000 
1.000000 
2.061553 
2.061553 
1.414214 
1.414214 
4.527693 
4.527693 
0.500000 
0.500000 
1.802776 
1.802776 
1.000000 
1.000000 
2.061553 
2.061553 
2.061553 
2.061553 
2.549510 
2.549510 
2.500000 
2.500000 
19.416488 
19.416488 
1.000000 
1.000000 
2.061553 
2.061553 
2.061553 
2.061553 
7.017834 
7.017834 
2.000000 
2.000000 
1.000000 
1.000000 
2.061553 
2.061553 
1.581139 
1.581139 
2.061553 
2.061553 
2.061553 
2.061553 
0.000000 
0.000000 
2.121320 
2.121320 
2.061553 
2.061553 
1.118034 
1.118034 
10.547512 
10.547512 
1.000000 
1.000000 
