0.000000 
0.000000 
0.000000 
0.000000 
4.743416 
4.743416 
1.802776 
1.802776 
2.500000 
2.500000 
1.118034 
1.118034 
1.000000 
1.000000 
1.118034 
1.118034 
0.000000 
0.000000 
0.707107 
0.707107 
1.118034 
1.118034 
0.707107 
0.707107 
2.000000 
2.000000 
8.062258 
8.062258 
2.236068 
2.236068 
0.500000 
0.500000 
2.549510 
2.549510 
0.500000 
0.500000 
4.272002 
4.272002 
0.500000 
0.500000 
0.000000 
0.000000 
4.272002 
4.272002 
0.707107 
0.707107 
1.118034 
1.118034 
4.272002 
4.272002 
0.000000 
0.000000 
2.236068 
2.236068 
4.272002 
4.272002 
0.500000 
0.500000 
2.236068 
2.236068 
4.272002 
4.272002 
0.500000 
0.500000 
2.236068 
2.236068 
21.053503 
21.053503 
0.500000 
0.500000 
2.236068 
2.236068 
1.500000 
1.500000 
1.118034 
1.118034 
2.236068 
2.236068 
0.707107 
0.707107 
0.500000 
0.500000 
2.236068 
2.236068 
1.118034 
1.118034 
0.000000 
0.000000 
2.236068 
2.236068 
2.000000 
2.000000 
0.500000 
0.500000 
2.236068 
2.236068 
1.581139 
1.581139 
0.000000 
0.000000 
2.236068 
2.236068 
13.647344 
13.647344 
0.000000 
0.000000 
2.236068 
2.236068 
4.527693 
4.527693 
0.707107 
0.707107 
2.236068 
2.236068 
3.807887 
3.807887 
1.118034 
1.118034 
2.236068 
2.236068 
1.414214 
1.414214 
2.500000 
2.500000 
2.236068 
2.236068 
2.549510 
2.549510 
2.061553 
2.061553 
2.236068 
2.236068 
0.707107 
0.707107 
1.414214 
1.414214 
2.236068 
2.236068 
2.236068 
2.236068 
3.640055 
3.640055 
2.500000 
2.500000 
5.522681 
5.522681 
18.248288 
18.248288 
1.581139 
1.581139 
2.000000 
2.000000 
1.500000 
1.500000 
1.118034 
1.118034 
8.381527 
8.381527 
1.000000 
1.000000 
8.381527 
8.381527 
1.581139 
1.581139 
8.381527 
8.381527 
20.130822 
20.130822 
8.381527 
8.381527 
1.581139 
1.581139 
8.381527 
8.381527 
2.121320 
2.121320 
8.381527 
8.381527 
14.713939 
14.713939 
8.381527 
8.381527 
1.414214 
1.414214 
8.381527 
8.381527 
3.000000 
3.000000 
8.381527 
8.381527 
