0.000000 
0.000000 
15.700318 
15.700318 
10.000000 
10.000000 
14.577380 
14.577380 
2.500000 
2.500000 
3.535534 
3.535534 
1.581139 
1.581139 
2.500000 
2.500000 
31.500000 
31.500000 
2.500000 
2.500000 
18.506756 
18.506756 
5.830952 
5.830952 
0.000000 
0.000000 
5.000000 
5.000000 
2.692582 
2.692582 
5.000000 
5.000000 
4.609772 
4.609772 
13.509256 
13.509256 
3.162278 
3.162278 
5.147815 
5.147815 
17.613915 
17.613915 
3.605551 
3.605551 
0.500000 
0.500000 
1.581139 
1.581139 
17.007351 
17.007351 
3.807887 
3.807887 
2.549510 
2.549510 
2.236068 
2.236068 
0.000000 
0.000000 
2.549510 
2.549510 
2.236068 
2.236068 
4.301163 
4.301163 
2.549510 
2.549510 
1.414214 
1.414214 
4.609772 
4.609772 
30.372685 
30.372685 
20.524376 
20.524376 
4.609772 
4.609772 
27.950850 
27.950850 
4.123106 
4.123106 
4.609772 
4.609772 
2.500000 
2.500000 
1.118034 
1.118034 
33.305405 
33.305405 
2.500000 
2.500000 
0.500000 
0.500000 
1.802776 
1.802776 
2.500000 
2.500000 
2.692582 
2.692582 
13.038405 
13.038405 
2.500000 
2.500000 
2.061553 
2.061553 
0.707107 
0.707107 
2.500000 
2.500000 
1.581139 
1.581139 
11.045361 
11.045361 
2.500000 
2.500000 
0.707107 
0.707107 
2.236068 
2.236068 
2.500000 
2.500000 
1.802776 
1.802776 
34.003676 
34.003676 
31.503968 
31.503968 
1.414214 
1.414214 
4.609772 
4.609772 
31.503968 
31.503968 
1.118034 
1.118034 
29.347061 
29.347061 
31.503968 
31.503968 
2.692582 
2.692582 
0.000000 
0.000000 
1.802776 
1.802776 
31.503968 
31.503968 
13.009612 
13.009612 
2.061553 
2.061553 
2.000000 
2.000000 
31.503968 
31.503968 
2.828427 
2.828427 
2.061553 
2.061553 
1.581139 
1.581139 
31.503968 
31.503968 
14.508618 
14.508618 
2.061553 
2.061553 
2.061553 
2.061553 
31.503968 
31.503968 
2.000000 
2.000000 
0.000000 
0.000000 
2.061553 
2.061553 
0.707107 
0.707107 
31.503968 
31.503968 
15.231546 
15.231546 
