0.000000 
0.000000 
0.000000 
0.000000 
0.000000 
0.000000 
0.000000 
0.000000 
0.000000 
0.000000 
1.118034 
1.118034 
1.500000 
1.500000 
0.500000 
0.500000 
0.000000 
0.000000 
0.500000 
0.500000 
1.118034 
1.118034 
0.000000 
0.000000 
7.648529 
7.648529 
0.707107 
0.707107 
0.000000 
0.000000 
1.500000 
1.500000 
6.500000 
6.500000 
10.198039 
10.198039 
1.118034 
1.118034 
0.500000 
0.500000 
1.500000 
1.500000 
1.000000 
1.000000 
0.000000 
0.000000 
9.013878 
9.013878 
0.500000 
0.500000 
0.500000 
0.500000 
0.000000 
0.000000 
1.500000 
1.500000 
2.236068 
2.236068 
0.000000 
0.000000 
8.246211 
8.246211 
0.707107 
0.707107 
0.707107 
0.707107 
0.707107 
0.707107 
1.500000 
1.500000 
1.118034 
1.118034 
0.707107 
0.707107 
0.000000 
0.000000 
1.500000 
1.500000 
0.707107 
0.707107 
0.500000 
0.500000 
1.500000 
1.500000 
1.118034 
1.118034 
0.707107 
0.707107 
1.000000 
1.000000 
2.500000 
2.500000 
0.500000 
0.500000 
0.707107 
0.707107 
1.500000 
1.500000 
5.590170 
5.590170 
1.118034 
1.118034 
0.500000 
0.500000 
7.017834 
7.017834 
2.549510 
2.549510 
0.000000 
0.000000 
1.500000 
1.500000 
6.500000 
6.500000 
0.500000 
0.500000 
0.500000 
0.500000 
0.707107 
0.707107 
0.707107 
0.707107 
0.000000 
0.000000 
0.000000 
0.000000 
1.500000 
1.500000 
0.500000 
0.500000 
9.513149 
9.513149 
6.519202 
6.519202 
1.000000 
1.000000 
2.061553 
2.061553 
0.500000 
0.500000 
0.000000 
0.000000 
1.500000 
1.500000 
0.707107 
0.707107 
10.500000 
10.500000 
1.000000 
1.000000 
9.513149 
9.513149 
0.707107 
0.707107 
0.000000 
0.000000 
0.707107 
0.707107 
0.000000 
0.000000 
1.500000 
1.500000 
0.707107 
0.707107 
0.500000 
0.500000 
2.121320 
2.121320 
2.500000 
2.500000 
0.707107 
0.707107 
6.519202 
6.519202 
0.707107 
0.707107 
0.000000 
0.000000 
1.500000 
1.500000 
0.707107 
0.707107 
0.707107 
0.707107 
2.500000 
2.500000 
2.500000 
2.500000 
0.707107 
0.707107 
0.000000 
0.000000 
1.802776 
1.802776 
9.124144 
9.124144 
0.000000 
0.000000 
1.500000 
1.500000 
0.707107 
0.707107 
1.118034 
1.118034 
1.414214 
1.414214 
2.500000 
2.500000 
4.272002 
4.272002 
0.000000 
0.000000 
3.640055 
3.640055 
11.045361 
11.045361 
0.000000 
0.000000 
1.500000 
1.500000 
0.707107 
0.707107 
0.500000 
0.500000 
1.118034 
1.118034 
2.500000 
2.500000 
4.123106 
4.123106 
0.000000 
0.000000 
2.000000 
2.000000 
1.000000 
1.000000 
0.000000 
0.000000 
1.500000 
1.500000 
0.707107 
0.707107 
0.707107 
0.707107 
1.118034 
1.118034 
2.500000 
2.500000 
2.549510 
2.549510 
0.000000 
0.000000 
6.020797 
6.020797 
1.500000 
1.500000 
0.000000 
0.000000 
1.500000 
1.500000 
0.707107 
0.707107 
0.707107 
0.707107 
1.118034 
1.118034 
2.500000 
2.500000 
4.123106 
4.123106 
0.000000 
0.000000 
1.118034 
1.118034 
11.280514 
11.280514 
0.000000 
0.000000 
1.500000 
1.500000 
0.707107 
0.707107 
0.000000 
0.000000 
8.514693 
8.514693 
2.500000 
2.500000 
1.802776 
1.802776 
0.000000 
0.000000 
1.118034 
1.118034 
1.118034 
1.118034 
0.000000 
0.000000 
0.707107 
0.707107 
9.000000 
9.000000 
1.500000 
1.500000 
2.500000 
2.500000 
1.802776 
1.802776 
0.000000 
0.000000 
1.118034 
1.118034 
1.118034 
1.118034 
0.000000 
0.000000 
0.707107 
0.707107 
9.000000 
9.000000 
12.165525 
12.165525 
2.500000 
2.500000 
8.062258 
8.062258 
0.000000 
0.000000 
1.118034 
1.118034 
1.118034 
1.118034 
0.000000 
0.000000 
0.707107 
0.707107 
11.045361 
11.045361 
1.581139 
1.581139 
2.500000 
2.500000 
3.041381 
3.041381 
0.000000 
0.000000 
0.000000 
0.000000 
1.118034 
1.118034 
1.118034 
1.118034 
0.000000 
0.000000 
0.707107 
0.707107 
1.000000 
1.000000 
1.581139 
1.581139 
2.500000 
2.500000 
5.099020 
5.099020 
2.236068 
2.236068 
0.000000 
0.000000 
1.118034 
1.118034 
1.118034 
1.118034 
0.000000 
0.000000 
0.707107 
0.707107 
1.414214 
1.414214 
1.581139 
1.581139 
2.500000 
2.500000 
5.500000 
5.500000 
4.924429 
4.924429 
0.000000 
0.000000 
1.118034 
1.118034 
1.118034 
1.118034 
0.707107 
0.707107 
11.543396 
11.543396 
1.581139 
1.581139 
2.500000 
2.500000 
4.609772 
4.609772 
0.000000 
0.000000 
1.500000 
1.500000 
0.000000 
0.000000 
1.118034 
1.118034 
1.118034 
1.118034 
0.707107 
0.707107 
1.118034 
1.118034 
1.581139 
1.581139 
2.500000 
2.500000 
10.511898 
10.511898 
1.802776 
1.802776 
3.201562 
3.201562 
0.000000 
0.000000 
1.118034 
1.118034 
1.118034 
1.118034 
1.118034 
1.118034 
1.581139 
1.581139 
2.500000 
2.500000 
2.061553 
2.061553 
3.041381 
3.041381 
1.802776 
1.802776 
0.000000 
0.000000 
1.118034 
1.118034 
1.118034 
1.118034 
1.118034 
1.118034 
1.581139 
1.581139 
2.692582 
2.692582 
0.000000 
0.000000 
0.000000 
0.000000 
0.000000 
0.000000 
1.581139 
1.581139 
1.802776 
1.802776 
0.000000 
0.000000 
1.118034 
1.118034 
1.118034 
1.118034 
1.118034 
1.118034 
1.581139 
1.581139 
1.000000 
1.000000 
0.500000 
0.500000 
3.535534 
3.535534 
0.707107 
0.707107 
2.061553 
2.061553 
1.802776 
1.802776 
1.118034 
1.118034 
1.118034 
1.118034 
1.118034 
1.118034 
1.581139 
1.581139 
0.707107 
0.707107 
0.000000 
0.000000 
0.000000 
0.000000 
0.500000 
0.500000 
3.000000 
3.000000 
0.707107 
0.707107 
5.000000 
5.000000 
1.802776 
1.802776 
1.118034 
1.118034 
1.118034 
1.118034 
1.118034 
1.118034 
1.581139 
1.581139 
1.000000 
1.000000 
1.000000 
1.000000 
1.000000 
1.000000 
0.500000 
0.500000 
2.500000 
2.500000 
0.707107 
0.707107 
1.000000 
1.000000 
1.802776 
1.802776 
1.118034 
1.118034 
1.118034 
1.118034 
1.118034 
1.118034 
1.581139 
1.581139 
0.500000 
0.500000 
0.707107 
0.707107 
1.500000 
1.500000 
0.500000 
0.500000 
10.111874 
10.111874 
0.707107 
0.707107 
2.061553 
2.061553 
1.802776 
1.802776 
1.118034 
1.118034 
1.118034 
1.118034 
1.118034 
1.118034 
1.581139 
1.581139 
1.118034 
1.118034 
0.500000 
0.500000 
2.000000 
2.000000 
1.118034 
1.118034 
3.605551 
3.605551 
0.707107 
0.707107 
1.581139 
1.581139 
1.802776 
1.802776 
1.118034 
1.118034 
1.118034 
1.118034 
1.118034 
1.118034 
1.581139 
1.581139 
6.082763 
6.082763 
1.118034 
1.118034 
1.118034 
1.118034 
0.707107 
0.707107 
11.510864 
11.510864 
0.707107 
0.707107 
4.000000 
4.000000 
1.802776 
1.802776 
1.118034 
1.118034 
1.581139 
1.581139 
1.802776 
1.802776 
9.013878 
9.013878 
0.500000 
0.500000 
0.707107 
0.707107 
2.549510 
2.549510 
0.707107 
0.707107 
2.828427 
2.828427 
1.802776 
1.802776 
1.118034 
1.118034 
1.581139 
1.581139 
2.236068 
2.236068 
0.000000 
0.000000 
1.118034 
1.118034 
6.082763 
6.082763 
0.707107 
0.707107 
2.549510 
2.549510 
0.707107 
0.707107 
2.828427 
2.828427 
1.802776 
1.802776 
1.118034 
1.118034 
4.272002 
4.272002 
0.000000 
0.000000 
0.000000 
0.000000 
3.640055 
3.640055 
0.707107 
0.707107 
1.581139 
1.581139 
0.707107 
0.707107 
2.549510 
2.549510 
0.707107 
0.707107 
2.828427 
2.828427 
1.802776 
1.802776 
1.118034 
1.118034 
11.672618 
11.672618 
0.000000 
0.000000 
1.414214 
1.414214 
1.118034 
1.118034 
9.055385 
9.055385 
1.500000 
1.500000 
2.500000 
2.500000 
0.707107 
0.707107 
2.549510 
2.549510 
0.707107 
0.707107 
2.828427 
2.828427 
1.802776 
1.802776 
1.118034 
1.118034 
6.184658 
6.184658 
