0.000000 
0.000000 
0.000000 
0.000000 
0.000000 
0.000000 
0.000000 
0.000000 
5.500000 
5.500000 
4.301163 
4.301163 
0.000000 
0.000000 
1.118034 
1.118034 
3.041381 
3.041381 
0.000000 
0.000000 
1.581139 
1.581139 
3.807887 
3.807887 
0.000000 
0.000000 
0.707107 
0.707107 
2.549510 
2.549510 
0.000000 
0.000000 
7.000000 
7.000000 
23.500000 
23.500000 
0.000000 
0.000000 
3.041381 
3.041381 
23.500000 
23.500000 
0.000000 
0.000000 
8.500000 
8.500000 
23.500000 
23.500000 
0.000000 
0.000000 
5.852350 
5.852350 
23.500000 
23.500000 
0.000000 
0.000000 
2.236068 
2.236068 
23.500000 
23.500000 
0.000000 
0.000000 
1.118034 
1.118034 
23.500000 
23.500000 
12.010412 
12.010412 
2.000000 
2.000000 
23.500000 
23.500000 
2.061553 
2.061553 
0.707107 
0.707107 
23.500000 
23.500000 
0.000000 
0.000000 
6.800735 
6.800735 
23.500000 
23.500000 
1.581139 
1.581139 
1.500000 
1.500000 
23.500000 
23.500000 
0.707107 
0.707107 
3.354102 
3.354102 
23.500000 
23.500000 
2.549510 
2.549510 
3.354102 
3.354102 
23.500000 
23.500000 
0.500000 
0.500000 
3.354102 
3.354102 
23.500000 
23.500000 
2.061553 
2.061553 
3.354102 
3.354102 
0.000000 
0.000000 
23.500000 
23.500000 
2.061553 
2.061553 
3.354102 
3.354102 
0.000000 
0.000000 
23.500000 
23.500000 
2.061553 
2.061553 
3.354102 
3.354102 
0.000000 
0.000000 
0.000000 
0.000000 
2.061553 
2.061553 
3.354102 
3.354102 
1.000000 
1.000000 
0.000000 
0.000000 
2.061553 
2.061553 
3.354102 
3.354102 
2.236068 
2.236068 
0.000000 
0.000000 
2.061553 
2.061553 
3.354102 
3.354102 
0.000000 
0.000000 
2.236068 
2.236068 
0.000000 
0.000000 
2.061553 
2.061553 
3.354102 
3.354102 
2.549510 
2.549510 
2.236068 
2.236068 
0.000000 
0.000000 
2.061553 
2.061553 
3.354102 
3.354102 
1.414214 
1.414214 
15.508062 
15.508062 
0.000000 
0.000000 
2.061553 
2.061553 
3.354102 
3.354102 
28.500000 
28.500000 
3.605551 
3.605551 
0.000000 
0.000000 
2.061553 
2.061553 
3.354102 
3.354102 
2.549510 
2.549510 
4.123106 
4.123106 
0.000000 
0.000000 
2.061553 
2.061553 
3.354102 
3.354102 
2.121320 
2.121320 
1.802776 
1.802776 
0.000000 
0.000000 
2.061553 
2.061553 
3.354102 
3.354102 
18.006943 
18.006943 
5.220153 
5.220153 
0.000000 
0.000000 
2.061553 
2.061553 
18.027756 
18.027756 
26.518861 
26.518861 
0.000000 
0.000000 
2.061553 
2.061553 
1.000000 
1.000000 
3.041381 
3.041381 
0.000000 
0.000000 
2.061553 
2.061553 
1.000000 
1.000000 
1.414214 
1.414214 
0.000000 
0.000000 
1.000000 
1.000000 
2.236068 
2.236068 
1.000000 
1.000000 
3.605551 
3.605551 
1.000000 
1.000000 
3.162278 
3.162278 
1.000000 
1.000000 
3.162278 
3.162278 
0.000000 
0.000000 
1.000000 
1.000000 
3.162278 
3.162278 
