0.000000 
0.000000 
0.000000 
0.000000 
0.000000 
0.000000 
0.000000 
0.000000 
0.000000 
0.000000 
0.500000 
0.500000 
10.000000 
10.000000 
2.549510 
2.549510 
0.000000 
0.000000 
0.000000 
0.000000 
0.000000 
0.000000 
15.532225 
15.532225 
0.000000 
0.000000 
2.549510 
2.549510 
1.118034 
1.118034 
1.118034 
1.118034 
0.000000 
0.000000 
1.581139 
1.581139 
0.500000 
0.500000 
2.061553 
2.061553 
1.414214 
1.414214 
1.118034 
1.118034 
0.000000 
0.000000 
0.500000 
0.500000 
8.062258 
8.062258 
7.000000 
7.000000 
5.852350 
5.852350 
1.118034 
1.118034 
0.000000 
0.000000 
15.008331 
15.008331 
0.500000 
0.500000 
2.549510 
2.549510 
1.581139 
1.581139 
1.118034 
1.118034 
0.000000 
0.000000 
15.008331 
15.008331 
0.500000 
0.500000 
3.162278 
3.162278 
1.581139 
1.581139 
1.118034 
1.118034 
0.000000 
0.000000 
15.008331 
15.008331 
1.118034 
1.118034 
9.124144 
9.124144 
0.500000 
0.500000 
1.118034 
1.118034 
0.000000 
0.000000 
15.008331 
15.008331 
1.802776 
1.802776 
2.549510 
2.549510 
4.609772 
4.609772 
1.118034 
1.118034 
0.000000 
0.000000 
15.008331 
15.008331 
0.500000 
0.500000 
2.692582 
2.692582 
5.220153 
5.220153 
1.118034 
1.118034 
0.000000 
0.000000 
15.008331 
15.008331 
1.118034 
1.118034 
7.071068 
7.071068 
5.220153 
5.220153 
1.118034 
1.118034 
0.000000 
0.000000 
15.008331 
15.008331 
0.000000 
0.000000 
1.118034 
1.118034 
5.220153 
5.220153 
0.000000 
0.000000 
1.118034 
1.118034 
0.000000 
0.000000 
15.008331 
15.008331 
0.000000 
0.000000 
2.000000 
2.000000 
5.220153 
5.220153 
0.000000 
0.000000 
0.707107 
0.707107 
1.118034 
1.118034 
0.000000 
0.000000 
15.008331 
15.008331 
0.707107 
0.707107 
2.692582 
2.692582 
5.220153 
5.220153 
1.581139 
1.581139 
0.000000 
0.000000 
1.118034 
1.118034 
0.000000 
0.000000 
15.008331 
15.008331 
0.000000 
0.000000 
2.915476 
2.915476 
5.220153 
5.220153 
0.500000 
0.500000 
0.500000 
0.500000 
1.118034 
1.118034 
0.000000 
0.000000 
15.008331 
15.008331 
0.707107 
0.707107 
7.500000 
7.500000 
5.220153 
5.220153 
1.118034 
1.118034 
0.500000 
0.500000 
1.118034 
1.118034 
15.008331 
15.008331 
0.707107 
0.707107 
1.000000 
1.000000 
5.220153 
5.220153 
1.500000 
1.500000 
0.000000 
0.000000 
1.118034 
1.118034 
15.008331 
15.008331 
0.707107 
0.707107 
1.000000 
1.000000 
5.220153 
5.220153 
0.500000 
0.500000 
0.500000 
0.500000 
15.008331 
15.008331 
0.500000 
0.500000 
1.500000 
1.500000 
5.220153 
5.220153 
0.500000 
0.500000 
0.000000 
0.000000 
15.008331 
15.008331 
0.500000 
0.500000 
1.118034 
1.118034 
5.220153 
5.220153 
0.500000 
0.500000 
0.707107 
0.707107 
0.000000 
0.000000 
1.500000 
1.500000 
5.220153 
5.220153 
0.000000 
0.000000 
0.000000 
0.000000 
1.000000 
1.000000 
0.500000 
0.500000 
0.707107 
0.707107 
0.707107 
0.707107 
5.220153 
5.220153 
0.000000 
0.000000 
1.000000 
1.000000 
0.500000 
0.500000 
0.000000 
0.000000 
0.500000 
0.500000 
0.707107 
0.707107 
0.500000 
0.500000 
5.220153 
5.220153 
0.500000 
0.500000 
1.000000 
1.000000 
0.500000 
0.500000 
0.000000 
0.000000 
0.500000 
0.500000 
3.640055 
3.640055 
1.000000 
1.000000 
5.220153 
5.220153 
0.500000 
0.500000 
1.000000 
1.000000 
0.500000 
0.500000 
0.707107 
0.707107 
0.707107 
0.707107 
0.500000 
0.500000 
0.500000 
0.500000 
0.500000 
0.500000 
1.000000 
1.000000 
0.500000 
0.500000 
1.118034 
1.118034 
0.500000 
0.500000 
1.118034 
1.118034 
5.522681 
5.522681 
0.500000 
0.500000 
1.000000 
1.000000 
0.500000 
0.500000 
1.118034 
1.118034 
0.500000 
0.500000 
0.500000 
0.500000 
1.000000 
1.000000 
0.000000 
0.000000 
0.707107 
0.707107 
1.000000 
1.000000 
1.581139 
1.581139 
0.707107 
0.707107 
8.321658 
8.321658 
1.118034 
1.118034 
0.500000 
0.500000 
0.000000 
0.000000 
0.500000 
0.500000 
1.000000 
1.000000 
0.707107 
0.707107 
0.707107 
0.707107 
0.707107 
0.707107 
0.000000 
0.000000 
0.500000 
0.500000 
0.000000 
0.000000 
0.707107 
0.707107 
1.000000 
1.000000 
0.000000 
0.000000 
2.549510 
2.549510 
0.500000 
0.500000 
0.500000 
0.500000 
1.000000 
1.000000 
0.707107 
0.707107 
0.000000 
0.000000 
1.000000 
1.000000 
0.500000 
0.500000 
0.707107 
0.707107 
2.500000 
2.500000 
0.500000 
0.500000 
0.500000 
0.500000 
0.707107 
0.707107 
0.707107 
0.707107 
1.000000 
1.000000 
0.707107 
0.707107 
0.000000 
0.000000 
1.802776 
1.802776 
0.000000 
0.000000 
0.500000 
0.500000 
0.707107 
0.707107 
0.000000 
0.000000 
1.000000 
1.000000 
0.500000 
0.500000 
1.000000 
1.000000 
1.802776 
1.802776 
0.000000 
0.000000 
0.500000 
0.500000 
0.707107 
0.707107 
1.500000 
1.500000 
1.000000 
1.000000 
0.000000 
0.000000 
1.118034 
1.118034 
0.500000 
0.500000 
0.000000 
0.000000 
1.500000 
1.500000 
0.707107 
0.707107 
1.500000 
1.500000 
1.000000 
1.000000 
0.000000 
0.000000 
1.802776 
1.802776 
4.000000 
4.000000 
0.500000 
0.500000 
1.118034 
1.118034 
0.707107 
0.707107 
0.500000 
0.500000 
1.000000 
1.000000 
0.000000 
0.000000 
1.118034 
1.118034 
0.707107 
0.707107 
0.707107 
0.707107 
1.118034 
1.118034 
0.707107 
0.707107 
0.500000 
0.500000 
1.000000 
1.000000 
0.707107 
0.707107 
4.743416 
4.743416 
7.000000 
7.000000 
0.000000 
0.000000 
0.000000 
0.000000 
0.707107 
0.707107 
0.500000 
0.500000 
0.707107 
0.707107 
1.000000 
1.000000 
7.516648 
7.516648 
1.000000 
1.000000 
0.707107 
0.707107 
0.707107 
0.707107 
0.500000 
0.500000 
0.707107 
0.707107 
7.017834 
7.017834 
0.500000 
0.500000 
0.500000 
0.500000 
0.000000 
0.000000 
