0.000000 
0.000000 
0.000000 
0.000000 
3.500000 
3.500000 
1.118034 
1.118034 
20.718349 
20.718349 
1.118034 
1.118034 
0.000000 
0.000000 
20.718349 
20.718349 
1.118034 
1.118034 
2.692582 
2.692582 
20.718349 
20.718349 
1.118034 
1.118034 
2.692582 
2.692582 
20.718349 
20.718349 
23.000000 
23.000000 
0.000000 
0.000000 
2.692582 
2.692582 
20.718349 
20.718349 
2.061553 
2.061553 
0.000000 
0.000000 
0.000000 
0.000000 
2.692582 
2.692582 
20.718349 
20.718349 
4.031129 
4.031129 
0.000000 
0.000000 
0.000000 
0.000000 
0.000000 
0.000000 
2.692582 
2.692582 
20.718349 
20.718349 
3.535534 
3.535534 
5.385165 
5.385165 
0.000000 
0.000000 
0.000000 
0.000000 
2.692582 
2.692582 
20.718349 
20.718349 
3.162278 
3.162278 
4.743416 
4.743416 
0.000000 
0.000000 
0.000000 
0.000000 
2.692582 
2.692582 
20.718349 
20.718349 
2.692582 
2.692582 
4.743416 
4.743416 
0.000000 
0.000000 
0.000000 
0.000000 
2.692582 
2.692582 
20.718349 
20.718349 
18.927493 
18.927493 
4.743416 
4.743416 
28.004464 
28.004464 
0.000000 
0.000000 
2.692582 
2.692582 
20.718349 
20.718349 
9.848858 
9.848858 
4.743416 
4.743416 
28.004464 
28.004464 
0.000000 
0.000000 
2.692582 
2.692582 
20.718349 
20.718349 
2.500000 
2.500000 
4.743416 
4.743416 
28.004464 
28.004464 
0.000000 
0.000000 
6.670832 
6.670832 
20.718349 
20.718349 
2.500000 
2.500000 
4.743416 
4.743416 
28.004464 
28.004464 
0.000000 
0.000000 
3.640055 
3.640055 
20.718349 
20.718349 
2.500000 
2.500000 
4.743416 
4.743416 
28.004464 
28.004464 
0.000000 
0.000000 
3.000000 
3.000000 
20.718349 
20.718349 
2.500000 
2.500000 
4.743416 
4.743416 
28.004464 
28.004464 
0.000000 
0.000000 
1.581139 
1.581139 
2.500000 
2.500000 
0.000000 
0.000000 
4.743416 
4.743416 
28.004464 
28.004464 
0.000000 
0.000000 
2.121320 
2.121320 
2.500000 
2.500000 
2.915476 
2.915476 
4.743416 
4.743416 
28.004464 
28.004464 
0.000000 
0.000000 
14.534442 
14.534442 
2.500000 
2.500000 
6.020797 
6.020797 
4.743416 
4.743416 
28.004464 
28.004464 
0.000000 
0.000000 
0.707107 
0.707107 
2.500000 
2.500000 
4.031129 
4.031129 
4.743416 
4.743416 
28.004464 
28.004464 
0.500000 
0.500000 
2.500000 
2.500000 
1.000000 
1.000000 
4.743416 
4.743416 
28.004464 
28.004464 
15.074813 
15.074813 
2.500000 
2.500000 
1.000000 
1.000000 
4.743416 
4.743416 
28.004464 
28.004464 
2.549510 
2.549510 
2.500000 
2.500000 
2.061553 
2.061553 
4.743416 
4.743416 
28.004464 
28.004464 
5.385165 
5.385165 
2.500000 
2.500000 
0.000000 
0.000000 
2.061553 
2.061553 
28.004464 
28.004464 
4.031129 
4.031129 
2.500000 
2.500000 
0.500000 
0.500000 
2.061553 
2.061553 
28.004464 
28.004464 
2.549510 
2.549510 
2.500000 
2.500000 
1.414214 
1.414214 
2.061553 
2.061553 
1.118034 
1.118034 
2.500000 
2.500000 
1.414214 
1.414214 
6.184658 
6.184658 
15.132746 
15.132746 
1.414214 
1.414214 
1.581139 
1.581139 
4.743416 
4.743416 
1.414214 
1.414214 
2.236068 
2.236068 
3.162278 
3.162278 
1.414214 
1.414214 
2.692582 
2.692582 
1.118034 
1.118034 
1.414214 
1.414214 
3.500000 
3.500000 
4.123106 
4.123106 
1.414214 
1.414214 
3.201562 
3.201562 
18.527007 
18.527007 
1.414214 
1.414214 
2.061553 
2.061553 
1.000000 
1.000000 
1.414214 
1.414214 
2.061553 
2.061553 
1.118034 
1.118034 
1.414214 
1.414214 
3.201562 
3.201562 
2.236068 
2.236068 
1.414214 
1.414214 
3.201562 
3.201562 
21.592823 
21.592823 
1.414214 
1.414214 
3.201562 
3.201562 
1.802776 
1.802776 
