0.000000 
0.000000 
0.000000 
0.000000 
1.118034 
1.118034 
12.257651 
12.257651 
3.041381 
3.041381 
2.061553 
2.061553 
4.527693 
4.527693 
1.581139 
1.581139 
5.024938 
5.024938 
1.118034 
1.118034 
18.337121 
18.337121 
14.035669 
14.035669 
0.000000 
0.000000 
4.272002 
4.272002 
11.500000 
11.500000 
4.123106 
4.123106 
3.201562 
3.201562 
2.121320 
2.121320 
4.123106 
4.123106 
3.807887 
3.807887 
1.500000 
1.500000 
4.123106 
4.123106 
13.536986 
13.536986 
3.000000 
3.000000 
4.123106 
4.123106 
10.111874 
10.111874 
3.535534 
3.535534 
4.123106 
4.123106 
4.609772 
4.609772 
3.162278 
3.162278 
4.123106 
4.123106 
6.500000 
6.500000 
20.099751 
20.099751 
0.000000 
0.000000 
4.123106 
4.123106 
5.500000 
5.500000 
5.220153 
5.220153 
0.000000 
0.000000 
0.000000 
0.000000 
4.123106 
4.123106 
14.008926 
14.008926 
4.272002 
4.272002 
1.118034 
1.118034 
0.000000 
0.000000 
4.123106 
4.123106 
4.527693 
4.527693 
1.581139 
1.581139 
0.500000 
0.500000 
0.000000 
0.000000 
4.123106 
4.123106 
2.915476 
2.915476 
3.354102 
3.354102 
0.707107 
0.707107 
0.000000 
0.000000 
4.123106 
4.123106 
1.581139 
1.581139 
3.041381 
3.041381 
1.118034 
1.118034 
0.000000 
0.000000 
4.123106 
4.123106 
2.061553 
2.061553 
1.581139 
1.581139 
0.000000 
0.000000 
1.500000 
1.500000 
0.000000 
0.000000 
4.123106 
4.123106 
17.066048 
17.066048 
1.118034 
1.118034 
1.118034 
1.118034 
1.500000 
1.500000 
0.000000 
0.000000 
4.123106 
4.123106 
1.802776 
1.802776 
1.000000 
1.000000 
7.158911 
7.158911 
1.500000 
1.500000 
0.000000 
0.000000 
4.123106 
4.123106 
1.118034 
1.118034 
2.000000 
2.000000 
1.000000 
1.000000 
1.500000 
1.500000 
0.000000 
0.000000 
13.152946 
13.152946 
2.000000 
2.000000 
1.000000 
1.000000 
1.500000 
1.500000 
0.000000 
0.000000 
2.692582 
2.692582 
2.000000 
2.000000 
1.000000 
1.000000 
1.500000 
1.500000 
0.000000 
0.000000 
0.500000 
0.500000 
2.000000 
2.000000 
1.000000 
1.000000 
1.500000 
1.500000 
0.000000 
0.000000 
0.500000 
0.500000 
2.000000 
2.000000 
1.000000 
1.000000 
1.500000 
1.500000 
0.000000 
0.000000 
26.004807 
26.004807 
2.000000 
2.000000 
1.000000 
1.000000 
1.500000 
1.500000 
0.000000 
0.000000 
4.031129 
4.031129 
2.000000 
2.000000 
1.000000 
1.000000 
1.500000 
1.500000 
0.000000 
0.000000 
2.500000 
2.500000 
2.000000 
2.000000 
0.000000 
0.000000 
1.000000 
1.000000 
1.500000 
1.500000 
0.000000 
0.000000 
1.000000 
1.000000 
2.000000 
2.000000 
0.000000 
0.000000 
2.549510 
2.549510 
1.000000 
1.000000 
1.500000 
1.500000 
3.535534 
3.535534 
2.000000 
2.000000 
0.000000 
0.000000 
1.581139 
1.581139 
2.549510 
2.549510 
1.000000 
1.000000 
1.500000 
1.500000 
1.802776 
1.802776 
2.000000 
2.000000 
0.000000 
0.000000 
0.500000 
0.500000 
3.041381 
3.041381 
2.549510 
2.549510 
1.000000 
1.000000 
1.500000 
1.500000 
22.549945 
22.549945 
2.000000 
2.000000 
1.118034 
1.118034 
0.500000 
0.500000 
2.500000 
2.500000 
2.549510 
2.549510 
1.000000 
1.000000 
1.500000 
1.500000 
22.549945 
22.549945 
2.000000 
2.000000 
1.118034 
1.118034 
0.500000 
0.500000 
13.829317 
13.829317 
2.549510 
2.549510 
1.000000 
1.000000 
22.549945 
22.549945 
2.000000 
2.000000 
0.000000 
0.000000 
1.118034 
1.118034 
0.500000 
0.500000 
13.829317 
13.829317 
2.549510 
2.549510 
1.000000 
1.000000 
22.549945 
22.549945 
2.000000 
2.000000 
2.236068 
2.236068 
1.118034 
1.118034 
0.500000 
0.500000 
13.829317 
13.829317 
2.549510 
2.549510 
1.000000 
1.000000 
22.549945 
22.549945 
0.707107 
0.707107 
1.118034 
1.118034 
0.500000 
0.500000 
13.829317 
13.829317 
2.549510 
2.549510 
23.759209 
23.759209 
1.000000 
1.000000 
1.118034 
1.118034 
0.500000 
0.500000 
13.829317 
13.829317 
2.549510 
2.549510 
2.549510 
2.549510 
1.802776 
1.802776 
1.118034 
1.118034 
0.500000 
0.500000 
13.829317 
13.829317 
2.549510 
2.549510 
2.915476 
2.915476 
