0.000000 
0.000000 
0.500000 
0.500000 
0.000000 
0.000000 
1.500000 
1.500000 
0.000000 
0.000000 
0.000000 
0.000000 
1.581139 
1.581139 
1.000000 
1.000000 
0.000000 
0.000000 
0.000000 
0.000000 
0.000000 
0.000000 
2.061553 
2.061553 
1.000000 
1.000000 
0.000000 
0.000000 
0.000000 
0.000000 
0.000000 
0.000000 
2.061553 
2.061553 
1.000000 
1.000000 
0.000000 
0.000000 
0.000000 
0.000000 
0.000000 
0.000000 
2.061553 
2.061553 
1.000000 
1.000000 
0.000000 
0.000000 
0.000000 
0.000000 
0.000000 
0.000000 
2.061553 
2.061553 
1.000000 
1.000000 
0.000000 
0.000000 
0.000000 
0.000000 
0.000000 
0.000000 
0.000000 
0.000000 
2.061553 
2.061553 
1.000000 
1.000000 
0.000000 
0.000000 
0.000000 
0.000000 
0.000000 
0.000000 
0.000000 
0.000000 
2.061553 
2.061553 
1.000000 
1.000000 
0.000000 
0.000000 
0.000000 
0.000000 
0.000000 
0.000000 
0.000000 
0.000000 
0.000000 
0.000000 
2.061553 
2.061553 
1.000000 
1.000000 
1.000000 
1.000000 
0.000000 
0.000000 
0.000000 
0.000000 
0.000000 
0.000000 
0.000000 
0.000000 
2.061553 
2.061553 
1.000000 
1.000000 
0.000000 
0.000000 
0.500000 
0.500000 
0.000000 
0.000000 
0.000000 
0.000000 
0.000000 
0.000000 
0.000000 
0.000000 
2.061553 
2.061553 
1.000000 
1.000000 
2.549510 
2.549510 
0.500000 
0.500000 
0.000000 
0.000000 
0.000000 
0.000000 
0.000000 
0.000000 
0.000000 
0.000000 
2.061553 
2.061553 
1.000000 
1.000000 
1.118034 
1.118034 
0.500000 
0.500000 
0.000000 
0.000000 
0.000000 
0.000000 
0.000000 
0.000000 
0.000000 
0.000000 
2.061553 
2.061553 
1.000000 
1.000000 
0.000000 
0.000000 
1.118034 
1.118034 
0.500000 
0.500000 
0.000000 
0.000000 
0.000000 
0.000000 
0.000000 
0.000000 
0.000000 
0.000000 
2.061553 
2.061553 
1.000000 
1.000000 
1.802776 
1.802776 
1.118034 
1.118034 
0.500000 
0.500000 
0.000000 
0.000000 
0.000000 
0.000000 
0.000000 
0.000000 
0.000000 
0.000000 
2.061553 
2.061553 
1.000000 
1.000000 
1.802776 
1.802776 
1.118034 
1.118034 
0.500000 
0.500000 
0.000000 
0.000000 
0.000000 
0.000000 
0.000000 
0.000000 
0.000000 
0.000000 
2.061553 
2.061553 
1.000000 
1.000000 
0.000000 
0.000000 
1.802776 
1.802776 
1.118034 
1.118034 
0.500000 
0.500000 
0.000000 
0.000000 
0.000000 
0.000000 
2.061553 
2.061553 
1.414214 
1.414214 
1.802776 
1.802776 
1.118034 
1.118034 
0.500000 
0.500000 
0.000000 
0.000000 
2.061553 
2.061553 
0.707107 
0.707107 
1.802776 
1.802776 
1.118034 
1.118034 
0.500000 
0.500000 
0.000000 
0.000000 
0.500000 
0.500000 
1.802776 
1.802776 
1.118034 
1.118034 
0.500000 
0.500000 
0.000000 
0.000000 
0.000000 
0.000000 
0.707107 
0.707107 
1.802776 
1.802776 
1.118034 
1.118034 
0.500000 
0.500000 
0.000000 
0.000000 
1.802776 
1.802776 
1.581139 
1.581139 
1.802776 
1.802776 
1.118034 
1.118034 
0.500000 
0.500000 
1.414214 
1.414214 
1.118034 
1.118034 
1.802776 
1.802776 
1.118034 
1.118034 
0.500000 
0.500000 
0.000000 
0.000000 
1.414214 
1.414214 
0.707107 
0.707107 
1.802776 
1.802776 
1.118034 
1.118034 
0.500000 
0.500000 
1.414214 
1.414214 
1.414214 
1.414214 
0.000000 
0.000000 
1.802776 
1.802776 
1.118034 
1.118034 
0.500000 
0.500000 
0.000000 
0.000000 
1.414214 
1.414214 
1.581139 
1.581139 
1.802776 
1.802776 
1.118034 
1.118034 
0.500000 
0.500000 
1.581139 
1.581139 
20.651876 
20.651876 
7.071068 
7.071068 
1.802776 
1.802776 
1.118034 
1.118034 
0.707107 
0.707107 
4.031129 
4.031129 
7.071068 
7.071068 
1.802776 
1.802776 
1.000000 
1.000000 
4.031129 
4.031129 
7.071068 
7.071068 
1.802776 
1.802776 
1.000000 
1.000000 
4.031129 
4.031129 
7.071068 
7.071068 
1.000000 
1.000000 
20.506097 
20.506097 
7.071068 
7.071068 
2.000000 
2.000000 
1.000000 
1.000000 
7.071068 
7.071068 
2.692582 
2.692582 
2.915476 
2.915476 
7.071068 
7.071068 
0.000000 
0.000000 
0.000000 
0.000000 
1.118034 
1.118034 
2.915476 
2.915476 
7.071068 
7.071068 
0.000000 
0.000000 
1.000000 
1.000000 
1.118034 
1.118034 
2.915476 
2.915476 
7.071068 
7.071068 
0.000000 
0.000000 
1.000000 
1.000000 
0.707107 
0.707107 
2.915476 
2.915476 
7.071068 
7.071068 
0.000000 
0.000000 
0.707107 
0.707107 
1.802776 
1.802776 
2.915476 
2.915476 
7.071068 
7.071068 
