0.000000 
0.000000 
0.000000 
0.000000 
0.000000 
0.000000 
0.000000 
0.000000 
0.000000 
0.000000 
0.000000 
0.000000 
3.041381 
3.041381 
0.000000 
0.000000 
0.000000 
0.000000 
3.041381 
3.041381 
0.000000 
0.000000 
0.000000 
0.000000 
3.041381 
3.041381 
0.000000 
0.000000 
0.000000 
0.000000 
3.041381 
3.041381 
0.000000 
0.000000 
0.000000 
0.000000 
3.041381 
3.041381 
0.000000 
0.000000 
0.000000 
0.000000 
3.041381 
3.041381 
0.000000 
0.000000 
0.000000 
0.000000 
3.041381 
3.041381 
0.000000 
0.000000 
0.000000 
0.000000 
3.041381 
3.041381 
0.000000 
0.000000 
0.000000 
0.000000 
3.041381 
3.041381 
0.000000 
0.000000 
0.000000 
0.000000 
3.041381 
3.041381 
0.000000 
0.000000 
0.000000 
0.000000 
3.041381 
3.041381 
0.000000 
0.000000 
0.000000 
0.000000 
3.041381 
3.041381 
0.000000 
0.000000 
3.041381 
3.041381 
0.000000 
0.000000 
3.041381 
3.041381 
0.000000 
0.000000 
3.041381 
3.041381 
0.000000 
0.000000 
0.000000 
0.000000 
3.535534 
3.535534 
0.000000 
0.000000 
0.000000 
0.000000 
12.589678 
12.589678 
3.535534 
3.535534 
0.000000 
0.000000 
4.743416 
4.743416 
2.549510 
2.549510 
2.061553 
2.061553 
3.535534 
3.535534 
0.000000 
0.000000 
0.000000 
0.000000 
0.000000 
0.000000 
0.000000 
0.000000 
5.000000 
5.000000 
2.000000 
2.000000 
2.061553 
2.061553 
3.535534 
3.535534 
2.061553 
2.061553 
1.802776 
1.802776 
1.118034 
1.118034 
0.000000 
0.000000 
3.500000 
3.500000 
1.118034 
1.118034 
2.061553 
2.061553 
3.535534 
3.535534 
0.000000 
0.000000 
3.807887 
3.807887 
1.802776 
1.802776 
15.033296 
15.033296 
0.000000 
0.000000 
0.500000 
0.500000 
1.802776 
1.802776 
2.061553 
2.061553 
3.535534 
3.535534 
2.500000 
2.500000 
3.905125 
3.905125 
1.802776 
1.802776 
2.236068 
2.236068 
0.000000 
0.000000 
4.000000 
4.000000 
1.414214 
1.414214 
2.061553 
2.061553 
3.535534 
3.535534 
2.500000 
2.500000 
6.184658 
6.184658 
1.802776 
1.802776 
2.236068 
2.236068 
0.000000 
0.000000 
2.000000 
2.000000 
2.500000 
2.500000 
2.061553 
2.061553 
3.535534 
3.535534 
0.000000 
0.000000 
2.500000 
2.500000 
2.500000 
2.500000 
1.802776 
1.802776 
2.236068 
2.236068 
0.000000 
0.000000 
2.000000 
2.000000 
1.581139 
1.581139 
2.061553 
2.061553 
3.535534 
3.535534 
0.000000 
0.000000 
2.500000 
2.500000 
2.500000 
2.500000 
2.500000 
2.500000 
1.802776 
1.802776 
2.236068 
2.236068 
0.000000 
0.000000 
2.000000 
2.000000 
2.500000 
2.500000 
2.061553 
2.061553 
3.535534 
3.535534 
0.000000 
0.000000 
0.000000 
0.000000 
1.000000 
1.000000 
2.500000 
2.500000 
2.500000 
2.500000 
1.802776 
1.802776 
2.236068 
2.236068 
0.000000 
0.000000 
2.000000 
2.000000 
10.606602 
10.606602 
2.061553 
2.061553 
3.535534 
3.535534 
0.000000 
0.000000 
0.000000 
0.000000 
1.581139 
1.581139 
2.500000 
2.500000 
2.500000 
2.500000 
1.802776 
1.802776 
2.236068 
2.236068 
0.000000 
0.000000 
2.000000 
2.000000 
2.692582 
2.692582 
2.061553 
2.061553 
3.535534 
3.535534 
0.000000 
0.000000 
0.000000 
0.000000 
1.581139 
1.581139 
2.500000 
2.500000 
2.500000 
2.500000 
1.802776 
1.802776 
2.236068 
2.236068 
0.000000 
0.000000 
2.000000 
2.000000 
2.915476 
2.915476 
2.061553 
2.061553 
3.535534 
3.535534 
0.000000 
0.000000 
0.000000 
0.000000 
1.581139 
1.581139 
2.500000 
2.500000 
2.500000 
2.500000 
1.802776 
1.802776 
2.236068 
2.236068 
0.000000 
0.000000 
2.000000 
2.000000 
8.139410 
8.139410 
2.061553 
2.061553 
3.535534 
3.535534 
0.000000 
0.000000 
0.000000 
0.000000 
1.581139 
1.581139 
2.500000 
2.500000 
2.500000 
2.500000 
1.802776 
1.802776 
2.236068 
2.236068 
0.000000 
0.000000 
2.000000 
2.000000 
6.184658 
6.184658 
2.061553 
2.061553 
3.535534 
3.535534 
0.000000 
0.000000 
0.000000 
0.000000 
0.000000 
0.000000 
0.000000 
0.000000 
1.581139 
1.581139 
2.500000 
2.500000 
2.500000 
2.500000 
1.802776 
1.802776 
2.236068 
2.236068 
0.000000 
0.000000 
2.000000 
2.000000 
4.301163 
4.301163 
2.061553 
2.061553 
8.558621 
8.558621 
0.000000 
0.000000 
0.000000 
0.000000 
0.000000 
0.000000 
1.581139 
1.581139 
2.500000 
2.500000 
2.500000 
2.500000 
1.802776 
1.802776 
2.236068 
2.236068 
0.000000 
0.000000 
2.000000 
2.000000 
2.121320 
2.121320 
2.061553 
2.061553 
0.000000 
0.000000 
2.236068 
2.236068 
13.285330 
13.285330 
0.000000 
0.000000 
0.000000 
0.000000 
1.581139 
1.581139 
2.500000 
2.500000 
2.500000 
2.500000 
1.802776 
1.802776 
2.236068 
2.236068 
2.000000 
2.000000 
1.000000 
1.000000 
3.354102 
3.354102 
2.061553 
2.061553 
3.354102 
3.354102 
0.000000 
0.000000 
0.000000 
0.000000 
1.581139 
1.581139 
2.500000 
2.500000 
2.500000 
2.500000 
1.802776 
1.802776 
2.236068 
2.236068 
2.000000 
2.000000 
0.707107 
0.707107 
