0.000000 
0.000000 
0.000000 
0.000000 
0.000000 
0.000000 
0.000000 
0.000000 
0.500000 
0.500000 
1.118034 
1.118034 
0.500000 
0.500000 
0.000000 
0.000000 
0.500000 
0.500000 
1.118034 
1.118034 
4.609772 
4.609772 
1.118034 
1.118034 
12.500000 
12.500000 
1.118034 
1.118034 
0.707107 
0.707107 
1.414214 
1.414214 
2.000000 
2.000000 
1.118034 
1.118034 
1.000000 
1.000000 
1.118034 
1.118034 
0.000000 
0.000000 
1.118034 
1.118034 
0.500000 
0.500000 
6.264982 
6.264982 
1.414214 
1.414214 
1.118034 
1.118034 
0.500000 
0.500000 
6.519202 
6.519202 
2.061553 
2.061553 
1.118034 
1.118034 
0.500000 
0.500000 
0.000000 
0.000000 
1.500000 
1.500000 
1.118034 
1.118034 
0.707107 
0.707107 
1.118034 
1.118034 
0.707107 
0.707107 
1.118034 
1.118034 
0.707107 
0.707107 
3.500000 
3.500000 
0.000000 
0.000000 
10.012492 
10.012492 
1.118034 
1.118034 
0.707107 
0.707107 
2.500000 
2.500000 
0.000000 
0.000000 
0.707107 
0.707107 
0.707107 
0.707107 
1.118034 
1.118034 
0.707107 
0.707107 
4.123106 
4.123106 
1.581139 
1.581139 
0.500000 
0.500000 
10.049876 
10.049876 
1.118034 
1.118034 
0.707107 
0.707107 
5.024938 
5.024938 
1.581139 
1.581139 
0.500000 
0.500000 
1.118034 
1.118034 
1.118034 
1.118034 
0.707107 
0.707107 
2.061553 
2.061553 
1.581139 
1.581139 
0.500000 
0.500000 
0.000000 
0.000000 
16.324828 
16.324828 
0.707107 
0.707107 
3.500000 
3.500000 
0.000000 
0.000000 
1.581139 
1.581139 
0.000000 
0.000000 
0.000000 
0.000000 
2.236068 
2.236068 
6.184658 
6.184658 
2.236068 
2.236068 
1.118034 
1.118034 
1.581139 
1.581139 
1.118034 
1.118034 
6.576473 
6.576473 
0.500000 
0.500000 
6.184658 
6.184658 
9.013878 
9.013878 
0.500000 
0.500000 
1.581139 
1.581139 
0.000000 
0.000000 
0.500000 
0.500000 
1.000000 
1.000000 
6.184658 
6.184658 
1.581139 
1.581139 
0.000000 
0.000000 
1.581139 
1.581139 
1.118034 
1.118034 
0.707107 
0.707107 
1.118034 
1.118034 
6.184658 
6.184658 
0.500000 
0.500000 
0.000000 
0.000000 
1.581139 
1.581139 
0.707107 
0.707107 
1.118034 
1.118034 
1.000000 
1.000000 
6.184658 
6.184658 
9.500000 
9.500000 
0.000000 
0.000000 
0.000000 
0.000000 
1.581139 
1.581139 
0.500000 
0.500000 
2.000000 
2.000000 
2.692582 
2.692582 
6.184658 
6.184658 
1.000000 
1.000000 
0.000000 
0.000000 
0.000000 
0.000000 
1.581139 
1.581139 
0.500000 
0.500000 
1.118034 
1.118034 
2.549510 
2.549510 
6.184658 
6.184658 
1.581139 
1.581139 
0.000000 
0.000000 
0.000000 
0.000000 
1.581139 
1.581139 
0.500000 
0.500000 
1.118034 
1.118034 
1.500000 
1.500000 
6.184658 
6.184658 
0.500000 
0.500000 
0.000000 
0.000000 
0.000000 
0.000000 
1.581139 
1.581139 
0.500000 
0.500000 
1.118034 
1.118034 
1.581139 
1.581139 
6.184658 
6.184658 
0.500000 
0.500000 
0.000000 
0.000000 
0.000000 
0.000000 
1.581139 
1.581139 
0.500000 
0.500000 
1.000000 
1.000000 
2.500000 
2.500000 
6.184658 
6.184658 
11.510864 
11.510864 
0.000000 
0.000000 
0.000000 
0.000000 
0.000000 
0.000000 
1.581139 
1.581139 
0.500000 
0.500000 
1.000000 
1.000000 
2.500000 
2.500000 
6.184658 
6.184658 
10.012492 
10.012492 
0.000000 
0.000000 
1.500000 
1.500000 
0.000000 
0.000000 
0.000000 
0.000000 
1.581139 
1.581139 
0.500000 
0.500000 
1.000000 
1.000000 
2.500000 
2.500000 
6.184658 
6.184658 
1.000000 
1.000000 
0.000000 
0.000000 
1.000000 
1.000000 
0.000000 
0.000000 
0.000000 
0.000000 
0.500000 
0.500000 
1.000000 
1.000000 
2.500000 
2.500000 
6.184658 
6.184658 
1.500000 
1.500000 
0.000000 
0.000000 
1.414214 
1.414214 
0.000000 
0.000000 
0.000000 
0.000000 
0.500000 
0.500000 
1.000000 
1.000000 
2.500000 
2.500000 
6.184658 
6.184658 
4.716991 
4.716991 
0.000000 
0.000000 
1.581139 
1.581139 
0.000000 
0.000000 
0.000000 
0.000000 
0.500000 
0.500000 
1.000000 
1.000000 
2.500000 
2.500000 
6.184658 
6.184658 
0.000000 
0.000000 
0.000000 
0.000000 
1.000000 
1.000000 
0.000000 
0.000000 
0.000000 
0.000000 
0.500000 
0.500000 
1.000000 
1.000000 
2.500000 
2.500000 
0.500000 
0.500000 
0.000000 
0.000000 
0.000000 
0.000000 
0.000000 
0.000000 
1.118034 
1.118034 
0.000000 
0.000000 
0.000000 
0.000000 
0.500000 
0.500000 
1.000000 
1.000000 
2.500000 
2.500000 
6.264982 
6.264982 
0.707107 
0.707107 
0.000000 
0.000000 
0.000000 
0.000000 
1.000000 
1.000000 
0.000000 
0.000000 
0.000000 
0.000000 
0.500000 
0.500000 
1.000000 
1.000000 
2.500000 
2.500000 
2.549510 
2.549510 
0.500000 
0.500000 
0.000000 
0.000000 
0.000000 
0.000000 
1.118034 
1.118034 
0.000000 
0.000000 
0.500000 
0.500000 
1.000000 
1.000000 
2.500000 
2.500000 
2.500000 
2.500000 
0.707107 
0.707107 
0.000000 
0.000000 
0.000000 
0.000000 
1.118034 
1.118034 
0.000000 
0.000000 
0.500000 
0.500000 
1.000000 
1.000000 
2.500000 
2.500000 
2.500000 
2.500000 
1.118034 
1.118034 
0.000000 
0.000000 
0.000000 
0.000000 
1.118034 
1.118034 
1.000000 
1.000000 
2.500000 
2.500000 
8.139410 
8.139410 
0.000000 
0.000000 
0.500000 
0.500000 
0.000000 
0.000000 
0.000000 
0.000000 
1.118034 
1.118034 
1.000000 
1.000000 
2.500000 
2.500000 
1.000000 
1.000000 
4.609772 
4.609772 
0.500000 
0.500000 
0.000000 
0.000000 
0.000000 
0.000000 
1.118034 
1.118034 
1.000000 
1.000000 
2.500000 
2.500000 
1.000000 
1.000000 
0.500000 
0.500000 
0.500000 
0.500000 
0.000000 
0.000000 
0.000000 
0.000000 
1.118034 
1.118034 
1.000000 
1.000000 
2.500000 
2.500000 
6.082763 
6.082763 
