0.000000 
0.000000 
0.000000 
0.000000 
1.500000 
1.500000 
1.000000 
1.000000 
1.000000 
1.000000 
2.000000 
2.000000 
1.118034 
1.118034 
0.000000 
0.000000 
1.118034 
1.118034 
1.581139 
1.581139 
3.041381 
3.041381 
1.581139 
1.581139 
1.118034 
1.118034 
2.828427 
2.828427 
1.500000 
1.500000 
2.061553 
2.061553 
1.581139 
1.581139 
11.000000 
11.000000 
2.000000 
2.000000 
7.280110 
7.280110 
2.061553 
2.061553 
2.000000 
2.000000 
2.061553 
2.061553 
1.500000 
1.500000 
2.061553 
2.061553 
1.802776 
1.802776 
2.061553 
2.061553 
0.500000 
0.500000 
2.061553 
2.061553 
4.500000 
4.500000 
2.061553 
2.061553 
1.118034 
1.118034 
2.061553 
2.061553 
3.041381 
3.041381 
2.061553 
2.061553 
0.707107 
0.707107 
2.061553 
2.061553 
0.707107 
0.707107 
2.061553 
2.061553 
0.500000 
0.500000 
2.061553 
2.061553 
0.500000 
0.500000 
2.061553 
2.061553 
1.414214 
1.414214 
2.061553 
2.061553 
1.000000 
1.000000 
0.000000 
0.000000 
2.061553 
2.061553 
0.707107 
0.707107 
1.581139 
1.581139 
2.061553 
2.061553 
11.543396 
11.543396 
0.500000 
0.500000 
1.000000 
1.000000 
4.031129 
4.031129 
1.118034 
1.118034 
1.802776 
1.802776 
0.707107 
0.707107 
5.099020 
5.099020 
0.707107 
0.707107 
1.802776 
1.802776 
1.500000 
1.500000 
2.500000 
2.500000 
1.118034 
1.118034 
2.500000 
2.500000 
1.000000 
1.000000 
2.915476 
2.915476 
1.581139 
1.581139 
5.700877 
5.700877 
5.099020 
5.099020 
2.000000 
2.000000 
1.000000 
1.000000 
2.549510 
2.549510 
1.000000 
1.000000 
3.041381 
3.041381 
1.000000 
1.000000 
5.099020 
5.099020 
1.118034 
1.118034 
5.000000 
5.000000 
1.000000 
1.000000 
