0.000000 
0.000000 
0.000000 
0.000000 
6.519202 
6.519202 
2.061553 
2.061553 
1.500000 
1.500000 
2.692582 
2.692582 
2.000000 
2.000000 
1.000000 
1.000000 
0.000000 
0.000000 
0.500000 
0.500000 
4.031129 
4.031129 
0.000000 
0.000000 
1.500000 
1.500000 
2.549510 
2.549510 
0.000000 
0.000000 
0.707107 
0.707107 
3.535534 
3.535534 
0.000000 
0.000000 
0.000000 
0.000000 
2.549510 
2.549510 
0.000000 
0.000000 
0.707107 
0.707107 
1.581139 
1.581139 
0.000000 
0.000000 
0.500000 
0.500000 
3.807887 
3.807887 
0.000000 
0.000000 
1.000000 
1.000000 
1.581139 
1.581139 
0.000000 
0.000000 
0.000000 
0.000000 
4.242641 
4.242641 
0.000000 
0.000000 
0.000000 
0.000000 
1.118034 
1.118034 
3.000000 
3.000000 
0.707107 
0.707107 
0.000000 
0.000000 
0.500000 
0.500000 
2.500000 
2.500000 
3.041381 
3.041381 
0.000000 
0.000000 
0.500000 
0.500000 
1.118034 
1.118034 
0.500000 
0.500000 
0.000000 
0.000000 
0.000000 
0.000000 
4.472136 
4.472136 
1.500000 
1.500000 
0.000000 
0.000000 
1.414214 
1.414214 
1.581139 
1.581139 
3.162278 
3.162278 
0.000000 
0.000000 
0.707107 
0.707107 
2.236068 
2.236068 
0.500000 
0.500000 
0.000000 
0.000000 
0.707107 
0.707107 
1.414214 
1.414214 
7.071068 
7.071068 
0.000000 
0.000000 
0.500000 
0.500000 
3.535534 
3.535534 
1.000000 
1.000000 
0.500000 
0.500000 
1.414214 
1.414214 
0.000000 
0.000000 
0.500000 
0.500000 
0.500000 
0.500000 
2.236068 
2.236068 
0.000000 
0.000000 
1.000000 
1.000000 
6.184658 
6.184658 
6.519202 
6.519202 
0.000000 
0.000000 
1.000000 
1.000000 
0.500000 
0.500000 
1.802776 
1.802776 
0.000000 
0.000000 
7.280110 
7.280110 
0.707107 
0.707107 
1.802776 
1.802776 
0.000000 
0.000000 
0.000000 
0.000000 
1.414214 
1.414214 
0.500000 
0.500000 
1.581139 
1.581139 
0.000000 
0.000000 
0.000000 
0.000000 
1.118034 
1.118034 
1.118034 
1.118034 
2.549510 
2.549510 
0.000000 
0.000000 
0.000000 
0.000000 
0.707107 
0.707107 
1.581139 
1.581139 
2.549510 
2.549510 
0.000000 
0.000000 
0.000000 
0.000000 
4.031129 
4.031129 
1.581139 
1.581139 
2.549510 
2.549510 
0.000000 
0.000000 
0.000000 
0.000000 
4.031129 
4.031129 
1.581139 
1.581139 
2.549510 
2.549510 
0.000000 
0.000000 
0.000000 
0.000000 
4.031129 
4.031129 
1.581139 
1.581139 
2.549510 
2.549510 
0.000000 
0.000000 
0.000000 
0.000000 
4.031129 
4.031129 
13.009612 
13.009612 
2.549510 
2.549510 
0.000000 
0.000000 
0.000000 
0.000000 
4.031129 
4.031129 
0.500000 
0.500000 
2.549510 
2.549510 
0.000000 
0.000000 
0.000000 
0.000000 
4.031129 
4.031129 
1.000000 
1.000000 
2.549510 
2.549510 
0.000000 
0.000000 
0.000000 
0.000000 
4.031129 
4.031129 
1.118034 
1.118034 
2.549510 
2.549510 
0.000000 
0.000000 
0.000000 
0.000000 
0.000000 
0.000000 
4.031129 
4.031129 
9.055385 
9.055385 
2.549510 
2.549510 
2.061553 
2.061553 
0.000000 
0.000000 
4.031129 
4.031129 
1.802776 
1.802776 
2.549510 
2.549510 
2.000000 
2.000000 
0.000000 
0.000000 
4.031129 
4.031129 
1.500000 
1.500000 
2.549510 
2.549510 
6.576473 
6.576473 
0.000000 
0.000000 
4.031129 
4.031129 
7.433034 
7.433034 
2.549510 
2.549510 
