0.000000 
0.000000 
0.000000 
0.000000 
0.000000 
0.000000 
0.000000 
0.000000 
0.000000 
0.000000 
0.000000 
0.000000 
0.000000 
0.000000 
0.707107 
0.707107 
0.500000 
0.500000 
1.000000 
1.000000 
6.500000 
6.500000 
0.707107 
0.707107 
0.000000 
0.000000 
0.000000 
0.000000 
0.707107 
0.707107 
1.414214 
1.414214 
7.280110 
7.280110 
5.852350 
5.852350 
0.000000 
0.000000 
0.000000 
0.000000 
1.118034 
1.118034 
0.707107 
0.707107 
1.414214 
1.414214 
2.500000 
2.500000 
5.852350 
5.852350 
1.118034 
1.118034 
0.000000 
0.000000 
1.118034 
1.118034 
0.707107 
0.707107 
1.414214 
1.414214 
0.707107 
0.707107 
5.852350 
5.852350 
0.500000 
0.500000 
0.000000 
0.000000 
1.118034 
1.118034 
0.707107 
0.707107 
1.414214 
1.414214 
5.522681 
5.522681 
5.852350 
5.852350 
0.500000 
0.500000 
0.000000 
0.000000 
1.118034 
1.118034 
3.535534 
3.535534 
1.414214 
1.414214 
1.500000 
1.500000 
5.852350 
5.852350 
6.000000 
6.000000 
0.000000 
0.000000 
1.118034 
1.118034 
0.000000 
0.000000 
1.414214 
1.414214 
2.549510 
2.549510 
5.852350 
5.852350 
0.000000 
0.000000 
0.500000 
0.500000 
0.000000 
0.000000 
1.118034 
1.118034 
0.000000 
0.000000 
1.414214 
1.414214 
2.549510 
2.549510 
12.020815 
12.020815 
0.000000 
0.000000 
2.000000 
2.000000 
0.000000 
0.000000 
1.118034 
1.118034 
0.707107 
0.707107 
1.414214 
1.414214 
2.549510 
2.549510 
2.549510 
2.549510 
0.000000 
0.000000 
0.000000 
0.000000 
0.000000 
0.000000 
2.000000 
2.000000 
0.000000 
0.000000 
1.118034 
1.118034 
0.000000 
0.000000 
1.414214 
1.414214 
2.549510 
2.549510 
7.762087 
7.762087 
0.000000 
0.000000 
6.946222 
6.946222 
4.609772 
4.609772 
0.000000 
0.000000 
2.000000 
2.000000 
0.000000 
0.000000 
1.118034 
1.118034 
0.707107 
0.707107 
1.414214 
1.414214 
2.549510 
2.549510 
0.707107 
0.707107 
0.000000 
0.000000 
6.946222 
6.946222 
4.609772 
4.609772 
0.000000 
0.000000 
2.000000 
2.000000 
0.000000 
0.000000 
1.118034 
1.118034 
3.535534 
3.535534 
1.414214 
1.414214 
2.549510 
2.549510 
1.118034 
1.118034 
0.500000 
0.500000 
6.946222 
6.946222 
4.609772 
4.609772 
0.000000 
0.000000 
2.000000 
2.000000 
0.000000 
0.000000 
1.118034 
1.118034 
0.707107 
0.707107 
1.414214 
1.414214 
2.915476 
2.915476 
0.707107 
0.707107 
2.500000 
2.500000 
6.946222 
6.946222 
4.609772 
4.609772 
0.000000 
0.000000 
2.000000 
2.000000 
0.000000 
0.000000 
1.118034 
1.118034 
0.000000 
0.000000 
1.414214 
1.414214 
0.707107 
0.707107 
0.707107 
0.707107 
1.000000 
1.000000 
6.946222 
6.946222 
4.609772 
4.609772 
0.000000 
0.000000 
2.000000 
2.000000 
1.118034 
1.118034 
0.500000 
0.500000 
1.414214 
1.414214 
1.414214 
1.414214 
0.707107 
0.707107 
6.020797 
6.020797 
6.946222 
6.946222 
4.609772 
4.609772 
0.000000 
0.000000 
2.000000 
2.000000 
1.118034 
1.118034 
0.500000 
0.500000 
1.414214 
1.414214 
1.118034 
1.118034 
0.707107 
0.707107 
1.118034 
1.118034 
6.946222 
6.946222 
4.609772 
4.609772 
0.000000 
0.000000 
2.000000 
2.000000 
1.118034 
1.118034 
0.500000 
0.500000 
1.118034 
1.118034 
0.707107 
0.707107 
0.000000 
0.000000 
1.000000 
1.000000 
6.946222 
6.946222 
4.609772 
4.609772 
0.000000 
0.000000 
2.000000 
2.000000 
0.500000 
0.500000 
1.414214 
1.414214 
0.707107 
0.707107 
7.211103 
7.211103 
1.581139 
1.581139 
6.946222 
6.946222 
4.609772 
4.609772 
0.000000 
0.000000 
12.041595 
12.041595 
0.500000 
0.500000 
1.414214 
1.414214 
0.707107 
0.707107 
0.000000 
0.000000 
15.033296 
15.033296 
1.414214 
1.414214 
6.946222 
6.946222 
4.609772 
4.609772 
0.000000 
0.000000 
12.041595 
12.041595 
0.500000 
0.500000 
1.581139 
1.581139 
0.707107 
0.707107 
1.414214 
1.414214 
2.692582 
2.692582 
1.500000 
1.500000 
6.946222 
6.946222 
4.609772 
4.609772 
0.000000 
0.000000 
12.041595 
12.041595 
0.500000 
0.500000 
0.707107 
0.707107 
0.707107 
0.707107 
1.118034 
1.118034 
11.180340 
11.180340 
8.062258 
8.062258 
6.946222 
6.946222 
4.609772 
4.609772 
0.000000 
0.000000 
12.041595 
12.041595 
0.500000 
0.500000 
0.707107 
0.707107 
0.707107 
0.707107 
2.549510 
2.549510 
14.508618 
14.508618 
0.500000 
0.500000 
6.946222 
6.946222 
4.609772 
4.609772 
0.000000 
0.000000 
12.041595 
12.041595 
0.500000 
0.500000 
0.707107 
0.707107 
0.707107 
0.707107 
1.118034 
1.118034 
3.041381 
3.041381 
0.707107 
0.707107 
6.946222 
6.946222 
4.609772 
4.609772 
12.041595 
12.041595 
0.500000 
0.500000 
0.707107 
0.707107 
0.707107 
0.707107 
1.500000 
1.500000 
5.522681 
5.522681 
5.000000 
5.000000 
6.946222 
6.946222 
4.609772 
4.609772 
12.041595 
12.041595 
0.500000 
0.500000 
0.707107 
0.707107 
0.707107 
0.707107 
0.000000 
0.000000 
1.118034 
1.118034 
5.099020 
5.099020 
0.500000 
0.500000 
12.041595 
12.041595 
0.500000 
0.500000 
0.707107 
0.707107 
0.707107 
0.707107 
8.062258 
8.062258 
1.118034 
1.118034 
10.111874 
10.111874 
0.500000 
0.500000 
12.041595 
12.041595 
0.500000 
0.500000 
0.707107 
0.707107 
0.707107 
0.707107 
1.802776 
1.802776 
5.700877 
5.700877 
2.000000 
2.000000 
0.500000 
0.500000 
12.041595 
12.041595 
0.500000 
0.500000 
0.707107 
0.707107 
1.118034 
1.118034 
2.121320 
2.121320 
2.549510 
2.549510 
0.707107 
0.707107 
12.041595 
12.041595 
0.500000 
0.500000 
0.707107 
0.707107 
1.118034 
1.118034 
1.414214 
1.414214 
2.549510 
2.549510 
0.707107 
0.707107 
12.041595 
12.041595 
0.500000 
0.500000 
0.707107 
0.707107 
0.500000 
0.500000 
1.414214 
1.414214 
2.500000 
2.500000 
0.707107 
0.707107 
12.041595 
12.041595 
0.707107 
0.707107 
1.414214 
1.414214 
0.500000 
0.500000 
6.000000 
6.000000 
1.118034 
1.118034 
12.041595 
12.041595 
0.707107 
0.707107 
1.414214 
1.414214 
9.013878 
9.013878 
1.000000 
1.000000 
1.500000 
1.500000 
12.041595 
12.041595 
0.707107 
0.707107 
1.414214 
1.414214 
1.581139 
1.581139 
1.414214 
1.414214 
1.581139 
1.581139 
1.581139 
1.581139 
0.000000 
0.000000 
1.414214 
1.414214 
0.000000 
0.000000 
1.500000 
1.500000 
1.000000 
1.000000 
12.539936 
12.539936 
0.000000 
0.000000 
0.500000 
0.500000 
1.414214 
1.414214 
1.500000 
1.500000 
1.581139 
1.581139 
1.000000 
1.000000 
1.414214 
1.414214 
8.558621 
8.558621 
0.707107 
0.707107 
1.414214 
1.414214 
9.013878 
9.013878 
1.500000 
1.500000 
5.099020 
5.099020 
10.000000 
10.000000 
0.000000 
0.000000 
2.236068 
2.236068 
0.707107 
0.707107 
1.414214 
1.414214 
1.118034 
1.118034 
0.500000 
0.500000 
1.118034 
1.118034 
1.000000 
1.000000 
