0.000000 
0.000000 
1.000000 
1.000000 
0.500000 
0.500000 
0.000000 
0.000000 
4.716991 
4.716991 
1.118034 
1.118034 
0.500000 
0.500000 
1.118034 
1.118034 
4.000000 
4.000000 
1.118034 
1.118034 
0.707107 
0.707107 
1.118034 
1.118034 
1.000000 
1.000000 
1.118034 
1.118034 
1.118034 
1.118034 
1.118034 
1.118034 
1.581139 
1.581139 
1.118034 
1.118034 
1.414214 
1.414214 
1.118034 
1.118034 
1.802776 
1.802776 
1.118034 
1.118034 
1.581139 
1.581139 
1.118034 
1.118034 
1.802776 
1.802776 
1.118034 
1.118034 
1.118034 
1.118034 
1.118034 
1.118034 
0.500000 
0.500000 
1.118034 
1.118034 
0.500000 
0.500000 
1.118034 
1.118034 
0.500000 
0.500000 
1.118034 
1.118034 
0.500000 
0.500000 
0.707107 
0.707107 
0.500000 
0.500000 
0.000000 
0.000000 
1.118034 
1.118034 
0.000000 
0.000000 
0.707107 
0.707107 
0.500000 
0.500000 
0.500000 
0.500000 
0.500000 
0.500000 
1.000000 
1.000000 
1.500000 
1.500000 
1.118034 
1.118034 
1.802776 
1.802776 
0.000000 
0.000000 
2.121320 
2.121320 
2.549510 
2.549510 
1.000000 
1.000000 
2.549510 
2.549510 
4.272002 
4.272002 
1.500000 
1.500000 
1.118034 
1.118034 
1.581139 
1.581139 
1.118034 
1.118034 
1.581139 
1.581139 
2.500000 
2.500000 
1.581139 
1.581139 
0.000000 
0.000000 
