0.000000 
0.000000 
3.640055 
3.640055 
4.031129 
4.031129 
0.000000 
0.000000 
3.905125 
3.905125 
12.010412 
12.010412 
0.500000 
0.500000 
2.549510 
2.549510 
6.576473 
6.576473 
9.513149 
9.513149 
0.500000 
0.500000 
9.513149 
9.513149 
1.500000 
1.500000 
0.000000 
0.000000 
9.513149 
9.513149 
1.500000 
1.500000 
3.162278 
3.162278 
9.513149 
9.513149 
1.000000 
1.000000 
0.000000 
0.000000 
3.162278 
3.162278 
9.513149 
9.513149 
9.394147 
9.394147 
0.000000 
0.000000 
3.162278 
3.162278 
9.513149 
9.513149 
0.707107 
0.707107 
0.000000 
0.000000 
3.162278 
3.162278 
9.513149 
9.513149 
0.500000 
0.500000 
0.000000 
0.000000 
3.162278 
3.162278 
9.513149 
9.513149 
0.707107 
0.707107 
0.000000 
0.000000 
0.000000 
0.000000 
3.162278 
3.162278 
9.513149 
9.513149 
1.118034 
1.118034 
0.500000 
0.500000 
0.000000 
0.000000 
3.162278 
3.162278 
9.513149 
9.513149 
0.500000 
0.500000 
0.707107 
0.707107 
0.000000 
0.000000 
3.162278 
3.162278 
9.513149 
9.513149 
0.000000 
0.000000 
1.118034 
1.118034 
0.000000 
0.000000 
3.162278 
3.162278 
9.513149 
9.513149 
1.118034 
1.118034 
0.707107 
0.707107 
0.000000 
0.000000 
3.162278 
3.162278 
9.513149 
9.513149 
0.000000 
0.000000 
0.500000 
0.500000 
0.000000 
0.000000 
3.162278 
3.162278 
9.513149 
9.513149 
1.802776 
1.802776 
0.707107 
0.707107 
0.000000 
0.000000 
3.162278 
3.162278 
9.513149 
9.513149 
2.915476 
2.915476 
0.707107 
0.707107 
0.000000 
0.000000 
3.162278 
3.162278 
2.236068 
2.236068 
0.707107 
0.707107 
0.000000 
0.000000 
3.162278 
3.162278 
2.061553 
2.061553 
0.707107 
0.707107 
0.000000 
0.000000 
3.162278 
3.162278 
1.118034 
1.118034 
0.707107 
0.707107 
0.000000 
0.000000 
0.500000 
0.500000 
0.707107 
0.707107 
1.581139 
1.581139 
0.707107 
0.707107 
0.500000 
0.500000 
0.000000 
0.000000 
0.707107 
0.707107 
0.707107 
0.707107 
1.118034 
1.118034 
0.707107 
0.707107 
1.500000 
1.500000 
1.118034 
1.118034 
0.707107 
0.707107 
1.118034 
1.118034 
1.118034 
1.118034 
0.707107 
0.707107 
1.118034 
1.118034 
1.118034 
1.118034 
0.707107 
0.707107 
0.707107 
0.707107 
1.118034 
1.118034 
0.707107 
0.707107 
1.118034 
1.118034 
1.118034 
1.118034 
0.707107 
0.707107 
0.500000 
0.500000 
1.118034 
1.118034 
0.707107 
0.707107 
2.692582 
2.692582 
1.118034 
1.118034 
12.041595 
12.041595 
0.000000 
0.000000 
1.118034 
1.118034 
7.500000 
7.500000 
0.000000 
0.000000 
1.118034 
1.118034 
2.061553 
2.061553 
