0.000000 
0.000000 
0.000000 
0.000000 
1.500000 
1.500000 
1.118034 
1.118034 
2.236068 
2.236068 
1.118034 
1.118034 
1.802776 
1.802776 
1.118034 
1.118034 
0.707107 
0.707107 
1.118034 
1.118034 
1.581139 
1.581139 
1.118034 
1.118034 
0.000000 
0.000000 
1.802776 
1.802776 
1.118034 
1.118034 
3.000000 
3.000000 
1.118034 
1.118034 
5.099020 
5.099020 
3.000000 
3.000000 
2.915476 
2.915476 
1.118034 
1.118034 
3.000000 
3.000000 
2.549510 
2.549510 
0.000000 
0.000000 
3.000000 
3.000000 
1.802776 
1.802776 
1.118034 
1.118034 
0.000000 
0.000000 
3.000000 
3.000000 
2.692582 
2.692582 
0.707107 
0.707107 
0.000000 
0.000000 
1.581139 
1.581139 
3.000000 
3.000000 
1.000000 
1.000000 
0.707107 
0.707107 
8.860023 
8.860023 
1.500000 
1.500000 
3.000000 
3.000000 
2.236068 
2.236068 
0.500000 
0.500000 
0.000000 
0.000000 
7.826238 
7.826238 
1.581139 
1.581139 
3.000000 
3.000000 
2.236068 
2.236068 
0.500000 
0.500000 
1.581139 
1.581139 
6.964194 
6.964194 
1.118034 
1.118034 
3.000000 
3.000000 
2.236068 
2.236068 
0.500000 
0.500000 
0.000000 
0.000000 
2.549510 
2.549510 
6.964194 
6.964194 
0.707107 
0.707107 
3.000000 
3.000000 
2.236068 
2.236068 
0.500000 
0.500000 
3.041381 
3.041381 
1.414214 
1.414214 
6.964194 
6.964194 
4.527693 
4.527693 
3.000000 
3.000000 
2.236068 
2.236068 
0.500000 
0.500000 
3.000000 
3.000000 
20.056171 
20.056171 
6.964194 
6.964194 
1.000000 
1.000000 
3.000000 
3.000000 
7.810250 
7.810250 
0.500000 
0.500000 
6.519202 
6.519202 
1.000000 
1.000000 
6.964194 
6.964194 
1.000000 
1.000000 
3.000000 
3.000000 
0.500000 
0.500000 
0.500000 
0.500000 
2.061553 
2.061553 
1.118034 
1.118034 
6.964194 
6.964194 
1.118034 
1.118034 
3.000000 
3.000000 
1.000000 
1.000000 
0.500000 
0.500000 
2.549510 
2.549510 
1.414214 
1.414214 
6.964194 
6.964194 
1.118034 
1.118034 
3.000000 
3.000000 
0.707107 
0.707107 
0.500000 
0.500000 
2.000000 
2.000000 
0.707107 
0.707107 
6.964194 
6.964194 
1.118034 
1.118034 
0.500000 
0.500000 
0.500000 
0.500000 
0.000000 
0.000000 
1.581139 
1.581139 
0.707107 
0.707107 
6.964194 
6.964194 
1.000000 
1.000000 
0.500000 
0.500000 
0.500000 
0.500000 
6.184658 
6.184658 
1.581139 
1.581139 
0.707107 
0.707107 
6.964194 
6.964194 
0.500000 
0.500000 
0.500000 
0.500000 
0.500000 
0.500000 
0.500000 
0.500000 
1.581139 
1.581139 
0.707107 
0.707107 
6.964194 
6.964194 
0.500000 
0.500000 
0.500000 
0.500000 
0.500000 
0.500000 
1.414214 
1.414214 
1.581139 
1.581139 
0.707107 
0.707107 
6.964194 
6.964194 
0.707107 
0.707107 
0.500000 
0.500000 
0.500000 
0.500000 
1.581139 
1.581139 
1.581139 
1.581139 
0.707107 
0.707107 
6.964194 
6.964194 
0.707107 
0.707107 
0.500000 
0.500000 
0.500000 
0.500000 
2.828427 
2.828427 
1.581139 
1.581139 
0.707107 
0.707107 
6.964194 
6.964194 
1.000000 
1.000000 
0.500000 
0.500000 
1.000000 
1.000000 
1.581139 
1.581139 
0.707107 
0.707107 
6.964194 
6.964194 
0.500000 
0.500000 
0.500000 
0.500000 
1.000000 
1.000000 
1.581139 
1.581139 
0.707107 
0.707107 
0.707107 
0.707107 
10.920165 
10.920165 
0.000000 
0.000000 
1.000000 
1.000000 
1.581139 
1.581139 
0.707107 
0.707107 
1.118034 
1.118034 
1.118034 
1.118034 
1.000000 
1.000000 
1.000000 
1.000000 
1.581139 
1.581139 
0.707107 
0.707107 
1.118034 
1.118034 
1.000000 
1.000000 
1.000000 
1.000000 
1.000000 
1.000000 
1.581139 
1.581139 
0.707107 
0.707107 
0.000000 
0.000000 
0.500000 
0.500000 
1.000000 
1.000000 
1.000000 
1.000000 
1.581139 
1.581139 
0.707107 
0.707107 
1.000000 
1.000000 
0.707107 
0.707107 
1.000000 
1.000000 
1.000000 
1.000000 
1.581139 
1.581139 
0.707107 
0.707107 
0.500000 
0.500000 
0.500000 
0.500000 
8.062258 
8.062258 
1.000000 
1.000000 
1.581139 
1.581139 
0.707107 
0.707107 
5.024938 
5.024938 
1.118034 
1.118034 
0.500000 
0.500000 
1.000000 
1.000000 
1.581139 
1.581139 
0.707107 
0.707107 
1.118034 
1.118034 
