0.000000 
0.000000 
2.692582 
2.692582 
0.500000 
0.500000 
0.500000 
0.500000 
1.000000 
1.000000 
2.121320 
2.121320 
0.707107 
0.707107 
2.000000 
2.000000 
0.500000 
0.500000 
1.802776 
1.802776 
3.201562 
3.201562 
19.163768 
19.163768 
19.500000 
19.500000 
1.581139 
1.581139 
22.522211 
22.522211 
15.572412 
15.572412 
1.118034 
1.118034 
0.000000 
0.000000 
3.201562 
3.201562 
1.118034 
1.118034 
3.201562 
3.201562 
1.802776 
1.802776 
3.201562 
3.201562 
0.000000 
0.000000 
1.581139 
1.581139 
19.104973 
19.104973 
0.000000 
0.000000 
1.581139 
1.581139 
2.000000 
2.000000 
0.000000 
0.000000 
1.581139 
1.581139 
2.000000 
2.000000 
0.000000 
0.000000 
1.581139 
1.581139 
2.000000 
2.000000 
0.000000 
0.000000 
1.581139 
1.581139 
1.414214 
1.414214 
0.000000 
0.000000 
1.581139 
1.581139 
1.581139 
1.581139 
0.000000 
0.000000 
1.581139 
1.581139 
1.802776 
1.802776 
0.000000 
0.000000 
1.581139 
1.581139 
3.640055 
3.640055 
0.000000 
0.000000 
1.581139 
1.581139 
2.915476 
2.915476 
0.000000 
0.000000 
1.581139 
1.581139 
11.500000 
11.500000 
