0.000000 
0.000000 
0.000000 
0.000000 
0.000000 
0.000000 
0.000000 
0.000000 
0.000000 
0.000000 
0.000000 
0.000000 
2.000000 
2.000000 
1.000000 
1.000000 
0.000000 
0.000000 
1.118034 
1.118034 
5.590170 
5.590170 
1.118034 
1.118034 
0.000000 
0.000000 
1.118034 
1.118034 
2.061553 
2.061553 
2.000000 
2.000000 
0.000000 
0.000000 
0.500000 
0.500000 
2.549510 
2.549510 
1.118034 
1.118034 
0.000000 
0.000000 
4.609772 
4.609772 
1.802776 
1.802776 
1.000000 
1.000000 
0.000000 
0.000000 
9.013878 
9.013878 
1.581139 
1.581139 
1.000000 
1.000000 
0.000000 
0.000000 
0.500000 
0.500000 
1.118034 
1.118034 
1.414214 
1.414214 
0.000000 
0.000000 
0.500000 
0.500000 
4.500000 
4.500000 
1.581139 
1.581139 
0.000000 
0.000000 
0.500000 
0.500000 
1.118034 
1.118034 
1.581139 
1.581139 
0.000000 
0.000000 
0.500000 
0.500000 
1.500000 
1.500000 
1.118034 
1.118034 
0.000000 
0.000000 
1.118034 
1.118034 
0.707107 
0.707107 
0.707107 
0.707107 
0.000000 
0.000000 
1.581139 
1.581139 
0.707107 
0.707107 
0.000000 
0.000000 
0.000000 
0.000000 
0.500000 
0.500000 
0.000000 
0.000000 
0.707107 
0.707107 
0.000000 
0.000000 
1.000000 
1.000000 
0.707107 
0.707107 
3.000000 
3.000000 
0.000000 
0.000000 
1.118034 
1.118034 
0.707107 
0.707107 
0.500000 
0.500000 
4.472136 
4.472136 
0.000000 
0.000000 
0.000000 
0.000000 
0.500000 
0.500000 
3.041381 
3.041381 
0.707107 
0.707107 
0.500000 
0.500000 
0.707107 
0.707107 
0.500000 
0.500000 
1.118034 
1.118034 
0.500000 
0.500000 
1.118034 
1.118034 
1.000000 
1.000000 
0.500000 
0.500000 
1.118034 
1.118034 
1.414214 
1.414214 
0.707107 
0.707107 
0.500000 
0.500000 
1.581139 
1.581139 
0.500000 
0.500000 
0.707107 
0.707107 
1.118034 
1.118034 
0.000000 
0.000000 
7.516648 
7.516648 
1.500000 
1.500000 
0.000000 
0.000000 
0.707107 
0.707107 
1.118034 
1.118034 
0.000000 
0.000000 
0.000000 
0.000000 
0.707107 
0.707107 
0.500000 
0.500000 
0.707107 
0.707107 
1.118034 
1.118034 
0.707107 
0.707107 
1.000000 
1.000000 
0.707107 
0.707107 
1.118034 
1.118034 
0.707107 
0.707107 
5.147815 
5.147815 
0.707107 
0.707107 
1.500000 
1.500000 
0.707107 
0.707107 
1.414214 
1.414214 
0.707107 
0.707107 
10.511898 
10.511898 
0.707107 
0.707107 
5.700877 
5.700877 
0.707107 
0.707107 
0.000000 
0.000000 
0.707107 
0.707107 
2.000000 
2.000000 
0.707107 
0.707107 
0.000000 
0.000000 
0.707107 
0.707107 
2.500000 
2.500000 
0.707107 
0.707107 
1.118034 
1.118034 
0.707107 
0.707107 
6.184658 
6.184658 
0.707107 
0.707107 
1.118034 
1.118034 
0.707107 
0.707107 
0.000000 
0.000000 
0.707107 
0.707107 
1.118034 
1.118034 
0.707107 
0.707107 
0.500000 
0.500000 
0.707107 
0.707107 
1.118034 
1.118034 
0.707107 
0.707107 
0.500000 
0.500000 
0.707107 
0.707107 
1.118034 
1.118034 
0.707107 
0.707107 
0.500000 
0.500000 
0.707107 
0.707107 
1.118034 
1.118034 
0.707107 
0.707107 
0.500000 
0.500000 
0.707107 
0.707107 
