0.000000 
0.000000 
0.000000 
0.000000 
0.000000 
0.000000 
0.000000 
0.000000 
0.000000 
0.000000 
0.000000 
0.000000 
0.000000 
0.000000 
1.500000 
1.500000 
0.707107 
0.707107 
1.500000 
1.500000 
0.000000 
0.000000 
0.000000 
0.000000 
1.118034 
1.118034 
0.707107 
0.707107 
2.000000 
2.000000 
0.000000 
0.000000 
0.000000 
0.000000 
0.500000 
0.500000 
1.581139 
1.581139 
2.500000 
2.500000 
0.000000 
0.000000 
0.000000 
0.000000 
0.500000 
0.500000 
2.500000 
2.500000 
0.000000 
0.000000 
3.354102 
3.354102 
0.000000 
0.000000 
0.000000 
0.000000 
0.500000 
0.500000 
2.236068 
2.236068 
1.000000 
1.000000 
1.802776 
1.802776 
0.000000 
0.000000 
0.000000 
0.000000 
0.500000 
0.500000 
1.581139 
1.581139 
6.519202 
6.519202 
10.606602 
10.606602 
0.000000 
0.000000 
0.000000 
0.000000 
0.500000 
0.500000 
2.236068 
2.236068 
8.631338 
8.631338 
4.031129 
4.031129 
0.000000 
0.000000 
0.000000 
0.000000 
0.500000 
0.500000 
2.500000 
2.500000 
1.118034 
1.118034 
4.716991 
4.716991 
0.000000 
0.000000 
0.000000 
0.000000 
0.500000 
0.500000 
1.414214 
1.414214 
2.828427 
2.828427 
3.041381 
3.041381 
0.000000 
0.000000 
0.000000 
0.000000 
0.500000 
0.500000 
1.118034 
1.118034 
2.500000 
2.500000 
11.423660 
11.423660 
0.000000 
0.000000 
0.000000 
0.000000 
0.500000 
0.500000 
12.010412 
12.010412 
12.349089 
12.349089 
11.423660 
11.423660 
0.000000 
0.000000 
0.000000 
0.000000 
0.500000 
0.500000 
1.581139 
1.581139 
3.354102 
3.354102 
11.423660 
11.423660 
0.000000 
0.000000 
0.000000 
0.000000 
0.500000 
0.500000 
2.236068 
2.236068 
5.852350 
5.852350 
11.423660 
11.423660 
0.000000 
0.000000 
0.000000 
0.000000 
0.500000 
0.500000 
2.692582 
2.692582 
3.201562 
3.201562 
11.423660 
11.423660 
0.500000 
0.500000 
2.692582 
2.692582 
3.605551 
3.605551 
11.423660 
11.423660 
0.500000 
0.500000 
2.692582 
2.692582 
0.000000 
0.000000 
1.118034 
1.118034 
11.423660 
11.423660 
0.500000 
0.500000 
2.692582 
2.692582 
1.581139 
1.581139 
13.829317 
13.829317 
11.423660 
11.423660 
2.692582 
2.692582 
1.118034 
1.118034 
1.118034 
1.118034 
11.423660 
11.423660 
2.692582 
2.692582 
1.802776 
1.802776 
1.581139 
1.581139 
11.423660 
11.423660 
2.692582 
2.692582 
1.118034 
1.118034 
0.707107 
0.707107 
11.423660 
11.423660 
2.692582 
2.692582 
7.762087 
7.762087 
0.500000 
0.500000 
11.423660 
11.423660 
2.692582 
2.692582 
0.500000 
0.500000 
22.000000 
22.000000 
11.423660 
11.423660 
2.692582 
2.692582 
0.000000 
0.000000 
0.707107 
0.707107 
11.423660 
11.423660 
2.692582 
2.692582 
0.000000 
0.000000 
1.118034 
1.118034 
11.423660 
11.423660 
2.692582 
2.692582 
0.500000 
0.500000 
1.802776 
1.802776 
2.692582 
2.692582 
0.500000 
0.500000 
1.581139 
1.581139 
2.692582 
2.692582 
0.707107 
0.707107 
1.414214 
1.414214 
2.692582 
2.692582 
0.000000 
0.000000 
1.118034 
1.118034 
1.802776 
1.802776 
1.500000 
1.500000 
2.500000 
2.500000 
1.802776 
1.802776 
2.121320 
2.121320 
1.118034 
1.118034 
1.802776 
1.802776 
0.000000 
0.000000 
2.121320 
2.121320 
1.581139 
1.581139 
1.802776 
1.802776 
1.118034 
1.118034 
2.121320 
2.121320 
1.500000 
1.500000 
1.802776 
1.802776 
1.118034 
1.118034 
2.121320 
2.121320 
1.118034 
1.118034 
1.802776 
1.802776 
2.549510 
2.549510 
2.121320 
2.121320 
6.020797 
6.020797 
1.802776 
1.802776 
2.549510 
2.549510 
7.280110 
7.280110 
2.500000 
2.500000 
1.802776 
1.802776 
0.000000 
0.000000 
2.549510 
2.549510 
3.000000 
3.000000 
5.024938 
5.024938 
1.802776 
1.802776 
0.000000 
0.000000 
22.022716 
22.022716 
18.384776 
18.384776 
3.000000 
3.000000 
5.522681 
5.522681 
1.802776 
1.802776 
