0.000000 
0.000000 
0.000000 
0.000000 
0.000000 
0.000000 
1.118034 
1.118034 
6.324555 
6.324555 
0.500000 
0.500000 
2.061553 
2.061553 
1.118034 
1.118034 
1.118034 
1.118034 
8.200610 
8.200610 
1.802776 
1.802776 
1.500000 
1.500000 
4.609772 
4.609772 
2.915476 
2.915476 
2.061553 
2.061553 
2.236068 
2.236068 
1.118034 
1.118034 
2.236068 
2.236068 
0.707107 
0.707107 
2.500000 
2.500000 
1.118034 
1.118034 
0.707107 
0.707107 
0.500000 
0.500000 
1.000000 
1.000000 
0.707107 
0.707107 
0.707107 
0.707107 
0.500000 
0.500000 
1.414214 
1.414214 
3.162278 
3.162278 
0.707107 
0.707107 
1.802776 
1.802776 
3.500000 
3.500000 
1.000000 
1.000000 
1.118034 
1.118034 
1.000000 
1.000000 
0.500000 
0.500000 
1.000000 
1.000000 
1.500000 
1.500000 
0.500000 
0.500000 
0.500000 
0.500000 
1.000000 
1.000000 
0.000000 
0.000000 
0.707107 
0.707107 
0.500000 
0.500000 
0.707107 
0.707107 
1.414214 
1.414214 
1.000000 
1.000000 
1.118034 
1.118034 
2.236068 
2.236068 
2.000000 
2.000000 
2.000000 
2.000000 
1.802776 
1.802776 
2.061553 
2.061553 
2.000000 
2.000000 
0.000000 
0.000000 
3.201562 
3.201562 
1.000000 
1.000000 
2.000000 
2.000000 
0.500000 
0.500000 
1.000000 
1.000000 
1.118034 
1.118034 
2.000000 
2.000000 
1.414214 
1.414214 
2.828427 
2.828427 
1.414214 
1.414214 
2.000000 
2.000000 
1.414214 
1.414214 
15.074813 
15.074813 
2.000000 
2.000000 
2.000000 
2.000000 
1.414214 
1.414214 
1.581139 
1.581139 
2.000000 
2.000000 
2.000000 
2.000000 
1.414214 
1.414214 
2.828427 
2.828427 
2.000000 
2.000000 
2.000000 
2.000000 
1.414214 
1.414214 
13.462912 
13.462912 
2.000000 
2.000000 
2.000000 
2.000000 
1.414214 
1.414214 
13.462912 
13.462912 
2.000000 
2.000000 
2.000000 
2.000000 
1.414214 
1.414214 
13.462912 
13.462912 
2.000000 
2.000000 
2.000000 
2.000000 
1.414214 
1.414214 
13.462912 
13.462912 
2.000000 
2.000000 
2.000000 
2.000000 
0.000000 
0.000000 
1.414214 
1.414214 
13.462912 
13.462912 
2.000000 
2.000000 
2.000000 
2.000000 
17.464249 
17.464249 
1.414214 
1.414214 
13.462912 
13.462912 
2.000000 
2.000000 
2.000000 
2.000000 
16.620770 
16.620770 
1.414214 
1.414214 
13.462912 
13.462912 
2.000000 
2.000000 
2.000000 
2.000000 
0.707107 
0.707107 
1.414214 
1.414214 
13.462912 
13.462912 
2.000000 
2.000000 
14.577380 
14.577380 
1.414214 
1.414214 
13.462912 
13.462912 
2.000000 
2.000000 
3.041381 
3.041381 
1.414214 
1.414214 
13.462912 
13.462912 
2.000000 
2.000000 
4.924429 
4.924429 
1.414214 
1.414214 
13.462912 
13.462912 
2.000000 
2.000000 
5.220153 
5.220153 
13.462912 
13.462912 
2.000000 
2.000000 
15.500000 
15.500000 
13.462912 
13.462912 
2.000000 
2.000000 
3.605551 
3.605551 
13.462912 
13.462912 
3.905125 
3.905125 
13.462912 
13.462912 
