0.000000 
0.000000 
0.000000 
0.000000 
0.000000 
0.000000 
0.000000 
0.000000 
0.707107 
0.707107 
1.581139 
1.581139 
0.000000 
0.000000 
1.118034 
1.118034 
1.000000 
1.000000 
0.000000 
0.000000 
2.549510 
2.549510 
1.414214 
1.414214 
0.000000 
0.000000 
1.802776 
1.802776 
0.500000 
0.500000 
0.000000 
0.000000 
0.000000 
0.000000 
2.000000 
2.000000 
30.516389 
30.516389 
3.000000 
3.000000 
15.811388 
15.811388 
2.549510 
2.549510 
2.500000 
2.500000 
3.000000 
3.000000 
15.811388 
15.811388 
2.500000 
2.500000 
7.071068 
7.071068 
4.000000 
4.000000 
15.811388 
15.811388 
3.000000 
3.000000 
1.500000 
1.500000 
2.549510 
2.549510 
15.811388 
15.811388 
7.648529 
7.648529 
4.000000 
4.000000 
16.530275 
16.530275 
15.811388 
15.811388 
2.000000 
2.000000 
3.000000 
3.000000 
2.500000 
2.500000 
15.811388 
15.811388 
3.201562 
3.201562 
19.729420 
19.729420 
3.905125 
3.905125 
15.811388 
15.811388 
2.549510 
2.549510 
0.500000 
0.500000 
9.708244 
9.708244 
15.811388 
15.811388 
2.061553 
2.061553 
1.118034 
1.118034 
0.000000 
0.000000 
3.041381 
3.041381 
15.811388 
15.811388 
6.500000 
6.500000 
1.000000 
1.000000 
0.500000 
0.500000 
1.118034 
1.118034 
15.811388 
15.811388 
1.118034 
1.118034 
3.354102 
3.354102 
6.500000 
6.500000 
1.118034 
1.118034 
15.811388 
15.811388 
0.500000 
0.500000 
2.236068 
2.236068 
1.500000 
1.500000 
3.807887 
3.807887 
15.811388 
15.811388 
0.500000 
0.500000 
3.201562 
3.201562 
0.000000 
0.000000 
1.500000 
1.500000 
3.201562 
3.201562 
15.811388 
15.811388 
0.500000 
0.500000 
3.201562 
3.201562 
1.802776 
1.802776 
1.500000 
1.500000 
3.162278 
3.162278 
15.811388 
15.811388 
0.000000 
0.000000 
3.201562 
3.201562 
2.000000 
2.000000 
1.500000 
1.500000 
2.549510 
2.549510 
15.811388 
15.811388 
0.500000 
0.500000 
3.201562 
3.201562 
2.236068 
2.236068 
1.500000 
1.500000 
3.640055 
3.640055 
0.000000 
0.000000 
3.201562 
3.201562 
2.692582 
2.692582 
1.500000 
1.500000 
3.041381 
3.041381 
0.707107 
0.707107 
3.201562 
3.201562 
0.000000 
0.000000 
3.500000 
3.500000 
1.500000 
1.500000 
2.549510 
2.549510 
0.000000 
0.000000 
3.201562 
3.201562 
14.577380 
14.577380 
3.162278 
3.162278 
1.500000 
1.500000 
2.500000 
2.500000 
0.500000 
0.500000 
3.201562 
3.201562 
2.236068 
2.236068 
2.549510 
2.549510 
1.500000 
1.500000 
7.566373 
7.566373 
0.000000 
0.000000 
3.201562 
3.201562 
1.581139 
1.581139 
1.118034 
1.118034 
1.500000 
1.500000 
3.041381 
3.041381 
0.500000 
0.500000 
3.201562 
3.201562 
8.746428 
8.746428 
2.500000 
2.500000 
1.500000 
1.500000 
3.500000 
3.500000 
0.707107 
0.707107 
3.201562 
3.201562 
8.746428 
8.746428 
2.061553 
2.061553 
1.500000 
1.500000 
2.549510 
2.549510 
0.500000 
0.500000 
3.201562 
3.201562 
8.746428 
8.746428 
2.000000 
2.000000 
1.500000 
1.500000 
1.581139 
1.581139 
1.118034 
1.118034 
3.201562 
3.201562 
8.746428 
8.746428 
12.816006 
12.816006 
1.500000 
1.500000 
0.500000 
0.500000 
2.000000 
2.000000 
3.201562 
3.201562 
8.746428 
8.746428 
2.915476 
2.915476 
1.500000 
1.500000 
0.500000 
0.500000 
1.000000 
1.000000 
3.201562 
3.201562 
8.746428 
8.746428 
2.915476 
2.915476 
0.500000 
0.500000 
1.000000 
1.000000 
2.000000 
2.000000 
0.000000 
0.000000 
8.746428 
8.746428 
2.915476 
2.915476 
0.500000 
0.500000 
1.000000 
1.000000 
2.000000 
2.000000 
0.000000 
0.000000 
8.746428 
8.746428 
2.915476 
2.915476 
0.500000 
0.500000 
1.000000 
1.000000 
20.006249 
20.006249 
0.000000 
0.000000 
0.000000 
0.000000 
8.746428 
8.746428 
2.915476 
2.915476 
0.500000 
0.500000 
1.000000 
1.000000 
0.500000 
0.500000 
3.041381 
3.041381 
0.000000 
0.000000 
8.746428 
8.746428 
2.915476 
2.915476 
0.500000 
0.500000 
1.000000 
1.000000 
1.581139 
1.581139 
3.201562 
3.201562 
0.000000 
0.000000 
12.747549 
12.747549 
2.915476 
2.915476 
0.500000 
0.500000 
1.000000 
1.000000 
9.124144 
9.124144 
1.414214 
1.414214 
0.000000 
0.000000 
12.747549 
12.747549 
2.915476 
2.915476 
0.500000 
0.500000 
1.000000 
1.000000 
0.707107 
0.707107 
