0.000000 
0.000000 
0.000000 
0.000000 
0.000000 
0.000000 
0.500000 
0.500000 
0.707107 
0.707107 
0.000000 
0.000000 
0.500000 
0.500000 
1.000000 
1.000000 
0.707107 
0.707107 
0.500000 
0.500000 
0.500000 
0.500000 
0.000000 
0.000000 
0.500000 
0.500000 
0.707107 
0.707107 
1.802776 
1.802776 
14.534442 
14.534442 
16.507574 
16.507574 
1.500000 
1.500000 
4.031129 
4.031129 
3.535534 
3.535534 
2.692582 
2.692582 
4.031129 
4.031129 
4.272002 
4.272002 
4.031129 
4.031129 
4.031129 
4.031129 
3.354102 
3.354102 
5.220153 
5.220153 
4.031129 
4.031129 
1.802776 
1.802776 
13.536986 
13.536986 
4.031129 
4.031129 
10.511898 
10.511898 
1.802776 
1.802776 
4.031129 
4.031129 
1.118034 
1.118034 
2.000000 
2.000000 
4.031129 
4.031129 
12.509996 
12.509996 
4.527693 
4.527693 
4.031129 
4.031129 
1.118034 
1.118034 
27.018512 
27.018512 
4.031129 
4.031129 
1.118034 
1.118034 
1.500000 
1.500000 
4.031129 
4.031129 
1.118034 
1.118034 
1.581139 
1.581139 
4.031129 
4.031129 
1.118034 
1.118034 
1.802776 
1.802776 
4.031129 
4.031129 
1.118034 
1.118034 
17.557050 
17.557050 
4.031129 
4.031129 
1.118034 
1.118034 
4.242641 
4.242641 
4.031129 
4.031129 
1.118034 
1.118034 
1.118034 
1.118034 
0.000000 
0.000000 
4.031129 
4.031129 
1.118034 
1.118034 
2.500000 
2.500000 
0.000000 
0.000000 
21.148286 
21.148286 
1.118034 
1.118034 
2.236068 
2.236068 
5.220153 
5.220153 
21.148286 
21.148286 
1.118034 
1.118034 
21.868928 
21.868928 
5.220153 
5.220153 
21.148286 
21.148286 
1.118034 
1.118034 
21.148286 
21.148286 
5.220153 
5.220153 
21.148286 
21.148286 
1.118034 
1.118034 
5.656854 
5.656854 
5.220153 
5.220153 
21.148286 
21.148286 
1.118034 
1.118034 
24.331050 
24.331050 
5.220153 
5.220153 
21.148286 
21.148286 
1.118034 
1.118034 
1.581139 
1.581139 
5.220153 
5.220153 
21.148286 
21.148286 
1.118034 
1.118034 
3.535534 
3.535534 
5.220153 
5.220153 
21.148286 
21.148286 
2.061553 
2.061553 
5.220153 
5.220153 
21.148286 
21.148286 
0.707107 
0.707107 
5.220153 
5.220153 
21.148286 
21.148286 
1.000000 
1.000000 
5.220153 
5.220153 
21.148286 
21.148286 
1.118034 
1.118034 
5.220153 
5.220153 
21.148286 
21.148286 
0.707107 
0.707107 
0.000000 
0.000000 
24.046829 
24.046829 
21.148286 
21.148286 
0.707107 
0.707107 
2.692582 
2.692582 
2.121320 
2.121320 
21.148286 
21.148286 
0.707107 
0.707107 
24.129857 
24.129857 
2.121320 
2.121320 
21.148286 
21.148286 
0.707107 
0.707107 
0.000000 
0.000000 
29.107559 
29.107559 
2.121320 
2.121320 
0.707107 
0.707107 
4.031129 
4.031129 
2.549510 
2.549510 
2.121320 
2.121320 
0.707107 
0.707107 
4.743416 
4.743416 
2.000000 
2.000000 
2.121320 
2.121320 
0.707107 
0.707107 
