0.000000 
0.000000 
0.000000 
0.000000 
0.500000 
0.500000 
2.692582 
2.692582 
4.272002 
4.272002 
2.500000 
2.500000 
3.640055 
3.640055 
2.000000 
2.000000 
5.522681 
5.522681 
5.590170 
5.590170 
1.118034 
1.118034 
2.500000 
2.500000 
1.500000 
1.500000 
4.031129 
4.031129 
1.581139 
1.581139 
2.000000 
2.000000 
1.000000 
1.000000 
8.015610 
8.015610 
7.648529 
7.648529 
3.535534 
3.535534 
2.828427 
2.828427 
8.558621 
8.558621 
2.500000 
2.500000 
2.500000 
2.500000 
0.000000 
0.000000 
2.549510 
2.549510 
3.000000 
3.000000 
3.640055 
3.640055 
10.111874 
10.111874 
2.692582 
2.692582 
3.640055 
3.640055 
3.000000 
3.000000 
7.017834 
7.017834 
3.640055 
3.640055 
3.041381 
3.041381 
3.000000 
3.000000 
3.640055 
3.640055 
2.500000 
2.500000 
2.500000 
2.500000 
3.640055 
3.640055 
1.118034 
1.118034 
2.000000 
2.000000 
3.640055 
3.640055 
2.692582 
2.692582 
7.632169 
7.632169 
3.640055 
3.640055 
3.807887 
3.807887 
1.581139 
1.581139 
3.640055 
3.640055 
2.236068 
2.236068 
3.162278 
3.162278 
3.640055 
3.640055 
0.500000 
0.500000 
1.118034 
1.118034 
3.640055 
3.640055 
1.000000 
1.000000 
0.500000 
0.500000 
3.640055 
3.640055 
2.061553 
2.061553 
5.852350 
5.852350 
3.640055 
3.640055 
1.500000 
1.500000 
2.828427 
2.828427 
3.640055 
3.640055 
7.566373 
7.566373 
1.414214 
1.414214 
3.640055 
3.640055 
2.236068 
2.236068 
9.219544 
9.219544 
3.640055 
3.640055 
3.354102 
3.354102 
2.915476 
2.915476 
9.219544 
9.219544 
1.581139 
1.581139 
2.061553 
2.061553 
1.581139 
1.581139 
5.700877 
5.700877 
9.552487 
9.552487 
0.707107 
0.707107 
4.301163 
4.301163 
0.500000 
0.500000 
2.061553 
2.061553 
0.500000 
0.500000 
1.000000 
1.000000 
1.414214 
1.414214 
0.500000 
0.500000 
1.118034 
1.118034 
1.118034 
1.118034 
0.000000 
0.000000 
7.000000 
7.000000 
5.700877 
5.700877 
1.000000 
1.000000 
0.707107 
0.707107 
0.707107 
0.707107 
3.041381 
3.041381 
0.500000 
0.500000 
1.000000 
1.000000 
