0.000000 
0.000000 
0.000000 
0.000000 
0.000000 
0.000000 
0.000000 
0.000000 
0.000000 
0.000000 
0.000000 
0.000000 
5.700877 
5.700877 
3.041381 
3.041381 
5.385165 
5.385165 
0.707107 
0.707107 
0.500000 
0.500000 
0.000000 
0.000000 
1.000000 
1.000000 
1.118034 
1.118034 
3.905125 
3.905125 
0.707107 
0.707107 
6.500000 
6.500000 
1.000000 
1.000000 
2.500000 
2.500000 
1.118034 
1.118034 
1.118034 
1.118034 
1.414214 
1.414214 
6.020797 
6.020797 
0.500000 
0.500000 
1.118034 
1.118034 
2.500000 
2.500000 
1.118034 
1.118034 
7.516648 
7.516648 
3.201562 
3.201562 
4.609772 
4.609772 
1.414214 
1.414214 
1.581139 
1.581139 
2.500000 
2.500000 
1.118034 
1.118034 
7.516648 
7.516648 
0.000000 
0.000000 
2.692582 
2.692582 
0.500000 
0.500000 
1.118034 
1.118034 
0.000000 
0.000000 
2.500000 
2.500000 
1.118034 
1.118034 
7.516648 
7.516648 
1.000000 
1.000000 
2.061553 
2.061553 
7.158911 
7.158911 
1.000000 
1.000000 
0.000000 
0.000000 
1.118034 
1.118034 
2.500000 
2.500000 
1.118034 
1.118034 
7.516648 
7.516648 
1.414214 
1.414214 
1.581139 
1.581139 
1.000000 
1.000000 
0.500000 
0.500000 
1.118034 
1.118034 
1.802776 
1.802776 
2.500000 
2.500000 
1.118034 
1.118034 
7.516648 
7.516648 
2.236068 
2.236068 
1.118034 
1.118034 
1.581139 
1.581139 
0.500000 
0.500000 
0.707107 
0.707107 
1.500000 
1.500000 
2.500000 
2.500000 
1.118034 
1.118034 
7.516648 
7.516648 
0.707107 
0.707107 
6.500000 
6.500000 
0.707107 
0.707107 
1.118034 
1.118034 
0.500000 
0.500000 
1.500000 
1.500000 
2.500000 
2.500000 
1.118034 
1.118034 
7.516648 
7.516648 
1.500000 
1.500000 
0.707107 
0.707107 
0.707107 
0.707107 
0.000000 
0.000000 
0.000000 
0.000000 
1.500000 
1.500000 
2.500000 
2.500000 
1.118034 
1.118034 
7.516648 
7.516648 
1.581139 
1.581139 
0.707107 
0.707107 
0.707107 
0.707107 
0.500000 
0.500000 
0.500000 
0.500000 
1.500000 
1.500000 
2.500000 
2.500000 
1.118034 
1.118034 
7.516648 
7.516648 
1.802776 
1.802776 
11.543396 
11.543396 
0.707107 
0.707107 
0.500000 
0.500000 
0.000000 
0.000000 
1.500000 
1.500000 
2.500000 
2.500000 
1.118034 
1.118034 
7.516648 
7.516648 
3.354102 
3.354102 
0.500000 
0.500000 
0.707107 
0.707107 
1.118034 
1.118034 
0.500000 
0.500000 
1.500000 
1.500000 
2.500000 
2.500000 
1.118034 
1.118034 
7.516648 
7.516648 
3.807887 
3.807887 
10.440307 
10.440307 
0.707107 
0.707107 
0.500000 
0.500000 
1.118034 
1.118034 
1.500000 
1.500000 
2.500000 
2.500000 
1.118034 
1.118034 
7.516648 
7.516648 
6.103278 
6.103278 
0.500000 
0.500000 
0.707107 
0.707107 
1.000000 
1.000000 
1.581139 
1.581139 
1.500000 
1.500000 
2.500000 
2.500000 
1.118034 
1.118034 
7.516648 
7.516648 
2.500000 
2.500000 
1.118034 
1.118034 
0.707107 
0.707107 
0.707107 
0.707107 
11.011358 
11.011358 
1.500000 
1.500000 
2.500000 
2.500000 
1.118034 
1.118034 
7.516648 
7.516648 
2.061553 
2.061553 
0.500000 
0.500000 
0.707107 
0.707107 
1.000000 
1.000000 
1.581139 
1.581139 
1.500000 
1.500000 
2.500000 
2.500000 
7.516648 
7.516648 
5.500000 
5.500000 
0.500000 
0.500000 
0.707107 
0.707107 
0.500000 
0.500000 
0.707107 
0.707107 
1.500000 
1.500000 
2.061553 
2.061553 
1.118034 
1.118034 
0.707107 
0.707107 
0.707107 
0.707107 
1.581139 
1.581139 
1.500000 
1.500000 
0.707107 
0.707107 
0.707107 
0.707107 
0.707107 
0.707107 
0.707107 
0.707107 
1.118034 
1.118034 
1.500000 
1.500000 
1.000000 
1.000000 
0.707107 
0.707107 
0.707107 
0.707107 
1.118034 
1.118034 
1.118034 
1.118034 
1.500000 
1.500000 
1.500000 
1.500000 
8.845903 
8.845903 
0.707107 
0.707107 
0.000000 
0.000000 
1.118034 
1.118034 
1.500000 
1.500000 
0.707107 
0.707107 
1.118034 
1.118034 
0.707107 
0.707107 
0.500000 
0.500000 
0.500000 
0.500000 
4.242641 
4.242641 
2.061553 
2.061553 
1.000000 
1.000000 
1.000000 
1.000000 
0.707107 
0.707107 
1.802776 
1.802776 
1.000000 
1.000000 
6.020797 
6.020797 
0.707107 
0.707107 
2.061553 
2.061553 
1.000000 
1.000000 
1.118034 
1.118034 
2.500000 
2.500000 
1.802776 
1.802776 
0.000000 
0.000000 
0.000000 
0.000000 
0.707107 
0.707107 
1.802776 
1.802776 
1.802776 
1.802776 
8.500000 
8.500000 
0.000000 
0.000000 
1.581139 
1.581139 
2.061553 
2.061553 
0.707107 
0.707107 
1.581139 
1.581139 
12.649111 
12.649111 
1.118034 
1.118034 
1.581139 
1.581139 
0.707107 
0.707107 
0.500000 
0.500000 
0.000000 
0.000000 
12.649111 
12.649111 
1.802776 
1.802776 
1.802776 
1.802776 
0.707107 
0.707107 
0.000000 
0.000000 
0.000000 
0.000000 
12.649111 
12.649111 
11.543396 
11.543396 
1.118034 
1.118034 
0.707107 
0.707107 
0.500000 
0.500000 
0.000000 
0.000000 
0.000000 
0.000000 
0.000000 
0.000000 
0.000000 
0.000000 
0.000000 
0.000000 
12.649111 
12.649111 
2.061553 
2.061553 
2.500000 
2.500000 
0.707107 
0.707107 
0.707107 
0.707107 
2.500000 
2.500000 
11.045361 
11.045361 
0.000000 
0.000000 
1.414214 
1.414214 
0.000000 
0.000000 
12.649111 
12.649111 
12.093387 
12.093387 
2.236068 
2.236068 
0.707107 
0.707107 
0.707107 
0.707107 
0.000000 
0.000000 
0.000000 
0.000000 
2.500000 
2.500000 
1.118034 
1.118034 
1.118034 
1.118034 
11.045361 
11.045361 
0.000000 
0.000000 
12.649111 
12.649111 
7.000000 
7.000000 
2.500000 
2.500000 
0.707107 
0.707107 
1.000000 
1.000000 
0.500000 
0.500000 
0.500000 
0.500000 
2.549510 
2.549510 
1.000000 
1.000000 
8.514693 
8.514693 
1.414214 
1.414214 
0.000000 
0.000000 
12.649111 
12.649111 
0.500000 
0.500000 
1.581139 
1.581139 
0.707107 
0.707107 
2.061553 
2.061553 
0.000000 
0.000000 
0.000000 
0.000000 
0.000000 
0.000000 
1.118034 
1.118034 
9.000000 
9.000000 
0.500000 
0.500000 
0.707107 
0.707107 
1.118034 
1.118034 
0.000000 
0.000000 
12.649111 
12.649111 
11.543396 
11.543396 
4.031129 
4.031129 
0.707107 
0.707107 
2.236068 
2.236068 
0.000000 
0.000000 
1.118034 
1.118034 
0.500000 
0.500000 
0.500000 
0.500000 
1.581139 
1.581139 
0.000000 
0.000000 
0.500000 
0.500000 
1.000000 
1.000000 
0.000000 
0.000000 
12.649111 
12.649111 
2.061553 
2.061553 
1.118034 
1.118034 
0.707107 
0.707107 
1.581139 
1.581139 
