0.000000 
0.000000 
0.000000 
0.000000 
0.000000 
0.000000 
0.000000 
0.000000 
0.000000 
0.000000 
0.500000 
0.500000 
0.500000 
0.500000 
0.707107 
0.707107 
0.707107 
0.707107 
0.500000 
0.500000 
5.024938 
5.024938 
0.707107 
0.707107 
1.414214 
1.414214 
0.707107 
0.707107 
2.000000 
2.000000 
0.000000 
0.000000 
1.802776 
1.802776 
1.118034 
1.118034 
1.802776 
1.802776 
1.118034 
1.118034 
1.118034 
1.118034 
7.071068 
7.071068 
1.581139 
1.581139 
1.802776 
1.802776 
1.500000 
1.500000 
0.707107 
0.707107 
1.500000 
1.500000 
2.061553 
2.061553 
2.061553 
2.061553 
0.500000 
0.500000 
1.000000 
1.000000 
2.500000 
2.500000 
1.500000 
1.500000 
2.549510 
2.549510 
2.549510 
2.549510 
1.118034 
1.118034 
0.707107 
0.707107 
1.118034 
1.118034 
4.500000 
4.500000 
3.500000 
3.500000 
2.000000 
2.000000 
0.500000 
0.500000 
0.707107 
0.707107 
2.692582 
2.692582 
1.581139 
1.581139 
3.500000 
3.500000 
5.500000 
5.500000 
1.581139 
1.581139 
0.000000 
0.000000 
2.000000 
2.000000 
1.118034 
1.118034 
3.500000 
3.500000 
2.000000 
2.000000 
8.000000 
8.000000 
1.118034 
1.118034 
2.061553 
2.061553 
1.118034 
1.118034 
3.500000 
3.500000 
3.000000 
3.000000 
1.000000 
1.000000 
0.707107 
0.707107 
2.236068 
2.236068 
1.000000 
1.000000 
3.500000 
3.500000 
3.605551 
3.605551 
2.061553 
2.061553 
3.640055 
3.640055 
1.500000 
1.500000 
1.000000 
1.000000 
3.500000 
3.500000 
6.519202 
6.519202 
2.000000 
2.000000 
1.414214 
1.414214 
1.118034 
1.118034 
1.000000 
1.000000 
3.500000 
3.500000 
2.692582 
2.692582 
1.500000 
1.500000 
1.581139 
1.581139 
0.707107 
0.707107 
0.707107 
0.707107 
3.500000 
3.500000 
2.692582 
2.692582 
7.017834 
7.017834 
1.581139 
1.581139 
3.807887 
3.807887 
0.500000 
0.500000 
3.500000 
3.500000 
7.566373 
7.566373 
1.000000 
1.000000 
1.000000 
1.000000 
1.118034 
1.118034 
0.000000 
0.000000 
3.500000 
3.500000 
1.500000 
1.500000 
1.500000 
1.500000 
1.500000 
1.500000 
0.707107 
0.707107 
0.500000 
0.500000 
3.500000 
3.500000 
3.041381 
3.041381 
0.500000 
0.500000 
1.581139 
1.581139 
1.581139 
1.581139 
1.118034 
1.118034 
3.500000 
3.500000 
3.000000 
3.000000 
1.500000 
1.500000 
1.802776 
1.802776 
1.414214 
1.414214 
1.000000 
1.000000 
3.500000 
3.500000 
6.500000 
6.500000 
0.707107 
0.707107 
1.000000 
1.000000 
1.000000 
1.000000 
5.099020 
5.099020 
3.500000 
3.500000 
2.000000 
2.000000 
1.000000 
1.000000 
0.500000 
0.500000 
1.118034 
1.118034 
0.707107 
0.707107 
3.500000 
3.500000 
2.549510 
2.549510 
1.000000 
1.000000 
0.500000 
0.500000 
1.118034 
1.118034 
7.905694 
7.905694 
2.500000 
2.500000 
1.500000 
1.500000 
1.118034 
1.118034 
1.118034 
1.118034 
0.707107 
0.707107 
2.000000 
2.000000 
5.500000 
5.500000 
1.118034 
1.118034 
1.118034 
1.118034 
0.707107 
0.707107 
5.500000 
5.500000 
0.707107 
0.707107 
1.118034 
1.118034 
1.118034 
1.118034 
0.707107 
0.707107 
3.000000 
3.000000 
1.118034 
1.118034 
1.118034 
1.118034 
1.118034 
1.118034 
0.707107 
0.707107 
2.549510 
2.549510 
0.707107 
0.707107 
1.118034 
1.118034 
1.118034 
1.118034 
1.000000 
1.000000 
1.581139 
1.581139 
0.707107 
0.707107 
1.118034 
1.118034 
1.118034 
1.118034 
2.121320 
2.121320 
1.000000 
1.000000 
0.707107 
0.707107 
1.118034 
1.118034 
1.118034 
1.118034 
0.000000 
0.000000 
0.500000 
0.500000 
0.707107 
0.707107 
1.118034 
1.118034 
1.118034 
1.118034 
0.500000 
0.500000 
4.031129 
4.031129 
0.000000 
0.000000 
1.118034 
1.118034 
1.118034 
1.118034 
1.000000 
1.000000 
0.500000 
0.500000 
1.118034 
1.118034 
1.118034 
1.118034 
1.118034 
1.118034 
1.118034 
1.118034 
0.500000 
0.500000 
0.000000 
0.000000 
1.118034 
1.118034 
1.118034 
1.118034 
1.802776 
1.802776 
0.500000 
0.500000 
0.500000 
0.500000 
1.118034 
1.118034 
1.118034 
1.118034 
0.500000 
0.500000 
1.118034 
1.118034 
0.000000 
0.000000 
1.118034 
1.118034 
1.118034 
1.118034 
7.071068 
7.071068 
0.707107 
0.707107 
0.500000 
0.500000 
1.118034 
1.118034 
1.118034 
1.118034 
0.500000 
0.500000 
0.500000 
0.500000 
1.118034 
1.118034 
2.915476 
2.915476 
0.000000 
0.000000 
0.500000 
0.500000 
0.500000 
0.500000 
0.707107 
0.707107 
0.707107 
0.707107 
0.500000 
0.500000 
0.000000 
0.000000 
1.118034 
1.118034 
