0.000000 
0.000000 
0.000000 
0.000000 
0.000000 
0.000000 
0.000000 
0.000000 
0.000000 
0.000000 
1.118034 
1.118034 
0.500000 
0.500000 
0.500000 
0.500000 
0.707107 
0.707107 
0.707107 
0.707107 
1.118034 
1.118034 
0.707107 
0.707107 
1.414214 
1.414214 
0.000000 
0.000000 
1.000000 
1.000000 
1.118034 
1.118034 
0.000000 
0.000000 
0.707107 
0.707107 
1.000000 
1.000000 
1.000000 
1.000000 
0.000000 
0.000000 
1.118034 
1.118034 
1.000000 
1.000000 
0.500000 
0.500000 
0.707107 
0.707107 
0.000000 
0.000000 
0.000000 
0.000000 
2.549510 
2.549510 
1.118034 
1.118034 
1.414214 
1.414214 
1.118034 
1.118034 
0.500000 
0.500000 
0.000000 
0.000000 
0.000000 
0.000000 
2.500000 
2.500000 
1.118034 
1.118034 
12.816006 
12.816006 
5.099020 
5.099020 
0.500000 
0.500000 
1.000000 
1.000000 
0.000000 
0.000000 
2.236068 
2.236068 
1.118034 
1.118034 
1.118034 
1.118034 
1.414214 
1.414214 
0.707107 
0.707107 
1.802776 
1.802776 
0.000000 
0.000000 
5.522681 
5.522681 
1.118034 
1.118034 
1.414214 
1.414214 
1.500000 
1.500000 
2.061553 
2.061553 
0.500000 
0.500000 
0.000000 
0.000000 
2.500000 
2.500000 
1.118034 
1.118034 
1.000000 
1.000000 
1.118034 
1.118034 
1.802776 
1.802776 
0.707107 
0.707107 
0.000000 
0.000000 
3.354102 
3.354102 
1.118034 
1.118034 
0.500000 
0.500000 
1.802776 
1.802776 
2.061553 
2.061553 
8.514693 
8.514693 
0.000000 
0.000000 
2.500000 
2.500000 
1.118034 
1.118034 
1.802776 
1.802776 
1.500000 
1.500000 
1.500000 
1.500000 
1.000000 
1.000000 
0.000000 
0.000000 
0.000000 
0.000000 
0.000000 
0.000000 
6.670832 
6.670832 
1.118034 
1.118034 
1.802776 
1.802776 
1.802776 
1.802776 
2.500000 
2.500000 
0.000000 
0.000000 
2.061553 
2.061553 
1.118034 
1.118034 
0.000000 
0.000000 
6.519202 
6.519202 
1.118034 
1.118034 
1.802776 
1.802776 
10.111874 
10.111874 
0.707107 
0.707107 
0.500000 
0.500000 
0.000000 
0.000000 
1.000000 
1.000000 
0.707107 
0.707107 
0.000000 
0.000000 
0.500000 
0.500000 
1.118034 
1.118034 
1.802776 
1.802776 
2.236068 
2.236068 
2.828427 
2.828427 
1.581139 
1.581139 
0.000000 
0.000000 
0.000000 
0.000000 
0.000000 
0.000000 
1.000000 
1.000000 
1.118034 
1.118034 
6.000000 
6.000000 
0.000000 
0.000000 
4.123106 
4.123106 
1.118034 
1.118034 
1.802776 
1.802776 
12.747549 
12.747549 
3.201562 
3.201562 
0.707107 
0.707107 
0.000000 
0.000000 
0.707107 
0.707107 
2.549510 
2.549510 
0.500000 
0.500000 
0.707107 
0.707107 
1.118034 
1.118034 
0.500000 
0.500000 
0.000000 
0.000000 
1.118034 
1.118034 
1.802776 
1.802776 
7.017834 
7.017834 
2.500000 
2.500000 
0.500000 
0.500000 
0.500000 
0.500000 
6.500000 
6.500000 
2.500000 
2.500000 
11.011358 
11.011358 
12.539936 
12.539936 
1.118034 
1.118034 
7.500000 
7.500000 
0.000000 
0.000000 
1.802776 
1.802776 
1.802776 
1.802776 
1.000000 
1.000000 
1.802776 
1.802776 
1.500000 
1.500000 
0.000000 
0.000000 
0.500000 
0.500000 
0.000000 
0.000000 
8.000000 
8.000000 
0.000000 
0.000000 
1.802776 
1.802776 
1.118034 
1.118034 
0.000000 
0.000000 
0.000000 
0.000000 
1.000000 
1.000000 
1.802776 
1.802776 
1.118034 
1.118034 
5.522681 
5.522681 
1.414214 
1.414214 
2.500000 
2.500000 
1.000000 
1.000000 
0.500000 
0.500000 
1.802776 
1.802776 
0.000000 
0.000000 
1.118034 
1.118034 
1.118034 
1.118034 
0.500000 
0.500000 
0.000000 
0.000000 
1.414214 
1.414214 
1.802776 
1.802776 
13.086252 
13.086252 
1.802776 
1.802776 
0.707107 
0.707107 
2.500000 
2.500000 
4.031129 
4.031129 
0.707107 
0.707107 
2.000000 
2.000000 
1.118034 
1.118034 
1.414214 
1.414214 
1.118034 
1.118034 
1.118034 
1.118034 
1.000000 
1.000000 
1.802776 
1.802776 
2.061553 
2.061553 
0.707107 
0.707107 
0.707107 
0.707107 
2.500000 
2.500000 
0.707107 
0.707107 
1.118034 
1.118034 
2.549510 
2.549510 
0.500000 
0.500000 
7.648529 
7.648529 
1.118034 
1.118034 
0.500000 
0.500000 
1.581139 
1.581139 
1.802776 
1.802776 
0.500000 
0.500000 
0.500000 
0.500000 
8.514693 
8.514693 
2.500000 
2.500000 
1.581139 
1.581139 
1.802776 
1.802776 
1.414214 
1.414214 
0.707107 
0.707107 
1.802776 
1.802776 
1.118034 
1.118034 
1.000000 
1.000000 
1.118034 
1.118034 
1.802776 
1.802776 
0.500000 
0.500000 
0.000000 
0.000000 
2.500000 
2.500000 
2.500000 
2.500000 
1.581139 
1.581139 
1.500000 
1.500000 
6.000000 
6.000000 
1.802776 
1.802776 
6.082763 
6.082763 
1.118034 
1.118034 
0.000000 
0.000000 
1.802776 
1.802776 
1.802776 
1.802776 
0.707107 
0.707107 
0.500000 
0.500000 
1.802776 
1.802776 
2.500000 
2.500000 
2.061553 
2.061553 
2.121320 
2.121320 
1.414214 
1.414214 
1.118034 
1.118034 
0.000000 
0.000000 
1.118034 
1.118034 
1.118034 
1.118034 
4.031129 
4.031129 
1.802776 
1.802776 
0.707107 
0.707107 
1.000000 
1.000000 
1.000000 
1.000000 
0.000000 
0.000000 
2.500000 
2.500000 
2.061553 
2.061553 
1.802776 
1.802776 
1.581139 
1.581139 
1.000000 
1.000000 
0.500000 
0.500000 
1.118034 
1.118034 
0.500000 
0.500000 
1.414214 
1.414214 
1.802776 
1.802776 
0.707107 
0.707107 
0.707107 
0.707107 
1.000000 
1.000000 
6.519202 
6.519202 
2.500000 
2.500000 
2.061553 
2.061553 
0.500000 
0.500000 
1.581139 
1.581139 
0.707107 
0.707107 
5.099020 
5.099020 
1.118034 
1.118034 
0.000000 
0.000000 
10.688779 
10.688779 
0.707107 
0.707107 
8.558621 
8.558621 
0.500000 
0.500000 
1.414214 
1.414214 
2.500000 
2.500000 
2.061553 
2.061553 
1.000000 
1.000000 
1.000000 
1.000000 
0.707107 
0.707107 
5.024938 
5.024938 
1.118034 
1.118034 
1.581139 
1.581139 
2.000000 
2.000000 
0.707107 
0.707107 
1.118034 
1.118034 
2.236068 
2.236068 
1.802776 
1.802776 
2.500000 
2.500000 
2.061553 
2.061553 
0.500000 
0.500000 
1.581139 
1.581139 
11.000000 
11.000000 
1.500000 
1.500000 
1.118034 
1.118034 
4.000000 
4.000000 
2.061553 
2.061553 
15.000000 
15.000000 
1.581139 
1.581139 
7.516648 
7.516648 
2.236068 
2.236068 
2.500000 
2.500000 
2.061553 
2.061553 
0.000000 
0.000000 
1.000000 
1.000000 
0.707107 
0.707107 
3.000000 
3.000000 
1.118034 
1.118034 
0.500000 
0.500000 
2.000000 
2.000000 
0.500000 
0.500000 
1.802776 
1.802776 
2.500000 
2.500000 
2.000000 
2.000000 
2.500000 
2.500000 
2.061553 
2.061553 
1.118034 
1.118034 
5.522681 
5.522681 
0.000000 
0.000000 
7.762087 
7.762087 
0.500000 
0.500000 
8.000000 
8.000000 
1.000000 
1.000000 
0.707107 
0.707107 
2.061553 
2.061553 
1.581139 
1.581139 
2.500000 
2.500000 
2.061553 
2.061553 
4.743416 
4.743416 
0.500000 
0.500000 
0.707107 
0.707107 
7.762087 
7.762087 
0.500000 
0.500000 
1.118034 
1.118034 
11.543396 
11.543396 
2.061553 
2.061553 
4.924429 
4.924429 
5.590170 
5.590170 
2.500000 
2.500000 
2.061553 
2.061553 
1.118034 
1.118034 
1.118034 
1.118034 
1.000000 
1.000000 
7.762087 
7.762087 
0.500000 
0.500000 
4.472136 
4.472136 
1.118034 
1.118034 
3.041381 
3.041381 
8.321658 
8.321658 
2.121320 
2.121320 
2.500000 
2.500000 
2.061553 
2.061553 
10.307764 
10.307764 
1.118034 
1.118034 
1.500000 
1.500000 
7.762087 
7.762087 
0.500000 
0.500000 
1.802776 
1.802776 
0.000000 
0.000000 
1.118034 
1.118034 
5.590170 
5.590170 
2.000000 
2.000000 
2.061553 
2.061553 
15.532225 
15.532225 
0.500000 
0.500000 
0.500000 
0.500000 
7.762087 
7.762087 
0.500000 
0.500000 
1.802776 
1.802776 
13.038405 
13.038405 
0.707107 
0.707107 
1.414214 
1.414214 
0.000000 
0.000000 
3.000000 
3.000000 
2.061553 
2.061553 
1.000000 
1.000000 
0.500000 
0.500000 
7.648529 
7.648529 
7.762087 
7.762087 
0.500000 
0.500000 
7.280110 
7.280110 
13.038405 
13.038405 
11.101802 
11.101802 
3.162278 
3.162278 
1.000000 
1.000000 
2.061553 
2.061553 
2.061553 
2.061553 
15.572412 
15.572412 
0.500000 
0.500000 
1.414214 
1.414214 
7.762087 
7.762087 
0.500000 
0.500000 
7.280110 
7.280110 
1.118034 
1.118034 
6.082763 
6.082763 
2.549510 
2.549510 
1.118034 
1.118034 
6.576473 
6.576473 
2.061553 
2.061553 
15.572412 
15.572412 
0.500000 
0.500000 
1.118034 
1.118034 
7.762087 
7.762087 
0.500000 
0.500000 
7.280110 
7.280110 
7.516648 
7.516648 
5.590170 
5.590170 
1.500000 
1.500000 
1.414214 
1.414214 
3.041381 
3.041381 
2.061553 
2.061553 
15.572412 
15.572412 
1.000000 
1.000000 
6.576473 
6.576473 
7.762087 
7.762087 
0.500000 
0.500000 
7.280110 
7.280110 
12.369317 
12.369317 
1.000000 
1.000000 
1.581139 
1.581139 
