0.000000 
0.000000 
1.000000 
1.000000 
0.000000 
0.000000 
0.000000 
0.000000 
7.648529 
7.648529 
15.206906 
15.206906 
6.500000 
6.500000 
1.118034 
1.118034 
5.000000 
5.000000 
7.017834 
7.017834 
1.414214 
1.414214 
4.500000 
4.500000 
16.507574 
16.507574 
0.500000 
0.500000 
3.000000 
3.000000 
6.576473 
6.576473 
2.549510 
2.549510 
10.500000 
10.500000 
7.017834 
7.017834 
2.500000 
2.500000 
5.500000 
5.500000 
8.015610 
8.015610 
2.692582 
2.692582 
6.082763 
6.082763 
2.061553 
2.061553 
2.500000 
2.500000 
16.000000 
16.000000 
3.535534 
3.535534 
1.802776 
1.802776 
0.000000 
0.000000 
0.707107 
0.707107 
2.061553 
2.061553 
1.581139 
1.581139 
0.000000 
0.000000 
0.500000 
0.500000 
5.522681 
5.522681 
1.500000 
1.500000 
0.000000 
0.000000 
0.500000 
0.500000 
1.000000 
1.000000 
4.272002 
4.272002 
0.000000 
0.000000 
0.500000 
0.500000 
2.549510 
2.549510 
3.201562 
3.201562 
0.000000 
0.000000 
0.500000 
0.500000 
2.549510 
2.549510 
14.396180 
14.396180 
0.000000 
0.000000 
0.500000 
0.500000 
2.549510 
2.549510 
0.707107 
0.707107 
0.000000 
0.000000 
0.500000 
0.500000 
2.549510 
2.549510 
0.500000 
0.500000 
0.000000 
0.000000 
0.500000 
0.500000 
2.549510 
2.549510 
0.707107 
0.707107 
0.000000 
0.000000 
0.500000 
0.500000 
2.549510 
2.549510 
1.118034 
1.118034 
0.000000 
0.000000 
0.500000 
0.500000 
2.549510 
2.549510 
1.581139 
1.581139 
0.000000 
0.000000 
0.500000 
0.500000 
2.549510 
2.549510 
2.236068 
2.236068 
0.000000 
0.000000 
0.500000 
0.500000 
2.549510 
2.549510 
2.500000 
2.500000 
0.000000 
0.000000 
0.500000 
0.500000 
2.549510 
2.549510 
1.118034 
1.118034 
0.000000 
0.000000 
0.500000 
0.500000 
2.549510 
2.549510 
1.500000 
1.500000 
0.000000 
0.000000 
0.500000 
0.500000 
2.549510 
2.549510 
1.581139 
1.581139 
0.500000 
0.500000 
2.549510 
2.549510 
2.500000 
2.500000 
2.549510 
2.549510 
20.012496 
20.012496 
2.549510 
2.549510 
1.118034 
1.118034 
1.581139 
1.581139 
1.581139 
1.581139 
28.744565 
28.744565 
28.744565 
28.744565 
28.744565 
28.744565 
28.744565 
28.744565 
28.744565 
28.744565 
28.744565 
28.744565 
11.543396 
11.543396 
19.557607 
19.557607 
