0.000000 
0.000000 
24.505102 
24.505102 
1.414214 
1.414214 
1.414214 
1.414214 
1.414214 
1.414214 
1.414214 
1.414214 
1.414214 
1.414214 
1.414214 
1.414214 
1.414214 
1.414214 
1.414214 
1.414214 
27.608875 
27.608875 
2.236068 
2.236068 
2.236068 
2.236068 
2.236068 
2.236068 
27.018512 
27.018512 
0.000000 
0.000000 
1.414214 
1.414214 
1.414214 
1.414214 
1.414214 
1.414214 
0.000000 
0.000000 
1.414214 
1.414214 
1.414214 
1.414214 
5.024938 
5.024938 
1.414214 
1.414214 
28.111386 
28.111386 
4.031129 
4.031129 
1.414214 
1.414214 
2.236068 
2.236068 
3.354102 
3.354102 
1.414214 
1.414214 
1.118034 
1.118034 
15.008331 
15.008331 
1.414214 
1.414214 
3.500000 
3.500000 
15.008331 
15.008331 
1.414214 
1.414214 
20.506097 
20.506097 
15.008331 
15.008331 
1.414214 
1.414214 
20.506097 
20.506097 
15.008331 
15.008331 
1.414214 
1.414214 
20.506097 
20.506097 
15.008331 
15.008331 
1.414214 
1.414214 
20.506097 
20.506097 
15.008331 
15.008331 
1.414214 
1.414214 
29.504237 
29.504237 
15.008331 
15.008331 
1.414214 
1.414214 
1.000000 
1.000000 
2.500000 
2.500000 
26.879360 
26.879360 
1.000000 
1.000000 
2.061553 
2.061553 
2.549510 
2.549510 
1.000000 
1.000000 
2.061553 
2.061553 
2.061553 
2.061553 
1.000000 
1.000000 
1.118034 
1.118034 
1.500000 
1.500000 
1.000000 
1.000000 
1.500000 
1.500000 
1.581139 
1.581139 
1.000000 
1.000000 
1.500000 
1.500000 
17.000000 
17.000000 
1.000000 
1.000000 
1.500000 
1.500000 
1.500000 
1.500000 
1.000000 
1.000000 
