0.000000 
0.000000 
0.000000 
0.000000 
6.800735 
6.800735 
6.800735 
6.800735 
6.800735 
6.800735 
6.800735 
6.800735 
6.800735 
6.800735 
6.403124 
6.403124 
1.802776 
1.802776 
1.118034 
1.118034 
18.006943 
18.006943 
3.640055 
3.640055 
2.915476 
2.915476 
2.915476 
2.915476 
2.915476 
2.915476 
2.915476 
2.915476 
2.915476 
2.915476 
2.915476 
2.915476 
2.915476 
2.915476 
2.915476 
2.915476 
2.915476 
2.915476 
2.915476 
2.915476 
2.915476 
2.915476 
2.915476 
2.915476 
2.915476 
2.915476 
0.000000 
0.000000 
2.915476 
2.915476 
2.500000 
2.500000 
2.915476 
2.915476 
2.500000 
2.500000 
2.500000 
2.500000 
2.500000 
2.500000 
2.500000 
2.500000 
4.924429 
4.924429 
2.692582 
2.692582 
2.549510 
2.549510 
2.549510 
2.549510 
2.549510 
2.549510 
2.549510 
2.549510 
