0.000000 
0.000000 
24.331050 
24.331050 
24.331050 
24.331050 
24.331050 
24.331050 
24.331050 
24.331050 
24.331050 
24.331050 
16.763055 
16.763055 
3.162278 
3.162278 
2.828427 
2.828427 
2.500000 
2.500000 
23.307724 
23.307724 
3.500000 
3.500000 
3.162278 
3.162278 
1.118034 
1.118034 
0.707107 
0.707107 
1.000000 
1.000000 
0.000000 
0.000000 
1.802776 
1.802776 
1.118034 
1.118034 
1.581139 
1.581139 
1.802776 
1.802776 
3.807887 
3.807887 
16.530275 
16.530275 
2.915476 
2.915476 
8.732125 
8.732125 
4.031129 
4.031129 
7.566373 
7.566373 
16.007811 
16.007811 
16.007811 
16.007811 
16.007811 
16.007811 
16.007811 
16.007811 
16.007811 
16.007811 
16.007811 
16.007811 
16.007811 
16.007811 
16.007811 
16.007811 
16.007811 
16.007811 
16.007811 
16.007811 
16.007811 
16.007811 
16.007811 
16.007811 
