0.000000 
0.000000 
0.000000 
0.000000 
0.000000 
0.000000 
2.000000 
2.000000 
4.500000 
4.500000 
0.707107 
0.707107 
18.000000 
18.000000 
0.500000 
0.500000 
3.162278 
3.162278 
6.576473 
6.576473 
3.162278 
3.162278 
0.500000 
0.500000 
0.000000 
0.000000 
3.162278 
3.162278 
0.500000 
0.500000 
0.000000 
0.000000 
1.000000 
1.000000 
3.162278 
3.162278 
0.707107 
0.707107 
2.061553 
2.061553 
0.707107 
0.707107 
3.162278 
3.162278 
0.000000 
0.000000 
2.061553 
2.061553 
0.500000 
0.500000 
3.162278 
3.162278 
1.118034 
1.118034 
2.061553 
2.061553 
0.500000 
0.500000 
3.162278 
3.162278 
6.670832 
6.670832 
2.061553 
2.061553 
0.500000 
0.500000 
11.543396 
11.543396 
1.802776 
1.802776 
2.061553 
2.061553 
0.500000 
0.500000 
0.500000 
0.500000 
1.802776 
1.802776 
2.061553 
2.061553 
0.500000 
0.500000 
0.500000 
0.500000 
13.453624 
13.453624 
2.061553 
2.061553 
0.500000 
0.500000 
0.500000 
0.500000 
9.013878 
9.013878 
0.000000 
0.000000 
2.061553 
2.061553 
0.500000 
0.500000 
0.500000 
0.500000 
0.707107 
0.707107 
21.644861 
21.644861 
2.061553 
2.061553 
0.500000 
0.500000 
0.500000 
0.500000 
1.802776 
1.802776 
2.500000 
2.500000 
2.061553 
2.061553 
0.500000 
0.500000 
0.500000 
0.500000 
1.802776 
1.802776 
3.162278 
3.162278 
2.061553 
2.061553 
0.500000 
0.500000 
0.500000 
0.500000 
1.802776 
1.802776 
3.162278 
3.162278 
2.061553 
2.061553 
0.500000 
0.500000 
0.500000 
0.500000 
1.802776 
1.802776 
3.162278 
3.162278 
2.061553 
2.061553 
0.500000 
0.500000 
15.524175 
15.524175 
1.802776 
1.802776 
3.162278 
3.162278 
2.061553 
2.061553 
0.500000 
0.500000 
1.500000 
1.500000 
1.802776 
1.802776 
0.000000 
0.000000 
3.162278 
3.162278 
2.061553 
2.061553 
0.500000 
0.500000 
2.692582 
2.692582 
1.802776 
1.802776 
2.061553 
2.061553 
3.162278 
3.162278 
0.500000 
0.500000 
4.031129 
4.031129 
1.802776 
1.802776 
2.061553 
2.061553 
3.162278 
3.162278 
20.506097 
20.506097 
1.802776 
1.802776 
2.061553 
2.061553 
3.162278 
3.162278 
0.500000 
0.500000 
1.802776 
1.802776 
2.061553 
2.061553 
3.162278 
3.162278 
2.236068 
2.236068 
1.802776 
1.802776 
2.061553 
2.061553 
3.162278 
3.162278 
2.500000 
2.500000 
1.802776 
1.802776 
2.061553 
2.061553 
3.162278 
3.162278 
2.500000 
2.500000 
1.802776 
1.802776 
2.061553 
2.061553 
3.162278 
3.162278 
2.500000 
2.500000 
1.802776 
1.802776 
2.061553 
2.061553 
3.162278 
3.162278 
2.500000 
2.500000 
1.802776 
1.802776 
2.061553 
2.061553 
3.162278 
3.162278 
2.500000 
2.500000 
2.061553 
2.061553 
3.162278 
3.162278 
2.500000 
2.500000 
2.061553 
2.061553 
2.500000 
2.500000 
2.061553 
2.061553 
2.500000 
2.500000 
0.000000 
0.000000 
2.061553 
2.061553 
2.500000 
2.500000 
0.000000 
0.000000 
2.061553 
2.061553 
2.500000 
2.500000 
0.000000 
0.000000 
2.061553 
2.061553 
2.500000 
2.500000 
