0.000000 
0.000000 
0.000000 
0.000000 
0.500000 
0.500000 
16.124515 
16.124515 
0.500000 
0.500000 
17.720045 
17.720045 
0.500000 
0.500000 
22.549945 
22.549945 
0.500000 
0.500000 
17.182840 
17.182840 
0.500000 
0.500000 
0.707107 
0.707107 
0.500000 
0.500000 
0.000000 
0.000000 
0.500000 
0.500000 
17.007351 
17.007351 
0.500000 
0.500000 
2.061553 
2.061553 
0.500000 
0.500000 
3.354102 
3.354102 
0.500000 
0.500000 
1.581139 
1.581139 
0.500000 
0.500000 
1.118034 
1.118034 
0.500000 
0.500000 
1.802776 
1.802776 
0.500000 
0.500000 
1.000000 
1.000000 
0.500000 
0.500000 
0.500000 
0.500000 
0.500000 
0.500000 
21.005952 
21.005952 
1.000000 
1.000000 
0.707107 
0.707107 
1.118034 
1.118034 
1.581139 
1.581139 
19.059119 
19.059119 
0.000000 
0.000000 
0.000000 
0.000000 
1.118034 
1.118034 
2.500000 
2.500000 
1.118034 
1.118034 
8.139410 
8.139410 
0.707107 
0.707107 
1.802776 
1.802776 
0.500000 
0.500000 
1.500000 
1.500000 
1.000000 
1.000000 
0.000000 
0.000000 
0.707107 
0.707107 
1.118034 
1.118034 
1.802776 
1.802776 
0.707107 
0.707107 
1.000000 
1.000000 
2.500000 
2.500000 
0.707107 
0.707107 
0.000000 
0.000000 
1.118034 
1.118034 
0.707107 
0.707107 
12.509996 
12.509996 
2.236068 
2.236068 
0.707107 
0.707107 
1.000000 
1.000000 
1.414214 
1.414214 
0.707107 
0.707107 
3.041381 
3.041381 
8.015610 
8.015610 
0.707107 
0.707107 
3.041381 
3.041381 
1.118034 
1.118034 
0.707107 
0.707107 
4.527693 
4.527693 
1.118034 
1.118034 
0.707107 
0.707107 
2.061553 
2.061553 
7.017834 
7.017834 
0.707107 
0.707107 
1.118034 
1.118034 
1.500000 
1.500000 
0.707107 
0.707107 
3.162278 
3.162278 
2.500000 
2.500000 
0.707107 
0.707107 
2.915476 
2.915476 
