0.000000 
0.000000 
0.000000 
0.000000 
0.000000 
0.000000 
2.236068 
2.236068 
1.802776 
1.802776 
1.118034 
1.118034 
0.500000 
0.500000 
1.802776 
1.802776 
4.000000 
4.000000 
1.581139 
1.581139 
23.086793 
23.086793 
4.000000 
4.000000 
1.414214 
1.414214 
1.414214 
1.414214 
4.000000 
4.000000 
0.000000 
0.000000 
3.535534 
3.535534 
4.000000 
4.000000 
0.500000 
0.500000 
2.121320 
2.121320 
4.000000 
4.000000 
1.118034 
1.118034 
2.061553 
2.061553 
4.000000 
4.000000 
1.802776 
1.802776 
3.354102 
3.354102 
4.000000 
4.000000 
2.061553 
2.061553 
3.605551 
3.605551 
4.000000 
4.000000 
0.000000 
0.000000 
3.201562 
3.201562 
4.000000 
4.000000 
1.118034 
1.118034 
3.201562 
3.201562 
4.000000 
4.000000 
0.000000 
0.000000 
1.118034 
1.118034 
3.201562 
3.201562 
4.000000 
4.000000 
22.549945 
22.549945 
1.118034 
1.118034 
3.201562 
3.201562 
4.000000 
4.000000 
1.118034 
1.118034 
1.118034 
1.118034 
3.201562 
3.201562 
4.000000 
4.000000 
1.118034 
1.118034 
1.118034 
1.118034 
3.201562 
3.201562 
4.000000 
4.000000 
1.118034 
1.118034 
1.118034 
1.118034 
3.201562 
3.201562 
4.000000 
4.000000 
0.000000 
0.000000 
1.118034 
1.118034 
1.118034 
1.118034 
3.201562 
3.201562 
0.000000 
0.000000 
0.000000 
0.000000 
1.118034 
1.118034 
1.118034 
1.118034 
3.201562 
3.201562 
2.236068 
2.236068 
0.000000 
0.000000 
1.118034 
1.118034 
1.118034 
1.118034 
3.201562 
3.201562 
2.061553 
2.061553 
0.000000 
0.000000 
1.118034 
1.118034 
1.118034 
1.118034 
3.201562 
3.201562 
2.828427 
2.828427 
0.000000 
0.000000 
1.118034 
1.118034 
1.118034 
1.118034 
3.201562 
3.201562 
14.430870 
14.430870 
0.000000 
0.000000 
1.118034 
1.118034 
1.118034 
1.118034 
3.201562 
3.201562 
5.099020 
5.099020 
0.000000 
0.000000 
1.118034 
1.118034 
1.118034 
1.118034 
3.201562 
3.201562 
5.099020 
5.099020 
0.000000 
0.000000 
1.118034 
1.118034 
1.118034 
1.118034 
3.201562 
3.201562 
5.099020 
5.099020 
0.000000 
0.000000 
1.118034 
1.118034 
1.118034 
1.118034 
5.099020 
5.099020 
0.000000 
0.000000 
1.118034 
1.118034 
5.099020 
5.099020 
0.000000 
0.000000 
1.118034 
1.118034 
5.099020 
5.099020 
0.000000 
0.000000 
1.118034 
1.118034 
5.099020 
5.099020 
12.103718 
12.103718 
9.962429 
9.962429 
0.707107 
0.707107 
9.962429 
9.962429 
0.707107 
0.707107 
9.848858 
9.848858 
0.707107 
0.707107 
9.848858 
9.848858 
5.830952 
5.830952 
9.848858 
9.848858 
5.830952 
5.830952 
9.848858 
9.848858 
5.830952 
5.830952 
9.848858 
9.848858 
5.830952 
5.830952 
9.848858 
9.848858 
5.830952 
5.830952 
9.848858 
9.848858 
1.802776 
1.802776 
