0.000000 
0.000000 
0.000000 
0.000000 
20.524376 
20.524376 
2.000000 
2.000000 
5.024938 
5.024938 
23.584953 
23.584953 
5.024938 
5.024938 
3.041381 
3.041381 
4.031129 
4.031129 
3.041381 
3.041381 
11.011358 
11.011358 
0.000000 
0.000000 
3.041381 
3.041381 
2.500000 
2.500000 
2.061553 
2.061553 
3.041381 
3.041381 
2.549510 
2.549510 
1.414214 
1.414214 
3.041381 
3.041381 
3.041381 
3.041381 
13.647344 
13.647344 
3.041381 
3.041381 
1.802776 
1.802776 
2.121320 
2.121320 
3.041381 
3.041381 
0.707107 
0.707107 
2.121320 
2.121320 
3.041381 
3.041381 
0.707107 
0.707107 
2.121320 
2.121320 
3.041381 
3.041381 
0.707107 
0.707107 
2.121320 
2.121320 
3.041381 
3.041381 
0.707107 
0.707107 
2.121320 
2.121320 
3.041381 
3.041381 
0.707107 
0.707107 
2.121320 
2.121320 
3.041381 
3.041381 
0.707107 
0.707107 
2.121320 
2.121320 
3.041381 
3.041381 
0.707107 
0.707107 
2.121320 
2.121320 
3.041381 
3.041381 
0.707107 
0.707107 
2.121320 
2.121320 
3.041381 
3.041381 
0.707107 
0.707107 
2.121320 
2.121320 
0.707107 
0.707107 
2.121320 
2.121320 
0.707107 
0.707107 
2.121320 
2.121320 
0.707107 
0.707107 
2.121320 
2.121320 
0.707107 
0.707107 
2.121320 
2.121320 
0.707107 
0.707107 
2.121320 
2.121320 
0.707107 
0.707107 
0.000000 
0.000000 
2.121320 
2.121320 
1.581139 
1.581139 
0.000000 
0.000000 
1.118034 
1.118034 
0.000000 
0.000000 
1.581139 
1.581139 
2.692582 
2.692582 
2.915476 
2.915476 
1.581139 
1.581139 
1.581139 
1.581139 
1.118034 
1.118034 
1.581139 
1.581139 
1.000000 
1.000000 
0.500000 
0.500000 
0.707107 
0.707107 
2.236068 
2.236068 
17.492856 
17.492856 
19.059119 
19.059119 
