0.000000 
0.000000 
0.000000 
0.000000 
17.066048 
17.066048 
2.915476 
2.915476 
1.802776 
1.802776 
3.201562 
3.201562 
1.000000 
1.000000 
2.915476 
2.915476 
1.500000 
1.500000 
2.236068 
2.236068 
1.581139 
1.581139 
1.581139 
1.581139 
0.500000 
0.500000 
1.581139 
1.581139 
1.500000 
1.500000 
1.118034 
1.118034 
0.000000 
0.000000 
1.581139 
1.581139 
1.500000 
1.500000 
3.807887 
3.807887 
1.802776 
1.802776 
1.581139 
1.581139 
6.041523 
6.041523 
3.807887 
3.807887 
2.061553 
2.061553 
3.000000 
3.000000 
2.121320 
2.121320 
2.061553 
2.061553 
3.041381 
3.041381 
7.017834 
7.017834 
1.118034 
1.118034 
2.061553 
2.061553 
1.414214 
1.414214 
0.000000 
0.000000 
8.015610 
8.015610 
1.581139 
1.581139 
3.162278 
3.162278 
2.500000 
2.500000 
2.500000 
2.500000 
2.549510 
2.549510 
0.707107 
0.707107 
4.000000 
4.000000 
1.802776 
1.802776 
0.000000 
0.000000 
25.504901 
25.504901 
0.707107 
0.707107 
0.000000 
0.000000 
3.640055 
3.640055 
0.707107 
0.707107 
0.500000 
0.500000 
2.500000 
2.500000 
0.707107 
0.707107 
1.581139 
1.581139 
3.041381 
3.041381 
0.707107 
0.707107 
2.061553 
2.061553 
19.026298 
19.026298 
6.184658 
6.184658 
2.000000 
2.000000 
19.026298 
19.026298 
0.000000 
0.000000 
2.000000 
2.000000 
19.026298 
19.026298 
0.000000 
0.000000 
2.000000 
2.000000 
19.026298 
19.026298 
0.000000 
0.000000 
2.000000 
2.000000 
19.026298 
19.026298 
0.000000 
0.000000 
2.000000 
2.000000 
19.026298 
19.026298 
0.000000 
0.000000 
2.000000 
2.000000 
19.026298 
19.026298 
0.000000 
0.000000 
2.000000 
2.000000 
19.026298 
19.026298 
0.000000 
0.000000 
0.000000 
0.000000 
2.000000 
2.000000 
19.026298 
19.026298 
0.000000 
0.000000 
1.802776 
1.802776 
2.000000 
2.000000 
19.026298 
19.026298 
0.000000 
0.000000 
0.000000 
0.000000 
1.581139 
1.581139 
2.000000 
2.000000 
19.026298 
19.026298 
0.000000 
0.000000 
4.272002 
4.272002 
2.692582 
2.692582 
2.000000 
2.000000 
19.026298 
19.026298 
0.000000 
0.000000 
2.121320 
2.121320 
2.549510 
2.549510 
2.000000 
2.000000 
19.026298 
19.026298 
0.000000 
0.000000 
0.707107 
0.707107 
2.500000 
2.500000 
2.000000 
2.000000 
19.026298 
19.026298 
0.000000 
0.000000 
1.802776 
1.802776 
5.590170 
5.590170 
2.000000 
2.000000 
19.026298 
19.026298 
0.000000 
0.000000 
1.581139 
1.581139 
2.500000 
2.500000 
2.000000 
2.000000 
0.000000 
0.000000 
11.180340 
11.180340 
4.123106 
4.123106 
1.581139 
1.581139 
5.000000 
5.000000 
