0.000000 
0.000000 
3.500000 
3.500000 
3.201562 
3.201562 
2.121320 
2.121320 
0.000000 
0.000000 
17.182840 
17.182840 
2.500000 
2.500000 
3.535534 
3.535534 
20.500000 
20.500000 
18.337121 
18.337121 
5.000000 
5.000000 
3.162278 
3.162278 
5.000000 
5.000000 
1.802776 
1.802776 
2.549510 
2.549510 
1.802776 
1.802776 
13.009612 
13.009612 
1.118034 
1.118034 
0.000000 
0.000000 
4.123106 
4.123106 
0.000000 
0.000000 
1.000000 
1.000000 
3.535534 
3.535534 
14.500000 
14.500000 
9.552487 
9.552487 
2.061553 
2.061553 
6.020797 
6.020797 
9.552487 
9.552487 
1.581139 
1.581139 
5.220153 
5.220153 
9.552487 
9.552487 
1.581139 
1.581139 
3.354102 
3.354102 
9.552487 
9.552487 
1.500000 
1.500000 
2.061553 
2.061553 
9.552487 
9.552487 
0.707107 
0.707107 
1.414214 
1.414214 
9.552487 
9.552487 
12.747549 
12.747549 
2.000000 
2.000000 
9.552487 
9.552487 
12.041595 
12.041595 
1.581139 
1.581139 
9.552487 
9.552487 
4.500000 
4.500000 
2.061553 
2.061553 
9.552487 
9.552487 
6.000000 
6.000000 
1.500000 
1.500000 
9.552487 
9.552487 
18.828170 
18.828170 
18.668155 
18.668155 
9.552487 
9.552487 
18.828170 
18.828170 
18.668155 
18.668155 
9.552487 
9.552487 
18.828170 
18.828170 
18.668155 
18.668155 
9.552487 
9.552487 
18.828170 
18.828170 
18.668155 
18.668155 
9.552487 
9.552487 
35.531676 
35.531676 
18.668155 
18.668155 
9.552487 
9.552487 
1.000000 
1.000000 
18.668155 
18.668155 
2.500000 
2.500000 
18.668155 
18.668155 
2.061553 
2.061553 
18.668155 
18.668155 
27.115494 
27.115494 
18.668155 
18.668155 
3.000000 
3.000000 
18.668155 
18.668155 
1.118034 
1.118034 
18.668155 
18.668155 
1.500000 
1.500000 
18.668155 
18.668155 
1.581139 
1.581139 
18.668155 
18.668155 
1.581139 
1.581139 
18.668155 
18.668155 
