0.000000 
0.000000 
0.000000 
0.000000 
0.000000 
0.000000 
4.000000 
4.000000 
1.500000 
1.500000 
2.061553 
2.061553 
4.123106 
4.123106 
1.500000 
1.500000 
2.692582 
2.692582 
2.000000 
2.000000 
1.500000 
1.500000 
1.000000 
1.000000 
2.000000 
2.000000 
4.500000 
4.500000 
1.118034 
1.118034 
2.000000 
2.000000 
1.118034 
1.118034 
0.500000 
0.500000 
2.000000 
2.000000 
0.707107 
0.707107 
1.000000 
1.000000 
2.000000 
2.000000 
0.500000 
0.500000 
0.500000 
0.500000 
0.000000 
0.000000 
2.000000 
2.000000 
1.581139 
1.581139 
1.118034 
1.118034 
5.700877 
5.700877 
2.000000 
2.000000 
0.707107 
0.707107 
3.807887 
3.807887 
2.061553 
2.061553 
2.000000 
2.000000 
2.236068 
2.236068 
5.522681 
5.522681 
1.118034 
1.118034 
2.000000 
2.000000 
8.514693 
8.514693 
4.609772 
4.609772 
0.500000 
0.500000 
2.000000 
2.000000 
2.692582 
2.692582 
16.688319 
16.688319 
0.500000 
0.500000 
2.000000 
2.000000 
2.061553 
2.061553 
1.581139 
1.581139 
1.581139 
1.581139 
2.000000 
2.000000 
3.354102 
3.354102 
0.707107 
0.707107 
1.802776 
1.802776 
2.000000 
2.000000 
4.272002 
4.272002 
17.585505 
17.585505 
1.802776 
1.802776 
2.000000 
2.000000 
2.121320 
2.121320 
0.707107 
0.707107 
7.017834 
7.017834 
2.000000 
2.000000 
0.500000 
0.500000 
1.118034 
1.118034 
1.000000 
1.000000 
0.500000 
0.500000 
1.000000 
1.000000 
1.000000 
1.000000 
1.000000 
1.000000 
1.118034 
1.118034 
1.581139 
1.581139 
1.581139 
1.581139 
1.802776 
1.802776 
1.000000 
1.000000 
1.000000 
1.000000 
0.000000 
0.000000 
0.000000 
0.000000 
1.581139 
1.581139 
0.707107 
0.707107 
0.000000 
0.000000 
0.500000 
0.500000 
2.000000 
2.000000 
1.118034 
1.118034 
0.500000 
0.500000 
1.802776 
1.802776 
0.000000 
0.000000 
2.061553 
2.061553 
1.118034 
1.118034 
0.500000 
0.500000 
2.549510 
2.549510 
1.500000 
1.500000 
1.118034 
1.118034 
2.692582 
2.692582 
0.000000 
0.000000 
4.500000 
4.500000 
1.000000 
1.000000 
3.535534 
3.535534 
1.118034 
1.118034 
3.041381 
3.041381 
4.500000 
4.500000 
2.061553 
2.061553 
0.707107 
0.707107 
1.118034 
1.118034 
0.000000 
0.000000 
0.707107 
0.707107 
0.707107 
0.707107 
2.061553 
2.061553 
0.707107 
0.707107 
2.236068 
2.236068 
4.031129 
4.031129 
8.732125 
8.732125 
1.802776 
1.802776 
7.017834 
7.017834 
8.514693 
8.514693 
1.581139 
1.581139 
7.566373 
7.566373 
3.041381 
3.041381 
6.324555 
6.324555 
0.000000 
0.000000 
1.118034 
1.118034 
2.500000 
2.500000 
1.118034 
1.118034 
2.915476 
2.915476 
0.707107 
0.707107 
15.033296 
15.033296 
2.500000 
2.500000 
2.500000 
2.500000 
0.500000 
0.500000 
4.000000 
4.000000 
2.236068 
2.236068 
