0.000000 
0.000000 
0.000000 
0.000000 
0.000000 
0.000000 
0.500000 
0.500000 
0.000000 
0.000000 
0.500000 
0.500000 
0.000000 
0.000000 
0.707107 
0.707107 
0.000000 
0.000000 
0.707107 
0.707107 
0.000000 
0.000000 
1.118034 
1.118034 
12.971122 
12.971122 
1.118034 
1.118034 
2.236068 
2.236068 
0.500000 
0.500000 
3.201562 
3.201562 
4.000000 
4.000000 
10.594810 
10.594810 
1.500000 
1.500000 
1.581139 
1.581139 
2.061553 
2.061553 
2.000000 
2.000000 
2.549510 
2.549510 
0.707107 
0.707107 
1.000000 
1.000000 
1.581139 
1.581139 
1.500000 
1.500000 
0.500000 
0.500000 
6.500000 
6.500000 
2.000000 
2.000000 
1.581139 
1.581139 
2.061553 
2.061553 
1.581139 
1.581139 
2.061553 
2.061553 
1.581139 
1.581139 
1.414214 
1.414214 
1.581139 
1.581139 
0.500000 
0.500000 
1.581139 
1.581139 
2.000000 
2.000000 
1.581139 
1.581139 
2.061553 
2.061553 
1.581139 
1.581139 
3.041381 
3.041381 
1.581139 
1.581139 
1.581139 
1.581139 
1.581139 
1.581139 
1.118034 
1.118034 
1.581139 
1.581139 
1.118034 
1.118034 
1.581139 
1.581139 
0.500000 
0.500000 
1.581139 
1.581139 
1.000000 
1.000000 
1.581139 
1.581139 
1.118034 
1.118034 
1.581139 
1.581139 
1.118034 
1.118034 
1.581139 
1.581139 
0.000000 
0.000000 
1.118034 
1.118034 
0.000000 
0.000000 
1.118034 
1.118034 
0.000000 
0.000000 
3.162278 
3.162278 
0.000000 
0.000000 
19.608672 
19.608672 
0.000000 
0.000000 
2.121320 
2.121320 
0.000000 
0.000000 
0.707107 
0.707107 
0.000000 
0.000000 
1.118034 
1.118034 
0.000000 
0.000000 
1.802776 
1.802776 
