0.000000 
0.000000 
0.000000 
0.000000 
1.500000 
1.500000 
0.707107 
0.707107 
1.000000 
1.000000 
0.707107 
0.707107 
1.581139 
1.581139 
5.408327 
5.408327 
1.000000 
1.000000 
1.802776 
1.802776 
3.354102 
3.354102 
1.118034 
1.118034 
1.118034 
1.118034 
0.500000 
0.500000 
7.017834 
7.017834 
6.184658 
6.184658 
1.000000 
1.000000 
9.013878 
9.013878 
0.707107 
0.707107 
0.500000 
0.500000 
1.118034 
1.118034 
0.000000 
0.000000 
0.707107 
0.707107 
1.000000 
1.000000 
1.802776 
1.802776 
1.118034 
1.118034 
0.000000 
0.000000 
10.012492 
10.012492 
0.707107 
0.707107 
2.500000 
2.500000 
1.581139 
1.581139 
0.707107 
0.707107 
1.500000 
1.500000 
1.581139 
1.581139 
1.802776 
1.802776 
2.236068 
2.236068 
0.500000 
0.500000 
1.000000 
1.000000 
2.549510 
2.549510 
0.707107 
0.707107 
0.500000 
0.500000 
3.201562 
3.201562 
0.500000 
0.500000 
1.414214 
1.414214 
2.000000 
2.000000 
0.707107 
0.707107 
1.000000 
1.000000 
0.500000 
0.500000 
0.500000 
0.500000 
2.236068 
2.236068 
0.000000 
0.000000 
0.000000 
0.000000 
0.707107 
0.707107 
0.707107 
0.707107 
2.236068 
2.236068 
0.000000 
0.000000 
0.000000 
0.000000 
4.527693 
4.527693 
0.707107 
0.707107 
4.609772 
4.609772 
0.000000 
0.000000 
0.000000 
0.000000 
1.581139 
1.581139 
0.500000 
0.500000 
2.549510 
2.549510 
0.000000 
0.000000 
0.000000 
0.000000 
2.000000 
2.000000 
0.707107 
0.707107 
2.500000 
2.500000 
0.000000 
0.000000 
0.000000 
0.000000 
2.549510 
2.549510 
0.707107 
0.707107 
1.500000 
1.500000 
0.000000 
0.000000 
0.000000 
0.000000 
2.000000 
2.000000 
7.382412 
7.382412 
2.236068 
2.236068 
0.000000 
0.000000 
0.000000 
0.000000 
1.118034 
1.118034 
0.500000 
0.500000 
2.692582 
2.692582 
0.000000 
0.000000 
0.000000 
0.000000 
4.527693 
4.527693 
0.000000 
0.000000 
2.549510 
2.549510 
0.000000 
0.000000 
0.000000 
0.000000 
1.118034 
1.118034 
0.500000 
0.500000 
2.236068 
2.236068 
0.000000 
0.000000 
0.000000 
0.000000 
4.924429 
4.924429 
0.000000 
0.000000 
1.118034 
1.118034 
8.500000 
8.500000 
0.000000 
0.000000 
1.500000 
1.500000 
0.500000 
0.500000 
1.118034 
1.118034 
2.061553 
2.061553 
0.000000 
0.000000 
0.500000 
0.500000 
0.500000 
0.500000 
1.118034 
1.118034 
2.549510 
2.549510 
0.000000 
0.000000 
1.000000 
1.000000 
0.500000 
0.500000 
1.118034 
1.118034 
2.549510 
2.549510 
0.000000 
0.000000 
0.500000 
0.500000 
0.000000 
0.000000 
3.535534 
3.535534 
5.220153 
5.220153 
0.000000 
0.000000 
1.000000 
1.000000 
0.500000 
0.500000 
3.535534 
3.535534 
2.828427 
2.828427 
1.500000 
1.500000 
0.500000 
0.500000 
3.535534 
3.535534 
2.828427 
2.828427 
1.000000 
1.000000 
0.000000 
0.000000 
3.535534 
3.535534 
17.585505 
17.585505 
0.707107 
0.707107 
0.000000 
0.000000 
3.535534 
3.535534 
