0.000000 
0.000000 
0.000000 
0.000000 
2.549510 
2.549510 
1.000000 
1.000000 
2.500000 
2.500000 
1.000000 
1.000000 
7.516648 
7.516648 
5.408327 
5.408327 
0.000000 
0.000000 
0.500000 
0.500000 
5.408327 
5.408327 
4.527693 
4.527693 
5.522681 
5.522681 
5.408327 
5.408327 
2.000000 
2.000000 
4.031129 
4.031129 
5.408327 
5.408327 
2.000000 
2.000000 
0.707107 
0.707107 
5.408327 
5.408327 
0.707107 
0.707107 
1.118034 
1.118034 
5.408327 
5.408327 
2.236068 
2.236068 
5.385165 
5.385165 
5.408327 
5.408327 
1.000000 
1.000000 
1.802776 
1.802776 
5.408327 
5.408327 
2.500000 
2.500000 
1.802776 
1.802776 
5.408327 
5.408327 
0.000000 
0.000000 
1.581139 
1.581139 
1.802776 
1.802776 
5.408327 
5.408327 
1.802776 
1.802776 
3.041381 
3.041381 
1.802776 
1.802776 
5.408327 
5.408327 
4.031129 
4.031129 
7.158911 
7.158911 
1.802776 
1.802776 
5.408327 
5.408327 
4.031129 
4.031129 
0.707107 
0.707107 
12.806248 
12.806248 
5.408327 
5.408327 
4.031129 
4.031129 
2.692582 
2.692582 
6.576473 
6.576473 
5.408327 
5.408327 
4.031129 
4.031129 
6.082763 
6.082763 
6.519202 
6.519202 
5.408327 
5.408327 
4.031129 
4.031129 
5.700877 
5.700877 
1.000000 
1.000000 
4.031129 
4.031129 
4.031129 
4.031129 
2.121320 
2.121320 
4.031129 
4.031129 
12.539936 
12.539936 
2.121320 
2.121320 
4.031129 
4.031129 
1.414214 
1.414214 
2.061553 
2.061553 
4.031129 
4.031129 
2.692582 
2.692582 
2.121320 
2.121320 
4.031129 
4.031129 
8.500000 
8.500000 
0.500000 
0.500000 
4.031129 
4.031129 
7.000000 
7.000000 
0.500000 
0.500000 
4.031129 
4.031129 
7.615773 
7.615773 
0.707107 
0.707107 
4.031129 
4.031129 
3.162278 
3.162278 
0.707107 
0.707107 
0.000000 
0.000000 
4.031129 
4.031129 
1.118034 
1.118034 
1.000000 
1.000000 
6.082763 
6.082763 
4.031129 
4.031129 
4.609772 
4.609772 
0.707107 
0.707107 
9.708244 
9.708244 
1.000000 
1.000000 
1.000000 
1.000000 
11.401754 
11.401754 
6.020797 
6.020797 
1.000000 
1.000000 
4.031129 
4.031129 
21.095023 
21.095023 
1.000000 
1.000000 
8.860023 
8.860023 
2.692582 
2.692582 
1.000000 
1.000000 
5.385165 
5.385165 
3.000000 
3.000000 
1.000000 
1.000000 
6.800735 
6.800735 
3.201562 
3.201562 
1.000000 
1.000000 
3.905125 
3.905125 
3.905125 
3.905125 
1.000000 
1.000000 
6.103278 
6.103278 
2.828427 
2.828427 
1.000000 
1.000000 
6.576473 
6.576473 
2.500000 
2.500000 
1.000000 
1.000000 
3.807887 
3.807887 
1.118034 
1.118034 
1.000000 
1.000000 
