0.000000 
0.000000 
0.000000 
0.000000 
0.000000 
0.000000 
1.000000 
1.000000 
0.000000 
0.000000 
3.000000 
3.000000 
0.500000 
0.500000 
0.500000 
0.500000 
1.000000 
1.000000 
0.000000 
0.000000 
0.000000 
0.000000 
0.000000 
0.000000 
0.000000 
0.000000 
1.118034 
1.118034 
0.000000 
0.000000 
3.535534 
3.535534 
0.707107 
0.707107 
0.000000 
0.000000 
1.581139 
1.581139 
9.000000 
9.000000 
1.118034 
1.118034 
1.581139 
1.581139 
1.581139 
1.581139 
0.707107 
0.707107 
0.000000 
0.000000 
1.581139 
1.581139 
2.061553 
2.061553 
0.500000 
0.500000 
1.118034 
1.118034 
1.000000 
1.000000 
0.500000 
0.500000 
0.000000 
0.000000 
1.581139 
1.581139 
2.000000 
2.000000 
1.000000 
1.000000 
1.414214 
1.414214 
1.000000 
1.000000 
0.000000 
0.000000 
1.118034 
1.118034 
0.000000 
0.000000 
1.581139 
1.581139 
1.581139 
1.581139 
1.000000 
1.000000 
9.013878 
9.013878 
1.581139 
1.581139 
0.000000 
0.000000 
6.519202 
6.519202 
0.000000 
0.000000 
1.581139 
1.581139 
9.000000 
9.000000 
1.000000 
1.000000 
1.414214 
1.414214 
1.118034 
1.118034 
0.000000 
0.000000 
0.000000 
0.000000 
0.707107 
0.707107 
0.000000 
0.000000 
1.581139 
1.581139 
1.500000 
1.500000 
1.000000 
1.000000 
1.414214 
1.414214 
2.236068 
2.236068 
0.000000 
0.000000 
0.000000 
0.000000 
0.000000 
0.000000 
0.000000 
0.000000 
1.581139 
1.581139 
1.802776 
1.802776 
1.000000 
1.000000 
1.414214 
1.414214 
1.000000 
1.000000 
0.000000 
0.000000 
0.000000 
0.000000 
0.000000 
0.000000 
2.500000 
2.500000 
0.000000 
0.000000 
1.581139 
1.581139 
1.802776 
1.802776 
1.000000 
1.000000 
1.581139 
1.581139 
1.118034 
1.118034 
0.000000 
0.000000 
2.500000 
2.500000 
0.000000 
0.000000 
0.000000 
0.000000 
0.707107 
0.707107 
0.000000 
0.000000 
1.581139 
1.581139 
1.802776 
1.802776 
1.000000 
1.000000 
0.000000 
0.000000 
5.024938 
5.024938 
1.414214 
1.414214 
4.609772 
4.609772 
0.000000 
0.000000 
0.000000 
0.000000 
0.500000 
0.500000 
0.000000 
0.000000 
1.581139 
1.581139 
1.802776 
1.802776 
1.000000 
1.000000 
1.000000 
1.000000 
1.802776 
1.802776 
2.061553 
2.061553 
2.061553 
2.061553 
0.000000 
0.000000 
0.000000 
0.000000 
12.500000 
12.500000 
0.000000 
0.000000 
1.581139 
1.581139 
1.802776 
1.802776 
5.000000 
5.000000 
1.500000 
1.500000 
0.500000 
0.500000 
1.118034 
1.118034 
2.061553 
2.061553 
0.000000 
0.000000 
0.000000 
0.000000 
0.500000 
0.500000 
0.000000 
0.000000 
1.581139 
1.581139 
1.802776 
1.802776 
1.414214 
1.414214 
1.802776 
1.802776 
1.118034 
1.118034 
2.500000 
2.500000 
2.061553 
2.061553 
0.000000 
0.000000 
0.000000 
0.000000 
1.000000 
1.000000 
0.000000 
0.000000 
1.581139 
1.581139 
1.802776 
1.802776 
7.516648 
7.516648 
1.581139 
1.581139 
1.581139 
1.581139 
1.500000 
1.500000 
2.061553 
2.061553 
0.000000 
0.000000 
0.000000 
0.000000 
0.707107 
0.707107 
0.000000 
0.000000 
1.581139 
1.581139 
1.802776 
1.802776 
1.000000 
1.000000 
1.581139 
1.581139 
3.000000 
3.000000 
6.020797 
6.020797 
2.061553 
2.061553 
0.000000 
0.000000 
0.000000 
0.000000 
0.707107 
0.707107 
1.581139 
1.581139 
1.802776 
1.802776 
1.000000 
1.000000 
1.581139 
1.581139 
2.500000 
2.500000 
1.581139 
1.581139 
2.061553 
2.061553 
0.000000 
0.000000 
0.000000 
0.000000 
0.707107 
0.707107 
1.802776 
1.802776 
1.581139 
1.581139 
1.581139 
1.581139 
5.590170 
5.590170 
2.061553 
2.061553 
2.061553 
2.061553 
0.000000 
0.000000 
0.000000 
0.000000 
0.707107 
0.707107 
1.802776 
1.802776 
0.000000 
0.000000 
1.581139 
1.581139 
2.061553 
2.061553 
0.000000 
0.000000 
0.000000 
0.000000 
2.061553 
2.061553 
2.061553 
2.061553 
0.000000 
0.000000 
0.000000 
0.000000 
0.707107 
0.707107 
1.802776 
1.802776 
0.500000 
0.500000 
1.000000 
1.000000 
3.041381 
3.041381 
2.000000 
2.000000 
1.000000 
1.000000 
2.061553 
2.061553 
2.061553 
2.061553 
0.000000 
0.000000 
2.236068 
2.236068 
1.802776 
1.802776 
0.500000 
0.500000 
8.000000 
8.000000 
2.549510 
2.549510 
0.000000 
0.000000 
2.549510 
2.549510 
3.000000 
3.000000 
8.015610 
8.015610 
2.061553 
2.061553 
0.000000 
0.000000 
2.500000 
2.500000 
1.802776 
1.802776 
0.707107 
0.707107 
1.118034 
1.118034 
4.500000 
4.500000 
2.061553 
2.061553 
8.015610 
8.015610 
2.000000 
2.000000 
2.061553 
2.061553 
2.061553 
2.061553 
1.802776 
1.802776 
1.802776 
1.802776 
0.707107 
0.707107 
7.017834 
7.017834 
2.500000 
2.500000 
1.118034 
1.118034 
0.707107 
0.707107 
7.017834 
7.017834 
2.000000 
2.000000 
2.061553 
2.061553 
2.549510 
2.549510 
0.707107 
0.707107 
7.017834 
7.017834 
2.236068 
2.236068 
0.000000 
0.000000 
5.500000 
5.500000 
2.000000 
2.000000 
2.061553 
2.061553 
2.061553 
2.061553 
1.118034 
1.118034 
0.707107 
0.707107 
1.118034 
1.118034 
2.061553 
2.061553 
0.000000 
0.000000 
0.000000 
0.000000 
1.000000 
1.000000 
3.000000 
3.000000 
6.519202 
6.519202 
2.061553 
2.061553 
1.802776 
1.802776 
0.707107 
0.707107 
1.118034 
1.118034 
2.000000 
2.000000 
0.000000 
0.000000 
0.000000 
0.000000 
0.707107 
0.707107 
0.000000 
0.000000 
1.000000 
1.000000 
1.581139 
1.581139 
2.000000 
2.000000 
2.061553 
2.061553 
0.500000 
0.500000 
0.707107 
0.707107 
9.340771 
9.340771 
1.581139 
1.581139 
1.118034 
1.118034 
1.000000 
1.000000 
1.414214 
1.414214 
0.000000 
0.000000 
1.000000 
1.000000 
1.581139 
1.581139 
2.000000 
2.000000 
0.000000 
0.000000 
0.707107 
0.707107 
8.631338 
8.631338 
4.609772 
4.609772 
0.000000 
0.000000 
0.000000 
0.000000 
1.118034 
1.118034 
1.000000 
1.000000 
1.118034 
1.118034 
0.000000 
0.000000 
1.000000 
1.000000 
1.118034 
1.118034 
1.581139 
1.581139 
0.500000 
0.500000 
0.707107 
0.707107 
1.118034 
1.118034 
0.707107 
0.707107 
1.118034 
1.118034 
1.414214 
1.414214 
1.118034 
1.118034 
1.500000 
1.500000 
1.118034 
1.118034 
0.000000 
0.000000 
1.000000 
1.000000 
5.590170 
5.590170 
2.061553 
2.061553 
1.581139 
1.581139 
0.707107 
0.707107 
10.000000 
10.000000 
1.000000 
1.000000 
1.118034 
1.118034 
0.707107 
0.707107 
1.118034 
1.118034 
1.118034 
1.118034 
1.118034 
1.118034 
0.000000 
0.000000 
1.000000 
1.000000 
1.500000 
1.500000 
1.500000 
1.500000 
3.000000 
3.000000 
0.707107 
0.707107 
1.802776 
1.802776 
2.500000 
2.500000 
0.000000 
0.000000 
1.118034 
1.118034 
0.707107 
0.707107 
1.118034 
1.118034 
1.000000 
1.000000 
2.000000 
2.000000 
0.000000 
0.000000 
1.000000 
1.000000 
2.061553 
2.061553 
7.017834 
7.017834 
1.581139 
1.581139 
0.707107 
0.707107 
0.500000 
0.500000 
2.000000 
2.000000 
0.000000 
0.000000 
1.118034 
1.118034 
1.118034 
1.118034 
0.500000 
0.500000 
1.118034 
1.118034 
0.707107 
0.707107 
1.118034 
1.118034 
0.000000 
0.000000 
1.000000 
1.000000 
2.061553 
2.061553 
1.500000 
1.500000 
2.121320 
2.121320 
0.707107 
0.707107 
0.500000 
0.500000 
2.000000 
2.000000 
0.000000 
0.000000 
2.061553 
2.061553 
1.118034 
1.118034 
1.118034 
1.118034 
1.581139 
1.581139 
1.118034 
1.118034 
8.514693 
8.514693 
5.024938 
5.024938 
0.000000 
0.000000 
1.000000 
1.000000 
1.581139 
1.581139 
2.000000 
2.000000 
0.707107 
0.707107 
0.707107 
0.707107 
0.500000 
0.500000 
2.000000 
2.000000 
0.500000 
0.500000 
2.061553 
2.061553 
1.118034 
1.118034 
1.118034 
1.118034 
1.581139 
1.581139 
1.118034 
1.118034 
2.000000 
2.000000 
1.118034 
1.118034 
0.000000 
0.000000 
1.000000 
1.000000 
7.017834 
7.017834 
2.061553 
2.061553 
0.707107 
0.707107 
0.707107 
0.707107 
0.500000 
0.500000 
2.000000 
2.000000 
0.500000 
0.500000 
2.061553 
2.061553 
1.118034 
1.118034 
1.118034 
1.118034 
1.581139 
1.581139 
1.118034 
1.118034 
2.000000 
2.000000 
1.000000 
1.000000 
0.000000 
0.000000 
1.000000 
1.000000 
1.118034 
1.118034 
1.581139 
1.581139 
6.519202 
6.519202 
0.707107 
0.707107 
0.500000 
0.500000 
2.000000 
2.000000 
0.500000 
0.500000 
2.061553 
2.061553 
1.118034 
1.118034 
1.118034 
1.118034 
1.581139 
1.581139 
1.118034 
1.118034 
1.500000 
1.500000 
0.707107 
0.707107 
0.000000 
0.000000 
1.000000 
1.000000 
2.549510 
2.549510 
6.519202 
6.519202 
6.519202 
6.519202 
0.500000 
0.500000 
2.000000 
2.000000 
