0.000000 
0.000000 
0.500000 
0.500000 
2.061553 
2.061553 
0.000000 
0.000000 
0.000000 
0.000000 
1.581139 
1.581139 
2.061553 
2.061553 
2.915476 
2.915476 
1.118034 
1.118034 
2.000000 
2.000000 
10.511898 
10.511898 
1.118034 
1.118034 
6.500000 
6.500000 
4.500000 
4.500000 
1.118034 
1.118034 
1.581139 
1.581139 
5.024938 
5.024938 
1.118034 
1.118034 
0.000000 
0.000000 
4.301163 
4.301163 
4.924429 
4.924429 
1.118034 
1.118034 
0.000000 
0.000000 
2.915476 
2.915476 
4.924429 
4.924429 
1.118034 
1.118034 
0.000000 
0.000000 
6.082763 
6.082763 
4.924429 
4.924429 
1.118034 
1.118034 
0.000000 
0.000000 
6.082763 
6.082763 
4.924429 
4.924429 
1.118034 
1.118034 
0.000000 
0.000000 
0.000000 
0.000000 
0.000000 
0.000000 
6.082763 
6.082763 
4.924429 
4.924429 
1.118034 
1.118034 
0.000000 
0.000000 
6.184658 
6.184658 
14.230249 
14.230249 
6.082763 
6.082763 
4.924429 
4.924429 
1.118034 
1.118034 
0.000000 
0.000000 
11.500000 
11.500000 
23.521267 
23.521267 
6.082763 
6.082763 
4.924429 
4.924429 
1.118034 
1.118034 
0.000000 
0.000000 
0.000000 
0.000000 
4.272002 
4.272002 
25.632011 
25.632011 
6.082763 
6.082763 
4.924429 
4.924429 
1.118034 
1.118034 
2.121320 
2.121320 
0.000000 
0.000000 
4.272002 
4.272002 
2.236068 
2.236068 
6.082763 
6.082763 
4.924429 
4.924429 
1.118034 
1.118034 
1.802776 
1.802776 
0.000000 
0.000000 
4.272002 
4.272002 
2.549510 
2.549510 
6.082763 
6.082763 
4.924429 
4.924429 
1.118034 
1.118034 
2.236068 
2.236068 
0.000000 
0.000000 
4.272002 
4.272002 
1.000000 
1.000000 
6.082763 
6.082763 
4.924429 
4.924429 
1.118034 
1.118034 
13.509256 
13.509256 
0.000000 
0.000000 
4.272002 
4.272002 
1.581139 
1.581139 
6.082763 
6.082763 
4.924429 
4.924429 
3.500000 
3.500000 
0.000000 
0.000000 
4.272002 
4.272002 
2.000000 
2.000000 
6.082763 
6.082763 
4.924429 
4.924429 
4.031129 
4.031129 
0.000000 
0.000000 
4.272002 
4.272002 
9.192388 
9.192388 
6.082763 
6.082763 
4.924429 
4.924429 
0.500000 
0.500000 
0.000000 
0.000000 
4.272002 
4.272002 
2.549510 
2.549510 
6.082763 
6.082763 
4.924429 
4.924429 
3.807887 
3.807887 
0.000000 
0.000000 
4.272002 
4.272002 
1.118034 
1.118034 
6.082763 
6.082763 
2.000000 
2.000000 
0.000000 
0.000000 
4.272002 
4.272002 
7.516648 
7.516648 
6.082763 
6.082763 
10.511898 
10.511898 
0.000000 
0.000000 
4.272002 
4.272002 
1.000000 
1.000000 
1.000000 
1.000000 
0.000000 
0.000000 
4.272002 
4.272002 
1.581139 
1.581139 
1.802776 
1.802776 
4.272002 
4.272002 
1.581139 
1.581139 
1.802776 
1.802776 
4.272002 
4.272002 
2.500000 
2.500000 
1.802776 
1.802776 
4.272002 
4.272002 
4.242641 
4.242641 
1.802776 
1.802776 
4.242641 
4.242641 
0.000000 
0.000000 
1.802776 
1.802776 
4.242641 
4.242641 
13.500000 
13.500000 
1.802776 
1.802776 
4.242641 
4.242641 
1.581139 
1.581139 
1.802776 
1.802776 
4.242641 
4.242641 
2.500000 
2.500000 
1.802776 
1.802776 
4.242641 
4.242641 
2.500000 
2.500000 
14.080128 
14.080128 
4.242641 
4.242641 
2.500000 
2.500000 
2.692582 
2.692582 
4.242641 
4.242641 
2.500000 
2.500000 
1.802776 
1.802776 
4.242641 
4.242641 
2.500000 
2.500000 
8.514693 
8.514693 
6.964194 
6.964194 
