0.000000 
0.000000 
0.000000 
0.000000 
0.000000 
0.000000 
1.802776 
1.802776 
1.118034 
1.118034 
1.118034 
1.118034 
2.000000 
2.000000 
3.640055 
3.640055 
0.500000 
0.500000 
2.500000 
2.500000 
2.500000 
2.500000 
0.000000 
0.000000 
1.500000 
1.500000 
2.915476 
2.915476 
7.566373 
7.566373 
9.124144 
9.124144 
2.061553 
2.061553 
2.000000 
2.000000 
3.000000 
3.000000 
2.500000 
2.500000 
1.581139 
1.581139 
1.000000 
1.000000 
2.549510 
2.549510 
8.139410 
8.139410 
1.802776 
1.802776 
0.707107 
0.707107 
8.015610 
8.015610 
11.101802 
11.101802 
2.061553 
2.061553 
1.414214 
1.414214 
2.549510 
2.549510 
6.041523 
6.041523 
1.581139 
1.581139 
1.118034 
1.118034 
2.061553 
2.061553 
2.061553 
2.061553 
0.500000 
0.500000 
0.707107 
0.707107 
1.500000 
1.500000 
11.000000 
11.000000 
1.802776 
1.802776 
2.000000 
2.000000 
8.514693 
8.514693 
4.743416 
4.743416 
1.802776 
1.802776 
29.920729 
29.920729 
6.324555 
6.324555 
9.013878 
9.013878 
1.802776 
1.802776 
0.500000 
0.500000 
6.324555 
6.324555 
2.500000 
2.500000 
2.121320 
2.121320 
29.068884 
29.068884 
6.324555 
6.324555 
3.500000 
3.500000 
3.535534 
3.535534 
1.414214 
1.414214 
6.324555 
6.324555 
1.500000 
1.500000 
1.581139 
1.581139 
1.581139 
1.581139 
6.324555 
6.324555 
6.519202 
6.519202 
1.581139 
1.581139 
0.000000 
0.000000 
6.324555 
6.324555 
1.118034 
1.118034 
1.581139 
1.581139 
2.061553 
2.061553 
6.324555 
6.324555 
1.581139 
1.581139 
1.581139 
1.581139 
2.236068 
2.236068 
6.324555 
6.324555 
1.118034 
1.118034 
1.581139 
1.581139 
4.031129 
4.031129 
6.324555 
6.324555 
1.118034 
1.118034 
1.581139 
1.581139 
3.000000 
3.000000 
6.324555 
6.324555 
0.000000 
0.000000 
1.500000 
1.500000 
1.581139 
1.581139 
3.354102 
3.354102 
6.324555 
6.324555 
2.549510 
2.549510 
0.707107 
0.707107 
1.581139 
1.581139 
5.590170 
5.590170 
6.324555 
6.324555 
6.519202 
6.519202 
0.707107 
0.707107 
1.581139 
1.581139 
5.656854 
5.656854 
6.324555 
6.324555 
3.807887 
3.807887 
0.707107 
0.707107 
1.581139 
1.581139 
3.162278 
3.162278 
6.324555 
6.324555 
3.807887 
3.807887 
0.707107 
0.707107 
1.581139 
1.581139 
0.500000 
0.500000 
6.324555 
6.324555 
3.807887 
3.807887 
0.707107 
0.707107 
1.581139 
1.581139 
1.581139 
1.581139 
3.807887 
3.807887 
0.707107 
0.707107 
1.581139 
1.581139 
0.500000 
0.500000 
3.807887 
3.807887 
0.707107 
0.707107 
1.581139 
1.581139 
3.354102 
3.354102 
3.807887 
3.807887 
0.707107 
0.707107 
1.581139 
1.581139 
2.061553 
2.061553 
3.807887 
3.807887 
0.707107 
0.707107 
7.071068 
7.071068 
3.354102 
3.354102 
3.807887 
3.807887 
0.707107 
0.707107 
5.522681 
5.522681 
1.118034 
1.118034 
3.807887 
3.807887 
0.707107 
0.707107 
17.000000 
17.000000 
2.236068 
2.236068 
0.000000 
0.000000 
3.807887 
3.807887 
0.707107 
0.707107 
4.000000 
4.000000 
1.500000 
1.500000 
4.123106 
4.123106 
3.807887 
3.807887 
0.707107 
0.707107 
2.692582 
2.692582 
13.500000 
13.500000 
3.000000 
3.000000 
3.807887 
3.807887 
0.707107 
0.707107 
2.828427 
2.828427 
2.500000 
2.500000 
1.000000 
1.000000 
3.807887 
3.807887 
0.707107 
0.707107 
5.000000 
5.000000 
3.041381 
3.041381 
4.000000 
4.000000 
3.807887 
3.807887 
5.000000 
5.000000 
3.605551 
3.605551 
