0.000000 
0.000000 
0.000000 
0.000000 
0.000000 
0.000000 
3.041381 
3.041381 
0.000000 
0.000000 
18.668155 
18.668155 
0.000000 
0.000000 
3.535534 
3.535534 
0.000000 
0.000000 
4.272002 
4.272002 
0.000000 
0.000000 
0.000000 
0.000000 
2.000000 
2.000000 
2.236068 
2.236068 
0.000000 
0.000000 
8.062258 
8.062258 
1.118034 
1.118034 
0.000000 
0.000000 
2.549510 
2.549510 
1.000000 
1.000000 
0.000000 
0.000000 
3.041381 
3.041381 
0.500000 
0.500000 
0.000000 
0.000000 
3.041381 
3.041381 
1.118034 
1.118034 
0.000000 
0.000000 
2.121320 
2.121320 
0.707107 
0.707107 
0.000000 
0.000000 
2.121320 
2.121320 
2.000000 
2.000000 
0.000000 
0.000000 
4.123106 
4.123106 
2.500000 
2.500000 
0.000000 
0.000000 
3.535534 
3.535534 
0.000000 
0.000000 
1.500000 
1.500000 
0.000000 
0.000000 
2.500000 
2.500000 
4.031129 
4.031129 
1.581139 
1.581139 
22.022716 
22.022716 
5.500000 
5.500000 
2.915476 
2.915476 
19.602296 
19.602296 
4.527693 
4.527693 
4.123106 
4.123106 
9.124144 
9.124144 
10.049876 
10.049876 
10.920165 
10.920165 
1.118034 
1.118034 
3.201562 
3.201562 
0.500000 
0.500000 
18.741665 
18.741665 
2.549510 
2.549510 
1.500000 
1.500000 
2.061553 
2.061553 
2.061553 
2.061553 
0.500000 
0.500000 
12.165525 
12.165525 
5.852350 
5.852350 
3.041381 
3.041381 
0.707107 
0.707107 
1.000000 
1.000000 
3.535534 
3.535534 
6.576473 
6.576473 
0.500000 
0.500000 
5.590170 
5.590170 
13.086252 
13.086252 
1.118034 
1.118034 
3.041381 
3.041381 
4.123106 
4.123106 
9.000000 
9.000000 
3.041381 
3.041381 
3.041381 
3.041381 
0.000000 
0.000000 
2.549510 
2.549510 
3.041381 
3.041381 
3.041381 
3.041381 
3.000000 
3.000000 
4.500000 
4.500000 
3.041381 
3.041381 
3.041381 
3.041381 
2.500000 
2.500000 
5.024938 
5.024938 
3.041381 
3.041381 
3.041381 
3.041381 
8.000000 
8.000000 
14.080128 
14.080128 
3.041381 
3.041381 
3.041381 
3.041381 
0.000000 
0.000000 
0.000000 
0.000000 
5.220153 
5.220153 
14.080128 
14.080128 
3.041381 
3.041381 
3.041381 
3.041381 
0.707107 
0.707107 
11.180340 
11.180340 
5.500000 
5.500000 
14.080128 
14.080128 
3.041381 
3.041381 
3.041381 
3.041381 
0.000000 
0.000000 
1.000000 
1.000000 
4.031129 
4.031129 
6.000000 
6.000000 
14.080128 
14.080128 
3.041381 
3.041381 
3.041381 
3.041381 
1.000000 
1.000000 
1.802776 
1.802776 
6.000000 
6.000000 
3.000000 
3.000000 
14.080128 
14.080128 
3.041381 
3.041381 
3.041381 
3.041381 
0.000000 
0.000000 
14.508618 
14.508618 
4.609772 
4.609772 
9.013878 
9.013878 
14.080128 
14.080128 
3.041381 
3.041381 
3.041381 
3.041381 
0.707107 
0.707107 
9.500000 
9.500000 
15.532225 
15.532225 
31.036269 
31.036269 
14.080128 
14.080128 
3.041381 
3.041381 
3.041381 
3.041381 
0.000000 
0.000000 
2.828427 
2.828427 
6.020797 
6.020797 
6.946222 
6.946222 
14.080128 
14.080128 
3.041381 
3.041381 
3.041381 
3.041381 
0.707107 
0.707107 
1.581139 
1.581139 
5.099020 
5.099020 
4.031129 
4.031129 
14.080128 
14.080128 
3.041381 
3.041381 
3.041381 
3.041381 
