0.000000 
0.000000 
0.000000 
0.000000 
0.000000 
0.000000 
0.500000 
0.500000 
0.000000 
0.000000 
1.802776 
1.802776 
0.000000 
0.000000 
3.807887 
3.807887 
0.000000 
0.000000 
1.581139 
1.581139 
0.000000 
0.000000 
2.500000 
2.500000 
0.000000 
0.000000 
4.272002 
4.272002 
0.000000 
0.000000 
1.802776 
1.802776 
0.000000 
0.000000 
3.000000 
3.000000 
0.000000 
0.000000 
4.000000 
4.000000 
0.000000 
0.000000 
5.024938 
5.024938 
0.000000 
0.000000 
2.549510 
2.549510 
0.000000 
0.000000 
1.500000 
1.500000 
0.000000 
0.000000 
11.011358 
11.011358 
0.000000 
0.000000 
1.000000 
1.000000 
0.500000 
0.500000 
1.500000 
1.500000 
2.000000 
2.000000 
3.500000 
3.500000 
0.000000 
0.000000 
3.535534 
3.535534 
0.000000 
0.000000 
13.829317 
13.829317 
0.000000 
0.000000 
2.121320 
2.121320 
0.000000 
0.000000 
13.341664 
13.341664 
0.000000 
0.000000 
0.000000 
0.000000 
0.000000 
0.000000 
1.802776 
1.802776 
0.000000 
0.000000 
15.297059 
15.297059 
0.000000 
0.000000 
2.061553 
2.061553 
0.000000 
0.000000 
0.000000 
0.000000 
2.061553 
2.061553 
0.000000 
0.000000 
0.000000 
0.000000 
2.061553 
2.061553 
0.000000 
0.000000 
6.946222 
6.946222 
0.000000 
0.000000 
2.061553 
2.061553 
5.700877 
5.700877 
6.946222 
6.946222 
0.000000 
0.000000 
2.061553 
2.061553 
1.802776 
1.802776 
6.964194 
6.964194 
0.000000 
0.000000 
2.061553 
2.061553 
33.060551 
33.060551 
6.964194 
6.964194 
0.000000 
0.000000 
2.061553 
2.061553 
9.013878 
9.013878 
6.964194 
6.964194 
0.000000 
0.000000 
2.061553 
2.061553 
19.448650 
19.448650 
6.964194 
6.964194 
2.061553 
2.061553 
3.807887 
3.807887 
6.964194 
6.964194 
2.061553 
2.061553 
1.118034 
1.118034 
6.964194 
6.964194 
2.061553 
2.061553 
0.500000 
0.500000 
6.964194 
6.964194 
2.061553 
2.061553 
3.905125 
3.905125 
6.964194 
6.964194 
2.061553 
2.061553 
