0.000000 
0.000000 
0.000000 
0.000000 
0.000000 
0.000000 
0.000000 
0.000000 
0.000000 
0.000000 
0.000000 
0.000000 
0.000000 
0.000000 
0.000000 
0.000000 
1.581139 
1.581139 
4.609772 
4.609772 
1.500000 
1.500000 
2.061553 
2.061553 
5.315073 
5.315073 
0.500000 
0.500000 
1.000000 
1.000000 
1.118034 
1.118034 
2.236068 
2.236068 
2.500000 
2.500000 
2.121320 
2.121320 
2.061553 
2.061553 
7.500000 
7.500000 
0.707107 
0.707107 
1.581139 
1.581139 
3.041381 
3.041381 
12.539936 
12.539936 
2.692582 
2.692582 
2.121320 
2.121320 
1.118034 
1.118034 
0.707107 
0.707107 
0.707107 
0.707107 
1.000000 
1.000000 
0.000000 
0.000000 
2.000000 
2.000000 
0.500000 
0.500000 
8.514693 
8.514693 
2.121320 
2.121320 
1.414214 
1.414214 
13.152946 
13.152946 
0.707107 
0.707107 
2.061553 
2.061553 
0.500000 
0.500000 
1.581139 
1.581139 
1.118034 
1.118034 
3.000000 
3.000000 
2.121320 
2.121320 
2.000000 
2.000000 
1.581139 
1.581139 
0.500000 
0.500000 
32.388269 
32.388269 
0.000000 
0.000000 
1.000000 
1.000000 
0.500000 
0.500000 
1.118034 
1.118034 
5.220153 
5.220153 
2.121320 
2.121320 
1.000000 
1.000000 
2.500000 
2.500000 
1.118034 
1.118034 
8.062258 
8.062258 
0.000000 
0.000000 
0.500000 
0.500000 
1.118034 
1.118034 
0.707107 
0.707107 
1.118034 
1.118034 
5.220153 
5.220153 
2.121320 
2.121320 
1.000000 
1.000000 
1.118034 
1.118034 
1.581139 
1.581139 
8.062258 
8.062258 
2.692582 
2.692582 
0.500000 
0.500000 
0.500000 
0.500000 
1.581139 
1.581139 
1.118034 
1.118034 
5.220153 
5.220153 
2.121320 
2.121320 
8.246211 
8.246211 
1.118034 
1.118034 
1.000000 
1.000000 
8.062258 
8.062258 
0.000000 
0.000000 
2.692582 
2.692582 
6.020797 
6.020797 
0.500000 
0.500000 
0.707107 
0.707107 
1.118034 
1.118034 
5.220153 
5.220153 
2.121320 
2.121320 
0.500000 
0.500000 
1.118034 
1.118034 
1.000000 
1.000000 
8.062258 
8.062258 
2.915476 
2.915476 
2.692582 
2.692582 
0.500000 
0.500000 
0.707107 
0.707107 
0.500000 
0.500000 
1.118034 
1.118034 
5.220153 
5.220153 
2.121320 
2.121320 
1.000000 
1.000000 
1.118034 
1.118034 
19.104973 
19.104973 
8.062258 
8.062258 
26.172505 
26.172505 
2.692582 
2.692582 
1.000000 
1.000000 
1.000000 
1.000000 
1.581139 
1.581139 
1.118034 
1.118034 
5.220153 
5.220153 
2.121320 
2.121320 
0.500000 
0.500000 
1.118034 
1.118034 
0.500000 
0.500000 
8.062258 
8.062258 
29.516944 
29.516944 
2.692582 
2.692582 
0.500000 
0.500000 
1.414214 
1.414214 
1.118034 
1.118034 
1.118034 
1.118034 
5.220153 
5.220153 
2.121320 
2.121320 
1.414214 
1.414214 
1.118034 
1.118034 
1.118034 
1.118034 
8.062258 
8.062258 
4.924429 
4.924429 
2.692582 
2.692582 
1.581139 
1.581139 
0.707107 
0.707107 
0.000000 
0.000000 
1.118034 
1.118034 
5.220153 
5.220153 
2.121320 
2.121320 
1.118034 
1.118034 
1.118034 
1.118034 
1.118034 
1.118034 
8.062258 
8.062258 
1.414214 
1.414214 
2.692582 
2.692582 
1.581139 
1.581139 
1.118034 
1.118034 
0.707107 
0.707107 
1.118034 
1.118034 
5.220153 
5.220153 
2.121320 
2.121320 
0.500000 
0.500000 
1.118034 
1.118034 
1.118034 
1.118034 
8.062258 
8.062258 
1.118034 
1.118034 
2.692582 
2.692582 
1.581139 
1.581139 
0.707107 
0.707107 
1.118034 
1.118034 
1.118034 
1.118034 
5.220153 
5.220153 
2.121320 
2.121320 
0.500000 
0.500000 
1.118034 
1.118034 
1.118034 
1.118034 
8.062258 
8.062258 
1.118034 
1.118034 
2.692582 
2.692582 
1.581139 
1.581139 
1.118034 
1.118034 
1.118034 
1.118034 
1.118034 
1.118034 
5.220153 
5.220153 
2.121320 
2.121320 
0.500000 
0.500000 
1.118034 
1.118034 
1.118034 
1.118034 
8.062258 
8.062258 
5.590170 
5.590170 
2.692582 
2.692582 
1.581139 
1.581139 
18.607794 
18.607794 
3.354102 
3.354102 
1.118034 
1.118034 
5.220153 
5.220153 
0.000000 
0.000000 
1.118034 
1.118034 
1.118034 
1.118034 
8.062258 
8.062258 
1.118034 
1.118034 
2.692582 
2.692582 
1.581139 
1.581139 
1.500000 
1.500000 
1.802776 
1.802776 
1.118034 
1.118034 
5.220153 
5.220153 
0.500000 
0.500000 
1.118034 
1.118034 
1.118034 
1.118034 
8.062258 
8.062258 
2.915476 
2.915476 
2.692582 
2.692582 
1.581139 
1.581139 
0.707107 
0.707107 
2.692582 
2.692582 
1.118034 
1.118034 
5.220153 
5.220153 
0.707107 
0.707107 
1.118034 
1.118034 
1.118034 
1.118034 
8.062258 
8.062258 
15.041609 
15.041609 
2.692582 
2.692582 
1.581139 
1.581139 
1.500000 
1.500000 
4.031129 
4.031129 
5.220153 
5.220153 
1.118034 
1.118034 
1.118034 
1.118034 
1.118034 
1.118034 
8.062258 
8.062258 
2.061553 
2.061553 
2.692582 
2.692582 
1.581139 
1.581139 
1.581139 
1.581139 
2.061553 
2.061553 
1.000000 
1.000000 
1.118034 
1.118034 
1.118034 
1.118034 
1.118034 
1.118034 
2.692582 
2.692582 
1.581139 
1.581139 
1.118034 
1.118034 
1.581139 
1.581139 
1.000000 
1.000000 
1.118034 
1.118034 
2.061553 
2.061553 
1.581139 
1.581139 
0.707107 
0.707107 
2.500000 
2.500000 
5.500000 
5.500000 
1.118034 
1.118034 
2.692582 
2.692582 
1.581139 
1.581139 
0.707107 
0.707107 
6.000000 
6.000000 
2.061553 
2.061553 
1.118034 
1.118034 
0.000000 
0.000000 
4.743416 
4.743416 
1.581139 
1.581139 
0.500000 
0.500000 
6.000000 
6.000000 
2.061553 
2.061553 
1.118034 
1.118034 
0.000000 
0.000000 
4.743416 
4.743416 
5.024938 
5.024938 
1.581139 
1.581139 
0.707107 
0.707107 
6.000000 
6.000000 
2.061553 
2.061553 
1.118034 
1.118034 
0.000000 
0.000000 
2.236068 
2.236068 
5.590170 
5.590170 
1.581139 
1.581139 
6.020797 
6.020797 
6.000000 
6.000000 
2.061553 
2.061553 
0.000000 
0.000000 
41.003049 
41.003049 
1.802776 
1.802776 
0.500000 
0.500000 
6.000000 
6.000000 
3.605551 
3.605551 
0.000000 
0.000000 
5.700877 
5.700877 
8.732125 
8.732125 
0.500000 
0.500000 
6.000000 
6.000000 
3.605551 
3.605551 
0.000000 
0.000000 
0.000000 
0.000000 
30.647186 
30.647186 
8.732125 
8.732125 
1.118034 
1.118034 
6.000000 
6.000000 
1.500000 
1.500000 
8.514693 
8.514693 
0.000000 
0.000000 
4.527693 
4.527693 
8.732125 
8.732125 
6.800735 
6.800735 
6.000000 
6.000000 
2.121320 
2.121320 
2.061553 
2.061553 
0.000000 
0.000000 
2.828427 
2.828427 
8.732125 
8.732125 
0.707107 
0.707107 
6.000000 
6.000000 
2.061553 
2.061553 
1.414214 
1.414214 
0.000000 
0.000000 
0.707107 
0.707107 
8.732125 
8.732125 
1.581139 
1.581139 
6.000000 
6.000000 
2.061553 
2.061553 
0.000000 
0.000000 
1.500000 
1.500000 
0.000000 
0.000000 
3.000000 
3.000000 
8.732125 
8.732125 
1.000000 
1.000000 
6.000000 
6.000000 
2.061553 
2.061553 
0.500000 
0.500000 
1.802776 
1.802776 
0.000000 
0.000000 
4.000000 
4.000000 
8.732125 
8.732125 
1.414214 
1.414214 
6.000000 
6.000000 
2.061553 
2.061553 
0.000000 
0.000000 
0.500000 
0.500000 
7.615773 
7.615773 
0.000000 
0.000000 
3.640055 
3.640055 
8.732125 
8.732125 
1.802776 
1.802776 
6.000000 
6.000000 
2.061553 
2.061553 
0.000000 
0.000000 
1.802776 
1.802776 
0.000000 
0.000000 
4.924429 
4.924429 
0.000000 
0.000000 
1.118034 
1.118034 
8.732125 
8.732125 
1.802776 
1.802776 
6.000000 
6.000000 
2.061553 
2.061553 
0.500000 
0.500000 
1.802776 
1.802776 
0.500000 
0.500000 
2.500000 
2.500000 
0.000000 
0.000000 
2.061553 
2.061553 
8.732125 
8.732125 
1.802776 
1.802776 
6.000000 
6.000000 
2.061553 
2.061553 
0.500000 
0.500000 
27.504545 
27.504545 
1.118034 
1.118034 
1.802776 
1.802776 
0.000000 
0.000000 
43.548823 
43.548823 
8.732125 
8.732125 
1.802776 
1.802776 
2.061553 
2.061553 
0.000000 
0.000000 
0.707107 
0.707107 
0.000000 
0.000000 
3.041381 
3.041381 
0.000000 
0.000000 
6.041523 
6.041523 
8.732125 
8.732125 
1.802776 
1.802776 
2.061553 
2.061553 
0.500000 
0.500000 
1.500000 
1.500000 
1.581139 
1.581139 
6.020797 
6.020797 
7.000000 
7.000000 
8.732125 
8.732125 
1.802776 
1.802776 
2.061553 
2.061553 
0.000000 
0.000000 
1.000000 
1.000000 
1.581139 
1.581139 
1.581139 
1.581139 
4.472136 
4.472136 
4.500000 
4.500000 
8.732125 
8.732125 
1.802776 
1.802776 
2.061553 
2.061553 
0.500000 
0.500000 
0.000000 
0.000000 
1.500000 
1.500000 
1.581139 
1.581139 
25.544080 
25.544080 
1.118034 
1.118034 
8.732125 
8.732125 
1.802776 
1.802776 
2.061553 
2.061553 
1.118034 
1.118034 
1.000000 
1.000000 
2.000000 
2.000000 
1.581139 
1.581139 
4.123106 
4.123106 
0.500000 
0.500000 
1.802776 
1.802776 
2.061553 
2.061553 
0.707107 
0.707107 
0.707107 
0.707107 
1.581139 
1.581139 
1.581139 
1.581139 
3.807887 
3.807887 
28.111386 
28.111386 
1.802776 
1.802776 
2.061553 
2.061553 
0.000000 
0.000000 
0.000000 
0.000000 
0.500000 
0.500000 
0.707107 
0.707107 
20.524376 
20.524376 
1.581139 
1.581139 
4.031129 
4.031129 
1.500000 
1.500000 
1.802776 
1.802776 
2.061553 
2.061553 
1.000000 
1.000000 
0.707107 
0.707107 
0.500000 
0.500000 
0.707107 
0.707107 
2.061553 
2.061553 
1.581139 
1.581139 
4.031129 
4.031129 
6.020797 
6.020797 
1.802776 
1.802776 
1.581139 
1.581139 
1.000000 
1.000000 
0.500000 
0.500000 
0.707107 
0.707107 
2.549510 
2.549510 
1.581139 
1.581139 
3.000000 
3.000000 
2.500000 
2.500000 
1.802776 
1.802776 
0.000000 
0.000000 
0.500000 
0.500000 
1.802776 
1.802776 
0.500000 
0.500000 
0.707107 
0.707107 
1.500000 
1.500000 
1.581139 
1.581139 
3.500000 
3.500000 
1.802776 
1.802776 
1.802776 
1.802776 
1.000000 
1.000000 
0.707107 
0.707107 
0.500000 
0.500000 
0.500000 
0.500000 
0.707107 
0.707107 
1.414214 
1.414214 
1.581139 
1.581139 
3.640055 
3.640055 
18.867962 
18.867962 
1.802776 
1.802776 
0.707107 
0.707107 
0.000000 
0.000000 
1.000000 
1.000000 
0.500000 
0.500000 
0.707107 
0.707107 
1.118034 
1.118034 
1.581139 
1.581139 
32.503846 
32.503846 
0.500000 
0.500000 
7.071068 
7.071068 
0.000000 
0.000000 
1.000000 
1.000000 
0.500000 
0.500000 
0.707107 
0.707107 
0.500000 
0.500000 
1.581139 
1.581139 
1.000000 
1.000000 
1.118034 
1.118034 
0.000000 
0.000000 
1.118034 
1.118034 
1.802776 
1.802776 
1.000000 
1.000000 
0.500000 
0.500000 
0.707107 
0.707107 
1.118034 
1.118034 
1.581139 
1.581139 
3.000000 
3.000000 
1.414214 
1.414214 
0.000000 
0.000000 
1.118034 
1.118034 
1.802776 
1.802776 
1.000000 
1.000000 
0.500000 
0.500000 
7.000000 
7.000000 
7.566373 
7.566373 
1.581139 
1.581139 
2.121320 
2.121320 
3.041381 
3.041381 
0.000000 
0.000000 
1.581139 
1.581139 
1.802776 
1.802776 
1.000000 
1.000000 
0.500000 
0.500000 
4.527693 
4.527693 
0.000000 
0.000000 
1.581139 
1.581139 
3.041381 
3.041381 
9.013878 
9.013878 
0.000000 
0.000000 
1.500000 
1.500000 
1.802776 
1.802776 
1.000000 
1.000000 
0.500000 
0.500000 
1.414214 
1.414214 
0.500000 
0.500000 
0.707107 
0.707107 
9.013878 
9.013878 
0.000000 
0.000000 
0.500000 
0.500000 
1.802776 
1.802776 
1.000000 
1.000000 
0.500000 
0.500000 
2.500000 
2.500000 
0.707107 
0.707107 
2.500000 
2.500000 
9.013878 
9.013878 
