0.000000 
0.000000 
2.915476 
2.915476 
4.000000 
4.000000 
1.414214 
1.414214 
1.414214 
1.414214 
2.692582 
2.692582 
5.656854 
5.656854 
6.103278 
6.103278 
2.500000 
2.500000 
0.500000 
0.500000 
2.061553 
2.061553 
1.000000 
1.000000 
4.123106 
4.123106 
4.272002 
4.272002 
27.518176 
27.518176 
0.500000 
0.500000 
5.000000 
5.000000 
6.800735 
6.800735 
41.743263 
41.743263 
41.743263 
41.743263 
41.743263 
41.743263 
41.743263 
41.743263 
41.743263 
41.743263 
41.743263 
41.743263 
41.743263 
41.743263 
41.743263 
41.743263 
41.743263 
41.743263 
41.743263 
41.743263 
41.743263 
41.743263 
41.743263 
41.743263 
41.743263 
41.743263 
41.743263 
41.743263 
41.743263 
41.743263 
