0.000000 
0.000000 
1.581139 
1.581139 
0.000000 
0.000000 
25.044960 
25.044960 
1.581139 
1.581139 
2.061553 
2.061553 
0.707107 
0.707107 
1.118034 
1.118034 
1.000000 
1.000000 
2.121320 
2.121320 
1.500000 
1.500000 
2.500000 
2.500000 
1.581139 
1.581139 
1.581139 
1.581139 
1.414214 
1.414214 
1.802776 
1.802776 
0.500000 
0.500000 
1.118034 
1.118034 
1.500000 
1.500000 
2.549510 
2.549510 
3.000000 
3.000000 
5.099020 
5.099020 
3.640055 
3.640055 
5.099020 
5.099020 
2.061553 
2.061553 
4.031129 
4.031129 
0.000000 
0.000000 
3.041381 
3.041381 
0.707107 
0.707107 
2.549510 
2.549510 
0.707107 
0.707107 
2.549510 
2.549510 
1.414214 
1.414214 
0.707107 
0.707107 
2.549510 
2.549510 
0.707107 
0.707107 
2.549510 
2.549510 
17.000000 
17.000000 
25.317978 
25.317978 
1.581139 
1.581139 
22.505555 
22.505555 
3.535534 
3.535534 
1.802776 
1.802776 
2.549510 
2.549510 
2.000000 
2.000000 
4.031129 
4.031129 
3.807887 
3.807887 
2.549510 
2.549510 
4.123106 
4.123106 
4.472136 
4.472136 
4.527693 
4.527693 
4.301163 
4.301163 
1.802776 
1.802776 
5.700877 
5.700877 
1.000000 
1.000000 
4.609772 
4.609772 
1.000000 
1.000000 
4.000000 
4.000000 
2.236068 
2.236068 
2.500000 
2.500000 
2.236068 
2.236068 
3.535534 
3.535534 
2.121320 
2.121320 
2.236068 
2.236068 
0.707107 
0.707107 
1.118034 
1.118034 
1.802776 
1.802776 
12.658989 
12.658989 
0.500000 
0.500000 
2.500000 
2.500000 
1.000000 
1.000000 
6.020797 
6.020797 
1.802776 
1.802776 
3.500000 
3.500000 
0.500000 
0.500000 
7.000000 
7.000000 
2.121320 
2.121320 
1.118034 
1.118034 
