0.000000 
0.000000 
0.000000 
0.000000 
0.000000 
0.000000 
0.000000 
0.000000 
17.007351 
17.007351 
0.000000 
0.000000 
1.414214 
1.414214 
0.000000 
0.000000 
37.013511 
37.013511 
0.000000 
0.000000 
6.020797 
6.020797 
0.000000 
0.000000 
39.204592 
39.204592 
0.000000 
0.000000 
0.000000 
0.000000 
39.204592 
39.204592 
0.000000 
0.000000 
21.095023 
21.095023 
39.204592 
39.204592 
0.000000 
0.000000 
3.500000 
3.500000 
39.204592 
39.204592 
0.000000 
0.000000 
1.802776 
1.802776 
39.204592 
39.204592 
0.000000 
0.000000 
28.744565 
28.744565 
39.204592 
39.204592 
0.000000 
0.000000 
10.012492 
10.012492 
39.204592 
39.204592 
0.000000 
0.000000 
1.802776 
1.802776 
39.204592 
39.204592 
0.000000 
0.000000 
11.543396 
11.543396 
39.204592 
39.204592 
20.597330 
20.597330 
39.204592 
39.204592 
10.606602 
10.606602 
39.204592 
39.204592 
6.363961 
6.363961 
39.204592 
39.204592 
0.000000 
0.000000 
6.363961 
6.363961 
39.204592 
39.204592 
4.301163 
4.301163 
6.363961 
6.363961 
39.204592 
39.204592 
4.031129 
4.031129 
6.363961 
6.363961 
39.204592 
39.204592 
5.408327 
5.408327 
6.363961 
6.363961 
31.000000 
31.000000 
6.363961 
6.363961 
34.091788 
34.091788 
6.363961 
6.363961 
41.503012 
41.503012 
6.363961 
6.363961 
2.915476 
2.915476 
6.363961 
6.363961 
26.076810 
26.076810 
6.363961 
6.363961 
0.000000 
0.000000 
0.000000 
0.000000 
26.076810 
26.076810 
6.363961 
6.363961 
8.000000 
8.000000 
33.376639 
33.376639 
26.076810 
26.076810 
6.363961 
6.363961 
67.679391 
67.679391 
33.376639 
33.376639 
26.076810 
26.076810 
6.363961 
6.363961 
65.375837 
65.375837 
33.376639 
33.376639 
26.076810 
26.076810 
6.363961 
6.363961 
7.566373 
7.566373 
33.376639 
33.376639 
26.076810 
26.076810 
6.363961 
6.363961 
7.566373 
7.566373 
33.376639 
33.376639 
59.222040 
59.222040 
7.566373 
7.566373 
33.376639 
33.376639 
4.000000 
4.000000 
7.566373 
7.566373 
33.376639 
33.376639 
3.535534 
3.535534 
7.566373 
7.566373 
33.376639 
33.376639 
3.535534 
3.535534 
7.566373 
7.566373 
33.376639 
33.376639 
3.535534 
3.535534 
0.000000 
0.000000 
7.566373 
7.566373 
33.376639 
33.376639 
3.535534 
3.535534 
15.008331 
15.008331 
7.566373 
7.566373 
33.376639 
33.376639 
3.535534 
3.535534 
