0.000000 
0.000000 
0.000000 
0.000000 
0.000000 
0.000000 
9.192388 
9.192388 
0.000000 
0.000000 
5.830952 
5.830952 
35.584407 
35.584407 
8.845903 
8.845903 
9.500000 
9.500000 
1.802776 
1.802776 
9.219544 
9.219544 
7.762087 
7.762087 
2.549510 
2.549510 
36.124784 
36.124784 
7.516648 
7.516648 
5.000000 
5.000000 
12.041595 
12.041595 
5.000000 
5.000000 
12.041595 
12.041595 
5.000000 
5.000000 
12.041595 
12.041595 
5.000000 
5.000000 
12.041595 
12.041595 
5.000000 
5.000000 
12.041595 
12.041595 
5.000000 
5.000000 
0.000000 
0.000000 
12.041595 
12.041595 
5.000000 
5.000000 
16.770510 
16.770510 
12.041595 
12.041595 
5.000000 
5.000000 
5.522681 
5.522681 
12.041595 
12.041595 
5.000000 
5.000000 
3.535534 
3.535534 
12.041595 
12.041595 
5.000000 
5.000000 
6.103278 
6.103278 
12.041595 
12.041595 
5.000000 
5.000000 
6.020797 
6.020797 
12.041595 
12.041595 
5.000000 
5.000000 
31.196955 
31.196955 
12.041595 
12.041595 
5.000000 
5.000000 
31.196955 
31.196955 
12.041595 
12.041595 
5.000000 
5.000000 
31.196955 
31.196955 
12.041595 
12.041595 
5.000000 
5.000000 
5.700877 
5.700877 
12.041595 
12.041595 
6.041523 
6.041523 
7.211103 
7.211103 
6.403124 
6.403124 
7.211103 
7.211103 
7.211103 
7.211103 
7.211103 
7.211103 
7.211103 
7.211103 
7.211103 
7.211103 
7.211103 
7.211103 
7.211103 
7.211103 
7.211103 
7.211103 
7.211103 
7.211103 
0.000000 
0.000000 
7.211103 
7.211103 
2.549510 
2.549510 
7.211103 
7.211103 
1.500000 
1.500000 
7.211103 
7.211103 
1.500000 
1.500000 
7.211103 
7.211103 
1.500000 
1.500000 
7.211103 
7.211103 
1.500000 
1.500000 
7.211103 
7.211103 
0.000000 
0.000000 
1.500000 
1.500000 
2.828427 
2.828427 
1.500000 
1.500000 
2.549510 
2.549510 
1.500000 
1.500000 
3.354102 
3.354102 
1.500000 
1.500000 
5.000000 
5.000000 
1.500000 
1.500000 
0.000000 
0.000000 
6.576473 
6.576473 
1.500000 
1.500000 
5.700877 
5.700877 
3.041381 
3.041381 
1.500000 
1.500000 
