0.000000 
0.000000 
0.000000 
0.000000 
7.071068 
7.071068 
2.061553 
2.061553 
6.519202 
6.519202 
1.802776 
1.802776 
8.276473 
8.276473 
17.117243 
17.117243 
6.519202 
6.519202 
21.644861 
21.644861 
7.762087 
7.762087 
2.236068 
2.236068 
1.802776 
1.802776 
33.948490 
33.948490 
5.700877 
5.700877 
24.020824 
24.020824 
20.124612 
20.124612 
33.305405 
33.305405 
20.500000 
20.500000 
12.093387 
12.093387 
34.003676 
34.003676 
48.041649 
48.041649 
13.601471 
13.601471 
6.041523 
6.041523 
44.511235 
44.511235 
9.013878 
9.013878 
5.700877 
5.700877 
5.500000 
5.500000 
36.390246 
36.390246 
45.002778 
45.002778 
10.198039 
10.198039 
45.002778 
45.002778 
54.279370 
54.279370 
45.002778 
45.002778 
4.031129 
4.031129 
45.002778 
45.002778 
0.000000 
0.000000 
41.367258 
41.367258 
45.002778 
45.002778 
2.061553 
2.061553 
37.583241 
37.583241 
45.002778 
45.002778 
2.061553 
2.061553 
0.707107 
0.707107 
45.002778 
45.002778 
0.000000 
0.000000 
2.061553 
2.061553 
4.031129 
4.031129 
45.002778 
45.002778 
7.826238 
7.826238 
2.061553 
2.061553 
33.593154 
33.593154 
45.002778 
45.002778 
9.055385 
9.055385 
2.061553 
2.061553 
6.041523 
6.041523 
45.002778 
45.002778 
6.964194 
6.964194 
2.061553 
2.061553 
6.103278 
6.103278 
45.002778 
45.002778 
5.024938 
5.024938 
2.061553 
2.061553 
5.700877 
5.700877 
45.002778 
45.002778 
3.201562 
3.201562 
2.061553 
2.061553 
3.905125 
3.905125 
45.002778 
45.002778 
0.707107 
0.707107 
2.061553 
2.061553 
4.242641 
4.242641 
45.002778 
45.002778 
0.707107 
0.707107 
2.061553 
2.061553 
4.242641 
4.242641 
45.002778 
45.002778 
0.707107 
0.707107 
2.061553 
2.061553 
4.242641 
4.242641 
0.707107 
0.707107 
2.061553 
2.061553 
4.242641 
4.242641 
0.707107 
0.707107 
2.061553 
2.061553 
44.443785 
44.443785 
0.707107 
0.707107 
2.061553 
2.061553 
2.549510 
2.549510 
37.871493 
37.871493 
2.061553 
2.061553 
2.549510 
2.549510 
4.716991 
4.716991 
2.549510 
2.549510 
4.716991 
4.716991 
2.549510 
2.549510 
4.716991 
4.716991 
2.549510 
2.549510 
4.716991 
4.716991 
2.549510 
2.549510 
4.716991 
4.716991 
2.549510 
2.549510 
4.716991 
4.716991 
2.549510 
2.549510 
37.272644 
37.272644 
2.549510 
2.549510 
7.382412 
7.382412 
2.549510 
2.549510 
8.631338 
8.631338 
2.549510 
2.549510 
5.024938 
5.024938 
2.549510 
2.549510 
6.708204 
6.708204 
2.549510 
2.549510 
20.006249 
20.006249 
2.549510 
2.549510 
4.527693 
4.527693 
2.549510 
2.549510 
7.280110 
7.280110 
