0.000000 
0.000000 
0.000000 
0.000000 
0.000000 
0.000000 
0.000000 
0.000000 
0.000000 
0.000000 
3.162278 
3.162278 
5.700877 
5.700877 
3.535534 
3.535534 
2.828427 
2.828427 
3.807887 
3.807887 
2.549510 
2.549510 
2.061553 
2.061553 
4.031129 
4.031129 
2.915476 
2.915476 
4.031129 
4.031129 
2.549510 
2.549510 
2.061553 
2.061553 
2.692582 
2.692582 
2.915476 
2.915476 
3.162278 
3.162278 
1.500000 
1.500000 
2.236068 
2.236068 
2.500000 
2.500000 
7.648529 
7.648529 
2.121320 
2.121320 
0.000000 
0.000000 
2.061553 
2.061553 
1.118034 
1.118034 
1.500000 
1.500000 
0.707107 
0.707107 
10.111874 
10.111874 
3.201562 
3.201562 
0.500000 
0.500000 
0.000000 
0.000000 
1.000000 
1.000000 
0.707107 
0.707107 
1.414214 
1.414214 
5.000000 
5.000000 
0.000000 
0.000000 
0.000000 
0.000000 
1.000000 
1.000000 
0.707107 
0.707107 
1.000000 
1.000000 
7.632169 
7.632169 
0.500000 
0.500000 
0.707107 
0.707107 
9.219544 
9.219544 
0.500000 
0.500000 
2.692582 
2.692582 
7.632169 
7.632169 
0.707107 
0.707107 
0.500000 
0.500000 
1.802776 
1.802776 
0.500000 
0.500000 
2.692582 
2.692582 
0.000000 
0.000000 
7.632169 
7.632169 
0.500000 
0.500000 
0.707107 
0.707107 
1.118034 
1.118034 
0.500000 
0.500000 
2.692582 
2.692582 
2.549510 
2.549510 
7.632169 
7.632169 
0.707107 
0.707107 
0.500000 
0.500000 
0.500000 
0.500000 
0.000000 
0.000000 
5.220153 
5.220153 
5.099020 
5.099020 
7.632169 
7.632169 
0.500000 
0.500000 
0.707107 
0.707107 
0.707107 
0.707107 
1.118034 
1.118034 
2.236068 
2.236068 
3.162278 
3.162278 
7.632169 
7.632169 
0.500000 
0.500000 
1.118034 
1.118034 
1.118034 
1.118034 
0.707107 
0.707107 
1.581139 
1.581139 
0.000000 
0.000000 
13.647344 
13.647344 
7.632169 
7.632169 
0.000000 
0.000000 
8.000000 
8.000000 
1.118034 
1.118034 
0.500000 
0.500000 
1.000000 
1.000000 
1.118034 
1.118034 
7.648529 
7.648529 
7.632169 
7.632169 
0.500000 
0.500000 
7.516648 
7.516648 
1.118034 
1.118034 
0.707107 
0.707107 
1.000000 
1.000000 
0.000000 
0.000000 
1.118034 
1.118034 
6.500000 
6.500000 
7.632169 
7.632169 
0.707107 
0.707107 
0.707107 
0.707107 
1.118034 
1.118034 
6.082763 
6.082763 
1.414214 
1.414214 
0.000000 
0.000000 
1.118034 
1.118034 
12.980755 
12.980755 
7.632169 
7.632169 
0.500000 
0.500000 
0.707107 
0.707107 
1.118034 
1.118034 
0.500000 
0.500000 
1.414214 
1.414214 
1.000000 
1.000000 
1.118034 
1.118034 
6.324555 
6.324555 
7.632169 
7.632169 
0.500000 
0.500000 
0.500000 
0.500000 
1.118034 
1.118034 
0.500000 
0.500000 
0.500000 
0.500000 
0.500000 
0.500000 
1.118034 
1.118034 
6.800735 
6.800735 
7.632169 
7.632169 
1.000000 
1.000000 
0.500000 
0.500000 
1.118034 
1.118034 
0.500000 
0.500000 
1.581139 
1.581139 
0.500000 
0.500000 
1.118034 
1.118034 
16.688319 
16.688319 
7.632169 
7.632169 
1.000000 
1.000000 
0.500000 
0.500000 
1.118034 
1.118034 
1.000000 
1.000000 
2.000000 
2.000000 
2.500000 
2.500000 
1.118034 
1.118034 
2.236068 
2.236068 
7.632169 
7.632169 
1.000000 
1.000000 
1.000000 
1.000000 
1.118034 
1.118034 
0.707107 
0.707107 
1.118034 
1.118034 
0.000000 
0.000000 
1.118034 
1.118034 
2.549510 
2.549510 
7.632169 
7.632169 
0.500000 
0.500000 
1.118034 
1.118034 
1.118034 
1.118034 
0.000000 
0.000000 
0.707107 
0.707107 
0.000000 
0.000000 
8.602325 
8.602325 
1.118034 
1.118034 
4.609772 
4.609772 
1.118034 
1.118034 
0.000000 
0.000000 
1.118034 
1.118034 
0.500000 
0.500000 
1.118034 
1.118034 
0.707107 
0.707107 
7.762087 
7.762087 
1.118034 
1.118034 
18.506756 
18.506756 
0.707107 
0.707107 
0.707107 
0.707107 
1.118034 
1.118034 
0.500000 
0.500000 
1.118034 
1.118034 
0.000000 
0.000000 
0.707107 
0.707107 
1.581139 
1.581139 
1.118034 
1.118034 
4.272002 
4.272002 
1.000000 
1.000000 
0.707107 
0.707107 
1.118034 
1.118034 
0.500000 
0.500000 
1.118034 
1.118034 
2.121320 
2.121320 
0.707107 
0.707107 
1.000000 
1.000000 
1.118034 
1.118034 
3.807887 
3.807887 
1.000000 
1.000000 
0.707107 
0.707107 
1.118034 
1.118034 
1.000000 
1.000000 
1.118034 
1.118034 
1.414214 
1.414214 
0.707107 
0.707107 
1.500000 
1.500000 
1.118034 
1.118034 
5.099020 
5.099020 
0.000000 
0.000000 
0.500000 
0.500000 
1.118034 
1.118034 
0.500000 
0.500000 
1.118034 
1.118034 
1.581139 
1.581139 
0.707107 
0.707107 
2.000000 
2.000000 
1.118034 
1.118034 
15.000000 
15.000000 
0.500000 
0.500000 
0.707107 
0.707107 
0.707107 
0.707107 
1.118034 
1.118034 
2.915476 
2.915476 
0.707107 
0.707107 
3.041381 
3.041381 
1.118034 
1.118034 
5.099020 
5.099020 
0.000000 
0.000000 
0.000000 
0.000000 
0.500000 
0.500000 
1.118034 
1.118034 
2.121320 
2.121320 
0.707107 
0.707107 
0.707107 
0.707107 
6.020797 
6.020797 
0.707107 
0.707107 
0.500000 
0.500000 
0.500000 
0.500000 
1.118034 
1.118034 
1.802776 
1.802776 
0.707107 
0.707107 
0.000000 
0.000000 
3.807887 
3.807887 
0.000000 
0.000000 
0.500000 
0.500000 
0.000000 
0.000000 
1.118034 
1.118034 
1.118034 
1.118034 
0.707107 
0.707107 
0.707107 
0.707107 
11.180340 
11.180340 
0.707107 
0.707107 
0.500000 
0.500000 
0.500000 
0.500000 
1.118034 
1.118034 
1.500000 
1.500000 
0.707107 
0.707107 
0.500000 
0.500000 
3.354102 
3.354102 
0.000000 
0.000000 
0.000000 
0.000000 
0.500000 
0.500000 
1.118034 
1.118034 
2.121320 
2.121320 
0.707107 
0.707107 
0.500000 
0.500000 
10.700467 
10.700467 
0.500000 
0.500000 
0.707107 
0.707107 
1.118034 
1.118034 
1.118034 
1.118034 
0.707107 
0.707107 
0.707107 
0.707107 
0.500000 
0.500000 
6.184658 
6.184658 
0.000000 
0.000000 
0.500000 
0.500000 
0.707107 
0.707107 
1.118034 
1.118034 
1.802776 
1.802776 
0.707107 
0.707107 
11.672618 
11.672618 
4.743416 
4.743416 
0.000000 
0.000000 
0.707107 
0.707107 
0.500000 
0.500000 
1.118034 
1.118034 
0.500000 
0.500000 
4.924429 
4.924429 
1.118034 
1.118034 
9.552487 
9.552487 
0.000000 
0.000000 
0.500000 
0.500000 
0.000000 
0.000000 
1.118034 
1.118034 
0.500000 
0.500000 
0.000000 
0.000000 
0.000000 
0.000000 
4.472136 
4.472136 
0.707107 
0.707107 
0.500000 
0.500000 
0.500000 
0.500000 
1.118034 
1.118034 
0.500000 
0.500000 
0.000000 
0.000000 
0.707107 
0.707107 
5.590170 
5.590170 
1.000000 
1.000000 
0.000000 
0.000000 
0.500000 
0.500000 
