0.000000 
0.000000 
0.000000 
0.000000 
0.000000 
0.000000 
2.121320 
2.121320 
1.802776 
1.802776 
2.236068 
2.236068 
0.000000 
0.000000 
4.031129 
4.031129 
1.802776 
1.802776 
9.617692 
9.617692 
4.472136 
4.472136 
5.590170 
5.590170 
1.802776 
1.802776 
3.640055 
3.640055 
3.162278 
3.162278 
5.590170 
5.590170 
1.802776 
1.802776 
2.549510 
2.549510 
2.500000 
2.500000 
5.590170 
5.590170 
1.802776 
1.802776 
4.123106 
4.123106 
1.000000 
1.000000 
5.590170 
5.590170 
1.802776 
1.802776 
3.535534 
3.535534 
2.121320 
2.121320 
5.590170 
5.590170 
1.802776 
1.802776 
1.414214 
1.414214 
0.000000 
0.000000 
1.118034 
1.118034 
5.590170 
5.590170 
1.802776 
1.802776 
3.162278 
3.162278 
3.162278 
3.162278 
1.581139 
1.581139 
5.590170 
5.590170 
1.802776 
1.802776 
5.656854 
5.656854 
3.162278 
3.162278 
1.581139 
1.581139 
5.590170 
5.590170 
1.802776 
1.802776 
1.118034 
1.118034 
0.000000 
0.000000 
3.162278 
3.162278 
1.000000 
1.000000 
5.590170 
5.590170 
1.802776 
1.802776 
2.236068 
2.236068 
6.082763 
6.082763 
3.162278 
3.162278 
1.000000 
1.000000 
5.590170 
5.590170 
1.802776 
1.802776 
2.236068 
2.236068 
0.000000 
0.000000 
3.605551 
3.605551 
3.162278 
3.162278 
1.000000 
1.000000 
5.590170 
5.590170 
1.802776 
1.802776 
4.527693 
4.527693 
0.000000 
0.000000 
0.000000 
0.000000 
3.605551 
3.605551 
3.162278 
3.162278 
1.000000 
1.000000 
5.590170 
5.590170 
1.802776 
1.802776 
4.527693 
4.527693 
0.000000 
0.000000 
0.000000 
0.000000 
3.605551 
3.605551 
3.162278 
3.162278 
1.000000 
1.000000 
5.590170 
5.590170 
1.802776 
1.802776 
4.527693 
4.527693 
0.000000 
0.000000 
0.000000 
0.000000 
3.605551 
3.605551 
3.162278 
3.162278 
1.000000 
1.000000 
5.590170 
5.590170 
4.527693 
4.527693 
0.000000 
0.000000 
0.000000 
0.000000 
3.605551 
3.605551 
3.162278 
3.162278 
1.000000 
1.000000 
5.590170 
5.590170 
4.527693 
4.527693 
0.000000 
0.000000 
0.000000 
0.000000 
3.605551 
3.605551 
3.162278 
3.162278 
1.000000 
1.000000 
4.527693 
4.527693 
0.000000 
0.000000 
0.000000 
0.000000 
3.605551 
3.605551 
3.162278 
3.162278 
1.000000 
1.000000 
4.527693 
4.527693 
0.000000 
0.000000 
0.000000 
0.000000 
3.605551 
3.605551 
3.162278 
3.162278 
1.000000 
1.000000 
4.527693 
4.527693 
0.000000 
0.000000 
0.000000 
0.000000 
0.000000 
0.000000 
3.605551 
3.605551 
3.162278 
3.162278 
1.000000 
1.000000 
4.527693 
4.527693 
1.581139 
1.581139 
0.000000 
0.000000 
0.000000 
0.000000 
3.605551 
3.605551 
3.162278 
3.162278 
1.000000 
1.000000 
4.527693 
4.527693 
1.414214 
1.414214 
0.000000 
0.000000 
0.000000 
0.000000 
3.605551 
3.605551 
3.162278 
3.162278 
1.000000 
1.000000 
4.527693 
4.527693 
3.162278 
3.162278 
0.000000 
0.000000 
0.000000 
0.000000 
3.605551 
3.605551 
1.000000 
1.000000 
4.527693 
4.527693 
0.000000 
0.000000 
3.162278 
3.162278 
0.000000 
0.000000 
0.000000 
0.000000 
3.605551 
3.605551 
1.000000 
1.000000 
4.527693 
4.527693 
0.000000 
0.000000 
4.000000 
4.000000 
3.162278 
3.162278 
0.000000 
0.000000 
0.000000 
0.000000 
3.605551 
3.605551 
4.527693 
4.527693 
2.500000 
2.500000 
4.743416 
4.743416 
3.162278 
3.162278 
0.000000 
0.000000 
0.000000 
0.000000 
3.605551 
3.605551 
4.527693 
4.527693 
3.535534 
3.535534 
1.000000 
1.000000 
3.162278 
3.162278 
0.000000 
0.000000 
15.074813 
15.074813 
3.041381 
3.041381 
3.162278 
3.162278 
2.692582 
2.692582 
3.535534 
3.535534 
3.162278 
3.162278 
2.236068 
2.236068 
2.915476 
2.915476 
3.162278 
3.162278 
3.041381 
3.041381 
3.905125 
3.905125 
3.162278 
3.162278 
0.000000 
0.000000 
0.707107 
0.707107 
4.924429 
4.924429 
3.162278 
3.162278 
0.000000 
0.000000 
3.535534 
3.535534 
0.707107 
0.707107 
5.099020 
5.099020 
3.162278 
3.162278 
12.589678 
12.589678 
3.535534 
3.535534 
0.707107 
0.707107 
12.500000 
12.500000 
3.162278 
3.162278 
1.118034 
1.118034 
4.123106 
4.123106 
0.707107 
0.707107 
12.539936 
12.539936 
3.162278 
3.162278 
1.414214 
1.414214 
2.915476 
2.915476 
0.707107 
0.707107 
2.000000 
2.000000 
3.162278 
3.162278 
0.000000 
0.000000 
1.118034 
1.118034 
3.535534 
3.535534 
0.707107 
0.707107 
3.162278 
3.162278 
3.162278 
3.162278 
3.535534 
3.535534 
3.041381 
3.041381 
9.013878 
9.013878 
0.707107 
0.707107 
15.787653 
15.787653 
1.802776 
1.802776 
0.000000 
0.000000 
2.692582 
2.692582 
0.707107 
0.707107 
0.500000 
0.500000 
3.162278 
3.162278 
12.165525 
12.165525 
9.394147 
9.394147 
0.707107 
0.707107 
18.000000 
18.000000 
3.162278 
3.162278 
6.082763 
6.082763 
9.394147 
9.394147 
0.707107 
0.707107 
5.656854 
5.656854 
3.162278 
3.162278 
6.082763 
6.082763 
9.394147 
9.394147 
0.707107 
0.707107 
5.000000 
5.000000 
3.162278 
3.162278 
6.082763 
6.082763 
9.394147 
9.394147 
0.707107 
0.707107 
3.535534 
3.535534 
3.162278 
3.162278 
6.082763 
6.082763 
9.394147 
9.394147 
0.707107 
0.707107 
1.802776 
1.802776 
3.162278 
3.162278 
6.082763 
6.082763 
9.394147 
9.394147 
0.707107 
0.707107 
9.013878 
9.013878 
3.162278 
3.162278 
6.082763 
6.082763 
9.394147 
9.394147 
0.707107 
0.707107 
4.272002 
4.272002 
3.162278 
3.162278 
6.082763 
6.082763 
9.394147 
9.394147 
4.031129 
4.031129 
