0.000000 
0.000000 
0.000000 
0.000000 
1.802776 
1.802776 
1.000000 
1.000000 
1.000000 
1.000000 
0.000000 
0.000000 
1.802776 
1.802776 
0.000000 
0.000000 
0.500000 
0.500000 
0.707107 
0.707107 
1.802776 
1.802776 
1.802776 
1.802776 
0.707107 
0.707107 
5.500000 
5.500000 
1.118034 
1.118034 
4.527693 
4.527693 
1.118034 
1.118034 
13.124405 
13.124405 
9.124144 
9.124144 
10.688779 
10.688779 
1.118034 
1.118034 
2.236068 
2.236068 
0.500000 
0.500000 
12.093387 
12.093387 
1.000000 
1.000000 
9.013878 
9.013878 
1.802776 
1.802776 
14.396180 
14.396180 
0.000000 
0.000000 
7.826238 
7.826238 
1.581139 
1.581139 
7.017834 
7.017834 
0.000000 
0.000000 
13.009612 
13.009612 
11.543396 
11.543396 
7.566373 
7.566373 
13.656500 
13.656500 
1.000000 
1.000000 
0.500000 
0.500000 
14.000000 
14.000000 
8.558621 
8.558621 
1.802776 
1.802776 
2.236068 
2.236068 
2.061553 
2.061553 
2.121320 
2.121320 
1.118034 
1.118034 
1.000000 
1.000000 
3.500000 
3.500000 
1.000000 
1.000000 
1.118034 
1.118034 
0.000000 
0.000000 
3.640055 
3.640055 
1.000000 
1.000000 
2.500000 
2.500000 
0.000000 
0.000000 
4.123106 
4.123106 
2.549510 
2.549510 
3.041381 
3.041381 
0.000000 
0.000000 
0.000000 
0.000000 
3.162278 
3.162278 
1.500000 
1.500000 
4.031129 
4.031129 
0.000000 
0.000000 
0.000000 
0.000000 
2.692582 
2.692582 
2.121320 
2.121320 
13.647344 
13.647344 
0.000000 
0.000000 
0.000000 
0.000000 
8.139410 
8.139410 
2.000000 
2.000000 
10.511898 
10.511898 
0.000000 
0.000000 
0.000000 
0.000000 
2.061553 
2.061553 
1.414214 
1.414214 
0.707107 
0.707107 
0.000000 
0.000000 
0.000000 
0.000000 
1.802776 
1.802776 
1.000000 
1.000000 
0.707107 
0.707107 
0.000000 
0.000000 
0.000000 
0.000000 
1.581139 
1.581139 
1.802776 
1.802776 
1.500000 
1.500000 
0.000000 
0.000000 
0.000000 
0.000000 
0.000000 
0.000000 
3.500000 
3.500000 
11.280514 
11.280514 
0.000000 
0.000000 
26.575365 
26.575365 
12.175796 
12.175796 
3.500000 
3.500000 
2.915476 
2.915476 
0.000000 
0.000000 
2.000000 
2.000000 
1.000000 
1.000000 
3.500000 
3.500000 
3.162278 
3.162278 
0.000000 
0.000000 
0.707107 
0.707107 
1.802776 
1.802776 
3.500000 
3.500000 
2.549510 
2.549510 
0.000000 
0.000000 
1.118034 
1.118034 
1.118034 
1.118034 
3.500000 
3.500000 
1.118034 
1.118034 
0.000000 
0.000000 
1.581139 
1.581139 
2.061553 
2.061553 
3.500000 
3.500000 
1.581139 
1.581139 
0.000000 
0.000000 
1.500000 
1.500000 
2.500000 
2.500000 
3.500000 
3.500000 
3.535534 
3.535534 
0.000000 
0.000000 
1.118034 
1.118034 
10.606602 
10.606602 
3.500000 
3.500000 
3.535534 
3.535534 
0.000000 
0.000000 
2.500000 
2.500000 
1.000000 
1.000000 
3.500000 
3.500000 
10.920165 
10.920165 
4.000000 
4.000000 
1.118034 
1.118034 
3.500000 
3.500000 
0.707107 
0.707107 
18.110770 
18.110770 
8.139410 
8.139410 
3.500000 
3.500000 
0.707107 
0.707107 
2.549510 
2.549510 
1.581139 
1.581139 
3.500000 
3.500000 
13.124405 
13.124405 
2.549510 
2.549510 
1.500000 
1.500000 
3.500000 
3.500000 
2.500000 
2.500000 
0.000000 
0.000000 
2.549510 
2.549510 
2.500000 
2.500000 
3.500000 
3.500000 
2.500000 
2.500000 
2.236068 
2.236068 
2.549510 
2.549510 
13.285330 
13.285330 
3.500000 
3.500000 
2.500000 
2.500000 
2.236068 
2.236068 
2.549510 
2.549510 
2.500000 
2.500000 
1.118034 
1.118034 
4.472136 
4.472136 
2.549510 
2.549510 
2.061553 
2.061553 
1.118034 
1.118034 
38.082148 
38.082148 
2.549510 
2.549510 
2.061553 
2.061553 
20.597330 
20.597330 
