0.000000 
0.000000 
0.000000 
0.000000 
32.596012 
32.596012 
0.000000 
0.000000 
5.000000 
5.000000 
1.802776 
1.802776 
0.000000 
0.000000 
0.000000 
0.000000 
0.500000 
0.500000 
4.031129 
4.031129 
1.000000 
1.000000 
0.707107 
0.707107 
1.118034 
1.118034 
0.707107 
0.707107 
3.041381 
3.041381 
2.061553 
2.061553 
1.581139 
1.581139 
1.118034 
1.118034 
0.500000 
0.500000 
9.617692 
9.617692 
1.000000 
1.000000 
0.500000 
0.500000 
1.118034 
1.118034 
0.500000 
0.500000 
3.000000 
3.000000 
3.605551 
3.605551 
1.500000 
1.500000 
1.118034 
1.118034 
1.802776 
1.802776 
6.184658 
6.184658 
4.472136 
4.472136 
0.000000 
0.000000 
0.500000 
0.500000 
1.118034 
1.118034 
1.802776 
1.802776 
5.024938 
5.024938 
2.549510 
2.549510 
0.000000 
0.000000 
0.500000 
0.500000 
1.118034 
1.118034 
0.500000 
0.500000 
5.024938 
5.024938 
3.201562 
3.201562 
0.000000 
0.000000 
1.500000 
1.500000 
1.118034 
1.118034 
0.500000 
0.500000 
5.024938 
5.024938 
3.354102 
3.354102 
0.000000 
0.000000 
0.000000 
0.000000 
1.118034 
1.118034 
0.500000 
0.500000 
17.356555 
17.356555 
5.590170 
5.590170 
0.000000 
0.000000 
0.500000 
0.500000 
1.118034 
1.118034 
1.000000 
1.000000 
11.180340 
11.180340 
3.605551 
3.605551 
0.000000 
0.000000 
0.500000 
0.500000 
1.118034 
1.118034 
1.000000 
1.000000 
2.549510 
2.549510 
26.196374 
26.196374 
0.000000 
0.000000 
0.500000 
0.500000 
1.118034 
1.118034 
1.000000 
1.000000 
2.915476 
2.915476 
1.414214 
1.414214 
0.000000 
0.000000 
0.500000 
0.500000 
1.118034 
1.118034 
1.000000 
1.000000 
2.500000 
2.500000 
2.236068 
2.236068 
0.000000 
0.000000 
1.000000 
1.000000 
1.118034 
1.118034 
1.000000 
1.000000 
12.658989 
12.658989 
1.500000 
1.500000 
0.000000 
0.000000 
1.000000 
1.000000 
1.118034 
1.118034 
1.000000 
1.000000 
2.500000 
2.500000 
3.201562 
3.201562 
0.000000 
0.000000 
1.414214 
1.414214 
1.118034 
1.118034 
1.000000 
1.000000 
4.031129 
4.031129 
2.121320 
2.121320 
0.000000 
0.000000 
0.707107 
0.707107 
21.005952 
21.005952 
3.500000 
3.500000 
1.581139 
1.581139 
0.000000 
0.000000 
1.000000 
1.000000 
1.500000 
1.500000 
3.500000 
3.500000 
2.121320 
2.121320 
0.000000 
0.000000 
1.000000 
1.000000 
0.500000 
0.500000 
3.500000 
3.500000 
4.924429 
4.924429 
0.000000 
0.000000 
1.000000 
1.000000 
2.061553 
2.061553 
3.500000 
3.500000 
2.061553 
2.061553 
1.000000 
1.000000 
2.061553 
2.061553 
20.006249 
20.006249 
1.118034 
1.118034 
0.500000 
0.500000 
2.061553 
2.061553 
2.915476 
2.915476 
2.549510 
2.549510 
0.707107 
0.707107 
2.061553 
2.061553 
1.581139 
1.581139 
1.581139 
1.581139 
0.707107 
0.707107 
2.061553 
2.061553 
1.581139 
1.581139 
1.802776 
1.802776 
0.707107 
0.707107 
2.061553 
2.061553 
1.581139 
1.581139 
1.000000 
1.000000 
2.692582 
2.692582 
1.581139 
1.581139 
1.581139 
1.581139 
2.500000 
2.500000 
1.118034 
1.118034 
0.707107 
0.707107 
1.581139 
1.581139 
2.692582 
2.692582 
1.581139 
1.581139 
1.118034 
1.118034 
1.581139 
1.581139 
2.061553 
2.061553 
0.000000 
0.000000 
1.118034 
1.118034 
1.000000 
1.000000 
1.581139 
1.581139 
2.500000 
2.500000 
2.061553 
2.061553 
1.118034 
1.118034 
0.500000 
0.500000 
1.581139 
1.581139 
1.802776 
1.802776 
0.000000 
0.000000 
2.061553 
2.061553 
0.500000 
0.500000 
0.707107 
0.707107 
1.581139 
1.581139 
4.123106 
4.123106 
0.707107 
0.707107 
2.061553 
2.061553 
1.000000 
1.000000 
0.707107 
0.707107 
1.581139 
1.581139 
2.500000 
2.500000 
0.000000 
0.000000 
0.000000 
0.000000 
0.500000 
0.500000 
2.061553 
2.061553 
1.000000 
1.000000 
0.500000 
0.500000 
1.581139 
1.581139 
3.000000 
3.000000 
0.000000 
0.000000 
1.581139 
1.581139 
11.672618 
11.672618 
2.061553 
2.061553 
1.000000 
1.000000 
1.414214 
1.414214 
1.581139 
1.581139 
0.500000 
0.500000 
0.000000 
0.000000 
0.707107 
0.707107 
11.672618 
11.672618 
2.061553 
2.061553 
1.000000 
1.000000 
0.707107 
0.707107 
1.581139 
1.581139 
3.041381 
3.041381 
0.000000 
0.000000 
0.000000 
0.000000 
0.707107 
0.707107 
11.672618 
11.672618 
2.061553 
2.061553 
1.000000 
1.000000 
2.061553 
2.061553 
1.581139 
1.581139 
2.500000 
2.500000 
0.000000 
0.000000 
0.000000 
0.000000 
0.707107 
0.707107 
13.462912 
13.462912 
2.061553 
2.061553 
1.000000 
1.000000 
2.236068 
2.236068 
1.581139 
1.581139 
1.414214 
1.414214 
