0.000000 
0.000000 
0.000000 
0.000000 
0.000000 
0.000000 
0.000000 
0.000000 
1.500000 
1.500000 
2.500000 
2.500000 
6.082763 
6.082763 
0.000000 
0.000000 
1.414214 
1.414214 
3.201562 
3.201562 
1.581139 
1.581139 
0.000000 
0.000000 
2.549510 
2.549510 
2.549510 
2.549510 
1.581139 
1.581139 
0.000000 
0.000000 
4.031129 
4.031129 
2.549510 
2.549510 
4.472136 
4.472136 
0.000000 
0.000000 
21.868928 
21.868928 
2.549510 
2.549510 
5.099020 
5.099020 
0.000000 
0.000000 
4.000000 
4.000000 
2.549510 
2.549510 
3.807887 
3.807887 
0.000000 
0.000000 
9.055385 
9.055385 
2.549510 
2.549510 
1.414214 
1.414214 
0.000000 
0.000000 
3.041381 
3.041381 
2.549510 
2.549510 
0.000000 
0.000000 
0.000000 
0.000000 
1.802776 
1.802776 
2.549510 
2.549510 
0.000000 
0.000000 
0.000000 
0.000000 
1.581139 
1.581139 
2.549510 
2.549510 
0.707107 
0.707107 
0.000000 
0.000000 
4.527693 
4.527693 
2.549510 
2.549510 
0.707107 
0.707107 
0.000000 
0.000000 
4.527693 
4.527693 
2.549510 
2.549510 
1.581139 
1.581139 
0.000000 
0.000000 
4.527693 
4.527693 
2.549510 
2.549510 
1.414214 
1.414214 
0.000000 
0.000000 
0.000000 
0.000000 
4.527693 
4.527693 
2.549510 
2.549510 
2.000000 
2.000000 
36.667424 
36.667424 
0.000000 
0.000000 
4.527693 
4.527693 
2.549510 
2.549510 
1.500000 
1.500000 
40.003125 
40.003125 
4.527693 
4.527693 
2.549510 
2.549510 
0.500000 
0.500000 
7.280110 
7.280110 
4.527693 
4.527693 
2.549510 
2.549510 
1.500000 
1.500000 
6.000000 
6.000000 
4.527693 
4.527693 
3.000000 
3.000000 
3.535534 
3.535534 
4.527693 
4.527693 
2.549510 
2.549510 
2.500000 
2.500000 
4.527693 
4.527693 
1.581139 
1.581139 
4.609772 
4.609772 
4.527693 
4.527693 
2.061553 
2.061553 
3.605551 
3.605551 
4.527693 
4.527693 
15.913830 
15.913830 
1.000000 
1.000000 
4.527693 
4.527693 
7.158911 
7.158911 
2.500000 
2.500000 
4.527693 
4.527693 
7.158911 
7.158911 
4.000000 
4.000000 
4.527693 
4.527693 
7.158911 
7.158911 
2.061553 
2.061553 
7.158911 
7.158911 
5.522681 
5.522681 
7.158911 
7.158911 
10.977249 
10.977249 
7.158911 
7.158911 
8.902247 
8.902247 
7.158911 
7.158911 
2.121320 
2.121320 
7.158911 
7.158911 
3.000000 
3.000000 
7.158911 
7.158911 
8.139410 
8.139410 
7.158911 
7.158911 
5.220153 
5.220153 
7.158911 
7.158911 
2.236068 
2.236068 
7.158911 
7.158911 
0.000000 
0.000000 
2.236068 
2.236068 
7.158911 
7.158911 
6.576473 
6.576473 
2.236068 
2.236068 
7.158911 
7.158911 
6.500000 
6.500000 
2.236068 
2.236068 
7.158911 
7.158911 
0.000000 
0.000000 
2.500000 
2.500000 
2.236068 
2.236068 
2.000000 
2.000000 
2.121320 
2.121320 
2.236068 
2.236068 
