0.000000 
0.000000 
0.000000 
0.000000 
10.000000 
10.000000 
3.162278 
3.162278 
6.020797 
6.020797 
23.048861 
23.048861 
2.828427 
2.828427 
4.472136 
4.472136 
21.783021 
21.783021 
8.276473 
8.276473 
4.031129 
4.031129 
9.861541 
9.861541 
4.031129 
4.031129 
38.242646 
38.242646 
4.031129 
4.031129 
5.590170 
5.590170 
0.000000 
0.000000 
4.031129 
4.031129 
28.887714 
28.887714 
4.242641 
4.242641 
4.031129 
4.031129 
3.354102 
3.354102 
17.007351 
17.007351 
4.031129 
4.031129 
1.414214 
1.414214 
2.692582 
2.692582 
4.031129 
4.031129 
3.354102 
3.354102 
2.692582 
2.692582 
26.575365 
26.575365 
3.354102 
3.354102 
0.000000 
0.000000 
2.692582 
2.692582 
2.692582 
2.692582 
3.354102 
3.354102 
40.024992 
40.024992 
2.692582 
2.692582 
2.692582 
2.692582 
3.354102 
3.354102 
5.700877 
5.700877 
2.692582 
2.692582 
2.692582 
2.692582 
3.354102 
3.354102 
4.242641 
4.242641 
2.692582 
2.692582 
2.692582 
2.692582 
3.354102 
3.354102 
3.201562 
3.201562 
2.692582 
2.692582 
2.692582 
2.692582 
3.354102 
3.354102 
8.077747 
8.077747 
2.692582 
2.692582 
2.692582 
2.692582 
3.354102 
3.354102 
32.163644 
32.163644 
2.692582 
2.692582 
2.692582 
2.692582 
3.354102 
3.354102 
0.000000 
0.000000 
4.949747 
4.949747 
2.692582 
2.692582 
2.692582 
2.692582 
3.354102 
3.354102 
3.535534 
3.535534 
8.732125 
8.732125 
2.692582 
2.692582 
2.692582 
2.692582 
3.354102 
3.354102 
5.147815 
5.147815 
7.566373 
7.566373 
2.692582 
2.692582 
2.692582 
2.692582 
3.354102 
3.354102 
5.147815 
5.147815 
20.426698 
20.426698 
2.692582 
2.692582 
2.692582 
2.692582 
3.354102 
3.354102 
27.115494 
27.115494 
2.236068 
2.236068 
2.692582 
2.692582 
2.692582 
2.692582 
3.354102 
3.354102 
27.115494 
27.115494 
35.227830 
35.227830 
2.692582 
2.692582 
2.692582 
2.692582 
3.354102 
3.354102 
27.115494 
27.115494 
5.385165 
5.385165 
2.692582 
2.692582 
27.115494 
27.115494 
3.640055 
3.640055 
2.692582 
2.692582 
27.115494 
27.115494 
4.031129 
4.031129 
27.115494 
27.115494 
3.807887 
3.807887 
27.115494 
27.115494 
1.802776 
1.802776 
27.115494 
27.115494 
2.500000 
2.500000 
27.115494 
27.115494 
6.324555 
6.324555 
27.115494 
27.115494 
4.301163 
4.301163 
27.115494 
27.115494 
3.640055 
3.640055 
27.115494 
27.115494 
25.811819 
25.811819 
27.115494 
27.115494 
36.623080 
36.623080 
27.115494 
27.115494 
19.163768 
19.163768 
27.115494 
27.115494 
6.964194 
6.964194 
4.031129 
4.031129 
4.031129 
4.031129 
20.500000 
20.500000 
8.500000 
8.500000 
11.768602 
11.768602 
9.552487 
9.552487 
28.160256 
28.160256 
18.200275 
18.200275 
5.500000 
5.500000 
37.336309 
37.336309 
