0.000000 
0.000000 
0.000000 
0.000000 
24.020824 
24.020824 
0.500000 
0.500000 
6.670832 
6.670832 
0.500000 
0.500000 
22.638463 
22.638463 
2.000000 
2.000000 
8.631338 
8.631338 
7.280110 
7.280110 
15.000000 
15.000000 
11.543396 
11.543396 
34.630189 
34.630189 
4.123106 
4.123106 
12.539936 
12.539936 
2.000000 
2.000000 
11.000000 
11.000000 
1.581139 
1.581139 
7.158911 
7.158911 
1.581139 
1.581139 
23.478714 
23.478714 
3.162278 
3.162278 
23.478714 
23.478714 
3.000000 
3.000000 
23.478714 
23.478714 
19.293781 
19.293781 
0.000000 
0.000000 
23.478714 
23.478714 
5.000000 
5.000000 
1.581139 
1.581139 
23.478714 
23.478714 
3.201562 
3.201562 
2.061553 
2.061553 
23.478714 
23.478714 
2.061553 
2.061553 
0.000000 
0.000000 
1.414214 
1.414214 
23.478714 
23.478714 
2.692582 
2.692582 
2.915476 
2.915476 
1.000000 
1.000000 
23.478714 
23.478714 
2.000000 
2.000000 
2.915476 
2.915476 
1.000000 
1.000000 
23.478714 
23.478714 
3.000000 
3.000000 
2.061553 
2.061553 
1.000000 
1.000000 
23.478714 
23.478714 
3.041381 
3.041381 
1.414214 
1.414214 
3.354102 
3.354102 
23.478714 
23.478714 
15.532225 
15.532225 
1.414214 
1.414214 
1.118034 
1.118034 
23.478714 
23.478714 
4.743416 
4.743416 
1.414214 
1.414214 
1.118034 
1.118034 
23.478714 
23.478714 
3.640055 
3.640055 
0.000000 
0.000000 
1.414214 
1.414214 
2.549510 
2.549510 
23.478714 
23.478714 
2.500000 
2.500000 
1.500000 
1.500000 
30.405592 
30.405592 
1.000000 
1.000000 
23.478714 
23.478714 
1.581139 
1.581139 
1.000000 
1.000000 
2.236068 
2.236068 
1.118034 
1.118034 
0.500000 
0.500000 
1.000000 
1.000000 
16.378339 
16.378339 
1.118034 
1.118034 
1.000000 
1.000000 
1.000000 
1.000000 
1.414214 
1.414214 
1.118034 
1.118034 
0.500000 
0.500000 
1.000000 
1.000000 
19.448650 
19.448650 
1.802776 
1.802776 
0.500000 
0.500000 
1.000000 
1.000000 
6.964194 
6.964194 
1.802776 
1.802776 
0.500000 
0.500000 
1.000000 
1.000000 
4.609772 
4.609772 
0.500000 
0.500000 
0.500000 
0.500000 
1.000000 
1.000000 
1.802776 
1.802776 
0.500000 
0.500000 
0.500000 
0.500000 
1.000000 
1.000000 
26.800187 
26.800187 
0.707107 
0.707107 
0.500000 
0.500000 
1.000000 
1.000000 
17.182840 
17.182840 
1.118034 
1.118034 
0.500000 
0.500000 
1.000000 
1.000000 
2.692582 
2.692582 
0.707107 
0.707107 
0.500000 
0.500000 
1.000000 
1.000000 
2.236068 
2.236068 
1.500000 
1.500000 
0.500000 
0.500000 
1.000000 
1.000000 
2.121320 
2.121320 
1.000000 
1.000000 
0.500000 
0.500000 
1.000000 
1.000000 
0.707107 
0.707107 
10.511898 
10.511898 
0.500000 
0.500000 
1.000000 
1.000000 
1.802776 
1.802776 
0.500000 
0.500000 
0.500000 
0.500000 
1.000000 
1.000000 
1.000000 
1.000000 
0.707107 
0.707107 
0.500000 
0.500000 
3.807887 
3.807887 
1.000000 
1.000000 
0.500000 
0.500000 
0.000000 
0.000000 
6.576473 
6.576473 
1.000000 
1.000000 
0.500000 
0.500000 
0.000000 
0.000000 
9.340771 
9.340771 
1.581139 
1.581139 
0.500000 
0.500000 
8.544004 
8.544004 
7.158911 
7.158911 
1.581139 
1.581139 
0.500000 
0.500000 
18.560711 
18.560711 
1.581139 
1.581139 
1.000000 
1.000000 
5.024938 
5.024938 
1.581139 
1.581139 
0.500000 
0.500000 
0.707107 
0.707107 
1.581139 
1.581139 
0.707107 
0.707107 
25.044960 
25.044960 
1.581139 
1.581139 
