0.000000 
0.000000 
0.000000 
0.000000 
0.000000 
0.000000 
0.000000 
0.000000 
0.000000 
0.000000 
0.000000 
0.000000 
1.118034 
1.118034 
8.062258 
8.062258 
1.414214 
1.414214 
0.000000 
0.000000 
2.500000 
2.500000 
0.000000 
0.000000 
1.581139 
1.581139 
8.062258 
8.062258 
2.236068 
2.236068 
3.041381 
3.041381 
1.581139 
1.581139 
0.000000 
0.000000 
5.590170 
5.590170 
8.062258 
8.062258 
1.802776 
1.802776 
4.924429 
4.924429 
0.000000 
0.000000 
0.000000 
0.000000 
5.590170 
5.590170 
33.559648 
33.559648 
1.000000 
1.000000 
2.692582 
2.692582 
0.000000 
0.000000 
0.000000 
0.000000 
5.590170 
5.590170 
3.535534 
3.535534 
1.000000 
1.000000 
21.029741 
21.029741 
0.500000 
0.500000 
0.000000 
0.000000 
5.590170 
5.590170 
2.692582 
2.692582 
0.500000 
0.500000 
1.118034 
1.118034 
0.707107 
0.707107 
0.000000 
0.000000 
5.590170 
5.590170 
1.414214 
1.414214 
0.707107 
0.707107 
19.602296 
19.602296 
1.118034 
1.118034 
0.000000 
0.000000 
5.590170 
5.590170 
15.532225 
15.532225 
1.118034 
1.118034 
1.118034 
1.118034 
1.118034 
1.118034 
0.000000 
0.000000 
5.590170 
5.590170 
14.221463 
14.221463 
0.500000 
0.500000 
40.040604 
40.040604 
0.500000 
0.500000 
0.000000 
0.000000 
5.590170 
5.590170 
0.707107 
0.707107 
1.500000 
1.500000 
8.015610 
8.015610 
1.118034 
1.118034 
0.000000 
0.000000 
5.590170 
5.590170 
1.118034 
1.118034 
12.539936 
12.539936 
7.648529 
7.648529 
1.000000 
1.000000 
0.000000 
0.000000 
1.581139 
1.581139 
17.528548 
17.528548 
1.000000 
1.000000 
11.236103 
11.236103 
1.802776 
1.802776 
0.000000 
0.000000 
0.500000 
0.500000 
1.000000 
1.000000 
12.041595 
12.041595 
0.000000 
0.000000 
42.086221 
42.086221 
1.500000 
1.500000 
0.000000 
0.000000 
0.707107 
0.707107 
1.581139 
1.581139 
0.707107 
0.707107 
0.500000 
0.500000 
30.761177 
30.761177 
2.061553 
2.061553 
1.118034 
1.118034 
1.802776 
1.802776 
1.118034 
1.118034 
1.118034 
1.118034 
5.099020 
5.099020 
1.581139 
1.581139 
2.061553 
2.061553 
5.000000 
5.000000 
1.118034 
1.118034 
0.707107 
0.707107 
5.590170 
5.590170 
1.802776 
1.802776 
1.500000 
1.500000 
5.000000 
5.000000 
1.118034 
1.118034 
1.581139 
1.581139 
6.500000 
6.500000 
1.118034 
1.118034 
2.549510 
2.549510 
5.000000 
5.000000 
1.118034 
1.118034 
0.000000 
0.000000 
1.000000 
1.000000 
4.743416 
4.743416 
18.027756 
18.027756 
2.500000 
2.500000 
5.000000 
5.000000 
1.118034 
1.118034 
0.000000 
0.000000 
2.121320 
2.121320 
12.257651 
12.257651 
7.017834 
7.017834 
18.607794 
18.607794 
3.500000 
3.500000 
5.000000 
5.000000 
1.118034 
1.118034 
0.000000 
0.000000 
2.121320 
2.121320 
12.589678 
12.589678 
4.031129 
4.031129 
18.607794 
18.607794 
1.000000 
1.000000 
5.000000 
5.000000 
1.118034 
1.118034 
0.000000 
0.000000 
30.549141 
30.549141 
12.589678 
12.589678 
4.123106 
4.123106 
18.607794 
18.607794 
1.500000 
1.500000 
5.000000 
5.000000 
1.118034 
1.118034 
0.000000 
0.000000 
0.707107 
0.707107 
4.743416 
4.743416 
2.500000 
2.500000 
18.607794 
18.607794 
1.118034 
1.118034 
5.000000 
5.000000 
1.118034 
1.118034 
0.000000 
0.000000 
1.118034 
1.118034 
0.000000 
0.000000 
20.024984 
20.024984 
18.607794 
18.607794 
0.000000 
0.000000 
5.000000 
5.000000 
1.118034 
1.118034 
0.000000 
0.000000 
2.061553 
2.061553 
0.500000 
0.500000 
6.324555 
6.324555 
18.607794 
18.607794 
0.000000 
0.000000 
39.550601 
39.550601 
1.118034 
1.118034 
0.000000 
0.000000 
3.354102 
3.354102 
1.581139 
1.581139 
4.743416 
4.743416 
18.607794 
18.607794 
0.000000 
0.000000 
2.915476 
2.915476 
1.118034 
1.118034 
0.000000 
0.000000 
4.123106 
4.123106 
1.802776 
1.802776 
6.576473 
6.576473 
24.418231 
24.418231 
12.000000 
12.000000 
2.915476 
2.915476 
1.118034 
1.118034 
0.000000 
0.000000 
3.807887 
3.807887 
3.500000 
3.500000 
7.648529 
7.648529 
0.000000 
0.000000 
2.061553 
2.061553 
2.915476 
2.915476 
1.118034 
1.118034 
0.000000 
0.000000 
2.692582 
2.692582 
0.000000 
0.000000 
5.700877 
5.700877 
0.500000 
0.500000 
0.500000 
0.500000 
2.915476 
2.915476 
1.118034 
1.118034 
0.000000 
0.000000 
4.031129 
4.031129 
0.707107 
0.707107 
3.640055 
3.640055 
16.867128 
16.867128 
0.500000 
0.500000 
2.915476 
2.915476 
0.000000 
0.000000 
5.590170 
5.590170 
0.500000 
0.500000 
24.041631 
24.041631 
0.500000 
0.500000 
0.707107 
0.707107 
7.500000 
7.500000 
0.000000 
0.000000 
4.924429 
4.924429 
1.118034 
1.118034 
48.708316 
48.708316 
16.977927 
16.977927 
2.500000 
2.500000 
2.549510 
2.549510 
0.000000 
0.000000 
0.000000 
0.000000 
21.148286 
21.148286 
1.118034 
1.118034 
5.024938 
5.024938 
1.118034 
1.118034 
1.000000 
1.000000 
2.061553 
2.061553 
0.000000 
0.000000 
1.118034 
1.118034 
0.000000 
0.000000 
1.500000 
1.500000 
0.500000 
0.500000 
5.024938 
5.024938 
1.118034 
1.118034 
0.707107 
0.707107 
27.372431 
27.372431 
1.581139 
1.581139 
0.707107 
0.707107 
17.029386 
17.029386 
1.118034 
1.118034 
5.024938 
5.024938 
1.802776 
1.802776 
1.118034 
1.118034 
1.802776 
1.802776 
1.581139 
1.581139 
0.707107 
0.707107 
15.508062 
15.508062 
1.000000 
1.000000 
5.024938 
5.024938 
1.118034 
1.118034 
1.118034 
1.118034 
4.472136 
4.472136 
3.640055 
3.640055 
1.118034 
1.118034 
2.000000 
2.000000 
1.000000 
1.000000 
5.024938 
5.024938 
1.118034 
1.118034 
1.118034 
1.118034 
4.609772 
4.609772 
0.000000 
0.000000 
2.915476 
2.915476 
0.000000 
0.000000 
2.061553 
2.061553 
0.707107 
0.707107 
5.024938 
5.024938 
1.581139 
1.581139 
1.118034 
1.118034 
3.162278 
3.162278 
0.000000 
0.000000 
2.500000 
2.500000 
0.707107 
0.707107 
1.000000 
1.000000 
0.500000 
0.500000 
5.024938 
5.024938 
0.500000 
0.500000 
1.118034 
1.118034 
2.121320 
2.121320 
