0.000000 
0.000000 
32.638168 
32.638168 
4.609772 
4.609772 
2.061553 
2.061553 
2.549510 
2.549510 
9.656604 
9.656604 
9.656604 
9.656604 
56.519908 
56.519908 
8.732125 
8.732125 
8.732125 
8.732125 
8.732125 
8.732125 
8.732125 
8.732125 
8.732125 
8.732125 
0.000000 
0.000000 
0.000000 
0.000000 
8.732125 
8.732125 
25.632011 
25.632011 
2.061553 
2.061553 
8.732125 
8.732125 
7.382412 
7.382412 
2.061553 
2.061553 
8.732125 
8.732125 
3.535534 
3.535534 
1.000000 
1.000000 
8.732125 
8.732125 
1.000000 
1.000000 
3.201562 
3.201562 
8.732125 
8.732125 
1.000000 
1.000000 
3.000000 
3.000000 
8.732125 
8.732125 
1.414214 
1.414214 
17.564168 
17.564168 
8.732125 
8.732125 
34.514490 
34.514490 
1.581139 
1.581139 
8.732125 
8.732125 
2.549510 
2.549510 
2.549510 
2.549510 
8.732125 
8.732125 
34.503623 
34.503623 
1.581139 
1.581139 
8.732125 
8.732125 
36.283605 
36.283605 
2.692582 
2.692582 
6.020797 
6.020797 
0.500000 
0.500000 
6.946222 
6.946222 
1.581139 
1.581139 
31.000000 
31.000000 
1.118034 
1.118034 
5.099020 
5.099020 
2.061553 
2.061553 
2.828427 
2.828427 
2.500000 
2.500000 
3.162278 
3.162278 
1.118034 
1.118034 
4.743416 
4.743416 
35.500000 
35.500000 
2.915476 
2.915476 
2.549510 
2.549510 
30.413813 
30.413813 
43.072613 
43.072613 
1.581139 
1.581139 
7.648529 
7.648529 
1.802776 
1.802776 
5.220153 
5.220153 
1.000000 
1.000000 
6.184658 
6.184658 
2.236068 
2.236068 
22.522211 
22.522211 
29.210443 
29.210443 
2.915476 
2.915476 
1.500000 
1.500000 
2.500000 
2.500000 
7.516648 
7.516648 
29.605743 
29.605743 
