0.000000 
0.000000 
0.000000 
0.000000 
1.000000 
1.000000 
0.000000 
0.000000 
0.000000 
0.000000 
0.500000 
0.500000 
1.802776 
1.802776 
0.000000 
0.000000 
0.500000 
0.500000 
23.879908 
23.879908 
0.000000 
0.000000 
0.707107 
0.707107 
3.807887 
3.807887 
0.000000 
0.000000 
0.707107 
0.707107 
1.414214 
1.414214 
0.000000 
0.000000 
1.118034 
1.118034 
1.118034 
1.118034 
0.000000 
0.000000 
0.000000 
0.000000 
1.118034 
1.118034 
0.707107 
0.707107 
0.000000 
0.000000 
2.549510 
2.549510 
0.000000 
0.000000 
1.414214 
1.414214 
1.802776 
1.802776 
0.000000 
0.000000 
1.581139 
1.581139 
0.000000 
0.000000 
0.500000 
0.500000 
0.500000 
0.500000 
0.000000 
0.000000 
0.500000 
0.500000 
0.000000 
0.000000 
0.500000 
0.500000 
0.500000 
0.500000 
0.000000 
0.000000 
0.707107 
0.707107 
0.000000 
0.000000 
0.707107 
0.707107 
4.123106 
4.123106 
0.000000 
0.000000 
0.707107 
0.707107 
0.000000 
0.000000 
0.500000 
0.500000 
5.500000 
5.500000 
0.000000 
0.000000 
1.581139 
1.581139 
0.000000 
0.000000 
0.500000 
0.500000 
5.590170 
5.590170 
0.000000 
0.000000 
0.707107 
0.707107 
0.000000 
0.000000 
0.500000 
0.500000 
4.716991 
4.716991 
0.000000 
0.000000 
1.581139 
1.581139 
0.000000 
0.000000 
0.500000 
0.500000 
24.505102 
24.505102 
0.000000 
0.000000 
1.000000 
1.000000 
0.000000 
0.000000 
1.414214 
1.414214 
1.802776 
1.802776 
0.000000 
0.000000 
1.581139 
1.581139 
1.581139 
1.581139 
0.707107 
0.707107 
0.000000 
0.000000 
1.000000 
1.000000 
2.061553 
2.061553 
3.605551 
3.605551 
0.000000 
0.000000 
0.707107 
0.707107 
1.000000 
1.000000 
4.527693 
4.527693 
0.000000 
0.000000 
1.414214 
1.414214 
1.000000 
1.000000 
0.707107 
0.707107 
0.000000 
0.000000 
1.414214 
1.414214 
0.707107 
0.707107 
3.162278 
3.162278 
0.000000 
0.000000 
0.000000 
0.000000 
1.414214 
1.414214 
0.000000 
0.000000 
3.162278 
3.162278 
0.000000 
0.000000 
1.414214 
1.414214 
0.500000 
0.500000 
3.162278 
3.162278 
0.000000 
0.000000 
0.000000 
0.000000 
1.414214 
1.414214 
0.500000 
0.500000 
3.162278 
3.162278 
3.201562 
3.201562 
0.000000 
0.000000 
1.414214 
1.414214 
0.707107 
0.707107 
3.162278 
3.162278 
1.581139 
1.581139 
0.000000 
0.000000 
1.414214 
1.414214 
0.707107 
0.707107 
3.162278 
3.162278 
6.363961 
6.363961 
0.000000 
0.000000 
1.414214 
1.414214 
0.500000 
0.500000 
3.162278 
3.162278 
5.385165 
5.385165 
0.000000 
0.000000 
1.414214 
1.414214 
1.000000 
1.000000 
3.162278 
3.162278 
5.000000 
5.000000 
0.000000 
0.000000 
1.414214 
1.414214 
2.061553 
2.061553 
3.162278 
3.162278 
1.118034 
1.118034 
0.000000 
0.000000 
1.414214 
1.414214 
1.118034 
1.118034 
3.162278 
3.162278 
0.000000 
0.000000 
4.609772 
4.609772 
0.000000 
0.000000 
1.414214 
1.414214 
1.118034 
1.118034 
3.162278 
3.162278 
1.000000 
1.000000 
3.535534 
3.535534 
0.000000 
0.000000 
1.414214 
1.414214 
1.118034 
1.118034 
3.162278 
3.162278 
0.000000 
0.000000 
3.041381 
3.041381 
0.000000 
0.000000 
1.414214 
1.414214 
2.061553 
2.061553 
3.162278 
3.162278 
0.000000 
0.000000 
0.500000 
0.500000 
0.000000 
0.000000 
1.414214 
1.414214 
0.500000 
0.500000 
3.162278 
3.162278 
0.000000 
0.000000 
20.396078 
20.396078 
0.000000 
0.000000 
0.000000 
0.000000 
3.162278 
3.162278 
0.000000 
0.000000 
27.986604 
27.986604 
0.000000 
0.000000 
0.500000 
0.500000 
0.000000 
0.000000 
7.158911 
7.158911 
0.000000 
0.000000 
0.000000 
0.000000 
0.000000 
0.000000 
6.800735 
6.800735 
0.500000 
0.500000 
0.000000 
0.000000 
0.000000 
0.000000 
2.000000 
2.000000 
0.000000 
0.000000 
6.800735 
6.800735 
0.500000 
0.500000 
