0.000000 
0.000000 
2.692582 
2.692582 
2.692582 
2.692582 
2.692582 
2.692582 
0.000000 
0.000000 
0.000000 
0.000000 
0.000000 
0.000000 
2.692582 
2.692582 
0.000000 
0.000000 
5.500000 
5.500000 
0.000000 
0.000000 
19.000000 
19.000000 
23.600847 
23.600847 
0.000000 
0.000000 
1.000000 
1.000000 
5.500000 
5.500000 
0.000000 
0.000000 
3.201562 
3.201562 
9.178780 
9.178780 
0.000000 
0.000000 
0.000000 
0.000000 
1.000000 
1.000000 
5.500000 
5.500000 
2.061553 
2.061553 
6.020797 
6.020797 
9.178780 
9.178780 
2.121320 
2.121320 
0.000000 
0.000000 
1.000000 
1.000000 
5.500000 
5.500000 
0.500000 
0.500000 
2.236068 
2.236068 
9.178780 
9.178780 
2.121320 
2.121320 
0.000000 
0.000000 
1.000000 
1.000000 
5.500000 
5.500000 
0.500000 
0.500000 
2.236068 
2.236068 
9.178780 
9.178780 
2.121320 
2.121320 
0.000000 
0.000000 
1.000000 
1.000000 
5.500000 
5.500000 
0.500000 
0.500000 
2.236068 
2.236068 
9.178780 
9.178780 
2.121320 
2.121320 
0.000000 
0.000000 
1.000000 
1.000000 
5.500000 
5.500000 
0.500000 
0.500000 
2.236068 
2.236068 
9.178780 
9.178780 
2.121320 
2.121320 
0.000000 
0.000000 
1.000000 
1.000000 
5.500000 
5.500000 
0.500000 
0.500000 
2.236068 
2.236068 
9.178780 
9.178780 
2.121320 
2.121320 
0.000000 
0.000000 
1.000000 
1.000000 
5.500000 
5.500000 
0.500000 
0.500000 
2.236068 
2.236068 
9.178780 
9.178780 
2.121320 
2.121320 
0.000000 
0.000000 
1.000000 
1.000000 
5.500000 
5.500000 
0.500000 
0.500000 
2.236068 
2.236068 
9.178780 
9.178780 
2.121320 
2.121320 
0.000000 
0.000000 
1.000000 
1.000000 
5.500000 
5.500000 
0.500000 
0.500000 
2.236068 
2.236068 
9.178780 
9.178780 
2.121320 
2.121320 
0.000000 
0.000000 
1.000000 
1.000000 
5.500000 
5.500000 
0.500000 
0.500000 
2.236068 
2.236068 
9.178780 
9.178780 
2.121320 
2.121320 
0.000000 
0.000000 
1.000000 
1.000000 
5.500000 
5.500000 
0.500000 
0.500000 
2.236068 
2.236068 
9.178780 
9.178780 
2.121320 
2.121320 
0.000000 
0.000000 
1.000000 
1.000000 
5.500000 
5.500000 
0.500000 
0.500000 
2.236068 
2.236068 
9.178780 
9.178780 
2.121320 
2.121320 
0.000000 
0.000000 
1.000000 
1.000000 
5.500000 
5.500000 
0.500000 
0.500000 
2.236068 
2.236068 
9.178780 
9.178780 
2.121320 
2.121320 
0.000000 
0.000000 
1.000000 
1.000000 
0.500000 
0.500000 
2.236068 
2.236068 
9.178780 
9.178780 
2.121320 
2.121320 
0.500000 
0.500000 
2.236068 
2.236068 
2.121320 
2.121320 
0.500000 
0.500000 
2.236068 
2.236068 
0.000000 
0.000000 
0.000000 
0.000000 
0.000000 
0.000000 
2.061553 
2.061553 
0.000000 
0.000000 
2.061553 
2.061553 
0.000000 
0.000000 
2.061553 
2.061553 
0.000000 
0.000000 
2.061553 
2.061553 
0.000000 
0.000000 
0.000000 
0.000000 
2.061553 
2.061553 
0.000000 
0.000000 
13.285330 
13.285330 
2.061553 
2.061553 
0.000000 
0.000000 
13.285330 
13.285330 
2.061553 
2.061553 
0.000000 
0.000000 
13.285330 
13.285330 
2.061553 
2.061553 
0.000000 
0.000000 
13.285330 
13.285330 
2.061553 
2.061553 
0.000000 
0.000000 
0.000000 
0.000000 
0.000000 
0.000000 
13.285330 
13.285330 
2.061553 
2.061553 
0.000000 
0.000000 
20.099751 
20.099751 
0.000000 
0.000000 
13.285330 
13.285330 
2.061553 
2.061553 
0.000000 
0.000000 
2.061553 
2.061553 
1.000000 
1.000000 
13.285330 
13.285330 
2.061553 
2.061553 
0.000000 
0.000000 
0.000000 
0.000000 
2.061553 
2.061553 
1.000000 
1.000000 
13.285330 
13.285330 
2.061553 
2.061553 
0.000000 
0.000000 
2.061553 
2.061553 
2.061553 
2.061553 
1.000000 
1.000000 
13.285330 
13.285330 
2.061553 
2.061553 
0.000000 
0.000000 
0.000000 
0.000000 
3.354102 
3.354102 
2.061553 
2.061553 
1.000000 
1.000000 
13.285330 
13.285330 
2.061553 
2.061553 
0.000000 
0.000000 
1.581139 
1.581139 
3.041381 
3.041381 
2.061553 
2.061553 
1.000000 
1.000000 
13.285330 
13.285330 
0.000000 
0.000000 
21.005952 
21.005952 
3.041381 
3.041381 
2.061553 
2.061553 
1.000000 
1.000000 
13.285330 
13.285330 
0.000000 
0.000000 
3.807887 
3.807887 
3.041381 
3.041381 
2.061553 
2.061553 
1.000000 
1.000000 
13.285330 
13.285330 
0.000000 
0.000000 
3.807887 
3.807887 
3.041381 
3.041381 
2.061553 
2.061553 
1.000000 
1.000000 
13.285330 
13.285330 
0.000000 
0.000000 
3.807887 
3.807887 
3.041381 
3.041381 
2.061553 
2.061553 
1.000000 
1.000000 
13.285330 
13.285330 
0.000000 
0.000000 
3.807887 
3.807887 
3.041381 
3.041381 
2.061553 
2.061553 
1.000000 
1.000000 
