0.000000 
0.000000 
0.000000 
0.000000 
28.044607 
28.044607 
0.000000 
0.000000 
1.802776 
1.802776 
0.000000 
0.000000 
1.802776 
1.802776 
23.430749 
23.430749 
29.904013 
29.904013 
23.430749 
23.430749 
4.031129 
4.031129 
23.430749 
23.430749 
18.006943 
18.006943 
23.430749 
23.430749 
2.000000 
2.000000 
23.430749 
23.430749 
4.123106 
4.123106 
23.430749 
23.430749 
1.118034 
1.118034 
23.430749 
23.430749 
0.000000 
0.000000 
23.430749 
23.430749 
13.038405 
13.038405 
23.430749 
23.430749 
11.101802 
11.101802 
23.430749 
23.430749 
0.500000 
0.500000 
23.430749 
23.430749 
1.581139 
1.581139 
23.430749 
23.430749 
1.118034 
1.118034 
23.430749 
23.430749 
0.707107 
0.707107 
23.430749 
23.430749 
15.652476 
15.652476 
23.430749 
23.430749 
1.000000 
1.000000 
1.414214 
1.414214 
23.021729 
23.021729 
6.000000 
6.000000 
0.000000 
0.000000 
5.590170 
5.590170 
0.707107 
0.707107 
1.118034 
1.118034 
2.500000 
2.500000 
2.500000 
2.500000 
3.500000 
3.500000 
6.670832 
6.670832 
14.534442 
14.534442 
6.082763 
6.082763 
1.414214 
1.414214 
0.707107 
0.707107 
3.500000 
3.500000 
7.071068 
7.071068 
3.500000 
3.500000 
7.905694 
7.905694 
3.500000 
3.500000 
3.535534 
3.535534 
3.500000 
3.500000 
5.700877 
5.700877 
3.500000 
3.500000 
42.190046 
42.190046 
3.500000 
3.500000 
4.472136 
4.472136 
3.500000 
3.500000 
3.201562 
3.201562 
0.000000 
0.000000 
3.500000 
3.500000 
48.210476 
48.210476 
0.000000 
0.000000 
3.500000 
3.500000 
6.041523 
6.041523 
0.000000 
0.000000 
3.500000 
3.500000 
1.500000 
1.500000 
0.000000 
0.000000 
3.500000 
3.500000 
2.000000 
2.000000 
0.000000 
0.000000 
3.500000 
3.500000 
7.826238 
7.826238 
