0.000000 
0.000000 
2.236068 
2.236068 
3.201562 
3.201562 
3.201562 
3.201562 
3.201562 
3.201562 
45.568630 
45.568630 
4.301163 
4.301163 
5.522681 
5.522681 
5.522681 
5.522681 
0.000000 
0.000000 
5.522681 
5.522681 
1.500000 
1.500000 
5.522681 
5.522681 
2.692582 
2.692582 
5.522681 
5.522681 
2.692582 
2.692582 
5.522681 
5.522681 
2.692582 
2.692582 
5.522681 
5.522681 
2.692582 
2.692582 
5.522681 
5.522681 
3.605551 
3.605551 
5.522681 
5.522681 
0.707107 
0.707107 
5.522681 
5.522681 
0.707107 
0.707107 
5.522681 
5.522681 
0.707107 
0.707107 
5.522681 
5.522681 
0.000000 
0.000000 
0.707107 
0.707107 
5.522681 
5.522681 
1.000000 
1.000000 
0.707107 
0.707107 
5.522681 
5.522681 
1.802776 
1.802776 
0.707107 
0.707107 
5.522681 
5.522681 
0.000000 
0.000000 
0.000000 
0.000000 
2.500000 
2.500000 
0.707107 
0.707107 
2.692582 
2.692582 
3.640055 
3.640055 
2.236068 
2.236068 
0.707107 
0.707107 
0.707107 
0.707107 
23.505319 
23.505319 
0.707107 
0.707107 
0.707107 
0.707107 
0.707107 
0.707107 
3.201562 
3.201562 
0.500000 
0.500000 
0.707107 
0.707107 
0.500000 
0.500000 
3.201562 
3.201562 
0.500000 
0.500000 
0.707107 
0.707107 
1.000000 
1.000000 
20.524376 
20.524376 
0.707107 
0.707107 
0.707107 
0.707107 
1.581139 
1.581139 
2.915476 
2.915476 
0.500000 
0.500000 
0.707107 
0.707107 
0.500000 
0.500000 
3.905125 
3.905125 
0.707107 
0.707107 
0.707107 
0.707107 
0.000000 
0.000000 
1.000000 
1.000000 
4.500000 
4.500000 
0.707107 
0.707107 
0.707107 
0.707107 
0.000000 
0.000000 
1.581139 
1.581139 
1.000000 
1.000000 
3.000000 
3.000000 
0.500000 
0.500000 
0.000000 
0.000000 
2.061553 
2.061553 
1.000000 
1.000000 
2.692582 
2.692582 
9.486833 
9.486833 
0.000000 
0.000000 
1.000000 
1.000000 
1.000000 
1.000000 
3.640055 
3.640055 
0.000000 
0.000000 
0.000000 
0.000000 
1.000000 
1.000000 
1.000000 
1.000000 
4.272002 
4.272002 
1.000000 
1.000000 
0.000000 
0.000000 
2.061553 
2.061553 
1.000000 
1.000000 
2.121320 
2.121320 
1.000000 
1.000000 
0.000000 
0.000000 
2.061553 
2.061553 
1.000000 
1.000000 
3.354102 
3.354102 
1.000000 
1.000000 
0.000000 
0.000000 
2.061553 
2.061553 
1.000000 
1.000000 
4.716991 
4.716991 
1.000000 
1.000000 
0.000000 
0.000000 
2.061553 
2.061553 
1.000000 
1.000000 
3.041381 
3.041381 
1.000000 
1.000000 
