0.000000 
0.000000 
0.000000 
0.000000 
0.000000 
0.000000 
0.707107 
0.707107 
1.414214 
1.414214 
1.802776 
1.802776 
0.000000 
0.000000 
3.905125 
3.905125 
4.527693 
4.527693 
0.707107 
0.707107 
1.414214 
1.414214 
0.500000 
0.500000 
3.162278 
3.162278 
2.061553 
2.061553 
1.414214 
1.414214 
0.500000 
0.500000 
3.535534 
3.535534 
2.549510 
2.549510 
0.000000 
0.000000 
1.414214 
1.414214 
0.000000 
0.000000 
2.549510 
2.549510 
2.000000 
2.000000 
0.000000 
0.000000 
0.000000 
0.000000 
1.414214 
1.414214 
3.640055 
3.640055 
2.549510 
2.549510 
3.905125 
3.905125 
0.000000 
0.000000 
0.000000 
0.000000 
1.414214 
1.414214 
1.500000 
1.500000 
2.549510 
2.549510 
3.905125 
3.905125 
0.000000 
0.000000 
0.000000 
0.000000 
1.414214 
1.414214 
1.118034 
1.118034 
2.549510 
2.549510 
3.905125 
3.905125 
0.000000 
0.000000 
0.000000 
0.000000 
0.000000 
0.000000 
1.414214 
1.414214 
1.118034 
1.118034 
2.549510 
2.549510 
3.905125 
3.905125 
0.000000 
0.000000 
0.000000 
0.000000 
0.000000 
0.000000 
1.414214 
1.414214 
4.031129 
4.031129 
2.549510 
2.549510 
3.905125 
3.905125 
0.000000 
0.000000 
0.000000 
0.000000 
0.000000 
0.000000 
1.414214 
1.414214 
1.000000 
1.000000 
2.549510 
2.549510 
3.905125 
3.905125 
0.000000 
0.000000 
0.000000 
0.000000 
0.000000 
0.000000 
1.414214 
1.414214 
1.500000 
1.500000 
2.549510 
2.549510 
3.905125 
3.905125 
0.000000 
0.000000 
0.000000 
0.000000 
0.000000 
0.000000 
1.414214 
1.414214 
1.500000 
1.500000 
2.549510 
2.549510 
3.905125 
3.905125 
0.000000 
0.000000 
0.000000 
0.000000 
0.000000 
0.000000 
1.414214 
1.414214 
1.500000 
1.500000 
2.549510 
2.549510 
3.905125 
3.905125 
0.000000 
0.000000 
0.000000 
0.000000 
0.000000 
0.000000 
1.414214 
1.414214 
1.500000 
1.500000 
2.549510 
2.549510 
3.905125 
3.905125 
0.000000 
0.000000 
0.000000 
0.000000 
0.000000 
0.000000 
1.414214 
1.414214 
1.500000 
1.500000 
2.549510 
2.549510 
3.905125 
3.905125 
0.000000 
0.000000 
0.000000 
0.000000 
0.000000 
0.000000 
0.000000 
0.000000 
1.414214 
1.414214 
1.500000 
1.500000 
2.549510 
2.549510 
3.905125 
3.905125 
0.000000 
0.000000 
1.118034 
1.118034 
0.000000 
0.000000 
0.000000 
0.000000 
0.000000 
0.000000 
1.500000 
1.500000 
2.549510 
2.549510 
3.905125 
3.905125 
3.354102 
3.354102 
1.500000 
1.500000 
0.000000 
0.000000 
0.000000 
0.000000 
0.000000 
0.000000 
1.500000 
1.500000 
2.549510 
2.549510 
3.905125 
3.905125 
4.609772 
4.609772 
1.118034 
1.118034 
0.000000 
0.000000 
0.000000 
0.000000 
1.500000 
1.500000 
3.905125 
3.905125 
0.000000 
0.000000 
0.000000 
0.000000 
4.609772 
4.609772 
0.500000 
0.500000 
0.000000 
0.000000 
1.500000 
1.500000 
2.000000 
2.000000 
2.500000 
2.500000 
4.609772 
4.609772 
0.707107 
0.707107 
0.000000 
0.000000 
1.500000 
1.500000 
0.000000 
0.000000 
2.000000 
2.000000 
2.500000 
2.500000 
4.609772 
4.609772 
1.118034 
1.118034 
0.000000 
0.000000 
1.500000 
1.500000 
0.000000 
0.000000 
2.000000 
2.000000 
2.500000 
2.500000 
4.609772 
4.609772 
1.118034 
1.118034 
1.500000 
1.500000 
0.000000 
0.000000 
2.000000 
2.000000 
2.500000 
2.500000 
4.609772 
4.609772 
0.500000 
0.500000 
1.500000 
1.500000 
0.000000 
0.000000 
2.000000 
2.000000 
2.500000 
2.500000 
4.609772 
4.609772 
1.118034 
1.118034 
1.500000 
1.500000 
0.000000 
0.000000 
2.000000 
2.000000 
2.500000 
2.500000 
4.609772 
4.609772 
4.301163 
4.301163 
0.000000 
0.000000 
2.000000 
2.000000 
2.500000 
2.500000 
4.609772 
4.609772 
0.500000 
0.500000 
0.000000 
0.000000 
2.000000 
2.000000 
2.500000 
2.500000 
4.609772 
4.609772 
0.500000 
0.500000 
0.000000 
0.000000 
2.000000 
2.000000 
2.500000 
2.500000 
4.609772 
4.609772 
0.500000 
0.500000 
0.000000 
0.000000 
2.000000 
2.000000 
2.500000 
2.500000 
4.609772 
4.609772 
3.201562 
3.201562 
0.000000 
0.000000 
2.000000 
2.000000 
2.500000 
2.500000 
4.609772 
4.609772 
1.118034 
1.118034 
0.000000 
0.000000 
0.000000 
0.000000 
2.000000 
2.000000 
2.500000 
2.500000 
4.609772 
4.609772 
3.041381 
3.041381 
2.061553 
2.061553 
0.000000 
0.000000 
2.000000 
2.000000 
2.500000 
2.500000 
4.609772 
4.609772 
0.707107 
0.707107 
2.500000 
2.500000 
0.000000 
0.000000 
2.000000 
2.000000 
2.500000 
2.500000 
1.000000 
1.000000 
2.500000 
2.500000 
0.000000 
0.000000 
2.000000 
2.000000 
2.500000 
2.500000 
1.118034 
1.118034 
2.500000 
2.500000 
0.000000 
0.000000 
0.707107 
0.707107 
2.500000 
2.500000 
1.000000 
1.000000 
