0.000000 
0.000000 
0.000000 
0.000000 
0.000000 
0.000000 
0.000000 
0.000000 
0.000000 
0.000000 
0.000000 
0.000000 
0.000000 
0.000000 
0.000000 
0.000000 
0.500000 
0.500000 
1.118034 
1.118034 
1.000000 
1.000000 
1.500000 
1.500000 
1.000000 
1.000000 
1.118034 
1.118034 
2.061553 
2.061553 
0.707107 
0.707107 
1.118034 
1.118034 
0.500000 
0.500000 
1.000000 
1.000000 
1.500000 
1.500000 
1.581139 
1.581139 
2.000000 
2.000000 
1.500000 
1.500000 
0.000000 
0.000000 
1.118034 
1.118034 
1.802776 
1.802776 
1.000000 
1.000000 
6.519202 
6.519202 
2.500000 
2.500000 
1.000000 
1.000000 
4.527693 
4.527693 
1.000000 
1.000000 
1.118034 
1.118034 
1.802776 
1.802776 
1.000000 
1.000000 
1.802776 
1.802776 
2.549510 
2.549510 
1.000000 
1.000000 
1.581139 
1.581139 
0.000000 
0.000000 
0.000000 
0.000000 
1.118034 
1.118034 
1.118034 
1.118034 
1.802776 
1.802776 
1.000000 
1.000000 
2.236068 
2.236068 
1.500000 
1.500000 
1.000000 
1.000000 
1.581139 
1.581139 
0.000000 
0.000000 
0.000000 
0.000000 
0.707107 
0.707107 
2.061553 
2.061553 
1.118034 
1.118034 
1.118034 
1.118034 
1.802776 
1.802776 
1.000000 
1.000000 
2.121320 
2.121320 
4.609772 
4.609772 
1.000000 
1.000000 
1.581139 
1.581139 
0.000000 
0.000000 
1.000000 
1.000000 
0.707107 
0.707107 
1.581139 
1.581139 
1.118034 
1.118034 
1.118034 
1.118034 
1.802776 
1.802776 
1.000000 
1.000000 
4.716991 
4.716991 
0.707107 
0.707107 
1.118034 
1.118034 
0.500000 
0.500000 
0.000000 
0.000000 
0.000000 
0.000000 
0.500000 
0.500000 
1.118034 
1.118034 
0.000000 
0.000000 
1.581139 
1.581139 
1.118034 
1.118034 
1.118034 
1.118034 
1.802776 
1.802776 
1.000000 
1.000000 
2.236068 
2.236068 
2.061553 
2.061553 
1.000000 
1.000000 
2.121320 
2.121320 
0.500000 
0.500000 
2.549510 
2.549510 
1.581139 
1.581139 
1.118034 
1.118034 
0.500000 
0.500000 
1.581139 
1.581139 
1.118034 
1.118034 
1.118034 
1.118034 
1.802776 
1.802776 
1.000000 
1.000000 
6.964194 
6.964194 
2.000000 
2.000000 
1.118034 
1.118034 
1.802776 
1.802776 
1.000000 
1.000000 
2.549510 
2.549510 
0.500000 
0.500000 
1.000000 
1.000000 
1.118034 
1.118034 
1.581139 
1.581139 
1.118034 
1.118034 
1.118034 
1.118034 
1.802776 
1.802776 
1.000000 
1.000000 
1.802776 
1.802776 
1.581139 
1.581139 
2.000000 
2.000000 
1.802776 
1.802776 
0.000000 
0.000000 
0.707107 
0.707107 
2.549510 
2.549510 
1.118034 
1.118034 
1.000000 
1.000000 
0.000000 
0.000000 
1.581139 
1.581139 
1.118034 
1.118034 
1.118034 
1.118034 
1.802776 
1.802776 
1.000000 
1.000000 
2.549510 
2.549510 
1.500000 
1.500000 
1.118034 
1.118034 
3.807887 
3.807887 
0.000000 
0.000000 
0.707107 
0.707107 
1.000000 
1.000000 
4.272002 
4.272002 
1.118034 
1.118034 
1.000000 
1.000000 
0.000000 
0.000000 
1.581139 
1.581139 
1.118034 
1.118034 
1.118034 
1.118034 
1.802776 
1.802776 
1.000000 
1.000000 
2.915476 
2.915476 
0.707107 
0.707107 
0.500000 
0.500000 
1.118034 
1.118034 
1.581139 
1.581139 
1.000000 
1.000000 
0.500000 
0.500000 
4.272002 
4.272002 
1.118034 
1.118034 
1.000000 
1.000000 
0.000000 
0.000000 
1.581139 
1.581139 
1.118034 
1.118034 
1.118034 
1.118034 
1.802776 
1.802776 
1.000000 
1.000000 
2.500000 
2.500000 
0.707107 
0.707107 
1.000000 
1.000000 
5.220153 
5.220153 
0.000000 
0.000000 
1.118034 
1.118034 
1.500000 
1.500000 
0.500000 
0.500000 
4.272002 
4.272002 
1.118034 
1.118034 
1.000000 
1.000000 
0.000000 
0.000000 
1.581139 
1.581139 
1.118034 
1.118034 
1.118034 
1.118034 
1.802776 
1.802776 
1.000000 
1.000000 
5.700877 
5.700877 
1.000000 
1.000000 
0.500000 
0.500000 
1.414214 
1.414214 
0.000000 
0.000000 
0.000000 
0.000000 
0.707107 
0.707107 
0.500000 
0.500000 
4.272002 
4.272002 
1.118034 
1.118034 
1.000000 
1.000000 
0.000000 
0.000000 
1.581139 
1.581139 
1.118034 
1.118034 
1.118034 
1.118034 
1.802776 
1.802776 
1.000000 
1.000000 
3.605551 
3.605551 
0.500000 
0.500000 
0.500000 
0.500000 
2.121320 
2.121320 
0.500000 
0.500000 
0.707107 
0.707107 
1.000000 
1.000000 
0.500000 
0.500000 
4.272002 
4.272002 
1.118034 
1.118034 
1.000000 
1.000000 
0.000000 
0.000000 
1.581139 
1.581139 
1.118034 
1.118034 
1.118034 
1.118034 
1.802776 
1.802776 
2.692582 
2.692582 
0.500000 
0.500000 
1.000000 
1.000000 
2.500000 
2.500000 
0.000000 
0.000000 
1.000000 
1.000000 
0.500000 
0.500000 
2.061553 
2.061553 
0.707107 
0.707107 
4.272002 
4.272002 
1.118034 
1.118034 
1.000000 
1.000000 
0.000000 
0.000000 
1.581139 
1.581139 
1.118034 
1.118034 
1.802776 
1.802776 
1.581139 
1.581139 
0.707107 
0.707107 
0.000000 
0.000000 
2.121320 
2.121320 
0.000000 
0.000000 
0.000000 
0.000000 
0.500000 
0.500000 
1.118034 
1.118034 
0.500000 
0.500000 
0.500000 
0.500000 
4.272002 
4.272002 
1.118034 
1.118034 
1.000000 
1.000000 
0.000000 
0.000000 
1.581139 
1.581139 
1.118034 
1.118034 
8.558621 
8.558621 
1.000000 
1.000000 
2.061553 
2.061553 
3.605551 
3.605551 
0.500000 
0.500000 
0.000000 
0.000000 
1.500000 
1.500000 
0.500000 
0.500000 
0.500000 
0.500000 
1.802776 
1.802776 
4.272002 
4.272002 
1.118034 
1.118034 
1.000000 
1.000000 
0.000000 
0.000000 
1.581139 
1.581139 
1.118034 
1.118034 
2.692582 
2.692582 
1.581139 
1.581139 
0.707107 
0.707107 
1.118034 
1.118034 
0.500000 
0.500000 
6.519202 
6.519202 
1.118034 
1.118034 
2.692582 
2.692582 
3.000000 
3.000000 
1.118034 
1.118034 
4.272002 
4.272002 
1.118034 
1.118034 
1.000000 
1.000000 
0.000000 
0.000000 
1.581139 
1.581139 
2.500000 
2.500000 
2.000000 
2.000000 
1.118034 
1.118034 
3.640055 
3.640055 
0.500000 
0.500000 
0.500000 
0.500000 
1.414214 
1.414214 
0.500000 
0.500000 
2.500000 
2.500000 
1.581139 
1.581139 
4.272002 
4.272002 
1.118034 
1.118034 
1.000000 
1.000000 
0.000000 
0.000000 
1.581139 
1.581139 
2.828427 
2.828427 
2.692582 
2.692582 
1.118034 
1.118034 
1.118034 
1.118034 
0.000000 
0.000000 
0.500000 
0.500000 
1.118034 
1.118034 
1.414214 
1.414214 
0.500000 
0.500000 
1.118034 
1.118034 
1.581139 
1.581139 
4.272002 
4.272002 
1.118034 
1.118034 
1.000000 
1.000000 
0.000000 
0.000000 
7.648529 
7.648529 
2.236068 
2.236068 
1.118034 
1.118034 
0.707107 
0.707107 
1.802776 
1.802776 
6.000000 
6.000000 
1.118034 
1.118034 
1.414214 
1.414214 
2.061553 
2.061553 
1.802776 
1.802776 
1.118034 
1.118034 
4.272002 
4.272002 
1.118034 
1.118034 
1.000000 
1.000000 
0.000000 
0.000000 
6.041523 
6.041523 
5.590170 
5.590170 
1.118034 
1.118034 
1.500000 
1.500000 
2.236068 
2.236068 
6.000000 
6.000000 
1.118034 
1.118034 
1.414214 
1.414214 
1.000000 
1.000000 
1.118034 
1.118034 
1.118034 
1.118034 
4.272002 
4.272002 
1.118034 
1.118034 
1.000000 
1.000000 
0.000000 
0.000000 
2.915476 
2.915476 
3.162278 
3.162278 
1.118034 
1.118034 
1.118034 
1.118034 
2.236068 
2.236068 
6.000000 
6.000000 
1.118034 
1.118034 
1.414214 
1.414214 
1.414214 
1.414214 
1.118034 
1.118034 
1.118034 
1.118034 
4.272002 
4.272002 
1.118034 
1.118034 
0.000000 
0.000000 
1.414214 
1.414214 
3.640055 
3.640055 
1.118034 
1.118034 
3.041381 
3.041381 
0.000000 
0.000000 
0.000000 
0.000000 
2.236068 
2.236068 
6.000000 
6.000000 
1.118034 
1.118034 
1.414214 
1.414214 
1.000000 
1.000000 
1.118034 
1.118034 
1.118034 
1.118034 
4.272002 
4.272002 
1.500000 
1.500000 
3.640055 
3.640055 
1.118034 
1.118034 
1.414214 
1.414214 
0.000000 
0.000000 
0.000000 
0.000000 
3.354102 
3.354102 
2.236068 
2.236068 
6.000000 
6.000000 
1.118034 
1.118034 
1.414214 
1.414214 
0.500000 
0.500000 
1.118034 
1.118034 
1.118034 
1.118034 
1.500000 
1.500000 
3.640055 
3.640055 
1.118034 
1.118034 
2.121320 
2.121320 
0.000000 
0.000000 
0.000000 
0.000000 
0.000000 
0.000000 
0.000000 
0.000000 
0.000000 
0.000000 
0.000000 
0.000000 
0.000000 
0.000000 
0.000000 
0.000000 
3.354102 
3.354102 
2.236068 
2.236068 
6.000000 
6.000000 
1.118034 
1.118034 
1.414214 
1.414214 
0.500000 
0.500000 
1.118034 
1.118034 
1.118034 
1.118034 
1.802776 
1.802776 
3.640055 
3.640055 
1.118034 
1.118034 
2.121320 
2.121320 
0.000000 
0.000000 
3.535534 
3.535534 
1.118034 
1.118034 
1.581139 
1.581139 
1.581139 
1.581139 
1.118034 
1.118034 
0.000000 
0.000000 
0.000000 
0.000000 
3.354102 
3.354102 
2.236068 
2.236068 
6.000000 
6.000000 
1.118034 
1.118034 
1.414214 
1.414214 
0.500000 
0.500000 
1.118034 
1.118034 
1.118034 
1.118034 
1.000000 
1.000000 
3.640055 
3.640055 
1.118034 
1.118034 
2.121320 
2.121320 
0.000000 
0.000000 
3.162278 
3.162278 
1.118034 
1.118034 
1.581139 
1.581139 
4.527693 
4.527693 
0.707107 
0.707107 
0.000000 
0.000000 
0.000000 
0.000000 
3.354102 
3.354102 
2.236068 
2.236068 
6.000000 
6.000000 
1.118034 
1.118034 
1.414214 
1.414214 
0.500000 
0.500000 
1.118034 
1.118034 
1.118034 
1.118034 
0.707107 
0.707107 
3.640055 
3.640055 
1.118034 
1.118034 
2.121320 
2.121320 
0.000000 
0.000000 
0.000000 
0.000000 
0.000000 
0.000000 
3.162278 
3.162278 
1.118034 
1.118034 
1.581139 
1.581139 
4.527693 
4.527693 
4.609772 
4.609772 
0.000000 
0.000000 
0.000000 
0.000000 
3.354102 
3.354102 
2.236068 
2.236068 
6.000000 
6.000000 
1.118034 
1.118034 
1.414214 
1.414214 
0.500000 
0.500000 
1.118034 
1.118034 
1.118034 
1.118034 
5.590170 
5.590170 
6.041523 
6.041523 
1.118034 
1.118034 
2.121320 
2.121320 
0.000000 
0.000000 
0.000000 
0.000000 
1.802776 
1.802776 
3.162278 
3.162278 
0.000000 
0.000000 
3.162278 
3.162278 
1.118034 
1.118034 
1.581139 
1.581139 
4.527693 
4.527693 
1.802776 
1.802776 
0.000000 
0.000000 
0.000000 
0.000000 
6.726812 
6.726812 
2.236068 
2.236068 
6.000000 
6.000000 
1.118034 
1.118034 
1.414214 
1.414214 
0.500000 
0.500000 
1.118034 
1.118034 
1.118034 
1.118034 
5.590170 
5.590170 
6.041523 
6.041523 
1.118034 
1.118034 
2.121320 
2.121320 
0.000000 
0.000000 
0.000000 
0.000000 
0.000000 
0.000000 
1.118034 
1.118034 
4.272002 
4.272002 
3.162278 
3.162278 
0.000000 
0.000000 
3.162278 
3.162278 
1.118034 
1.118034 
1.581139 
1.581139 
4.527693 
4.527693 
0.707107 
0.707107 
0.000000 
0.000000 
0.000000 
0.000000 
3.640055 
3.640055 
2.236068 
2.236068 
6.000000 
6.000000 
1.118034 
1.118034 
1.414214 
1.414214 
0.500000 
0.500000 
1.118034 
1.118034 
1.118034 
1.118034 
5.590170 
5.590170 
6.041523 
6.041523 
1.118034 
1.118034 
2.121320 
2.121320 
0.000000 
0.000000 
0.000000 
0.000000 
0.000000 
0.000000 
0.000000 
0.000000 
0.000000 
0.000000 
2.236068 
2.236068 
0.000000 
0.000000 
1.118034 
1.118034 
4.272002 
4.272002 
3.162278 
3.162278 
0.000000 
0.000000 
3.162278 
3.162278 
1.118034 
1.118034 
1.581139 
1.581139 
4.527693 
4.527693 
0.707107 
0.707107 
0.000000 
0.000000 
0.000000 
0.000000 
3.807887 
3.807887 
2.236068 
2.236068 
6.000000 
6.000000 
1.118034 
1.118034 
1.414214 
1.414214 
0.500000 
0.500000 
1.118034 
1.118034 
1.118034 
1.118034 
5.590170 
5.590170 
6.041523 
6.041523 
1.118034 
1.118034 
2.121320 
2.121320 
0.000000 
0.000000 
0.000000 
0.000000 
0.000000 
0.000000 
0.000000 
0.000000 
1.581139 
1.581139 
2.236068 
2.236068 
2.692582 
2.692582 
0.000000 
0.000000 
3.041381 
3.041381 
0.000000 
0.000000 
1.118034 
1.118034 
4.272002 
4.272002 
3.162278 
3.162278 
0.000000 
0.000000 
3.162278 
3.162278 
1.118034 
1.118034 
1.581139 
1.581139 
4.527693 
4.527693 
0.707107 
0.707107 
0.000000 
0.000000 
0.000000 
0.000000 
7.017834 
7.017834 
2.236068 
2.236068 
6.000000 
6.000000 
1.118034 
1.118034 
1.414214 
1.414214 
0.500000 
0.500000 
1.118034 
1.118034 
1.118034 
1.118034 
5.590170 
5.590170 
6.041523 
6.041523 
1.118034 
1.118034 
2.121320 
2.121320 
0.000000 
0.000000 
0.000000 
0.000000 
0.000000 
0.000000 
3.640055 
3.640055 
0.000000 
0.000000 
1.581139 
1.581139 
1.581139 
1.581139 
1.118034 
1.118034 
0.000000 
0.000000 
3.041381 
3.041381 
0.000000 
0.000000 
1.118034 
1.118034 
4.272002 
4.272002 
3.162278 
3.162278 
0.000000 
0.000000 
2.549510 
2.549510 
1.118034 
1.118034 
1.581139 
1.581139 
4.527693 
4.527693 
0.707107 
0.707107 
0.000000 
0.000000 
0.000000 
0.000000 
7.017834 
7.017834 
2.236068 
2.236068 
6.000000 
6.000000 
1.118034 
1.118034 
0.500000 
0.500000 
1.118034 
1.118034 
1.118034 
1.118034 
5.590170 
5.590170 
6.041523 
6.041523 
2.121320 
2.121320 
0.000000 
0.000000 
0.000000 
0.000000 
0.000000 
0.000000 
0.000000 
0.000000 
1.118034 
1.118034 
0.000000 
0.000000 
10.920165 
10.920165 
1.118034 
1.118034 
0.000000 
0.000000 
1.581139 
1.581139 
1.581139 
1.581139 
3.640055 
3.640055 
0.000000 
0.000000 
3.041381 
3.041381 
0.000000 
0.000000 
1.118034 
1.118034 
4.272002 
4.272002 
4.031129 
4.031129 
0.000000 
0.000000 
2.549510 
2.549510 
1.118034 
1.118034 
1.581139 
1.581139 
4.527693 
4.527693 
0.707107 
0.707107 
0.000000 
0.000000 
0.000000 
0.000000 
7.017834 
7.017834 
2.236068 
2.236068 
6.000000 
6.000000 
0.500000 
0.500000 
1.118034 
1.118034 
1.118034 
1.118034 
5.590170 
5.590170 
6.041523 
6.041523 
2.121320 
2.121320 
0.000000 
0.000000 
3.041381 
3.041381 
1.581139 
1.581139 
2.121320 
2.121320 
0.000000 
0.000000 
0.500000 
0.500000 
0.000000 
0.000000 
2.915476 
2.915476 
1.581139 
1.581139 
0.000000 
0.000000 
1.581139 
1.581139 
1.581139 
1.581139 
2.121320 
2.121320 
0.000000 
0.000000 
3.041381 
3.041381 
0.000000 
0.000000 
1.118034 
1.118034 
4.272002 
4.272002 
0.500000 
0.500000 
0.000000 
0.000000 
2.549510 
2.549510 
1.118034 
1.118034 
1.581139 
1.581139 
4.527693 
4.527693 
0.707107 
0.707107 
0.000000 
0.000000 
0.000000 
0.000000 
7.017834 
7.017834 
2.236068 
2.236068 
0.500000 
0.500000 
1.118034 
1.118034 
5.590170 
5.590170 
6.041523 
6.041523 
2.121320 
2.121320 
