0.000000 
0.000000 
0.000000 
0.000000 
0.000000 
0.000000 
0.000000 
0.000000 
0.000000 
0.000000 
0.707107 
0.707107 
1.000000 
1.000000 
0.000000 
0.000000 
0.000000 
0.000000 
0.000000 
0.000000 
0.707107 
0.707107 
1.500000 
1.500000 
3.041381 
3.041381 
0.000000 
0.000000 
0.000000 
0.000000 
0.707107 
0.707107 
5.500000 
5.500000 
3.640055 
3.640055 
0.000000 
0.000000 
0.000000 
0.000000 
0.500000 
0.500000 
1.118034 
1.118034 
3.640055 
3.640055 
0.000000 
0.000000 
0.000000 
0.000000 
0.500000 
0.500000 
1.414214 
1.414214 
3.640055 
3.640055 
0.000000 
0.000000 
0.000000 
0.000000 
0.707107 
0.707107 
12.000000 
12.000000 
3.640055 
3.640055 
0.000000 
0.000000 
0.000000 
0.000000 
0.707107 
0.707107 
3.000000 
3.000000 
3.640055 
3.640055 
0.000000 
0.000000 
0.000000 
0.000000 
6.000000 
6.000000 
1.500000 
1.500000 
3.640055 
3.640055 
0.000000 
0.000000 
0.000000 
0.000000 
0.500000 
0.500000 
0.500000 
0.500000 
3.640055 
3.640055 
0.000000 
0.000000 
0.000000 
0.000000 
1.500000 
1.500000 
0.707107 
0.707107 
0.000000 
0.000000 
3.640055 
3.640055 
0.000000 
0.000000 
0.000000 
0.000000 
2.061553 
2.061553 
6.519202 
6.519202 
0.707107 
0.707107 
3.640055 
3.640055 
0.000000 
0.000000 
0.000000 
0.000000 
2.061553 
2.061553 
2.549510 
2.549510 
1.118034 
1.118034 
3.640055 
3.640055 
0.000000 
0.000000 
0.000000 
0.000000 
2.500000 
2.500000 
2.061553 
2.061553 
1.000000 
1.000000 
3.640055 
3.640055 
0.000000 
0.000000 
0.000000 
0.000000 
2.500000 
2.500000 
5.220153 
5.220153 
0.000000 
0.000000 
3.640055 
3.640055 
0.000000 
0.000000 
2.500000 
2.500000 
0.500000 
0.500000 
0.707107 
0.707107 
3.640055 
3.640055 
2.500000 
2.500000 
0.000000 
0.000000 
0.707107 
0.707107 
3.640055 
3.640055 
2.500000 
2.500000 
5.500000 
5.500000 
0.000000 
0.000000 
3.640055 
3.640055 
2.500000 
2.500000 
0.000000 
0.000000 
0.000000 
0.000000 
2.500000 
2.500000 
1.118034 
1.118034 
0.000000 
0.000000 
2.500000 
2.500000 
1.414214 
1.414214 
0.000000 
0.000000 
2.500000 
2.500000 
1.581139 
1.581139 
0.000000 
0.000000 
0.000000 
0.000000 
2.500000 
2.500000 
1.118034 
1.118034 
3.162278 
3.162278 
0.000000 
0.000000 
2.500000 
2.500000 
1.000000 
1.000000 
6.519202 
6.519202 
0.000000 
0.000000 
2.500000 
2.500000 
1.000000 
1.000000 
4.123106 
4.123106 
0.000000 
0.000000 
2.500000 
2.500000 
0.000000 
0.000000 
6.000000 
6.000000 
0.000000 
0.000000 
2.500000 
2.500000 
1.500000 
1.500000 
6.500000 
6.500000 
0.000000 
0.000000 
2.500000 
2.500000 
0.707107 
0.707107 
11.500000 
11.500000 
0.000000 
0.000000 
1.000000 
1.000000 
3.500000 
3.500000 
0.000000 
0.000000 
0.707107 
0.707107 
4.031129 
4.031129 
0.000000 
0.000000 
1.118034 
1.118034 
2.549510 
2.549510 
0.000000 
0.000000 
1.118034 
1.118034 
2.500000 
2.500000 
0.000000 
0.000000 
0.707107 
0.707107 
2.061553 
2.061553 
0.500000 
0.500000 
3.535534 
3.535534 
0.000000 
0.000000 
2.000000 
2.000000 
0.707107 
0.707107 
9.000000 
9.000000 
1.118034 
1.118034 
1.581139 
1.581139 
1.802776 
1.802776 
0.000000 
0.000000 
0.707107 
0.707107 
7.158911 
7.158911 
