0.000000 
0.000000 
0.000000 
0.000000 
0.000000 
0.000000 
0.000000 
0.000000 
0.000000 
0.000000 
8.631338 
8.631338 
1.000000 
1.000000 
2.000000 
2.000000 
0.000000 
0.000000 
1.500000 
1.500000 
1.581139 
1.581139 
1.118034 
1.118034 
0.000000 
0.000000 
0.500000 
0.500000 
6.708204 
6.708204 
1.500000 
1.500000 
0.000000 
0.000000 
1.118034 
1.118034 
2.236068 
2.236068 
1.581139 
1.581139 
0.000000 
0.000000 
1.118034 
1.118034 
1.000000 
1.000000 
0.500000 
0.500000 
0.000000 
0.000000 
0.707107 
0.707107 
2.915476 
2.915476 
0.707107 
0.707107 
0.000000 
0.000000 
0.000000 
0.000000 
2.549510 
2.549510 
1.118034 
1.118034 
0.000000 
0.000000 
0.500000 
0.500000 
10.000000 
10.000000 
2.000000 
2.000000 
0.000000 
0.000000 
1.000000 
1.000000 
1.581139 
1.581139 
1.118034 
1.118034 
0.000000 
0.000000 
1.118034 
1.118034 
3.000000 
3.000000 
0.500000 
0.500000 
0.000000 
0.000000 
1.118034 
1.118034 
2.500000 
2.500000 
1.500000 
1.500000 
0.000000 
0.000000 
0.000000 
0.000000 
5.024938 
5.024938 
3.354102 
3.354102 
0.707107 
0.707107 
1.581139 
1.581139 
0.000000 
0.000000 
0.707107 
0.707107 
4.527693 
4.527693 
2.061553 
2.061553 
1.500000 
1.500000 
0.000000 
0.000000 
1.118034 
1.118034 
1.414214 
1.414214 
1.000000 
1.000000 
2.692582 
2.692582 
0.500000 
0.500000 
2.121320 
2.121320 
1.802776 
1.802776 
1.802776 
1.802776 
0.500000 
0.500000 
0.500000 
0.500000 
1.581139 
1.581139 
2.000000 
2.000000 
1.500000 
1.500000 
6.082763 
6.082763 
5.220153 
5.220153 
6.576473 
6.576473 
0.500000 
0.500000 
1.581139 
1.581139 
5.590170 
5.590170 
2.000000 
2.000000 
0.707107 
0.707107 
2.121320 
2.121320 
2.915476 
2.915476 
2.549510 
2.549510 
3.605551 
3.605551 
0.707107 
0.707107 
2.500000 
2.500000 
0.000000 
0.000000 
2.061553 
2.061553 
1.414214 
1.414214 
0.500000 
0.500000 
1.802776 
1.802776 
0.000000 
0.000000 
2.500000 
2.500000 
2.061553 
2.061553 
0.500000 
0.500000 
2.692582 
2.692582 
1.000000 
1.000000 
0.000000 
0.000000 
3.162278 
3.162278 
1.118034 
1.118034 
2.061553 
2.061553 
5.000000 
5.000000 
0.707107 
0.707107 
1.802776 
1.802776 
1.500000 
1.500000 
2.692582 
2.692582 
1.802776 
1.802776 
2.061553 
2.061553 
4.031129 
4.031129 
1.118034 
1.118034 
2.000000 
2.000000 
7.071068 
7.071068 
4.527693 
4.527693 
1.802776 
1.802776 
2.061553 
2.061553 
0.707107 
0.707107 
4.609772 
4.609772 
7.017834 
7.017834 
0.000000 
0.000000 
2.061553 
2.061553 
1.581139 
1.581139 
1.802776 
1.802776 
2.061553 
2.061553 
1.000000 
1.000000 
3.807887 
3.807887 
5.852350 
5.852350 
8.558621 
8.558621 
2.000000 
2.000000 
3.041381 
3.041381 
1.802776 
1.802776 
2.061553 
2.061553 
1.581139 
1.581139 
3.535534 
3.535534 
4.527693 
4.527693 
1.500000 
1.500000 
1.118034 
1.118034 
2.549510 
2.549510 
1.802776 
1.802776 
2.061553 
2.061553 
1.581139 
1.581139 
13.462912 
13.462912 
4.000000 
4.000000 
2.549510 
2.549510 
1.500000 
1.500000 
2.549510 
2.549510 
1.802776 
1.802776 
2.061553 
2.061553 
0.000000 
0.000000 
3.041381 
3.041381 
2.061553 
2.061553 
2.549510 
2.549510 
1.118034 
1.118034 
5.522681 
5.522681 
1.802776 
1.802776 
2.061553 
2.061553 
0.500000 
0.500000 
1.581139 
1.581139 
12.747549 
12.747549 
7.516648 
7.516648 
1.581139 
1.581139 
2.000000 
2.000000 
1.802776 
1.802776 
2.061553 
2.061553 
0.500000 
0.500000 
2.000000 
2.000000 
1.118034 
1.118034 
2.500000 
2.500000 
5.522681 
5.522681 
3.041381 
3.041381 
1.802776 
1.802776 
2.061553 
2.061553 
0.500000 
0.500000 
2.692582 
2.692582 
2.121320 
2.121320 
3.000000 
3.000000 
2.549510 
2.549510 
2.500000 
2.500000 
1.802776 
1.802776 
2.061553 
2.061553 
0.500000 
0.500000 
1.118034 
1.118034 
2.000000 
2.000000 
0.000000 
0.000000 
3.000000 
3.000000 
2.692582 
2.692582 
1.118034 
1.118034 
1.802776 
1.802776 
2.061553 
2.061553 
0.500000 
0.500000 
2.061553 
2.061553 
2.500000 
2.500000 
1.802776 
1.802776 
3.000000 
3.000000 
2.061553 
2.061553 
5.500000 
5.500000 
1.802776 
1.802776 
2.061553 
2.061553 
0.500000 
0.500000 
1.118034 
1.118034 
6.184658 
6.184658 
2.000000 
2.000000 
3.000000 
3.000000 
5.024938 
5.024938 
2.549510 
2.549510 
1.802776 
1.802776 
0.500000 
0.500000 
1.802776 
1.802776 
5.000000 
5.000000 
0.000000 
0.000000 
2.000000 
2.000000 
3.000000 
3.000000 
0.707107 
0.707107 
2.549510 
2.549510 
1.802776 
1.802776 
0.500000 
0.500000 
1.581139 
1.581139 
0.707107 
0.707107 
0.500000 
0.500000 
2.000000 
2.000000 
3.000000 
3.000000 
2.915476 
2.915476 
1.500000 
1.500000 
1.802776 
1.802776 
0.500000 
0.500000 
1.500000 
1.500000 
8.139410 
8.139410 
