0.000000 
0.000000 
0.000000 
0.000000 
0.707107 
0.707107 
3.041381 
3.041381 
0.000000 
0.000000 
0.000000 
0.000000 
2.500000 
2.500000 
0.000000 
0.000000 
1.414214 
1.414214 
0.000000 
0.000000 
6.082763 
6.082763 
0.500000 
0.500000 
1.118034 
1.118034 
0.000000 
0.000000 
1.500000 
1.500000 
0.500000 
0.500000 
5.590170 
5.590170 
17.734148 
17.734148 
1.500000 
1.500000 
15.500000 
15.500000 
5.590170 
5.590170 
17.734148 
17.734148 
2.236068 
2.236068 
0.000000 
0.000000 
5.590170 
5.590170 
17.734148 
17.734148 
1.581139 
1.581139 
1.118034 
1.118034 
5.590170 
5.590170 
17.734148 
17.734148 
1.581139 
1.581139 
0.707107 
0.707107 
5.590170 
5.590170 
17.734148 
17.734148 
1.581139 
1.581139 
1.802776 
1.802776 
5.590170 
5.590170 
17.734148 
17.734148 
1.581139 
1.581139 
2.061553 
2.061553 
5.590170 
5.590170 
17.734148 
17.734148 
1.581139 
1.581139 
1.500000 
1.500000 
5.590170 
5.590170 
17.734148 
17.734148 
1.581139 
1.581139 
0.000000 
0.000000 
3.535534 
3.535534 
5.590170 
5.590170 
17.734148 
17.734148 
1.581139 
1.581139 
2.549510 
2.549510 
1.118034 
1.118034 
5.590170 
5.590170 
17.734148 
17.734148 
1.581139 
1.581139 
3.354102 
3.354102 
0.707107 
0.707107 
5.590170 
5.590170 
17.734148 
17.734148 
1.581139 
1.581139 
0.000000 
0.000000 
3.354102 
3.354102 
3.000000 
3.000000 
5.590170 
5.590170 
17.734148 
17.734148 
1.581139 
1.581139 
2.549510 
2.549510 
3.354102 
3.354102 
0.500000 
0.500000 
5.590170 
5.590170 
17.734148 
17.734148 
1.581139 
1.581139 
2.549510 
2.549510 
3.354102 
3.354102 
0.500000 
0.500000 
5.590170 
5.590170 
17.734148 
17.734148 
1.581139 
1.581139 
2.549510 
2.549510 
3.354102 
3.354102 
2.061553 
2.061553 
5.590170 
5.590170 
17.734148 
17.734148 
1.581139 
1.581139 
2.549510 
2.549510 
3.354102 
3.354102 
0.500000 
0.500000 
1.581139 
1.581139 
2.549510 
2.549510 
3.354102 
3.354102 
1.500000 
1.500000 
1.581139 
1.581139 
0.000000 
0.000000 
2.549510 
2.549510 
3.354102 
3.354102 
9.013878 
9.013878 
7.566373 
7.566373 
2.549510 
2.549510 
3.354102 
3.354102 
0.000000 
0.000000 
2.500000 
2.500000 
2.549510 
2.549510 
3.354102 
3.354102 
12.041595 
12.041595 
3.535534 
3.535534 
2.549510 
2.549510 
3.354102 
3.354102 
0.500000 
0.500000 
2.000000 
2.000000 
2.549510 
2.549510 
3.354102 
3.354102 
0.707107 
0.707107 
0.000000 
0.000000 
2.000000 
2.000000 
2.549510 
2.549510 
3.354102 
3.354102 
1.000000 
1.000000 
0.000000 
0.000000 
2.000000 
2.000000 
2.549510 
2.549510 
3.354102 
3.354102 
1.000000 
1.000000 
0.000000 
0.000000 
2.000000 
2.000000 
2.549510 
2.549510 
3.354102 
3.354102 
1.118034 
1.118034 
0.000000 
0.000000 
2.000000 
2.000000 
2.549510 
2.549510 
1.118034 
1.118034 
0.000000 
0.000000 
2.000000 
2.000000 
2.549510 
2.549510 
0.500000 
0.500000 
0.000000 
0.000000 
2.000000 
2.000000 
2.549510 
2.549510 
0.000000 
0.000000 
2.000000 
2.000000 
8.500000 
8.500000 
0.000000 
0.000000 
2.000000 
2.000000 
2.692582 
2.692582 
0.000000 
0.000000 
2.000000 
2.000000 
2.236068 
2.236068 
0.000000 
0.000000 
2.000000 
2.000000 
10.688779 
10.688779 
0.000000 
0.000000 
2.000000 
2.000000 
7.516648 
7.516648 
0.000000 
0.000000 
2.000000 
2.000000 
5.385165 
5.385165 
