0.000000 
0.000000 
0.000000 
0.000000 
0.000000 
0.000000 
0.000000 
0.000000 
1.581139 
1.581139 
0.000000 
0.000000 
0.000000 
0.000000 
4.000000 
4.000000 
5.000000 
5.000000 
0.000000 
0.000000 
0.000000 
0.000000 
0.000000 
0.000000 
1.118034 
1.118034 
2.061553 
2.061553 
0.000000 
0.000000 
1.500000 
1.500000 
0.000000 
0.000000 
1.000000 
1.000000 
1.118034 
1.118034 
0.000000 
0.000000 
0.000000 
0.000000 
1.500000 
1.500000 
0.000000 
0.000000 
1.000000 
1.000000 
3.041381 
3.041381 
0.000000 
0.000000 
1.581139 
1.581139 
1.500000 
1.500000 
0.000000 
0.000000 
0.500000 
0.500000 
1.000000 
1.000000 
0.000000 
0.000000 
1.500000 
1.500000 
1.500000 
1.500000 
0.000000 
0.000000 
0.500000 
0.500000 
1.500000 
1.500000 
0.000000 
0.000000 
0.000000 
0.000000 
1.500000 
1.500000 
1.500000 
1.500000 
0.000000 
0.000000 
2.549510 
2.549510 
1.000000 
1.000000 
0.000000 
0.000000 
2.000000 
2.000000 
1.500000 
1.500000 
1.500000 
1.500000 
0.000000 
0.000000 
1.581139 
1.581139 
0.500000 
0.500000 
0.000000 
0.000000 
0.000000 
0.000000 
0.000000 
0.000000 
2.000000 
2.000000 
1.500000 
1.500000 
1.500000 
1.500000 
0.000000 
0.000000 
1.581139 
1.581139 
2.500000 
2.500000 
0.000000 
0.000000 
1.500000 
1.500000 
0.500000 
0.500000 
2.000000 
2.000000 
1.500000 
1.500000 
1.500000 
1.500000 
0.000000 
0.000000 
1.581139 
1.581139 
1.118034 
1.118034 
0.000000 
0.000000 
1.581139 
1.581139 
1.000000 
1.000000 
2.000000 
2.000000 
1.500000 
1.500000 
1.500000 
1.500000 
0.000000 
0.000000 
1.581139 
1.581139 
2.061553 
2.061553 
0.000000 
0.000000 
0.000000 
0.000000 
1.581139 
1.581139 
2.500000 
2.500000 
2.000000 
2.000000 
1.500000 
1.500000 
1.500000 
1.500000 
0.000000 
0.000000 
1.581139 
1.581139 
1.000000 
1.000000 
0.000000 
0.000000 
0.000000 
0.000000 
2.061553 
2.061553 
1.581139 
1.581139 
1.000000 
1.000000 
2.000000 
2.000000 
1.500000 
1.500000 
1.500000 
1.500000 
0.000000 
0.000000 
1.581139 
1.581139 
1.000000 
1.000000 
0.000000 
0.000000 
1.500000 
1.500000 
2.061553 
2.061553 
1.581139 
1.581139 
3.000000 
3.000000 
2.000000 
2.000000 
1.500000 
1.500000 
1.500000 
1.500000 
0.000000 
0.000000 
1.581139 
1.581139 
1.000000 
1.000000 
1.581139 
1.581139 
1.500000 
1.500000 
2.061553 
2.061553 
1.581139 
1.581139 
1.000000 
1.000000 
2.000000 
2.000000 
1.500000 
1.500000 
1.500000 
1.500000 
0.000000 
0.000000 
1.581139 
1.581139 
1.000000 
1.000000 
0.000000 
0.000000 
0.000000 
0.000000 
1.581139 
1.581139 
1.500000 
1.500000 
2.061553 
2.061553 
1.581139 
1.581139 
1.581139 
1.581139 
2.000000 
2.000000 
1.500000 
1.500000 
1.500000 
1.500000 
1.581139 
1.581139 
1.000000 
1.000000 
0.000000 
0.000000 
2.061553 
2.061553 
2.692582 
2.692582 
1.581139 
1.581139 
1.500000 
1.500000 
2.061553 
2.061553 
1.581139 
1.581139 
1.581139 
1.581139 
2.000000 
2.000000 
1.500000 
1.500000 
1.500000 
1.500000 
1.581139 
1.581139 
1.000000 
1.000000 
0.000000 
0.000000 
1.581139 
1.581139 
2.061553 
2.061553 
1.581139 
1.581139 
1.581139 
1.581139 
1.500000 
1.500000 
2.061553 
2.061553 
1.581139 
1.581139 
1.581139 
1.581139 
2.000000 
2.000000 
1.500000 
1.500000 
1.581139 
1.581139 
1.000000 
1.000000 
2.061553 
2.061553 
2.549510 
2.549510 
2.061553 
2.061553 
4.527693 
4.527693 
1.581139 
1.581139 
1.500000 
1.500000 
2.061553 
2.061553 
1.581139 
1.581139 
1.581139 
1.581139 
2.000000 
2.000000 
1.500000 
1.500000 
1.581139 
1.581139 
1.000000 
1.000000 
0.000000 
0.000000 
2.061553 
2.061553 
2.549510 
2.549510 
2.061553 
2.061553 
1.500000 
1.500000 
1.581139 
1.581139 
1.500000 
1.500000 
2.061553 
2.061553 
1.581139 
1.581139 
1.581139 
1.581139 
2.000000 
2.000000 
1.500000 
1.500000 
1.581139 
1.581139 
1.000000 
1.000000 
0.000000 
0.000000 
0.000000 
0.000000 
2.061553 
2.061553 
1.802776 
1.802776 
2.061553 
2.061553 
1.414214 
1.414214 
1.581139 
1.581139 
1.500000 
1.500000 
2.061553 
2.061553 
1.581139 
1.581139 
1.581139 
1.581139 
2.000000 
2.000000 
1.581139 
1.581139 
1.000000 
1.000000 
0.000000 
0.000000 
2.000000 
2.000000 
0.000000 
0.000000 
2.061553 
2.061553 
2.061553 
2.061553 
2.061553 
2.061553 
1.414214 
1.414214 
1.581139 
1.581139 
1.500000 
1.500000 
2.061553 
2.061553 
1.581139 
1.581139 
1.581139 
1.581139 
2.000000 
2.000000 
1.581139 
1.581139 
1.000000 
1.000000 
0.000000 
0.000000 
1.118034 
1.118034 
2.000000 
2.000000 
0.000000 
0.000000 
2.061553 
2.061553 
3.640055 
3.640055 
2.061553 
2.061553 
1.414214 
1.414214 
1.581139 
1.581139 
1.500000 
1.500000 
2.061553 
2.061553 
1.581139 
1.581139 
1.581139 
1.581139 
1.000000 
1.000000 
0.000000 
0.000000 
0.000000 
0.000000 
0.000000 
0.000000 
1.118034 
1.118034 
2.000000 
2.000000 
0.000000 
0.000000 
2.061553 
2.061553 
1.118034 
1.118034 
2.061553 
2.061553 
1.414214 
1.414214 
1.581139 
1.581139 
1.500000 
1.500000 
2.061553 
2.061553 
1.581139 
1.581139 
1.581139 
1.581139 
1.000000 
1.000000 
2.000000 
2.000000 
1.581139 
1.581139 
0.000000 
0.000000 
1.118034 
1.118034 
2.000000 
2.000000 
0.000000 
0.000000 
2.061553 
2.061553 
2.061553 
2.061553 
2.061553 
2.061553 
1.414214 
1.414214 
1.581139 
1.581139 
1.500000 
1.500000 
2.061553 
2.061553 
1.581139 
1.581139 
1.581139 
1.581139 
1.000000 
1.000000 
0.000000 
0.000000 
2.000000 
2.000000 
1.000000 
1.000000 
0.000000 
0.000000 
1.118034 
1.118034 
2.000000 
2.000000 
0.000000 
0.000000 
2.061553 
2.061553 
4.242641 
4.242641 
2.061553 
2.061553 
1.414214 
1.414214 
1.581139 
1.581139 
1.500000 
1.500000 
2.061553 
2.061553 
1.581139 
1.581139 
1.000000 
1.000000 
0.000000 
0.000000 
0.000000 
0.000000 
2.000000 
2.000000 
4.031129 
4.031129 
0.000000 
0.000000 
1.118034 
1.118034 
2.000000 
2.000000 
0.000000 
0.000000 
2.061553 
2.061553 
1.581139 
1.581139 
2.061553 
2.061553 
1.414214 
1.414214 
1.581139 
1.581139 
1.500000 
1.500000 
2.061553 
2.061553 
1.581139 
1.581139 
1.000000 
1.000000 
0.000000 
0.000000 
2.000000 
2.000000 
1.118034 
1.118034 
0.000000 
0.000000 
1.118034 
1.118034 
2.000000 
2.000000 
0.000000 
0.000000 
2.061553 
2.061553 
1.581139 
1.581139 
2.061553 
2.061553 
1.414214 
1.414214 
1.581139 
1.581139 
1.500000 
1.500000 
1.581139 
1.581139 
0.000000 
0.000000 
1.000000 
1.000000 
0.000000 
0.000000 
2.000000 
2.000000 
2.000000 
2.000000 
0.000000 
0.000000 
1.118034 
1.118034 
2.000000 
2.000000 
0.000000 
0.000000 
2.061553 
2.061553 
1.500000 
1.500000 
2.061553 
2.061553 
1.414214 
1.414214 
1.581139 
1.581139 
1.500000 
1.500000 
1.581139 
1.581139 
0.000000 
0.000000 
0.000000 
0.000000 
1.000000 
1.000000 
0.000000 
0.000000 
2.000000 
2.000000 
1.118034 
1.118034 
0.000000 
0.000000 
1.118034 
1.118034 
2.000000 
2.000000 
0.000000 
0.000000 
2.061553 
2.061553 
3.535534 
3.535534 
2.061553 
2.061553 
1.414214 
1.414214 
1.581139 
1.581139 
1.118034 
1.118034 
0.000000 
0.000000 
1.000000 
1.000000 
0.000000 
0.000000 
2.000000 
2.000000 
0.000000 
0.000000 
0.000000 
0.000000 
1.118034 
1.118034 
2.000000 
2.000000 
0.000000 
0.000000 
2.061553 
2.061553 
1.118034 
1.118034 
2.061553 
2.061553 
1.414214 
1.414214 
0.000000 
0.000000 
1.118034 
1.118034 
0.000000 
0.000000 
1.000000 
1.000000 
0.000000 
0.000000 
2.000000 
2.000000 
3.905125 
3.905125 
0.000000 
0.000000 
1.118034 
1.118034 
2.000000 
2.000000 
0.000000 
0.000000 
2.061553 
2.061553 
1.118034 
1.118034 
1.414214 
1.414214 
0.000000 
0.000000 
0.000000 
0.000000 
1.118034 
1.118034 
0.000000 
0.000000 
1.000000 
1.000000 
0.000000 
0.000000 
2.000000 
2.000000 
0.000000 
0.000000 
0.000000 
0.000000 
1.118034 
1.118034 
2.000000 
2.000000 
0.000000 
0.000000 
2.061553 
2.061553 
1.118034 
1.118034 
1.414214 
1.414214 
