0.000000 
0.000000 
1.118034 
1.118034 
1.581139 
1.581139 
1.118034 
1.118034 
1.414214 
1.414214 
0.707107 
0.707107 
0.500000 
0.500000 
0.500000 
0.500000 
0.000000 
0.000000 
1.118034 
1.118034 
0.707107 
0.707107 
1.581139 
1.581139 
1.118034 
1.118034 
1.414214 
1.414214 
6.519202 
6.519202 
2.549510 
2.549510 
2.549510 
2.549510 
2.549510 
2.549510 
0.000000 
0.000000 
2.549510 
2.549510 
0.000000 
0.000000 
2.549510 
2.549510 
11.543396 
11.543396 
2.549510 
2.549510 
1.802776 
1.802776 
2.549510 
2.549510 
2.236068 
2.236068 
2.549510 
2.549510 
1.000000 
1.000000 
2.549510 
2.549510 
1.802776 
1.802776 
2.549510 
2.549510 
1.414214 
1.414214 
2.549510 
2.549510 
7.500000 
7.500000 
2.549510 
2.549510 
15.305228 
15.305228 
2.549510 
2.549510 
8.860023 
8.860023 
2.549510 
2.549510 
9.924717 
9.924717 
2.549510 
2.549510 
0.000000 
0.000000 
9.924717 
9.924717 
6.500000 
6.500000 
9.924717 
9.924717 
5.590170 
5.590170 
9.924717 
9.924717 
2.915476 
2.915476 
9.924717 
9.924717 
12.165525 
12.165525 
9.924717 
9.924717 
12.165525 
12.165525 
9.924717 
9.924717 
12.165525 
12.165525 
9.924717 
9.924717 
12.165525 
12.165525 
9.924717 
9.924717 
12.165525 
12.165525 
9.924717 
9.924717 
