0.000000 
0.000000 
0.000000 
0.000000 
0.000000 
0.000000 
0.000000 
0.000000 
1.000000 
1.000000 
1.118034 
1.118034 
5.220153 
5.220153 
2.061553 
2.061553 
1.000000 
1.000000 
1.000000 
1.000000 
2.061553 
2.061553 
3.535534 
3.535534 
0.000000 
0.000000 
1.000000 
1.000000 
1.118034 
1.118034 
3.000000 
3.000000 
1.118034 
1.118034 
0.000000 
0.000000 
1.581139 
1.581139 
1.000000 
1.000000 
4.031129 
4.031129 
3.000000 
3.000000 
0.707107 
0.707107 
0.000000 
0.000000 
1.118034 
1.118034 
1.000000 
1.000000 
1.414214 
1.414214 
1.581139 
1.581139 
1.000000 
1.000000 
0.000000 
0.000000 
0.500000 
0.500000 
1.000000 
1.000000 
0.707107 
0.707107 
3.535534 
3.535534 
1.000000 
1.000000 
0.000000 
0.000000 
0.500000 
0.500000 
1.000000 
1.000000 
1.414214 
1.414214 
1.118034 
1.118034 
0.707107 
0.707107 
0.000000 
0.000000 
0.000000 
0.000000 
0.500000 
0.500000 
1.000000 
1.000000 
1.414214 
1.414214 
1.000000 
1.000000 
1.414214 
1.414214 
0.000000 
0.000000 
1.000000 
1.000000 
0.000000 
0.000000 
0.500000 
0.500000 
1.000000 
1.000000 
1.414214 
1.414214 
1.414214 
1.414214 
1.581139 
1.581139 
2.061553 
2.061553 
0.707107 
0.707107 
0.000000 
0.000000 
1.118034 
1.118034 
1.000000 
1.000000 
1.414214 
1.414214 
2.061553 
2.061553 
1.118034 
1.118034 
1.802776 
1.802776 
0.707107 
0.707107 
0.000000 
0.000000 
0.500000 
0.500000 
1.000000 
1.000000 
1.414214 
1.414214 
1.581139 
1.581139 
1.414214 
1.414214 
1.118034 
1.118034 
5.024938 
5.024938 
0.000000 
0.000000 
0.000000 
0.000000 
1.000000 
1.000000 
1.414214 
1.414214 
3.535534 
3.535534 
1.802776 
1.802776 
1.118034 
1.118034 
1.414214 
1.414214 
0.000000 
0.000000 
0.707107 
0.707107 
1.000000 
1.000000 
1.414214 
1.414214 
1.000000 
1.000000 
0.707107 
0.707107 
1.118034 
1.118034 
1.000000 
1.000000 
0.000000 
0.000000 
1.118034 
1.118034 
1.000000 
1.000000 
1.414214 
1.414214 
2.236068 
2.236068 
7.158911 
7.158911 
1.118034 
1.118034 
2.692582 
2.692582 
0.000000 
0.000000 
1.118034 
1.118034 
1.000000 
1.000000 
1.414214 
1.414214 
1.581139 
1.581139 
6.519202 
6.519202 
1.118034 
1.118034 
2.000000 
2.000000 
0.000000 
0.000000 
1.000000 
1.000000 
1.414214 
1.414214 
1.581139 
1.581139 
2.549510 
2.549510 
1.118034 
1.118034 
2.000000 
2.000000 
0.000000 
0.000000 
1.581139 
1.581139 
1.414214 
1.414214 
1.581139 
1.581139 
2.121320 
2.121320 
0.000000 
0.000000 
0.000000 
0.000000 
1.118034 
1.118034 
2.000000 
2.000000 
0.000000 
0.000000 
2.121320 
2.121320 
1.414214 
1.414214 
1.581139 
1.581139 
2.121320 
2.121320 
0.000000 
0.000000 
0.000000 
0.000000 
3.905125 
3.905125 
1.118034 
1.118034 
2.000000 
2.000000 
2.121320 
2.121320 
1.414214 
1.414214 
1.581139 
1.581139 
2.121320 
2.121320 
3.807887 
3.807887 
0.000000 
0.000000 
3.807887 
3.807887 
1.118034 
1.118034 
2.000000 
2.000000 
2.121320 
2.121320 
1.414214 
1.414214 
1.581139 
1.581139 
2.121320 
2.121320 
3.807887 
3.807887 
0.000000 
0.000000 
3.807887 
3.807887 
1.118034 
1.118034 
2.000000 
2.000000 
2.121320 
2.121320 
1.414214 
1.414214 
1.581139 
1.581139 
2.121320 
2.121320 
3.807887 
3.807887 
0.000000 
0.000000 
3.807887 
3.807887 
1.118034 
1.118034 
2.000000 
2.000000 
2.121320 
2.121320 
1.581139 
1.581139 
2.121320 
2.121320 
0.000000 
0.000000 
3.807887 
3.807887 
0.000000 
0.000000 
3.807887 
3.807887 
1.118034 
1.118034 
2.000000 
2.000000 
2.121320 
2.121320 
1.581139 
1.581139 
2.121320 
2.121320 
0.000000 
0.000000 
0.000000 
0.000000 
3.807887 
3.807887 
0.000000 
0.000000 
3.807887 
3.807887 
1.118034 
1.118034 
2.000000 
2.000000 
2.121320 
2.121320 
1.581139 
1.581139 
2.121320 
2.121320 
4.472136 
4.472136 
0.000000 
0.000000 
3.807887 
3.807887 
0.000000 
0.000000 
3.807887 
3.807887 
1.118034 
1.118034 
2.000000 
2.000000 
2.121320 
2.121320 
1.581139 
1.581139 
2.121320 
2.121320 
4.472136 
4.472136 
0.000000 
0.000000 
3.807887 
3.807887 
0.000000 
0.000000 
3.807887 
3.807887 
1.118034 
1.118034 
2.000000 
2.000000 
2.121320 
2.121320 
1.581139 
1.581139 
2.121320 
2.121320 
4.472136 
4.472136 
0.000000 
0.000000 
3.807887 
3.807887 
0.000000 
0.000000 
3.807887 
3.807887 
2.000000 
2.000000 
2.121320 
2.121320 
1.581139 
1.581139 
2.121320 
2.121320 
0.000000 
0.000000 
0.000000 
0.000000 
4.472136 
4.472136 
0.000000 
0.000000 
3.807887 
3.807887 
0.000000 
0.000000 
3.807887 
3.807887 
2.000000 
2.000000 
2.121320 
2.121320 
1.581139 
1.581139 
2.121320 
2.121320 
0.000000 
0.000000 
0.000000 
0.000000 
2.549510 
2.549510 
0.000000 
0.000000 
4.472136 
4.472136 
0.000000 
0.000000 
3.807887 
3.807887 
0.000000 
0.000000 
3.807887 
3.807887 
2.000000 
2.000000 
2.121320 
2.121320 
1.581139 
1.581139 
2.121320 
2.121320 
3.500000 
3.500000 
2.500000 
2.500000 
2.000000 
2.000000 
0.000000 
0.000000 
4.472136 
4.472136 
0.000000 
0.000000 
3.807887 
3.807887 
0.000000 
0.000000 
3.807887 
3.807887 
2.000000 
2.000000 
2.121320 
2.121320 
2.121320 
2.121320 
2.000000 
2.000000 
3.535534 
3.535534 
0.500000 
0.500000 
0.000000 
0.000000 
4.472136 
4.472136 
0.000000 
0.000000 
3.807887 
3.807887 
0.000000 
0.000000 
3.807887 
3.807887 
2.121320 
2.121320 
2.121320 
2.121320 
0.000000 
0.000000 
0.000000 
0.000000 
5.099020 
5.099020 
2.500000 
2.500000 
0.500000 
0.500000 
0.000000 
0.000000 
4.472136 
4.472136 
0.000000 
0.000000 
3.807887 
3.807887 
0.000000 
0.000000 
3.807887 
3.807887 
2.121320 
2.121320 
0.000000 
0.000000 
0.707107 
0.707107 
1.581139 
1.581139 
0.500000 
0.500000 
3.640055 
3.640055 
0.707107 
0.707107 
0.000000 
0.000000 
4.472136 
4.472136 
0.000000 
0.000000 
3.807887 
3.807887 
3.807887 
3.807887 
0.000000 
0.000000 
0.000000 
0.000000 
0.000000 
0.000000 
0.707107 
0.707107 
1.414214 
1.414214 
0.500000 
0.500000 
1.500000 
1.500000 
3.807887 
3.807887 
0.000000 
0.000000 
4.472136 
4.472136 
0.000000 
0.000000 
3.807887 
3.807887 
3.807887 
3.807887 
2.121320 
2.121320 
2.061553 
2.061553 
0.000000 
0.000000 
0.707107 
0.707107 
0.500000 
0.500000 
4.500000 
4.500000 
1.118034 
1.118034 
3.041381 
3.041381 
0.000000 
0.000000 
4.472136 
4.472136 
0.000000 
0.000000 
0.000000 
0.000000 
1.581139 
1.581139 
1.802776 
1.802776 
0.000000 
0.000000 
0.707107 
0.707107 
0.500000 
0.500000 
2.500000 
2.500000 
2.692582 
2.692582 
1.414214 
1.414214 
0.000000 
0.000000 
4.472136 
4.472136 
0.000000 
0.000000 
0.000000 
0.000000 
4.031129 
4.031129 
0.500000 
0.500000 
1.802776 
1.802776 
0.000000 
0.000000 
0.707107 
0.707107 
0.707107 
0.707107 
2.915476 
2.915476 
1.414214 
1.414214 
2.000000 
2.000000 
0.000000 
0.000000 
4.472136 
4.472136 
0.000000 
0.000000 
2.061553 
2.061553 
0.000000 
0.000000 
1.118034 
1.118034 
1.802776 
1.802776 
0.000000 
0.000000 
0.707107 
0.707107 
0.500000 
0.500000 
3.201562 
3.201562 
2.549510 
2.549510 
2.000000 
2.000000 
0.000000 
0.000000 
4.472136 
4.472136 
