0.000000 
0.000000 
0.500000 
0.500000 
0.000000 
0.000000 
2.061553 
2.061553 
2.236068 
2.236068 
4.000000 
4.000000 
6.020797 
6.020797 
2.061553 
2.061553 
2.500000 
2.500000 
0.500000 
0.500000 
13.829317 
13.829317 
2.236068 
2.236068 
4.272002 
4.272002 
3.640055 
3.640055 
6.000000 
6.000000 
3.535534 
3.535534 
6.000000 
6.000000 
6.264982 
6.264982 
6.000000 
6.000000 
1.581139 
1.581139 
6.000000 
6.000000 
3.162278 
3.162278 
6.000000 
6.000000 
1.802776 
1.802776 
6.000000 
6.000000 
3.640055 
3.640055 
6.000000 
6.000000 
4.123106 
4.123106 
6.000000 
6.000000 
9.219544 
9.219544 
6.000000 
6.000000 
5.147815 
5.147815 
6.000000 
6.000000 
4.924429 
4.924429 
6.000000 
6.000000 
14.035669 
14.035669 
6.000000 
6.000000 
5.024938 
5.024938 
6.000000 
6.000000 
6.020797 
6.020797 
6.000000 
6.000000 
4.716991 
4.716991 
6.000000 
6.000000 
17.182840 
17.182840 
13.729530 
13.729530 
16.763055 
16.763055 
7.778175 
7.778175 
6.103278 
6.103278 
6.103278 
6.103278 
6.103278 
6.103278 
6.103278 
6.103278 
6.103278 
6.103278 
6.103278 
6.103278 
6.103278 
6.103278 
6.103278 
6.103278 
6.103278 
6.103278 
6.103278 
6.103278 
6.103278 
6.103278 
6.103278 
6.103278 
6.103278 
6.103278 
