0.000000 
0.000000 
0.000000 
0.000000 
0.000000 
0.000000 
0.000000 
0.000000 
0.000000 
0.000000 
0.000000 
0.000000 
0.000000 
0.000000 
2.549510 
2.549510 
1.581139 
1.581139 
4.609772 
4.609772 
1.581139 
1.581139 
0.707107 
0.707107 
0.000000 
0.000000 
0.000000 
0.000000 
2.061553 
2.061553 
0.707107 
0.707107 
1.000000 
1.000000 
2.061553 
2.061553 
0.000000 
0.000000 
0.707107 
0.707107 
0.000000 
0.000000 
2.061553 
2.061553 
0.707107 
0.707107 
2.500000 
2.500000 
1.118034 
1.118034 
1.118034 
1.118034 
0.707107 
0.707107 
0.000000 
0.000000 
2.061553 
2.061553 
1.500000 
1.500000 
2.500000 
2.500000 
4.500000 
4.500000 
0.500000 
0.500000 
0.000000 
0.000000 
0.707107 
0.707107 
0.000000 
0.000000 
2.061553 
2.061553 
1.000000 
1.000000 
2.061553 
2.061553 
1.000000 
1.000000 
0.500000 
0.500000 
0.500000 
0.500000 
0.707107 
0.707107 
0.000000 
0.000000 
2.061553 
2.061553 
1.118034 
1.118034 
1.581139 
1.581139 
2.000000 
2.000000 
5.220153 
5.220153 
0.000000 
0.000000 
0.000000 
0.000000 
5.099020 
5.099020 
0.707107 
0.707107 
0.000000 
0.000000 
2.061553 
2.061553 
1.500000 
1.500000 
1.581139 
1.581139 
2.061553 
2.061553 
0.707107 
0.707107 
0.000000 
0.000000 
0.000000 
0.000000 
6.500000 
6.500000 
1.118034 
1.118034 
1.581139 
1.581139 
0.707107 
0.707107 
0.000000 
0.000000 
2.061553 
2.061553 
1.500000 
1.500000 
1.581139 
1.581139 
2.000000 
2.000000 
1.802776 
1.802776 
2.549510 
2.549510 
1.802776 
1.802776 
2.061553 
2.061553 
1.500000 
1.500000 
1.581139 
1.581139 
0.707107 
0.707107 
0.000000 
0.000000 
2.061553 
2.061553 
0.707107 
0.707107 
1.581139 
1.581139 
0.500000 
0.500000 
1.414214 
1.414214 
0.000000 
0.000000 
6.670832 
6.670832 
0.500000 
0.500000 
1.118034 
1.118034 
1.500000 
1.500000 
1.581139 
1.581139 
0.707107 
0.707107 
0.000000 
0.000000 
2.061553 
2.061553 
0.500000 
0.500000 
1.581139 
1.581139 
0.500000 
0.500000 
1.802776 
1.802776 
1.118034 
1.118034 
6.670832 
6.670832 
1.000000 
1.000000 
2.121320 
2.121320 
1.581139 
1.581139 
1.581139 
1.581139 
0.707107 
0.707107 
0.000000 
0.000000 
2.061553 
2.061553 
5.024938 
5.024938 
1.581139 
1.581139 
0.500000 
0.500000 
0.707107 
0.707107 
0.000000 
0.000000 
2.061553 
2.061553 
6.670832 
6.670832 
1.000000 
1.000000 
2.000000 
2.000000 
1.581139 
1.581139 
1.581139 
1.581139 
0.707107 
0.707107 
0.000000 
0.000000 
2.061553 
2.061553 
0.000000 
0.000000 
1.581139 
1.581139 
0.500000 
0.500000 
1.000000 
1.000000 
3.041381 
3.041381 
1.581139 
1.581139 
6.670832 
6.670832 
0.707107 
0.707107 
2.061553 
2.061553 
1.581139 
1.581139 
1.581139 
1.581139 
0.707107 
0.707107 
0.000000 
0.000000 
2.061553 
2.061553 
1.118034 
1.118034 
1.581139 
1.581139 
0.500000 
0.500000 
3.354102 
3.354102 
1.500000 
1.500000 
1.500000 
1.500000 
6.670832 
6.670832 
0.500000 
0.500000 
2.061553 
2.061553 
1.581139 
1.581139 
1.581139 
1.581139 
0.707107 
0.707107 
0.000000 
0.000000 
2.061553 
2.061553 
1.000000 
1.000000 
1.581139 
1.581139 
0.500000 
0.500000 
2.061553 
2.061553 
0.000000 
0.000000 
0.000000 
0.000000 
1.500000 
1.500000 
1.000000 
1.000000 
6.670832 
6.670832 
0.500000 
0.500000 
2.061553 
2.061553 
1.581139 
1.581139 
1.581139 
1.581139 
0.707107 
0.707107 
2.061553 
2.061553 
0.707107 
0.707107 
1.581139 
1.581139 
0.500000 
0.500000 
2.061553 
2.061553 
0.000000 
0.000000 
0.000000 
0.000000 
2.549510 
2.549510 
1.500000 
1.500000 
2.061553 
2.061553 
6.670832 
6.670832 
1.500000 
1.500000 
2.061553 
2.061553 
1.581139 
1.581139 
1.581139 
1.581139 
0.707107 
0.707107 
2.061553 
2.061553 
1.000000 
1.000000 
1.581139 
1.581139 
0.500000 
0.500000 
2.061553 
2.061553 
4.301163 
4.301163 
0.000000 
0.000000 
2.692582 
2.692582 
1.500000 
1.500000 
0.000000 
0.000000 
3.354102 
3.354102 
1.118034 
1.118034 
2.061553 
2.061553 
1.581139 
1.581139 
1.581139 
1.581139 
0.707107 
0.707107 
1.118034 
1.118034 
1.581139 
1.581139 
0.500000 
0.500000 
2.061553 
2.061553 
0.000000 
0.000000 
0.000000 
0.000000 
2.000000 
2.000000 
0.000000 
0.000000 
2.692582 
2.692582 
1.500000 
1.500000 
0.500000 
0.500000 
0.500000 
0.500000 
0.500000 
0.500000 
2.061553 
2.061553 
1.581139 
1.581139 
1.581139 
1.581139 
0.000000 
0.000000 
1.581139 
1.581139 
0.500000 
0.500000 
2.061553 
2.061553 
0.500000 
0.500000 
2.549510 
2.549510 
2.549510 
2.549510 
0.000000 
0.000000 
2.692582 
2.692582 
1.500000 
1.500000 
4.031129 
4.031129 
1.500000 
1.500000 
0.500000 
0.500000 
2.061553 
2.061553 
1.581139 
1.581139 
1.581139 
1.581139 
1.000000 
1.000000 
1.581139 
1.581139 
0.500000 
0.500000 
2.061553 
2.061553 
1.118034 
1.118034 
4.000000 
4.000000 
0.707107 
0.707107 
0.000000 
0.000000 
2.692582 
2.692582 
1.500000 
1.500000 
6.324555 
6.324555 
1.000000 
1.000000 
0.500000 
0.500000 
2.061553 
2.061553 
1.581139 
1.581139 
1.581139 
1.581139 
0.000000 
0.000000 
1.581139 
1.581139 
0.500000 
0.500000 
2.061553 
2.061553 
0.000000 
0.000000 
4.000000 
4.000000 
5.000000 
5.000000 
0.000000 
0.000000 
2.692582 
2.692582 
1.500000 
1.500000 
6.324555 
6.324555 
0.707107 
0.707107 
0.500000 
0.500000 
2.061553 
2.061553 
1.581139 
1.581139 
1.581139 
1.581139 
0.500000 
0.500000 
0.500000 
0.500000 
2.061553 
2.061553 
0.000000 
0.000000 
0.000000 
0.000000 
4.000000 
4.000000 
1.414214 
1.414214 
0.000000 
0.000000 
2.692582 
2.692582 
1.500000 
1.500000 
0.707107 
0.707107 
0.707107 
0.707107 
0.500000 
0.500000 
2.061553 
2.061553 
1.581139 
1.581139 
1.581139 
1.581139 
0.500000 
0.500000 
0.500000 
0.500000 
2.061553 
2.061553 
0.000000 
0.000000 
1.118034 
1.118034 
4.000000 
4.000000 
1.414214 
1.414214 
0.000000 
0.000000 
2.692582 
2.692582 
1.500000 
1.500000 
7.071068 
7.071068 
1.118034 
1.118034 
0.500000 
0.500000 
2.061553 
2.061553 
1.581139 
1.581139 
0.500000 
0.500000 
0.500000 
0.500000 
2.061553 
2.061553 
0.000000 
0.000000 
0.000000 
0.000000 
4.000000 
4.000000 
1.581139 
1.581139 
0.000000 
0.000000 
2.692582 
2.692582 
1.500000 
1.500000 
0.500000 
0.500000 
0.500000 
0.500000 
0.500000 
0.500000 
2.061553 
2.061553 
1.581139 
1.581139 
0.500000 
0.500000 
2.061553 
2.061553 
0.000000 
0.000000 
0.707107 
0.707107 
4.000000 
4.000000 
1.500000 
1.500000 
0.000000 
0.000000 
2.692582 
2.692582 
1.500000 
1.500000 
0.500000 
0.500000 
1.000000 
1.000000 
0.500000 
0.500000 
2.061553 
2.061553 
1.581139 
1.581139 
0.000000 
0.000000 
2.061553 
2.061553 
0.000000 
0.000000 
1.118034 
1.118034 
4.000000 
4.000000 
1.118034 
1.118034 
0.000000 
0.000000 
2.692582 
2.692582 
1.500000 
1.500000 
1.118034 
1.118034 
0.000000 
0.000000 
0.500000 
0.500000 
2.061553 
2.061553 
0.707107 
0.707107 
2.061553 
2.061553 
0.000000 
0.000000 
1.581139 
1.581139 
4.000000 
4.000000 
1.000000 
1.000000 
0.000000 
0.000000 
2.692582 
2.692582 
1.500000 
1.500000 
1.500000 
1.500000 
1.118034 
1.118034 
0.500000 
0.500000 
2.061553 
2.061553 
1.000000 
1.000000 
2.061553 
2.061553 
0.000000 
0.000000 
0.000000 
0.000000 
4.000000 
4.000000 
1.118034 
1.118034 
0.000000 
0.000000 
2.692582 
2.692582 
1.500000 
1.500000 
1.500000 
1.500000 
1.118034 
1.118034 
0.500000 
0.500000 
0.500000 
0.500000 
2.061553 
2.061553 
0.000000 
0.000000 
1.414214 
1.414214 
4.000000 
4.000000 
1.118034 
1.118034 
0.000000 
0.000000 
2.692582 
2.692582 
1.500000 
1.500000 
0.500000 
0.500000 
0.500000 
0.500000 
1.118034 
1.118034 
0.000000 
0.000000 
0.707107 
0.707107 
4.000000 
4.000000 
1.118034 
1.118034 
2.692582 
2.692582 
1.500000 
1.500000 
0.500000 
0.500000 
5.590170 
5.590170 
1.000000 
1.000000 
0.000000 
0.000000 
0.500000 
0.500000 
4.000000 
4.000000 
0.500000 
0.500000 
2.692582 
2.692582 
1.500000 
1.500000 
0.500000 
0.500000 
4.527693 
4.527693 
1.118034 
1.118034 
0.000000 
0.000000 
0.707107 
0.707107 
4.000000 
4.000000 
3.041381 
3.041381 
3.041381 
3.041381 
0.000000 
0.000000 
0.500000 
0.500000 
4.123106 
4.123106 
0.000000 
0.000000 
1.118034 
1.118034 
4.000000 
4.000000 
0.500000 
0.500000 
1.802776 
1.802776 
0.500000 
0.500000 
0.000000 
0.000000 
1.118034 
1.118034 
0.000000 
0.000000 
1.118034 
1.118034 
4.000000 
4.000000 
1.118034 
1.118034 
6.082763 
6.082763 
0.500000 
0.500000 
1.000000 
1.000000 
1.118034 
1.118034 
0.000000 
0.000000 
0.500000 
0.500000 
1.118034 
1.118034 
6.082763 
6.082763 
0.500000 
0.500000 
1.500000 
1.500000 
1.118034 
1.118034 
0.000000 
0.000000 
1.581139 
1.581139 
0.707107 
0.707107 
6.082763 
6.082763 
0.500000 
0.500000 
1.581139 
1.581139 
2.500000 
2.500000 
1.118034 
1.118034 
0.500000 
0.500000 
6.082763 
6.082763 
1.118034 
1.118034 
1.581139 
1.581139 
2.500000 
2.500000 
2.915476 
2.915476 
2.000000 
2.000000 
2.500000 
2.500000 
1.118034 
1.118034 
1.581139 
1.581139 
2.061553 
2.061553 
