0.000000 
0.000000 
0.500000 
0.500000 
1.118034 
1.118034 
6.324555 
6.324555 
6.184658 
6.184658 
20.426698 
20.426698 
5.099020 
5.099020 
4.609772 
4.609772 
3.000000 
3.000000 
1.000000 
1.000000 
1.581139 
1.581139 
9.617692 
9.617692 
3.162278 
3.162278 
3.000000 
3.000000 
7.000000 
7.000000 
0.707107 
0.707107 
0.500000 
0.500000 
0.500000 
0.500000 
1.802776 
1.802776 
1.581139 
1.581139 
1.581139 
1.581139 
1.118034 
1.118034 
0.707107 
0.707107 
0.000000 
0.000000 
1.118034 
1.118034 
0.707107 
0.707107 
1.581139 
1.581139 
0.707107 
0.707107 
1.414214 
1.414214 
0.707107 
0.707107 
1.118034 
1.118034 
0.707107 
0.707107 
0.500000 
0.500000 
0.707107 
0.707107 
0.000000 
0.000000 
0.707107 
0.707107 
0.000000 
0.000000 
0.707107 
0.707107 
7.211103 
7.211103 
0.707107 
0.707107 
0.000000 
0.000000 
0.707107 
0.707107 
0.000000 
0.000000 
0.707107 
0.707107 
0.000000 
0.000000 
0.707107 
0.707107 
0.000000 
0.000000 
0.707107 
0.707107 
1.118034 
1.118034 
0.707107 
0.707107 
0.500000 
0.500000 
0.707107 
0.707107 
5.500000 
5.500000 
0.707107 
0.707107 
0.707107 
0.707107 
