0.000000 
0.000000 
0.000000 
0.000000 
0.000000 
0.000000 
0.000000 
0.000000 
0.000000 
0.000000 
0.500000 
0.500000 
4.500000 
4.500000 
0.707107 
0.707107 
2.236068 
2.236068 
1.118034 
1.118034 
0.500000 
0.500000 
1.581139 
1.581139 
3.162278 
3.162278 
1.581139 
1.581139 
1.000000 
1.000000 
1.414214 
1.414214 
2.549510 
2.549510 
0.500000 
0.500000 
5.522681 
5.522681 
0.000000 
0.000000 
0.000000 
0.000000 
1.414214 
1.414214 
2.061553 
2.061553 
1.118034 
1.118034 
1.118034 
1.118034 
3.041381 
3.041381 
0.000000 
0.000000 
1.414214 
1.414214 
2.000000 
2.000000 
1.500000 
1.500000 
1.000000 
1.000000 
0.707107 
0.707107 
0.000000 
0.000000 
1.414214 
1.414214 
1.500000 
1.500000 
1.000000 
1.000000 
1.802776 
1.802776 
1.118034 
1.118034 
0.000000 
0.000000 
1.414214 
1.414214 
1.118034 
1.118034 
0.500000 
0.500000 
1.802776 
1.802776 
1.000000 
1.000000 
0.000000 
0.000000 
0.000000 
0.000000 
1.414214 
1.414214 
0.000000 
0.000000 
0.500000 
0.500000 
1.581139 
1.581139 
1.000000 
1.000000 
1.500000 
1.500000 
0.000000 
0.000000 
1.414214 
1.414214 
0.000000 
0.000000 
0.500000 
0.500000 
1.581139 
1.581139 
1.000000 
1.000000 
0.000000 
0.000000 
1.500000 
1.500000 
0.000000 
0.000000 
1.414214 
1.414214 
0.500000 
0.500000 
0.500000 
0.500000 
1.000000 
1.000000 
1.000000 
1.000000 
1.118034 
1.118034 
1.500000 
1.500000 
0.000000 
0.000000 
1.414214 
1.414214 
0.500000 
0.500000 
0.500000 
0.500000 
5.590170 
5.590170 
1.000000 
1.000000 
1.118034 
1.118034 
1.500000 
1.500000 
0.000000 
0.000000 
1.414214 
1.414214 
0.000000 
0.000000 
0.500000 
0.500000 
1.581139 
1.581139 
1.000000 
1.000000 
0.000000 
0.000000 
0.000000 
0.000000 
1.118034 
1.118034 
1.500000 
1.500000 
0.000000 
0.000000 
1.414214 
1.414214 
0.500000 
0.500000 
0.500000 
0.500000 
1.414214 
1.414214 
1.000000 
1.000000 
0.000000 
0.000000 
1.802776 
1.802776 
0.000000 
0.000000 
1.118034 
1.118034 
1.500000 
1.500000 
0.000000 
0.000000 
1.414214 
1.414214 
1.000000 
1.000000 
0.500000 
0.500000 
2.061553 
2.061553 
1.000000 
1.000000 
0.000000 
0.000000 
0.000000 
0.000000 
0.000000 
0.000000 
0.000000 
0.000000 
1.802776 
1.802776 
0.000000 
0.000000 
1.118034 
1.118034 
1.500000 
1.500000 
0.000000 
0.000000 
1.414214 
1.414214 
0.707107 
0.707107 
0.500000 
0.500000 
1.802776 
1.802776 
1.000000 
1.000000 
2.000000 
2.000000 
0.500000 
0.500000 
1.581139 
1.581139 
0.000000 
0.000000 
1.802776 
1.802776 
0.000000 
0.000000 
1.118034 
1.118034 
1.500000 
1.500000 
0.000000 
0.000000 
1.414214 
1.414214 
3.041381 
3.041381 
0.500000 
0.500000 
1.414214 
1.414214 
1.000000 
1.000000 
0.000000 
0.000000 
2.000000 
2.000000 
0.500000 
0.500000 
1.802776 
1.802776 
0.000000 
0.000000 
1.802776 
1.802776 
0.000000 
0.000000 
1.118034 
1.118034 
1.500000 
1.500000 
0.000000 
0.000000 
1.414214 
1.414214 
0.500000 
0.500000 
0.500000 
0.500000 
2.500000 
2.500000 
1.000000 
1.000000 
0.000000 
0.000000 
0.000000 
0.000000 
0.000000 
0.000000 
2.000000 
2.000000 
0.500000 
0.500000 
1.802776 
1.802776 
0.000000 
0.000000 
1.802776 
1.802776 
0.000000 
0.000000 
1.118034 
1.118034 
1.500000 
1.500000 
0.000000 
0.000000 
1.000000 
1.000000 
0.500000 
0.500000 
1.118034 
1.118034 
1.000000 
1.000000 
1.500000 
1.500000 
1.802776 
1.802776 
0.000000 
0.000000 
2.000000 
2.000000 
0.707107 
0.707107 
1.802776 
1.802776 
0.000000 
0.000000 
1.802776 
1.802776 
0.000000 
0.000000 
1.118034 
1.118034 
1.500000 
1.500000 
0.500000 
0.500000 
0.500000 
0.500000 
3.041381 
3.041381 
1.000000 
1.000000 
0.000000 
0.000000 
1.581139 
1.581139 
1.802776 
1.802776 
0.000000 
0.000000 
2.000000 
2.000000 
0.707107 
0.707107 
1.802776 
1.802776 
0.000000 
0.000000 
1.802776 
1.802776 
0.000000 
0.000000 
1.118034 
1.118034 
1.500000 
1.500000 
1.118034 
1.118034 
0.500000 
0.500000 
1.500000 
1.500000 
1.000000 
1.000000 
0.000000 
0.000000 
1.500000 
1.500000 
1.581139 
1.581139 
1.802776 
1.802776 
0.000000 
0.000000 
2.000000 
2.000000 
0.707107 
0.707107 
1.802776 
1.802776 
0.000000 
0.000000 
1.802776 
1.802776 
0.000000 
0.000000 
1.118034 
1.118034 
1.500000 
1.500000 
2.000000 
2.000000 
0.500000 
0.500000 
1.118034 
1.118034 
1.000000 
1.000000 
0.000000 
0.000000 
0.000000 
0.000000 
1.500000 
1.500000 
1.581139 
1.581139 
1.802776 
1.802776 
0.000000 
0.000000 
2.000000 
2.000000 
0.707107 
0.707107 
1.802776 
1.802776 
0.000000 
0.000000 
1.802776 
1.802776 
0.000000 
0.000000 
1.118034 
1.118034 
1.500000 
1.500000 
1.802776 
1.802776 
0.500000 
0.500000 
1.581139 
1.581139 
1.581139 
1.581139 
0.000000 
0.000000 
3.640055 
3.640055 
1.581139 
1.581139 
1.802776 
1.802776 
0.000000 
0.000000 
2.000000 
2.000000 
0.707107 
0.707107 
1.802776 
1.802776 
0.000000 
0.000000 
1.802776 
1.802776 
0.000000 
0.000000 
1.118034 
1.118034 
1.500000 
1.500000 
1.000000 
1.000000 
1.802776 
1.802776 
0.000000 
0.000000 
0.000000 
0.000000 
0.000000 
0.000000 
1.581139 
1.581139 
0.000000 
0.000000 
1.581139 
1.581139 
1.581139 
1.581139 
1.802776 
1.802776 
0.000000 
0.000000 
2.000000 
2.000000 
0.707107 
0.707107 
1.802776 
1.802776 
0.000000 
0.000000 
1.802776 
1.802776 
0.000000 
0.000000 
1.118034 
1.118034 
1.000000 
1.000000 
1.802776 
1.802776 
0.000000 
0.000000 
1.118034 
1.118034 
1.414214 
1.414214 
1.414214 
1.414214 
1.581139 
1.581139 
0.000000 
0.000000 
1.581139 
1.581139 
1.581139 
1.581139 
1.802776 
1.802776 
0.000000 
0.000000 
2.000000 
2.000000 
0.707107 
0.707107 
1.802776 
1.802776 
0.000000 
0.000000 
1.802776 
1.802776 
0.000000 
0.000000 
1.118034 
1.118034 
1.000000 
1.000000 
1.802776 
1.802776 
0.707107 
0.707107 
2.549510 
2.549510 
0.707107 
0.707107 
1.500000 
1.500000 
1.581139 
1.581139 
0.000000 
0.000000 
1.000000 
1.000000 
1.581139 
1.581139 
1.802776 
1.802776 
0.000000 
0.000000 
2.000000 
2.000000 
0.707107 
0.707107 
1.802776 
1.802776 
0.000000 
0.000000 
1.802776 
1.802776 
0.000000 
0.000000 
1.000000 
1.000000 
1.802776 
1.802776 
0.500000 
0.500000 
0.500000 
0.500000 
3.000000 
3.000000 
1.118034 
1.118034 
1.581139 
1.581139 
0.000000 
0.000000 
0.500000 
0.500000 
1.581139 
1.581139 
1.802776 
1.802776 
0.000000 
0.000000 
2.000000 
2.000000 
0.707107 
0.707107 
1.802776 
1.802776 
0.000000 
0.000000 
1.802776 
1.802776 
0.000000 
0.000000 
1.000000 
1.000000 
1.802776 
1.802776 
0.000000 
0.000000 
0.500000 
0.500000 
0.500000 
0.500000 
0.500000 
0.500000 
3.041381 
3.041381 
1.581139 
1.581139 
0.000000 
0.000000 
0.000000 
0.000000 
1.581139 
1.581139 
1.802776 
1.802776 
0.000000 
0.000000 
2.000000 
2.000000 
0.707107 
0.707107 
1.802776 
1.802776 
0.000000 
0.000000 
1.802776 
1.802776 
1.000000 
1.000000 
1.802776 
1.802776 
1.000000 
1.000000 
0.500000 
0.500000 
0.500000 
0.500000 
2.000000 
2.000000 
0.500000 
0.500000 
1.581139 
1.581139 
0.000000 
0.000000 
0.000000 
0.000000 
1.581139 
1.581139 
1.802776 
1.802776 
0.000000 
0.000000 
2.000000 
2.000000 
0.707107 
0.707107 
1.802776 
1.802776 
1.000000 
1.000000 
1.802776 
1.802776 
2.915476 
2.915476 
0.707107 
0.707107 
0.000000 
0.000000 
3.000000 
3.000000 
1.118034 
1.118034 
1.581139 
1.581139 
0.000000 
0.000000 
0.500000 
0.500000 
1.581139 
1.581139 
1.802776 
1.802776 
0.000000 
0.000000 
2.000000 
2.000000 
0.707107 
0.707107 
1.802776 
1.802776 
1.000000 
1.000000 
1.802776 
1.802776 
2.692582 
2.692582 
1.000000 
1.000000 
2.500000 
2.500000 
0.707107 
0.707107 
1.000000 
1.000000 
1.581139 
1.581139 
0.000000 
0.000000 
0.707107 
0.707107 
1.581139 
1.581139 
1.802776 
1.802776 
0.000000 
0.000000 
0.707107 
0.707107 
1.802776 
1.802776 
1.000000 
1.000000 
1.802776 
1.802776 
2.549510 
2.549510 
0.500000 
0.500000 
3.041381 
3.041381 
1.414214 
1.414214 
0.707107 
0.707107 
1.581139 
1.581139 
0.000000 
0.000000 
0.000000 
0.000000 
1.581139 
1.581139 
1.802776 
1.802776 
0.707107 
0.707107 
1.000000 
1.000000 
1.802776 
1.802776 
1.581139 
1.581139 
2.236068 
2.236068 
0.707107 
0.707107 
0.500000 
0.500000 
1.000000 
1.000000 
1.581139 
1.581139 
0.000000 
0.000000 
0.500000 
0.500000 
1.581139 
1.581139 
1.802776 
1.802776 
0.707107 
0.707107 
1.000000 
1.000000 
1.802776 
1.802776 
0.000000 
0.000000 
0.000000 
0.000000 
0.500000 
0.500000 
0.707107 
0.707107 
0.707107 
0.707107 
0.500000 
0.500000 
1.000000 
1.000000 
1.581139 
1.581139 
0.000000 
0.000000 
0.707107 
0.707107 
1.581139 
1.581139 
1.000000 
1.000000 
1.802776 
1.802776 
0.500000 
0.500000 
1.581139 
1.581139 
0.707107 
0.707107 
2.549510 
2.549510 
1.000000 
1.000000 
0.000000 
0.000000 
1.000000 
1.000000 
1.581139 
1.581139 
0.000000 
0.000000 
1.118034 
1.118034 
1.000000 
1.000000 
1.802776 
1.802776 
1.118034 
1.118034 
1.000000 
1.000000 
0.707107 
0.707107 
0.000000 
0.000000 
1.000000 
1.000000 
0.000000 
0.000000 
1.000000 
1.000000 
1.581139 
1.581139 
0.000000 
0.000000 
1.000000 
1.000000 
1.802776 
1.802776 
0.000000 
0.000000 
2.000000 
2.000000 
0.707107 
0.707107 
0.500000 
0.500000 
0.000000 
0.000000 
0.000000 
0.000000 
1.000000 
1.000000 
1.581139 
1.581139 
1.118034 
1.118034 
1.000000 
1.000000 
1.802776 
1.802776 
0.000000 
0.000000 
0.000000 
0.000000 
0.000000 
0.000000 
0.707107 
0.707107 
0.707107 
0.707107 
0.707107 
0.707107 
0.707107 
0.707107 
0.000000 
0.000000 
1.000000 
1.000000 
4.123106 
4.123106 
1.000000 
1.000000 
