0.000000 
0.000000 
0.000000 
0.000000 
0.000000 
0.000000 
0.000000 
0.000000 
0.000000 
0.000000 
8.015610 
8.015610 
2.061553 
2.061553 
1.000000 
1.000000 
0.500000 
0.500000 
1.500000 
1.500000 
0.000000 
0.000000 
0.500000 
0.500000 
1.581139 
1.581139 
1.414214 
1.414214 
0.500000 
0.500000 
0.707107 
0.707107 
0.000000 
0.000000 
0.500000 
0.500000 
0.500000 
0.500000 
6.020797 
6.020797 
4.031129 
4.031129 
4.527693 
4.527693 
0.000000 
0.000000 
0.500000 
0.500000 
0.500000 
0.500000 
0.707107 
0.707107 
1.118034 
1.118034 
1.118034 
1.118034 
0.707107 
0.707107 
0.500000 
0.500000 
0.500000 
0.500000 
2.121320 
2.121320 
3.041381 
3.041381 
2.500000 
2.500000 
0.707107 
0.707107 
0.500000 
0.500000 
1.500000 
1.500000 
0.707107 
0.707107 
3.535534 
3.535534 
3.041381 
3.041381 
0.707107 
0.707107 
0.500000 
0.500000 
1.000000 
1.000000 
4.272002 
4.272002 
3.535534 
3.535534 
1.500000 
1.500000 
0.000000 
0.000000 
0.707107 
0.707107 
0.500000 
0.500000 
1.500000 
1.500000 
2.000000 
2.000000 
3.535534 
3.535534 
10.000000 
10.000000 
0.000000 
0.000000 
0.000000 
0.000000 
0.707107 
0.707107 
0.500000 
0.500000 
1.581139 
1.581139 
0.500000 
0.500000 
3.535534 
3.535534 
10.000000 
10.000000 
2.236068 
2.236068 
0.000000 
0.000000 
0.707107 
0.707107 
0.500000 
0.500000 
1.581139 
1.581139 
1.000000 
1.000000 
3.535534 
3.535534 
10.000000 
10.000000 
2.236068 
2.236068 
0.000000 
0.000000 
0.707107 
0.707107 
0.500000 
0.500000 
1.000000 
1.000000 
3.535534 
3.535534 
3.535534 
3.535534 
10.000000 
10.000000 
2.236068 
2.236068 
0.000000 
0.000000 
0.707107 
0.707107 
0.500000 
0.500000 
1.118034 
1.118034 
1.000000 
1.000000 
3.535534 
3.535534 
10.000000 
10.000000 
0.000000 
0.000000 
0.000000 
0.000000 
2.236068 
2.236068 
0.000000 
0.000000 
0.707107 
0.707107 
0.500000 
0.500000 
0.500000 
0.500000 
1.000000 
1.000000 
3.535534 
3.535534 
10.000000 
10.000000 
0.000000 
0.000000 
3.041381 
3.041381 
2.692582 
2.692582 
2.236068 
2.236068 
0.000000 
0.000000 
0.707107 
0.707107 
0.500000 
0.500000 
0.500000 
0.500000 
3.535534 
3.535534 
3.535534 
3.535534 
10.000000 
10.000000 
2.061553 
2.061553 
3.535534 
3.535534 
4.031129 
4.031129 
2.236068 
2.236068 
0.000000 
0.000000 
0.707107 
0.707107 
0.500000 
0.500000 
0.000000 
0.000000 
0.500000 
0.500000 
3.535534 
3.535534 
10.000000 
10.000000 
0.000000 
0.000000 
2.061553 
2.061553 
3.535534 
3.535534 
4.031129 
4.031129 
2.236068 
2.236068 
0.000000 
0.000000 
0.707107 
0.707107 
0.500000 
0.500000 
2.549510 
2.549510 
5.656854 
5.656854 
3.535534 
3.535534 
10.000000 
10.000000 
2.061553 
2.061553 
2.061553 
2.061553 
3.535534 
3.535534 
4.031129 
4.031129 
2.236068 
2.236068 
0.000000 
0.000000 
0.707107 
0.707107 
0.707107 
0.707107 
0.000000 
0.000000 
3.535534 
3.535534 
10.000000 
10.000000 
0.000000 
0.000000 
2.549510 
2.549510 
2.061553 
2.061553 
3.535534 
3.535534 
4.031129 
4.031129 
2.236068 
2.236068 
0.000000 
0.000000 
0.707107 
0.707107 
0.707107 
0.707107 
1.000000 
1.000000 
3.535534 
3.535534 
10.000000 
10.000000 
0.000000 
0.000000 
3.640055 
3.640055 
2.500000 
2.500000 
2.061553 
2.061553 
3.535534 
3.535534 
4.031129 
4.031129 
2.236068 
2.236068 
0.000000 
0.000000 
0.707107 
0.707107 
0.707107 
0.707107 
0.000000 
0.000000 
3.535534 
3.535534 
10.000000 
10.000000 
0.000000 
0.000000 
0.000000 
0.000000 
0.000000 
0.000000 
2.692582 
2.692582 
6.020797 
6.020797 
2.061553 
2.061553 
3.535534 
3.535534 
4.031129 
4.031129 
2.236068 
2.236068 
0.000000 
0.000000 
0.707107 
0.707107 
0.500000 
0.500000 
3.535534 
3.535534 
10.000000 
10.000000 
0.000000 
0.000000 
1.802776 
1.802776 
0.000000 
0.000000 
2.692582 
2.692582 
1.581139 
1.581139 
2.061553 
2.061553 
3.535534 
3.535534 
4.031129 
4.031129 
2.236068 
2.236068 
0.000000 
0.000000 
0.707107 
0.707107 
0.707107 
0.707107 
10.000000 
10.000000 
0.000000 
0.000000 
2.061553 
2.061553 
0.000000 
0.000000 
2.692582 
2.692582 
2.692582 
2.692582 
2.061553 
2.061553 
3.535534 
3.535534 
4.031129 
4.031129 
2.236068 
2.236068 
0.000000 
0.000000 
0.707107 
0.707107 
1.414214 
1.414214 
10.000000 
10.000000 
0.000000 
0.000000 
2.061553 
2.061553 
0.000000 
0.000000 
2.692582 
2.692582 
1.500000 
1.500000 
2.061553 
2.061553 
3.535534 
3.535534 
4.031129 
4.031129 
2.236068 
2.236068 
0.707107 
0.707107 
1.414214 
1.414214 
0.000000 
0.000000 
2.061553 
2.061553 
0.000000 
0.000000 
2.692582 
2.692582 
2.061553 
2.061553 
2.061553 
2.061553 
3.535534 
3.535534 
4.031129 
4.031129 
2.236068 
2.236068 
0.707107 
0.707107 
1.414214 
1.414214 
0.000000 
0.000000 
2.061553 
2.061553 
0.000000 
0.000000 
2.692582 
2.692582 
2.061553 
2.061553 
2.061553 
2.061553 
3.535534 
3.535534 
4.031129 
4.031129 
0.707107 
0.707107 
1.414214 
1.414214 
0.000000 
0.000000 
2.061553 
2.061553 
0.000000 
0.000000 
2.692582 
2.692582 
2.061553 
2.061553 
2.061553 
2.061553 
3.535534 
3.535534 
4.031129 
4.031129 
2.061553 
2.061553 
1.414214 
1.414214 
0.000000 
0.000000 
2.061553 
2.061553 
0.000000 
0.000000 
2.692582 
2.692582 
2.061553 
2.061553 
2.061553 
2.061553 
3.535534 
3.535534 
4.031129 
4.031129 
2.061553 
2.061553 
1.414214 
1.414214 
0.000000 
0.000000 
2.061553 
2.061553 
0.000000 
0.000000 
2.692582 
2.692582 
2.061553 
2.061553 
2.061553 
2.061553 
3.535534 
3.535534 
4.031129 
4.031129 
2.061553 
2.061553 
1.000000 
1.000000 
0.000000 
0.000000 
2.061553 
2.061553 
0.000000 
0.000000 
2.692582 
2.692582 
2.061553 
2.061553 
2.061553 
2.061553 
3.535534 
3.535534 
4.031129 
4.031129 
2.061553 
2.061553 
0.707107 
0.707107 
0.000000 
0.000000 
2.061553 
2.061553 
0.000000 
0.000000 
2.692582 
2.692582 
2.061553 
2.061553 
4.527693 
4.527693 
1.000000 
1.000000 
0.000000 
0.000000 
2.061553 
2.061553 
0.000000 
0.000000 
2.692582 
2.692582 
2.061553 
2.061553 
0.500000 
0.500000 
0.707107 
0.707107 
0.000000 
0.000000 
0.000000 
0.000000 
2.061553 
2.061553 
0.000000 
0.000000 
2.692582 
2.692582 
2.061553 
2.061553 
1.000000 
1.000000 
1.000000 
1.000000 
0.000000 
0.000000 
0.000000 
0.000000 
0.000000 
0.000000 
2.061553 
2.061553 
0.000000 
0.000000 
2.692582 
2.692582 
2.061553 
2.061553 
6.519202 
6.519202 
1.118034 
1.118034 
1.000000 
1.000000 
0.000000 
0.000000 
0.000000 
0.000000 
2.061553 
2.061553 
2.692582 
2.692582 
2.061553 
2.061553 
6.964194 
6.964194 
1.500000 
1.500000 
2.549510 
2.549510 
0.000000 
0.000000 
2.061553 
2.061553 
2.061553 
2.061553 
2.500000 
2.500000 
1.500000 
1.500000 
0.000000 
0.000000 
2.061553 
2.061553 
0.000000 
0.000000 
2.061553 
2.061553 
2.061553 
2.061553 
1.500000 
1.500000 
1.500000 
1.500000 
0.000000 
0.000000 
0.500000 
0.500000 
2.061553 
2.061553 
0.000000 
0.000000 
2.061553 
2.061553 
7.017834 
7.017834 
1.500000 
1.500000 
2.500000 
2.500000 
1.414214 
1.414214 
2.061553 
2.061553 
0.000000 
0.000000 
2.061553 
2.061553 
5.024938 
5.024938 
1.500000 
1.500000 
