0.000000 
0.000000 
2.000000 
2.000000 
1.000000 
1.000000 
5.500000 
5.500000 
0.000000 
0.000000 
3.162278 
3.162278 
0.000000 
0.000000 
0.000000 
0.000000 
3.000000 
3.000000 
1.581139 
1.581139 
0.000000 
0.000000 
1.581139 
1.581139 
0.000000 
0.000000 
1.581139 
1.581139 
0.000000 
0.000000 
0.500000 
0.500000 
1.118034 
1.118034 
1.581139 
1.581139 
0.000000 
0.000000 
0.707107 
0.707107 
0.000000 
0.000000 
0.500000 
0.500000 
1.581139 
1.581139 
0.000000 
0.000000 
0.500000 
0.500000 
1.118034 
1.118034 
0.707107 
0.707107 
1.581139 
1.581139 
0.000000 
0.000000 
1.000000 
1.000000 
0.707107 
0.707107 
1.581139 
1.581139 
1.581139 
1.581139 
0.000000 
0.000000 
3.500000 
3.500000 
1.118034 
1.118034 
1.581139 
1.581139 
2.692582 
2.692582 
0.000000 
0.000000 
3.500000 
3.500000 
1.118034 
1.118034 
1.581139 
1.581139 
4.031129 
4.031129 
0.000000 
0.000000 
3.500000 
3.500000 
0.000000 
0.000000 
0.000000 
0.000000 
0.000000 
0.000000 
1.118034 
1.118034 
1.581139 
1.581139 
4.031129 
4.031129 
0.000000 
0.000000 
3.500000 
3.500000 
0.000000 
0.000000 
3.162278 
3.162278 
2.236068 
2.236068 
1.118034 
1.118034 
1.581139 
1.581139 
4.031129 
4.031129 
0.000000 
0.000000 
3.500000 
3.500000 
0.000000 
0.000000 
3.162278 
3.162278 
2.236068 
2.236068 
1.118034 
1.118034 
1.581139 
1.581139 
4.031129 
4.031129 
0.000000 
0.000000 
3.500000 
3.500000 
0.000000 
0.000000 
3.162278 
3.162278 
2.236068 
2.236068 
1.118034 
1.118034 
1.581139 
1.581139 
4.031129 
4.031129 
0.000000 
0.000000 
3.500000 
3.500000 
0.000000 
0.000000 
3.162278 
3.162278 
2.236068 
2.236068 
1.118034 
1.118034 
1.581139 
1.581139 
4.031129 
4.031129 
0.000000 
0.000000 
3.500000 
3.500000 
0.000000 
0.000000 
3.162278 
3.162278 
2.236068 
2.236068 
1.118034 
1.118034 
1.581139 
1.581139 
4.031129 
4.031129 
3.500000 
3.500000 
0.000000 
0.000000 
3.162278 
3.162278 
2.236068 
2.236068 
1.118034 
1.118034 
1.581139 
1.581139 
4.031129 
4.031129 
3.500000 
3.500000 
0.000000 
0.000000 
3.162278 
3.162278 
2.236068 
2.236068 
1.118034 
1.118034 
1.581139 
1.581139 
4.031129 
4.031129 
3.500000 
3.500000 
0.000000 
0.000000 
3.162278 
3.162278 
2.236068 
2.236068 
1.118034 
1.118034 
1.581139 
1.581139 
4.031129 
4.031129 
3.500000 
3.500000 
0.000000 
0.000000 
3.162278 
3.162278 
2.236068 
2.236068 
1.118034 
1.118034 
1.581139 
1.581139 
4.031129 
4.031129 
3.500000 
3.500000 
0.000000 
0.000000 
3.162278 
3.162278 
2.236068 
2.236068 
1.118034 
1.118034 
1.581139 
1.581139 
4.031129 
4.031129 
3.500000 
3.500000 
0.000000 
0.000000 
3.162278 
3.162278 
2.236068 
2.236068 
1.118034 
1.118034 
1.581139 
1.581139 
4.031129 
4.031129 
3.500000 
3.500000 
0.000000 
0.000000 
0.000000 
0.000000 
3.162278 
3.162278 
2.236068 
2.236068 
1.118034 
1.118034 
4.031129 
4.031129 
0.000000 
0.000000 
0.000000 
0.000000 
3.162278 
3.162278 
2.236068 
2.236068 
1.118034 
1.118034 
4.031129 
4.031129 
0.000000 
0.000000 
0.000000 
0.000000 
0.000000 
0.000000 
0.000000 
0.000000 
0.000000 
0.000000 
3.162278 
3.162278 
2.236068 
2.236068 
0.000000 
0.000000 
0.000000 
0.000000 
0.000000 
0.000000 
0.000000 
0.000000 
0.000000 
0.000000 
0.000000 
0.000000 
0.000000 
0.000000 
3.807887 
3.807887 
0.000000 
0.000000 
3.162278 
3.162278 
2.236068 
2.236068 
0.000000 
0.000000 
0.000000 
0.000000 
1.802776 
1.802776 
1.581139 
1.581139 
1.802776 
1.802776 
2.236068 
2.236068 
4.472136 
4.472136 
0.000000 
0.000000 
0.000000 
0.000000 
3.807887 
3.807887 
0.000000 
0.000000 
0.000000 
0.000000 
3.640055 
3.640055 
2.500000 
2.500000 
1.802776 
1.802776 
1.118034 
1.118034 
1.802776 
1.802776 
1.802776 
1.802776 
2.692582 
2.692582 
0.000000 
0.000000 
0.000000 
0.000000 
3.807887 
3.807887 
0.000000 
0.000000 
0.000000 
0.000000 
0.000000 
0.000000 
0.000000 
0.000000 
0.000000 
0.000000 
1.500000 
1.500000 
3.640055 
3.640055 
2.915476 
2.915476 
1.802776 
1.802776 
1.118034 
1.118034 
1.802776 
1.802776 
1.802776 
1.802776 
2.236068 
2.236068 
0.000000 
0.000000 
0.000000 
0.000000 
3.807887 
3.807887 
0.000000 
0.000000 
0.000000 
0.000000 
0.000000 
0.000000 
0.000000 
0.000000 
1.118034 
1.118034 
2.236068 
2.236068 
2.061553 
2.061553 
4.123106 
4.123106 
3.640055 
3.640055 
2.549510 
2.549510 
1.802776 
1.802776 
1.118034 
1.118034 
1.802776 
1.802776 
1.802776 
1.802776 
2.236068 
2.236068 
0.000000 
0.000000 
0.000000 
0.000000 
3.807887 
3.807887 
0.000000 
0.000000 
0.000000 
0.000000 
0.000000 
0.000000 
1.581139 
1.581139 
1.118034 
1.118034 
0.000000 
0.000000 
1.118034 
1.118034 
4.031129 
4.031129 
2.061553 
2.061553 
2.061553 
2.061553 
3.640055 
3.640055 
2.828427 
2.828427 
1.802776 
1.802776 
1.118034 
1.118034 
1.802776 
1.802776 
1.802776 
1.802776 
2.236068 
2.236068 
0.000000 
0.000000 
0.000000 
0.000000 
3.807887 
3.807887 
0.000000 
0.000000 
3.000000 
3.000000 
1.581139 
1.581139 
1.500000 
1.500000 
3.041381 
3.041381 
0.000000 
0.000000 
1.414214 
1.414214 
2.236068 
2.236068 
2.061553 
2.061553 
1.581139 
1.581139 
3.640055 
3.640055 
4.527693 
4.527693 
1.802776 
1.802776 
1.118034 
1.118034 
1.802776 
1.802776 
1.802776 
1.802776 
2.236068 
2.236068 
0.000000 
0.000000 
0.000000 
0.000000 
3.807887 
3.807887 
0.000000 
0.000000 
0.000000 
0.000000 
6.082763 
6.082763 
2.000000 
2.000000 
4.031129 
4.031129 
2.061553 
2.061553 
0.000000 
0.000000 
1.414214 
1.414214 
1.000000 
1.000000 
2.061553 
2.061553 
3.535534 
3.535534 
3.640055 
3.640055 
2.061553 
2.061553 
1.802776 
1.802776 
1.118034 
1.118034 
1.802776 
1.802776 
1.802776 
1.802776 
2.236068 
2.236068 
0.000000 
0.000000 
0.000000 
0.000000 
3.807887 
3.807887 
0.000000 
0.000000 
4.000000 
4.000000 
1.414214 
1.414214 
2.500000 
2.500000 
0.500000 
0.500000 
1.581139 
1.581139 
0.000000 
0.000000 
1.414214 
1.414214 
0.500000 
0.500000 
2.061553 
2.061553 
0.500000 
0.500000 
3.640055 
3.640055 
1.414214 
1.414214 
1.802776 
1.802776 
1.118034 
1.118034 
1.802776 
1.802776 
1.802776 
1.802776 
2.236068 
2.236068 
0.000000 
0.000000 
0.000000 
0.000000 
3.807887 
3.807887 
0.000000 
0.000000 
0.707107 
0.707107 
1.802776 
1.802776 
1.500000 
1.500000 
0.500000 
0.500000 
1.500000 
1.500000 
0.000000 
0.000000 
1.414214 
1.414214 
0.707107 
0.707107 
2.061553 
2.061553 
2.500000 
2.500000 
3.640055 
3.640055 
0.500000 
0.500000 
1.802776 
1.802776 
1.118034 
1.118034 
1.802776 
1.802776 
1.802776 
1.802776 
2.236068 
2.236068 
0.000000 
0.000000 
0.000000 
0.000000 
3.807887 
3.807887 
0.000000 
0.000000 
