0.000000 
0.000000 
0.000000 
0.000000 
0.000000 
0.000000 
0.000000 
0.000000 
0.000000 
0.000000 
0.000000 
0.000000 
0.707107 
0.707107 
0.000000 
0.000000 
0.500000 
0.500000 
1.000000 
1.000000 
1.802776 
1.802776 
2.061553 
2.061553 
0.000000 
0.000000 
3.162278 
3.162278 
0.000000 
0.000000 
1.414214 
1.414214 
1.414214 
1.414214 
1.802776 
1.802776 
2.061553 
2.061553 
0.000000 
0.000000 
0.000000 
0.000000 
0.000000 
0.000000 
0.000000 
0.000000 
3.162278 
3.162278 
0.000000 
0.000000 
1.414214 
1.414214 
1.414214 
1.414214 
1.802776 
1.802776 
2.061553 
2.061553 
2.549510 
2.549510 
2.061553 
2.061553 
3.640055 
3.640055 
0.000000 
0.000000 
3.162278 
3.162278 
0.000000 
0.000000 
1.414214 
1.414214 
1.414214 
1.414214 
1.802776 
1.802776 
2.061553 
2.061553 
0.000000 
0.000000 
2.549510 
2.549510 
2.061553 
2.061553 
3.640055 
3.640055 
0.000000 
0.000000 
3.162278 
3.162278 
0.000000 
0.000000 
1.414214 
1.414214 
1.414214 
1.414214 
1.802776 
1.802776 
2.061553 
2.061553 
3.640055 
3.640055 
2.549510 
2.549510 
2.061553 
2.061553 
3.640055 
3.640055 
0.000000 
0.000000 
3.162278 
3.162278 
0.000000 
0.000000 
1.414214 
1.414214 
1.414214 
1.414214 
1.802776 
1.802776 
2.061553 
2.061553 
3.640055 
3.640055 
2.549510 
2.549510 
2.061553 
2.061553 
3.640055 
3.640055 
0.000000 
0.000000 
3.162278 
3.162278 
0.000000 
0.000000 
1.414214 
1.414214 
1.414214 
1.414214 
1.802776 
1.802776 
2.061553 
2.061553 
3.640055 
3.640055 
2.549510 
2.549510 
2.061553 
2.061553 
3.640055 
3.640055 
0.000000 
0.000000 
3.162278 
3.162278 
0.000000 
0.000000 
1.414214 
1.414214 
1.414214 
1.414214 
1.802776 
1.802776 
2.061553 
2.061553 
3.640055 
3.640055 
2.549510 
2.549510 
2.061553 
2.061553 
3.640055 
3.640055 
0.000000 
0.000000 
3.162278 
3.162278 
0.000000 
0.000000 
1.414214 
1.414214 
1.414214 
1.414214 
1.802776 
1.802776 
2.061553 
2.061553 
0.000000 
0.000000 
3.640055 
3.640055 
2.549510 
2.549510 
2.061553 
2.061553 
3.640055 
3.640055 
0.000000 
0.000000 
3.162278 
3.162278 
0.000000 
0.000000 
1.414214 
1.414214 
1.414214 
1.414214 
1.802776 
1.802776 
2.061553 
2.061553 
0.000000 
0.000000 
3.640055 
3.640055 
2.549510 
2.549510 
2.061553 
2.061553 
3.640055 
3.640055 
0.000000 
0.000000 
3.162278 
3.162278 
0.000000 
0.000000 
1.414214 
1.414214 
1.414214 
1.414214 
1.802776 
1.802776 
2.061553 
2.061553 
0.000000 
0.000000 
0.000000 
0.000000 
3.640055 
3.640055 
2.549510 
2.549510 
2.061553 
2.061553 
3.640055 
3.640055 
0.000000 
0.000000 
3.162278 
3.162278 
0.000000 
0.000000 
1.414214 
1.414214 
1.414214 
1.414214 
1.802776 
1.802776 
2.061553 
2.061553 
0.000000 
0.000000 
0.000000 
0.000000 
0.000000 
0.000000 
0.000000 
0.000000 
3.640055 
3.640055 
2.549510 
2.549510 
2.061553 
2.061553 
3.640055 
3.640055 
0.000000 
0.000000 
3.162278 
3.162278 
0.000000 
0.000000 
1.414214 
1.414214 
1.414214 
1.414214 
1.802776 
1.802776 
2.061553 
2.061553 
0.000000 
0.000000 
2.692582 
2.692582 
0.000000 
0.000000 
0.000000 
0.000000 
0.000000 
0.000000 
3.640055 
3.640055 
2.549510 
2.549510 
2.061553 
2.061553 
3.640055 
3.640055 
0.000000 
0.000000 
3.162278 
3.162278 
0.000000 
0.000000 
1.414214 
1.414214 
1.414214 
1.414214 
1.802776 
1.802776 
2.061553 
2.061553 
3.162278 
3.162278 
4.301163 
4.301163 
0.000000 
0.000000 
0.000000 
0.000000 
0.000000 
0.000000 
3.640055 
3.640055 
2.549510 
2.549510 
2.061553 
2.061553 
3.640055 
3.640055 
0.000000 
0.000000 
3.162278 
3.162278 
1.414214 
1.414214 
1.414214 
1.414214 
1.802776 
1.802776 
2.061553 
2.061553 
0.000000 
0.000000 
3.162278 
3.162278 
4.301163 
4.301163 
0.000000 
0.000000 
0.000000 
0.000000 
0.000000 
0.000000 
3.640055 
3.640055 
2.549510 
2.549510 
2.061553 
2.061553 
3.640055 
3.640055 
0.000000 
0.000000 
3.162278 
3.162278 
1.414214 
1.414214 
1.414214 
1.414214 
0.000000 
0.000000 
0.000000 
0.000000 
0.000000 
0.000000 
3.162278 
3.162278 
4.301163 
4.301163 
0.000000 
0.000000 
0.000000 
0.000000 
0.000000 
0.000000 
3.640055 
3.640055 
2.549510 
2.549510 
2.061553 
2.061553 
3.640055 
3.640055 
0.000000 
0.000000 
0.000000 
0.000000 
0.000000 
0.000000 
2.500000 
2.500000 
0.000000 
0.000000 
3.162278 
3.162278 
4.301163 
4.301163 
0.000000 
0.000000 
0.000000 
0.000000 
0.000000 
0.000000 
3.640055 
3.640055 
2.549510 
2.549510 
2.061553 
2.061553 
3.640055 
3.640055 
2.061553 
2.061553 
3.354102 
3.354102 
0.000000 
0.000000 
3.535534 
3.535534 
0.000000 
0.000000 
3.162278 
3.162278 
4.301163 
4.301163 
0.000000 
0.000000 
0.000000 
0.000000 
0.000000 
0.000000 
3.640055 
3.640055 
0.000000 
0.000000 
0.000000 
0.000000 
2.061553 
2.061553 
2.236068 
2.236068 
0.000000 
0.000000 
3.535534 
3.535534 
0.000000 
0.000000 
3.162278 
3.162278 
4.301163 
4.301163 
0.000000 
0.000000 
0.000000 
0.000000 
0.000000 
0.000000 
3.640055 
3.640055 
0.000000 
0.000000 
0.000000 
0.000000 
0.000000 
0.000000 
3.041381 
3.041381 
2.061553 
2.061553 
2.236068 
2.236068 
0.000000 
0.000000 
3.535534 
3.535534 
0.000000 
0.000000 
3.162278 
3.162278 
4.301163 
4.301163 
0.000000 
0.000000 
0.000000 
0.000000 
0.000000 
0.000000 
0.000000 
0.000000 
2.000000 
2.000000 
2.915476 
2.915476 
0.000000 
0.000000 
4.301163 
4.301163 
2.061553 
2.061553 
2.236068 
2.236068 
0.000000 
0.000000 
3.535534 
3.535534 
0.000000 
0.000000 
3.162278 
3.162278 
4.301163 
4.301163 
0.000000 
0.000000 
0.000000 
0.000000 
0.000000 
0.000000 
0.000000 
0.000000 
1.000000 
1.000000 
2.000000 
2.000000 
1.581139 
1.581139 
0.000000 
0.000000 
2.500000 
2.500000 
2.061553 
2.061553 
2.236068 
2.236068 
0.000000 
0.000000 
3.535534 
3.535534 
0.000000 
0.000000 
3.162278 
3.162278 
4.301163 
4.301163 
0.000000 
0.000000 
0.000000 
0.000000 
0.000000 
0.000000 
0.000000 
0.000000 
0.000000 
0.000000 
0.500000 
0.500000 
2.000000 
2.000000 
1.802776 
1.802776 
0.000000 
0.000000 
4.500000 
4.500000 
2.061553 
2.061553 
2.236068 
2.236068 
0.000000 
0.000000 
3.535534 
3.535534 
0.000000 
0.000000 
3.162278 
3.162278 
4.301163 
4.301163 
0.000000 
0.000000 
0.000000 
0.000000 
0.000000 
0.000000 
1.581139 
1.581139 
0.000000 
0.000000 
1.118034 
1.118034 
2.000000 
2.000000 
1.802776 
1.802776 
0.000000 
0.000000 
1.581139 
1.581139 
2.061553 
2.061553 
2.236068 
2.236068 
0.000000 
0.000000 
3.535534 
3.535534 
0.000000 
0.000000 
3.162278 
3.162278 
4.301163 
4.301163 
0.000000 
0.000000 
0.000000 
0.000000 
0.000000 
0.000000 
0.000000 
0.000000 
1.581139 
1.581139 
0.000000 
0.000000 
0.000000 
0.000000 
2.000000 
2.000000 
1.581139 
1.581139 
0.000000 
0.000000 
2.500000 
2.500000 
2.061553 
2.061553 
2.236068 
2.236068 
0.000000 
0.000000 
3.535534 
3.535534 
0.000000 
0.000000 
3.162278 
3.162278 
4.301163 
4.301163 
0.000000 
0.000000 
0.000000 
0.000000 
0.000000 
0.000000 
2.000000 
2.000000 
1.581139 
1.581139 
0.000000 
0.000000 
0.707107 
0.707107 
2.000000 
2.000000 
1.000000 
1.000000 
0.000000 
0.000000 
1.802776 
1.802776 
2.061553 
2.061553 
2.236068 
2.236068 
0.000000 
0.000000 
3.535534 
3.535534 
0.000000 
0.000000 
3.162278 
3.162278 
4.301163 
4.301163 
0.000000 
0.000000 
0.000000 
0.000000 
0.000000 
0.000000 
2.000000 
2.000000 
1.581139 
1.581139 
0.000000 
0.000000 
0.707107 
0.707107 
2.000000 
2.000000 
1.118034 
1.118034 
0.000000 
0.000000 
1.581139 
1.581139 
2.061553 
2.061553 
2.236068 
2.236068 
0.000000 
0.000000 
3.535534 
3.535534 
0.000000 
0.000000 
3.162278 
3.162278 
4.301163 
4.301163 
0.000000 
0.000000 
2.061553 
2.061553 
0.000000 
0.000000 
2.000000 
2.000000 
1.581139 
1.581139 
0.000000 
0.000000 
0.707107 
0.707107 
2.000000 
2.000000 
1.118034 
1.118034 
0.000000 
0.000000 
1.802776 
1.802776 
2.061553 
2.061553 
2.236068 
2.236068 
0.000000 
0.000000 
3.535534 
3.535534 
0.000000 
0.000000 
3.162278 
3.162278 
4.301163 
4.301163 
0.000000 
0.000000 
1.000000 
1.000000 
2.061553 
2.061553 
0.000000 
0.000000 
2.000000 
2.000000 
1.581139 
1.581139 
0.000000 
0.000000 
0.707107 
0.707107 
2.000000 
2.000000 
1.000000 
1.000000 
0.000000 
0.000000 
1.000000 
1.000000 
2.061553 
2.061553 
2.236068 
2.236068 
0.000000 
0.000000 
3.535534 
3.535534 
0.000000 
0.000000 
0.000000 
0.000000 
1.500000 
1.500000 
3.807887 
3.807887 
2.061553 
2.061553 
0.000000 
0.000000 
2.000000 
2.000000 
1.581139 
1.581139 
0.000000 
0.000000 
0.707107 
0.707107 
2.000000 
2.000000 
1.118034 
1.118034 
0.000000 
0.000000 
2.692582 
2.692582 
2.061553 
2.061553 
2.236068 
2.236068 
0.000000 
0.000000 
3.535534 
3.535534 
0.000000 
0.000000 
0.000000 
0.000000 
1.500000 
1.500000 
1.118034 
1.118034 
2.061553 
2.061553 
0.000000 
0.000000 
2.000000 
2.000000 
1.581139 
1.581139 
0.000000 
0.000000 
0.707107 
0.707107 
2.000000 
2.000000 
1.414214 
1.414214 
0.000000 
0.000000 
0.500000 
0.500000 
2.061553 
2.061553 
2.236068 
2.236068 
3.535534 
3.535534 
0.000000 
0.000000 
1.581139 
1.581139 
0.000000 
0.000000 
1.500000 
1.500000 
3.640055 
3.640055 
2.061553 
2.061553 
0.000000 
0.000000 
2.000000 
2.000000 
1.581139 
1.581139 
0.000000 
0.000000 
0.707107 
0.707107 
2.000000 
2.000000 
1.118034 
1.118034 
0.000000 
0.000000 
1.500000 
1.500000 
2.061553 
2.061553 
2.236068 
2.236068 
3.535534 
3.535534 
0.000000 
0.000000 
3.535534 
3.535534 
1.581139 
1.581139 
0.000000 
0.000000 
1.500000 
1.500000 
1.118034 
1.118034 
2.061553 
2.061553 
0.000000 
0.000000 
2.000000 
2.000000 
1.581139 
1.581139 
0.000000 
0.000000 
0.707107 
0.707107 
2.000000 
2.000000 
0.000000 
0.000000 
0.000000 
0.000000 
1.802776 
1.802776 
2.236068 
2.236068 
1.118034 
1.118034 
2.549510 
2.549510 
1.581139 
1.581139 
0.000000 
0.000000 
1.500000 
1.500000 
1.802776 
1.802776 
2.061553 
2.061553 
0.000000 
0.000000 
2.000000 
2.000000 
1.581139 
1.581139 
0.000000 
0.000000 
0.707107 
0.707107 
2.000000 
2.000000 
0.707107 
0.707107 
2.236068 
2.236068 
0.000000 
0.000000 
0.000000 
0.000000 
1.118034 
1.118034 
2.549510 
2.549510 
1.581139 
1.581139 
0.000000 
0.000000 
1.500000 
1.500000 
0.707107 
0.707107 
2.061553 
2.061553 
0.000000 
0.000000 
2.000000 
2.000000 
1.581139 
1.581139 
0.000000 
0.000000 
0.707107 
0.707107 
2.000000 
2.000000 
0.500000 
0.500000 
1.802776 
1.802776 
0.000000 
0.000000 
0.000000 
0.000000 
0.000000 
0.000000 
3.162278 
3.162278 
1.118034 
1.118034 
2.549510 
2.549510 
1.581139 
1.581139 
0.000000 
0.000000 
1.500000 
1.500000 
1.581139 
1.581139 
2.061553 
2.061553 
0.000000 
0.000000 
2.000000 
2.000000 
1.581139 
1.581139 
0.000000 
0.000000 
0.707107 
0.707107 
0.500000 
0.500000 
1.414214 
1.414214 
0.000000 
0.000000 
0.000000 
0.000000 
0.000000 
0.000000 
0.500000 
0.500000 
0.000000 
0.000000 
3.162278 
3.162278 
1.118034 
1.118034 
2.549510 
2.549510 
1.581139 
1.581139 
0.000000 
0.000000 
1.500000 
1.500000 
1.581139 
1.581139 
2.061553 
2.061553 
0.000000 
0.000000 
2.000000 
2.000000 
1.581139 
1.581139 
0.707107 
0.707107 
0.500000 
0.500000 
1.581139 
1.581139 
