0.000000 
0.000000 
2.828427 
2.828427 
2.915476 
2.915476 
1.118034 
1.118034 
2.549510 
2.549510 
1.581139 
1.581139 
15.132746 
15.132746 
1.500000 
1.500000 
1.581139 
1.581139 
2.500000 
2.500000 
13.086252 
13.086252 
2.236068 
2.236068 
3.807887 
3.807887 
2.692582 
2.692582 
6.264982 
6.264982 
2.236068 
2.236068 
2.236068 
2.236068 
23.547824 
23.547824 
2.061553 
2.061553 
2.692582 
2.692582 
1.414214 
1.414214 
7.762087 
7.762087 
2.549510 
2.549510 
3.535534 
3.535534 
25.622256 
25.622256 
1.581139 
1.581139 
24.129857 
24.129857 
0.500000 
0.500000 
0.500000 
0.500000 
2.061553 
2.061553 
21.523243 
21.523243 
2.061553 
2.061553 
4.123106 
4.123106 
2.500000 
2.500000 
17.000000 
17.000000 
3.605551 
3.605551 
3.354102 
3.354102 
2.236068 
2.236068 
8.246211 
8.246211 
