0.000000 
0.000000 
0.000000 
0.000000 
0.000000 
0.000000 
0.500000 
0.500000 
0.707107 
0.707107 
1.118034 
1.118034 
0.500000 
0.500000 
0.500000 
0.500000 
1.118034 
1.118034 
0.000000 
0.000000 
0.500000 
0.500000 
0.707107 
0.707107 
1.581139 
1.581139 
1.802776 
1.802776 
0.500000 
0.500000 
0.500000 
0.500000 
2.061553 
2.061553 
1.000000 
1.000000 
0.500000 
0.500000 
0.707107 
0.707107 
3.500000 
3.500000 
0.000000 
0.000000 
1.000000 
1.000000 
0.500000 
0.500000 
1.500000 
1.500000 
1.000000 
1.000000 
3.162278 
3.162278 
1.000000 
1.000000 
0.500000 
0.500000 
2.061553 
2.061553 
1.000000 
1.000000 
3.535534 
3.535534 
1.000000 
1.000000 
0.500000 
0.500000 
1.581139 
1.581139 
1.000000 
1.000000 
0.000000 
0.000000 
0.000000 
0.000000 
3.535534 
3.535534 
1.000000 
1.000000 
0.500000 
0.500000 
1.581139 
1.581139 
1.000000 
1.000000 
3.500000 
3.500000 
3.162278 
3.162278 
3.535534 
3.535534 
1.000000 
1.000000 
0.500000 
0.500000 
1.581139 
1.581139 
1.000000 
1.000000 
3.500000 
3.500000 
3.041381 
3.041381 
3.535534 
3.535534 
1.000000 
1.000000 
0.500000 
0.500000 
1.581139 
1.581139 
1.000000 
1.000000 
0.000000 
0.000000 
3.500000 
3.500000 
3.041381 
3.041381 
3.535534 
3.535534 
1.000000 
1.000000 
0.500000 
0.500000 
1.581139 
1.581139 
1.000000 
1.000000 
0.000000 
0.000000 
3.500000 
3.500000 
3.041381 
3.041381 
3.535534 
3.535534 
1.000000 
1.000000 
0.500000 
0.500000 
1.581139 
1.581139 
1.000000 
1.000000 
0.000000 
0.000000 
3.500000 
3.500000 
3.041381 
3.041381 
3.535534 
3.535534 
1.000000 
1.000000 
0.500000 
0.500000 
1.581139 
1.581139 
1.000000 
1.000000 
0.000000 
0.000000 
3.500000 
3.500000 
3.041381 
3.041381 
3.535534 
3.535534 
1.000000 
1.000000 
0.500000 
0.500000 
1.581139 
1.581139 
1.000000 
1.000000 
0.000000 
0.000000 
3.500000 
3.500000 
3.041381 
3.041381 
3.535534 
3.535534 
1.000000 
1.000000 
0.500000 
0.500000 
1.581139 
1.581139 
1.000000 
1.000000 
0.000000 
0.000000 
3.500000 
3.500000 
3.041381 
3.041381 
3.535534 
3.535534 
1.000000 
1.000000 
0.500000 
0.500000 
1.581139 
1.581139 
1.000000 
1.000000 
0.000000 
0.000000 
3.500000 
3.500000 
3.041381 
3.041381 
3.535534 
3.535534 
1.000000 
1.000000 
0.500000 
0.500000 
1.581139 
1.581139 
1.000000 
1.000000 
0.000000 
0.000000 
3.500000 
3.500000 
3.041381 
3.041381 
3.535534 
3.535534 
1.000000 
1.000000 
0.500000 
0.500000 
1.581139 
1.581139 
1.000000 
1.000000 
0.000000 
0.000000 
3.500000 
3.500000 
3.041381 
3.041381 
3.535534 
3.535534 
1.581139 
1.581139 
1.000000 
1.000000 
0.000000 
0.000000 
3.500000 
3.500000 
3.041381 
3.041381 
3.535534 
3.535534 
1.581139 
1.581139 
0.000000 
0.000000 
3.500000 
3.500000 
3.041381 
3.041381 
3.535534 
3.535534 
1.581139 
1.581139 
0.000000 
0.000000 
3.500000 
3.500000 
3.041381 
3.041381 
0.000000 
0.000000 
3.500000 
3.500000 
3.041381 
3.041381 
0.000000 
0.000000 
3.041381 
3.041381 
0.000000 
0.000000 
