0.000000 
0.000000 
0.000000 
0.000000 
0.000000 
0.000000 
0.000000 
0.000000 
0.000000 
0.000000 
0.000000 
0.000000 
0.000000 
0.000000 
0.000000 
0.000000 
0.000000 
0.000000 
3.000000 
3.000000 
4.031129 
4.031129 
3.041381 
3.041381 
1.000000 
1.000000 
2.236068 
2.236068 
1.500000 
1.500000 
1.000000 
1.000000 
0.000000 
0.000000 
0.000000 
0.000000 
0.000000 
0.000000 
2.692582 
2.692582 
1.581139 
1.581139 
3.354102 
3.354102 
3.535534 
3.535534 
2.236068 
2.236068 
1.500000 
1.500000 
1.581139 
1.581139 
0.000000 
0.000000 
0.000000 
0.000000 
0.000000 
0.000000 
3.535534 
3.535534 
0.000000 
0.000000 
2.692582 
2.692582 
1.500000 
1.500000 
3.535534 
3.535534 
3.041381 
3.041381 
2.236068 
2.236068 
1.500000 
1.500000 
6.519202 
6.519202 
0.000000 
0.000000 
0.000000 
0.000000 
0.000000 
0.000000 
1.414214 
1.414214 
0.000000 
0.000000 
3.535534 
3.535534 
0.000000 
0.000000 
2.692582 
2.692582 
1.500000 
1.500000 
2.915476 
2.915476 
3.807887 
3.807887 
2.236068 
2.236068 
1.500000 
1.500000 
3.535534 
3.535534 
1.802776 
1.802776 
1.581139 
1.581139 
0.000000 
0.000000 
1.414214 
1.414214 
0.000000 
0.000000 
3.535534 
3.535534 
0.000000 
0.000000 
2.692582 
2.692582 
1.500000 
1.500000 
2.915476 
2.915476 
3.807887 
3.807887 
2.236068 
2.236068 
1.500000 
1.500000 
3.041381 
3.041381 
0.000000 
0.000000 
0.000000 
0.000000 
0.000000 
0.000000 
1.802776 
1.802776 
1.581139 
1.581139 
0.000000 
0.000000 
1.414214 
1.414214 
0.000000 
0.000000 
3.535534 
3.535534 
0.000000 
0.000000 
2.692582 
2.692582 
1.500000 
1.500000 
2.915476 
2.915476 
3.807887 
3.807887 
2.236068 
2.236068 
1.500000 
1.500000 
3.041381 
3.041381 
0.000000 
0.000000 
3.640055 
3.640055 
3.354102 
3.354102 
1.802776 
1.802776 
1.581139 
1.581139 
0.000000 
0.000000 
1.414214 
1.414214 
0.000000 
0.000000 
3.535534 
3.535534 
0.000000 
0.000000 
2.692582 
2.692582 
1.500000 
1.500000 
2.915476 
2.915476 
3.807887 
3.807887 
2.236068 
2.236068 
1.500000 
1.500000 
3.041381 
3.041381 
0.000000 
0.000000 
0.000000 
0.000000 
0.000000 
0.000000 
0.000000 
0.000000 
0.000000 
0.000000 
3.640055 
3.640055 
3.354102 
3.354102 
1.802776 
1.802776 
1.581139 
1.581139 
0.000000 
0.000000 
1.414214 
1.414214 
0.000000 
0.000000 
3.535534 
3.535534 
0.000000 
0.000000 
2.692582 
2.692582 
1.500000 
1.500000 
2.915476 
2.915476 
3.807887 
3.807887 
2.236068 
2.236068 
1.500000 
1.500000 
3.041381 
3.041381 
0.000000 
0.000000 
0.000000 
0.000000 
3.162278 
3.162278 
0.000000 
0.000000 
0.000000 
0.000000 
3.640055 
3.640055 
0.000000 
0.000000 
3.640055 
3.640055 
3.354102 
3.354102 
1.802776 
1.802776 
1.581139 
1.581139 
0.000000 
0.000000 
1.414214 
1.414214 
0.000000 
0.000000 
3.535534 
3.535534 
0.000000 
0.000000 
2.692582 
2.692582 
1.500000 
1.500000 
2.915476 
2.915476 
3.807887 
3.807887 
2.236068 
2.236068 
1.500000 
1.500000 
3.041381 
3.041381 
0.000000 
0.000000 
0.000000 
0.000000 
0.000000 
0.000000 
2.061553 
2.061553 
3.162278 
3.162278 
4.609772 
4.609772 
0.000000 
0.000000 
0.000000 
0.000000 
3.640055 
3.640055 
0.000000 
0.000000 
3.640055 
3.640055 
3.354102 
3.354102 
1.802776 
1.802776 
1.581139 
1.581139 
0.000000 
0.000000 
1.414214 
1.414214 
0.000000 
0.000000 
3.535534 
3.535534 
0.000000 
0.000000 
2.692582 
2.692582 
1.500000 
1.500000 
2.915476 
2.915476 
3.807887 
3.807887 
2.236068 
2.236068 
1.500000 
1.500000 
3.041381 
3.041381 
0.000000 
0.000000 
0.000000 
0.000000 
0.000000 
0.000000 
0.000000 
0.000000 
0.000000 
0.000000 
3.535534 
3.535534 
0.000000 
0.000000 
2.061553 
2.061553 
3.162278 
3.162278 
4.609772 
4.609772 
0.000000 
0.000000 
0.000000 
0.000000 
3.640055 
3.640055 
0.000000 
0.000000 
3.640055 
3.640055 
3.354102 
3.354102 
1.802776 
1.802776 
1.581139 
1.581139 
0.000000 
0.000000 
1.414214 
1.414214 
0.000000 
0.000000 
3.535534 
3.535534 
0.000000 
0.000000 
2.692582 
2.692582 
1.500000 
1.500000 
2.915476 
2.915476 
3.807887 
3.807887 
2.236068 
2.236068 
1.500000 
1.500000 
3.041381 
3.041381 
0.000000 
0.000000 
0.000000 
0.000000 
0.000000 
0.000000 
0.000000 
0.000000 
1.581139 
1.581139 
0.000000 
0.000000 
2.121320 
2.121320 
0.000000 
0.000000 
3.535534 
3.535534 
0.000000 
0.000000 
2.061553 
2.061553 
3.162278 
3.162278 
4.609772 
4.609772 
0.000000 
0.000000 
0.000000 
0.000000 
3.640055 
3.640055 
0.000000 
0.000000 
3.640055 
3.640055 
3.354102 
3.354102 
1.802776 
1.802776 
1.581139 
1.581139 
0.000000 
0.000000 
1.414214 
1.414214 
0.000000 
0.000000 
3.535534 
3.535534 
0.000000 
0.000000 
2.692582 
2.692582 
1.500000 
1.500000 
2.915476 
2.915476 
3.807887 
3.807887 
2.236068 
2.236068 
1.500000 
1.500000 
3.041381 
3.041381 
0.000000 
0.000000 
1.581139 
1.581139 
3.041381 
3.041381 
3.354102 
3.354102 
0.000000 
0.000000 
1.581139 
1.581139 
0.000000 
0.000000 
4.123106 
4.123106 
0.000000 
0.000000 
2.500000 
2.500000 
0.000000 
0.000000 
2.061553 
2.061553 
3.162278 
3.162278 
4.609772 
4.609772 
0.000000 
0.000000 
0.000000 
0.000000 
3.640055 
3.640055 
0.000000 
0.000000 
3.640055 
3.640055 
3.354102 
3.354102 
1.802776 
1.802776 
1.581139 
1.581139 
0.000000 
0.000000 
1.414214 
1.414214 
0.000000 
0.000000 
3.535534 
3.535534 
0.000000 
0.000000 
2.692582 
2.692582 
1.500000 
1.500000 
2.915476 
2.915476 
3.807887 
3.807887 
2.236068 
2.236068 
1.500000 
1.500000 
3.041381 
3.041381 
0.000000 
0.000000 
1.500000 
1.500000 
4.000000 
4.000000 
3.000000 
3.000000 
2.692582 
2.692582 
0.000000 
0.000000 
1.581139 
1.581139 
0.000000 
0.000000 
1.581139 
1.581139 
0.000000 
0.000000 
2.500000 
2.500000 
0.000000 
0.000000 
2.061553 
2.061553 
3.162278 
3.162278 
4.609772 
4.609772 
0.000000 
0.000000 
0.000000 
0.000000 
3.640055 
3.640055 
0.000000 
0.000000 
3.640055 
3.640055 
3.354102 
3.354102 
1.802776 
1.802776 
1.581139 
1.581139 
0.000000 
0.000000 
1.414214 
1.414214 
0.000000 
0.000000 
3.535534 
3.535534 
0.000000 
0.000000 
2.692582 
2.692582 
1.500000 
1.500000 
2.915476 
2.915476 
3.807887 
3.807887 
2.236068 
2.236068 
1.500000 
1.500000 
3.041381 
3.041381 
0.000000 
0.000000 
1.802776 
1.802776 
1.500000 
1.500000 
1.581139 
1.581139 
3.000000 
3.000000 
6.020797 
6.020797 
0.000000 
0.000000 
1.581139 
1.581139 
0.000000 
0.000000 
1.118034 
1.118034 
0.000000 
0.000000 
2.500000 
2.500000 
0.000000 
0.000000 
2.061553 
2.061553 
3.162278 
3.162278 
4.609772 
4.609772 
0.000000 
0.000000 
0.000000 
0.000000 
3.640055 
3.640055 
0.000000 
0.000000 
3.640055 
3.640055 
3.354102 
3.354102 
1.802776 
1.802776 
1.581139 
1.581139 
0.000000 
0.000000 
1.414214 
1.414214 
0.000000 
0.000000 
3.535534 
3.535534 
2.692582 
2.692582 
1.500000 
1.500000 
2.915476 
2.915476 
3.807887 
3.807887 
2.236068 
2.236068 
1.500000 
1.500000 
3.041381 
3.041381 
1.118034 
1.118034 
0.500000 
0.500000 
1.414214 
1.414214 
2.061553 
2.061553 
3.000000 
3.000000 
2.236068 
2.236068 
0.000000 
0.000000 
1.581139 
1.581139 
0.000000 
0.000000 
0.500000 
0.500000 
0.000000 
0.000000 
2.500000 
2.500000 
0.000000 
0.000000 
2.061553 
2.061553 
3.162278 
3.162278 
4.609772 
4.609772 
0.000000 
0.000000 
0.000000 
0.000000 
3.640055 
3.640055 
0.000000 
0.000000 
3.640055 
3.640055 
3.354102 
3.354102 
1.802776 
1.802776 
1.581139 
1.581139 
0.000000 
0.000000 
1.414214 
1.414214 
0.000000 
0.000000 
3.535534 
3.535534 
2.692582 
2.692582 
1.500000 
1.500000 
2.915476 
2.915476 
3.807887 
3.807887 
3.041381 
3.041381 
0.000000 
0.000000 
4.472136 
4.472136 
1.000000 
1.000000 
1.000000 
1.000000 
0.500000 
0.500000 
3.000000 
3.000000 
0.707107 
0.707107 
0.000000 
0.000000 
1.581139 
1.581139 
0.000000 
0.000000 
1.000000 
1.000000 
0.000000 
0.000000 
2.500000 
2.500000 
0.000000 
0.000000 
2.061553 
2.061553 
3.162278 
3.162278 
4.609772 
4.609772 
0.000000 
0.000000 
0.000000 
0.000000 
3.640055 
3.640055 
0.000000 
0.000000 
3.640055 
3.640055 
3.354102 
3.354102 
1.802776 
1.802776 
1.581139 
1.581139 
0.000000 
0.000000 
1.414214 
1.414214 
3.535534 
3.535534 
1.500000 
1.500000 
2.915476 
2.915476 
3.807887 
3.807887 
3.041381 
3.041381 
0.500000 
0.500000 
2.236068 
2.236068 
0.000000 
0.000000 
1.414214 
1.414214 
0.500000 
0.500000 
3.000000 
3.000000 
0.500000 
0.500000 
0.000000 
0.000000 
1.581139 
1.581139 
0.000000 
0.000000 
0.500000 
0.500000 
0.000000 
0.000000 
2.500000 
2.500000 
0.000000 
0.000000 
2.061553 
2.061553 
3.162278 
3.162278 
4.609772 
4.609772 
0.000000 
0.000000 
0.000000 
0.000000 
3.640055 
3.640055 
0.000000 
0.000000 
3.640055 
3.640055 
3.354102 
3.354102 
1.802776 
1.802776 
1.581139 
1.581139 
1.414214 
1.414214 
2.915476 
2.915476 
3.807887 
3.807887 
3.041381 
3.041381 
0.000000 
0.000000 
0.000000 
0.000000 
3.354102 
3.354102 
1.000000 
1.000000 
0.500000 
0.500000 
1.802776 
1.802776 
3.000000 
3.000000 
0.000000 
0.000000 
0.000000 
0.000000 
1.581139 
1.581139 
0.000000 
0.000000 
0.500000 
0.500000 
0.000000 
0.000000 
2.500000 
2.500000 
0.000000 
0.000000 
2.061553 
2.061553 
3.162278 
3.162278 
4.609772 
4.609772 
0.000000 
0.000000 
0.000000 
0.000000 
3.640055 
3.640055 
0.000000 
0.000000 
3.640055 
3.640055 
3.354102 
3.354102 
1.802776 
1.802776 
1.581139 
1.581139 
3.041381 
3.041381 
0.000000 
0.000000 
0.707107 
0.707107 
0.500000 
0.500000 
1.118034 
1.118034 
0.500000 
0.500000 
0.500000 
0.500000 
1.000000 
1.000000 
3.000000 
3.000000 
0.000000 
0.000000 
0.000000 
0.000000 
1.581139 
1.581139 
0.000000 
0.000000 
1.118034 
1.118034 
0.000000 
0.000000 
2.500000 
2.500000 
0.000000 
0.000000 
2.061553 
2.061553 
3.162278 
3.162278 
4.609772 
4.609772 
0.000000 
0.000000 
0.000000 
0.000000 
3.640055 
3.640055 
0.000000 
0.000000 
3.640055 
3.640055 
3.354102 
3.354102 
1.118034 
1.118034 
0.500000 
0.500000 
0.500000 
0.500000 
1.118034 
1.118034 
0.500000 
0.500000 
0.500000 
0.500000 
0.000000 
0.000000 
3.000000 
3.000000 
0.500000 
0.500000 
0.000000 
0.000000 
1.581139 
1.581139 
0.000000 
0.000000 
0.500000 
0.500000 
0.000000 
0.000000 
2.500000 
2.500000 
0.000000 
0.000000 
2.061553 
2.061553 
3.162278 
3.162278 
4.609772 
4.609772 
0.000000 
0.000000 
0.000000 
0.000000 
3.640055 
3.640055 
3.640055 
3.640055 
3.354102 
3.354102 
0.707107 
0.707107 
0.500000 
0.500000 
0.500000 
0.500000 
1.118034 
1.118034 
0.500000 
0.500000 
0.500000 
0.500000 
0.500000 
0.500000 
3.000000 
3.000000 
0.000000 
0.000000 
0.000000 
0.000000 
1.581139 
1.581139 
0.000000 
0.000000 
0.707107 
0.707107 
0.000000 
0.000000 
2.500000 
2.500000 
0.000000 
0.000000 
2.061553 
2.061553 
3.162278 
3.162278 
4.609772 
4.609772 
0.000000 
0.000000 
0.000000 
0.000000 
3.640055 
3.640055 
0.000000 
0.000000 
0.500000 
0.500000 
3.041381 
3.041381 
0.500000 
0.500000 
1.118034 
1.118034 
1.000000 
1.000000 
0.500000 
0.500000 
0.500000 
0.500000 
3.000000 
3.000000 
0.000000 
0.000000 
0.000000 
0.000000 
1.581139 
1.581139 
0.000000 
0.000000 
1.118034 
1.118034 
0.000000 
0.000000 
2.500000 
2.500000 
0.000000 
0.000000 
2.061553 
2.061553 
3.162278 
3.162278 
4.609772 
4.609772 
3.640055 
3.640055 
0.707107 
0.707107 
0.707107 
0.707107 
0.500000 
0.500000 
0.500000 
0.500000 
1.118034 
1.118034 
2.000000 
2.000000 
0.500000 
0.500000 
0.500000 
0.500000 
3.000000 
3.000000 
0.000000 
0.000000 
0.000000 
0.000000 
1.581139 
1.581139 
0.000000 
0.000000 
0.500000 
0.500000 
0.000000 
0.000000 
2.500000 
2.500000 
0.000000 
0.000000 
2.061553 
2.061553 
3.162278 
3.162278 
4.609772 
4.609772 
1.118034 
1.118034 
0.500000 
0.500000 
1.000000 
1.000000 
0.500000 
0.500000 
1.118034 
1.118034 
0.000000 
0.000000 
0.500000 
0.500000 
0.500000 
0.500000 
3.000000 
3.000000 
1.000000 
1.000000 
0.000000 
0.000000 
1.581139 
1.581139 
0.000000 
0.000000 
0.500000 
0.500000 
2.500000 
2.500000 
3.162278 
3.162278 
1.000000 
1.000000 
2.000000 
2.000000 
0.500000 
0.500000 
0.500000 
0.500000 
1.118034 
1.118034 
0.500000 
0.500000 
0.500000 
0.500000 
0.500000 
0.500000 
3.000000 
3.000000 
0.000000 
0.000000 
1.581139 
1.581139 
0.500000 
0.500000 
2.500000 
2.500000 
1.581139 
1.581139 
0.707107 
0.707107 
5.000000 
5.000000 
0.500000 
0.500000 
1.118034 
1.118034 
1.000000 
1.000000 
0.500000 
0.500000 
0.500000 
0.500000 
3.000000 
3.000000 
0.500000 
0.500000 
3.162278 
3.162278 
2.500000 
2.500000 
1.414214 
1.414214 
0.000000 
0.000000 
1.414214 
1.414214 
0.500000 
0.500000 
1.118034 
1.118034 
1.000000 
1.000000 
0.500000 
0.500000 
0.500000 
0.500000 
3.000000 
3.000000 
0.500000 
0.500000 
0.500000 
0.500000 
0.000000 
0.000000 
1.000000 
1.000000 
0.500000 
0.500000 
0.500000 
0.500000 
1.118034 
1.118034 
1.000000 
1.000000 
0.500000 
0.500000 
0.500000 
0.500000 
0.500000 
0.500000 
1.118034 
1.118034 
3.000000 
3.000000 
0.707107 
0.707107 
0.500000 
0.500000 
1.414214 
1.414214 
1.118034 
1.118034 
1.000000 
1.000000 
0.500000 
0.500000 
0.500000 
0.500000 
3.041381 
3.041381 
0.500000 
0.500000 
0.707107 
0.707107 
1.118034 
1.118034 
1.118034 
1.118034 
0.000000 
0.000000 
1.118034 
1.118034 
2.500000 
2.500000 
0.500000 
0.500000 
0.500000 
0.500000 
1.118034 
1.118034 
0.707107 
0.707107 
0.500000 
0.500000 
1.802776 
1.802776 
2.500000 
2.500000 
4.031129 
4.031129 
1.118034 
1.118034 
1.118034 
1.118034 
0.500000 
0.500000 
0.500000 
0.500000 
1.500000 
1.500000 
1.118034 
1.118034 
0.500000 
0.500000 
1.000000 
1.000000 
0.500000 
0.500000 
0.000000 
0.000000 
1.118034 
1.118034 
1.000000 
1.000000 
0.500000 
0.500000 
0.500000 
0.500000 
0.500000 
0.500000 
0.707107 
0.707107 
0.500000 
0.500000 
0.707107 
0.707107 
1.000000 
1.000000 
0.000000 
0.000000 
1.118034 
1.118034 
1.500000 
1.500000 
0.500000 
0.500000 
1.581139 
1.581139 
1.118034 
1.118034 
0.000000 
0.000000 
0.707107 
0.707107 
0.500000 
0.500000 
1.000000 
1.000000 
1.000000 
1.000000 
0.500000 
0.500000 
1.000000 
1.000000 
0.500000 
0.500000 
0.000000 
0.000000 
0.707107 
0.707107 
1.581139 
1.581139 
0.500000 
0.500000 
0.000000 
0.000000 
1.000000 
1.000000 
0.500000 
0.500000 
1.000000 
1.000000 
3.000000 
3.000000 
0.000000 
0.000000 
1.000000 
1.000000 
6.082763 
6.082763 
1.118034 
1.118034 
0.000000 
0.000000 
1.118034 
1.118034 
1.000000 
1.000000 
1.500000 
1.500000 
0.500000 
0.500000 
0.707107 
0.707107 
4.123106 
4.123106 
6.082763 
6.082763 
0.500000 
0.500000 
0.000000 
0.000000 
4.527693 
4.527693 
1.000000 
1.000000 
1.581139 
1.581139 
2.061553 
2.061553 
