0.000000 
0.000000 
2.692582 
2.692582 
3.201562 
3.201562 
11.500000 
11.500000 
15.008331 
15.008331 
0.000000 
0.000000 
8.860023 
8.860023 
1.118034 
1.118034 
8.139410 
8.139410 
1.414214 
1.414214 
16.620770 
16.620770 
3.640055 
3.640055 
8.514693 
8.514693 
1.118034 
1.118034 
2.549510 
2.549510 
2.061553 
2.061553 
15.206906 
15.206906 
2.061553 
2.061553 
2.500000 
2.500000 
3.162278 
3.162278 
4.123106 
4.123106 
3.640055 
3.640055 
1.500000 
1.500000 
1.118034 
1.118034 
8.000000 
8.000000 
1.118034 
1.118034 
2.236068 
2.236068 
0.707107 
0.707107 
13.583078 
13.583078 
0.707107 
0.707107 
3.000000 
3.000000 
4.000000 
4.000000 
4.500000 
4.500000 
6.041523 
6.041523 
13.086252 
13.086252 
2.500000 
2.500000 
2.549510 
2.549510 
7.382412 
7.382412 
