0.000000 
0.000000 
0.000000 
0.000000 
0.000000 
0.000000 
0.000000 
0.000000 
0.500000 
0.500000 
1.118034 
1.118034 
1.000000 
1.000000 
0.707107 
0.707107 
1.118034 
1.118034 
1.802776 
1.802776 
1.000000 
1.000000 
1.118034 
1.118034 
1.118034 
1.118034 
1.000000 
1.000000 
3.807887 
3.807887 
0.000000 
0.000000 
1.118034 
1.118034 
0.707107 
0.707107 
0.707107 
0.707107 
1.118034 
1.118034 
1.118034 
1.118034 
0.707107 
0.707107 
1.414214 
1.414214 
0.707107 
0.707107 
1.118034 
1.118034 
1.500000 
1.500000 
1.000000 
1.000000 
0.500000 
0.500000 
1.118034 
1.118034 
2.061553 
2.061553 
1.118034 
1.118034 
1.414214 
1.414214 
1.118034 
1.118034 
8.514693 
8.514693 
1.500000 
1.500000 
1.118034 
1.118034 
1.118034 
1.118034 
1.118034 
1.118034 
1.118034 
1.118034 
1.118034 
1.118034 
1.118034 
1.118034 
1.000000 
1.000000 
0.500000 
0.500000 
0.000000 
0.000000 
1.118034 
1.118034 
1.118034 
1.118034 
1.118034 
1.118034 
0.500000 
0.500000 
1.118034 
1.118034 
1.581139 
1.581139 
0.500000 
0.500000 
0.000000 
0.000000 
1.118034 
1.118034 
6.576473 
6.576473 
0.500000 
0.500000 
0.707107 
0.707107 
1.118034 
1.118034 
6.576473 
6.576473 
0.707107 
0.707107 
0.500000 
0.500000 
1.118034 
1.118034 
11.500000 
11.500000 
1.118034 
1.118034 
8.514693 
8.514693 
1.118034 
1.118034 
0.500000 
0.500000 
1.000000 
1.000000 
1.000000 
1.000000 
5.522681 
5.522681 
1.802776 
1.802776 
0.500000 
0.500000 
5.522681 
5.522681 
1.118034 
1.118034 
1.414214 
1.414214 
0.000000 
0.000000 
4.743416 
4.743416 
10.511898 
10.511898 
1.581139 
1.581139 
0.500000 
0.500000 
1.118034 
1.118034 
3.807887 
3.807887 
2.000000 
2.000000 
0.500000 
0.500000 
1.802776 
1.802776 
2.236068 
2.236068 
7.071068 
7.071068 
0.500000 
0.500000 
1.500000 
1.500000 
1.802776 
1.802776 
0.000000 
0.000000 
0.500000 
0.500000 
2.549510 
2.549510 
6.082763 
6.082763 
0.500000 
0.500000 
0.500000 
0.500000 
8.015610 
8.015610 
5.500000 
5.500000 
5.522681 
5.522681 
0.500000 
0.500000 
1.414214 
1.414214 
7.158911 
7.158911 
2.236068 
2.236068 
0.500000 
0.500000 
2.549510 
2.549510 
8.514693 
8.514693 
2.692582 
2.692582 
0.500000 
0.500000 
2.500000 
2.500000 
2.692582 
2.692582 
2.692582 
2.692582 
0.000000 
0.000000 
0.500000 
0.500000 
10.049876 
10.049876 
4.500000 
4.500000 
2.692582 
2.692582 
9.013878 
9.013878 
0.500000 
0.500000 
1.500000 
1.500000 
4.000000 
4.000000 
2.692582 
2.692582 
2.236068 
2.236068 
0.500000 
0.500000 
1.500000 
1.500000 
4.031129 
4.031129 
2.692582 
2.692582 
2.236068 
2.236068 
0.500000 
0.500000 
1.000000 
1.000000 
0.707107 
0.707107 
2.692582 
2.692582 
2.236068 
2.236068 
0.500000 
0.500000 
1.118034 
1.118034 
0.707107 
0.707107 
2.692582 
2.692582 
0.000000 
0.000000 
2.236068 
2.236068 
0.500000 
0.500000 
0.000000 
0.000000 
0.707107 
0.707107 
2.692582 
2.692582 
0.000000 
0.000000 
2.549510 
2.549510 
2.236068 
2.236068 
0.500000 
0.500000 
1.118034 
1.118034 
0.707107 
0.707107 
2.692582 
2.692582 
1.500000 
1.500000 
2.500000 
2.500000 
2.236068 
2.236068 
9.552487 
9.552487 
0.707107 
0.707107 
2.692582 
2.692582 
0.000000 
0.000000 
14.221463 
14.221463 
9.055385 
9.055385 
2.236068 
2.236068 
0.707107 
0.707107 
0.707107 
0.707107 
2.692582 
2.692582 
1.414214 
1.414214 
3.354102 
3.354102 
2.692582 
2.692582 
2.236068 
2.236068 
5.500000 
5.500000 
0.707107 
0.707107 
2.692582 
2.692582 
0.000000 
0.000000 
0.000000 
0.000000 
9.513149 
9.513149 
0.707107 
0.707107 
2.692582 
2.692582 
2.236068 
2.236068 
5.500000 
5.500000 
0.707107 
0.707107 
2.692582 
2.692582 
