0.000000 
0.000000 
0.000000 
0.000000 
0.500000 
0.500000 
0.000000 
0.000000 
0.000000 
0.000000 
0.000000 
0.000000 
12.010412 
12.010412 
0.000000 
0.000000 
0.000000 
0.000000 
0.500000 
0.500000 
1.414214 
1.414214 
0.707107 
0.707107 
0.500000 
0.500000 
1.581139 
1.581139 
0.500000 
0.500000 
1.118034 
1.118034 
1.000000 
1.000000 
10.547512 
10.547512 
0.500000 
0.500000 
0.000000 
0.000000 
0.707107 
0.707107 
0.500000 
0.500000 
0.500000 
0.500000 
10.049876 
10.049876 
0.500000 
0.500000 
0.000000 
0.000000 
0.000000 
0.000000 
0.000000 
0.000000 
0.500000 
0.500000 
0.000000 
0.000000 
0.500000 
0.500000 
0.500000 
0.500000 
0.000000 
0.000000 
0.500000 
0.500000 
1.118034 
1.118034 
0.000000 
0.000000 
0.500000 
0.500000 
0.500000 
0.500000 
0.000000 
0.000000 
0.500000 
0.500000 
0.000000 
0.000000 
1.000000 
1.000000 
0.000000 
0.000000 
0.000000 
0.000000 
0.000000 
0.000000 
0.000000 
0.000000 
0.000000 
0.000000 
0.000000 
0.000000 
0.707107 
0.707107 
8.015610 
8.015610 
0.000000 
0.000000 
0.000000 
0.000000 
1.000000 
1.000000 
2.549510 
2.549510 
0.000000 
0.000000 
0.000000 
0.000000 
1.118034 
1.118034 
2.549510 
2.549510 
0.000000 
0.000000 
0.000000 
0.000000 
0.500000 
0.500000 
2.549510 
2.549510 
0.000000 
0.000000 
0.000000 
0.000000 
0.500000 
0.500000 
2.549510 
2.549510 
0.000000 
0.000000 
0.000000 
0.000000 
