0.000000 
0.000000 
0.000000 
0.000000 
0.000000 
0.000000 
0.000000 
0.000000 
1.581139 
1.581139 
2.236068 
2.236068 
0.000000 
0.000000 
1.500000 
1.500000 
1.000000 
1.000000 
2.236068 
2.236068 
0.000000 
0.000000 
0.000000 
0.000000 
0.000000 
0.000000 
1.414214 
1.414214 
1.000000 
1.000000 
2.236068 
2.236068 
0.000000 
0.000000 
0.000000 
0.000000 
0.000000 
0.000000 
0.707107 
0.707107 
0.707107 
0.707107 
1.000000 
1.000000 
2.236068 
2.236068 
0.000000 
0.000000 
0.000000 
0.000000 
1.500000 
1.500000 
0.000000 
0.000000 
1.118034 
1.118034 
1.000000 
1.000000 
1.000000 
1.000000 
2.236068 
2.236068 
0.000000 
0.000000 
0.000000 
0.000000 
0.000000 
0.000000 
6.000000 
6.000000 
1.500000 
1.500000 
0.000000 
0.000000 
3.162278 
3.162278 
1.000000 
1.000000 
1.000000 
1.000000 
2.236068 
2.236068 
0.000000 
0.000000 
0.500000 
0.500000 
0.000000 
0.000000 
1.118034 
1.118034 
1.500000 
1.500000 
0.000000 
0.000000 
1.802776 
1.802776 
1.000000 
1.000000 
1.000000 
1.000000 
2.236068 
2.236068 
0.000000 
0.000000 
0.000000 
0.000000 
0.000000 
0.000000 
0.500000 
0.500000 
0.000000 
0.000000 
1.500000 
1.500000 
1.500000 
1.500000 
0.000000 
0.000000 
1.802776 
1.802776 
1.000000 
1.000000 
1.000000 
1.000000 
2.236068 
2.236068 
0.000000 
0.000000 
0.000000 
0.000000 
1.500000 
1.500000 
0.500000 
0.500000 
0.000000 
0.000000 
1.581139 
1.581139 
1.500000 
1.500000 
0.000000 
0.000000 
1.802776 
1.802776 
1.000000 
1.000000 
1.000000 
1.000000 
2.236068 
2.236068 
0.000000 
0.000000 
0.000000 
0.000000 
0.000000 
0.000000 
1.118034 
1.118034 
0.707107 
0.707107 
0.000000 
0.000000 
1.500000 
1.500000 
1.500000 
1.500000 
0.000000 
0.000000 
1.802776 
1.802776 
1.000000 
1.000000 
1.000000 
1.000000 
2.236068 
2.236068 
0.000000 
0.000000 
0.000000 
0.000000 
0.000000 
0.000000 
1.118034 
1.118034 
0.707107 
0.707107 
0.000000 
0.000000 
1.000000 
1.000000 
1.500000 
1.500000 
0.000000 
0.000000 
1.802776 
1.802776 
1.000000 
1.000000 
1.000000 
1.000000 
2.236068 
2.236068 
0.000000 
0.000000 
0.000000 
0.000000 
0.000000 
0.000000 
0.000000 
0.000000 
1.118034 
1.118034 
2.061553 
2.061553 
0.000000 
0.000000 
1.118034 
1.118034 
1.500000 
1.500000 
0.000000 
0.000000 
1.802776 
1.802776 
1.000000 
1.000000 
1.000000 
1.000000 
2.236068 
2.236068 
0.000000 
0.000000 
1.118034 
1.118034 
0.000000 
0.000000 
0.000000 
0.000000 
1.118034 
1.118034 
0.500000 
0.500000 
0.000000 
0.000000 
1.581139 
1.581139 
1.500000 
1.500000 
0.000000 
0.000000 
1.802776 
1.802776 
1.000000 
1.000000 
1.000000 
1.000000 
2.236068 
2.236068 
0.000000 
0.000000 
0.000000 
0.000000 
2.236068 
2.236068 
0.000000 
0.000000 
0.000000 
0.000000 
1.118034 
1.118034 
1.118034 
1.118034 
0.000000 
0.000000 
3.535534 
3.535534 
1.500000 
1.500000 
0.000000 
0.000000 
1.802776 
1.802776 
1.000000 
1.000000 
1.000000 
1.000000 
2.236068 
2.236068 
0.000000 
0.000000 
0.000000 
0.000000 
0.707107 
0.707107 
0.000000 
0.000000 
0.000000 
0.000000 
1.118034 
1.118034 
0.707107 
0.707107 
0.000000 
0.000000 
0.707107 
0.707107 
1.500000 
1.500000 
0.000000 
0.000000 
1.802776 
1.802776 
1.000000 
1.000000 
1.000000 
1.000000 
2.236068 
2.236068 
0.000000 
0.000000 
6.020797 
6.020797 
0.707107 
0.707107 
0.000000 
0.000000 
0.000000 
0.000000 
1.118034 
1.118034 
0.500000 
0.500000 
0.000000 
0.000000 
0.707107 
0.707107 
1.500000 
1.500000 
0.000000 
0.000000 
1.802776 
1.802776 
1.000000 
1.000000 
1.000000 
1.000000 
0.500000 
0.500000 
1.802776 
1.802776 
0.707107 
0.707107 
0.000000 
0.000000 
0.000000 
0.000000 
1.118034 
1.118034 
0.500000 
0.500000 
0.000000 
0.000000 
1.118034 
1.118034 
1.500000 
1.500000 
0.000000 
0.000000 
1.802776 
1.802776 
1.000000 
1.000000 
1.000000 
1.000000 
5.500000 
5.500000 
0.707107 
0.707107 
0.000000 
0.000000 
0.000000 
0.000000 
1.118034 
1.118034 
0.500000 
0.500000 
0.000000 
0.000000 
2.236068 
2.236068 
1.500000 
1.500000 
1.802776 
1.802776 
1.000000 
1.000000 
0.707107 
0.707107 
2.500000 
2.500000 
0.707107 
0.707107 
0.000000 
0.000000 
0.000000 
0.000000 
1.118034 
1.118034 
1.118034 
1.118034 
0.000000 
0.000000 
2.121320 
2.121320 
1.500000 
1.500000 
1.802776 
1.802776 
1.000000 
1.000000 
0.707107 
0.707107 
1.414214 
1.414214 
0.707107 
0.707107 
0.000000 
0.000000 
0.000000 
0.000000 
1.118034 
1.118034 
1.118034 
1.118034 
0.000000 
0.000000 
2.061553 
2.061553 
1.802776 
1.802776 
0.707107 
0.707107 
0.707107 
0.707107 
0.707107 
0.707107 
0.000000 
0.000000 
0.000000 
0.000000 
1.118034 
1.118034 
0.707107 
0.707107 
2.236068 
2.236068 
1.802776 
1.802776 
0.000000 
0.000000 
1.118034 
1.118034 
1.414214 
1.414214 
0.707107 
0.707107 
0.000000 
0.000000 
0.000000 
0.000000 
1.118034 
1.118034 
0.707107 
0.707107 
2.236068 
2.236068 
0.000000 
0.000000 
0.500000 
0.500000 
0.500000 
0.500000 
1.500000 
1.500000 
0.707107 
0.707107 
0.000000 
0.000000 
1.118034 
1.118034 
0.500000 
0.500000 
2.236068 
2.236068 
0.000000 
0.000000 
0.000000 
0.000000 
1.118034 
1.118034 
1.000000 
1.000000 
2.236068 
2.236068 
0.707107 
0.707107 
0.000000 
0.000000 
1.118034 
1.118034 
0.000000 
0.000000 
2.236068 
2.236068 
2.236068 
2.236068 
0.000000 
0.000000 
1.118034 
1.118034 
1.000000 
1.000000 
1.000000 
1.000000 
0.707107 
0.707107 
1.581139 
1.581139 
2.236068 
2.236068 
0.000000 
0.000000 
2.121320 
2.121320 
0.000000 
0.000000 
1.118034 
1.118034 
1.000000 
1.000000 
1.118034 
1.118034 
0.707107 
0.707107 
0.707107 
0.707107 
2.236068 
2.236068 
1.000000 
1.000000 
2.061553 
2.061553 
0.000000 
0.000000 
1.118034 
1.118034 
1.000000 
1.000000 
2.000000 
2.000000 
0.707107 
0.707107 
1.118034 
1.118034 
2.236068 
2.236068 
1.581139 
1.581139 
2.121320 
2.121320 
0.000000 
0.000000 
1.118034 
1.118034 
1.802776 
1.802776 
2.000000 
2.000000 
0.707107 
0.707107 
0.500000 
0.500000 
2.236068 
2.236068 
0.000000 
0.000000 
0.000000 
0.000000 
1.581139 
1.581139 
1.414214 
1.414214 
0.000000 
0.000000 
1.118034 
1.118034 
3.041381 
3.041381 
2.000000 
2.000000 
0.707107 
0.707107 
0.000000 
0.000000 
2.236068 
2.236068 
0.000000 
0.000000 
1.500000 
1.500000 
2.236068 
2.236068 
1.581139 
1.581139 
1.414214 
1.414214 
0.000000 
0.000000 
1.118034 
1.118034 
0.000000 
0.000000 
2.000000 
2.000000 
0.500000 
0.500000 
2.236068 
2.236068 
0.500000 
0.500000 
1.118034 
1.118034 
2.236068 
2.236068 
1.581139 
1.581139 
1.414214 
1.414214 
0.000000 
0.000000 
1.118034 
1.118034 
0.500000 
0.500000 
2.000000 
2.000000 
0.000000 
0.000000 
2.236068 
2.236068 
0.000000 
0.000000 
0.000000 
0.000000 
1.414214 
1.414214 
1.118034 
1.118034 
2.236068 
2.236068 
1.581139 
1.581139 
1.414214 
1.414214 
0.000000 
0.000000 
1.118034 
1.118034 
2.061553 
2.061553 
2.000000 
2.000000 
0.000000 
0.000000 
2.236068 
2.236068 
0.000000 
0.000000 
0.000000 
0.000000 
1.500000 
1.500000 
1.414214 
1.414214 
1.118034 
1.118034 
2.915476 
2.915476 
1.581139 
1.581139 
1.414214 
1.414214 
0.000000 
0.000000 
1.118034 
1.118034 
1.000000 
1.000000 
2.000000 
2.000000 
0.000000 
0.000000 
2.236068 
2.236068 
0.000000 
0.000000 
0.000000 
0.000000 
1.118034 
1.118034 
1.414214 
1.414214 
1.118034 
1.118034 
2.500000 
2.500000 
1.581139 
1.581139 
1.414214 
1.414214 
0.000000 
0.000000 
1.118034 
1.118034 
2.549510 
2.549510 
2.000000 
2.000000 
0.707107 
0.707107 
2.236068 
2.236068 
0.000000 
0.000000 
0.000000 
0.000000 
1.118034 
1.118034 
1.414214 
1.414214 
1.118034 
1.118034 
2.500000 
2.500000 
1.581139 
1.581139 
1.414214 
1.414214 
0.000000 
0.000000 
1.118034 
1.118034 
1.414214 
1.414214 
2.000000 
2.000000 
1.581139 
1.581139 
2.236068 
2.236068 
0.000000 
0.000000 
0.000000 
0.000000 
0.000000 
0.000000 
0.000000 
0.000000 
0.000000 
0.000000 
1.118034 
1.118034 
1.414214 
1.414214 
1.118034 
1.118034 
2.500000 
2.500000 
1.581139 
1.581139 
1.414214 
1.414214 
0.000000 
0.000000 
1.118034 
1.118034 
0.500000 
0.500000 
2.000000 
2.000000 
0.000000 
0.000000 
0.000000 
0.000000 
0.000000 
0.000000 
0.500000 
0.500000 
0.707107 
0.707107 
0.707107 
0.707107 
0.000000 
0.000000 
0.000000 
0.000000 
1.118034 
1.118034 
1.414214 
1.414214 
1.118034 
1.118034 
2.500000 
2.500000 
1.581139 
1.581139 
1.414214 
1.414214 
0.000000 
0.000000 
1.118034 
1.118034 
0.500000 
0.500000 
2.000000 
2.000000 
0.500000 
0.500000 
0.500000 
0.500000 
2.236068 
2.236068 
1.000000 
1.000000 
1.581139 
1.581139 
0.707107 
0.707107 
0.000000 
0.000000 
0.000000 
0.000000 
1.118034 
1.118034 
1.414214 
1.414214 
1.118034 
1.118034 
2.500000 
2.500000 
1.581139 
1.581139 
1.414214 
1.414214 
1.118034 
1.118034 
0.500000 
0.500000 
2.000000 
2.000000 
0.000000 
0.000000 
