0.000000 
0.000000 
0.000000 
0.000000 
0.000000 
0.000000 
0.000000 
0.000000 
0.000000 
0.000000 
0.000000 
0.000000 
0.000000 
0.000000 
2.061553 
2.061553 
0.500000 
0.500000 
0.500000 
0.500000 
0.707107 
0.707107 
0.500000 
0.500000 
0.000000 
0.000000 
0.000000 
0.000000 
0.000000 
0.000000 
3.041381 
3.041381 
0.500000 
0.500000 
0.500000 
0.500000 
0.500000 
0.500000 
2.500000 
2.500000 
1.118034 
1.118034 
0.000000 
0.000000 
0.000000 
0.000000 
2.236068 
2.236068 
1.000000 
1.000000 
0.500000 
0.500000 
4.000000 
4.000000 
0.707107 
0.707107 
0.000000 
0.000000 
1.118034 
1.118034 
1.414214 
1.414214 
0.000000 
0.000000 
2.061553 
2.061553 
0.000000 
0.000000 
0.500000 
0.500000 
1.118034 
1.118034 
0.500000 
0.500000 
0.000000 
0.000000 
1.118034 
1.118034 
0.500000 
0.500000 
0.000000 
0.000000 
7.000000 
7.000000 
0.500000 
0.500000 
0.500000 
0.500000 
1.581139 
1.581139 
0.000000 
0.000000 
0.000000 
0.000000 
1.118034 
1.118034 
6.000000 
6.000000 
0.000000 
0.000000 
2.000000 
2.000000 
0.500000 
0.500000 
0.500000 
0.500000 
1.118034 
1.118034 
0.707107 
0.707107 
0.000000 
0.000000 
1.118034 
1.118034 
1.000000 
1.000000 
0.000000 
0.000000 
1.802776 
1.802776 
0.500000 
0.500000 
0.500000 
0.500000 
1.802776 
1.802776 
0.707107 
0.707107 
0.000000 
0.000000 
0.000000 
0.000000 
1.118034 
1.118034 
1.000000 
1.000000 
0.000000 
0.000000 
1.000000 
1.000000 
0.707107 
0.707107 
0.500000 
0.500000 
1.118034 
1.118034 
0.000000 
0.000000 
2.061553 
2.061553 
0.000000 
0.000000 
1.118034 
1.118034 
1.000000 
1.000000 
0.000000 
0.000000 
4.123106 
4.123106 
0.707107 
0.707107 
0.500000 
0.500000 
1.581139 
1.581139 
3.041381 
3.041381 
0.000000 
0.000000 
2.061553 
2.061553 
0.000000 
0.000000 
1.118034 
1.118034 
1.500000 
1.500000 
0.000000 
0.000000 
0.500000 
0.500000 
1.118034 
1.118034 
0.500000 
0.500000 
1.581139 
1.581139 
1.500000 
1.500000 
0.500000 
0.500000 
2.061553 
2.061553 
0.000000 
0.000000 
1.118034 
1.118034 
1.500000 
1.500000 
0.000000 
0.000000 
1.000000 
1.000000 
3.905125 
3.905125 
0.500000 
0.500000 
1.118034 
1.118034 
2.061553 
2.061553 
0.000000 
0.000000 
0.500000 
0.500000 
2.061553 
2.061553 
0.000000 
0.000000 
1.118034 
1.118034 
1.500000 
1.500000 
0.000000 
0.000000 
0.500000 
0.500000 
2.061553 
2.061553 
0.500000 
0.500000 
2.500000 
2.500000 
3.535534 
3.535534 
0.000000 
0.000000 
2.236068 
2.236068 
1.500000 
1.500000 
2.061553 
2.061553 
0.000000 
0.000000 
1.118034 
1.118034 
1.500000 
1.500000 
0.000000 
0.000000 
0.500000 
0.500000 
2.000000 
2.000000 
0.500000 
0.500000 
1.118034 
1.118034 
2.236068 
2.236068 
0.000000 
0.000000 
1.581139 
1.581139 
2.061553 
2.061553 
2.236068 
2.236068 
2.061553 
2.061553 
0.000000 
0.000000 
1.118034 
1.118034 
1.500000 
1.500000 
0.000000 
0.000000 
0.500000 
0.500000 
2.000000 
2.000000 
0.500000 
0.500000 
1.581139 
1.581139 
7.017834 
7.017834 
0.000000 
0.000000 
0.000000 
0.000000 
1.500000 
1.500000 
1.581139 
1.581139 
2.061553 
2.061553 
1.118034 
1.118034 
2.061553 
2.061553 
0.000000 
0.000000 
1.118034 
1.118034 
1.500000 
1.500000 
1.118034 
1.118034 
2.000000 
2.000000 
0.500000 
0.500000 
2.236068 
2.236068 
3.500000 
3.500000 
0.000000 
0.000000 
2.000000 
2.000000 
1.500000 
1.500000 
1.581139 
1.581139 
2.061553 
2.061553 
3.535534 
3.535534 
2.061553 
2.061553 
0.000000 
0.000000 
1.118034 
1.118034 
1.500000 
1.500000 
4.500000 
4.500000 
2.000000 
2.000000 
1.118034 
1.118034 
3.535534 
3.535534 
0.000000 
0.000000 
0.000000 
0.000000 
0.000000 
0.000000 
0.000000 
0.000000 
2.000000 
2.000000 
1.500000 
1.500000 
1.581139 
1.581139 
2.061553 
2.061553 
1.500000 
1.500000 
2.061553 
2.061553 
0.000000 
0.000000 
1.118034 
1.118034 
1.500000 
1.500000 
0.707107 
0.707107 
2.000000 
2.000000 
1.802776 
1.802776 
3.535534 
3.535534 
0.000000 
0.000000 
0.000000 
0.000000 
0.000000 
0.000000 
4.272002 
4.272002 
0.000000 
0.000000 
2.000000 
2.000000 
1.500000 
1.500000 
1.581139 
1.581139 
2.061553 
2.061553 
2.915476 
2.915476 
2.061553 
2.061553 
0.000000 
0.000000 
1.500000 
1.500000 
2.236068 
2.236068 
2.000000 
2.000000 
2.549510 
2.549510 
3.535534 
3.535534 
0.000000 
0.000000 
0.000000 
0.000000 
0.000000 
0.000000 
2.000000 
2.000000 
0.000000 
0.000000 
0.000000 
0.000000 
4.272002 
4.272002 
0.000000 
0.000000 
2.000000 
2.000000 
1.500000 
1.500000 
1.581139 
1.581139 
2.061553 
2.061553 
2.500000 
2.500000 
2.061553 
2.061553 
1.500000 
1.500000 
6.082763 
6.082763 
2.000000 
2.000000 
1.581139 
1.581139 
3.535534 
3.535534 
1.581139 
1.581139 
2.000000 
2.000000 
3.535534 
3.535534 
2.000000 
2.000000 
0.000000 
0.000000 
0.000000 
0.000000 
4.272002 
4.272002 
0.000000 
0.000000 
2.000000 
2.000000 
1.500000 
1.500000 
1.581139 
1.581139 
2.061553 
2.061553 
3.162278 
3.162278 
2.061553 
2.061553 
1.500000 
1.500000 
4.123106 
4.123106 
2.000000 
2.000000 
4.609772 
4.609772 
3.535534 
3.535534 
0.000000 
0.000000 
0.000000 
0.000000 
2.692582 
2.692582 
2.000000 
2.000000 
3.535534 
3.535534 
2.000000 
2.000000 
0.000000 
0.000000 
0.000000 
0.000000 
4.272002 
4.272002 
0.000000 
0.000000 
2.000000 
2.000000 
1.500000 
1.500000 
1.581139 
1.581139 
2.061553 
2.061553 
3.162278 
3.162278 
2.061553 
2.061553 
1.500000 
1.500000 
4.000000 
4.000000 
2.000000 
2.000000 
2.236068 
2.236068 
3.535534 
3.535534 
0.000000 
0.000000 
0.000000 
0.000000 
2.549510 
2.549510 
1.000000 
1.000000 
2.549510 
2.549510 
2.000000 
2.000000 
3.535534 
3.535534 
2.000000 
2.000000 
0.000000 
0.000000 
0.000000 
0.000000 
4.272002 
4.272002 
0.000000 
0.000000 
2.000000 
2.000000 
1.500000 
1.500000 
1.581139 
1.581139 
2.061553 
2.061553 
3.162278 
3.162278 
2.061553 
2.061553 
1.500000 
1.500000 
4.000000 
4.000000 
2.000000 
2.000000 
2.236068 
2.236068 
3.535534 
3.535534 
0.000000 
0.000000 
0.000000 
0.000000 
0.000000 
0.000000 
1.581139 
1.581139 
3.354102 
3.354102 
2.549510 
2.549510 
1.000000 
1.000000 
6.082763 
6.082763 
2.000000 
2.000000 
3.535534 
3.535534 
2.000000 
2.000000 
0.000000 
0.000000 
0.000000 
0.000000 
4.272002 
4.272002 
0.000000 
0.000000 
2.000000 
2.000000 
1.500000 
1.500000 
1.581139 
1.581139 
2.061553 
2.061553 
3.162278 
3.162278 
2.061553 
2.061553 
1.500000 
1.500000 
4.000000 
4.000000 
2.000000 
2.000000 
2.236068 
2.236068 
3.535534 
3.535534 
0.000000 
0.000000 
0.000000 
0.000000 
3.640055 
3.640055 
1.500000 
1.500000 
1.581139 
1.581139 
7.566373 
7.566373 
2.549510 
2.549510 
1.000000 
1.000000 
2.915476 
2.915476 
2.000000 
2.000000 
3.535534 
3.535534 
2.000000 
2.000000 
0.000000 
0.000000 
0.000000 
0.000000 
4.272002 
4.272002 
0.000000 
0.000000 
2.000000 
2.000000 
1.500000 
1.500000 
2.500000 
2.500000 
2.061553 
2.061553 
3.162278 
3.162278 
1.500000 
1.500000 
4.000000 
4.000000 
2.000000 
2.000000 
2.236068 
2.236068 
3.535534 
3.535534 
0.000000 
0.000000 
2.061553 
2.061553 
0.000000 
0.000000 
3.640055 
3.640055 
1.802776 
1.802776 
1.581139 
1.581139 
4.031129 
4.031129 
2.549510 
2.549510 
1.000000 
1.000000 
3.162278 
3.162278 
2.000000 
2.000000 
3.535534 
3.535534 
2.000000 
2.000000 
0.000000 
0.000000 
0.000000 
0.000000 
4.272002 
4.272002 
0.000000 
0.000000 
2.000000 
2.000000 
1.500000 
1.500000 
1.802776 
1.802776 
2.061553 
2.061553 
3.162278 
3.162278 
4.000000 
4.000000 
2.000000 
2.000000 
2.236068 
2.236068 
3.535534 
3.535534 
0.000000 
0.000000 
0.000000 
0.000000 
0.000000 
0.000000 
2.061553 
2.061553 
0.000000 
0.000000 
3.640055 
3.640055 
1.802776 
1.802776 
1.581139 
1.581139 
4.031129 
4.031129 
2.549510 
2.549510 
1.000000 
1.000000 
4.242641 
4.242641 
2.000000 
2.000000 
3.535534 
3.535534 
2.000000 
2.000000 
0.000000 
0.000000 
0.000000 
0.000000 
4.272002 
4.272002 
0.000000 
0.000000 
2.000000 
2.000000 
1.500000 
1.500000 
1.000000 
1.000000 
2.061553 
2.061553 
3.162278 
3.162278 
4.000000 
4.000000 
2.000000 
2.000000 
2.236068 
2.236068 
3.535534 
3.535534 
2.000000 
2.000000 
1.500000 
1.500000 
0.000000 
0.000000 
2.061553 
2.061553 
0.000000 
0.000000 
3.640055 
3.640055 
1.802776 
1.802776 
1.581139 
1.581139 
4.031129 
4.031129 
2.549510 
2.549510 
1.000000 
1.000000 
5.590170 
5.590170 
2.000000 
2.000000 
3.535534 
3.535534 
2.000000 
2.000000 
0.000000 
0.000000 
0.000000 
0.000000 
4.272002 
4.272002 
1.581139 
1.581139 
2.000000 
2.000000 
1.500000 
1.500000 
1.000000 
1.000000 
2.061553 
2.061553 
3.162278 
3.162278 
4.000000 
4.000000 
2.000000 
2.000000 
2.236068 
2.236068 
3.535534 
3.535534 
0.000000 
0.000000 
0.000000 
0.000000 
2.000000 
2.000000 
1.500000 
1.500000 
0.000000 
0.000000 
2.061553 
2.061553 
0.000000 
0.000000 
3.640055 
3.640055 
1.802776 
1.802776 
1.581139 
1.581139 
4.031129 
4.031129 
2.549510 
2.549510 
1.000000 
1.000000 
2.692582 
2.692582 
2.000000 
2.000000 
3.535534 
3.535534 
2.000000 
2.000000 
0.000000 
0.000000 
0.000000 
0.000000 
4.272002 
4.272002 
2.000000 
2.000000 
2.000000 
2.000000 
1.500000 
1.500000 
1.000000 
1.000000 
2.061553 
2.061553 
3.162278 
3.162278 
4.000000 
4.000000 
2.236068 
2.236068 
3.535534 
3.535534 
0.000000 
0.000000 
0.000000 
0.000000 
0.000000 
0.000000 
1.500000 
1.500000 
2.000000 
2.000000 
1.500000 
1.500000 
0.000000 
0.000000 
2.061553 
2.061553 
0.000000 
0.000000 
3.640055 
3.640055 
1.802776 
1.802776 
1.581139 
1.581139 
4.031129 
4.031129 
2.549510 
2.549510 
1.000000 
1.000000 
3.162278 
3.162278 
2.000000 
2.000000 
3.535534 
3.535534 
2.000000 
2.000000 
0.000000 
0.000000 
0.000000 
0.000000 
4.272002 
4.272002 
1.581139 
1.581139 
2.000000 
2.000000 
1.500000 
1.500000 
1.000000 
1.000000 
3.162278 
3.162278 
4.000000 
4.000000 
2.236068 
2.236068 
3.535534 
3.535534 
0.000000 
0.000000 
2.061553 
2.061553 
4.031129 
4.031129 
0.000000 
0.000000 
2.692582 
2.692582 
2.000000 
2.000000 
1.500000 
1.500000 
0.000000 
0.000000 
2.061553 
2.061553 
0.000000 
0.000000 
3.640055 
3.640055 
1.802776 
1.802776 
1.581139 
1.581139 
4.031129 
4.031129 
2.549510 
2.549510 
1.000000 
1.000000 
3.500000 
3.500000 
2.000000 
2.000000 
3.535534 
3.535534 
2.000000 
2.000000 
0.000000 
0.000000 
0.000000 
0.000000 
4.272002 
4.272002 
1.581139 
1.581139 
2.000000 
2.000000 
1.000000 
1.000000 
3.162278 
3.162278 
4.000000 
4.000000 
2.236068 
2.236068 
3.535534 
3.535534 
0.000000 
0.000000 
0.000000 
0.000000 
0.000000 
0.000000 
2.061553 
2.061553 
2.061553 
2.061553 
4.031129 
4.031129 
0.000000 
0.000000 
2.692582 
2.692582 
2.000000 
2.000000 
1.500000 
1.500000 
0.000000 
0.000000 
2.061553 
2.061553 
0.000000 
0.000000 
3.640055 
3.640055 
1.802776 
1.802776 
1.581139 
1.581139 
4.031129 
4.031129 
2.549510 
2.549510 
1.000000 
1.000000 
3.500000 
3.500000 
2.000000 
2.000000 
3.535534 
3.535534 
2.000000 
2.000000 
0.000000 
0.000000 
0.000000 
0.000000 
4.272002 
4.272002 
1.581139 
1.581139 
1.000000 
1.000000 
3.162278 
3.162278 
4.000000 
4.000000 
2.236068 
2.236068 
0.000000 
0.000000 
0.000000 
0.000000 
1.500000 
1.500000 
3.535534 
3.535534 
2.061553 
2.061553 
2.061553 
2.061553 
4.031129 
4.031129 
0.000000 
0.000000 
2.692582 
2.692582 
2.000000 
2.000000 
1.500000 
1.500000 
0.000000 
0.000000 
2.061553 
2.061553 
0.000000 
0.000000 
3.640055 
3.640055 
1.802776 
1.802776 
1.581139 
1.581139 
4.031129 
4.031129 
2.549510 
2.549510 
1.000000 
1.000000 
3.500000 
3.500000 
2.000000 
2.000000 
3.535534 
3.535534 
2.000000 
2.000000 
4.272002 
4.272002 
1.581139 
1.581139 
1.000000 
1.000000 
3.162278 
3.162278 
4.000000 
4.000000 
2.236068 
2.236068 
0.000000 
0.000000 
0.000000 
0.000000 
0.000000 
0.000000 
0.000000 
0.000000 
0.000000 
0.000000 
1.500000 
1.500000 
3.162278 
3.162278 
2.061553 
2.061553 
2.061553 
2.061553 
4.031129 
4.031129 
0.000000 
0.000000 
2.692582 
2.692582 
2.000000 
2.000000 
1.500000 
1.500000 
0.000000 
0.000000 
2.061553 
2.061553 
0.000000 
0.000000 
3.640055 
3.640055 
1.802776 
1.802776 
1.581139 
1.581139 
4.031129 
4.031129 
2.549510 
2.549510 
1.000000 
1.000000 
3.500000 
3.500000 
2.000000 
2.000000 
3.535534 
3.535534 
2.000000 
2.000000 
1.581139 
1.581139 
1.000000 
1.000000 
3.162278 
3.162278 
4.000000 
4.000000 
2.236068 
2.236068 
0.000000 
0.000000 
1.581139 
1.581139 
1.500000 
1.500000 
1.500000 
1.500000 
0.000000 
0.000000 
0.000000 
0.000000 
1.500000 
1.500000 
3.162278 
3.162278 
2.061553 
2.061553 
2.061553 
2.061553 
4.031129 
4.031129 
0.000000 
0.000000 
2.692582 
2.692582 
2.000000 
2.000000 
1.500000 
1.500000 
0.000000 
0.000000 
2.061553 
2.061553 
0.000000 
0.000000 
3.640055 
3.640055 
1.802776 
1.802776 
1.581139 
1.581139 
4.031129 
4.031129 
2.549510 
2.549510 
1.000000 
1.000000 
3.500000 
3.500000 
2.000000 
2.000000 
3.535534 
3.535534 
1.581139 
1.581139 
1.000000 
1.000000 
3.162278 
3.162278 
4.000000 
4.000000 
2.236068 
2.236068 
0.000000 
0.000000 
0.000000 
0.000000 
0.000000 
0.000000 
3.640055 
3.640055 
1.581139 
1.581139 
1.500000 
1.500000 
1.500000 
1.500000 
0.000000 
0.000000 
0.000000 
0.000000 
1.500000 
1.500000 
3.162278 
3.162278 
2.061553 
2.061553 
2.061553 
2.061553 
4.031129 
4.031129 
0.000000 
0.000000 
2.692582 
2.692582 
2.000000 
2.000000 
1.500000 
1.500000 
0.000000 
0.000000 
2.061553 
2.061553 
0.000000 
0.000000 
3.640055 
3.640055 
1.802776 
1.802776 
1.581139 
1.581139 
4.031129 
4.031129 
2.549510 
2.549510 
1.000000 
1.000000 
3.500000 
3.500000 
1.581139 
1.581139 
1.000000 
1.000000 
4.000000 
4.000000 
2.236068 
2.236068 
0.000000 
0.000000 
1.500000 
1.500000 
1.802776 
1.802776 
3.535534 
3.535534 
1.581139 
1.581139 
1.500000 
1.500000 
1.500000 
1.500000 
0.000000 
0.000000 
0.000000 
0.000000 
1.500000 
1.500000 
3.162278 
3.162278 
2.061553 
2.061553 
2.061553 
2.061553 
4.031129 
4.031129 
0.000000 
0.000000 
2.692582 
2.692582 
2.000000 
2.000000 
1.500000 
1.500000 
0.000000 
0.000000 
2.061553 
2.061553 
0.000000 
0.000000 
3.640055 
3.640055 
1.802776 
1.802776 
1.581139 
1.581139 
4.031129 
4.031129 
2.549510 
2.549510 
1.000000 
1.000000 
3.500000 
3.500000 
1.581139 
1.581139 
1.000000 
1.000000 
0.000000 
0.000000 
0.000000 
0.000000 
0.000000 
0.000000 
0.000000 
0.000000 
1.118034 
1.118034 
1.802776 
1.802776 
3.535534 
3.535534 
1.581139 
1.581139 
1.500000 
1.500000 
1.500000 
1.500000 
0.000000 
0.000000 
0.000000 
0.000000 
1.500000 
1.500000 
3.162278 
3.162278 
2.061553 
2.061553 
2.061553 
2.061553 
4.031129 
4.031129 
0.000000 
0.000000 
2.692582 
2.692582 
2.000000 
2.000000 
1.500000 
1.500000 
0.000000 
0.000000 
2.061553 
2.061553 
0.000000 
0.000000 
3.640055 
3.640055 
1.802776 
1.802776 
1.581139 
1.581139 
4.031129 
4.031129 
3.500000 
3.500000 
1.581139 
1.581139 
1.000000 
1.000000 
0.000000 
0.000000 
0.000000 
0.000000 
0.000000 
0.000000 
2.236068 
2.236068 
3.640055 
3.640055 
0.000000 
0.000000 
1.118034 
1.118034 
1.802776 
1.802776 
3.535534 
3.535534 
1.581139 
1.581139 
1.500000 
1.500000 
1.500000 
1.500000 
0.000000 
0.000000 
0.000000 
0.000000 
1.500000 
1.500000 
3.162278 
3.162278 
2.061553 
2.061553 
2.061553 
2.061553 
4.031129 
4.031129 
0.000000 
0.000000 
2.692582 
2.692582 
2.000000 
2.000000 
1.500000 
1.500000 
0.000000 
0.000000 
2.061553 
2.061553 
3.640055 
3.640055 
1.802776 
1.802776 
4.031129 
4.031129 
3.500000 
3.500000 
1.581139 
1.581139 
1.000000 
1.000000 
