0.000000 
0.000000 
0.000000 
0.000000 
0.000000 
0.000000 
0.000000 
0.000000 
0.000000 
0.000000 
2.915476 
2.915476 
2.549510 
2.549510 
0.500000 
0.500000 
0.000000 
0.000000 
4.949747 
4.949747 
2.549510 
2.549510 
0.500000 
0.500000 
0.000000 
0.000000 
0.000000 
0.000000 
4.949747 
4.949747 
2.549510 
2.549510 
1.802776 
1.802776 
3.640055 
3.640055 
0.000000 
0.000000 
4.949747 
4.949747 
2.549510 
2.549510 
1.000000 
1.000000 
0.000000 
0.000000 
3.640055 
3.640055 
0.000000 
0.000000 
4.949747 
4.949747 
2.549510 
2.549510 
0.500000 
0.500000 
3.162278 
3.162278 
3.640055 
3.640055 
0.000000 
0.000000 
4.949747 
4.949747 
3.041381 
3.041381 
0.500000 
0.500000 
4.123106 
4.123106 
3.640055 
3.640055 
0.000000 
0.000000 
4.949747 
4.949747 
0.500000 
0.500000 
0.707107 
0.707107 
0.000000 
0.000000 
7.071068 
7.071068 
3.640055 
3.640055 
0.000000 
0.000000 
4.949747 
4.949747 
1.000000 
1.000000 
0.000000 
0.000000 
3.500000 
3.500000 
3.354102 
3.354102 
3.640055 
3.640055 
0.000000 
0.000000 
4.949747 
4.949747 
1.118034 
1.118034 
1.118034 
1.118034 
4.031129 
4.031129 
2.915476 
2.915476 
3.640055 
3.640055 
0.000000 
0.000000 
4.949747 
4.949747 
1.500000 
1.500000 
1.500000 
1.500000 
4.031129 
4.031129 
2.061553 
2.061553 
3.640055 
3.640055 
0.000000 
0.000000 
4.949747 
4.949747 
1.500000 
1.500000 
2.000000 
2.000000 
4.031129 
4.031129 
6.519202 
6.519202 
3.640055 
3.640055 
0.000000 
0.000000 
4.949747 
4.949747 
4.527693 
4.527693 
1.414214 
1.414214 
0.000000 
0.000000 
4.031129 
4.031129 
2.236068 
2.236068 
3.640055 
3.640055 
0.000000 
0.000000 
4.949747 
4.949747 
2.500000 
2.500000 
1.414214 
1.414214 
0.000000 
0.000000 
1.500000 
1.500000 
4.031129 
4.031129 
2.500000 
2.500000 
3.640055 
3.640055 
0.000000 
0.000000 
4.949747 
4.949747 
3.041381 
3.041381 
1.414214 
1.414214 
2.000000 
2.000000 
1.802776 
1.802776 
4.031129 
4.031129 
2.236068 
2.236068 
3.640055 
3.640055 
4.949747 
4.949747 
2.500000 
2.500000 
1.414214 
1.414214 
0.000000 
0.000000 
3.500000 
3.500000 
3.500000 
3.500000 
4.031129 
4.031129 
0.707107 
0.707107 
3.640055 
3.640055 
4.949747 
4.949747 
2.500000 
2.500000 
1.414214 
1.414214 
2.061553 
2.061553 
2.000000 
2.000000 
2.549510 
2.549510 
4.031129 
4.031129 
0.707107 
0.707107 
3.640055 
3.640055 
2.500000 
2.500000 
1.414214 
1.414214 
0.000000 
0.000000 
0.000000 
0.000000 
4.031129 
4.031129 
5.500000 
5.500000 
2.549510 
2.549510 
4.031129 
4.031129 
0.707107 
0.707107 
3.640055 
3.640055 
2.500000 
2.500000 
1.414214 
1.414214 
1.581139 
1.581139 
1.118034 
1.118034 
4.031129 
4.031129 
2.061553 
2.061553 
2.549510 
2.549510 
4.031129 
4.031129 
0.707107 
0.707107 
2.500000 
2.500000 
1.414214 
1.414214 
3.535534 
3.535534 
1.000000 
1.000000 
4.031129 
4.031129 
2.549510 
2.549510 
2.549510 
2.549510 
4.031129 
4.031129 
0.707107 
0.707107 
2.500000 
2.500000 
1.414214 
1.414214 
0.000000 
0.000000 
2.549510 
2.549510 
0.500000 
0.500000 
4.031129 
4.031129 
2.500000 
2.500000 
2.549510 
2.549510 
4.031129 
4.031129 
0.707107 
0.707107 
2.500000 
2.500000 
1.414214 
1.414214 
0.000000 
0.000000 
2.692582 
2.692582 
1.000000 
1.000000 
4.031129 
4.031129 
2.692582 
2.692582 
2.549510 
2.549510 
4.031129 
4.031129 
0.707107 
0.707107 
2.500000 
2.500000 
1.414214 
1.414214 
0.000000 
0.000000 
0.000000 
0.000000 
4.500000 
4.500000 
0.500000 
0.500000 
4.031129 
4.031129 
5.024938 
5.024938 
2.549510 
2.549510 
4.031129 
4.031129 
0.707107 
0.707107 
2.500000 
2.500000 
1.414214 
1.414214 
0.000000 
0.000000 
0.000000 
0.000000 
0.000000 
0.000000 
0.000000 
0.000000 
2.061553 
2.061553 
2.549510 
2.549510 
4.031129 
4.031129 
2.061553 
2.061553 
2.549510 
2.549510 
4.031129 
4.031129 
0.707107 
0.707107 
2.500000 
2.500000 
1.414214 
1.414214 
1.118034 
1.118034 
1.581139 
1.581139 
0.000000 
0.000000 
0.000000 
0.000000 
2.549510 
2.549510 
1.000000 
1.000000 
4.031129 
4.031129 
3.000000 
3.000000 
2.549510 
2.549510 
0.707107 
0.707107 
2.500000 
2.500000 
1.414214 
1.414214 
1.118034 
1.118034 
1.414214 
1.414214 
0.000000 
0.000000 
0.000000 
0.000000 
2.692582 
2.692582 
0.500000 
0.500000 
4.031129 
4.031129 
3.000000 
3.000000 
2.549510 
2.549510 
0.707107 
0.707107 
2.500000 
2.500000 
1.414214 
1.414214 
1.118034 
1.118034 
3.000000 
3.000000 
0.000000 
0.000000 
0.000000 
0.000000 
1.802776 
1.802776 
0.500000 
0.500000 
4.031129 
4.031129 
6.020797 
6.020797 
2.549510 
2.549510 
0.707107 
0.707107 
2.500000 
2.500000 
1.118034 
1.118034 
1.500000 
1.500000 
0.000000 
0.000000 
0.000000 
0.000000 
1.802776 
1.802776 
1.000000 
1.000000 
4.031129 
4.031129 
2.500000 
2.500000 
2.549510 
2.549510 
0.707107 
0.707107 
2.500000 
2.500000 
5.099020 
5.099020 
1.581139 
1.581139 
0.000000 
0.000000 
0.000000 
0.000000 
3.354102 
3.354102 
2.549510 
2.549510 
4.031129 
4.031129 
4.031129 
4.031129 
2.549510 
2.549510 
0.707107 
0.707107 
2.500000 
2.500000 
5.099020 
5.099020 
1.500000 
1.500000 
0.000000 
0.000000 
0.000000 
0.000000 
1.118034 
1.118034 
0.000000 
0.000000 
4.031129 
4.031129 
3.000000 
3.000000 
2.549510 
2.549510 
0.707107 
0.707107 
0.500000 
0.500000 
1.000000 
1.000000 
0.000000 
0.000000 
0.000000 
0.000000 
3.041381 
3.041381 
2.000000 
2.000000 
4.031129 
4.031129 
5.500000 
5.500000 
2.549510 
2.549510 
0.707107 
0.707107 
0.500000 
0.500000 
3.807887 
3.807887 
0.000000 
0.000000 
0.000000 
0.000000 
0.707107 
0.707107 
0.707107 
0.707107 
4.031129 
4.031129 
4.031129 
4.031129 
0.000000 
0.000000 
0.000000 
0.000000 
1.581139 
1.581139 
0.000000 
0.000000 
0.000000 
0.000000 
1.802776 
1.802776 
3.162278 
3.162278 
4.031129 
4.031129 
2.549510 
2.549510 
2.915476 
2.915476 
1.118034 
1.118034 
0.000000 
0.000000 
0.000000 
0.000000 
1.500000 
1.500000 
0.000000 
0.000000 
4.031129 
4.031129 
3.535534 
3.535534 
0.500000 
0.500000 
1.581139 
1.581139 
0.000000 
0.000000 
0.000000 
0.000000 
1.118034 
1.118034 
1.118034 
1.118034 
4.031129 
4.031129 
3.535534 
3.535534 
0.500000 
0.500000 
0.500000 
0.500000 
0.000000 
0.000000 
1.118034 
1.118034 
0.500000 
0.500000 
4.031129 
4.031129 
3.535534 
3.535534 
0.500000 
0.500000 
1.118034 
1.118034 
0.000000 
0.000000 
1.118034 
1.118034 
1.000000 
1.000000 
4.031129 
4.031129 
3.535534 
3.535534 
0.500000 
0.500000 
1.414214 
1.414214 
1.581139 
1.581139 
0.707107 
0.707107 
4.031129 
4.031129 
