0.000000 
0.000000 
0.000000 
0.000000 
0.000000 
0.000000 
0.000000 
0.000000 
0.000000 
0.000000 
0.000000 
0.000000 
1.118034 
1.118034 
3.162278 
3.162278 
1.581139 
1.581139 
7.017834 
7.017834 
0.000000 
0.000000 
1.118034 
1.118034 
3.162278 
3.162278 
4.031129 
4.031129 
0.000000 
0.000000 
7.017834 
7.017834 
0.000000 
0.000000 
1.118034 
1.118034 
3.162278 
3.162278 
2.500000 
2.500000 
6.500000 
6.500000 
7.017834 
7.017834 
0.000000 
0.000000 
1.118034 
1.118034 
3.162278 
3.162278 
11.180340 
11.180340 
0.000000 
0.000000 
6.500000 
6.500000 
7.017834 
7.017834 
0.000000 
0.000000 
1.118034 
1.118034 
3.162278 
3.162278 
11.011358 
11.011358 
6.670832 
6.670832 
6.500000 
6.500000 
7.017834 
7.017834 
0.000000 
0.000000 
1.118034 
1.118034 
3.162278 
3.162278 
4.031129 
4.031129 
2.061553 
2.061553 
6.500000 
6.500000 
7.017834 
7.017834 
0.000000 
0.000000 
1.118034 
1.118034 
3.162278 
3.162278 
2.061553 
2.061553 
3.500000 
3.500000 
6.500000 
6.500000 
7.017834 
7.017834 
0.000000 
0.000000 
1.118034 
1.118034 
3.162278 
3.162278 
1.500000 
1.500000 
2.549510 
2.549510 
6.500000 
6.500000 
7.017834 
7.017834 
0.000000 
0.000000 
1.118034 
1.118034 
3.162278 
3.162278 
0.500000 
0.500000 
7.158911 
7.158911 
6.500000 
6.500000 
7.017834 
7.017834 
0.000000 
0.000000 
1.118034 
1.118034 
3.162278 
3.162278 
1.000000 
1.000000 
3.535534 
3.535534 
6.500000 
6.500000 
7.017834 
7.017834 
0.000000 
0.000000 
1.118034 
1.118034 
3.162278 
3.162278 
4.527693 
4.527693 
3.041381 
3.041381 
6.500000 
6.500000 
7.017834 
7.017834 
0.000000 
0.000000 
1.118034 
1.118034 
3.162278 
3.162278 
6.946222 
6.946222 
0.000000 
0.000000 
5.590170 
5.590170 
6.500000 
6.500000 
7.017834 
7.017834 
0.000000 
0.000000 
1.118034 
1.118034 
3.162278 
3.162278 
3.041381 
3.041381 
0.000000 
0.000000 
0.000000 
0.000000 
1.118034 
1.118034 
6.500000 
6.500000 
7.017834 
7.017834 
0.000000 
0.000000 
1.118034 
1.118034 
3.162278 
3.162278 
1.118034 
1.118034 
0.000000 
0.000000 
0.000000 
0.000000 
2.061553 
2.061553 
6.500000 
6.500000 
7.017834 
7.017834 
1.118034 
1.118034 
3.162278 
3.162278 
0.500000 
0.500000 
0.000000 
0.000000 
0.000000 
0.000000 
1.118034 
1.118034 
6.500000 
6.500000 
7.017834 
7.017834 
8.000000 
8.000000 
0.000000 
0.000000 
0.000000 
0.000000 
1.118034 
1.118034 
6.500000 
6.500000 
1.802776 
1.802776 
0.000000 
0.000000 
0.000000 
0.000000 
1.118034 
1.118034 
6.500000 
6.500000 
1.581139 
1.581139 
0.000000 
0.000000 
0.000000 
0.000000 
1.118034 
1.118034 
1.802776 
1.802776 
0.000000 
0.000000 
0.000000 
0.000000 
1.118034 
1.118034 
0.707107 
0.707107 
0.000000 
0.000000 
0.000000 
0.000000 
1.118034 
1.118034 
0.707107 
0.707107 
0.000000 
0.000000 
0.000000 
0.000000 
1.118034 
1.118034 
0.707107 
0.707107 
0.000000 
0.000000 
0.000000 
0.000000 
1.118034 
1.118034 
0.707107 
0.707107 
0.000000 
0.000000 
0.000000 
0.000000 
1.118034 
1.118034 
0.707107 
0.707107 
0.000000 
0.000000 
0.000000 
0.000000 
1.118034 
1.118034 
0.707107 
0.707107 
0.000000 
0.000000 
0.000000 
0.000000 
1.118034 
1.118034 
0.707107 
0.707107 
0.000000 
0.000000 
0.000000 
0.000000 
1.118034 
1.118034 
0.707107 
0.707107 
0.000000 
0.000000 
1.118034 
1.118034 
0.707107 
0.707107 
1.118034 
1.118034 
0.707107 
0.707107 
1.118034 
1.118034 
0.707107 
0.707107 
0.707107 
0.707107 
0.707107 
0.707107 
0.707107 
0.707107 
0.000000 
0.000000 
0.707107 
0.707107 
7.433034 
7.433034 
0.000000 
0.000000 
7.433034 
7.433034 
0.000000 
0.000000 
7.433034 
7.433034 
0.000000 
0.000000 
0.000000 
0.000000 
0.000000 
0.000000 
7.433034 
7.433034 
