0.000000 
0.000000 
0.000000 
0.000000 
1.118034 
1.118034 
0.000000 
0.000000 
1.118034 
1.118034 
0.000000 
0.000000 
0.000000 
0.000000 
0.000000 
0.000000 
1.118034 
1.118034 
0.000000 
0.000000 
3.640055 
3.640055 
1.000000 
1.000000 
0.000000 
0.000000 
1.118034 
1.118034 
0.000000 
0.000000 
0.500000 
0.500000 
3.807887 
3.807887 
1.118034 
1.118034 
0.000000 
0.000000 
1.118034 
1.118034 
0.000000 
0.000000 
2.549510 
2.549510 
0.500000 
0.500000 
3.807887 
3.807887 
1.118034 
1.118034 
0.000000 
0.000000 
1.118034 
1.118034 
4.272002 
4.272002 
2.549510 
2.549510 
2.061553 
2.061553 
3.807887 
3.807887 
1.118034 
1.118034 
0.000000 
0.000000 
1.118034 
1.118034 
0.000000 
0.000000 
0.000000 
0.000000 
4.272002 
4.272002 
2.549510 
2.549510 
1.500000 
1.500000 
3.807887 
3.807887 
1.118034 
1.118034 
0.000000 
0.000000 
4.472136 
4.472136 
2.061553 
2.061553 
1.581139 
1.581139 
4.272002 
4.272002 
2.549510 
2.549510 
1.581139 
1.581139 
3.807887 
3.807887 
1.118034 
1.118034 
0.000000 
0.000000 
4.472136 
4.472136 
3.640055 
3.640055 
2.236068 
2.236068 
4.272002 
4.272002 
2.549510 
2.549510 
1.118034 
1.118034 
3.807887 
3.807887 
1.118034 
1.118034 
0.000000 
0.000000 
4.472136 
4.472136 
3.640055 
3.640055 
2.236068 
2.236068 
4.272002 
4.272002 
2.549510 
2.549510 
1.118034 
1.118034 
3.807887 
3.807887 
1.118034 
1.118034 
0.000000 
0.000000 
4.472136 
4.472136 
3.640055 
3.640055 
2.236068 
2.236068 
4.272002 
4.272002 
2.549510 
2.549510 
1.118034 
1.118034 
3.807887 
3.807887 
1.118034 
1.118034 
0.000000 
0.000000 
4.472136 
4.472136 
3.640055 
3.640055 
2.236068 
2.236068 
4.272002 
4.272002 
2.549510 
2.549510 
1.118034 
1.118034 
3.807887 
3.807887 
1.118034 
1.118034 
0.000000 
0.000000 
4.472136 
4.472136 
3.640055 
3.640055 
2.236068 
2.236068 
4.272002 
4.272002 
2.549510 
2.549510 
1.118034 
1.118034 
3.807887 
3.807887 
1.118034 
1.118034 
0.000000 
0.000000 
4.472136 
4.472136 
3.640055 
3.640055 
2.236068 
2.236068 
4.272002 
4.272002 
2.549510 
2.549510 
1.118034 
1.118034 
3.807887 
3.807887 
1.118034 
1.118034 
0.000000 
0.000000 
4.472136 
4.472136 
3.640055 
3.640055 
2.236068 
2.236068 
4.272002 
4.272002 
2.549510 
2.549510 
1.118034 
1.118034 
3.807887 
3.807887 
1.118034 
1.118034 
4.472136 
4.472136 
3.640055 
3.640055 
2.236068 
2.236068 
4.272002 
4.272002 
2.549510 
2.549510 
1.118034 
1.118034 
3.807887 
3.807887 
1.118034 
1.118034 
4.472136 
4.472136 
3.640055 
3.640055 
2.236068 
2.236068 
4.272002 
4.272002 
2.549510 
2.549510 
1.118034 
1.118034 
3.807887 
3.807887 
1.118034 
1.118034 
4.472136 
4.472136 
3.640055 
3.640055 
2.236068 
2.236068 
4.272002 
4.272002 
2.549510 
2.549510 
1.118034 
1.118034 
3.807887 
3.807887 
1.118034 
1.118034 
4.472136 
4.472136 
3.640055 
3.640055 
2.236068 
2.236068 
4.272002 
4.272002 
2.549510 
2.549510 
1.118034 
1.118034 
4.472136 
4.472136 
3.640055 
3.640055 
2.236068 
2.236068 
4.272002 
4.272002 
1.118034 
1.118034 
4.472136 
4.472136 
3.640055 
3.640055 
2.236068 
2.236068 
1.118034 
1.118034 
4.472136 
4.472136 
3.640055 
3.640055 
2.236068 
2.236068 
1.118034 
1.118034 
3.640055 
3.640055 
5.000000 
5.000000 
1.118034 
1.118034 
2.000000 
2.000000 
1.118034 
1.118034 
2.692582 
2.692582 
2.692582 
2.692582 
2.692582 
2.692582 
0.000000 
0.000000 
2.692582 
2.692582 
1.118034 
1.118034 
2.692582 
2.692582 
1.581139 
1.581139 
2.692582 
2.692582 
0.000000 
0.000000 
1.118034 
1.118034 
2.692582 
2.692582 
5.500000 
5.500000 
0.707107 
0.707107 
2.692582 
2.692582 
0.500000 
0.500000 
0.707107 
0.707107 
2.692582 
2.692582 
