0.000000 
0.000000 
0.000000 
0.000000 
0.000000 
0.000000 
0.000000 
0.000000 
0.000000 
0.000000 
2.500000 
2.500000 
3.162278 
3.162278 
1.581139 
1.581139 
4.123106 
4.123106 
1.118034 
1.118034 
2.500000 
2.500000 
3.162278 
3.162278 
0.500000 
0.500000 
1.414214 
1.414214 
0.000000 
0.000000 
1.118034 
1.118034 
2.500000 
2.500000 
1.802776 
1.802776 
1.000000 
1.000000 
1.000000 
1.000000 
0.000000 
0.000000 
0.000000 
0.000000 
1.118034 
1.118034 
2.500000 
2.500000 
1.802776 
1.802776 
1.000000 
1.000000 
1.118034 
1.118034 
0.500000 
0.500000 
1.000000 
1.000000 
1.118034 
1.118034 
2.500000 
2.500000 
1.802776 
1.802776 
2.061553 
2.061553 
1.118034 
1.118034 
1.118034 
1.118034 
0.500000 
0.500000 
1.118034 
1.118034 
2.500000 
2.500000 
1.802776 
1.802776 
1.000000 
1.000000 
0.707107 
0.707107 
1.118034 
1.118034 
3.000000 
3.000000 
1.118034 
1.118034 
2.500000 
2.500000 
1.802776 
1.802776 
1.000000 
1.000000 
0.707107 
0.707107 
6.500000 
6.500000 
5.099020 
5.099020 
1.118034 
1.118034 
2.500000 
2.500000 
5.000000 
5.000000 
1.000000 
1.000000 
0.707107 
0.707107 
1.802776 
1.802776 
2.500000 
2.500000 
1.118034 
1.118034 
2.500000 
2.500000 
1.118034 
1.118034 
1.000000 
1.000000 
1.581139 
1.581139 
4.924429 
4.924429 
3.640055 
3.640055 
1.118034 
1.118034 
2.500000 
2.500000 
2.549510 
2.549510 
1.000000 
1.000000 
2.549510 
2.549510 
4.924429 
4.924429 
3.640055 
3.640055 
1.118034 
1.118034 
2.500000 
2.500000 
2.549510 
2.549510 
1.000000 
1.000000 
3.162278 
3.162278 
4.924429 
4.924429 
3.640055 
3.640055 
1.118034 
1.118034 
2.500000 
2.500000 
2.549510 
2.549510 
1.000000 
1.000000 
3.162278 
3.162278 
0.000000 
0.000000 
0.000000 
0.000000 
4.924429 
4.924429 
3.640055 
3.640055 
1.118034 
1.118034 
2.500000 
2.500000 
2.549510 
2.549510 
1.000000 
1.000000 
3.162278 
3.162278 
3.162278 
3.162278 
0.000000 
0.000000 
4.924429 
4.924429 
3.640055 
3.640055 
1.118034 
1.118034 
2.500000 
2.500000 
2.549510 
2.549510 
1.000000 
1.000000 
3.162278 
3.162278 
0.000000 
0.000000 
3.162278 
3.162278 
0.000000 
0.000000 
4.924429 
4.924429 
3.640055 
3.640055 
1.118034 
1.118034 
2.500000 
2.500000 
2.549510 
2.549510 
1.000000 
1.000000 
3.162278 
3.162278 
0.000000 
0.000000 
3.162278 
3.162278 
0.000000 
0.000000 
4.924429 
4.924429 
3.640055 
3.640055 
1.118034 
1.118034 
2.549510 
2.549510 
1.000000 
1.000000 
3.162278 
3.162278 
0.000000 
0.000000 
3.162278 
3.162278 
0.000000 
0.000000 
4.924429 
4.924429 
3.640055 
3.640055 
2.549510 
2.549510 
1.000000 
1.000000 
3.162278 
3.162278 
0.000000 
0.000000 
3.162278 
3.162278 
0.000000 
0.000000 
4.924429 
4.924429 
3.640055 
3.640055 
2.549510 
2.549510 
1.000000 
1.000000 
3.162278 
3.162278 
0.000000 
0.000000 
0.000000 
0.000000 
3.162278 
3.162278 
0.000000 
0.000000 
4.924429 
4.924429 
3.640055 
3.640055 
2.549510 
2.549510 
1.000000 
1.000000 
3.162278 
3.162278 
4.031129 
4.031129 
0.000000 
0.000000 
3.162278 
3.162278 
0.000000 
0.000000 
4.924429 
4.924429 
3.640055 
3.640055 
2.549510 
2.549510 
1.000000 
1.000000 
3.162278 
3.162278 
0.000000 
0.000000 
4.031129 
4.031129 
0.000000 
0.000000 
3.162278 
3.162278 
0.000000 
0.000000 
4.924429 
4.924429 
3.640055 
3.640055 
2.549510 
2.549510 
3.162278 
3.162278 
2.692582 
2.692582 
4.031129 
4.031129 
0.000000 
0.000000 
3.162278 
3.162278 
0.000000 
0.000000 
4.924429 
4.924429 
3.640055 
3.640055 
2.549510 
2.549510 
3.162278 
3.162278 
2.549510 
2.549510 
4.031129 
4.031129 
0.000000 
0.000000 
3.162278 
3.162278 
0.000000 
0.000000 
4.924429 
4.924429 
3.640055 
3.640055 
2.549510 
2.549510 
3.162278 
3.162278 
1.414214 
1.414214 
4.031129 
4.031129 
0.000000 
0.000000 
3.162278 
3.162278 
0.000000 
0.000000 
4.924429 
4.924429 
3.640055 
3.640055 
2.549510 
2.549510 
3.162278 
3.162278 
1.581139 
1.581139 
4.031129 
4.031129 
0.000000 
0.000000 
3.162278 
3.162278 
0.000000 
0.000000 
3.162278 
3.162278 
2.061553 
2.061553 
4.031129 
4.031129 
0.000000 
0.000000 
3.162278 
3.162278 
0.000000 
0.000000 
2.061553 
2.061553 
4.031129 
4.031129 
0.000000 
0.000000 
3.162278 
3.162278 
0.000000 
0.000000 
1.118034 
1.118034 
4.031129 
4.031129 
0.000000 
0.000000 
3.162278 
3.162278 
1.000000 
1.000000 
4.031129 
4.031129 
0.000000 
0.000000 
3.041381 
3.041381 
4.031129 
4.031129 
1.581139 
1.581139 
4.031129 
4.031129 
2.236068 
2.236068 
4.031129 
4.031129 
2.061553 
2.061553 
4.031129 
4.031129 
0.000000 
0.000000 
2.000000 
2.000000 
4.031129 
4.031129 
3.905125 
3.905125 
8.558621 
8.558621 
5.024938 
5.024938 
1.581139 
1.581139 
5.024938 
5.024938 
2.061553 
2.061553 
5.024938 
5.024938 
2.549510 
2.549510 
