0.000000 
0.000000 
3.640055 
3.640055 
3.640055 
3.640055 
3.640055 
3.640055 
3.640055 
3.640055 
0.000000 
0.000000 
0.000000 
0.000000 
3.640055 
3.640055 
3.000000 
3.000000 
3.640055 
3.640055 
3.640055 
3.640055 
0.000000 
0.000000 
3.000000 
3.000000 
7.516648 
7.516648 
3.640055 
3.640055 
0.000000 
0.000000 
3.000000 
3.000000 
2.692582 
2.692582 
3.640055 
3.640055 
0.000000 
0.000000 
3.000000 
3.000000 
3.162278 
3.162278 
3.640055 
3.640055 
0.000000 
0.000000 
3.000000 
3.000000 
1.802776 
1.802776 
3.640055 
3.640055 
0.000000 
0.000000 
0.000000 
0.000000 
3.000000 
3.000000 
5.500000 
5.500000 
3.640055 
3.640055 
4.123106 
4.123106 
0.000000 
0.000000 
3.000000 
3.000000 
2.500000 
2.500000 
3.640055 
3.640055 
0.500000 
0.500000 
0.000000 
0.000000 
3.000000 
3.000000 
3.041381 
3.041381 
3.640055 
3.640055 
0.000000 
0.000000 
0.500000 
0.500000 
0.000000 
0.000000 
3.000000 
3.000000 
11.011358 
11.011358 
3.640055 
3.640055 
1.118034 
1.118034 
0.500000 
0.500000 
0.000000 
0.000000 
3.000000 
3.000000 
8.139410 
8.139410 
3.640055 
3.640055 
0.000000 
0.000000 
0.500000 
0.500000 
0.000000 
0.000000 
3.000000 
3.000000 
3.807887 
3.807887 
0.500000 
0.500000 
0.707107 
0.707107 
0.000000 
0.000000 
3.000000 
3.000000 
6.670832 
6.670832 
0.000000 
0.000000 
0.707107 
0.707107 
0.000000 
0.000000 
0.000000 
0.000000 
3.000000 
3.000000 
6.670832 
6.670832 
0.707107 
0.707107 
1.118034 
1.118034 
0.000000 
0.000000 
0.000000 
0.000000 
3.000000 
3.000000 
6.670832 
6.670832 
1.500000 
1.500000 
1.000000 
1.000000 
0.707107 
0.707107 
0.000000 
0.000000 
3.000000 
3.000000 
6.670832 
6.670832 
3.807887 
3.807887 
1.000000 
1.000000 
0.000000 
0.000000 
0.000000 
0.000000 
6.670832 
6.670832 
10.511898 
10.511898 
1.000000 
1.000000 
5.099020 
5.099020 
6.670832 
6.670832 
1.802776 
1.802776 
1.000000 
1.000000 
1.118034 
1.118034 
6.670832 
6.670832 
0.000000 
0.000000 
1.802776 
1.802776 
1.000000 
1.000000 
1.000000 
1.000000 
6.670832 
6.670832 
0.000000 
0.000000 
0.000000 
0.000000 
2.500000 
2.500000 
1.802776 
1.802776 
0.707107 
0.707107 
6.670832 
6.670832 
2.061553 
2.061553 
0.000000 
0.000000 
1.802776 
1.802776 
0.707107 
0.707107 
0.500000 
0.500000 
6.670832 
6.670832 
2.061553 
2.061553 
0.000000 
0.000000 
1.118034 
1.118034 
0.707107 
0.707107 
0.500000 
0.500000 
6.670832 
6.670832 
0.000000 
0.000000 
2.061553 
2.061553 
0.000000 
0.000000 
1.118034 
1.118034 
0.707107 
0.707107 
0.500000 
0.500000 
6.670832 
6.670832 
0.000000 
0.000000 
0.000000 
0.000000 
2.061553 
2.061553 
0.000000 
0.000000 
1.118034 
1.118034 
0.707107 
0.707107 
0.500000 
0.500000 
6.670832 
6.670832 
3.535534 
3.535534 
0.000000 
0.000000 
2.061553 
2.061553 
0.000000 
0.000000 
1.118034 
1.118034 
0.707107 
0.707107 
0.500000 
0.500000 
6.670832 
6.670832 
0.000000 
0.000000 
0.000000 
0.000000 
0.000000 
0.000000 
2.061553 
2.061553 
0.000000 
0.000000 
1.118034 
1.118034 
0.707107 
0.707107 
0.500000 
0.500000 
6.670832 
6.670832 
0.000000 
0.000000 
4.500000 
4.500000 
0.000000 
0.000000 
2.061553 
2.061553 
0.000000 
0.000000 
1.118034 
1.118034 
0.707107 
0.707107 
0.500000 
0.500000 
1.581139 
1.581139 
4.500000 
4.500000 
0.000000 
0.000000 
2.061553 
2.061553 
0.000000 
0.000000 
1.118034 
1.118034 
0.707107 
0.707107 
0.500000 
0.500000 
1.000000 
1.000000 
4.500000 
4.500000 
0.000000 
0.000000 
2.061553 
2.061553 
0.000000 
0.000000 
1.118034 
1.118034 
0.707107 
0.707107 
0.500000 
0.500000 
7.500000 
7.500000 
4.500000 
4.500000 
0.000000 
0.000000 
2.061553 
2.061553 
0.000000 
0.000000 
1.118034 
1.118034 
0.707107 
0.707107 
0.500000 
0.500000 
