0.000000 
0.000000 
2.549510 
2.549510 
2.549510 
2.549510 
2.500000 
2.500000 
0.000000 
0.000000 
2.500000 
2.500000 
2.121320 
2.121320 
2.500000 
2.500000 
2.236068 
2.236068 
2.500000 
2.500000 
2.828427 
2.828427 
2.500000 
2.500000 
2.236068 
2.236068 
2.500000 
2.500000 
1.581139 
1.581139 
2.500000 
2.500000 
0.000000 
0.000000 
1.581139 
1.581139 
2.500000 
2.500000 
2.061553 
2.061553 
1.581139 
1.581139 
2.500000 
2.500000 
0.000000 
0.000000 
2.500000 
2.500000 
1.581139 
1.581139 
2.500000 
2.500000 
