0.000000 
0.000000 
0.000000 
0.000000 
0.000000 
0.000000 
3.000000 
3.000000 
2.692582 
2.692582 
1.500000 
1.500000 
0.000000 
0.000000 
0.707107 
0.707107 
1.581139 
1.581139 
0.707107 
0.707107 
0.500000 
0.500000 
4.000000 
4.000000 
0.707107 
0.707107 
1.118034 
1.118034 
2.000000 
2.000000 
0.000000 
0.000000 
0.000000 
0.000000 
0.000000 
0.000000 
2.000000 
2.000000 
2.061553 
2.061553 
1.000000 
1.000000 
0.707107 
0.707107 
2.000000 
2.000000 
0.000000 
0.000000 
1.118034 
1.118034 
1.000000 
1.000000 
0.000000 
0.000000 
2.000000 
2.000000 
3.500000 
3.500000 
4.031129 
4.031129 
1.000000 
1.000000 
0.500000 
0.500000 
2.000000 
2.000000 
0.000000 
0.000000 
3.500000 
3.500000 
1.500000 
1.500000 
1.000000 
1.000000 
1.000000 
1.000000 
2.000000 
2.000000 
3.000000 
3.000000 
3.500000 
3.500000 
1.500000 
1.500000 
1.000000 
1.000000 
3.162278 
3.162278 
2.000000 
2.000000 
0.000000 
0.000000 
3.000000 
3.000000 
3.500000 
3.500000 
1.500000 
1.500000 
1.000000 
1.000000 
0.707107 
0.707107 
2.000000 
2.000000 
3.041381 
3.041381 
2.500000 
2.500000 
3.500000 
3.500000 
1.500000 
1.500000 
1.000000 
1.000000 
0.500000 
0.500000 
2.000000 
2.000000 
0.000000 
0.000000 
0.000000 
0.000000 
3.041381 
3.041381 
2.500000 
2.500000 
3.500000 
3.500000 
1.500000 
1.500000 
1.581139 
1.581139 
0.707107 
0.707107 
2.000000 
2.000000 
0.500000 
0.500000 
2.692582 
2.692582 
3.041381 
3.041381 
2.500000 
2.500000 
3.500000 
3.500000 
1.500000 
1.500000 
0.000000 
0.000000 
0.707107 
0.707107 
2.000000 
2.000000 
0.000000 
0.000000 
0.000000 
0.000000 
0.000000 
0.000000 
3.535534 
3.535534 
3.041381 
3.041381 
2.500000 
2.500000 
3.500000 
3.500000 
1.500000 
1.500000 
0.000000 
0.000000 
0.500000 
0.500000 
2.000000 
2.000000 
0.000000 
0.000000 
3.354102 
3.354102 
1.118034 
1.118034 
3.041381 
3.041381 
3.041381 
3.041381 
2.500000 
2.500000 
3.500000 
3.500000 
1.500000 
1.500000 
0.000000 
0.000000 
2.236068 
2.236068 
2.000000 
2.000000 
0.000000 
0.000000 
3.041381 
3.041381 
1.000000 
1.000000 
5.024938 
5.024938 
3.041381 
3.041381 
2.500000 
2.500000 
3.500000 
3.500000 
1.500000 
1.500000 
0.000000 
0.000000 
0.000000 
0.000000 
2.000000 
2.000000 
0.000000 
0.000000 
6.519202 
6.519202 
0.000000 
0.000000 
3.041381 
3.041381 
3.041381 
3.041381 
2.500000 
2.500000 
3.500000 
3.500000 
1.500000 
1.500000 
0.500000 
0.500000 
0.000000 
0.000000 
2.000000 
2.000000 
0.000000 
0.000000 
3.162278 
3.162278 
0.707107 
0.707107 
3.500000 
3.500000 
3.041381 
3.041381 
2.500000 
2.500000 
3.500000 
3.500000 
1.500000 
1.500000 
0.500000 
0.500000 
0.707107 
0.707107 
0.000000 
0.000000 
3.162278 
3.162278 
4.000000 
4.000000 
3.000000 
3.000000 
3.041381 
3.041381 
2.500000 
2.500000 
3.500000 
3.500000 
1.500000 
1.500000 
0.000000 
0.000000 
0.707107 
0.707107 
0.000000 
0.000000 
3.162278 
3.162278 
3.535534 
3.535534 
5.000000 
5.000000 
3.041381 
3.041381 
2.500000 
2.500000 
3.500000 
3.500000 
1.500000 
1.500000 
0.000000 
0.000000 
0.707107 
0.707107 
0.000000 
0.000000 
0.000000 
0.000000 
3.162278 
3.162278 
0.500000 
0.500000 
4.000000 
4.000000 
3.041381 
3.041381 
2.500000 
2.500000 
3.500000 
3.500000 
1.500000 
1.500000 
0.000000 
0.000000 
0.707107 
0.707107 
0.000000 
0.000000 
0.000000 
0.000000 
3.162278 
3.162278 
0.000000 
0.000000 
2.549510 
2.549510 
3.041381 
3.041381 
2.500000 
2.500000 
1.500000 
1.500000 
0.000000 
0.000000 
0.707107 
0.707107 
0.000000 
0.000000 
0.000000 
0.000000 
0.000000 
0.000000 
0.000000 
0.000000 
3.162278 
3.162278 
0.500000 
0.500000 
5.500000 
5.500000 
3.041381 
3.041381 
2.500000 
2.500000 
0.000000 
0.000000 
0.707107 
0.707107 
0.000000 
0.000000 
0.000000 
0.000000 
0.000000 
0.000000 
0.000000 
0.000000 
3.162278 
3.162278 
0.000000 
0.000000 
2.500000 
2.500000 
3.041381 
3.041381 
2.500000 
2.500000 
0.500000 
0.500000 
0.707107 
0.707107 
0.000000 
0.000000 
0.500000 
0.500000 
0.000000 
0.000000 
0.000000 
0.000000 
0.000000 
0.000000 
3.162278 
3.162278 
0.500000 
0.500000 
3.041381 
3.041381 
3.041381 
3.041381 
2.500000 
2.500000 
3.041381 
3.041381 
0.707107 
0.707107 
0.000000 
0.000000 
0.000000 
0.000000 
0.000000 
0.000000 
2.236068 
2.236068 
1.000000 
1.000000 
0.000000 
0.000000 
0.000000 
0.000000 
0.000000 
0.000000 
3.162278 
3.162278 
0.500000 
0.500000 
3.041381 
3.041381 
0.000000 
0.000000 
0.707107 
0.707107 
0.000000 
0.000000 
3.041381 
3.041381 
0.000000 
0.000000 
0.000000 
0.000000 
4.527693 
4.527693 
0.707107 
0.707107 
0.000000 
0.000000 
0.000000 
0.000000 
0.000000 
0.000000 
3.162278 
3.162278 
0.000000 
0.000000 
3.041381 
3.041381 
0.000000 
0.000000 
0.707107 
0.707107 
0.000000 
0.000000 
2.549510 
2.549510 
1.118034 
1.118034 
0.000000 
0.000000 
0.000000 
0.000000 
4.527693 
4.527693 
0.000000 
0.000000 
0.000000 
0.000000 
0.000000 
0.000000 
0.000000 
0.000000 
3.162278 
3.162278 
0.500000 
0.500000 
3.041381 
3.041381 
0.000000 
0.000000 
0.707107 
0.707107 
0.000000 
0.000000 
0.000000 
0.000000 
1.581139 
1.581139 
4.609772 
4.609772 
1.118034 
1.118034 
0.000000 
0.000000 
0.000000 
0.000000 
4.527693 
4.527693 
0.000000 
0.000000 
0.000000 
0.000000 
0.000000 
0.000000 
3.162278 
3.162278 
0.000000 
0.000000 
3.041381 
3.041381 
0.000000 
0.000000 
0.707107 
0.707107 
3.535534 
3.535534 
1.581139 
1.581139 
1.118034 
1.118034 
3.041381 
3.041381 
1.000000 
1.000000 
0.000000 
0.000000 
0.000000 
0.000000 
4.527693 
4.527693 
0.000000 
0.000000 
0.000000 
0.000000 
0.000000 
0.000000 
3.162278 
3.162278 
1.000000 
1.000000 
3.041381 
3.041381 
0.000000 
0.000000 
0.707107 
0.707107 
0.000000 
0.000000 
1.118034 
1.118034 
1.581139 
1.581139 
4.031129 
4.031129 
5.000000 
5.000000 
0.500000 
0.500000 
0.000000 
0.000000 
0.000000 
0.000000 
4.527693 
4.527693 
0.000000 
0.000000 
0.000000 
0.000000 
0.000000 
0.000000 
3.162278 
3.162278 
0.500000 
0.500000 
3.041381 
3.041381 
0.000000 
0.000000 
0.707107 
0.707107 
2.061553 
2.061553 
1.118034 
1.118034 
1.581139 
1.581139 
0.707107 
0.707107 
2.061553 
2.061553 
0.707107 
0.707107 
0.000000 
0.000000 
0.000000 
0.000000 
4.527693 
4.527693 
0.000000 
0.000000 
0.000000 
0.000000 
0.000000 
0.000000 
3.162278 
3.162278 
0.500000 
0.500000 
3.041381 
3.041381 
0.000000 
0.000000 
0.707107 
0.707107 
0.000000 
0.000000 
0.000000 
0.000000 
2.061553 
2.061553 
1.118034 
1.118034 
1.581139 
1.581139 
0.500000 
0.500000 
2.692582 
2.692582 
3.041381 
3.041381 
0.000000 
0.000000 
0.000000 
0.000000 
4.527693 
4.527693 
0.000000 
0.000000 
0.000000 
0.000000 
0.000000 
0.000000 
1.000000 
1.000000 
3.041381 
3.041381 
0.000000 
0.000000 
0.707107 
0.707107 
3.162278 
3.162278 
6.082763 
6.082763 
2.061553 
2.061553 
0.500000 
0.500000 
1.581139 
1.581139 
1.414214 
1.414214 
2.828427 
2.828427 
0.707107 
0.707107 
0.000000 
0.000000 
0.000000 
0.000000 
4.527693 
4.527693 
0.000000 
0.000000 
0.000000 
0.000000 
0.000000 
0.000000 
0.500000 
0.500000 
3.041381 
3.041381 
0.000000 
0.000000 
0.000000 
0.000000 
0.500000 
0.500000 
3.041381 
3.041381 
2.061553 
2.061553 
0.500000 
0.500000 
1.581139 
1.581139 
2.692582 
2.692582 
1.802776 
1.802776 
0.500000 
0.500000 
0.000000 
0.000000 
0.000000 
0.000000 
4.527693 
4.527693 
0.000000 
0.000000 
0.000000 
0.000000 
0.000000 
0.000000 
0.000000 
0.000000 
3.041381 
3.041381 
0.000000 
0.000000 
0.000000 
0.000000 
0.707107 
0.707107 
0.500000 
0.500000 
2.500000 
2.500000 
2.061553 
2.061553 
0.500000 
0.500000 
1.581139 
1.581139 
0.707107 
0.707107 
1.802776 
1.802776 
0.500000 
0.500000 
0.000000 
0.000000 
0.000000 
0.000000 
4.527693 
4.527693 
0.000000 
0.000000 
0.000000 
0.000000 
3.041381 
3.041381 
3.041381 
3.041381 
0.000000 
0.000000 
0.000000 
0.000000 
2.236068 
2.236068 
1.000000 
1.000000 
0.000000 
0.000000 
2.500000 
2.500000 
2.061553 
2.061553 
0.500000 
0.500000 
1.581139 
1.581139 
0.000000 
0.000000 
1.802776 
1.802776 
0.500000 
0.500000 
0.000000 
0.000000 
0.000000 
0.000000 
4.527693 
4.527693 
0.000000 
0.000000 
0.000000 
0.000000 
0.707107 
0.707107 
3.041381 
3.041381 
0.000000 
0.000000 
