0.000000 
0.000000 
2.236068 
2.236068 
2.236068 
2.236068 
1.118034 
1.118034 
1.000000 
1.000000 
0.500000 
0.500000 
2.500000 
2.500000 
3.000000 
3.000000 
2.692582 
2.692582 
2.236068 
2.236068 
3.000000 
3.000000 
2.236068 
2.236068 
3.041381 
3.041381 
1.802776 
1.802776 
12.379418 
12.379418 
1.414214 
1.414214 
1.581139 
1.581139 
1.802776 
1.802776 
1.802776 
1.802776 
1.000000 
1.000000 
1.414214 
1.414214 
3.535534 
3.535534 
2.692582 
2.692582 
1.118034 
1.118034 
1.500000 
1.500000 
1.118034 
1.118034 
6.964194 
6.964194 
2.121320 
2.121320 
3.162278 
3.162278 
4.609772 
4.609772 
6.103278 
6.103278 
5.830952 
5.830952 
17.182840 
17.182840 
6.576473 
6.576473 
9.178780 
9.178780 
1.581139 
1.581139 
2.500000 
2.500000 
1.581139 
1.581139 
2.915476 
2.915476 
