0.000000 
0.000000 
2.915476 
2.915476 
1.118034 
1.118034 
1.581139 
1.581139 
6.403124 
6.403124 
0.000000 
0.000000 
2.061553 
2.061553 
2.549510 
2.549510 
2.061553 
2.061553 
1.802776 
1.802776 
2.549510 
2.549510 
1.118034 
1.118034 
2.000000 
2.000000 
0.000000 
0.000000 
1.118034 
1.118034 
1.000000 
1.000000 
0.000000 
0.000000 
1.118034 
1.118034 
4.527693 
4.527693 
0.000000 
0.000000 
1.000000 
1.000000 
3.535534 
3.535534 
0.000000 
0.000000 
1.000000 
1.000000 
1.000000 
1.000000 
0.000000 
0.000000 
2.000000 
2.000000 
1.581139 
1.581139 
0.000000 
0.000000 
1.581139 
1.581139 
1.118034 
1.118034 
0.000000 
0.000000 
2.828427 
2.828427 
1.118034 
1.118034 
0.000000 
0.000000 
2.828427 
2.828427 
4.272002 
4.272002 
0.000000 
0.000000 
5.147815 
5.147815 
2.121320 
2.121320 
0.000000 
0.000000 
1.581139 
1.581139 
4.031129 
4.031129 
0.000000 
0.000000 
5.700877 
5.700877 
2.549510 
2.549510 
0.000000 
0.000000 
5.700877 
5.700877 
7.280110 
7.280110 
0.000000 
0.000000 
5.700877 
5.700877 
2.500000 
2.500000 
0.000000 
0.000000 
5.700877 
5.700877 
3.500000 
3.500000 
0.000000 
0.000000 
0.000000 
0.000000 
5.700877 
5.700877 
3.500000 
3.500000 
3.000000 
3.000000 
5.700877 
5.700877 
3.500000 
3.500000 
3.000000 
3.000000 
5.700877 
5.700877 
3.500000 
3.500000 
0.000000 
0.000000 
3.000000 
3.000000 
5.700877 
5.700877 
3.500000 
3.500000 
0.000000 
0.000000 
3.000000 
3.000000 
5.700877 
5.700877 
3.500000 
3.500000 
0.000000 
0.000000 
3.000000 
3.000000 
5.700877 
5.700877 
3.500000 
3.500000 
0.000000 
0.000000 
3.000000 
3.000000 
5.700877 
5.700877 
3.500000 
3.500000 
0.000000 
0.000000 
3.000000 
3.000000 
5.700877 
5.700877 
3.500000 
3.500000 
0.000000 
0.000000 
3.000000 
3.000000 
5.700877 
5.700877 
3.500000 
3.500000 
0.000000 
0.000000 
3.000000 
3.000000 
5.700877 
5.700877 
3.500000 
3.500000 
0.000000 
0.000000 
0.000000 
0.000000 
3.000000 
3.000000 
5.700877 
5.700877 
3.500000 
3.500000 
0.000000 
0.000000 
0.000000 
0.000000 
0.000000 
0.000000 
3.000000 
3.000000 
3.500000 
3.500000 
3.162278 
3.162278 
0.000000 
0.000000 
0.000000 
0.000000 
3.000000 
3.000000 
3.500000 
3.500000 
0.000000 
0.000000 
0.000000 
0.000000 
3.162278 
3.162278 
0.000000 
0.000000 
0.000000 
0.000000 
3.000000 
3.000000 
3.500000 
3.500000 
0.000000 
0.000000 
0.500000 
0.500000 
3.162278 
3.162278 
0.000000 
0.000000 
0.000000 
0.000000 
3.000000 
3.000000 
0.000000 
0.000000 
0.000000 
0.000000 
1.118034 
1.118034 
3.162278 
3.162278 
0.000000 
0.000000 
0.000000 
0.000000 
3.000000 
3.000000 
