0.000000 
0.000000 
1.118034 
1.118034 
0.000000 
0.000000 
1.581139 
1.581139 
1.500000 
1.500000 
1.581139 
1.581139 
0.000000 
0.000000 
1.500000 
1.500000 
1.581139 
1.581139 
1.000000 
1.000000 
1.500000 
1.500000 
1.581139 
1.581139 
0.000000 
0.000000 
1.000000 
1.000000 
1.500000 
1.500000 
1.581139 
1.581139 
0.000000 
0.000000 
0.500000 
0.500000 
1.000000 
1.000000 
1.500000 
1.500000 
1.581139 
1.581139 
0.000000 
0.000000 
1.581139 
1.581139 
0.500000 
0.500000 
1.000000 
1.000000 
1.500000 
1.500000 
1.581139 
1.581139 
1.118034 
1.118034 
1.000000 
1.000000 
0.500000 
0.500000 
1.000000 
1.000000 
1.500000 
1.500000 
1.581139 
1.581139 
5.522681 
5.522681 
1.000000 
1.000000 
0.500000 
0.500000 
1.000000 
1.000000 
1.500000 
1.500000 
1.581139 
1.581139 
0.000000 
0.000000 
3.807887 
3.807887 
1.000000 
1.000000 
0.500000 
0.500000 
1.000000 
1.000000 
1.500000 
1.500000 
1.581139 
1.581139 
0.000000 
0.000000 
5.500000 
5.500000 
1.000000 
1.000000 
0.500000 
0.500000 
1.000000 
1.000000 
1.500000 
1.500000 
1.581139 
1.581139 
0.000000 
0.000000 
0.000000 
0.000000 
1.581139 
1.581139 
1.000000 
1.000000 
0.500000 
0.500000 
1.000000 
1.000000 
1.500000 
1.500000 
1.581139 
1.581139 
0.000000 
0.000000 
0.000000 
0.000000 
0.000000 
0.000000 
1.581139 
1.581139 
1.000000 
1.000000 
0.500000 
0.500000 
1.000000 
1.000000 
1.500000 
1.500000 
1.581139 
1.581139 
0.000000 
0.000000 
0.000000 
0.000000 
0.000000 
0.000000 
1.581139 
1.581139 
1.000000 
1.000000 
0.500000 
0.500000 
1.000000 
1.000000 
1.500000 
1.500000 
1.581139 
1.581139 
0.000000 
0.000000 
0.000000 
0.000000 
0.000000 
0.000000 
1.581139 
1.581139 
1.000000 
1.000000 
0.500000 
0.500000 
1.000000 
1.000000 
1.500000 
1.500000 
1.581139 
1.581139 
0.000000 
0.000000 
0.000000 
0.000000 
0.000000 
0.000000 
1.581139 
1.581139 
1.000000 
1.000000 
0.500000 
0.500000 
1.000000 
1.000000 
1.500000 
1.500000 
0.000000 
0.000000 
0.000000 
0.000000 
0.000000 
0.000000 
1.581139 
1.581139 
1.000000 
1.000000 
0.500000 
0.500000 
1.000000 
1.000000 
0.000000 
0.000000 
0.000000 
0.000000 
0.000000 
0.000000 
1.581139 
1.581139 
1.000000 
1.000000 
0.500000 
0.500000 
1.000000 
1.000000 
0.000000 
0.000000 
0.000000 
0.000000 
0.000000 
0.000000 
1.581139 
1.581139 
1.000000 
1.000000 
0.500000 
0.500000 
0.000000 
0.000000 
0.000000 
0.000000 
0.000000 
0.000000 
1.581139 
1.581139 
1.000000 
1.000000 
0.500000 
0.500000 
0.000000 
0.000000 
0.000000 
0.000000 
0.000000 
0.000000 
1.581139 
1.581139 
1.000000 
1.000000 
0.000000 
0.000000 
0.000000 
0.000000 
0.000000 
0.000000 
1.581139 
1.581139 
1.000000 
1.000000 
0.000000 
0.000000 
0.000000 
0.000000 
0.000000 
0.000000 
1.581139 
1.581139 
0.000000 
0.000000 
0.000000 
0.000000 
0.000000 
0.000000 
1.581139 
1.581139 
0.000000 
0.000000 
0.000000 
0.000000 
1.581139 
1.581139 
0.000000 
0.000000 
0.000000 
0.000000 
1.581139 
1.581139 
0.000000 
0.000000 
0.000000 
0.000000 
