0.000000 
0.000000 
0.000000 
0.000000 
0.000000 
0.000000 
0.000000 
0.000000 
0.000000 
0.000000 
1.581139 
1.581139 
1.118034 
1.118034 
3.535534 
3.535534 
0.000000 
0.000000 
0.000000 
0.000000 
1.581139 
1.581139 
1.500000 
1.500000 
1.581139 
1.581139 
1.581139 
1.581139 
0.000000 
0.000000 
1.581139 
1.581139 
2.061553 
2.061553 
1.118034 
1.118034 
5.024938 
5.024938 
0.000000 
0.000000 
1.581139 
1.581139 
9.552487 
9.552487 
0.707107 
0.707107 
0.000000 
0.000000 
1.500000 
1.500000 
0.000000 
0.000000 
1.581139 
1.581139 
0.500000 
0.500000 
0.000000 
0.000000 
0.000000 
0.000000 
0.000000 
0.000000 
2.236068 
2.236068 
4.500000 
4.500000 
0.000000 
0.000000 
1.581139 
1.581139 
1.414214 
1.414214 
0.707107 
0.707107 
2.121320 
2.121320 
1.000000 
1.000000 
2.549510 
2.549510 
1.000000 
1.000000 
0.000000 
0.000000 
1.581139 
1.581139 
1.802776 
1.802776 
0.500000 
0.500000 
2.500000 
2.500000 
1.500000 
1.500000 
3.041381 
3.041381 
1.500000 
1.500000 
0.000000 
0.000000 
1.581139 
1.581139 
2.500000 
2.500000 
1.000000 
1.000000 
2.121320 
2.121320 
0.707107 
0.707107 
1.802776 
1.802776 
4.031129 
4.031129 
0.000000 
0.000000 
1.581139 
1.581139 
3.807887 
3.807887 
1.118034 
1.118034 
1.118034 
1.118034 
1.000000 
1.000000 
5.099020 
5.099020 
1.581139 
1.581139 
0.000000 
0.000000 
1.581139 
1.581139 
7.516648 
7.516648 
1.802776 
1.802776 
1.118034 
1.118034 
0.500000 
0.500000 
2.915476 
2.915476 
1.118034 
1.118034 
0.000000 
0.000000 
1.581139 
1.581139 
1.581139 
1.581139 
2.236068 
2.236068 
5.099020 
5.099020 
1.581139 
1.581139 
2.915476 
2.915476 
1.118034 
1.118034 
0.000000 
0.000000 
1.581139 
1.581139 
1.500000 
1.500000 
1.414214 
1.414214 
1.802776 
1.802776 
1.581139 
1.581139 
2.500000 
2.500000 
1.118034 
1.118034 
0.000000 
0.000000 
1.581139 
1.581139 
2.915476 
2.915476 
1.802776 
1.802776 
0.000000 
0.000000 
1.500000 
1.500000 
1.581139 
1.581139 
4.123106 
4.123106 
1.118034 
1.118034 
0.000000 
0.000000 
1.581139 
1.581139 
2.236068 
2.236068 
1.118034 
1.118034 
1.414214 
1.414214 
1.000000 
1.000000 
1.581139 
1.581139 
1.802776 
1.802776 
1.118034 
1.118034 
1.581139 
1.581139 
1.802776 
1.802776 
4.031129 
4.031129 
1.414214 
1.414214 
1.000000 
1.000000 
1.581139 
1.581139 
5.000000 
5.000000 
1.118034 
1.118034 
2.121320 
2.121320 
1.000000 
1.000000 
1.000000 
1.000000 
1.118034 
1.118034 
1.581139 
1.581139 
2.500000 
2.500000 
1.118034 
1.118034 
0.707107 
0.707107 
1.581139 
1.581139 
0.000000 
0.000000 
3.162278 
3.162278 
3.535534 
3.535534 
1.581139 
1.581139 
1.802776 
1.802776 
1.118034 
1.118034 
0.707107 
0.707107 
2.061553 
2.061553 
0.000000 
0.000000 
0.000000 
0.000000 
2.915476 
2.915476 
1.118034 
1.118034 
1.000000 
1.000000 
1.581139 
1.581139 
2.915476 
2.915476 
1.118034 
1.118034 
5.315073 
5.315073 
1.118034 
1.118034 
1.118034 
1.118034 
1.414214 
1.414214 
2.000000 
2.000000 
1.118034 
1.118034 
0.707107 
0.707107 
1.581139 
1.581139 
2.692582 
2.692582 
1.118034 
1.118034 
2.236068 
2.236068 
1.118034 
1.118034 
1.581139 
1.581139 
1.414214 
1.414214 
2.549510 
2.549510 
2.692582 
2.692582 
2.549510 
2.549510 
1.581139 
1.581139 
1.581139 
1.581139 
1.118034 
1.118034 
1.802776 
1.802776 
1.581139 
1.581139 
0.000000 
0.000000 
1.000000 
1.000000 
1.414214 
1.414214 
1.581139 
1.581139 
0.707107 
0.707107 
0.707107 
0.707107 
1.581139 
1.581139 
1.581139 
1.581139 
1.118034 
1.118034 
2.692582 
2.692582 
4.500000 
4.500000 
0.707107 
0.707107 
1.000000 
1.000000 
1.414214 
1.414214 
6.020797 
6.020797 
3.500000 
3.500000 
0.000000 
0.000000 
1.581139 
1.581139 
1.581139 
1.581139 
1.118034 
1.118034 
1.802776 
1.802776 
1.802776 
1.802776 
1.802776 
1.802776 
1.118034 
1.118034 
1.414214 
1.414214 
2.549510 
2.549510 
1.000000 
1.000000 
0.707107 
0.707107 
1.581139 
1.581139 
1.581139 
1.581139 
1.118034 
1.118034 
0.500000 
0.500000 
1.000000 
1.000000 
0.000000 
0.000000 
1.118034 
1.118034 
1.118034 
1.118034 
1.414214 
1.414214 
2.549510 
2.549510 
1.000000 
1.000000 
0.707107 
0.707107 
1.581139 
1.581139 
1.581139 
1.581139 
1.118034 
1.118034 
1.500000 
1.500000 
0.707107 
0.707107 
1.118034 
1.118034 
1.414214 
1.414214 
1.581139 
1.581139 
1.414214 
1.414214 
1.500000 
1.500000 
1.118034 
1.118034 
3.000000 
3.000000 
1.581139 
1.581139 
1.581139 
1.581139 
1.581139 
1.581139 
2.549510 
2.549510 
0.707107 
0.707107 
1.802776 
1.802776 
1.581139 
1.581139 
1.414214 
1.414214 
1.500000 
1.500000 
0.500000 
0.500000 
0.000000 
0.000000 
1.581139 
1.581139 
2.828427 
2.828427 
0.000000 
0.000000 
0.500000 
0.500000 
1.118034 
1.118034 
1.000000 
1.000000 
1.414214 
1.414214 
1.000000 
1.000000 
1.000000 
1.000000 
0.000000 
0.000000 
1.581139 
1.581139 
2.236068 
2.236068 
0.500000 
0.500000 
0.500000 
0.500000 
0.707107 
0.707107 
1.000000 
1.000000 
1.414214 
1.414214 
1.118034 
1.118034 
1.000000 
1.000000 
0.707107 
0.707107 
1.581139 
1.581139 
6.082763 
6.082763 
0.500000 
0.500000 
0.500000 
0.500000 
0.500000 
0.500000 
1.000000 
1.000000 
1.414214 
1.414214 
3.041381 
3.041381 
1.000000 
1.000000 
0.707107 
0.707107 
1.581139 
1.581139 
1.000000 
1.000000 
0.707107 
0.707107 
0.500000 
0.500000 
1.118034 
1.118034 
1.000000 
1.000000 
1.414214 
1.414214 
1.000000 
1.000000 
1.000000 
1.000000 
1.118034 
1.118034 
1.581139 
1.581139 
0.707107 
0.707107 
0.707107 
0.707107 
0.000000 
0.000000 
0.500000 
0.500000 
1.414214 
1.414214 
1.000000 
1.000000 
1.414214 
1.414214 
1.000000 
1.000000 
1.000000 
1.000000 
1.414214 
1.414214 
1.581139 
1.581139 
1.000000 
1.000000 
2.061553 
2.061553 
0.000000 
0.000000 
0.500000 
0.500000 
0.500000 
0.500000 
1.000000 
1.000000 
1.414214 
1.414214 
0.500000 
0.500000 
1.000000 
1.000000 
1.118034 
1.118034 
1.581139 
1.581139 
0.500000 
0.500000 
0.707107 
0.707107 
0.000000 
0.000000 
0.500000 
0.500000 
1.414214 
1.414214 
1.000000 
1.000000 
1.414214 
1.414214 
1.000000 
1.000000 
1.000000 
1.000000 
1.118034 
1.118034 
1.581139 
1.581139 
0.707107 
0.707107 
0.000000 
0.000000 
0.000000 
0.000000 
0.500000 
0.500000 
1.581139 
1.581139 
1.000000 
1.000000 
3.535534 
3.535534 
1.000000 
1.000000 
1.581139 
1.581139 
1.581139 
1.581139 
2.500000 
2.500000 
1.500000 
1.500000 
0.000000 
0.000000 
0.500000 
0.500000 
1.118034 
1.118034 
1.000000 
1.000000 
0.000000 
0.000000 
1.000000 
1.000000 
1.802776 
1.802776 
0.000000 
0.000000 
1.118034 
1.118034 
0.000000 
0.000000 
0.500000 
0.500000 
0.500000 
0.500000 
1.000000 
1.000000 
1.000000 
1.000000 
1.000000 
1.000000 
2.000000 
2.000000 
0.000000 
0.000000 
0.500000 
0.500000 
0.000000 
0.000000 
0.500000 
0.500000 
0.707107 
0.707107 
1.000000 
1.000000 
4.527693 
4.527693 
1.000000 
1.000000 
1.118034 
1.118034 
0.707107 
0.707107 
3.640055 
3.640055 
