0.000000 
0.000000 
6.500000 
6.500000 
6.500000 
6.500000 
6.500000 
6.500000 
6.500000 
6.500000 
6.500000 
6.500000 
6.500000 
6.500000 
6.500000 
6.500000 
6.500000 
6.500000 
0.000000 
0.000000 
0.000000 
0.000000 
6.500000 
6.500000 
1.000000 
1.000000 
1.500000 
1.500000 
6.500000 
6.500000 
0.000000 
0.000000 
1.000000 
1.000000 
1.500000 
1.500000 
6.500000 
6.500000 
3.000000 
3.000000 
1.000000 
1.000000 
1.500000 
1.500000 
6.500000 
6.500000 
2.549510 
2.549510 
1.000000 
1.000000 
1.500000 
1.500000 
6.500000 
6.500000 
5.500000 
5.500000 
1.000000 
1.000000 
1.500000 
1.500000 
6.500000 
6.500000 
1.581139 
1.581139 
1.000000 
1.000000 
1.500000 
1.500000 
6.500000 
6.500000 
5.500000 
5.500000 
1.000000 
1.000000 
1.500000 
1.500000 
0.000000 
0.000000 
5.500000 
5.500000 
1.000000 
1.000000 
1.500000 
1.500000 
0.000000 
0.000000 
0.000000 
0.000000 
3.041381 
3.041381 
5.500000 
5.500000 
1.000000 
1.000000 
1.500000 
1.500000 
0.000000 
0.000000 
8.015610 
8.015610 
4.031129 
4.031129 
5.500000 
5.500000 
1.000000 
1.000000 
1.500000 
1.500000 
0.000000 
0.000000 
0.000000 
0.000000 
8.015610 
8.015610 
4.031129 
4.031129 
5.500000 
5.500000 
1.000000 
1.000000 
1.500000 
1.500000 
3.000000 
3.000000 
0.000000 
0.000000 
8.015610 
8.015610 
4.031129 
4.031129 
5.500000 
5.500000 
1.000000 
1.000000 
1.500000 
1.500000 
0.000000 
0.000000 
3.162278 
3.162278 
0.000000 
0.000000 
8.015610 
8.015610 
4.031129 
4.031129 
5.500000 
5.500000 
1.000000 
1.000000 
1.500000 
1.500000 
0.000000 
0.000000 
0.000000 
0.000000 
3.162278 
3.162278 
0.000000 
0.000000 
4.743416 
4.743416 
4.031129 
4.031129 
5.500000 
5.500000 
1.000000 
1.000000 
1.500000 
1.500000 
2.549510 
2.549510 
0.000000 
0.000000 
3.162278 
3.162278 
0.000000 
0.000000 
1.500000 
1.500000 
4.031129 
4.031129 
5.500000 
5.500000 
1.000000 
1.000000 
1.500000 
1.500000 
3.041381 
3.041381 
0.000000 
0.000000 
3.162278 
3.162278 
0.000000 
0.000000 
1.500000 
1.500000 
4.031129 
4.031129 
5.500000 
5.500000 
3.041381 
3.041381 
0.000000 
0.000000 
3.162278 
3.162278 
0.000000 
0.000000 
1.500000 
1.500000 
4.031129 
4.031129 
5.500000 
5.500000 
0.000000 
0.000000 
0.000000 
0.000000 
3.041381 
3.041381 
0.000000 
0.000000 
3.162278 
3.162278 
0.000000 
0.000000 
1.500000 
1.500000 
4.031129 
4.031129 
5.500000 
5.500000 
9.500000 
9.500000 
0.707107 
0.707107 
3.041381 
3.041381 
0.000000 
0.000000 
3.162278 
3.162278 
0.000000 
0.000000 
1.500000 
1.500000 
4.031129 
4.031129 
5.500000 
5.500000 
1.500000 
1.500000 
1.581139 
1.581139 
3.041381 
3.041381 
0.000000 
0.000000 
3.162278 
3.162278 
0.000000 
0.000000 
1.500000 
1.500000 
4.031129 
4.031129 
5.500000 
5.500000 
2.549510 
2.549510 
0.500000 
0.500000 
3.041381 
3.041381 
0.000000 
0.000000 
3.162278 
3.162278 
0.000000 
0.000000 
1.500000 
1.500000 
4.031129 
4.031129 
5.500000 
5.500000 
3.000000 
3.000000 
0.500000 
0.500000 
3.041381 
3.041381 
0.000000 
0.000000 
3.162278 
3.162278 
0.000000 
0.000000 
1.500000 
1.500000 
4.031129 
4.031129 
3.000000 
3.000000 
0.500000 
0.500000 
3.041381 
3.041381 
0.000000 
0.000000 
3.162278 
3.162278 
0.000000 
0.000000 
1.500000 
1.500000 
4.031129 
4.031129 
0.000000 
0.000000 
0.000000 
0.000000 
3.000000 
3.000000 
0.500000 
0.500000 
3.041381 
3.041381 
0.000000 
0.000000 
3.162278 
3.162278 
1.500000 
1.500000 
4.031129 
4.031129 
0.000000 
0.000000 
3.162278 
3.162278 
0.000000 
0.000000 
3.000000 
3.000000 
0.500000 
0.500000 
3.041381 
3.041381 
0.000000 
0.000000 
3.162278 
3.162278 
1.500000 
1.500000 
2.121320 
2.121320 
6.000000 
6.000000 
0.000000 
0.000000 
3.000000 
3.000000 
3.041381 
3.041381 
3.041381 
3.041381 
0.000000 
0.000000 
3.162278 
3.162278 
1.500000 
1.500000 
2.121320 
2.121320 
3.807887 
3.807887 
0.000000 
0.000000 
3.000000 
3.000000 
3.041381 
3.041381 
3.041381 
3.041381 
0.000000 
0.000000 
3.162278 
3.162278 
1.500000 
1.500000 
2.121320 
2.121320 
3.500000 
3.500000 
0.000000 
0.000000 
3.000000 
3.000000 
3.041381 
3.041381 
3.041381 
3.041381 
1.500000 
1.500000 
0.000000 
0.000000 
2.121320 
2.121320 
3.500000 
3.500000 
0.000000 
0.000000 
3.000000 
3.000000 
3.041381 
3.041381 
3.041381 
3.041381 
1.500000 
1.500000 
