0.000000 
0.000000 
0.000000 
0.000000 
3.500000 
3.500000 
2.549510 
2.549510 
3.500000 
3.500000 
2.061553 
2.061553 
3.500000 
3.500000 
2.500000 
2.500000 
3.500000 
3.500000 
6.020797 
6.020797 
3.500000 
3.500000 
2.000000 
2.000000 
3.500000 
3.500000 
2.500000 
2.500000 
0.000000 
0.000000 
3.500000 
3.500000 
2.000000 
2.000000 
4.123106 
4.123106 
3.500000 
3.500000 
1.000000 
1.000000 
2.500000 
2.500000 
3.500000 
3.500000 
6.576473 
6.576473 
3.041381 
3.041381 
3.500000 
3.500000 
1.581139 
1.581139 
1.581139 
1.581139 
3.500000 
3.500000 
1.118034 
1.118034 
5.000000 
5.000000 
3.500000 
3.500000 
1.118034 
1.118034 
1.000000 
1.000000 
3.500000 
3.500000 
1.118034 
1.118034 
0.707107 
0.707107 
3.500000 
3.500000 
0.707107 
0.707107 
0.000000 
0.000000 
3.500000 
3.500000 
6.000000 
6.000000 
0.707107 
0.707107 
0.707107 
0.707107 
0.707107 
0.707107 
1.802776 
1.802776 
0.707107 
0.707107 
2.692582 
2.692582 
0.500000 
0.500000 
1.500000 
1.500000 
1.000000 
1.000000 
0.707107 
0.707107 
8.000000 
8.000000 
1.118034 
1.118034 
2.061553 
2.061553 
1.000000 
1.000000 
0.500000 
0.500000 
1.500000 
1.500000 
0.500000 
0.500000 
0.707107 
0.707107 
3.535534 
3.535534 
1.118034 
1.118034 
0.707107 
0.707107 
0.707107 
0.707107 
1.581139 
1.581139 
0.707107 
0.707107 
1.000000 
1.000000 
0.500000 
0.500000 
1.414214 
1.414214 
1.000000 
1.000000 
1.414214 
1.414214 
0.707107 
0.707107 
6.576473 
6.576473 
1.802776 
1.802776 
4.272002 
4.272002 
6.519202 
6.519202 
0.000000 
0.000000 
4.272002 
4.272002 
3.807887 
3.807887 
1.802776 
1.802776 
4.272002 
4.272002 
10.012492 
10.012492 
11.011358 
11.011358 
4.272002 
4.272002 
5.830952 
5.830952 
2.692582 
2.692582 
4.272002 
4.272002 
3.807887 
3.807887 
7.280110 
7.280110 
4.272002 
4.272002 
2.061553 
2.061553 
9.055385 
9.055385 
4.272002 
4.272002 
4.272002 
4.272002 
