0.000000 
0.000000 
0.000000 
0.000000 
0.000000 
0.000000 
0.000000 
0.000000 
0.000000 
0.000000 
0.500000 
0.500000 
1.000000 
1.000000 
0.000000 
0.000000 
0.000000 
0.000000 
0.500000 
0.500000 
0.000000 
0.000000 
0.500000 
0.500000 
0.000000 
0.000000 
0.500000 
0.500000 
0.500000 
0.500000 
1.118034 
1.118034 
0.707107 
0.707107 
0.500000 
0.500000 
0.000000 
0.000000 
0.500000 
0.500000 
0.500000 
0.500000 
1.118034 
1.118034 
0.500000 
0.500000 
0.500000 
0.500000 
0.500000 
0.500000 
0.000000 
0.000000 
3.201562 
3.201562 
6.000000 
6.000000 
6.000000 
6.000000 
0.500000 
0.500000 
0.707107 
0.707107 
0.000000 
0.000000 
0.000000 
0.000000 
1.118034 
1.118034 
0.500000 
0.500000 
0.500000 
0.500000 
4.924429 
4.924429 
0.500000 
0.500000 
1.000000 
1.000000 
2.121320 
2.121320 
0.000000 
0.000000 
0.000000 
0.000000 
0.500000 
0.500000 
1.118034 
1.118034 
1.000000 
1.000000 
2.828427 
2.828427 
2.121320 
2.121320 
2.549510 
2.549510 
1.118034 
1.118034 
0.500000 
0.500000 
2.121320 
2.121320 
1.000000 
1.000000 
3.640055 
3.640055 
2.121320 
2.121320 
1.581139 
1.581139 
0.000000 
0.000000 
0.500000 
0.500000 
1.000000 
1.000000 
1.000000 
1.000000 
1.118034 
1.118034 
2.121320 
2.121320 
12.509996 
12.509996 
0.500000 
0.500000 
0.500000 
0.500000 
0.707107 
0.707107 
1.000000 
1.000000 
0.500000 
0.500000 
2.121320 
2.121320 
0.500000 
0.500000 
0.707107 
0.707107 
0.500000 
0.500000 
1.118034 
1.118034 
1.000000 
1.000000 
4.000000 
4.000000 
2.121320 
2.121320 
1.000000 
1.000000 
0.000000 
0.000000 
0.500000 
0.500000 
1.414214 
1.414214 
1.000000 
1.000000 
0.500000 
0.500000 
2.121320 
2.121320 
1.500000 
1.500000 
0.500000 
0.500000 
0.500000 
0.500000 
1.414214 
1.414214 
1.000000 
1.000000 
0.500000 
0.500000 
2.121320 
2.121320 
2.549510 
2.549510 
0.500000 
0.500000 
0.500000 
0.500000 
1.414214 
1.414214 
1.000000 
1.000000 
0.500000 
0.500000 
2.121320 
2.121320 
1.581139 
1.581139 
0.500000 
0.500000 
0.500000 
0.500000 
1.414214 
1.414214 
1.000000 
1.000000 
0.500000 
0.500000 
2.121320 
2.121320 
2.236068 
2.236068 
0.500000 
0.500000 
1.414214 
1.414214 
1.000000 
1.000000 
0.500000 
0.500000 
2.121320 
2.121320 
1.802776 
1.802776 
0.500000 
0.500000 
1.414214 
1.414214 
1.000000 
1.000000 
0.500000 
0.500000 
2.121320 
2.121320 
0.500000 
0.500000 
0.500000 
0.500000 
1.414214 
1.414214 
1.000000 
1.000000 
0.500000 
0.500000 
2.121320 
2.121320 
1.581139 
1.581139 
4.527693 
4.527693 
1.414214 
1.414214 
1.000000 
1.000000 
6.519202 
6.519202 
2.121320 
2.121320 
0.000000 
0.000000 
1.581139 
1.581139 
0.000000 
0.000000 
1.414214 
1.414214 
1.000000 
1.000000 
2.692582 
2.692582 
2.121320 
2.121320 
0.000000 
0.000000 
1.581139 
1.581139 
1.500000 
1.500000 
1.414214 
1.414214 
1.000000 
1.000000 
2.549510 
2.549510 
0.000000 
0.000000 
1.581139 
1.581139 
1.000000 
1.000000 
1.414214 
1.414214 
2.549510 
2.549510 
0.000000 
0.000000 
1.581139 
1.581139 
0.000000 
0.000000 
1.414214 
1.414214 
21.289669 
21.289669 
0.000000 
0.000000 
1.581139 
1.581139 
1.118034 
1.118034 
1.414214 
1.414214 
0.500000 
0.500000 
24.505102 
24.505102 
1.581139 
1.581139 
1.118034 
1.118034 
1.414214 
1.414214 
0.500000 
0.500000 
1.118034 
1.118034 
1.581139 
1.581139 
1.581139 
1.581139 
1.414214 
1.414214 
0.500000 
0.500000 
0.707107 
0.707107 
1.581139 
1.581139 
0.707107 
0.707107 
0.500000 
0.500000 
0.707107 
0.707107 
1.581139 
1.581139 
1.802776 
1.802776 
0.500000 
0.500000 
0.707107 
0.707107 
1.581139 
1.581139 
1.118034 
1.118034 
0.500000 
0.500000 
1.802776 
1.802776 
1.581139 
1.581139 
2.061553 
2.061553 
0.500000 
0.500000 
21.023796 
21.023796 
1.581139 
1.581139 
1.581139 
1.581139 
0.500000 
0.500000 
20.500000 
20.500000 
1.581139 
1.581139 
1.581139 
1.581139 
0.500000 
0.500000 
1.500000 
1.500000 
1.581139 
1.581139 
1.581139 
1.581139 
0.500000 
0.500000 
1.802776 
1.802776 
1.581139 
1.581139 
0.500000 
0.500000 
2.000000 
2.000000 
1.581139 
1.581139 
0.500000 
0.500000 
0.000000 
0.000000 
1.000000 
1.000000 
1.581139 
1.581139 
0.500000 
0.500000 
10.000000 
10.000000 
0.707107 
0.707107 
1.581139 
1.581139 
0.500000 
0.500000 
0.500000 
0.500000 
1.500000 
1.500000 
1.581139 
1.581139 
0.500000 
0.500000 
