0.000000 
0.000000 
2.061553 
2.061553 
1.414214 
1.414214 
0.707107 
0.707107 
3.640055 
3.640055 
1.118034 
1.118034 
9.552487 
9.552487 
4.031129 
4.031129 
0.500000 
0.500000 
4.527693 
4.527693 
0.707107 
0.707107 
1.118034 
1.118034 
0.000000 
0.000000 
2.000000 
2.000000 
1.118034 
1.118034 
1.802776 
1.802776 
1.581139 
1.581139 
0.707107 
0.707107 
1.500000 
1.500000 
1.000000 
1.000000 
2.500000 
2.500000 
6.000000 
6.000000 
8.015610 
8.015610 
2.549510 
2.549510 
3.500000 
3.500000 
3.640055 
3.640055 
0.000000 
0.000000 
3.500000 
3.500000 
3.041381 
3.041381 
5.000000 
5.000000 
3.500000 
3.500000 
4.000000 
4.000000 
6.500000 
6.500000 
3.500000 
3.500000 
5.590170 
5.590170 
15.000000 
15.000000 
3.500000 
3.500000 
3.500000 
3.500000 
5.099020 
5.099020 
3.500000 
3.500000 
6.500000 
6.500000 
6.500000 
6.500000 
3.500000 
3.500000 
1.118034 
1.118034 
11.510864 
11.510864 
3.500000 
3.500000 
1.118034 
1.118034 
2.500000 
2.500000 
3.500000 
3.500000 
0.500000 
0.500000 
3.201562 
3.201562 
3.500000 
3.500000 
0.500000 
0.500000 
5.590170 
5.590170 
3.500000 
3.500000 
0.707107 
0.707107 
5.147815 
5.147815 
3.500000 
3.500000 
0.500000 
0.500000 
3.041381 
3.041381 
3.500000 
3.500000 
8.558621 
8.558621 
0.000000 
0.000000 
6.500000 
6.500000 
3.500000 
3.500000 
8.558621 
8.558621 
2.236068 
2.236068 
10.511898 
10.511898 
3.500000 
3.500000 
8.558621 
8.558621 
0.707107 
0.707107 
2.500000 
2.500000 
8.558621 
8.558621 
1.581139 
1.581139 
2.692582 
2.692582 
8.558621 
8.558621 
1.118034 
1.118034 
3.500000 
3.500000 
8.558621 
8.558621 
2.692582 
2.692582 
2.692582 
2.692582 
8.558621 
8.558621 
1.500000 
1.500000 
2.236068 
2.236068 
8.558621 
8.558621 
2.061553 
2.061553 
3.162278 
3.162278 
8.558621 
8.558621 
