0.000000 
0.000000 
1.581139 
1.581139 
2.000000 
2.000000 
1.581139 
1.581139 
1.118034 
1.118034 
0.707107 
0.707107 
0.000000 
0.000000 
0.707107 
0.707107 
7.516648 
7.516648 
12.010412 
12.010412 
0.500000 
0.500000 
0.500000 
0.500000 
0.500000 
0.500000 
0.500000 
0.500000 
0.500000 
0.500000 
0.500000 
0.500000 
0.500000 
0.500000 
0.500000 
0.500000 
0.500000 
0.500000 
21.023796 
21.023796 
1.581139 
1.581139 
5.024938 
5.024938 
5.590170 
5.590170 
0.500000 
0.500000 
1.000000 
1.000000 
7.071068 
7.071068 
0.707107 
0.707107 
1.118034 
1.118034 
8.015610 
8.015610 
0.500000 
0.500000 
2.000000 
2.000000 
2.000000 
2.000000 
2.549510 
2.549510 
2.000000 
2.000000 
11.412712 
11.412712 
0.500000 
0.500000 
1.118034 
1.118034 
0.707107 
0.707107 
