0.000000 
0.000000 
0.000000 
0.000000 
0.000000 
0.000000 
0.000000 
0.000000 
1.802776 
1.802776 
1.581139 
1.581139 
2.121320 
2.121320 
0.000000 
0.000000 
1.000000 
1.000000 
0.707107 
0.707107 
1.414214 
1.414214 
0.000000 
0.000000 
0.500000 
0.500000 
1.000000 
1.000000 
0.500000 
0.500000 
0.000000 
0.000000 
0.000000 
0.000000 
0.707107 
0.707107 
1.000000 
1.000000 
0.500000 
0.500000 
3.162278 
3.162278 
0.000000 
0.000000 
0.500000 
0.500000 
1.500000 
1.500000 
1.000000 
1.000000 
2.121320 
2.121320 
0.000000 
0.000000 
8.746428 
8.746428 
1.581139 
1.581139 
2.061553 
2.061553 
0.000000 
0.000000 
4.500000 
4.500000 
0.000000 
0.000000 
0.500000 
0.500000 
5.024938 
5.024938 
4.031129 
4.031129 
1.581139 
1.581139 
5.852350 
5.852350 
0.000000 
0.000000 
0.500000 
0.500000 
2.061553 
2.061553 
1.500000 
1.500000 
1.118034 
1.118034 
5.852350 
5.852350 
0.000000 
0.000000 
0.000000 
0.000000 
3.162278 
3.162278 
1.414214 
1.414214 
3.500000 
3.500000 
5.852350 
5.852350 
0.000000 
0.000000 
1.118034 
1.118034 
2.692582 
2.692582 
5.656854 
5.656854 
1.118034 
1.118034 
5.852350 
5.852350 
0.000000 
0.000000 
1.118034 
1.118034 
7.017834 
7.017834 
1.802776 
1.802776 
0.500000 
0.500000 
5.852350 
5.852350 
0.000000 
0.000000 
4.123106 
4.123106 
3.000000 
3.000000 
3.535534 
3.535534 
1.118034 
1.118034 
5.852350 
5.852350 
0.000000 
0.000000 
1.802776 
1.802776 
4.000000 
4.000000 
4.031129 
4.031129 
1.118034 
1.118034 
5.852350 
5.852350 
0.000000 
0.000000 
1.802776 
1.802776 
7.000000 
7.000000 
5.590170 
5.590170 
0.500000 
0.500000 
5.852350 
5.852350 
0.000000 
0.000000 
2.549510 
2.549510 
3.162278 
3.162278 
1.581139 
1.581139 
1.414214 
1.414214 
5.852350 
5.852350 
2.692582 
2.692582 
2.500000 
2.500000 
3.000000 
3.000000 
1.118034 
1.118034 
5.852350 
5.852350 
13.583078 
13.583078 
8.500000 
8.500000 
8.500000 
8.500000 
1.802776 
1.802776 
5.852350 
5.852350 
6.670832 
6.670832 
3.000000 
3.000000 
8.500000 
8.500000 
0.000000 
0.000000 
0.000000 
0.000000 
1.118034 
1.118034 
5.852350 
5.852350 
3.000000 
3.000000 
3.000000 
3.000000 
8.500000 
8.500000 
0.000000 
0.000000 
2.692582 
2.692582 
3.000000 
3.000000 
1.118034 
1.118034 
5.852350 
5.852350 
3.000000 
3.000000 
3.000000 
3.000000 
8.500000 
8.500000 
1.500000 
1.500000 
2.692582 
2.692582 
2.061553 
2.061553 
2.500000 
2.500000 
5.852350 
5.852350 
3.000000 
3.000000 
3.000000 
3.000000 
8.500000 
8.500000 
0.000000 
0.000000 
1.500000 
1.500000 
2.692582 
2.692582 
2.061553 
2.061553 
0.500000 
0.500000 
5.852350 
5.852350 
3.000000 
3.000000 
3.000000 
3.000000 
8.500000 
8.500000 
3.807887 
3.807887 
1.500000 
1.500000 
2.692582 
2.692582 
2.061553 
2.061553 
0.000000 
0.000000 
3.000000 
3.000000 
3.000000 
3.000000 
8.500000 
8.500000 
7.017834 
7.017834 
1.500000 
1.500000 
2.692582 
2.692582 
2.061553 
2.061553 
0.707107 
0.707107 
3.000000 
3.000000 
3.000000 
3.000000 
8.500000 
8.500000 
2.692582 
2.692582 
1.500000 
1.500000 
2.692582 
2.692582 
2.061553 
2.061553 
3.041381 
3.041381 
3.000000 
3.000000 
3.000000 
3.000000 
8.500000 
8.500000 
3.041381 
3.041381 
1.500000 
1.500000 
2.692582 
2.692582 
2.061553 
2.061553 
0.500000 
0.500000 
3.000000 
3.000000 
3.000000 
3.000000 
8.500000 
8.500000 
8.558621 
8.558621 
1.500000 
1.500000 
2.692582 
2.692582 
2.061553 
2.061553 
0.500000 
0.500000 
3.000000 
3.000000 
3.000000 
3.000000 
8.500000 
8.500000 
3.535534 
3.535534 
1.500000 
1.500000 
2.692582 
2.692582 
2.061553 
2.061553 
3.162278 
3.162278 
3.000000 
3.000000 
3.000000 
3.000000 
8.500000 
8.500000 
0.000000 
0.000000 
2.549510 
2.549510 
1.500000 
1.500000 
2.692582 
2.692582 
2.061553 
2.061553 
1.000000 
1.000000 
3.000000 
3.000000 
3.000000 
3.000000 
8.500000 
8.500000 
0.000000 
0.000000 
0.707107 
0.707107 
2.549510 
2.549510 
1.500000 
1.500000 
2.692582 
2.692582 
2.061553 
2.061553 
1.581139 
1.581139 
3.000000 
3.000000 
3.000000 
3.000000 
8.500000 
8.500000 
0.000000 
0.000000 
0.000000 
0.000000 
1.000000 
1.000000 
2.549510 
2.549510 
1.500000 
1.500000 
2.692582 
2.692582 
2.061553 
2.061553 
2.061553 
2.061553 
3.000000 
3.000000 
3.000000 
3.000000 
8.500000 
8.500000 
3.041381 
3.041381 
0.000000 
0.000000 
0.500000 
0.500000 
2.549510 
2.549510 
1.500000 
1.500000 
2.692582 
2.692582 
2.061553 
2.061553 
1.118034 
1.118034 
3.000000 
3.000000 
3.000000 
3.000000 
4.031129 
4.031129 
0.000000 
0.000000 
0.500000 
0.500000 
2.549510 
2.549510 
1.500000 
1.500000 
2.692582 
2.692582 
2.061553 
2.061553 
0.707107 
0.707107 
3.000000 
3.000000 
8.139410 
8.139410 
0.000000 
0.000000 
4.527693 
4.527693 
2.549510 
2.549510 
1.500000 
1.500000 
2.692582 
2.692582 
2.061553 
2.061553 
1.118034 
1.118034 
3.535534 
3.535534 
0.000000 
0.000000 
0.500000 
0.500000 
2.549510 
2.549510 
1.500000 
1.500000 
2.061553 
2.061553 
0.000000 
0.000000 
9.055385 
9.055385 
0.000000 
0.000000 
1.000000 
1.000000 
2.549510 
2.549510 
1.118034 
1.118034 
3.000000 
3.000000 
0.000000 
0.000000 
1.802776 
1.802776 
2.549510 
2.549510 
1.118034 
1.118034 
3.807887 
3.807887 
0.000000 
0.000000 
0.707107 
0.707107 
2.549510 
2.549510 
1.118034 
1.118034 
