0.000000 
0.000000 
2.236068 
2.236068 
1.802776 
1.802776 
1.500000 
1.500000 
0.000000 
0.000000 
0.707107 
0.707107 
0.000000 
0.000000 
0.707107 
0.707107 
0.000000 
0.000000 
0.707107 
0.707107 
0.000000 
0.000000 
0.707107 
0.707107 
0.000000 
0.000000 
0.707107 
0.707107 
0.000000 
0.000000 
0.707107 
0.707107 
0.000000 
0.000000 
0.707107 
0.707107 
0.000000 
0.000000 
0.707107 
0.707107 
0.000000 
0.000000 
0.707107 
0.707107 
0.000000 
0.000000 
0.707107 
0.707107 
0.000000 
0.000000 
0.707107 
0.707107 
0.000000 
0.000000 
0.000000 
0.000000 
0.000000 
0.000000 
0.707107 
0.707107 
0.000000 
0.000000 
2.061553 
2.061553 
0.000000 
0.000000 
0.707107 
0.707107 
0.000000 
0.000000 
2.061553 
2.061553 
0.000000 
0.000000 
0.707107 
0.707107 
0.000000 
0.000000 
9.552487 
9.552487 
0.000000 
0.000000 
0.707107 
0.707107 
0.000000 
0.000000 
4.716991 
4.716991 
0.000000 
0.000000 
2.236068 
2.236068 
0.000000 
0.000000 
2.549510 
2.549510 
0.000000 
0.000000 
2.549510 
2.549510 
0.000000 
0.000000 
2.549510 
2.549510 
0.000000 
0.000000 
2.549510 
2.549510 
0.000000 
0.000000 
2.549510 
2.549510 
0.000000 
0.000000 
0.000000 
0.000000 
2.549510 
2.549510 
8.514693 
8.514693 
0.000000 
0.000000 
2.549510 
2.549510 
2.549510 
2.549510 
0.000000 
0.000000 
2.549510 
2.549510 
2.000000 
2.000000 
0.000000 
0.000000 
2.549510 
2.549510 
2.915476 
2.915476 
2.549510 
2.549510 
1.802776 
1.802776 
2.549510 
2.549510 
6.519202 
6.519202 
2.549510 
2.549510 
3.354102 
3.354102 
2.549510 
2.549510 
4.500000 
4.500000 
2.549510 
2.549510 
2.121320 
2.121320 
2.549510 
2.549510 
1.581139 
1.581139 
2.692582 
2.692582 
1.118034 
1.118034 
