0.000000 
0.000000 
0.000000 
0.000000 
0.000000 
0.000000 
0.000000 
0.000000 
0.000000 
0.000000 
0.000000 
0.000000 
0.000000 
0.000000 
0.000000 
0.000000 
0.500000 
0.500000 
1.500000 
1.500000 
0.500000 
0.500000 
1.414214 
1.414214 
1.802776 
1.802776 
1.500000 
1.500000 
0.000000 
0.000000 
0.500000 
0.500000 
5.000000 
5.000000 
0.500000 
0.500000 
0.707107 
0.707107 
1.802776 
1.802776 
0.500000 
0.500000 
0.000000 
0.000000 
0.500000 
0.500000 
2.549510 
2.549510 
0.500000 
0.500000 
0.707107 
0.707107 
2.692582 
2.692582 
0.500000 
0.500000 
0.000000 
0.000000 
0.500000 
0.500000 
3.500000 
3.500000 
0.500000 
0.500000 
0.707107 
0.707107 
2.915476 
2.915476 
1.118034 
1.118034 
0.000000 
0.000000 
0.000000 
0.000000 
0.500000 
0.500000 
2.061553 
2.061553 
0.500000 
0.500000 
0.707107 
0.707107 
2.915476 
2.915476 
1.500000 
1.500000 
4.031129 
4.031129 
0.000000 
0.000000 
0.500000 
0.500000 
2.061553 
2.061553 
3.807887 
3.807887 
6.576473 
6.576473 
2.915476 
2.915476 
0.500000 
0.500000 
0.000000 
0.000000 
4.031129 
4.031129 
0.000000 
0.000000 
0.500000 
0.500000 
2.061553 
2.061553 
5.522681 
5.522681 
1.118034 
1.118034 
2.915476 
2.915476 
0.500000 
0.500000 
0.000000 
0.000000 
0.000000 
0.000000 
1.118034 
1.118034 
4.031129 
4.031129 
0.000000 
0.000000 
0.500000 
0.500000 
2.061553 
2.061553 
5.522681 
5.522681 
5.000000 
5.000000 
2.915476 
2.915476 
0.500000 
0.500000 
0.000000 
0.000000 
1.802776 
1.802776 
1.118034 
1.118034 
4.031129 
4.031129 
0.000000 
0.000000 
0.500000 
0.500000 
2.061553 
2.061553 
5.522681 
5.522681 
1.118034 
1.118034 
2.915476 
2.915476 
0.500000 
0.500000 
0.000000 
0.000000 
0.000000 
0.000000 
1.581139 
1.581139 
1.118034 
1.118034 
4.031129 
4.031129 
0.000000 
0.000000 
0.500000 
0.500000 
2.061553 
2.061553 
5.522681 
5.522681 
3.041381 
3.041381 
2.915476 
2.915476 
0.500000 
0.500000 
0.000000 
0.000000 
0.000000 
0.000000 
2.000000 
2.000000 
1.118034 
1.118034 
4.031129 
4.031129 
0.000000 
0.000000 
0.500000 
0.500000 
2.061553 
2.061553 
5.522681 
5.522681 
3.162278 
3.162278 
2.915476 
2.915476 
0.500000 
0.500000 
0.000000 
0.000000 
0.000000 
0.000000 
7.000000 
7.000000 
1.118034 
1.118034 
4.031129 
4.031129 
0.000000 
0.000000 
0.500000 
0.500000 
2.061553 
2.061553 
5.522681 
5.522681 
3.640055 
3.640055 
2.915476 
2.915476 
0.500000 
0.500000 
0.000000 
0.000000 
0.000000 
0.000000 
0.000000 
0.000000 
0.000000 
0.000000 
1.500000 
1.500000 
1.118034 
1.118034 
4.031129 
4.031129 
0.000000 
0.000000 
0.500000 
0.500000 
2.061553 
2.061553 
5.522681 
5.522681 
5.522681 
5.522681 
2.915476 
2.915476 
0.500000 
0.500000 
0.000000 
0.000000 
0.000000 
0.000000 
0.000000 
0.000000 
0.000000 
0.000000 
0.000000 
0.000000 
0.000000 
0.000000 
0.000000 
0.000000 
0.000000 
0.000000 
2.000000 
2.000000 
1.118034 
1.118034 
4.031129 
4.031129 
0.000000 
0.000000 
0.500000 
0.500000 
2.061553 
2.061553 
5.522681 
5.522681 
2.692582 
2.692582 
2.915476 
2.915476 
0.500000 
0.500000 
1.118034 
1.118034 
0.500000 
0.500000 
6.708204 
6.708204 
2.236068 
2.236068 
0.000000 
0.000000 
0.000000 
0.000000 
0.000000 
0.000000 
0.000000 
0.000000 
1.118034 
1.118034 
1.118034 
1.118034 
4.031129 
4.031129 
0.500000 
0.500000 
2.061553 
2.061553 
5.522681 
5.522681 
1.500000 
1.500000 
2.915476 
2.915476 
0.500000 
0.500000 
0.000000 
0.000000 
2.549510 
2.549510 
0.500000 
0.500000 
6.708204 
6.708204 
2.061553 
2.061553 
0.000000 
0.000000 
0.000000 
0.000000 
0.000000 
0.000000 
0.000000 
0.000000 
1.118034 
1.118034 
1.118034 
1.118034 
4.031129 
4.031129 
2.061553 
2.061553 
5.522681 
5.522681 
2.061553 
2.061553 
2.915476 
2.915476 
0.500000 
0.500000 
0.000000 
0.000000 
0.000000 
0.000000 
3.162278 
3.162278 
1.802776 
1.802776 
0.707107 
0.707107 
6.708204 
6.708204 
1.581139 
1.581139 
0.000000 
0.000000 
0.000000 
0.000000 
0.000000 
0.000000 
0.000000 
0.000000 
0.000000 
0.000000 
1.118034 
1.118034 
4.031129 
4.031129 
2.061553 
2.061553 
5.522681 
5.522681 
2.061553 
2.061553 
2.915476 
2.915476 
0.500000 
0.500000 
0.000000 
0.000000 
5.220153 
5.220153 
1.118034 
1.118034 
3.162278 
3.162278 
2.000000 
2.000000 
1.802776 
1.802776 
6.708204 
6.708204 
1.500000 
1.500000 
0.000000 
0.000000 
0.000000 
0.000000 
0.000000 
0.000000 
0.000000 
0.000000 
1.000000 
1.000000 
1.118034 
1.118034 
4.031129 
4.031129 
2.061553 
2.061553 
5.522681 
5.522681 
2.061553 
2.061553 
2.915476 
2.915476 
0.500000 
0.500000 
4.123106 
4.123106 
2.061553 
2.061553 
2.500000 
2.500000 
3.162278 
3.162278 
2.000000 
2.000000 
1.581139 
1.581139 
6.708204 
6.708204 
1.500000 
1.500000 
0.000000 
0.000000 
0.000000 
0.000000 
0.000000 
0.000000 
0.000000 
0.000000 
0.500000 
0.500000 
1.118034 
1.118034 
4.031129 
4.031129 
2.061553 
2.061553 
5.522681 
5.522681 
2.061553 
2.061553 
0.500000 
0.500000 
0.000000 
0.000000 
4.123106 
4.123106 
4.272002 
4.272002 
2.915476 
2.915476 
3.162278 
3.162278 
2.000000 
2.000000 
2.000000 
2.000000 
6.708204 
6.708204 
1.500000 
1.500000 
0.000000 
0.000000 
0.000000 
0.000000 
0.000000 
0.000000 
0.000000 
0.000000 
0.500000 
0.500000 
1.118034 
1.118034 
4.031129 
4.031129 
2.915476 
2.915476 
2.061553 
2.061553 
0.500000 
0.500000 
3.041381 
3.041381 
4.123106 
4.123106 
4.272002 
4.272002 
1.802776 
1.802776 
3.162278 
3.162278 
2.000000 
2.000000 
2.000000 
2.000000 
6.708204 
6.708204 
1.500000 
1.500000 
0.000000 
0.000000 
0.000000 
0.000000 
0.000000 
0.000000 
0.000000 
0.000000 
0.500000 
0.500000 
1.118034 
1.118034 
2.915476 
2.915476 
2.061553 
2.061553 
0.000000 
0.000000 
0.000000 
0.000000 
3.041381 
3.041381 
4.123106 
4.123106 
4.272002 
4.272002 
2.121320 
2.121320 
3.162278 
3.162278 
2.000000 
2.000000 
2.000000 
2.000000 
6.708204 
6.708204 
1.500000 
1.500000 
0.000000 
0.000000 
0.000000 
0.000000 
0.000000 
0.000000 
0.000000 
0.000000 
0.500000 
0.500000 
1.118034 
1.118034 
2.915476 
2.915476 
2.061553 
2.061553 
0.000000 
0.000000 
0.000000 
0.000000 
2.000000 
2.000000 
11.011358 
11.011358 
3.041381 
3.041381 
4.123106 
4.123106 
4.272002 
4.272002 
1.118034 
1.118034 
3.162278 
3.162278 
2.000000 
2.000000 
2.000000 
2.000000 
6.708204 
6.708204 
1.500000 
1.500000 
0.000000 
0.000000 
0.000000 
0.000000 
0.000000 
0.000000 
0.500000 
0.500000 
2.915476 
2.915476 
2.061553 
2.061553 
2.500000 
2.500000 
2.500000 
2.500000 
1.581139 
1.581139 
2.692582 
2.692582 
3.041381 
3.041381 
4.123106 
4.123106 
4.272002 
4.272002 
5.099020 
5.099020 
3.162278 
3.162278 
2.000000 
2.000000 
2.000000 
2.000000 
6.708204 
6.708204 
1.500000 
1.500000 
0.000000 
0.000000 
0.000000 
0.000000 
0.000000 
0.000000 
0.500000 
0.500000 
2.915476 
2.915476 
2.061553 
2.061553 
2.692582 
2.692582 
1.118034 
1.118034 
2.061553 
2.061553 
9.013878 
9.013878 
3.041381 
3.041381 
4.123106 
4.123106 
4.272002 
4.272002 
2.061553 
2.061553 
3.162278 
3.162278 
2.000000 
2.000000 
2.000000 
2.000000 
6.708204 
6.708204 
1.500000 
1.500000 
0.000000 
0.000000 
0.000000 
0.000000 
0.500000 
0.500000 
2.915476 
2.915476 
2.061553 
2.061553 
0.000000 
0.000000 
0.000000 
0.000000 
2.692582 
2.692582 
1.118034 
1.118034 
2.061553 
2.061553 
2.549510 
2.549510 
3.041381 
3.041381 
4.123106 
4.123106 
4.272002 
4.272002 
1.581139 
1.581139 
3.162278 
3.162278 
2.000000 
2.000000 
2.000000 
2.000000 
6.708204 
6.708204 
1.500000 
1.500000 
0.000000 
0.000000 
0.000000 
0.000000 
0.500000 
0.500000 
2.915476 
2.915476 
2.061553 
2.061553 
2.061553 
2.061553 
2.061553 
2.061553 
2.692582 
2.692582 
1.118034 
1.118034 
2.061553 
2.061553 
2.549510 
2.549510 
3.041381 
3.041381 
4.123106 
4.123106 
4.272002 
4.272002 
1.581139 
1.581139 
3.162278 
3.162278 
2.000000 
2.000000 
2.000000 
2.000000 
6.708204 
6.708204 
1.500000 
1.500000 
0.000000 
0.000000 
0.000000 
0.000000 
0.500000 
0.500000 
2.915476 
2.915476 
2.061553 
2.061553 
0.000000 
0.000000 
2.061553 
2.061553 
3.535534 
3.535534 
2.692582 
2.692582 
1.118034 
1.118034 
2.061553 
2.061553 
2.549510 
2.549510 
3.041381 
3.041381 
4.123106 
4.123106 
4.272002 
4.272002 
1.581139 
1.581139 
3.162278 
3.162278 
2.000000 
2.000000 
2.000000 
2.000000 
6.708204 
6.708204 
1.500000 
1.500000 
0.500000 
0.500000 
2.915476 
2.915476 
2.061553 
2.061553 
0.000000 
0.000000 
1.500000 
1.500000 
2.061553 
2.061553 
2.236068 
2.236068 
2.692582 
2.692582 
1.118034 
1.118034 
2.061553 
2.061553 
2.549510 
2.549510 
3.041381 
3.041381 
4.123106 
4.123106 
4.272002 
4.272002 
1.581139 
1.581139 
3.162278 
3.162278 
2.000000 
2.000000 
2.000000 
2.000000 
6.708204 
6.708204 
1.500000 
1.500000 
0.500000 
0.500000 
2.915476 
2.915476 
2.061553 
2.061553 
0.000000 
0.000000 
6.800735 
6.800735 
2.061553 
2.061553 
2.121320 
2.121320 
2.692582 
2.692582 
1.118034 
1.118034 
2.061553 
2.061553 
2.549510 
2.549510 
3.041381 
3.041381 
4.123106 
4.123106 
4.272002 
4.272002 
1.581139 
1.581139 
3.162278 
3.162278 
2.000000 
2.000000 
2.000000 
2.000000 
1.500000 
1.500000 
0.500000 
0.500000 
2.915476 
2.915476 
2.061553 
2.061553 
0.000000 
0.000000 
3.605551 
3.605551 
2.061553 
2.061553 
8.514693 
8.514693 
2.692582 
2.692582 
1.118034 
1.118034 
2.061553 
2.061553 
2.549510 
2.549510 
3.041381 
3.041381 
4.123106 
4.123106 
4.272002 
4.272002 
1.581139 
1.581139 
3.162278 
3.162278 
2.000000 
2.000000 
2.000000 
2.000000 
1.500000 
1.500000 
0.500000 
0.500000 
2.915476 
2.915476 
0.000000 
0.000000 
0.000000 
0.000000 
8.544004 
8.544004 
2.061553 
2.061553 
1.118034 
1.118034 
2.692582 
2.692582 
1.118034 
1.118034 
2.061553 
2.061553 
2.549510 
2.549510 
3.041381 
3.041381 
4.123106 
4.123106 
4.272002 
4.272002 
1.581139 
1.581139 
2.000000 
2.000000 
2.000000 
2.000000 
1.500000 
1.500000 
0.500000 
0.500000 
2.915476 
2.915476 
0.000000 
0.000000 
2.061553 
2.061553 
0.000000 
0.000000 
2.549510 
2.549510 
2.061553 
2.061553 
1.581139 
1.581139 
2.692582 
2.692582 
1.118034 
1.118034 
2.061553 
2.061553 
2.549510 
2.549510 
3.041381 
3.041381 
4.123106 
4.123106 
4.272002 
4.272002 
1.581139 
1.581139 
2.000000 
2.000000 
0.500000 
0.500000 
2.915476 
2.915476 
2.500000 
2.500000 
1.802776 
1.802776 
0.000000 
0.000000 
9.962429 
9.962429 
2.061553 
2.061553 
2.061553 
2.061553 
2.692582 
2.692582 
1.118034 
1.118034 
2.061553 
2.061553 
2.549510 
2.549510 
3.041381 
3.041381 
4.272002 
4.272002 
1.581139 
1.581139 
2.000000 
2.000000 
2.915476 
2.915476 
7.000000 
7.000000 
1.000000 
1.000000 
0.000000 
0.000000 
2.500000 
2.500000 
2.061553 
2.061553 
2.061553 
2.061553 
2.692582 
2.692582 
1.118034 
1.118034 
2.061553 
2.061553 
2.549510 
2.549510 
3.041381 
3.041381 
1.581139 
1.581139 
0.000000 
0.000000 
2.061553 
2.061553 
4.031129 
4.031129 
0.000000 
0.000000 
2.500000 
2.500000 
2.061553 
2.061553 
2.061553 
2.061553 
2.692582 
2.692582 
1.118034 
1.118034 
2.061553 
2.061553 
2.549510 
2.549510 
1.581139 
1.581139 
0.500000 
0.500000 
2.549510 
2.549510 
1.000000 
1.000000 
0.000000 
0.000000 
2.500000 
2.500000 
2.061553 
2.061553 
2.061553 
2.061553 
2.692582 
2.692582 
1.118034 
1.118034 
2.061553 
2.061553 
2.549510 
2.549510 
1.581139 
1.581139 
0.000000 
0.000000 
0.000000 
0.000000 
2.549510 
2.549510 
1.414214 
1.414214 
0.000000 
0.000000 
2.500000 
2.500000 
2.061553 
2.061553 
2.061553 
2.061553 
2.692582 
2.692582 
1.118034 
1.118034 
2.061553 
2.061553 
2.549510 
2.549510 
1.581139 
1.581139 
