0.000000 
0.000000 
0.000000 
0.000000 
0.000000 
0.000000 
0.000000 
0.000000 
0.000000 
0.000000 
1.000000 
1.000000 
1.802776 
1.802776 
2.828427 
2.828427 
0.000000 
0.000000 
1.802776 
1.802776 
2.549510 
2.549510 
1.000000 
1.000000 
1.802776 
1.802776 
2.549510 
2.549510 
2.061553 
2.061553 
1.581139 
1.581139 
2.236068 
2.236068 
1.000000 
1.000000 
1.802776 
1.802776 
4.500000 
4.500000 
0.000000 
0.000000 
2.061553 
2.061553 
1.802776 
1.802776 
2.236068 
2.236068 
1.000000 
1.000000 
1.802776 
1.802776 
2.000000 
2.000000 
1.581139 
1.581139 
2.236068 
2.236068 
4.123106 
4.123106 
2.236068 
2.236068 
1.000000 
1.000000 
1.802776 
1.802776 
2.000000 
2.000000 
1.802776 
1.802776 
0.707107 
0.707107 
4.123106 
4.123106 
2.236068 
2.236068 
1.000000 
1.000000 
1.802776 
1.802776 
1.500000 
1.500000 
0.500000 
0.500000 
8.000000 
8.000000 
4.123106 
4.123106 
2.236068 
2.236068 
1.000000 
1.000000 
1.802776 
1.802776 
0.500000 
0.500000 
0.000000 
0.000000 
1.118034 
1.118034 
2.061553 
2.061553 
4.123106 
4.123106 
2.236068 
2.236068 
1.000000 
1.000000 
1.802776 
1.802776 
1.118034 
1.118034 
0.000000 
0.000000 
0.000000 
0.000000 
3.162278 
3.162278 
1.000000 
1.000000 
2.500000 
2.500000 
4.123106 
4.123106 
2.236068 
2.236068 
1.000000 
1.000000 
1.802776 
1.802776 
0.000000 
0.000000 
0.000000 
0.000000 
1.000000 
1.000000 
3.162278 
3.162278 
3.162278 
3.162278 
0.707107 
0.707107 
2.061553 
2.061553 
4.123106 
4.123106 
2.236068 
2.236068 
1.000000 
1.000000 
1.802776 
1.802776 
3.535534 
3.535534 
3.535534 
3.535534 
0.707107 
0.707107 
3.162278 
3.162278 
3.162278 
3.162278 
0.500000 
0.500000 
6.000000 
6.000000 
4.123106 
4.123106 
2.236068 
2.236068 
1.000000 
1.000000 
1.802776 
1.802776 
3.535534 
3.535534 
3.041381 
3.041381 
0.500000 
0.500000 
3.162278 
3.162278 
3.162278 
3.162278 
1.118034 
1.118034 
0.500000 
0.500000 
4.123106 
4.123106 
2.236068 
2.236068 
1.000000 
1.000000 
1.802776 
1.802776 
0.000000 
0.000000 
0.000000 
0.000000 
3.041381 
3.041381 
4.609772 
4.609772 
3.162278 
3.162278 
3.162278 
3.162278 
0.500000 
0.500000 
0.500000 
0.500000 
4.123106 
4.123106 
2.236068 
2.236068 
1.000000 
1.000000 
1.802776 
1.802776 
0.707107 
0.707107 
3.535534 
3.535534 
3.041381 
3.041381 
0.500000 
0.500000 
3.162278 
3.162278 
3.162278 
3.162278 
1.414214 
1.414214 
0.500000 
0.500000 
4.123106 
4.123106 
2.236068 
2.236068 
1.000000 
1.000000 
1.802776 
1.802776 
2.692582 
2.692582 
2.549510 
2.549510 
3.041381 
3.041381 
0.500000 
0.500000 
3.162278 
3.162278 
3.162278 
3.162278 
0.500000 
0.500000 
1.000000 
1.000000 
4.123106 
4.123106 
2.236068 
2.236068 
1.000000 
1.000000 
1.802776 
1.802776 
1.118034 
1.118034 
0.000000 
0.000000 
2.549510 
2.549510 
3.041381 
3.041381 
0.707107 
0.707107 
3.162278 
3.162278 
3.162278 
3.162278 
0.707107 
0.707107 
1.000000 
1.000000 
4.123106 
4.123106 
2.236068 
2.236068 
0.500000 
0.500000 
3.535534 
3.535534 
2.549510 
2.549510 
3.041381 
3.041381 
0.500000 
0.500000 
3.162278 
3.162278 
3.162278 
3.162278 
1.118034 
1.118034 
1.000000 
1.000000 
4.123106 
4.123106 
2.236068 
2.236068 
1.000000 
1.000000 
2.236068 
2.236068 
2.549510 
2.549510 
3.041381 
3.041381 
1.118034 
1.118034 
3.162278 
3.162278 
3.162278 
3.162278 
0.707107 
0.707107 
1.000000 
1.000000 
4.123106 
4.123106 
1.802776 
1.802776 
0.000000 
0.000000 
0.000000 
0.000000 
2.236068 
2.236068 
2.549510 
2.549510 
3.041381 
3.041381 
2.000000 
2.000000 
3.162278 
3.162278 
3.162278 
3.162278 
0.707107 
0.707107 
1.000000 
1.000000 
4.123106 
4.123106 
1.118034 
1.118034 
0.000000 
0.000000 
3.000000 
3.000000 
2.236068 
2.236068 
2.549510 
2.549510 
3.041381 
3.041381 
1.118034 
1.118034 
3.162278 
3.162278 
3.162278 
3.162278 
0.500000 
0.500000 
1.118034 
1.118034 
1.118034 
1.118034 
0.000000 
0.000000 
3.041381 
3.041381 
2.236068 
2.236068 
2.549510 
2.549510 
3.041381 
3.041381 
1.000000 
1.000000 
3.162278 
3.162278 
3.162278 
3.162278 
0.500000 
0.500000 
0.000000 
0.000000 
4.527693 
4.527693 
0.000000 
0.000000 
6.363961 
6.363961 
3.041381 
3.041381 
2.236068 
2.236068 
2.549510 
2.549510 
3.041381 
3.041381 
1.414214 
1.414214 
3.162278 
3.162278 
3.162278 
3.162278 
0.500000 
0.500000 
1.000000 
1.000000 
1.118034 
1.118034 
3.041381 
3.041381 
1.000000 
1.000000 
3.041381 
3.041381 
2.236068 
2.236068 
2.549510 
2.549510 
3.041381 
3.041381 
1.500000 
1.500000 
3.162278 
3.162278 
3.162278 
3.162278 
0.707107 
0.707107 
4.123106 
4.123106 
1.414214 
1.414214 
3.162278 
3.162278 
7.810250 
7.810250 
3.041381 
3.041381 
2.236068 
2.236068 
2.549510 
2.549510 
3.041381 
3.041381 
4.527693 
4.527693 
3.162278 
3.162278 
1.000000 
1.000000 
0.500000 
0.500000 
1.118034 
1.118034 
0.000000 
0.000000 
3.162278 
3.162278 
1.581139 
1.581139 
3.041381 
3.041381 
2.236068 
2.236068 
2.549510 
2.549510 
3.041381 
3.041381 
4.472136 
4.472136 
1.118034 
1.118034 
0.500000 
0.500000 
1.802776 
1.802776 
2.915476 
2.915476 
3.162278 
3.162278 
2.915476 
2.915476 
3.041381 
3.041381 
2.236068 
2.236068 
2.549510 
2.549510 
3.041381 
3.041381 
2.500000 
2.500000 
1.118034 
1.118034 
0.500000 
0.500000 
1.118034 
1.118034 
2.915476 
2.915476 
3.162278 
3.162278 
1.581139 
1.581139 
3.041381 
3.041381 
2.236068 
2.236068 
2.549510 
2.549510 
2.692582 
2.692582 
1.000000 
1.000000 
0.500000 
0.500000 
2.000000 
2.000000 
2.915476 
2.915476 
3.162278 
3.162278 
0.707107 
0.707107 
3.041381 
3.041381 
2.236068 
2.236068 
2.549510 
2.549510 
2.000000 
2.000000 
4.272002 
4.272002 
0.500000 
0.500000 
1.581139 
1.581139 
0.000000 
0.000000 
2.915476 
2.915476 
3.162278 
3.162278 
1.802776 
1.802776 
3.041381 
3.041381 
2.236068 
2.236068 
2.549510 
2.549510 
5.700877 
5.700877 
2.236068 
2.236068 
0.500000 
0.500000 
1.802776 
1.802776 
3.041381 
3.041381 
2.915476 
2.915476 
3.162278 
3.162278 
1.581139 
1.581139 
3.041381 
3.041381 
2.236068 
2.236068 
2.000000 
2.000000 
5.024938 
5.024938 
0.500000 
0.500000 
0.500000 
0.500000 
0.000000 
0.000000 
3.041381 
3.041381 
2.915476 
2.915476 
3.162278 
3.162278 
4.743416 
4.743416 
3.041381 
3.041381 
2.236068 
2.236068 
2.692582 
2.692582 
1.414214 
1.414214 
0.707107 
0.707107 
1.118034 
1.118034 
3.535534 
3.535534 
3.041381 
3.041381 
2.915476 
2.915476 
3.162278 
3.162278 
1.500000 
1.500000 
3.041381 
3.041381 
2.236068 
2.236068 
2.692582 
2.692582 
2.236068 
2.236068 
1.118034 
1.118034 
3.535534 
3.535534 
3.535534 
3.535534 
3.041381 
3.041381 
2.915476 
2.915476 
3.162278 
3.162278 
2.236068 
2.236068 
3.041381 
3.041381 
1.802776 
1.802776 
2.500000 
2.500000 
5.590170 
5.590170 
1.581139 
1.581139 
0.000000 
0.000000 
3.535534 
3.535534 
3.041381 
3.041381 
2.915476 
2.915476 
3.162278 
3.162278 
4.500000 
4.500000 
3.041381 
3.041381 
1.802776 
1.802776 
2.828427 
2.828427 
1.118034 
1.118034 
6.264982 
6.264982 
3.162278 
3.162278 
3.535534 
3.535534 
3.041381 
3.041381 
2.915476 
2.915476 
3.162278 
3.162278 
1.500000 
1.500000 
3.041381 
3.041381 
1.802776 
1.802776 
2.828427 
2.828427 
0.000000 
0.000000 
1.802776 
1.802776 
0.000000 
0.000000 
2.692582 
2.692582 
3.535534 
3.535534 
3.041381 
3.041381 
2.915476 
2.915476 
3.162278 
3.162278 
5.147815 
5.147815 
1.802776 
1.802776 
2.828427 
2.828427 
0.000000 
0.000000 
3.605551 
3.605551 
2.500000 
2.500000 
1.581139 
1.581139 
3.535534 
3.535534 
3.041381 
3.041381 
2.915476 
2.915476 
3.162278 
3.162278 
1.802776 
1.802776 
1.802776 
1.802776 
2.828427 
2.828427 
1.802776 
1.802776 
3.041381 
3.041381 
0.000000 
0.000000 
2.000000 
2.000000 
1.581139 
1.581139 
3.535534 
3.535534 
3.041381 
3.041381 
2.915476 
2.915476 
3.162278 
3.162278 
1.581139 
1.581139 
1.802776 
1.802776 
2.828427 
2.828427 
6.041523 
6.041523 
7.280110 
7.280110 
