0.000000 
0.000000 
0.000000 
0.000000 
0.000000 
0.000000 
0.000000 
0.000000 
0.000000 
0.000000 
0.000000 
0.000000 
0.000000 
0.000000 
0.000000 
0.000000 
0.000000 
0.000000 
2.500000 
2.500000 
0.500000 
0.500000 
3.500000 
3.500000 
0.500000 
0.500000 
0.000000 
0.000000 
0.000000 
0.000000 
2.692582 
2.692582 
0.000000 
0.000000 
2.061553 
2.061553 
1.118034 
1.118034 
1.000000 
1.000000 
3.807887 
3.807887 
1.000000 
1.000000 
0.500000 
0.500000 
2.000000 
2.000000 
0.000000 
0.000000 
1.802776 
1.802776 
1.118034 
1.118034 
1.000000 
1.000000 
0.500000 
0.500000 
0.707107 
0.707107 
0.707107 
0.707107 
4.743416 
4.743416 
0.000000 
0.000000 
2.500000 
2.500000 
1.000000 
1.000000 
1.581139 
1.581139 
0.707107 
0.707107 
1.118034 
1.118034 
1.000000 
1.000000 
1.000000 
1.000000 
0.000000 
0.000000 
0.707107 
0.707107 
0.500000 
0.500000 
2.236068 
2.236068 
1.802776 
1.802776 
0.500000 
0.500000 
1.500000 
1.500000 
2.000000 
2.000000 
0.000000 
0.000000 
2.061553 
2.061553 
0.707107 
0.707107 
1.500000 
1.500000 
2.500000 
2.500000 
1.414214 
1.414214 
2.000000 
2.000000 
1.802776 
1.802776 
0.000000 
0.000000 
4.527693 
4.527693 
0.707107 
0.707107 
1.581139 
1.581139 
3.535534 
3.535534 
1.118034 
1.118034 
1.414214 
1.414214 
1.000000 
1.000000 
0.000000 
0.000000 
0.500000 
0.500000 
4.527693 
4.527693 
5.700877 
5.700877 
3.535534 
3.535534 
1.414214 
1.414214 
1.581139 
1.581139 
1.118034 
1.118034 
0.000000 
0.000000 
0.500000 
0.500000 
1.000000 
1.000000 
4.609772 
4.609772 
3.535534 
3.535534 
1.118034 
1.118034 
1.581139 
1.581139 
0.500000 
0.500000 
0.000000 
0.000000 
0.500000 
0.500000 
2.500000 
2.500000 
5.590170 
5.590170 
3.535534 
3.535534 
3.041381 
3.041381 
4.609772 
4.609772 
0.707107 
0.707107 
0.000000 
0.000000 
0.000000 
0.000000 
0.707107 
0.707107 
0.707107 
0.707107 
2.000000 
2.000000 
3.535534 
3.535534 
0.500000 
0.500000 
1.581139 
1.581139 
1.000000 
1.000000 
2.061553 
2.061553 
0.000000 
0.000000 
0.500000 
0.500000 
1.000000 
1.000000 
2.500000 
2.500000 
3.535534 
3.535534 
1.414214 
1.414214 
1.500000 
1.500000 
0.500000 
0.500000 
1.118034 
1.118034 
0.000000 
0.000000 
0.000000 
0.000000 
3.640055 
3.640055 
5.220153 
5.220153 
3.535534 
3.535534 
0.707107 
0.707107 
2.500000 
2.500000 
2.000000 
2.000000 
1.118034 
1.118034 
0.000000 
0.000000 
4.500000 
4.500000 
0.500000 
0.500000 
6.000000 
6.000000 
3.535534 
3.535534 
1.414214 
1.414214 
2.500000 
2.500000 
0.707107 
0.707107 
1.000000 
1.000000 
1.000000 
1.000000 
0.707107 
0.707107 
0.000000 
0.000000 
3.535534 
3.535534 
0.500000 
0.500000 
1.118034 
1.118034 
0.707107 
0.707107 
1.500000 
1.500000 
1.500000 
1.500000 
3.041381 
3.041381 
1.581139 
1.581139 
3.535534 
3.535534 
1.414214 
1.414214 
4.500000 
4.500000 
0.000000 
0.000000 
1.000000 
1.000000 
1.581139 
1.581139 
0.500000 
0.500000 
1.414214 
1.414214 
3.535534 
3.535534 
1.000000 
1.000000 
2.000000 
2.000000 
1.118034 
1.118034 
0.500000 
0.500000 
2.000000 
2.000000 
0.500000 
0.500000 
1.414214 
1.414214 
3.535534 
3.535534 
0.500000 
0.500000 
3.041381 
3.041381 
1.000000 
1.000000 
0.000000 
0.000000 
0.500000 
0.500000 
1.000000 
1.000000 
4.031129 
4.031129 
2.236068 
2.236068 
3.535534 
3.535534 
2.549510 
2.549510 
2.692582 
2.692582 
0.707107 
0.707107 
1.118034 
1.118034 
0.500000 
0.500000 
0.500000 
0.500000 
0.500000 
0.500000 
2.000000 
2.000000 
3.535534 
3.535534 
0.500000 
0.500000 
1.500000 
1.500000 
0.500000 
0.500000 
0.000000 
0.000000 
0.500000 
0.500000 
0.500000 
0.500000 
0.000000 
0.000000 
1.581139 
1.581139 
3.535534 
3.535534 
1.581139 
1.581139 
4.500000 
4.500000 
0.707107 
0.707107 
0.707107 
0.707107 
0.500000 
0.500000 
0.500000 
0.500000 
0.707107 
0.707107 
5.000000 
5.000000 
1.000000 
1.000000 
1.500000 
1.500000 
2.500000 
2.500000 
0.707107 
0.707107 
0.500000 
0.500000 
0.500000 
0.500000 
1.118034 
1.118034 
2.061553 
2.061553 
1.581139 
1.581139 
1.000000 
1.000000 
0.500000 
0.500000 
1.118034 
1.118034 
0.500000 
0.500000 
0.500000 
0.500000 
1.118034 
1.118034 
2.549510 
2.549510 
3.640055 
3.640055 
0.707107 
0.707107 
0.000000 
0.000000 
0.500000 
0.500000 
0.500000 
0.500000 
0.000000 
0.000000 
1.118034 
1.118034 
3.041381 
3.041381 
2.061553 
2.061553 
1.000000 
1.000000 
0.707107 
0.707107 
0.000000 
0.000000 
1.581139 
1.581139 
0.500000 
0.500000 
0.000000 
0.000000 
1.118034 
1.118034 
1.118034 
1.118034 
2.500000 
2.500000 
1.500000 
1.500000 
0.000000 
0.000000 
0.000000 
0.000000 
0.500000 
0.500000 
3.640055 
3.640055 
0.500000 
0.500000 
0.000000 
0.000000 
1.118034 
1.118034 
1.118034 
1.118034 
2.549510 
2.549510 
1.118034 
1.118034 
0.707107 
0.707107 
1.118034 
1.118034 
0.000000 
0.000000 
0.000000 
0.000000 
0.500000 
0.500000 
0.000000 
0.000000 
1.118034 
1.118034 
1.118034 
1.118034 
1.500000 
1.500000 
1.118034 
1.118034 
0.000000 
0.000000 
2.692582 
2.692582 
0.000000 
0.000000 
0.707107 
0.707107 
0.500000 
0.500000 
0.000000 
0.000000 
1.118034 
1.118034 
1.118034 
1.118034 
2.000000 
2.000000 
1.581139 
1.581139 
0.500000 
0.500000 
2.061553 
2.061553 
0.000000 
0.000000 
0.707107 
0.707107 
0.500000 
0.500000 
0.000000 
0.000000 
0.707107 
0.707107 
1.118034 
1.118034 
5.385165 
5.385165 
0.500000 
0.500000 
5.522681 
5.522681 
0.000000 
0.000000 
1.581139 
1.581139 
0.000000 
0.000000 
0.707107 
0.707107 
0.500000 
0.500000 
0.000000 
0.000000 
0.707107 
0.707107 
1.118034 
1.118034 
1.414214 
1.414214 
0.500000 
0.500000 
1.118034 
1.118034 
0.000000 
0.000000 
0.000000 
0.000000 
2.000000 
2.000000 
0.707107 
0.707107 
0.000000 
0.000000 
0.707107 
0.707107 
0.500000 
0.500000 
0.000000 
0.000000 
0.707107 
0.707107 
1.118034 
1.118034 
1.802776 
1.802776 
0.500000 
0.500000 
3.605551 
3.605551 
1.802776 
1.802776 
0.000000 
0.000000 
3.354102 
3.354102 
0.707107 
0.707107 
0.000000 
0.000000 
0.707107 
0.707107 
0.000000 
0.000000 
0.707107 
0.707107 
1.118034 
1.118034 
1.118034 
1.118034 
0.500000 
0.500000 
3.041381 
3.041381 
1.414214 
1.414214 
0.000000 
0.000000 
2.549510 
2.549510 
1.000000 
1.000000 
0.000000 
0.000000 
0.707107 
0.707107 
0.000000 
0.000000 
0.707107 
0.707107 
1.118034 
1.118034 
0.500000 
0.500000 
0.500000 
0.500000 
2.000000 
2.000000 
0.000000 
0.000000 
0.000000 
0.000000 
2.061553 
2.061553 
0.000000 
0.000000 
2.549510 
2.549510 
1.581139 
1.581139 
0.000000 
0.000000 
0.707107 
0.707107 
0.000000 
0.000000 
0.707107 
0.707107 
1.118034 
1.118034 
1.000000 
1.000000 
0.500000 
0.500000 
2.000000 
2.000000 
3.000000 
3.000000 
3.807887 
3.807887 
2.061553 
2.061553 
0.000000 
0.000000 
2.549510 
2.549510 
2.549510 
2.549510 
0.000000 
0.000000 
0.707107 
0.707107 
0.000000 
0.000000 
0.707107 
0.707107 
1.118034 
1.118034 
0.707107 
0.707107 
0.500000 
0.500000 
2.000000 
2.000000 
0.000000 
0.000000 
0.000000 
0.000000 
3.000000 
3.000000 
3.807887 
3.807887 
2.061553 
2.061553 
0.000000 
0.000000 
2.549510 
2.549510 
2.000000 
2.000000 
0.000000 
0.000000 
0.707107 
0.707107 
0.000000 
0.000000 
0.707107 
0.707107 
1.118034 
1.118034 
1.802776 
1.802776 
0.500000 
0.500000 
2.000000 
2.000000 
0.000000 
0.000000 
0.000000 
0.000000 
0.000000 
0.000000 
0.000000 
0.000000 
0.000000 
0.000000 
0.000000 
0.000000 
3.000000 
3.000000 
3.807887 
3.807887 
2.061553 
2.061553 
0.000000 
0.000000 
2.549510 
2.549510 
2.000000 
2.000000 
0.000000 
0.000000 
0.707107 
0.707107 
0.000000 
0.000000 
0.707107 
0.707107 
3.905125 
3.905125 
1.802776 
1.802776 
0.500000 
0.500000 
2.000000 
2.000000 
