0.000000 
0.000000 
0.000000 
0.000000 
0.000000 
0.000000 
0.000000 
0.000000 
0.000000 
0.000000 
0.000000 
0.000000 
0.000000 
0.000000 
0.000000 
0.000000 
2.061553 
2.061553 
0.000000 
0.000000 
1.802776 
1.802776 
3.201562 
3.201562 
1.581139 
1.581139 
2.236068 
2.236068 
0.000000 
0.000000 
1.414214 
1.414214 
0.000000 
0.000000 
3.201562 
3.201562 
3.354102 
3.354102 
1.118034 
1.118034 
0.000000 
0.000000 
0.000000 
0.000000 
0.000000 
0.000000 
2.236068 
2.236068 
0.000000 
0.000000 
1.414214 
1.414214 
0.000000 
0.000000 
2.236068 
2.236068 
3.354102 
3.354102 
5.024938 
5.024938 
0.000000 
0.000000 
1.802776 
1.802776 
1.118034 
1.118034 
2.915476 
2.915476 
2.236068 
2.236068 
0.000000 
0.000000 
1.414214 
1.414214 
0.000000 
0.000000 
1.581139 
1.581139 
3.354102 
3.354102 
1.118034 
1.118034 
1.118034 
1.118034 
2.000000 
2.000000 
0.500000 
0.500000 
2.915476 
2.915476 
2.236068 
2.236068 
0.000000 
0.000000 
1.414214 
1.414214 
0.000000 
0.000000 
1.000000 
1.000000 
3.354102 
3.354102 
3.162278 
3.162278 
0.000000 
0.000000 
1.500000 
1.500000 
1.000000 
1.000000 
0.000000 
0.000000 
3.201562 
3.201562 
2.236068 
2.236068 
0.000000 
0.000000 
1.414214 
1.414214 
0.000000 
0.000000 
1.802776 
1.802776 
3.354102 
3.354102 
1.414214 
1.414214 
0.000000 
0.000000 
0.000000 
0.000000 
2.500000 
2.500000 
2.061553 
2.061553 
2.000000 
2.000000 
0.000000 
0.000000 
3.201562 
3.201562 
2.236068 
2.236068 
0.000000 
0.000000 
1.414214 
1.414214 
0.000000 
0.000000 
1.581139 
1.581139 
3.354102 
3.354102 
1.500000 
1.500000 
0.500000 
0.500000 
2.061553 
2.061553 
2.500000 
2.500000 
2.061553 
2.061553 
2.061553 
2.061553 
0.000000 
0.000000 
3.201562 
3.201562 
2.236068 
2.236068 
0.000000 
0.000000 
1.414214 
1.414214 
0.000000 
0.000000 
3.807887 
3.807887 
3.354102 
3.354102 
1.802776 
1.802776 
0.707107 
0.707107 
4.031129 
4.031129 
2.500000 
2.500000 
2.000000 
2.000000 
1.581139 
1.581139 
0.000000 
0.000000 
3.201562 
3.201562 
2.236068 
2.236068 
0.000000 
0.000000 
1.414214 
1.414214 
0.000000 
0.000000 
1.581139 
1.581139 
3.354102 
3.354102 
3.041381 
3.041381 
0.000000 
0.000000 
0.000000 
0.000000 
0.707107 
0.707107 
3.201562 
3.201562 
2.500000 
2.500000 
2.000000 
2.000000 
1.581139 
1.581139 
0.000000 
0.000000 
3.201562 
3.201562 
2.236068 
2.236068 
0.000000 
0.000000 
1.414214 
1.414214 
0.000000 
0.000000 
1.000000 
1.000000 
3.354102 
3.354102 
3.162278 
3.162278 
0.000000 
0.000000 
0.000000 
0.000000 
0.000000 
0.000000 
0.707107 
0.707107 
3.201562 
3.201562 
2.500000 
2.500000 
2.000000 
2.000000 
1.581139 
1.581139 
0.000000 
0.000000 
3.201562 
3.201562 
2.236068 
2.236068 
0.000000 
0.000000 
1.414214 
1.414214 
0.000000 
0.000000 
1.581139 
1.581139 
3.354102 
3.354102 
3.162278 
3.162278 
0.000000 
0.000000 
4.031129 
4.031129 
0.000000 
0.000000 
0.000000 
0.000000 
0.707107 
0.707107 
3.201562 
3.201562 
2.500000 
2.500000 
2.000000 
2.000000 
1.581139 
1.581139 
0.000000 
0.000000 
3.201562 
3.201562 
2.236068 
2.236068 
0.000000 
0.000000 
1.414214 
1.414214 
0.000000 
0.000000 
1.802776 
1.802776 
3.354102 
3.354102 
3.162278 
3.162278 
0.000000 
0.000000 
2.692582 
2.692582 
0.000000 
0.000000 
0.000000 
0.000000 
0.707107 
0.707107 
3.201562 
3.201562 
2.500000 
2.500000 
2.000000 
2.000000 
1.581139 
1.581139 
0.000000 
0.000000 
3.201562 
3.201562 
2.236068 
2.236068 
0.000000 
0.000000 
1.414214 
1.414214 
0.000000 
0.000000 
2.692582 
2.692582 
3.354102 
3.354102 
3.162278 
3.162278 
0.000000 
0.000000 
0.000000 
0.000000 
2.692582 
2.692582 
0.000000 
0.000000 
0.000000 
0.000000 
0.707107 
0.707107 
3.201562 
3.201562 
2.500000 
2.500000 
2.000000 
2.000000 
1.581139 
1.581139 
0.000000 
0.000000 
3.201562 
3.201562 
2.236068 
2.236068 
0.000000 
0.000000 
1.414214 
1.414214 
0.000000 
0.000000 
2.500000 
2.500000 
3.354102 
3.354102 
3.162278 
3.162278 
0.000000 
0.000000 
4.609772 
4.609772 
0.000000 
0.000000 
2.692582 
2.692582 
0.000000 
0.000000 
0.000000 
0.000000 
0.707107 
0.707107 
3.201562 
3.201562 
2.500000 
2.500000 
2.000000 
2.000000 
1.581139 
1.581139 
0.000000 
0.000000 
3.201562 
3.201562 
2.236068 
2.236068 
1.414214 
1.414214 
0.000000 
0.000000 
2.500000 
2.500000 
3.354102 
3.354102 
3.162278 
3.162278 
0.000000 
0.000000 
3.162278 
3.162278 
4.609772 
4.609772 
0.000000 
0.000000 
2.692582 
2.692582 
0.000000 
0.000000 
0.000000 
0.000000 
0.707107 
0.707107 
3.201562 
3.201562 
2.500000 
2.500000 
2.000000 
2.000000 
1.581139 
1.581139 
0.000000 
0.000000 
3.201562 
3.201562 
2.236068 
2.236068 
1.414214 
1.414214 
2.500000 
2.500000 
3.354102 
3.354102 
3.162278 
3.162278 
3.605551 
3.605551 
2.915476 
2.915476 
4.609772 
4.609772 
0.000000 
0.000000 
2.692582 
2.692582 
0.000000 
0.000000 
0.000000 
0.000000 
0.707107 
0.707107 
3.201562 
3.201562 
2.500000 
2.500000 
2.000000 
2.000000 
1.581139 
1.581139 
0.000000 
0.000000 
3.201562 
3.201562 
2.236068 
2.236068 
2.500000 
2.500000 
3.162278 
3.162278 
6.519202 
6.519202 
4.716991 
4.716991 
4.609772 
4.609772 
0.000000 
0.000000 
2.692582 
2.692582 
0.000000 
0.000000 
0.000000 
0.000000 
0.707107 
0.707107 
3.201562 
3.201562 
2.500000 
2.500000 
2.000000 
2.000000 
1.581139 
1.581139 
0.000000 
0.000000 
3.201562 
3.201562 
2.500000 
2.500000 
3.162278 
3.162278 
0.000000 
0.000000 
0.000000 
0.000000 
0.000000 
0.000000 
6.519202 
6.519202 
4.716991 
4.716991 
4.609772 
4.609772 
0.000000 
0.000000 
2.692582 
2.692582 
0.000000 
0.000000 
0.000000 
0.000000 
0.707107 
0.707107 
3.201562 
3.201562 
2.500000 
2.500000 
2.000000 
2.000000 
1.581139 
1.581139 
0.000000 
0.000000 
3.201562 
3.201562 
2.500000 
2.500000 
3.162278 
3.162278 
0.000000 
0.000000 
0.000000 
0.000000 
4.609772 
4.609772 
4.031129 
4.031129 
6.519202 
6.519202 
4.716991 
4.716991 
4.609772 
4.609772 
0.000000 
0.000000 
2.692582 
2.692582 
0.000000 
0.000000 
0.000000 
0.000000 
0.707107 
0.707107 
3.201562 
3.201562 
2.500000 
2.500000 
2.000000 
2.000000 
1.581139 
1.581139 
0.000000 
0.000000 
3.201562 
3.201562 
2.500000 
2.500000 
3.162278 
3.162278 
0.000000 
0.000000 
0.000000 
0.000000 
2.692582 
2.692582 
0.000000 
0.000000 
3.605551 
3.605551 
3.640055 
3.640055 
6.519202 
6.519202 
4.716991 
4.716991 
4.609772 
4.609772 
0.000000 
0.000000 
2.692582 
2.692582 
0.000000 
0.000000 
0.000000 
0.000000 
0.707107 
0.707107 
3.201562 
3.201562 
2.500000 
2.500000 
2.000000 
2.000000 
1.581139 
1.581139 
2.500000 
2.500000 
3.162278 
3.162278 
0.000000 
0.000000 
0.000000 
0.000000 
0.000000 
0.000000 
2.061553 
2.061553 
0.000000 
0.000000 
3.535534 
3.535534 
0.000000 
0.000000 
3.605551 
3.605551 
3.640055 
3.640055 
6.519202 
6.519202 
4.716991 
4.716991 
4.609772 
4.609772 
0.000000 
0.000000 
2.692582 
2.692582 
0.000000 
0.000000 
0.000000 
0.000000 
0.707107 
0.707107 
3.201562 
3.201562 
2.000000 
2.000000 
1.581139 
1.581139 
2.500000 
2.500000 
3.162278 
3.162278 
0.000000 
0.000000 
2.061553 
2.061553 
3.354102 
3.354102 
3.905125 
3.905125 
3.201562 
3.201562 
0.000000 
0.000000 
3.535534 
3.535534 
0.000000 
0.000000 
3.605551 
3.605551 
3.640055 
3.640055 
6.519202 
6.519202 
4.716991 
4.716991 
4.609772 
4.609772 
0.000000 
0.000000 
2.692582 
2.692582 
0.000000 
0.000000 
0.000000 
0.000000 
0.707107 
0.707107 
3.201562 
3.201562 
2.000000 
2.000000 
1.581139 
1.581139 
2.500000 
2.500000 
3.162278 
3.162278 
1.414214 
1.414214 
2.061553 
2.061553 
3.807887 
3.807887 
3.905125 
3.905125 
2.549510 
2.549510 
0.000000 
0.000000 
3.535534 
3.535534 
0.000000 
0.000000 
3.605551 
3.605551 
3.640055 
3.640055 
6.519202 
6.519202 
4.716991 
4.716991 
4.609772 
4.609772 
0.000000 
0.000000 
2.692582 
2.692582 
0.000000 
0.000000 
0.000000 
0.000000 
3.201562 
3.201562 
2.500000 
2.500000 
3.162278 
3.162278 
0.000000 
0.000000 
1.414214 
1.414214 
2.061553 
2.061553 
3.807887 
3.807887 
3.201562 
3.201562 
2.236068 
2.236068 
0.000000 
0.000000 
3.535534 
3.535534 
0.000000 
0.000000 
3.605551 
3.605551 
3.640055 
3.640055 
6.519202 
6.519202 
4.716991 
4.716991 
4.609772 
4.609772 
0.000000 
0.000000 
2.692582 
2.692582 
2.500000 
2.500000 
0.000000 
0.000000 
0.000000 
0.000000 
4.031129 
4.031129 
1.414214 
1.414214 
2.061553 
2.061553 
3.807887 
3.807887 
3.201562 
3.201562 
4.031129 
4.031129 
0.000000 
0.000000 
3.535534 
3.535534 
0.000000 
0.000000 
3.605551 
3.605551 
3.640055 
3.640055 
6.519202 
6.519202 
4.716991 
4.716991 
4.609772 
4.609772 
0.000000 
0.000000 
2.692582 
2.692582 
2.500000 
2.500000 
0.000000 
0.000000 
3.640055 
3.640055 
5.147815 
5.147815 
4.031129 
4.031129 
1.414214 
1.414214 
2.061553 
2.061553 
3.807887 
3.807887 
3.201562 
3.201562 
1.500000 
1.500000 
0.000000 
0.000000 
3.535534 
3.535534 
0.000000 
0.000000 
3.605551 
3.605551 
3.640055 
3.640055 
6.519202 
6.519202 
4.716991 
4.716991 
4.609772 
4.609772 
2.692582 
2.692582 
2.500000 
2.500000 
0.000000 
0.000000 
0.000000 
0.000000 
2.061553 
2.061553 
6.964194 
6.964194 
3.201562 
3.201562 
4.031129 
4.031129 
1.414214 
1.414214 
2.061553 
2.061553 
3.807887 
3.807887 
3.201562 
3.201562 
3.041381 
3.041381 
0.000000 
0.000000 
3.535534 
3.535534 
0.000000 
0.000000 
3.605551 
3.605551 
3.640055 
3.640055 
6.519202 
6.519202 
4.716991 
4.716991 
4.609772 
4.609772 
2.500000 
2.500000 
0.000000 
0.000000 
0.000000 
0.000000 
1.802776 
1.802776 
2.061553 
2.061553 
5.000000 
5.000000 
2.121320 
2.121320 
4.031129 
4.031129 
1.414214 
1.414214 
2.061553 
2.061553 
3.807887 
3.807887 
3.201562 
3.201562 
4.000000 
4.000000 
0.000000 
0.000000 
3.535534 
3.535534 
0.000000 
0.000000 
3.605551 
3.605551 
3.640055 
3.640055 
6.519202 
6.519202 
4.716991 
4.716991 
4.609772 
4.609772 
0.500000 
0.500000 
0.000000 
0.000000 
3.162278 
3.162278 
2.061553 
2.061553 
2.549510 
2.549510 
1.802776 
1.802776 
4.031129 
4.031129 
1.414214 
1.414214 
2.061553 
2.061553 
3.807887 
3.807887 
3.201562 
3.201562 
1.581139 
1.581139 
0.000000 
0.000000 
3.535534 
3.535534 
0.000000 
0.000000 
3.605551 
3.605551 
3.640055 
3.640055 
6.519202 
6.519202 
4.716991 
4.716991 
0.000000 
0.000000 
0.500000 
0.500000 
0.000000 
0.000000 
2.549510 
2.549510 
2.061553 
2.061553 
3.000000 
3.000000 
1.802776 
1.802776 
4.031129 
4.031129 
1.414214 
1.414214 
2.061553 
2.061553 
3.807887 
3.807887 
3.201562 
3.201562 
1.581139 
1.581139 
0.000000 
0.000000 
3.535534 
3.535534 
0.000000 
0.000000 
3.605551 
3.605551 
3.640055 
3.640055 
6.519202 
6.519202 
4.716991 
4.716991 
0.000000 
0.000000 
1.118034 
1.118034 
0.500000 
0.500000 
0.000000 
0.000000 
2.549510 
2.549510 
2.061553 
2.061553 
3.000000 
3.000000 
1.802776 
1.802776 
4.031129 
4.031129 
1.414214 
1.414214 
2.061553 
2.061553 
3.807887 
3.807887 
3.201562 
3.201562 
1.000000 
1.000000 
0.000000 
0.000000 
3.535534 
3.535534 
0.000000 
0.000000 
3.605551 
3.605551 
3.640055 
3.640055 
6.519202 
6.519202 
4.716991 
4.716991 
0.000000 
0.000000 
0.000000 
0.000000 
2.500000 
2.500000 
1.118034 
1.118034 
0.500000 
0.500000 
0.000000 
0.000000 
2.549510 
2.549510 
2.061553 
2.061553 
3.000000 
3.000000 
1.802776 
1.802776 
4.031129 
4.031129 
6.082763 
6.082763 
2.061553 
2.061553 
3.807887 
3.807887 
3.201562 
3.201562 
1.000000 
1.000000 
0.000000 
0.000000 
3.535534 
3.535534 
0.000000 
0.000000 
3.605551 
3.605551 
3.640055 
3.640055 
0.000000 
0.000000 
1.118034 
1.118034 
3.500000 
3.500000 
4.000000 
4.000000 
2.549510 
2.549510 
0.500000 
0.500000 
0.000000 
0.000000 
2.549510 
2.549510 
2.061553 
2.061553 
3.000000 
3.000000 
1.802776 
1.802776 
4.031129 
4.031129 
2.061553 
2.061553 
2.061553 
2.061553 
3.807887 
3.807887 
3.201562 
3.201562 
1.000000 
1.000000 
0.000000 
0.000000 
3.535534 
3.535534 
3.605551 
3.605551 
3.640055 
3.640055 
0.000000 
0.000000 
4.000000 
4.000000 
1.118034 
1.118034 
2.500000 
2.500000 
1.500000 
1.500000 
1.500000 
1.500000 
0.500000 
0.500000 
0.000000 
0.000000 
2.549510 
2.549510 
2.061553 
2.061553 
3.000000 
3.000000 
1.802776 
1.802776 
4.031129 
4.031129 
1.000000 
1.000000 
2.061553 
2.061553 
3.807887 
3.807887 
3.201562 
3.201562 
1.000000 
1.000000 
0.000000 
0.000000 
3.535534 
3.535534 
3.605551 
3.605551 
3.640055 
3.640055 
0.000000 
0.000000 
0.000000 
0.000000 
0.000000 
0.000000 
0.000000 
0.000000 
0.000000 
0.000000 
0.500000 
0.500000 
4.000000 
4.000000 
1.118034 
1.118034 
2.500000 
2.500000 
1.500000 
1.500000 
1.581139 
1.581139 
0.500000 
0.500000 
0.000000 
0.000000 
2.549510 
2.549510 
2.061553 
2.061553 
3.000000 
3.000000 
1.802776 
1.802776 
4.031129 
4.031129 
1.000000 
1.000000 
2.061553 
2.061553 
3.807887 
3.807887 
3.201562 
3.201562 
1.000000 
1.000000 
3.535534 
3.535534 
0.000000 
0.000000 
3.041381 
3.041381 
3.162278 
3.162278 
1.500000 
1.500000 
3.500000 
3.500000 
2.000000 
2.000000 
0.500000 
0.500000 
4.000000 
4.000000 
1.118034 
1.118034 
2.500000 
2.500000 
1.500000 
1.500000 
1.118034 
1.118034 
0.500000 
0.500000 
0.000000 
0.000000 
2.549510 
2.549510 
2.061553 
2.061553 
3.000000 
3.000000 
1.802776 
1.802776 
4.031129 
4.031129 
1.000000 
1.000000 
2.061553 
2.061553 
3.807887 
3.807887 
3.201562 
3.201562 
1.000000 
1.000000 
1.118034 
1.118034 
3.354102 
3.354102 
0.500000 
0.500000 
1.414214 
1.414214 
2.549510 
2.549510 
2.000000 
2.000000 
0.500000 
0.500000 
4.000000 
4.000000 
1.118034 
1.118034 
2.500000 
2.500000 
1.500000 
1.500000 
0.707107 
0.707107 
0.500000 
0.500000 
0.000000 
0.000000 
2.549510 
2.549510 
2.061553 
2.061553 
3.000000 
3.000000 
1.802776 
1.802776 
4.031129 
4.031129 
1.000000 
1.000000 
3.807887 
3.807887 
3.201562 
3.201562 
1.000000 
1.000000 
