0.000000 
0.000000 
0.000000 
0.000000 
0.000000 
0.000000 
0.000000 
0.000000 
0.000000 
0.000000 
0.000000 
0.000000 
1.118034 
1.118034 
1.500000 
1.500000 
2.236068 
2.236068 
1.000000 
1.000000 
0.500000 
0.500000 
1.118034 
1.118034 
1.118034 
1.118034 
0.000000 
0.000000 
2.236068 
2.236068 
3.500000 
3.500000 
1.118034 
1.118034 
2.236068 
2.236068 
0.000000 
0.000000 
0.000000 
0.000000 
1.118034 
1.118034 
0.500000 
0.500000 
2.236068 
2.236068 
1.118034 
1.118034 
0.500000 
0.500000 
1.414214 
1.414214 
0.000000 
0.000000 
0.000000 
0.000000 
1.000000 
1.000000 
1.118034 
1.118034 
0.500000 
0.500000 
2.061553 
2.061553 
2.549510 
2.549510 
1.000000 
1.000000 
0.500000 
0.500000 
1.500000 
1.500000 
0.000000 
0.000000 
1.414214 
1.414214 
1.118034 
1.118034 
0.500000 
0.500000 
1.802776 
1.802776 
1.500000 
1.500000 
1.118034 
1.118034 
1.000000 
1.000000 
2.000000 
2.000000 
0.000000 
0.000000 
1.414214 
1.414214 
1.118034 
1.118034 
0.500000 
0.500000 
1.414214 
1.414214 
1.414214 
1.414214 
0.000000 
0.000000 
0.500000 
0.500000 
2.061553 
2.061553 
5.385165 
5.385165 
1.414214 
1.414214 
1.118034 
1.118034 
0.500000 
0.500000 
1.414214 
1.414214 
0.707107 
0.707107 
0.500000 
0.500000 
1.000000 
1.000000 
0.000000 
0.000000 
2.061553 
2.061553 
0.500000 
0.500000 
1.414214 
1.414214 
1.118034 
1.118034 
0.500000 
0.500000 
1.414214 
1.414214 
1.414214 
1.414214 
0.707107 
0.707107 
0.000000 
0.000000 
2.236068 
2.236068 
1.500000 
1.500000 
0.500000 
0.500000 
1.414214 
1.414214 
1.118034 
1.118034 
0.500000 
0.500000 
1.414214 
1.414214 
1.414214 
1.414214 
0.500000 
0.500000 
0.000000 
0.000000 
0.000000 
0.000000 
2.549510 
2.549510 
0.500000 
0.500000 
1.000000 
1.000000 
1.414214 
1.414214 
1.118034 
1.118034 
0.500000 
0.500000 
1.414214 
1.414214 
1.118034 
1.118034 
0.707107 
0.707107 
2.061553 
2.061553 
0.000000 
0.000000 
3.000000 
3.000000 
4.031129 
4.031129 
0.707107 
0.707107 
1.414214 
1.414214 
1.118034 
1.118034 
0.500000 
0.500000 
1.414214 
1.414214 
1.414214 
1.414214 
0.000000 
0.000000 
0.500000 
0.500000 
0.500000 
0.500000 
2.236068 
2.236068 
1.118034 
1.118034 
1.000000 
1.000000 
1.414214 
1.414214 
1.118034 
1.118034 
0.500000 
0.500000 
1.414214 
1.414214 
1.500000 
1.500000 
1.118034 
1.118034 
0.500000 
0.500000 
0.500000 
0.500000 
6.082763 
6.082763 
1.118034 
1.118034 
1.581139 
1.581139 
1.414214 
1.414214 
1.118034 
1.118034 
0.500000 
0.500000 
1.414214 
1.414214 
1.414214 
1.414214 
1.000000 
1.000000 
0.500000 
0.500000 
0.707107 
0.707107 
6.103278 
6.103278 
0.707107 
0.707107 
1.802776 
1.802776 
1.414214 
1.414214 
1.118034 
1.118034 
0.500000 
0.500000 
1.414214 
1.414214 
1.414214 
1.414214 
1.581139 
1.581139 
0.500000 
0.500000 
0.707107 
0.707107 
0.500000 
0.500000 
1.118034 
1.118034 
1.414214 
1.414214 
1.414214 
1.414214 
1.118034 
1.118034 
0.500000 
0.500000 
1.414214 
1.414214 
1.414214 
1.414214 
1.414214 
1.414214 
0.500000 
0.500000 
0.707107 
0.707107 
0.500000 
0.500000 
0.707107 
0.707107 
0.707107 
0.707107 
1.414214 
1.414214 
0.500000 
0.500000 
1.414214 
1.414214 
1.414214 
1.414214 
1.414214 
1.414214 
0.500000 
0.500000 
0.707107 
0.707107 
8.062258 
8.062258 
0.707107 
0.707107 
1.000000 
1.000000 
1.414214 
1.414214 
0.500000 
0.500000 
1.414214 
1.414214 
1.414214 
1.414214 
1.414214 
1.414214 
1.118034 
1.118034 
0.000000 
0.000000 
0.707107 
0.707107 
2.236068 
2.236068 
1.000000 
1.000000 
0.707107 
0.707107 
1.414214 
1.414214 
1.414214 
1.414214 
1.414214 
1.414214 
1.414214 
1.414214 
1.000000 
1.000000 
2.121320 
2.121320 
0.707107 
0.707107 
1.414214 
1.414214 
0.500000 
0.500000 
0.000000 
0.000000 
1.414214 
1.414214 
1.414214 
1.414214 
1.414214 
1.414214 
1.414214 
1.414214 
0.707107 
0.707107 
3.535534 
3.535534 
0.707107 
0.707107 
4.272002 
4.272002 
0.000000 
0.000000 
1.118034 
1.118034 
1.414214 
1.414214 
1.414214 
1.414214 
1.414214 
1.414214 
1.500000 
1.500000 
2.915476 
2.915476 
0.707107 
0.707107 
0.500000 
0.500000 
0.500000 
0.500000 
3.535534 
3.535534 
1.414214 
1.414214 
1.414214 
1.414214 
1.581139 
1.581139 
0.000000 
0.000000 
2.500000 
2.500000 
0.707107 
0.707107 
0.707107 
0.707107 
0.500000 
0.500000 
0.500000 
0.500000 
1.414214 
1.414214 
1.414214 
1.414214 
1.581139 
1.581139 
0.000000 
0.000000 
6.670832 
6.670832 
0.707107 
0.707107 
1.118034 
1.118034 
0.500000 
0.500000 
5.024938 
5.024938 
1.414214 
1.414214 
1.414214 
1.414214 
1.500000 
1.500000 
0.000000 
0.000000 
3.354102 
3.354102 
0.707107 
0.707107 
1.581139 
1.581139 
1.000000 
1.000000 
2.915476 
2.915476 
1.414214 
1.414214 
1.414214 
1.414214 
2.236068 
2.236068 
0.000000 
0.000000 
1.802776 
1.802776 
0.707107 
0.707107 
1.000000 
1.000000 
0.000000 
0.000000 
2.915476 
2.915476 
1.414214 
1.414214 
1.414214 
1.414214 
4.031129 
4.031129 
0.000000 
0.000000 
7.071068 
7.071068 
0.707107 
0.707107 
3.162278 
3.162278 
0.000000 
0.000000 
3.354102 
3.354102 
1.414214 
1.414214 
1.414214 
1.414214 
1.581139 
1.581139 
0.000000 
0.000000 
0.000000 
0.000000 
1.581139 
1.581139 
0.707107 
0.707107 
0.500000 
0.500000 
0.000000 
0.000000 
2.236068 
2.236068 
1.414214 
1.414214 
1.414214 
1.414214 
3.000000 
3.000000 
0.000000 
0.000000 
0.707107 
0.707107 
0.000000 
0.000000 
1.581139 
1.581139 
0.707107 
0.707107 
3.640055 
3.640055 
0.000000 
0.000000 
1.500000 
1.500000 
1.414214 
1.414214 
3.041381 
3.041381 
1.414214 
1.414214 
0.707107 
0.707107 
0.000000 
0.000000 
1.581139 
1.581139 
2.500000 
2.500000 
0.000000 
0.000000 
7.017834 
7.017834 
1.414214 
1.414214 
2.500000 
2.500000 
1.414214 
1.414214 
0.707107 
0.707107 
0.000000 
0.000000 
1.581139 
1.581139 
2.236068 
2.236068 
0.000000 
0.000000 
1.500000 
1.500000 
5.522681 
5.522681 
1.414214 
1.414214 
0.707107 
0.707107 
0.000000 
0.000000 
1.581139 
1.581139 
2.828427 
2.828427 
0.000000 
0.000000 
2.549510 
2.549510 
3.041381 
3.041381 
1.414214 
1.414214 
0.707107 
0.707107 
0.000000 
0.000000 
1.581139 
1.581139 
2.500000 
2.500000 
0.000000 
0.000000 
2.500000 
2.500000 
3.041381 
3.041381 
1.414214 
1.414214 
0.707107 
0.707107 
0.000000 
0.000000 
1.581139 
1.581139 
5.385165 
5.385165 
0.000000 
0.000000 
7.017834 
7.017834 
7.762087 
7.762087 
1.414214 
1.414214 
0.707107 
0.707107 
0.000000 
0.000000 
1.581139 
1.581139 
1.581139 
1.581139 
0.000000 
0.000000 
1.118034 
1.118034 
2.236068 
2.236068 
1.414214 
1.414214 
0.707107 
0.707107 
0.000000 
0.000000 
1.581139 
1.581139 
1.581139 
1.581139 
0.000000 
0.000000 
5.000000 
5.000000 
6.103278 
6.103278 
1.414214 
1.414214 
0.707107 
0.707107 
0.000000 
0.000000 
1.581139 
1.581139 
2.549510 
2.549510 
0.000000 
0.000000 
2.121320 
2.121320 
2.549510 
2.549510 
1.414214 
1.414214 
0.707107 
0.707107 
1.581139 
1.581139 
2.828427 
2.828427 
0.000000 
0.000000 
1.500000 
1.500000 
1.500000 
1.500000 
1.414214 
1.414214 
0.707107 
0.707107 
1.581139 
1.581139 
2.915476 
2.915476 
0.000000 
0.000000 
1.581139 
1.581139 
3.500000 
3.500000 
