0.000000 
0.000000 
0.000000 
0.000000 
0.000000 
0.000000 
0.000000 
0.000000 
0.000000 
0.000000 
0.000000 
0.000000 
0.000000 
0.000000 
0.000000 
0.000000 
0.000000 
0.000000 
0.000000 
0.000000 
0.000000 
0.000000 
2.549510 
2.549510 
0.000000 
0.000000 
0.000000 
0.000000 
0.000000 
0.000000 
2.692582 
2.692582 
0.000000 
0.000000 
0.000000 
0.000000 
0.000000 
0.000000 
0.000000 
0.000000 
2.692582 
2.692582 
0.000000 
0.000000 
0.000000 
0.000000 
0.000000 
0.000000 
3.041381 
3.041381 
2.692582 
2.692582 
0.000000 
0.000000 
0.000000 
0.000000 
0.000000 
0.000000 
0.000000 
0.000000 
3.500000 
3.500000 
2.692582 
2.692582 
0.000000 
0.000000 
0.000000 
0.000000 
0.000000 
0.000000 
0.000000 
0.000000 
3.605551 
3.605551 
3.500000 
3.500000 
2.692582 
2.692582 
0.000000 
0.000000 
0.000000 
0.000000 
0.000000 
0.000000 
3.640055 
3.640055 
2.500000 
2.500000 
3.500000 
3.500000 
2.692582 
2.692582 
0.000000 
0.000000 
0.000000 
0.000000 
0.000000 
0.000000 
3.041381 
3.041381 
2.500000 
2.500000 
3.500000 
3.500000 
2.692582 
2.692582 
0.000000 
0.000000 
0.000000 
0.000000 
0.000000 
0.000000 
0.000000 
0.000000 
3.041381 
3.041381 
2.500000 
2.500000 
3.500000 
3.500000 
2.692582 
2.692582 
0.000000 
0.000000 
0.000000 
0.000000 
0.000000 
0.000000 
3.162278 
3.162278 
3.041381 
3.041381 
2.500000 
2.500000 
3.500000 
3.500000 
2.692582 
2.692582 
0.000000 
0.000000 
0.000000 
0.000000 
0.000000 
0.000000 
0.000000 
0.000000 
0.000000 
0.000000 
2.500000 
2.500000 
3.041381 
3.041381 
2.500000 
2.500000 
3.500000 
3.500000 
2.692582 
2.692582 
0.000000 
0.000000 
0.000000 
0.000000 
0.000000 
0.000000 
0.000000 
0.000000 
3.905125 
3.905125 
6.500000 
6.500000 
3.041381 
3.041381 
2.500000 
2.500000 
3.500000 
3.500000 
2.692582 
2.692582 
0.000000 
0.000000 
0.000000 
0.000000 
0.000000 
0.000000 
3.905125 
3.905125 
1.000000 
1.000000 
3.041381 
3.041381 
2.500000 
2.500000 
3.500000 
3.500000 
2.692582 
2.692582 
0.000000 
0.000000 
3.041381 
3.041381 
0.000000 
0.000000 
3.905125 
3.905125 
2.000000 
2.000000 
3.041381 
3.041381 
2.500000 
2.500000 
3.500000 
3.500000 
2.692582 
2.692582 
0.000000 
0.000000 
3.041381 
3.041381 
0.000000 
0.000000 
3.905125 
3.905125 
1.500000 
1.500000 
3.041381 
3.041381 
2.500000 
2.500000 
3.500000 
3.500000 
2.692582 
2.692582 
3.354102 
3.354102 
3.041381 
3.041381 
0.000000 
0.000000 
3.905125 
3.905125 
3.605551 
3.605551 
3.041381 
3.041381 
2.500000 
2.500000 
3.500000 
3.500000 
2.692582 
2.692582 
0.000000 
0.000000 
3.354102 
3.354102 
3.041381 
3.041381 
0.000000 
0.000000 
3.905125 
3.905125 
1.802776 
1.802776 
3.041381 
3.041381 
2.500000 
2.500000 
3.500000 
3.500000 
3.201562 
3.201562 
3.354102 
3.354102 
3.041381 
3.041381 
0.000000 
0.000000 
3.905125 
3.905125 
1.000000 
1.000000 
3.041381 
3.041381 
2.500000 
2.500000 
3.500000 
3.500000 
0.000000 
0.000000 
3.201562 
3.201562 
3.354102 
3.354102 
3.041381 
3.041381 
0.000000 
0.000000 
3.905125 
3.905125 
1.000000 
1.000000 
3.041381 
3.041381 
2.500000 
2.500000 
3.500000 
3.500000 
0.000000 
0.000000 
0.000000 
0.000000 
3.201562 
3.201562 
3.354102 
3.354102 
3.041381 
3.041381 
0.000000 
0.000000 
3.905125 
3.905125 
0.707107 
0.707107 
3.041381 
3.041381 
2.500000 
2.500000 
0.000000 
0.000000 
0.000000 
0.000000 
3.041381 
3.041381 
0.000000 
0.000000 
3.201562 
3.201562 
3.354102 
3.354102 
3.041381 
3.041381 
0.000000 
0.000000 
3.905125 
3.905125 
1.802776 
1.802776 
3.041381 
3.041381 
2.500000 
2.500000 
2.061553 
2.061553 
2.549510 
2.549510 
2.692582 
2.692582 
0.000000 
0.000000 
3.201562 
3.201562 
3.354102 
3.354102 
3.041381 
3.041381 
0.000000 
0.000000 
3.905125 
3.905125 
0.500000 
0.500000 
3.041381 
3.041381 
0.000000 
0.000000 
1.118034 
1.118034 
3.041381 
3.041381 
2.692582 
2.692582 
0.000000 
0.000000 
3.201562 
3.201562 
3.354102 
3.354102 
3.041381 
3.041381 
0.000000 
0.000000 
3.905125 
3.905125 
2.000000 
2.000000 
2.549510 
2.549510 
2.000000 
2.000000 
1.000000 
1.000000 
2.692582 
2.692582 
0.000000 
0.000000 
3.201562 
3.201562 
3.354102 
3.354102 
3.041381 
3.041381 
0.000000 
0.000000 
3.905125 
3.905125 
2.500000 
2.500000 
0.000000 
0.000000 
2.061553 
2.061553 
2.000000 
2.000000 
1.000000 
1.000000 
2.692582 
2.692582 
0.000000 
0.000000 
3.201562 
3.201562 
3.354102 
3.354102 
3.041381 
3.041381 
0.000000 
0.000000 
3.905125 
3.905125 
2.000000 
2.000000 
2.000000 
2.000000 
1.118034 
1.118034 
2.000000 
2.000000 
1.000000 
1.000000 
2.692582 
2.692582 
0.000000 
0.000000 
3.201562 
3.201562 
3.354102 
3.354102 
3.041381 
3.041381 
3.905125 
3.905125 
6.000000 
6.000000 
2.000000 
2.000000 
0.500000 
0.500000 
2.000000 
2.000000 
1.000000 
1.000000 
2.692582 
2.692582 
0.000000 
0.000000 
3.201562 
3.201562 
3.354102 
3.354102 
3.041381 
3.041381 
2.500000 
2.500000 
2.000000 
2.000000 
1.000000 
1.000000 
2.000000 
2.000000 
1.000000 
1.000000 
2.692582 
2.692582 
0.000000 
0.000000 
3.201562 
3.201562 
3.354102 
3.354102 
3.041381 
3.041381 
3.000000 
3.000000 
2.000000 
2.000000 
0.707107 
0.707107 
2.000000 
2.000000 
1.000000 
1.000000 
2.692582 
2.692582 
0.000000 
0.000000 
3.201562 
3.201562 
3.354102 
3.354102 
2.000000 
2.000000 
2.000000 
2.000000 
0.500000 
0.500000 
2.000000 
2.000000 
1.000000 
1.000000 
2.692582 
2.692582 
0.000000 
0.000000 
3.201562 
3.201562 
3.354102 
3.354102 
1.802776 
1.802776 
2.000000 
2.000000 
0.000000 
0.000000 
2.000000 
2.000000 
1.000000 
1.000000 
2.692582 
2.692582 
0.000000 
0.000000 
3.201562 
3.201562 
4.031129 
4.031129 
0.000000 
0.000000 
2.000000 
2.000000 
0.000000 
0.000000 
2.000000 
2.000000 
1.000000 
1.000000 
2.692582 
2.692582 
0.000000 
0.000000 
3.201562 
3.201562 
1.000000 
1.000000 
0.000000 
0.000000 
2.000000 
2.000000 
0.707107 
0.707107 
2.000000 
2.000000 
1.000000 
1.000000 
2.692582 
2.692582 
0.000000 
0.000000 
1.581139 
1.581139 
1.000000 
1.000000 
2.000000 
2.000000 
1.000000 
1.000000 
2.000000 
2.000000 
1.000000 
1.000000 
2.692582 
2.692582 
1.581139 
1.581139 
1.000000 
1.000000 
2.000000 
2.000000 
0.500000 
0.500000 
2.000000 
2.000000 
1.000000 
1.000000 
2.692582 
2.692582 
1.118034 
1.118034 
