0.000000 
0.000000 
0.000000 
0.000000 
0.000000 
0.000000 
0.000000 
0.000000 
0.000000 
0.000000 
5.852350 
5.852350 
0.000000 
0.000000 
0.000000 
0.000000 
8.015610 
8.015610 
0.000000 
0.000000 
0.000000 
0.000000 
0.000000 
0.000000 
0.000000 
0.000000 
1.581139 
1.581139 
0.000000 
0.000000 
0.000000 
0.000000 
0.000000 
0.000000 
8.276473 
8.276473 
2.549510 
2.549510 
0.000000 
0.000000 
0.000000 
0.000000 
1.581139 
1.581139 
2.236068 
2.236068 
2.500000 
2.500000 
3.041381 
3.041381 
4.123106 
4.123106 
9.000000 
9.000000 
0.000000 
0.000000 
0.000000 
0.000000 
1.802776 
1.802776 
2.692582 
2.692582 
1.118034 
1.118034 
5.700877 
5.700877 
5.408327 
5.408327 
1.500000 
1.500000 
0.000000 
0.000000 
0.000000 
0.000000 
8.015610 
8.015610 
1.802776 
1.802776 
1.581139 
1.581139 
1.118034 
1.118034 
2.000000 
2.000000 
0.707107 
0.707107 
0.000000 
0.000000 
0.000000 
0.000000 
3.640055 
3.640055 
0.000000 
0.000000 
1.000000 
1.000000 
7.071068 
7.071068 
1.581139 
1.581139 
1.581139 
1.581139 
1.000000 
1.000000 
0.000000 
0.000000 
0.000000 
0.000000 
3.640055 
3.640055 
4.031129 
4.031129 
0.500000 
0.500000 
2.061553 
2.061553 
3.535534 
3.535534 
3.000000 
3.000000 
2.061553 
2.061553 
0.000000 
0.000000 
0.000000 
0.000000 
3.640055 
3.640055 
0.000000 
0.000000 
4.031129 
4.031129 
1.500000 
1.500000 
3.162278 
3.162278 
2.236068 
2.236068 
2.061553 
2.061553 
2.121320 
2.121320 
0.000000 
0.000000 
0.000000 
0.000000 
3.640055 
3.640055 
0.000000 
0.000000 
4.031129 
4.031129 
4.031129 
4.031129 
2.500000 
2.500000 
7.516648 
7.516648 
2.061553 
2.061553 
3.500000 
3.500000 
6.000000 
6.000000 
0.000000 
0.000000 
0.000000 
0.000000 
3.640055 
3.640055 
0.000000 
0.000000 
2.549510 
2.549510 
4.031129 
4.031129 
4.031129 
4.031129 
2.000000 
2.000000 
1.581139 
1.581139 
3.807887 
3.807887 
7.615773 
7.615773 
2.549510 
2.549510 
0.000000 
0.000000 
0.000000 
0.000000 
3.640055 
3.640055 
0.000000 
0.000000 
0.000000 
0.000000 
0.000000 
0.000000 
2.549510 
2.549510 
4.031129 
4.031129 
4.031129 
4.031129 
1.000000 
1.000000 
2.236068 
2.236068 
3.807887 
3.807887 
6.082763 
6.082763 
2.549510 
2.549510 
0.000000 
0.000000 
0.000000 
0.000000 
3.640055 
3.640055 
2.236068 
2.236068 
3.500000 
3.500000 
0.000000 
0.000000 
2.236068 
2.236068 
4.031129 
4.031129 
4.031129 
4.031129 
1.000000 
1.000000 
2.549510 
2.549510 
3.807887 
3.807887 
2.692582 
2.692582 
3.041381 
3.041381 
0.000000 
0.000000 
0.000000 
0.000000 
3.640055 
3.640055 
0.000000 
0.000000 
2.549510 
2.549510 
3.500000 
3.500000 
0.000000 
0.000000 
2.236068 
2.236068 
4.031129 
4.031129 
4.031129 
4.031129 
5.024938 
5.024938 
7.017834 
7.017834 
3.807887 
3.807887 
4.031129 
4.031129 
1.581139 
1.581139 
2.236068 
2.236068 
3.640055 
3.640055 
3.535534 
3.535534 
2.549510 
2.549510 
3.500000 
3.500000 
0.000000 
0.000000 
2.236068 
2.236068 
4.031129 
4.031129 
4.031129 
4.031129 
2.549510 
2.549510 
2.061553 
2.061553 
3.807887 
3.807887 
2.692582 
2.692582 
7.000000 
7.000000 
3.640055 
3.640055 
3.640055 
3.640055 
0.000000 
0.000000 
0.000000 
0.000000 
0.000000 
0.000000 
3.535534 
3.535534 
2.549510 
2.549510 
3.500000 
3.500000 
0.000000 
0.000000 
2.236068 
2.236068 
4.031129 
4.031129 
4.031129 
4.031129 
2.692582 
2.692582 
2.500000 
2.500000 
3.807887 
3.807887 
6.500000 
6.500000 
7.000000 
7.000000 
3.640055 
3.640055 
3.640055 
3.640055 
0.000000 
0.000000 
0.000000 
0.000000 
0.000000 
0.000000 
0.000000 
0.000000 
3.535534 
3.535534 
2.549510 
2.549510 
3.500000 
3.500000 
0.000000 
0.000000 
2.236068 
2.236068 
4.031129 
4.031129 
4.031129 
4.031129 
9.552487 
9.552487 
1.581139 
1.581139 
3.807887 
3.807887 
4.272002 
4.272002 
7.000000 
7.000000 
3.640055 
3.640055 
3.640055 
3.640055 
3.000000 
3.000000 
0.000000 
0.000000 
0.000000 
0.000000 
0.000000 
0.000000 
3.535534 
3.535534 
2.549510 
2.549510 
3.500000 
3.500000 
0.000000 
0.000000 
2.236068 
2.236068 
4.031129 
4.031129 
4.031129 
4.031129 
2.549510 
2.549510 
1.581139 
1.581139 
3.807887 
3.807887 
3.162278 
3.162278 
7.000000 
7.000000 
3.640055 
3.640055 
3.640055 
3.640055 
0.000000 
0.000000 
0.000000 
0.000000 
3.000000 
3.000000 
0.000000 
0.000000 
0.000000 
0.000000 
0.000000 
0.000000 
3.535534 
3.535534 
2.549510 
2.549510 
3.500000 
3.500000 
0.000000 
0.000000 
2.236068 
2.236068 
4.031129 
4.031129 
4.031129 
4.031129 
2.549510 
2.549510 
1.581139 
1.581139 
3.807887 
3.807887 
6.082763 
6.082763 
7.000000 
7.000000 
3.640055 
3.640055 
3.640055 
3.640055 
0.000000 
0.000000 
0.000000 
0.000000 
0.000000 
0.000000 
3.000000 
3.000000 
0.000000 
0.000000 
0.000000 
0.000000 
0.000000 
0.000000 
3.535534 
3.535534 
2.549510 
2.549510 
3.500000 
3.500000 
0.000000 
0.000000 
2.236068 
2.236068 
4.031129 
4.031129 
4.031129 
4.031129 
2.549510 
2.549510 
1.581139 
1.581139 
3.807887 
3.807887 
2.500000 
2.500000 
7.000000 
7.000000 
3.640055 
3.640055 
3.640055 
3.640055 
0.000000 
0.000000 
2.692582 
2.692582 
0.000000 
0.000000 
0.000000 
0.000000 
3.000000 
3.000000 
0.000000 
0.000000 
0.000000 
0.000000 
0.000000 
0.000000 
3.535534 
3.535534 
2.549510 
2.549510 
3.500000 
3.500000 
0.000000 
0.000000 
2.236068 
2.236068 
4.031129 
4.031129 
4.031129 
4.031129 
2.549510 
2.549510 
1.581139 
1.581139 
3.807887 
3.807887 
2.061553 
2.061553 
7.000000 
7.000000 
3.640055 
3.640055 
0.000000 
0.000000 
0.000000 
0.000000 
3.354102 
3.354102 
2.692582 
2.692582 
0.000000 
0.000000 
0.000000 
0.000000 
3.000000 
3.000000 
0.000000 
0.000000 
0.000000 
0.000000 
0.000000 
0.000000 
3.535534 
3.535534 
2.549510 
2.549510 
3.500000 
3.500000 
0.000000 
0.000000 
2.236068 
2.236068 
4.031129 
4.031129 
4.031129 
4.031129 
2.549510 
2.549510 
1.581139 
1.581139 
3.807887 
3.807887 
2.236068 
2.236068 
7.000000 
7.000000 
3.640055 
3.640055 
0.000000 
0.000000 
3.535534 
3.535534 
2.500000 
2.500000 
7.017834 
7.017834 
2.692582 
2.692582 
0.000000 
0.000000 
0.000000 
0.000000 
3.000000 
3.000000 
0.000000 
0.000000 
0.000000 
0.000000 
0.000000 
0.000000 
3.535534 
3.535534 
2.549510 
2.549510 
3.500000 
3.500000 
0.000000 
0.000000 
2.236068 
2.236068 
4.031129 
4.031129 
2.549510 
2.549510 
1.581139 
1.581139 
3.807887 
3.807887 
5.099020 
5.099020 
7.000000 
7.000000 
3.640055 
3.640055 
2.500000 
2.500000 
10.511898 
10.511898 
5.590170 
5.590170 
1.581139 
1.581139 
2.692582 
2.692582 
0.000000 
0.000000 
0.000000 
0.000000 
3.000000 
3.000000 
0.000000 
0.000000 
0.000000 
0.000000 
0.000000 
0.000000 
3.535534 
3.535534 
2.549510 
2.549510 
3.500000 
3.500000 
0.000000 
0.000000 
2.236068 
2.236068 
4.031129 
4.031129 
3.500000 
3.500000 
1.581139 
1.581139 
3.807887 
3.807887 
5.099020 
5.099020 
7.000000 
7.000000 
3.640055 
3.640055 
0.000000 
0.000000 
2.500000 
2.500000 
10.511898 
10.511898 
5.590170 
5.590170 
2.061553 
2.061553 
2.692582 
2.692582 
0.000000 
0.000000 
0.000000 
0.000000 
3.000000 
3.000000 
8.381527 
8.381527 
0.000000 
0.000000 
0.000000 
0.000000 
3.535534 
3.535534 
2.549510 
2.549510 
3.500000 
3.500000 
0.000000 
0.000000 
2.236068 
2.236068 
3.500000 
3.500000 
1.581139 
1.581139 
3.807887 
3.807887 
5.099020 
5.099020 
7.000000 
7.000000 
3.640055 
3.640055 
2.121320 
2.121320 
2.500000 
2.500000 
10.511898 
10.511898 
5.590170 
5.590170 
3.000000 
3.000000 
2.915476 
2.915476 
0.000000 
0.000000 
0.000000 
0.000000 
3.000000 
3.000000 
3.500000 
3.500000 
0.000000 
0.000000 
0.000000 
0.000000 
3.535534 
3.535534 
2.549510 
2.549510 
3.500000 
3.500000 
2.236068 
2.236068 
3.500000 
3.500000 
1.581139 
1.581139 
5.099020 
5.099020 
7.000000 
7.000000 
3.640055 
3.640055 
0.000000 
0.000000 
0.000000 
0.000000 
2.500000 
2.500000 
2.500000 
2.500000 
10.511898 
10.511898 
5.590170 
5.590170 
2.549510 
2.549510 
2.915476 
2.915476 
0.000000 
0.000000 
0.000000 
0.000000 
3.000000 
3.000000 
2.915476 
2.915476 
0.000000 
0.000000 
0.000000 
0.000000 
3.535534 
3.535534 
2.549510 
2.549510 
3.500000 
3.500000 
2.236068 
2.236068 
3.500000 
3.500000 
1.581139 
1.581139 
5.099020 
5.099020 
7.000000 
7.000000 
3.640055 
3.640055 
0.000000 
0.000000 
1.802776 
1.802776 
4.123106 
4.123106 
6.576473 
6.576473 
2.500000 
2.500000 
10.511898 
10.511898 
5.590170 
5.590170 
5.500000 
5.500000 
2.915476 
2.915476 
0.000000 
0.000000 
0.000000 
0.000000 
3.000000 
3.000000 
2.915476 
2.915476 
0.000000 
0.000000 
0.000000 
0.000000 
3.535534 
3.535534 
2.549510 
2.549510 
3.500000 
3.500000 
1.581139 
1.581139 
5.099020 
5.099020 
7.000000 
7.000000 
3.640055 
3.640055 
0.000000 
0.000000 
0.000000 
0.000000 
3.605551 
3.605551 
3.000000 
3.000000 
4.123106 
4.123106 
10.049876 
10.049876 
2.500000 
2.500000 
10.511898 
10.511898 
5.590170 
5.590170 
3.535534 
3.535534 
2.915476 
2.915476 
0.000000 
0.000000 
0.000000 
0.000000 
3.000000 
3.000000 
2.915476 
2.915476 
0.000000 
0.000000 
0.000000 
0.000000 
3.535534 
3.535534 
3.500000 
3.500000 
1.581139 
1.581139 
5.099020 
5.099020 
7.000000 
7.000000 
3.640055 
3.640055 
0.000000 
0.000000 
0.000000 
0.000000 
0.000000 
0.000000 
3.640055 
3.640055 
2.061553 
2.061553 
3.000000 
3.000000 
4.123106 
4.123106 
10.049876 
10.049876 
2.500000 
2.500000 
10.511898 
10.511898 
5.590170 
5.590170 
3.000000 
3.000000 
2.915476 
2.915476 
0.000000 
0.000000 
0.000000 
0.000000 
3.000000 
3.000000 
2.915476 
2.915476 
0.000000 
0.000000 
0.000000 
0.000000 
3.500000 
3.500000 
1.581139 
1.581139 
5.099020 
5.099020 
0.000000 
0.000000 
0.000000 
0.000000 
0.000000 
0.000000 
3.640055 
3.640055 
0.000000 
0.000000 
0.000000 
0.000000 
3.640055 
3.640055 
2.061553 
2.061553 
3.000000 
3.000000 
4.123106 
4.123106 
10.049876 
10.049876 
2.500000 
2.500000 
10.511898 
10.511898 
5.590170 
5.590170 
1.581139 
1.581139 
2.915476 
2.915476 
0.000000 
0.000000 
0.000000 
0.000000 
3.000000 
3.000000 
2.915476 
2.915476 
3.500000 
3.500000 
1.581139 
1.581139 
5.099020 
5.099020 
0.000000 
0.000000 
0.000000 
0.000000 
0.000000 
0.000000 
0.000000 
0.000000 
0.000000 
0.000000 
0.000000 
0.000000 
4.031129 
4.031129 
2.549510 
2.549510 
0.000000 
0.000000 
0.000000 
0.000000 
3.640055 
3.640055 
2.061553 
2.061553 
3.000000 
3.000000 
4.123106 
4.123106 
10.049876 
10.049876 
2.500000 
2.500000 
10.511898 
10.511898 
5.590170 
5.590170 
7.017834 
7.017834 
2.915476 
2.915476 
0.000000 
0.000000 
0.000000 
0.000000 
3.000000 
3.000000 
2.915476 
2.915476 
3.500000 
3.500000 
5.099020 
5.099020 
0.000000 
0.000000 
0.000000 
0.000000 
0.000000 
0.000000 
2.549510 
2.549510 
3.535534 
3.535534 
2.500000 
2.500000 
0.000000 
0.000000 
0.000000 
0.000000 
0.000000 
0.000000 
4.031129 
4.031129 
2.549510 
2.549510 
0.000000 
0.000000 
0.000000 
0.000000 
3.640055 
3.640055 
2.061553 
2.061553 
3.000000 
3.000000 
4.123106 
4.123106 
10.049876 
10.049876 
2.500000 
2.500000 
10.511898 
10.511898 
5.590170 
5.590170 
2.549510 
2.549510 
2.915476 
2.915476 
0.000000 
0.000000 
0.000000 
0.000000 
2.915476 
2.915476 
3.500000 
3.500000 
5.099020 
5.099020 
0.000000 
0.000000 
0.500000 
0.500000 
2.549510 
2.549510 
2.000000 
2.000000 
2.549510 
2.549510 
3.500000 
3.500000 
2.500000 
2.500000 
0.000000 
0.000000 
0.000000 
0.000000 
0.000000 
0.000000 
4.031129 
4.031129 
2.549510 
2.549510 
0.000000 
0.000000 
0.000000 
0.000000 
3.640055 
3.640055 
2.061553 
2.061553 
3.000000 
3.000000 
4.123106 
4.123106 
10.049876 
10.049876 
2.500000 
2.500000 
10.511898 
10.511898 
5.590170 
5.590170 
2.236068 
2.236068 
2.915476 
2.915476 
2.915476 
2.915476 
3.500000 
3.500000 
5.099020 
5.099020 
0.000000 
0.000000 
1.581139 
1.581139 
0.500000 
0.500000 
3.640055 
3.640055 
2.236068 
2.236068 
2.000000 
2.000000 
3.500000 
3.500000 
2.500000 
2.500000 
0.000000 
0.000000 
0.000000 
0.000000 
0.000000 
0.000000 
4.031129 
4.031129 
2.549510 
2.549510 
0.000000 
0.000000 
0.000000 
0.000000 
3.640055 
3.640055 
2.061553 
2.061553 
3.000000 
3.000000 
4.123106 
4.123106 
10.049876 
10.049876 
2.500000 
2.500000 
10.511898 
10.511898 
5.590170 
5.590170 
2.061553 
2.061553 
2.915476 
2.915476 
2.915476 
2.915476 
3.500000 
3.500000 
5.099020 
5.099020 
0.000000 
0.000000 
0.000000 
0.000000 
4.123106 
4.123106 
2.061553 
2.061553 
0.707107 
0.707107 
3.640055 
3.640055 
2.692582 
2.692582 
2.000000 
2.000000 
3.500000 
3.500000 
2.500000 
2.500000 
0.000000 
0.000000 
0.000000 
0.000000 
0.000000 
0.000000 
4.031129 
4.031129 
2.549510 
2.549510 
0.000000 
0.000000 
0.000000 
0.000000 
3.640055 
3.640055 
2.061553 
2.061553 
3.000000 
3.000000 
4.123106 
4.123106 
10.049876 
10.049876 
2.500000 
2.500000 
10.511898 
10.511898 
5.590170 
5.590170 
0.707107 
0.707107 
2.915476 
2.915476 
2.915476 
2.915476 
3.500000 
3.500000 
5.099020 
5.099020 
0.000000 
0.000000 
1.000000 
1.000000 
2.000000 
2.000000 
4.123106 
4.123106 
1.414214 
1.414214 
6.020797 
6.020797 
3.640055 
3.640055 
1.118034 
1.118034 
2.000000 
2.000000 
3.500000 
3.500000 
2.500000 
2.500000 
0.000000 
0.000000 
0.000000 
0.000000 
0.000000 
0.000000 
4.031129 
4.031129 
2.549510 
2.549510 
0.000000 
0.000000 
0.000000 
0.000000 
3.640055 
3.640055 
2.061553 
2.061553 
3.000000 
3.000000 
4.123106 
4.123106 
10.049876 
10.049876 
2.500000 
2.500000 
10.511898 
10.511898 
5.590170 
5.590170 
0.500000 
0.500000 
2.915476 
2.915476 
2.915476 
2.915476 
3.500000 
3.500000 
5.099020 
5.099020 
