0.000000 
0.000000 
0.000000 
0.000000 
0.000000 
0.000000 
0.000000 
0.000000 
3.162278 
3.162278 
1.500000 
1.500000 
1.414214 
1.414214 
3.041381 
3.041381 
2.121320 
2.121320 
1.500000 
1.500000 
1.500000 
1.500000 
4.527693 
4.527693 
1.581139 
1.581139 
5.024938 
5.024938 
1.500000 
1.500000 
1.118034 
1.118034 
1.581139 
1.581139 
1.000000 
1.000000 
1.581139 
1.581139 
1.118034 
1.118034 
1.581139 
1.581139 
0.000000 
0.000000 
1.500000 
1.500000 
1.000000 
1.000000 
1.581139 
1.581139 
1.500000 
1.500000 
1.000000 
1.000000 
2.000000 
2.000000 
1.581139 
1.581139 
1.000000 
1.000000 
0.500000 
0.500000 
2.061553 
2.061553 
1.581139 
1.581139 
1.000000 
1.000000 
0.707107 
0.707107 
1.118034 
1.118034 
1.581139 
1.581139 
0.707107 
0.707107 
0.500000 
0.500000 
1.000000 
1.000000 
1.581139 
1.581139 
0.500000 
0.500000 
0.000000 
0.000000 
1.000000 
1.000000 
0.000000 
0.000000 
1.581139 
1.581139 
0.500000 
0.500000 
0.500000 
0.500000 
0.000000 
0.000000 
0.000000 
0.000000 
4.609772 
4.609772 
1.581139 
1.581139 
0.000000 
0.000000 
0.000000 
0.000000 
1.118034 
1.118034 
0.000000 
0.000000 
0.000000 
0.000000 
0.000000 
0.000000 
4.609772 
4.609772 
1.581139 
1.581139 
0.000000 
0.000000 
0.707107 
0.707107 
0.500000 
0.500000 
0.000000 
0.000000 
4.123106 
4.123106 
0.000000 
0.000000 
4.609772 
4.609772 
1.581139 
1.581139 
0.500000 
0.500000 
0.000000 
0.000000 
0.000000 
0.000000 
0.000000 
0.000000 
0.000000 
0.000000 
4.123106 
4.123106 
0.000000 
0.000000 
4.609772 
4.609772 
1.581139 
1.581139 
1.000000 
1.000000 
1.118034 
1.118034 
1.000000 
1.000000 
3.000000 
3.000000 
0.000000 
0.000000 
4.123106 
4.123106 
0.000000 
0.000000 
4.609772 
4.609772 
1.581139 
1.581139 
0.707107 
0.707107 
1.118034 
1.118034 
1.118034 
1.118034 
3.000000 
3.000000 
0.000000 
0.000000 
4.123106 
4.123106 
0.000000 
0.000000 
4.609772 
4.609772 
1.581139 
1.581139 
1.000000 
1.000000 
1.118034 
1.118034 
1.118034 
1.118034 
3.000000 
3.000000 
0.000000 
0.000000 
4.123106 
4.123106 
0.000000 
0.000000 
4.609772 
4.609772 
1.414214 
1.414214 
1.118034 
1.118034 
0.707107 
0.707107 
3.000000 
3.000000 
0.000000 
0.000000 
4.123106 
4.123106 
0.000000 
0.000000 
4.609772 
4.609772 
0.500000 
0.500000 
0.707107 
0.707107 
1.414214 
1.414214 
0.000000 
0.000000 
3.000000 
3.000000 
0.000000 
0.000000 
4.123106 
4.123106 
0.000000 
0.000000 
4.609772 
4.609772 
1.000000 
1.000000 
2.121320 
2.121320 
1.414214 
1.414214 
0.000000 
0.000000 
0.000000 
0.000000 
3.000000 
3.000000 
0.000000 
0.000000 
4.123106 
4.123106 
0.000000 
0.000000 
4.609772 
4.609772 
0.000000 
0.000000 
1.581139 
1.581139 
3.605551 
3.605551 
0.000000 
0.000000 
4.000000 
4.000000 
0.000000 
0.000000 
3.000000 
3.000000 
0.000000 
0.000000 
4.123106 
4.123106 
0.000000 
0.000000 
4.609772 
4.609772 
1.000000 
1.000000 
1.581139 
1.581139 
1.581139 
1.581139 
0.000000 
0.000000 
0.000000 
0.000000 
1.414214 
1.414214 
4.000000 
4.000000 
0.000000 
0.000000 
3.000000 
3.000000 
0.000000 
0.000000 
4.123106 
4.123106 
0.000000 
0.000000 
4.609772 
4.609772 
0.707107 
0.707107 
1.581139 
1.581139 
0.500000 
0.500000 
0.000000 
0.000000 
3.500000 
3.500000 
1.581139 
1.581139 
4.000000 
4.000000 
0.000000 
0.000000 
3.000000 
3.000000 
0.000000 
0.000000 
4.123106 
4.123106 
0.000000 
0.000000 
4.609772 
4.609772 
0.707107 
0.707107 
1.581139 
1.581139 
1.118034 
1.118034 
0.000000 
0.000000 
0.000000 
0.000000 
3.500000 
3.500000 
2.000000 
2.000000 
4.000000 
4.000000 
0.000000 
0.000000 
3.000000 
3.000000 
0.000000 
0.000000 
4.123106 
4.123106 
0.000000 
0.000000 
4.609772 
4.609772 
0.707107 
0.707107 
1.581139 
1.581139 
3.041381 
3.041381 
0.000000 
0.000000 
3.640055 
3.640055 
0.000000 
0.000000 
3.500000 
3.500000 
1.500000 
1.500000 
4.000000 
4.000000 
0.000000 
0.000000 
3.000000 
3.000000 
0.000000 
0.000000 
4.123106 
4.123106 
0.000000 
0.000000 
4.609772 
4.609772 
0.000000 
0.000000 
1.581139 
1.581139 
0.707107 
0.707107 
0.000000 
0.000000 
0.000000 
0.000000 
3.640055 
3.640055 
0.000000 
0.000000 
3.500000 
3.500000 
1.802776 
1.802776 
4.000000 
4.000000 
0.000000 
0.000000 
3.000000 
3.000000 
0.000000 
0.000000 
4.123106 
4.123106 
0.500000 
0.500000 
1.581139 
1.581139 
2.500000 
2.500000 
4.123106 
4.123106 
0.500000 
0.500000 
3.640055 
3.640055 
0.000000 
0.000000 
3.500000 
3.500000 
1.414214 
1.414214 
4.000000 
4.000000 
0.000000 
0.000000 
3.000000 
3.000000 
4.123106 
4.123106 
0.500000 
0.500000 
1.581139 
1.581139 
0.500000 
0.500000 
0.000000 
0.000000 
4.123106 
4.123106 
0.500000 
0.500000 
3.640055 
3.640055 
0.000000 
0.000000 
3.500000 
3.500000 
1.000000 
1.000000 
4.000000 
4.000000 
0.000000 
0.000000 
3.000000 
3.000000 
0.500000 
0.500000 
1.581139 
1.581139 
1.118034 
1.118034 
3.041381 
3.041381 
4.123106 
4.123106 
0.500000 
0.500000 
3.640055 
3.640055 
0.000000 
0.000000 
3.500000 
3.500000 
4.031129 
4.031129 
4.000000 
4.000000 
0.000000 
0.000000 
3.000000 
3.000000 
4.123106 
4.123106 
1.581139 
1.581139 
0.707107 
0.707107 
0.000000 
0.000000 
3.535534 
3.535534 
4.123106 
4.123106 
0.500000 
0.500000 
3.640055 
3.640055 
0.000000 
0.000000 
3.500000 
3.500000 
0.500000 
0.500000 
4.000000 
4.000000 
0.000000 
0.000000 
0.500000 
0.500000 
1.581139 
1.581139 
1.414214 
1.414214 
0.000000 
0.000000 
0.500000 
0.500000 
3.535534 
3.535534 
4.123106 
4.123106 
0.500000 
0.500000 
3.640055 
3.640055 
0.000000 
0.000000 
3.500000 
3.500000 
1.118034 
1.118034 
4.000000 
4.000000 
0.000000 
0.000000 
0.707107 
0.707107 
1.581139 
1.581139 
1.118034 
1.118034 
4.000000 
4.000000 
0.500000 
0.500000 
3.535534 
3.535534 
4.123106 
4.123106 
0.500000 
0.500000 
3.640055 
3.640055 
0.000000 
0.000000 
3.500000 
3.500000 
0.000000 
0.000000 
4.000000 
4.000000 
0.000000 
0.000000 
0.500000 
0.500000 
1.581139 
1.581139 
1.118034 
1.118034 
0.000000 
0.000000 
4.000000 
4.000000 
0.500000 
0.500000 
3.535534 
3.535534 
4.123106 
4.123106 
0.500000 
0.500000 
3.640055 
3.640055 
0.000000 
0.000000 
3.500000 
3.500000 
1.500000 
1.500000 
4.000000 
4.000000 
0.000000 
0.000000 
1.000000 
1.000000 
1.581139 
1.581139 
0.707107 
0.707107 
4.031129 
4.031129 
4.000000 
4.000000 
0.500000 
0.500000 
3.535534 
3.535534 
4.123106 
4.123106 
0.500000 
0.500000 
3.640055 
3.640055 
0.000000 
0.000000 
3.500000 
3.500000 
1.581139 
1.581139 
4.000000 
4.000000 
1.118034 
1.118034 
1.581139 
1.581139 
1.118034 
1.118034 
4.031129 
4.031129 
4.000000 
4.000000 
0.000000 
0.000000 
3.535534 
3.535534 
4.123106 
4.123106 
0.500000 
0.500000 
3.640055 
3.640055 
0.000000 
0.000000 
3.500000 
3.500000 
0.707107 
0.707107 
4.000000 
4.000000 
1.000000 
1.000000 
0.707107 
0.707107 
0.000000 
0.000000 
4.031129 
4.031129 
4.000000 
4.000000 
0.707107 
0.707107 
3.535534 
3.535534 
4.123106 
4.123106 
0.500000 
0.500000 
3.640055 
3.640055 
0.000000 
0.000000 
3.500000 
3.500000 
1.118034 
1.118034 
0.500000 
0.500000 
0.707107 
0.707107 
3.807887 
3.807887 
4.031129 
4.031129 
4.000000 
4.000000 
0.707107 
0.707107 
3.535534 
3.535534 
4.123106 
4.123106 
0.500000 
0.500000 
3.640055 
3.640055 
3.500000 
3.500000 
1.118034 
1.118034 
1.000000 
1.000000 
0.707107 
0.707107 
