0.000000 
0.000000 
0.000000 
0.000000 
0.000000 
0.000000 
0.000000 
0.000000 
0.000000 
0.000000 
0.000000 
0.000000 
0.000000 
0.000000 
0.000000 
0.000000 
0.000000 
0.000000 
0.000000 
0.000000 
0.500000 
0.500000 
0.500000 
0.500000 
0.500000 
0.500000 
0.500000 
0.500000 
1.802776 
1.802776 
0.707107 
0.707107 
1.581139 
1.581139 
1.000000 
1.000000 
1.118034 
1.118034 
1.118034 
1.118034 
0.000000 
0.000000 
0.000000 
0.000000 
0.500000 
0.500000 
0.500000 
0.500000 
0.500000 
0.500000 
1.118034 
1.118034 
1.000000 
1.000000 
0.500000 
0.500000 
1.118034 
1.118034 
0.707107 
0.707107 
2.500000 
2.500000 
0.000000 
0.000000 
2.000000 
2.000000 
0.707107 
0.707107 
1.118034 
1.118034 
0.500000 
0.500000 
1.118034 
1.118034 
1.802776 
1.802776 
0.500000 
0.500000 
1.118034 
1.118034 
1.118034 
1.118034 
1.414214 
1.414214 
1.118034 
1.118034 
0.000000 
0.000000 
0.707107 
0.707107 
2.000000 
2.000000 
0.707107 
0.707107 
0.000000 
0.000000 
0.500000 
0.500000 
1.000000 
1.000000 
1.500000 
1.500000 
0.500000 
0.500000 
0.500000 
0.500000 
1.118034 
1.118034 
0.707107 
0.707107 
1.118034 
1.118034 
1.500000 
1.500000 
1.118034 
1.118034 
2.000000 
2.000000 
0.707107 
0.707107 
0.000000 
0.000000 
0.500000 
0.500000 
2.061553 
2.061553 
1.500000 
1.500000 
0.500000 
0.500000 
1.000000 
1.000000 
1.118034 
1.118034 
1.802776 
1.802776 
0.707107 
0.707107 
0.000000 
0.000000 
1.500000 
1.500000 
1.118034 
1.118034 
2.000000 
2.000000 
0.707107 
0.707107 
0.000000 
0.000000 
0.500000 
0.500000 
1.118034 
1.118034 
1.500000 
1.500000 
0.500000 
0.500000 
0.500000 
0.500000 
1.118034 
1.118034 
1.000000 
1.000000 
0.500000 
0.500000 
1.581139 
1.581139 
1.500000 
1.500000 
1.118034 
1.118034 
2.000000 
2.000000 
0.707107 
0.707107 
0.000000 
0.000000 
0.500000 
0.500000 
2.121320 
2.121320 
1.500000 
1.500000 
0.500000 
0.500000 
2.549510 
2.549510 
1.118034 
1.118034 
0.707107 
0.707107 
0.500000 
0.500000 
0.000000 
0.000000 
0.000000 
0.000000 
1.581139 
1.581139 
1.500000 
1.500000 
1.118034 
1.118034 
2.000000 
2.000000 
0.707107 
0.707107 
0.000000 
0.000000 
0.500000 
0.500000 
1.581139 
1.581139 
1.500000 
1.500000 
0.500000 
0.500000 
1.000000 
1.000000 
1.118034 
1.118034 
0.500000 
0.500000 
0.500000 
0.500000 
4.609772 
4.609772 
2.000000 
2.000000 
1.581139 
1.581139 
1.500000 
1.500000 
1.118034 
1.118034 
2.000000 
2.000000 
0.707107 
0.707107 
0.000000 
0.000000 
0.500000 
0.500000 
2.061553 
2.061553 
1.500000 
1.500000 
0.500000 
0.500000 
0.000000 
0.000000 
1.118034 
1.118034 
1.118034 
1.118034 
0.707107 
0.707107 
0.000000 
0.000000 
0.000000 
0.000000 
0.707107 
0.707107 
2.000000 
2.000000 
1.581139 
1.581139 
1.500000 
1.500000 
1.118034 
1.118034 
2.000000 
2.000000 
0.707107 
0.707107 
0.000000 
0.000000 
0.500000 
0.500000 
2.061553 
2.061553 
1.500000 
1.500000 
0.500000 
0.500000 
4.242641 
4.242641 
1.118034 
1.118034 
1.000000 
1.000000 
1.118034 
1.118034 
1.118034 
1.118034 
1.802776 
1.802776 
1.118034 
1.118034 
2.000000 
2.000000 
1.581139 
1.581139 
1.500000 
1.500000 
1.118034 
1.118034 
2.000000 
2.000000 
0.707107 
0.707107 
0.000000 
0.000000 
0.500000 
0.500000 
2.061553 
2.061553 
1.500000 
1.500000 
0.500000 
0.500000 
0.000000 
0.000000 
1.118034 
1.118034 
4.500000 
4.500000 
1.581139 
1.581139 
2.061553 
2.061553 
2.000000 
2.000000 
4.000000 
4.000000 
2.000000 
2.000000 
1.581139 
1.581139 
1.500000 
1.500000 
1.118034 
1.118034 
2.000000 
2.000000 
0.707107 
0.707107 
0.000000 
0.000000 
0.500000 
0.500000 
2.061553 
2.061553 
1.500000 
1.500000 
0.500000 
0.500000 
0.500000 
0.500000 
1.118034 
1.118034 
0.500000 
0.500000 
2.000000 
2.000000 
0.000000 
0.000000 
2.061553 
2.061553 
2.061553 
2.061553 
0.500000 
0.500000 
2.000000 
2.000000 
1.581139 
1.581139 
1.500000 
1.500000 
1.118034 
1.118034 
2.000000 
2.000000 
0.707107 
0.707107 
0.000000 
0.000000 
0.500000 
0.500000 
2.061553 
2.061553 
1.500000 
1.500000 
0.500000 
0.500000 
0.707107 
0.707107 
1.118034 
1.118034 
1.000000 
1.000000 
1.414214 
1.414214 
0.000000 
0.000000 
0.000000 
0.000000 
2.061553 
2.061553 
2.500000 
2.500000 
0.500000 
0.500000 
2.000000 
2.000000 
1.581139 
1.581139 
1.500000 
1.500000 
1.118034 
1.118034 
2.000000 
2.000000 
0.707107 
0.707107 
0.000000 
0.000000 
0.500000 
0.500000 
2.061553 
2.061553 
1.500000 
1.500000 
0.500000 
0.500000 
1.000000 
1.000000 
1.118034 
1.118034 
0.707107 
0.707107 
4.123106 
4.123106 
1.000000 
1.000000 
0.000000 
0.000000 
2.061553 
2.061553 
2.500000 
2.500000 
0.500000 
0.500000 
2.000000 
2.000000 
1.581139 
1.581139 
1.500000 
1.500000 
1.118034 
1.118034 
2.000000 
2.000000 
0.707107 
0.707107 
0.000000 
0.000000 
0.500000 
0.500000 
2.061553 
2.061553 
1.500000 
1.500000 
0.500000 
0.500000 
1.000000 
1.000000 
1.118034 
1.118034 
1.118034 
1.118034 
0.500000 
0.500000 
0.000000 
0.000000 
1.118034 
1.118034 
0.000000 
0.000000 
2.061553 
2.061553 
2.500000 
2.500000 
0.707107 
0.707107 
2.000000 
2.000000 
1.581139 
1.581139 
1.500000 
1.500000 
1.118034 
1.118034 
2.000000 
2.000000 
0.707107 
0.707107 
0.000000 
0.000000 
0.500000 
0.500000 
2.061553 
2.061553 
1.500000 
1.500000 
0.500000 
0.500000 
0.500000 
0.500000 
1.118034 
1.118034 
1.118034 
1.118034 
2.549510 
2.549510 
0.000000 
0.000000 
2.500000 
2.500000 
1.118034 
1.118034 
0.000000 
0.000000 
2.061553 
2.061553 
2.500000 
2.500000 
0.707107 
0.707107 
2.000000 
2.000000 
1.581139 
1.581139 
1.500000 
1.500000 
1.118034 
1.118034 
2.000000 
2.000000 
0.707107 
0.707107 
0.000000 
0.000000 
2.061553 
2.061553 
1.500000 
1.500000 
0.500000 
0.500000 
0.707107 
0.707107 
1.500000 
1.500000 
1.118034 
1.118034 
0.000000 
0.000000 
1.118034 
1.118034 
2.915476 
2.915476 
1.118034 
1.118034 
0.000000 
0.000000 
2.061553 
2.061553 
2.500000 
2.500000 
0.707107 
0.707107 
2.000000 
2.000000 
1.581139 
1.581139 
1.500000 
1.500000 
1.118034 
1.118034 
0.000000 
0.000000 
2.061553 
2.061553 
1.500000 
1.500000 
0.707107 
0.707107 
1.000000 
1.000000 
1.414214 
1.414214 
1.581139 
1.581139 
1.118034 
1.118034 
2.692582 
2.692582 
1.118034 
1.118034 
0.000000 
0.000000 
2.061553 
2.061553 
2.500000 
2.500000 
0.707107 
0.707107 
2.000000 
2.000000 
1.581139 
1.581139 
1.500000 
1.500000 
1.118034 
1.118034 
2.061553 
2.061553 
0.707107 
0.707107 
1.118034 
1.118034 
4.000000 
4.000000 
0.000000 
0.000000 
0.000000 
0.000000 
1.000000 
1.000000 
1.118034 
1.118034 
2.692582 
2.692582 
1.118034 
1.118034 
0.000000 
0.000000 
2.061553 
2.061553 
2.500000 
2.500000 
0.707107 
0.707107 
2.000000 
2.000000 
1.581139 
1.581139 
1.118034 
1.118034 
2.061553 
2.061553 
0.707107 
0.707107 
1.000000 
1.000000 
4.000000 
4.000000 
3.000000 
3.000000 
1.414214 
1.414214 
1.000000 
1.000000 
1.118034 
1.118034 
2.692582 
2.692582 
1.118034 
1.118034 
0.000000 
0.000000 
2.061553 
2.061553 
2.500000 
2.500000 
0.707107 
0.707107 
2.000000 
2.000000 
1.581139 
1.581139 
2.061553 
2.061553 
0.707107 
0.707107 
1.118034 
1.118034 
4.000000 
4.000000 
3.162278 
3.162278 
2.692582 
2.692582 
0.707107 
0.707107 
1.118034 
1.118034 
2.692582 
2.692582 
1.118034 
1.118034 
0.000000 
0.000000 
2.061553 
2.061553 
2.500000 
2.500000 
0.707107 
0.707107 
2.000000 
2.000000 
2.061553 
2.061553 
0.707107 
0.707107 
1.000000 
1.000000 
4.000000 
4.000000 
0.000000 
0.000000 
0.000000 
0.000000 
3.162278 
3.162278 
1.581139 
1.581139 
0.707107 
0.707107 
1.118034 
1.118034 
2.692582 
2.692582 
1.118034 
1.118034 
0.000000 
0.000000 
2.061553 
2.061553 
2.500000 
2.500000 
0.707107 
0.707107 
2.000000 
2.000000 
2.061553 
2.061553 
0.707107 
0.707107 
3.500000 
3.500000 
4.000000 
4.000000 
0.000000 
0.000000 
0.000000 
0.000000 
1.500000 
1.500000 
1.500000 
1.500000 
3.162278 
3.162278 
1.581139 
1.581139 
0.000000 
0.000000 
1.118034 
1.118034 
2.692582 
2.692582 
1.118034 
1.118034 
0.000000 
0.000000 
2.061553 
2.061553 
2.500000 
2.500000 
0.707107 
0.707107 
0.707107 
0.707107 
1.118034 
1.118034 
4.000000 
4.000000 
1.118034 
1.118034 
0.707107 
0.707107 
2.000000 
2.000000 
3.535534 
3.535534 
3.162278 
3.162278 
1.581139 
1.581139 
2.692582 
2.692582 
1.118034 
1.118034 
2.692582 
2.692582 
1.118034 
1.118034 
0.000000 
0.000000 
2.061553 
2.061553 
2.500000 
2.500000 
0.707107 
0.707107 
0.707107 
0.707107 
0.707107 
0.707107 
4.000000 
4.000000 
1.000000 
1.000000 
1.000000 
1.000000 
0.707107 
0.707107 
2.692582 
2.692582 
3.162278 
3.162278 
1.581139 
1.581139 
0.000000 
0.000000 
1.118034 
1.118034 
2.692582 
2.692582 
1.118034 
1.118034 
0.000000 
0.000000 
2.061553 
2.061553 
2.500000 
2.500000 
0.707107 
0.707107 
0.707107 
0.707107 
1.118034 
1.118034 
4.000000 
4.000000 
0.000000 
0.000000 
1.118034 
1.118034 
0.000000 
0.000000 
4.527693 
4.527693 
2.692582 
2.692582 
3.162278 
3.162278 
1.581139 
1.581139 
1.118034 
1.118034 
1.118034 
1.118034 
2.692582 
2.692582 
1.118034 
1.118034 
0.000000 
0.000000 
2.500000 
2.500000 
0.707107 
0.707107 
0.707107 
0.707107 
2.061553 
2.061553 
4.000000 
4.000000 
3.041381 
3.041381 
1.118034 
1.118034 
1.414214 
1.414214 
1.118034 
1.118034 
2.692582 
2.692582 
3.162278 
3.162278 
1.581139 
1.581139 
1.500000 
1.500000 
1.118034 
1.118034 
2.692582 
2.692582 
1.118034 
1.118034 
2.500000 
2.500000 
0.707107 
0.707107 
0.707107 
0.707107 
1.118034 
1.118034 
4.000000 
4.000000 
0.000000 
0.000000 
3.041381 
3.041381 
0.500000 
0.500000 
0.000000 
0.000000 
6.000000 
6.000000 
2.692582 
2.692582 
3.162278 
3.162278 
1.581139 
1.581139 
1.500000 
1.500000 
1.118034 
1.118034 
2.692582 
2.692582 
1.118034 
1.118034 
0.707107 
0.707107 
0.707107 
0.707107 
1.118034 
1.118034 
4.000000 
4.000000 
3.000000 
3.000000 
3.041381 
3.041381 
4.472136 
4.472136 
0.000000 
0.000000 
1.118034 
1.118034 
2.692582 
2.692582 
3.162278 
3.162278 
1.581139 
1.581139 
1.118034 
1.118034 
1.118034 
1.118034 
2.692582 
2.692582 
1.118034 
1.118034 
0.707107 
0.707107 
0.707107 
0.707107 
1.118034 
1.118034 
4.000000 
4.000000 
3.807887 
3.807887 
3.041381 
3.041381 
1.500000 
1.500000 
0.500000 
0.500000 
5.500000 
5.500000 
2.692582 
2.692582 
3.162278 
3.162278 
1.581139 
1.581139 
1.500000 
1.500000 
1.118034 
1.118034 
2.692582 
2.692582 
0.707107 
0.707107 
0.500000 
0.500000 
4.000000 
4.000000 
3.807887 
3.807887 
3.041381 
3.041381 
1.000000 
1.000000 
0.000000 
0.000000 
1.118034 
1.118034 
2.692582 
2.692582 
3.162278 
3.162278 
1.581139 
1.581139 
2.061553 
2.061553 
1.118034 
1.118034 
2.692582 
2.692582 
3.201562 
3.201562 
4.000000 
4.000000 
0.000000 
0.000000 
0.000000 
0.000000 
0.000000 
0.000000 
3.807887 
3.807887 
3.041381 
3.041381 
0.500000 
0.500000 
0.000000 
0.000000 
1.118034 
1.118034 
2.692582 
2.692582 
3.162278 
3.162278 
1.581139 
1.581139 
4.123106 
4.123106 
2.692582 
2.692582 
3.201562 
3.201562 
4.000000 
4.000000 
1.581139 
1.581139 
1.118034 
1.118034 
7.905694 
7.905694 
3.807887 
3.807887 
3.041381 
3.041381 
0.500000 
0.500000 
0.000000 
0.000000 
1.118034 
1.118034 
2.692582 
2.692582 
3.162278 
3.162278 
1.581139 
1.581139 
0.707107 
0.707107 
3.201562 
3.201562 
1.000000 
1.000000 
5.000000 
5.000000 
2.500000 
2.500000 
3.807887 
3.807887 
3.041381 
3.041381 
1.581139 
1.581139 
0.000000 
0.000000 
1.118034 
1.118034 
2.692582 
2.692582 
3.162278 
3.162278 
1.581139 
1.581139 
0.707107 
0.707107 
3.201562 
3.201562 
0.000000 
0.000000 
1.000000 
1.000000 
1.118034 
1.118034 
2.500000 
2.500000 
3.807887 
3.807887 
3.041381 
3.041381 
2.061553 
2.061553 
0.000000 
0.000000 
1.118034 
1.118034 
2.692582 
2.692582 
3.162278 
3.162278 
1.581139 
1.581139 
4.500000 
4.500000 
3.201562 
3.201562 
0.000000 
0.000000 
0.000000 
0.000000 
0.000000 
0.000000 
1.000000 
1.000000 
1.118034 
1.118034 
2.500000 
2.500000 
3.807887 
3.807887 
3.041381 
3.041381 
1.000000 
1.000000 
0.000000 
0.000000 
1.118034 
1.118034 
2.692582 
2.692582 
1.581139 
1.581139 
1.000000 
1.000000 
3.201562 
3.201562 
0.000000 
0.000000 
1.118034 
1.118034 
0.000000 
0.000000 
3.605551 
3.605551 
1.000000 
1.000000 
1.118034 
1.118034 
2.500000 
2.500000 
3.807887 
3.807887 
3.041381 
3.041381 
1.500000 
1.500000 
0.000000 
0.000000 
1.118034 
1.118034 
2.692582 
2.692582 
2.500000 
2.500000 
3.201562 
3.201562 
