0.000000 
0.000000 
0.000000 
0.000000 
0.000000 
0.000000 
0.000000 
0.000000 
0.000000 
0.000000 
0.000000 
0.000000 
0.000000 
0.000000 
0.707107 
0.707107 
0.000000 
0.000000 
1.118034 
1.118034 
2.500000 
2.500000 
3.535534 
3.535534 
0.000000 
0.000000 
0.707107 
0.707107 
0.500000 
0.500000 
4.031129 
4.031129 
0.000000 
0.000000 
5.024938 
5.024938 
3.535534 
3.535534 
0.000000 
0.000000 
0.707107 
0.707107 
0.500000 
0.500000 
1.500000 
1.500000 
4.123106 
4.123106 
1.118034 
1.118034 
3.535534 
3.535534 
0.000000 
0.000000 
0.707107 
0.707107 
0.500000 
0.500000 
1.581139 
1.581139 
4.123106 
4.123106 
1.000000 
1.000000 
3.535534 
3.535534 
0.000000 
0.000000 
0.707107 
0.707107 
0.500000 
0.500000 
3.500000 
3.500000 
0.000000 
0.000000 
0.000000 
0.000000 
4.123106 
4.123106 
4.031129 
4.031129 
3.535534 
3.535534 
0.000000 
0.000000 
0.707107 
0.707107 
1.118034 
1.118034 
1.118034 
1.118034 
0.000000 
0.000000 
1.581139 
1.581139 
4.123106 
4.123106 
2.500000 
2.500000 
3.535534 
3.535534 
0.000000 
0.000000 
0.707107 
0.707107 
1.500000 
1.500000 
0.500000 
0.500000 
0.000000 
0.000000 
1.581139 
1.581139 
4.123106 
4.123106 
1.118034 
1.118034 
3.535534 
3.535534 
0.000000 
0.000000 
0.707107 
0.707107 
1.500000 
1.500000 
0.707107 
0.707107 
0.000000 
0.000000 
0.000000 
0.000000 
1.581139 
1.581139 
4.123106 
4.123106 
3.640055 
3.640055 
3.535534 
3.535534 
0.000000 
0.000000 
0.707107 
0.707107 
1.500000 
1.500000 
1.500000 
1.500000 
1.500000 
1.500000 
0.000000 
0.000000 
1.581139 
1.581139 
4.123106 
4.123106 
1.118034 
1.118034 
3.535534 
3.535534 
0.000000 
0.000000 
0.707107 
0.707107 
1.500000 
1.500000 
0.707107 
0.707107 
0.000000 
0.000000 
1.000000 
1.000000 
0.000000 
0.000000 
1.581139 
1.581139 
4.123106 
4.123106 
1.000000 
1.000000 
3.535534 
3.535534 
0.000000 
0.000000 
0.707107 
0.707107 
1.500000 
1.500000 
0.500000 
0.500000 
0.000000 
0.000000 
1.500000 
1.500000 
0.000000 
0.000000 
1.581139 
1.581139 
4.123106 
4.123106 
1.000000 
1.000000 
3.535534 
3.535534 
0.000000 
0.000000 
0.707107 
0.707107 
1.500000 
1.500000 
0.500000 
0.500000 
0.000000 
0.000000 
1.500000 
1.500000 
1.500000 
1.500000 
0.000000 
0.000000 
1.581139 
1.581139 
4.123106 
4.123106 
3.640055 
3.640055 
3.535534 
3.535534 
0.000000 
0.000000 
0.707107 
0.707107 
1.500000 
1.500000 
0.500000 
0.500000 
1.118034 
1.118034 
0.500000 
0.500000 
1.500000 
1.500000 
0.000000 
0.000000 
1.581139 
1.581139 
4.123106 
4.123106 
1.581139 
1.581139 
3.535534 
3.535534 
0.000000 
0.000000 
0.707107 
0.707107 
1.500000 
1.500000 
2.121320 
2.121320 
1.500000 
1.500000 
0.500000 
0.500000 
1.500000 
1.500000 
0.000000 
0.000000 
1.581139 
1.581139 
4.123106 
4.123106 
0.500000 
0.500000 
3.535534 
3.535534 
0.707107 
0.707107 
1.500000 
1.500000 
0.000000 
0.000000 
3.640055 
3.640055 
0.500000 
0.500000 
1.500000 
1.500000 
0.000000 
0.000000 
1.581139 
1.581139 
4.123106 
4.123106 
1.500000 
1.500000 
3.535534 
3.535534 
1.500000 
1.500000 
0.500000 
0.500000 
4.716991 
4.716991 
1.118034 
1.118034 
1.500000 
1.500000 
0.000000 
0.000000 
1.581139 
1.581139 
4.123106 
4.123106 
1.000000 
1.000000 
1.500000 
1.500000 
0.000000 
0.000000 
2.500000 
2.500000 
0.500000 
0.500000 
1.500000 
1.500000 
0.000000 
0.000000 
1.581139 
1.581139 
4.123106 
4.123106 
1.118034 
1.118034 
1.500000 
1.500000 
0.500000 
0.500000 
0.000000 
0.000000 
1.500000 
1.500000 
1.118034 
1.118034 
1.500000 
1.500000 
0.000000 
0.000000 
1.581139 
1.581139 
3.041381 
3.041381 
1.500000 
1.500000 
0.000000 
0.000000 
1.118034 
1.118034 
0.500000 
0.500000 
1.581139 
1.581139 
1.500000 
1.500000 
0.000000 
0.000000 
1.581139 
1.581139 
0.707107 
0.707107 
1.500000 
1.500000 
1.000000 
1.000000 
2.061553 
2.061553 
3.041381 
3.041381 
1.581139 
1.581139 
1.500000 
1.500000 
1.581139 
1.581139 
0.500000 
0.500000 
1.500000 
1.500000 
0.500000 
0.500000 
0.000000 
0.000000 
2.061553 
2.061553 
4.031129 
4.031129 
1.581139 
1.581139 
1.500000 
1.500000 
0.500000 
0.500000 
3.640055 
3.640055 
1.581139 
1.581139 
2.061553 
2.061553 
1.000000 
1.000000 
1.581139 
1.581139 
1.500000 
1.500000 
1.000000 
1.000000 
0.707107 
0.707107 
0.000000 
0.000000 
0.000000 
0.000000 
1.581139 
1.581139 
2.061553 
2.061553 
1.581139 
1.581139 
1.581139 
1.581139 
1.500000 
1.500000 
0.000000 
0.000000 
1.000000 
1.000000 
0.500000 
0.500000 
1.118034 
1.118034 
1.581139 
1.581139 
2.061553 
2.061553 
1.000000 
1.000000 
1.581139 
1.581139 
1.500000 
1.500000 
0.707107 
0.707107 
1.118034 
1.118034 
0.500000 
0.500000 
2.061553 
2.061553 
1.581139 
1.581139 
2.061553 
2.061553 
1.000000 
1.000000 
1.581139 
1.581139 
1.500000 
1.500000 
2.000000 
2.000000 
1.000000 
1.000000 
0.000000 
0.000000 
0.000000 
0.000000 
2.061553 
2.061553 
1.581139 
1.581139 
2.061553 
2.061553 
1.000000 
1.000000 
1.581139 
1.581139 
1.000000 
1.000000 
0.707107 
0.707107 
1.802776 
1.802776 
0.000000 
0.000000 
2.061553 
2.061553 
1.581139 
1.581139 
2.061553 
2.061553 
1.000000 
1.000000 
1.581139 
1.581139 
0.707107 
0.707107 
0.500000 
0.500000 
0.000000 
0.000000 
1.802776 
1.802776 
0.500000 
0.500000 
2.061553 
2.061553 
1.581139 
1.581139 
2.061553 
2.061553 
1.118034 
1.118034 
1.581139 
1.581139 
5.024938 
5.024938 
0.000000 
0.000000 
1.000000 
1.000000 
1.802776 
1.802776 
0.500000 
0.500000 
2.061553 
2.061553 
1.581139 
1.581139 
2.061553 
2.061553 
0.000000 
0.000000 
1.581139 
1.581139 
1.000000 
1.000000 
0.500000 
0.500000 
0.000000 
0.000000 
0.000000 
0.000000 
2.236068 
2.236068 
1.802776 
1.802776 
0.500000 
0.500000 
2.061553 
2.061553 
1.581139 
1.581139 
2.061553 
2.061553 
0.500000 
0.500000 
1.581139 
1.581139 
1.000000 
1.000000 
0.500000 
0.500000 
1.118034 
1.118034 
1.000000 
1.000000 
1.000000 
1.000000 
1.802776 
1.802776 
1.118034 
1.118034 
2.061553 
2.061553 
1.581139 
1.581139 
2.061553 
2.061553 
0.500000 
0.500000 
1.581139 
1.581139 
1.000000 
1.000000 
0.707107 
0.707107 
0.000000 
0.000000 
1.118034 
1.118034 
6.000000 
6.000000 
1.000000 
1.000000 
1.802776 
1.802776 
1.000000 
1.000000 
2.061553 
2.061553 
1.581139 
1.581139 
2.061553 
2.061553 
0.500000 
0.500000 
1.581139 
1.581139 
1.000000 
1.000000 
0.707107 
0.707107 
3.162278 
3.162278 
1.118034 
1.118034 
1.118034 
1.118034 
1.000000 
1.000000 
1.802776 
1.802776 
1.414214 
1.414214 
2.061553 
2.061553 
1.581139 
1.581139 
2.061553 
2.061553 
4.031129 
4.031129 
1.581139 
1.581139 
1.000000 
1.000000 
0.707107 
0.707107 
1.414214 
1.414214 
1.118034 
1.118034 
1.118034 
1.118034 
1.000000 
1.000000 
1.802776 
1.802776 
4.527693 
4.527693 
2.061553 
2.061553 
1.581139 
1.581139 
2.061553 
2.061553 
0.500000 
0.500000 
1.000000 
1.000000 
1.414214 
1.414214 
1.118034 
1.118034 
1.118034 
1.118034 
1.118034 
1.118034 
1.000000 
1.000000 
1.802776 
1.802776 
0.707107 
0.707107 
2.061553 
2.061553 
1.581139 
1.581139 
1.414214 
1.414214 
1.000000 
1.000000 
1.118034 
1.118034 
3.000000 
3.000000 
1.118034 
1.118034 
1.118034 
1.118034 
1.000000 
1.000000 
1.802776 
1.802776 
2.061553 
2.061553 
2.061553 
2.061553 
1.581139 
1.581139 
1.802776 
1.802776 
1.000000 
1.000000 
0.707107 
0.707107 
1.118034 
1.118034 
1.118034 
1.118034 
1.118034 
1.118034 
1.000000 
1.000000 
1.802776 
1.802776 
1.118034 
1.118034 
2.061553 
2.061553 
2.061553 
2.061553 
0.500000 
0.500000 
1.118034 
1.118034 
