0.000000 
0.000000 
0.000000 
0.000000 
0.000000 
0.000000 
0.000000 
0.000000 
0.000000 
0.000000 
2.549510 
2.549510 
1.118034 
1.118034 
2.236068 
2.236068 
1.581139 
1.581139 
0.500000 
0.500000 
2.061553 
2.061553 
2.000000 
2.000000 
2.061553 
2.061553 
1.118034 
1.118034 
0.707107 
0.707107 
4.123106 
4.123106 
3.041381 
3.041381 
0.000000 
0.000000 
1.581139 
1.581139 
0.500000 
0.500000 
0.500000 
0.500000 
1.500000 
1.500000 
2.061553 
2.061553 
1.581139 
1.581139 
5.522681 
5.522681 
1.414214 
1.414214 
1.000000 
1.000000 
1.118034 
1.118034 
4.609772 
4.609772 
1.802776 
1.802776 
1.000000 
1.000000 
1.500000 
1.500000 
1.118034 
1.118034 
1.000000 
1.000000 
2.061553 
2.061553 
1.118034 
1.118034 
2.236068 
2.236068 
2.692582 
2.692582 
0.000000 
0.000000 
1.118034 
1.118034 
2.549510 
2.549510 
3.162278 
3.162278 
1.414214 
1.414214 
0.707107 
0.707107 
0.707107 
0.707107 
1.118034 
1.118034 
2.692582 
2.692582 
0.707107 
0.707107 
1.581139 
1.581139 
1.118034 
1.118034 
0.500000 
0.500000 
1.581139 
1.581139 
2.061553 
2.061553 
1.118034 
1.118034 
0.500000 
0.500000 
0.500000 
0.500000 
1.118034 
1.118034 
1.000000 
1.000000 
3.640055 
3.640055 
0.500000 
0.500000 
1.000000 
1.000000 
1.414214 
1.414214 
0.500000 
0.500000 
4.123106 
4.123106 
1.500000 
1.500000 
0.707107 
0.707107 
0.000000 
0.000000 
1.118034 
1.118034 
1.000000 
1.000000 
1.000000 
1.000000 
1.000000 
1.000000 
0.707107 
0.707107 
1.118034 
1.118034 
1.118034 
1.118034 
3.500000 
3.500000 
0.707107 
0.707107 
1.802776 
1.802776 
1.118034 
1.118034 
5.099020 
5.099020 
0.707107 
0.707107 
1.581139 
1.581139 
0.500000 
0.500000 
1.581139 
1.581139 
1.118034 
1.118034 
1.000000 
1.000000 
1.118034 
1.118034 
3.535534 
3.535534 
0.000000 
0.000000 
4.031129 
4.031129 
1.414214 
1.414214 
0.000000 
0.000000 
1.118034 
1.118034 
3.605551 
3.605551 
0.500000 
0.500000 
1.000000 
1.000000 
0.000000 
0.000000 
1.000000 
1.000000 
0.000000 
0.000000 
1.118034 
1.118034 
3.605551 
3.605551 
0.000000 
0.000000 
0.500000 
0.500000 
1.802776 
1.802776 
1.500000 
1.500000 
0.707107 
0.707107 
5.000000 
5.000000 
3.605551 
3.605551 
0.500000 
0.500000 
3.162278 
3.162278 
3.041381 
3.041381 
1.000000 
1.000000 
1.000000 
1.000000 
0.500000 
0.500000 
3.605551 
3.605551 
0.500000 
0.500000 
0.500000 
0.500000 
3.041381 
3.041381 
1.118034 
1.118034 
0.500000 
0.500000 
0.707107 
0.707107 
3.605551 
3.605551 
0.500000 
0.500000 
0.000000 
0.000000 
0.000000 
0.000000 
2.061553 
2.061553 
4.031129 
4.031129 
1.000000 
1.000000 
0.500000 
0.500000 
3.605551 
3.605551 
0.500000 
0.500000 
0.500000 
0.500000 
0.000000 
0.000000 
1.000000 
1.000000 
1.118034 
1.118034 
0.707107 
0.707107 
0.707107 
0.707107 
1.581139 
1.581139 
3.605551 
3.605551 
0.000000 
0.000000 
1.414214 
1.414214 
0.000000 
0.000000 
1.000000 
1.000000 
0.707107 
0.707107 
1.118034 
1.118034 
1.500000 
1.500000 
0.500000 
0.500000 
0.707107 
0.707107 
3.605551 
3.605551 
5.000000 
5.000000 
1.118034 
1.118034 
3.535534 
3.535534 
12.010412 
12.010412 
0.000000 
0.000000 
1.118034 
1.118034 
1.414214 
1.414214 
1.118034 
1.118034 
1.118034 
1.118034 
3.605551 
3.605551 
0.707107 
0.707107 
1.581139 
1.581139 
0.000000 
0.000000 
3.535534 
3.535534 
1.000000 
1.000000 
0.000000 
0.000000 
1.118034 
1.118034 
1.500000 
1.500000 
1.118034 
1.118034 
1.000000 
1.000000 
3.605551 
3.605551 
0.000000 
0.000000 
1.802776 
1.802776 
0.500000 
0.500000 
3.535534 
3.535534 
0.500000 
0.500000 
1.000000 
1.000000 
1.118034 
1.118034 
1.581139 
1.581139 
0.500000 
0.500000 
0.707107 
0.707107 
3.605551 
3.605551 
0.500000 
0.500000 
1.500000 
1.500000 
0.000000 
0.000000 
0.707107 
0.707107 
3.535534 
3.535534 
0.500000 
0.500000 
0.500000 
0.500000 
1.118034 
1.118034 
1.581139 
1.581139 
1.802776 
1.802776 
0.000000 
0.000000 
3.605551 
3.605551 
0.500000 
0.500000 
1.118034 
1.118034 
0.000000 
0.000000 
0.707107 
0.707107 
0.707107 
0.707107 
3.535534 
3.535534 
0.500000 
0.500000 
0.500000 
0.500000 
1.118034 
1.118034 
1.000000 
1.000000 
1.802776 
1.802776 
1.414214 
1.414214 
3.605551 
3.605551 
1.500000 
1.500000 
2.121320 
2.121320 
1.118034 
1.118034 
0.707107 
0.707107 
0.707107 
0.707107 
3.535534 
3.535534 
2.549510 
2.549510 
0.500000 
0.500000 
1.118034 
1.118034 
5.024938 
5.024938 
0.707107 
0.707107 
1.802776 
1.802776 
3.605551 
3.605551 
0.500000 
0.500000 
0.707107 
0.707107 
0.000000 
0.000000 
1.802776 
1.802776 
0.500000 
0.500000 
3.535534 
3.535534 
2.549510 
2.549510 
0.500000 
0.500000 
1.118034 
1.118034 
1.000000 
1.000000 
4.031129 
4.031129 
0.500000 
0.500000 
3.605551 
3.605551 
0.500000 
0.500000 
1.000000 
1.000000 
0.500000 
0.500000 
1.802776 
1.802776 
0.707107 
0.707107 
3.535534 
3.535534 
2.236068 
2.236068 
0.500000 
0.500000 
1.118034 
1.118034 
1.118034 
1.118034 
0.500000 
0.500000 
1.118034 
1.118034 
0.500000 
0.500000 
3.535534 
3.535534 
1.500000 
1.500000 
1.802776 
1.802776 
1.118034 
1.118034 
3.535534 
3.535534 
0.707107 
0.707107 
0.500000 
0.500000 
1.118034 
1.118034 
2.692582 
2.692582 
0.500000 
0.500000 
3.640055 
3.640055 
0.707107 
0.707107 
0.707107 
0.707107 
0.500000 
0.500000 
1.802776 
1.802776 
1.000000 
1.000000 
3.535534 
3.535534 
0.707107 
0.707107 
0.500000 
0.500000 
1.118034 
1.118034 
2.549510 
2.549510 
0.000000 
0.000000 
1.000000 
1.000000 
0.707107 
0.707107 
0.707107 
0.707107 
0.707107 
0.707107 
1.802776 
1.802776 
1.000000 
1.000000 
3.535534 
3.535534 
0.707107 
0.707107 
0.500000 
0.500000 
1.118034 
1.118034 
2.061553 
2.061553 
0.500000 
0.500000 
0.500000 
0.500000 
0.707107 
0.707107 
1.000000 
1.000000 
0.500000 
0.500000 
1.802776 
1.802776 
0.707107 
0.707107 
3.535534 
3.535534 
0.000000 
0.000000 
0.500000 
0.500000 
1.118034 
1.118034 
5.500000 
5.500000 
1.118034 
1.118034 
1.581139 
1.581139 
1.500000 
1.500000 
6.670832 
6.670832 
1.000000 
1.000000 
1.802776 
1.802776 
0.500000 
0.500000 
3.535534 
3.535534 
0.707107 
0.707107 
0.500000 
0.500000 
1.118034 
1.118034 
1.118034 
1.118034 
1.414214 
1.414214 
1.581139 
1.581139 
0.707107 
0.707107 
0.707107 
0.707107 
1.118034 
1.118034 
1.802776 
1.802776 
2.549510 
2.549510 
3.535534 
3.535534 
0.000000 
0.000000 
0.500000 
0.500000 
2.061553 
2.061553 
1.581139 
1.581139 
1.581139 
1.581139 
0.000000 
0.000000 
2.061553 
2.061553 
0.500000 
0.500000 
1.802776 
1.802776 
1.118034 
1.118034 
3.535534 
3.535534 
0.000000 
0.000000 
0.500000 
0.500000 
2.061553 
2.061553 
1.118034 
1.118034 
1.000000 
1.000000 
1.118034 
1.118034 
2.061553 
2.061553 
