0.000000 
0.000000 
0.000000 
0.000000 
0.000000 
0.000000 
0.000000 
0.000000 
0.000000 
0.000000 
1.118034 
1.118034 
0.707107 
0.707107 
4.743416 
4.743416 
1.118034 
1.118034 
0.707107 
0.707107 
0.707107 
0.707107 
4.000000 
4.000000 
2.500000 
2.500000 
0.500000 
0.500000 
0.500000 
0.500000 
1.414214 
1.414214 
0.500000 
0.500000 
2.549510 
2.549510 
0.500000 
0.500000 
3.500000 
3.500000 
1.118034 
1.118034 
2.061553 
2.061553 
2.061553 
2.061553 
3.162278 
3.162278 
0.707107 
0.707107 
1.118034 
1.118034 
1.500000 
1.500000 
6.082763 
6.082763 
1.118034 
1.118034 
0.000000 
0.000000 
1.581139 
1.581139 
7.566373 
7.566373 
2.549510 
2.549510 
2.692582 
2.692582 
1.500000 
1.500000 
1.000000 
1.000000 
1.414214 
1.414214 
1.581139 
1.581139 
1.581139 
1.581139 
3.535534 
3.535534 
1.118034 
1.118034 
0.000000 
0.000000 
0.000000 
0.000000 
1.802776 
1.802776 
5.000000 
5.000000 
1.000000 
1.000000 
3.535534 
3.535534 
1.000000 
1.000000 
0.000000 
0.000000 
7.632169 
7.632169 
0.500000 
0.500000 
1.000000 
1.000000 
2.500000 
2.500000 
1.000000 
1.000000 
3.535534 
3.535534 
1.581139 
1.581139 
0.000000 
0.000000 
3.041381 
3.041381 
2.692582 
2.692582 
0.500000 
0.500000 
1.414214 
1.414214 
2.500000 
2.500000 
1.000000 
1.000000 
3.535534 
3.535534 
1.000000 
1.000000 
0.000000 
0.000000 
1.118034 
1.118034 
3.354102 
3.354102 
2.692582 
2.692582 
0.500000 
0.500000 
1.000000 
1.000000 
2.500000 
2.500000 
1.000000 
1.000000 
3.535534 
3.535534 
0.500000 
0.500000 
2.061553 
2.061553 
2.061553 
2.061553 
3.354102 
3.354102 
2.692582 
2.692582 
0.500000 
0.500000 
2.500000 
2.500000 
2.500000 
2.500000 
1.000000 
1.000000 
3.535534 
3.535534 
1.414214 
1.414214 
0.000000 
0.000000 
2.915476 
2.915476 
0.000000 
0.000000 
3.354102 
3.354102 
2.692582 
2.692582 
0.500000 
0.500000 
4.123106 
4.123106 
2.500000 
2.500000 
1.000000 
1.000000 
3.535534 
3.535534 
0.000000 
0.000000 
1.802776 
1.802776 
3.201562 
3.201562 
0.707107 
0.707107 
3.354102 
3.354102 
2.692582 
2.692582 
1.000000 
1.000000 
1.581139 
1.581139 
2.500000 
2.500000 
1.000000 
1.000000 
3.535534 
3.535534 
2.061553 
2.061553 
0.000000 
0.000000 
1.581139 
1.581139 
3.201562 
3.201562 
1.581139 
1.581139 
3.354102 
3.354102 
2.692582 
2.692582 
1.000000 
1.000000 
1.581139 
1.581139 
2.500000 
2.500000 
1.000000 
1.000000 
3.535534 
3.535534 
4.031129 
4.031129 
4.609772 
4.609772 
1.581139 
1.581139 
3.201562 
3.201562 
1.581139 
1.581139 
3.354102 
3.354102 
2.692582 
2.692582 
1.000000 
1.000000 
2.061553 
2.061553 
2.500000 
2.500000 
1.000000 
1.000000 
3.535534 
3.535534 
1.414214 
1.414214 
3.162278 
3.162278 
1.581139 
1.581139 
3.201562 
3.201562 
2.500000 
2.500000 
3.354102 
3.354102 
2.692582 
2.692582 
1.000000 
1.000000 
1.414214 
1.414214 
2.500000 
2.500000 
1.000000 
1.000000 
3.535534 
3.535534 
6.082763 
6.082763 
0.000000 
0.000000 
3.162278 
3.162278 
1.581139 
1.581139 
3.201562 
3.201562 
0.707107 
0.707107 
3.354102 
3.354102 
2.692582 
2.692582 
1.000000 
1.000000 
2.061553 
2.061553 
2.500000 
2.500000 
1.000000 
1.000000 
3.535534 
3.535534 
2.549510 
2.549510 
3.041381 
3.041381 
3.162278 
3.162278 
1.581139 
1.581139 
3.201562 
3.201562 
1.500000 
1.500000 
3.354102 
3.354102 
2.692582 
2.692582 
1.000000 
1.000000 
1.802776 
1.802776 
2.500000 
2.500000 
1.000000 
1.000000 
3.535534 
3.535534 
5.000000 
5.000000 
0.000000 
0.000000 
3.041381 
3.041381 
3.162278 
3.162278 
1.581139 
1.581139 
3.201562 
3.201562 
2.061553 
2.061553 
3.354102 
3.354102 
2.692582 
2.692582 
1.000000 
1.000000 
5.522681 
5.522681 
2.500000 
2.500000 
1.000000 
1.000000 
3.535534 
3.535534 
2.500000 
2.500000 
3.201562 
3.201562 
3.041381 
3.041381 
3.162278 
3.162278 
1.581139 
1.581139 
3.201562 
3.201562 
1.118034 
1.118034 
3.354102 
3.354102 
2.692582 
2.692582 
1.000000 
1.000000 
3.000000 
3.000000 
2.500000 
2.500000 
1.000000 
1.000000 
3.535534 
3.535534 
3.905125 
3.905125 
3.640055 
3.640055 
3.041381 
3.041381 
3.162278 
3.162278 
1.581139 
1.581139 
3.201562 
3.201562 
3.000000 
3.000000 
3.354102 
3.354102 
2.692582 
2.692582 
1.000000 
1.000000 
3.000000 
3.000000 
2.500000 
2.500000 
1.000000 
1.000000 
2.549510 
2.549510 
0.000000 
0.000000 
3.640055 
3.640055 
3.041381 
3.041381 
3.162278 
3.162278 
1.581139 
1.581139 
3.201562 
3.201562 
2.061553 
2.061553 
3.354102 
3.354102 
2.692582 
2.692582 
1.000000 
1.000000 
3.000000 
3.000000 
2.500000 
2.500000 
5.500000 
5.500000 
3.000000 
3.000000 
3.640055 
3.640055 
3.041381 
3.041381 
3.162278 
3.162278 
1.581139 
1.581139 
3.201562 
3.201562 
1.581139 
1.581139 
3.354102 
3.354102 
2.692582 
2.692582 
1.000000 
1.000000 
3.000000 
3.000000 
2.500000 
2.500000 
0.000000 
0.000000 
0.000000 
0.000000 
3.500000 
3.500000 
3.640055 
3.640055 
3.041381 
3.041381 
3.162278 
3.162278 
1.581139 
1.581139 
3.201562 
3.201562 
1.581139 
1.581139 
3.354102 
3.354102 
1.000000 
1.000000 
3.000000 
3.000000 
3.535534 
3.535534 
0.000000 
0.000000 
0.000000 
0.000000 
2.061553 
2.061553 
2.061553 
2.061553 
3.500000 
3.500000 
3.640055 
3.640055 
3.041381 
3.041381 
3.162278 
3.162278 
1.581139 
1.581139 
3.201562 
3.201562 
1.581139 
1.581139 
1.000000 
1.000000 
3.000000 
3.000000 
2.061553 
2.061553 
0.000000 
0.000000 
0.000000 
0.000000 
3.535534 
3.535534 
0.000000 
0.000000 
1.581139 
1.581139 
2.061553 
2.061553 
3.500000 
3.500000 
3.640055 
3.640055 
3.041381 
3.041381 
3.162278 
3.162278 
1.581139 
1.581139 
3.201562 
3.201562 
1.581139 
1.581139 
1.000000 
1.000000 
3.000000 
3.000000 
2.061553 
2.061553 
0.000000 
0.000000 
0.000000 
0.000000 
3.000000 
3.000000 
3.535534 
3.535534 
0.500000 
0.500000 
5.500000 
5.500000 
2.061553 
2.061553 
3.500000 
3.500000 
3.640055 
3.640055 
3.041381 
3.041381 
3.162278 
3.162278 
1.581139 
1.581139 
3.201562 
3.201562 
1.581139 
1.581139 
1.000000 
1.000000 
3.000000 
3.000000 
2.061553 
2.061553 
0.000000 
0.000000 
0.000000 
0.000000 
0.000000 
0.000000 
0.000000 
0.000000 
2.549510 
2.549510 
3.535534 
3.535534 
1.118034 
1.118034 
2.236068 
2.236068 
2.061553 
2.061553 
3.500000 
3.500000 
3.640055 
3.640055 
3.041381 
3.041381 
3.162278 
3.162278 
1.581139 
1.581139 
1.581139 
1.581139 
3.000000 
3.000000 
2.061553 
2.061553 
0.000000 
0.000000 
0.000000 
0.000000 
4.031129 
4.031129 
3.041381 
3.041381 
0.000000 
0.000000 
0.000000 
0.000000 
2.549510 
2.549510 
3.535534 
3.535534 
1.581139 
1.581139 
0.707107 
0.707107 
2.061553 
2.061553 
3.500000 
3.500000 
3.640055 
3.640055 
3.041381 
3.041381 
3.162278 
3.162278 
1.581139 
1.581139 
3.000000 
3.000000 
2.061553 
2.061553 
3.041381 
3.041381 
3.041381 
3.041381 
4.031129 
4.031129 
3.041381 
3.041381 
0.000000 
0.000000 
0.000000 
0.000000 
2.549510 
2.549510 
3.535534 
3.535534 
1.414214 
1.414214 
1.581139 
1.581139 
2.061553 
2.061553 
3.500000 
3.500000 
3.640055 
3.640055 
3.041381 
3.041381 
3.162278 
3.162278 
1.581139 
1.581139 
3.000000 
3.000000 
2.061553 
2.061553 
3.041381 
3.041381 
3.041381 
3.041381 
4.031129 
4.031129 
3.041381 
3.041381 
0.000000 
0.000000 
0.000000 
0.000000 
2.549510 
2.549510 
3.535534 
3.535534 
1.118034 
1.118034 
1.581139 
1.581139 
2.061553 
2.061553 
3.500000 
3.500000 
3.640055 
3.640055 
3.041381 
3.041381 
1.581139 
1.581139 
3.000000 
3.000000 
2.061553 
2.061553 
3.041381 
3.041381 
3.041381 
3.041381 
4.031129 
4.031129 
3.041381 
3.041381 
0.000000 
0.000000 
0.000000 
0.000000 
2.549510 
2.549510 
3.535534 
3.535534 
4.527693 
4.527693 
1.581139 
1.581139 
2.061553 
2.061553 
3.500000 
3.500000 
3.640055 
3.640055 
3.041381 
3.041381 
1.581139 
1.581139 
3.000000 
3.000000 
2.061553 
2.061553 
0.000000 
0.000000 
0.000000 
0.000000 
3.041381 
3.041381 
3.041381 
3.041381 
4.031129 
4.031129 
3.041381 
3.041381 
0.000000 
0.000000 
0.000000 
0.000000 
2.549510 
2.549510 
3.535534 
3.535534 
4.527693 
4.527693 
1.581139 
1.581139 
2.061553 
2.061553 
3.500000 
3.500000 
3.640055 
3.640055 
1.581139 
1.581139 
3.000000 
3.000000 
2.061553 
2.061553 
0.000000 
0.000000 
1.500000 
1.500000 
3.041381 
3.041381 
3.041381 
3.041381 
4.031129 
4.031129 
3.041381 
3.041381 
0.000000 
0.000000 
0.000000 
0.000000 
2.549510 
2.549510 
3.535534 
3.535534 
4.527693 
4.527693 
1.581139 
1.581139 
2.061553 
2.061553 
3.500000 
3.500000 
3.640055 
3.640055 
1.581139 
1.581139 
3.000000 
3.000000 
2.061553 
2.061553 
0.000000 
0.000000 
0.000000 
0.000000 
4.716991 
4.716991 
3.041381 
3.041381 
3.041381 
3.041381 
4.031129 
4.031129 
3.041381 
3.041381 
0.000000 
0.000000 
0.000000 
0.000000 
2.549510 
2.549510 
3.535534 
3.535534 
4.527693 
4.527693 
1.581139 
1.581139 
2.061553 
2.061553 
3.500000 
3.500000 
3.640055 
3.640055 
1.581139 
1.581139 
2.061553 
2.061553 
0.500000 
0.500000 
0.000000 
0.000000 
2.236068 
2.236068 
3.041381 
3.041381 
3.041381 
3.041381 
4.031129 
4.031129 
3.041381 
3.041381 
0.000000 
0.000000 
0.000000 
0.000000 
2.549510 
2.549510 
3.535534 
3.535534 
5.315073 
5.315073 
1.581139 
1.581139 
2.061553 
2.061553 
3.500000 
3.500000 
1.581139 
1.581139 
2.061553 
2.061553 
0.500000 
0.500000 
0.000000 
0.000000 
1.414214 
1.414214 
3.041381 
3.041381 
3.041381 
3.041381 
4.031129 
4.031129 
3.041381 
3.041381 
0.000000 
0.000000 
0.000000 
0.000000 
2.549510 
2.549510 
3.535534 
3.535534 
1.581139 
1.581139 
1.581139 
1.581139 
2.061553 
2.061553 
3.500000 
3.500000 
1.581139 
1.581139 
2.061553 
2.061553 
