0.000000 
0.000000 
0.000000 
0.000000 
0.000000 
0.000000 
0.000000 
0.000000 
0.000000 
0.000000 
0.000000 
0.000000 
6.726812 
6.726812 
2.236068 
2.236068 
0.500000 
0.500000 
0.500000 
0.500000 
0.500000 
0.500000 
2.061553 
2.061553 
6.726812 
6.726812 
0.707107 
0.707107 
0.500000 
0.500000 
3.535534 
3.535534 
0.500000 
0.500000 
2.061553 
2.061553 
6.726812 
6.726812 
1.000000 
1.000000 
0.500000 
0.500000 
0.500000 
0.500000 
0.707107 
0.707107 
2.500000 
2.500000 
6.726812 
6.726812 
1.118034 
1.118034 
1.581139 
1.581139 
1.118034 
1.118034 
1.118034 
1.118034 
10.547512 
10.547512 
6.726812 
6.726812 
1.118034 
1.118034 
0.500000 
0.500000 
0.707107 
0.707107 
0.500000 
0.500000 
2.549510 
2.549510 
6.726812 
6.726812 
1.118034 
1.118034 
1.118034 
1.118034 
1.000000 
1.000000 
1.118034 
1.118034 
8.514693 
8.514693 
6.726812 
6.726812 
1.118034 
1.118034 
0.500000 
0.500000 
0.500000 
0.500000 
1.000000 
1.000000 
2.000000 
2.000000 
6.726812 
6.726812 
1.118034 
1.118034 
0.500000 
0.500000 
2.500000 
2.500000 
1.118034 
1.118034 
3.000000 
3.000000 
0.000000 
0.000000 
6.726812 
6.726812 
1.118034 
1.118034 
0.500000 
0.500000 
0.500000 
0.500000 
3.041381 
3.041381 
2.549510 
2.549510 
0.500000 
0.500000 
6.726812 
6.726812 
1.118034 
1.118034 
1.118034 
1.118034 
1.118034 
1.118034 
6.082763 
6.082763 
6.020797 
6.020797 
0.000000 
0.000000 
0.500000 
0.500000 
6.726812 
6.726812 
1.118034 
1.118034 
1.500000 
1.500000 
0.500000 
0.500000 
1.118034 
1.118034 
2.549510 
2.549510 
3.000000 
3.000000 
0.500000 
0.500000 
6.726812 
6.726812 
1.118034 
1.118034 
0.707107 
0.707107 
0.500000 
0.500000 
1.118034 
1.118034 
3.500000 
3.500000 
0.000000 
0.000000 
1.500000 
1.500000 
0.500000 
0.500000 
6.726812 
6.726812 
1.118034 
1.118034 
3.640055 
3.640055 
0.707107 
0.707107 
0.707107 
0.707107 
1.581139 
1.581139 
1.000000 
1.000000 
6.519202 
6.519202 
0.500000 
0.500000 
6.726812 
6.726812 
1.118034 
1.118034 
0.500000 
0.500000 
0.500000 
0.500000 
0.000000 
0.000000 
1.581139 
1.581139 
0.000000 
0.000000 
3.000000 
3.000000 
1.000000 
1.000000 
6.726812 
6.726812 
1.118034 
1.118034 
1.000000 
1.000000 
0.500000 
0.500000 
8.000000 
8.000000 
6.082763 
6.082763 
0.500000 
0.500000 
2.549510 
2.549510 
0.500000 
0.500000 
1.118034 
1.118034 
0.707107 
0.707107 
0.707107 
0.707107 
0.707107 
0.707107 
2.500000 
2.500000 
0.000000 
0.000000 
0.707107 
0.707107 
2.549510 
2.549510 
0.707107 
0.707107 
1.118034 
1.118034 
1.118034 
1.118034 
1.000000 
1.000000 
0.500000 
0.500000 
2.549510 
2.549510 
0.707107 
0.707107 
0.500000 
0.500000 
5.000000 
5.000000 
0.500000 
0.500000 
1.118034 
1.118034 
1.118034 
1.118034 
0.500000 
0.500000 
0.500000 
0.500000 
9.000000 
9.000000 
0.500000 
0.500000 
0.500000 
0.500000 
1.581139 
1.581139 
1.118034 
1.118034 
2.061553 
2.061553 
2.000000 
2.000000 
1.118034 
1.118034 
1.000000 
1.000000 
0.707107 
0.707107 
0.000000 
0.000000 
1.118034 
1.118034 
0.500000 
0.500000 
2.000000 
2.000000 
0.000000 
0.000000 
8.062258 
8.062258 
1.500000 
1.500000 
0.500000 
0.500000 
0.500000 
0.500000 
3.162278 
3.162278 
0.000000 
0.000000 
1.581139 
1.581139 
0.000000 
0.000000 
0.500000 
0.500000 
2.061553 
2.061553 
0.500000 
0.500000 
0.500000 
0.500000 
2.236068 
2.236068 
0.000000 
0.000000 
5.522681 
5.522681 
2.061553 
2.061553 
0.707107 
0.707107 
2.061553 
2.061553 
0.500000 
0.500000 
0.500000 
0.500000 
6.519202 
6.519202 
0.500000 
0.500000 
1.118034 
1.118034 
0.707107 
0.707107 
0.500000 
0.500000 
5.024938 
5.024938 
0.500000 
0.500000 
0.000000 
0.000000 
1.581139 
1.581139 
0.707107 
0.707107 
6.082763 
6.082763 
0.707107 
0.707107 
8.558621 
8.558621 
1.802776 
1.802776 
0.000000 
0.000000 
0.500000 
0.500000 
0.000000 
0.000000 
2.915476 
2.915476 
0.500000 
0.500000 
1.414214 
1.414214 
0.500000 
0.500000 
8.558621 
8.558621 
1.500000 
1.500000 
0.000000 
0.000000 
0.000000 
0.000000 
4.527693 
4.527693 
0.500000 
0.500000 
0.707107 
0.707107 
1.118034 
1.118034 
2.915476 
2.915476 
0.000000 
0.000000 
0.000000 
0.000000 
1.500000 
1.500000 
4.301163 
4.301163 
0.000000 
0.000000 
0.500000 
0.500000 
0.000000 
0.000000 
3.000000 
3.000000 
0.000000 
0.000000 
2.500000 
2.500000 
0.000000 
0.000000 
0.500000 
0.500000 
1.500000 
1.500000 
3.000000 
3.000000 
9.513149 
9.513149 
0.707107 
0.707107 
0.500000 
0.500000 
1.581139 
1.581139 
0.707107 
0.707107 
1.581139 
1.581139 
0.000000 
0.000000 
0.500000 
0.500000 
1.500000 
1.500000 
2.549510 
2.549510 
0.500000 
0.500000 
1.118034 
1.118034 
0.000000 
0.000000 
5.700877 
5.700877 
0.500000 
0.500000 
1.118034 
1.118034 
0.000000 
0.000000 
0.500000 
0.500000 
1.500000 
1.500000 
5.852350 
5.852350 
0.500000 
0.500000 
0.500000 
0.500000 
0.500000 
0.500000 
2.236068 
2.236068 
0.500000 
0.500000 
0.500000 
0.500000 
0.000000 
0.000000 
0.500000 
0.500000 
1.500000 
1.500000 
1.414214 
1.414214 
0.500000 
0.500000 
1.581139 
1.581139 
0.500000 
0.500000 
3.535534 
3.535534 
0.707107 
0.707107 
0.000000 
0.000000 
4.123106 
4.123106 
0.500000 
0.500000 
1.500000 
1.500000 
0.707107 
0.707107 
0.000000 
0.000000 
8.558621 
8.558621 
0.000000 
0.000000 
2.236068 
2.236068 
1.000000 
1.000000 
0.707107 
0.707107 
1.414214 
1.414214 
0.500000 
0.500000 
1.500000 
1.500000 
0.000000 
0.000000 
0.000000 
0.000000 
1.500000 
1.500000 
0.000000 
0.000000 
2.915476 
2.915476 
0.500000 
0.500000 
2.236068 
2.236068 
0.500000 
0.500000 
0.500000 
0.500000 
0.000000 
0.000000 
0.500000 
0.500000 
1.500000 
1.500000 
0.500000 
0.500000 
2.121320 
2.121320 
1.500000 
1.500000 
0.000000 
0.000000 
1.414214 
1.414214 
0.707107 
0.707107 
2.236068 
2.236068 
0.500000 
0.500000 
0.500000 
0.500000 
0.500000 
0.500000 
0.500000 
0.500000 
1.500000 
1.500000 
0.707107 
0.707107 
3.535534 
3.535534 
2.549510 
2.549510 
0.000000 
0.000000 
2.549510 
2.549510 
0.500000 
0.500000 
2.236068 
2.236068 
0.000000 
0.000000 
0.500000 
0.500000 
4.031129 
4.031129 
0.500000 
0.500000 
1.500000 
1.500000 
0.000000 
0.000000 
7.648529 
7.648529 
2.061553 
2.061553 
0.000000 
0.000000 
1.500000 
1.500000 
0.500000 
0.500000 
2.236068 
2.236068 
0.500000 
0.500000 
0.500000 
0.500000 
1.581139 
1.581139 
0.500000 
0.500000 
1.500000 
1.500000 
0.000000 
0.000000 
1.118034 
1.118034 
2.061553 
2.061553 
0.000000 
0.000000 
1.118034 
1.118034 
0.500000 
0.500000 
2.236068 
2.236068 
1.118034 
1.118034 
0.500000 
0.500000 
5.024938 
5.024938 
0.500000 
0.500000 
1.500000 
1.500000 
0.500000 
0.500000 
2.500000 
2.500000 
2.061553 
2.061553 
0.000000 
0.000000 
1.118034 
1.118034 
0.500000 
0.500000 
2.236068 
2.236068 
0.000000 
0.000000 
0.500000 
0.500000 
1.000000 
1.000000 
0.500000 
0.500000 
1.500000 
1.500000 
