0.000000 
0.000000 
0.000000 
0.000000 
0.000000 
0.000000 
0.000000 
0.000000 
0.000000 
0.000000 
0.000000 
0.000000 
0.000000 
0.000000 
0.000000 
0.000000 
0.000000 
0.000000 
0.000000 
0.000000 
0.000000 
0.000000 
1.000000 
1.000000 
1.414214 
1.414214 
0.500000 
0.500000 
0.000000 
0.000000 
0.000000 
0.000000 
2.692582 
2.692582 
0.500000 
0.500000 
0.500000 
0.500000 
0.000000 
0.000000 
1.000000 
1.000000 
0.000000 
0.000000 
1.500000 
1.500000 
1.414214 
1.414214 
0.500000 
0.500000 
0.000000 
0.000000 
0.000000 
0.000000 
0.707107 
0.707107 
0.500000 
0.500000 
1.000000 
1.000000 
0.000000 
0.000000 
1.802776 
1.802776 
0.000000 
0.000000 
1.000000 
1.000000 
1.118034 
1.118034 
0.707107 
0.707107 
0.000000 
0.000000 
0.000000 
0.000000 
2.236068 
2.236068 
2.549510 
2.549510 
0.000000 
0.000000 
0.000000 
0.000000 
0.000000 
0.000000 
0.000000 
0.000000 
1.500000 
1.500000 
0.000000 
0.000000 
0.500000 
0.500000 
1.414214 
1.414214 
0.500000 
0.500000 
0.000000 
0.000000 
0.000000 
0.000000 
0.707107 
0.707107 
0.500000 
0.500000 
1.000000 
1.000000 
0.000000 
0.000000 
0.000000 
0.000000 
0.000000 
0.000000 
1.000000 
1.000000 
0.000000 
0.000000 
1.500000 
1.500000 
0.000000 
0.000000 
0.500000 
0.500000 
1.802776 
1.802776 
0.707107 
0.707107 
0.000000 
0.000000 
0.000000 
0.000000 
1.802776 
1.802776 
0.707107 
0.707107 
0.707107 
0.707107 
1.500000 
1.500000 
1.000000 
1.000000 
0.000000 
0.000000 
1.118034 
1.118034 
0.000000 
0.000000 
1.500000 
1.500000 
0.000000 
0.000000 
0.500000 
0.500000 
1.414214 
1.414214 
0.707107 
0.707107 
0.000000 
0.000000 
0.000000 
0.000000 
1.118034 
1.118034 
1.118034 
1.118034 
1.414214 
1.414214 
0.000000 
0.000000 
0.000000 
0.000000 
1.500000 
1.500000 
1.000000 
1.000000 
0.000000 
0.000000 
1.000000 
1.000000 
0.000000 
0.000000 
1.500000 
1.500000 
0.000000 
0.000000 
0.500000 
0.500000 
1.500000 
1.500000 
3.000000 
3.000000 
0.000000 
0.000000 
0.000000 
0.000000 
1.118034 
1.118034 
0.707107 
0.707107 
0.500000 
0.500000 
1.414214 
1.414214 
1.118034 
1.118034 
1.500000 
1.500000 
3.000000 
3.000000 
0.000000 
0.000000 
3.500000 
3.500000 
0.000000 
0.000000 
1.500000 
1.500000 
0.000000 
0.000000 
0.500000 
0.500000 
1.118034 
1.118034 
0.707107 
0.707107 
0.000000 
0.000000 
0.000000 
0.000000 
1.118034 
1.118034 
1.118034 
1.118034 
0.500000 
0.500000 
1.500000 
1.500000 
0.707107 
0.707107 
1.500000 
1.500000 
1.000000 
1.000000 
0.000000 
0.000000 
0.707107 
0.707107 
0.000000 
0.000000 
1.500000 
1.500000 
0.000000 
0.000000 
0.500000 
0.500000 
2.549510 
2.549510 
1.581139 
1.581139 
0.000000 
0.000000 
0.000000 
0.000000 
1.118034 
1.118034 
0.707107 
0.707107 
3.640055 
3.640055 
1.000000 
1.000000 
2.121320 
2.121320 
1.500000 
1.500000 
1.414214 
1.414214 
0.000000 
0.000000 
2.549510 
2.549510 
0.000000 
0.000000 
1.500000 
1.500000 
0.000000 
0.000000 
0.500000 
0.500000 
3.500000 
3.500000 
0.500000 
0.500000 
0.000000 
0.000000 
0.000000 
0.000000 
1.118034 
1.118034 
0.000000 
0.000000 
1.000000 
1.000000 
0.000000 
0.000000 
1.000000 
1.000000 
4.609772 
4.609772 
1.500000 
1.500000 
0.500000 
0.500000 
0.000000 
0.000000 
0.000000 
0.000000 
0.000000 
0.000000 
1.500000 
1.500000 
0.000000 
0.000000 
0.500000 
0.500000 
1.118034 
1.118034 
0.500000 
0.500000 
0.000000 
0.000000 
0.000000 
0.000000 
1.118034 
1.118034 
0.000000 
0.000000 
0.500000 
0.500000 
0.000000 
0.000000 
0.000000 
0.000000 
1.000000 
1.000000 
1.118034 
1.118034 
1.500000 
1.500000 
1.118034 
1.118034 
0.000000 
0.000000 
1.118034 
1.118034 
0.000000 
0.000000 
1.500000 
1.500000 
0.000000 
0.000000 
0.500000 
0.500000 
1.500000 
1.500000 
0.500000 
0.500000 
0.000000 
0.000000 
0.000000 
0.000000 
1.118034 
1.118034 
1.118034 
1.118034 
0.500000 
0.500000 
0.000000 
0.000000 
1.500000 
1.500000 
0.000000 
0.000000 
1.000000 
1.000000 
1.118034 
1.118034 
1.500000 
1.500000 
0.500000 
0.500000 
0.000000 
0.000000 
0.707107 
0.707107 
0.000000 
0.000000 
1.500000 
1.500000 
0.000000 
0.000000 
0.500000 
0.500000 
4.272002 
4.272002 
0.500000 
0.500000 
0.000000 
0.000000 
0.000000 
0.000000 
1.118034 
1.118034 
0.000000 
0.000000 
0.500000 
0.500000 
0.000000 
0.000000 
1.000000 
1.000000 
3.807887 
3.807887 
0.000000 
0.000000 
1.000000 
1.000000 
1.118034 
1.118034 
1.500000 
1.500000 
0.500000 
0.500000 
0.000000 
0.000000 
1.581139 
1.581139 
0.000000 
0.000000 
1.500000 
1.500000 
0.000000 
0.000000 
0.500000 
0.500000 
2.549510 
2.549510 
0.500000 
0.500000 
0.000000 
0.000000 
0.000000 
0.000000 
1.118034 
1.118034 
1.000000 
1.000000 
0.500000 
0.500000 
1.500000 
1.500000 
1.000000 
1.000000 
1.414214 
1.414214 
0.000000 
0.000000 
1.000000 
1.000000 
1.000000 
1.000000 
1.500000 
1.500000 
0.707107 
0.707107 
0.000000 
0.000000 
1.000000 
1.000000 
0.000000 
0.000000 
1.500000 
1.500000 
0.500000 
0.500000 
1.802776 
1.802776 
0.707107 
0.707107 
0.000000 
0.000000 
1.118034 
1.118034 
0.500000 
0.500000 
0.500000 
0.500000 
1.500000 
1.500000 
1.118034 
1.118034 
0.000000 
0.000000 
0.000000 
0.000000 
1.000000 
1.000000 
0.500000 
0.500000 
1.500000 
1.500000 
0.500000 
0.500000 
0.000000 
0.000000 
1.000000 
1.000000 
0.000000 
0.000000 
1.500000 
1.500000 
0.500000 
0.500000 
1.802776 
1.802776 
0.707107 
0.707107 
1.118034 
1.118034 
1.000000 
1.000000 
0.500000 
0.500000 
1.500000 
1.500000 
1.000000 
1.000000 
0.000000 
0.000000 
0.000000 
0.000000 
1.000000 
1.000000 
2.121320 
2.121320 
1.500000 
1.500000 
2.500000 
2.500000 
0.000000 
0.000000 
0.707107 
0.707107 
1.500000 
1.500000 
0.500000 
0.500000 
1.500000 
1.500000 
0.500000 
0.500000 
1.118034 
1.118034 
0.000000 
0.000000 
0.500000 
0.500000 
1.500000 
1.500000 
0.707107 
0.707107 
0.000000 
0.000000 
0.000000 
0.000000 
1.000000 
1.000000 
1.000000 
1.000000 
1.500000 
1.500000 
0.707107 
0.707107 
0.000000 
0.000000 
0.500000 
0.500000 
1.500000 
1.500000 
0.500000 
0.500000 
0.500000 
0.500000 
0.500000 
0.500000 
1.118034 
1.118034 
2.236068 
2.236068 
0.500000 
0.500000 
1.500000 
1.500000 
1.000000 
1.000000 
0.000000 
0.000000 
0.000000 
0.000000 
1.000000 
1.000000 
0.707107 
0.707107 
1.500000 
1.500000 
0.707107 
0.707107 
0.000000 
0.000000 
2.692582 
2.692582 
0.500000 
0.500000 
1.118034 
1.118034 
3.640055 
3.640055 
0.500000 
0.500000 
0.000000 
0.000000 
1.500000 
1.500000 
3.041381 
3.041381 
0.000000 
0.000000 
0.000000 
0.000000 
1.000000 
1.000000 
1.118034 
1.118034 
1.500000 
1.500000 
1.118034 
1.118034 
3.000000 
3.000000 
2.692582 
2.692582 
0.500000 
0.500000 
1.118034 
1.118034 
2.500000 
2.500000 
0.500000 
0.500000 
0.000000 
0.000000 
1.500000 
1.500000 
1.500000 
1.500000 
1.500000 
1.500000 
5.522681 
5.522681 
0.000000 
0.000000 
1.000000 
1.000000 
0.500000 
0.500000 
1.000000 
1.000000 
0.500000 
0.500000 
2.692582 
2.692582 
0.500000 
0.500000 
2.549510 
2.549510 
0.500000 
0.500000 
0.707107 
0.707107 
1.000000 
1.000000 
1.500000 
1.500000 
2.000000 
2.000000 
5.522681 
5.522681 
0.000000 
0.000000 
1.000000 
1.000000 
3.640055 
3.640055 
0.500000 
0.500000 
0.500000 
0.500000 
2.692582 
2.692582 
0.500000 
0.500000 
2.500000 
2.500000 
0.500000 
0.500000 
0.000000 
0.000000 
0.707107 
0.707107 
1.000000 
1.000000 
1.500000 
1.500000 
2.000000 
2.000000 
5.522681 
5.522681 
0.000000 
0.000000 
1.000000 
1.000000 
1.000000 
1.000000 
0.000000 
0.000000 
1.414214 
1.414214 
2.692582 
2.692582 
0.500000 
0.500000 
2.500000 
2.500000 
0.500000 
0.500000 
0.000000 
0.000000 
3.201562 
3.201562 
0.707107 
0.707107 
1.000000 
1.000000 
1.500000 
1.500000 
2.000000 
2.000000 
5.522681 
5.522681 
0.000000 
0.000000 
1.000000 
1.000000 
0.500000 
0.500000 
0.500000 
0.500000 
1.118034 
1.118034 
2.692582 
2.692582 
0.500000 
0.500000 
2.500000 
2.500000 
0.500000 
0.500000 
0.000000 
0.000000 
0.000000 
0.000000 
0.707107 
0.707107 
1.000000 
1.000000 
1.500000 
1.500000 
2.000000 
2.000000 
5.522681 
5.522681 
0.000000 
0.000000 
1.414214 
1.414214 
3.162278 
3.162278 
1.802776 
1.802776 
2.692582 
2.692582 
0.500000 
0.500000 
2.500000 
2.500000 
0.500000 
0.500000 
0.000000 
0.000000 
1.118034 
1.118034 
0.707107 
0.707107 
1.000000 
1.000000 
1.500000 
1.500000 
2.000000 
2.000000 
5.522681 
5.522681 
0.500000 
0.500000 
1.500000 
1.500000 
1.000000 
1.000000 
2.692582 
2.692582 
0.500000 
0.500000 
2.500000 
2.500000 
0.500000 
0.500000 
0.000000 
0.000000 
0.000000 
0.000000 
0.000000 
0.000000 
0.000000 
0.000000 
0.707107 
0.707107 
0.707107 
0.707107 
1.000000 
1.000000 
1.500000 
1.500000 
2.000000 
2.000000 
5.522681 
5.522681 
1.118034 
1.118034 
1.500000 
1.500000 
1.000000 
1.000000 
2.692582 
2.692582 
0.500000 
0.500000 
2.500000 
2.500000 
1.118034 
1.118034 
3.500000 
3.500000 
0.000000 
0.000000 
0.000000 
0.000000 
0.000000 
0.000000 
0.707107 
0.707107 
1.000000 
1.000000 
1.500000 
1.500000 
2.000000 
2.000000 
5.522681 
5.522681 
0.500000 
0.500000 
1.500000 
1.500000 
1.000000 
1.000000 
2.692582 
2.692582 
0.500000 
0.500000 
2.500000 
2.500000 
0.000000 
0.000000 
1.118034 
1.118034 
0.500000 
0.500000 
0.500000 
0.500000 
0.000000 
0.000000 
1.118034 
1.118034 
0.707107 
0.707107 
1.000000 
1.000000 
1.500000 
1.500000 
2.000000 
2.000000 
5.522681 
5.522681 
0.500000 
0.500000 
1.500000 
1.500000 
1.000000 
1.000000 
2.692582 
2.692582 
0.500000 
0.500000 
2.500000 
2.500000 
2.000000 
2.000000 
1.118034 
1.118034 
0.500000 
0.500000 
0.000000 
0.000000 
0.000000 
0.000000 
0.707107 
0.707107 
0.707107 
0.707107 
1.000000 
1.000000 
2.000000 
2.000000 
5.522681 
5.522681 
2.061553 
2.061553 
1.500000 
1.500000 
1.000000 
1.000000 
2.692582 
2.692582 
0.500000 
0.500000 
2.500000 
2.500000 
2.000000 
2.000000 
1.118034 
1.118034 
2.061553 
2.061553 
0.500000 
0.500000 
0.000000 
0.000000 
1.000000 
1.000000 
0.707107 
0.707107 
1.000000 
1.000000 
2.000000 
2.000000 
5.522681 
5.522681 
1.118034 
1.118034 
1.500000 
1.500000 
1.000000 
1.000000 
2.692582 
2.692582 
0.500000 
0.500000 
2.500000 
2.500000 
2.000000 
2.000000 
1.118034 
1.118034 
2.236068 
2.236068 
1.414214 
1.414214 
0.000000 
0.000000 
3.500000 
3.500000 
0.707107 
0.707107 
1.000000 
1.000000 
2.000000 
2.000000 
5.522681 
5.522681 
1.118034 
1.118034 
1.500000 
1.500000 
1.000000 
1.000000 
2.692582 
2.692582 
2.500000 
2.500000 
0.000000 
0.000000 
2.000000 
2.000000 
1.118034 
1.118034 
2.236068 
2.236068 
1.414214 
1.414214 
0.000000 
0.000000 
1.500000 
1.500000 
0.707107 
0.707107 
1.000000 
1.000000 
2.000000 
2.000000 
5.522681 
5.522681 
1.118034 
1.118034 
1.500000 
1.500000 
1.000000 
1.000000 
2.692582 
2.692582 
2.500000 
2.500000 
1.581139 
1.581139 
2.000000 
2.000000 
1.118034 
1.118034 
2.236068 
2.236068 
1.414214 
1.414214 
0.000000 
0.000000 
1.500000 
1.500000 
0.707107 
0.707107 
1.000000 
1.000000 
2.000000 
2.000000 
5.522681 
5.522681 
1.118034 
1.118034 
1.500000 
1.500000 
1.000000 
1.000000 
2.500000 
2.500000 
1.581139 
1.581139 
2.000000 
2.000000 
1.118034 
1.118034 
2.236068 
2.236068 
1.414214 
1.414214 
0.000000 
0.000000 
1.500000 
1.500000 
0.707107 
0.707107 
1.000000 
1.000000 
2.000000 
2.000000 
5.522681 
5.522681 
1.118034 
1.118034 
1.500000 
1.500000 
1.000000 
1.000000 
2.500000 
2.500000 
1.581139 
1.581139 
2.000000 
2.000000 
1.118034 
1.118034 
2.236068 
2.236068 
1.414214 
1.414214 
0.000000 
0.000000 
1.500000 
1.500000 
0.707107 
0.707107 
1.000000 
1.000000 
2.000000 
2.000000 
1.118034 
1.118034 
1.500000 
1.500000 
1.000000 
1.000000 
2.500000 
2.500000 
1.581139 
1.581139 
2.000000 
2.000000 
1.118034 
1.118034 
2.236068 
2.236068 
1.414214 
1.414214 
0.000000 
0.000000 
1.500000 
1.500000 
1.118034 
1.118034 
1.500000 
1.500000 
1.000000 
1.000000 
1.581139 
1.581139 
2.000000 
2.000000 
1.118034 
1.118034 
2.236068 
2.236068 
1.414214 
1.414214 
0.000000 
0.000000 
1.500000 
1.500000 
1.118034 
1.118034 
1.500000 
1.500000 
1.000000 
1.000000 
