0.000000 
0.000000 
0.000000 
0.000000 
0.000000 
0.000000 
0.000000 
0.000000 
0.000000 
0.000000 
4.031129 
4.031129 
0.000000 
0.000000 
1.118034 
1.118034 
4.000000 
4.000000 
0.000000 
0.000000 
0.000000 
0.000000 
4.500000 
4.500000 
0.000000 
0.000000 
0.500000 
0.500000 
0.500000 
0.500000 
1.000000 
1.000000 
0.000000 
0.000000 
0.500000 
0.500000 
0.000000 
0.000000 
0.500000 
0.500000 
1.000000 
1.000000 
2.692582 
2.692582 
0.000000 
0.000000 
0.707107 
0.707107 
0.000000 
0.000000 
1.118034 
1.118034 
0.500000 
0.500000 
0.000000 
0.000000 
0.000000 
0.000000 
2.692582 
2.692582 
0.000000 
0.000000 
0.707107 
0.707107 
0.000000 
0.000000 
0.500000 
0.500000 
1.414214 
1.414214 
0.000000 
0.000000 
0.000000 
0.000000 
1.000000 
1.000000 
2.692582 
2.692582 
0.000000 
0.000000 
0.707107 
0.707107 
0.000000 
0.000000 
0.707107 
0.707107 
1.414214 
1.414214 
0.000000 
0.000000 
0.000000 
0.000000 
0.000000 
0.000000 
0.000000 
0.000000 
2.061553 
2.061553 
2.692582 
2.692582 
0.000000 
0.000000 
0.707107 
0.707107 
0.000000 
0.000000 
0.500000 
0.500000 
1.414214 
1.414214 
1.500000 
1.500000 
0.000000 
0.000000 
0.000000 
0.000000 
0.000000 
0.000000 
2.000000 
2.000000 
2.692582 
2.692582 
0.000000 
0.000000 
0.707107 
0.707107 
0.000000 
0.000000 
0.500000 
0.500000 
1.414214 
1.414214 
1.000000 
1.000000 
0.000000 
0.000000 
0.000000 
0.000000 
0.000000 
0.000000 
0.500000 
0.500000 
2.692582 
2.692582 
0.000000 
0.000000 
0.707107 
0.707107 
0.000000 
0.000000 
3.000000 
3.000000 
1.414214 
1.414214 
0.000000 
0.000000 
1.000000 
1.000000 
0.000000 
0.000000 
0.000000 
0.000000 
0.000000 
0.000000 
1.500000 
1.500000 
2.692582 
2.692582 
0.000000 
0.000000 
0.707107 
0.707107 
0.000000 
0.000000 
1.118034 
1.118034 
1.414214 
1.414214 
0.000000 
0.000000 
0.500000 
0.500000 
5.000000 
5.000000 
0.000000 
0.000000 
0.000000 
0.000000 
0.000000 
0.000000 
2.061553 
2.061553 
2.692582 
2.692582 
0.000000 
0.000000 
0.707107 
0.707107 
0.000000 
0.000000 
0.707107 
0.707107 
1.414214 
1.414214 
0.000000 
0.000000 
0.000000 
0.000000 
5.099020 
5.099020 
1.500000 
1.500000 
0.707107 
0.707107 
0.000000 
0.000000 
0.000000 
0.000000 
0.000000 
0.000000 
3.000000 
3.000000 
2.692582 
2.692582 
0.000000 
0.000000 
0.707107 
0.707107 
0.000000 
0.000000 
1.500000 
1.500000 
1.414214 
1.414214 
0.707107 
0.707107 
2.692582 
2.692582 
5.099020 
5.099020 
0.500000 
0.500000 
1.118034 
1.118034 
0.000000 
0.000000 
0.000000 
0.000000 
0.000000 
0.000000 
1.581139 
1.581139 
2.692582 
2.692582 
0.000000 
0.000000 
0.707107 
0.707107 
0.000000 
0.000000 
1.414214 
1.414214 
1.414214 
1.414214 
0.500000 
0.500000 
2.692582 
2.692582 
5.099020 
5.099020 
0.000000 
0.000000 
0.500000 
0.500000 
0.000000 
0.000000 
0.000000 
0.000000 
0.000000 
0.000000 
2.236068 
2.236068 
2.692582 
2.692582 
0.000000 
0.000000 
0.707107 
0.707107 
0.000000 
0.000000 
0.500000 
0.500000 
1.414214 
1.414214 
0.000000 
0.000000 
0.707107 
0.707107 
2.692582 
2.692582 
5.099020 
5.099020 
0.500000 
0.500000 
5.830952 
5.830952 
0.000000 
0.000000 
0.000000 
0.000000 
0.000000 
0.000000 
2.236068 
2.236068 
2.692582 
2.692582 
0.000000 
0.000000 
0.707107 
0.707107 
0.000000 
0.000000 
1.414214 
1.414214 
0.000000 
0.000000 
3.201562 
3.201562 
0.707107 
0.707107 
2.692582 
2.692582 
5.099020 
5.099020 
0.000000 
0.000000 
1.118034 
1.118034 
0.000000 
0.000000 
0.000000 
0.000000 
0.000000 
0.000000 
2.236068 
2.236068 
2.692582 
2.692582 
0.707107 
0.707107 
0.000000 
0.000000 
1.414214 
1.414214 
0.000000 
0.000000 
0.000000 
0.000000 
3.201562 
3.201562 
0.000000 
0.000000 
2.692582 
2.692582 
5.099020 
5.099020 
0.500000 
0.500000 
0.707107 
0.707107 
0.000000 
0.000000 
0.000000 
0.000000 
0.000000 
0.000000 
2.236068 
2.236068 
2.692582 
2.692582 
0.707107 
0.707107 
0.000000 
0.000000 
1.414214 
1.414214 
2.000000 
2.000000 
0.000000 
0.000000 
3.201562 
3.201562 
0.500000 
0.500000 
2.692582 
2.692582 
5.099020 
5.099020 
0.500000 
0.500000 
0.500000 
0.500000 
0.000000 
0.000000 
0.000000 
0.000000 
0.000000 
0.000000 
2.236068 
2.236068 
2.692582 
2.692582 
0.707107 
0.707107 
0.500000 
0.500000 
1.414214 
1.414214 
0.000000 
0.000000 
2.000000 
2.000000 
0.000000 
0.000000 
3.201562 
3.201562 
0.000000 
0.000000 
2.692582 
2.692582 
5.099020 
5.099020 
1.118034 
1.118034 
0.500000 
0.500000 
0.000000 
0.000000 
0.000000 
0.000000 
0.000000 
0.000000 
2.236068 
2.236068 
0.000000 
0.000000 
1.414214 
1.414214 
2.236068 
2.236068 
2.000000 
2.000000 
3.041381 
3.041381 
3.201562 
3.201562 
0.500000 
0.500000 
2.692582 
2.692582 
5.099020 
5.099020 
0.707107 
0.707107 
0.707107 
0.707107 
0.000000 
0.000000 
0.000000 
0.000000 
2.236068 
2.236068 
0.500000 
0.500000 
1.500000 
1.500000 
2.000000 
2.000000 
0.500000 
0.500000 
3.201562 
3.201562 
1.118034 
1.118034 
2.692582 
2.692582 
5.099020 
5.099020 
2.500000 
2.500000 
1.500000 
1.500000 
0.000000 
0.000000 
2.236068 
2.236068 
1.581139 
1.581139 
0.000000 
0.000000 
1.500000 
1.500000 
2.000000 
2.000000 
0.707107 
0.707107 
3.201562 
3.201562 
0.707107 
0.707107 
2.692582 
2.692582 
5.099020 
5.099020 
0.707107 
0.707107 
0.707107 
0.707107 
0.000000 
0.000000 
2.236068 
2.236068 
1.414214 
1.414214 
2.000000 
2.000000 
1.500000 
1.500000 
2.000000 
2.000000 
0.707107 
0.707107 
3.201562 
3.201562 
0.500000 
0.500000 
2.692582 
2.692582 
5.099020 
5.099020 
0.707107 
0.707107 
1.118034 
1.118034 
2.236068 
2.236068 
1.118034 
1.118034 
0.000000 
0.000000 
1.581139 
1.581139 
1.500000 
1.500000 
2.000000 
2.000000 
0.707107 
0.707107 
3.201562 
3.201562 
0.500000 
0.500000 
2.692582 
2.692582 
5.099020 
5.099020 
0.500000 
0.500000 
1.118034 
1.118034 
2.236068 
2.236068 
4.609772 
4.609772 
0.000000 
0.000000 
1.000000 
1.000000 
1.581139 
1.581139 
1.500000 
1.500000 
2.000000 
2.000000 
0.707107 
0.707107 
3.201562 
3.201562 
0.000000 
0.000000 
2.692582 
2.692582 
5.099020 
5.099020 
0.707107 
0.707107 
1.118034 
1.118034 
2.236068 
2.236068 
0.707107 
0.707107 
1.581139 
1.581139 
1.581139 
1.581139 
1.581139 
1.581139 
1.500000 
1.500000 
2.000000 
2.000000 
0.707107 
0.707107 
3.201562 
3.201562 
3.041381 
3.041381 
2.692582 
2.692582 
5.099020 
5.099020 
0.500000 
0.500000 
1.000000 
1.000000 
2.236068 
2.236068 
1.000000 
1.000000 
0.000000 
0.000000 
1.581139 
1.581139 
1.000000 
1.000000 
1.581139 
1.581139 
1.500000 
1.500000 
2.000000 
2.000000 
0.707107 
0.707107 
3.201562 
3.201562 
0.000000 
0.000000 
2.692582 
2.692582 
0.000000 
0.000000 
1.118034 
1.118034 
2.236068 
2.236068 
4.527693 
4.527693 
1.000000 
1.000000 
1.581139 
1.581139 
3.535534 
3.535534 
1.581139 
1.581139 
1.500000 
1.500000 
2.000000 
2.000000 
0.707107 
0.707107 
3.201562 
3.201562 
3.162278 
3.162278 
0.500000 
0.500000 
2.061553 
2.061553 
2.236068 
2.236068 
1.118034 
1.118034 
1.581139 
1.581139 
1.581139 
1.581139 
1.802776 
1.802776 
1.581139 
1.581139 
1.500000 
1.500000 
2.000000 
2.000000 
0.707107 
0.707107 
3.201562 
3.201562 
0.000000 
0.000000 
0.500000 
0.500000 
3.000000 
3.000000 
0.707107 
0.707107 
0.000000 
0.000000 
1.581139 
1.581139 
1.581139 
1.581139 
1.500000 
1.500000 
1.581139 
1.581139 
1.500000 
1.500000 
2.000000 
2.000000 
0.707107 
0.707107 
3.201562 
3.201562 
3.041381 
3.041381 
0.500000 
0.500000 
5.000000 
5.000000 
0.500000 
0.500000 
1.581139 
1.581139 
2.549510 
2.549510 
1.581139 
1.581139 
2.000000 
2.000000 
1.581139 
1.581139 
1.500000 
1.500000 
2.000000 
2.000000 
0.707107 
0.707107 
0.500000 
0.500000 
0.500000 
0.500000 
1.000000 
1.000000 
0.707107 
0.707107 
1.581139 
1.581139 
1.581139 
1.581139 
1.581139 
1.581139 
1.118034 
1.118034 
1.581139 
1.581139 
1.500000 
1.500000 
2.000000 
2.000000 
0.707107 
0.707107 
1.118034 
1.118034 
1.118034 
1.118034 
1.500000 
1.500000 
1.802776 
1.802776 
2.061553 
2.061553 
2.121320 
2.121320 
1.581139 
1.581139 
0.000000 
0.000000 
1.581139 
1.581139 
1.500000 
1.500000 
0.707107 
0.707107 
0.707107 
0.707107 
4.527693 
4.527693 
1.000000 
1.000000 
4.301163 
4.301163 
1.581139 
1.581139 
1.581139 
1.581139 
1.581139 
1.581139 
0.000000 
0.000000 
1.581139 
1.581139 
1.500000 
1.500000 
0.707107 
0.707107 
0.707107 
0.707107 
0.707107 
0.707107 
3.605551 
3.605551 
0.500000 
0.500000 
0.000000 
0.000000 
0.000000 
0.000000 
5.099020 
5.099020 
1.581139 
1.581139 
1.581139 
1.581139 
1.118034 
1.118034 
1.581139 
1.581139 
1.500000 
1.500000 
0.707107 
0.707107 
0.707107 
0.707107 
0.707107 
0.707107 
2.500000 
2.500000 
0.000000 
0.000000 
0.500000 
0.500000 
1.500000 
1.500000 
1.581139 
1.581139 
1.581139 
1.581139 
1.581139 
1.581139 
0.707107 
0.707107 
1.581139 
1.581139 
0.707107 
0.707107 
0.707107 
0.707107 
0.707107 
0.707107 
2.121320 
2.121320 
0.000000 
0.000000 
3.535534 
3.535534 
1.581139 
1.581139 
2.061553 
2.061553 
1.581139 
1.581139 
1.581139 
1.581139 
1.000000 
1.000000 
1.581139 
1.581139 
0.707107 
0.707107 
0.707107 
0.707107 
2.500000 
2.500000 
0.000000 
0.000000 
0.000000 
0.000000 
0.000000 
0.000000 
0.500000 
0.500000 
1.581139 
1.581139 
1.802776 
1.802776 
1.581139 
1.581139 
1.581139 
1.581139 
1.414214 
1.414214 
1.581139 
1.581139 
0.707107 
0.707107 
0.707107 
0.707107 
4.301163 
4.301163 
0.000000 
0.000000 
