0.000000 
0.000000 
0.000000 
0.000000 
0.000000 
0.000000 
0.000000 
0.000000 
0.000000 
0.000000 
0.000000 
0.000000 
0.000000 
0.000000 
0.000000 
0.000000 
0.000000 
0.000000 
0.000000 
0.000000 
0.500000 
0.500000 
1.581139 
1.581139 
2.061553 
2.061553 
3.905125 
3.905125 
1.000000 
1.000000 
2.236068 
2.236068 
0.000000 
0.000000 
0.000000 
0.000000 
0.500000 
0.500000 
1.000000 
1.000000 
4.500000 
4.500000 
2.915476 
2.915476 
0.707107 
0.707107 
3.535534 
3.535534 
0.000000 
0.000000 
0.000000 
0.000000 
2.692582 
2.692582 
1.581139 
1.581139 
1.581139 
1.581139 
2.692582 
2.692582 
0.707107 
0.707107 
2.500000 
2.500000 
0.000000 
0.000000 
0.000000 
0.000000 
1.118034 
1.118034 
2.500000 
2.500000 
2.061553 
2.061553 
5.700877 
5.700877 
0.707107 
0.707107 
5.522681 
5.522681 
0.000000 
0.000000 
0.000000 
0.000000 
3.162278 
3.162278 
3.354102 
3.354102 
2.549510 
2.549510 
2.692582 
2.692582 
1.000000 
1.000000 
2.828427 
2.828427 
0.000000 
0.000000 
0.000000 
0.000000 
3.041381 
3.041381 
1.414214 
1.414214 
2.692582 
2.692582 
3.640055 
3.640055 
0.000000 
0.000000 
0.707107 
0.707107 
2.915476 
2.915476 
0.000000 
0.000000 
0.000000 
0.000000 
3.162278 
3.162278 
1.414214 
1.414214 
2.061553 
2.061553 
3.640055 
3.640055 
0.000000 
0.000000 
0.000000 
0.000000 
2.915476 
2.915476 
0.707107 
0.707107 
3.354102 
3.354102 
0.000000 
0.000000 
0.000000 
0.000000 
3.162278 
3.162278 
1.802776 
1.802776 
4.031129 
4.031129 
3.640055 
3.640055 
0.000000 
0.000000 
0.000000 
0.000000 
0.500000 
0.500000 
0.500000 
0.500000 
3.605551 
3.605551 
0.707107 
0.707107 
2.121320 
2.121320 
0.000000 
0.000000 
0.000000 
0.000000 
3.162278 
3.162278 
2.236068 
2.236068 
1.118034 
1.118034 
3.640055 
3.640055 
1.000000 
1.000000 
2.000000 
2.000000 
0.500000 
0.500000 
1.000000 
1.000000 
3.162278 
3.162278 
0.707107 
0.707107 
4.527693 
4.527693 
0.000000 
0.000000 
0.000000 
0.000000 
3.162278 
3.162278 
2.500000 
2.500000 
1.118034 
1.118034 
3.640055 
3.640055 
0.000000 
0.000000 
0.000000 
0.000000 
1.000000 
1.000000 
5.024938 
5.024938 
0.500000 
0.500000 
0.707107 
0.707107 
3.162278 
3.162278 
0.707107 
0.707107 
1.118034 
1.118034 
0.000000 
0.000000 
0.000000 
0.000000 
3.162278 
3.162278 
1.000000 
1.000000 
1.118034 
1.118034 
3.640055 
3.640055 
0.500000 
0.500000 
2.549510 
2.549510 
1.000000 
1.000000 
3.041381 
3.041381 
0.500000 
0.500000 
1.000000 
1.000000 
3.162278 
3.162278 
0.707107 
0.707107 
1.118034 
1.118034 
0.000000 
0.000000 
0.000000 
0.000000 
3.162278 
3.162278 
0.000000 
0.000000 
1.500000 
1.500000 
3.640055 
3.640055 
0.000000 
0.000000 
0.500000 
0.500000 
3.640055 
3.640055 
1.000000 
1.000000 
3.535534 
3.535534 
0.500000 
0.500000 
1.118034 
1.118034 
3.162278 
3.162278 
0.707107 
0.707107 
4.272002 
4.272002 
0.000000 
0.000000 
0.000000 
0.000000 
3.162278 
3.162278 
0.707107 
0.707107 
4.123106 
4.123106 
3.640055 
3.640055 
0.000000 
0.000000 
0.000000 
0.000000 
0.000000 
0.000000 
1.118034 
1.118034 
0.500000 
0.500000 
3.640055 
3.640055 
1.000000 
1.000000 
3.535534 
3.535534 
0.500000 
0.500000 
1.118034 
1.118034 
3.162278 
3.162278 
0.707107 
0.707107 
2.549510 
2.549510 
0.000000 
0.000000 
0.000000 
0.000000 
3.162278 
3.162278 
1.581139 
1.581139 
1.500000 
1.500000 
3.640055 
3.640055 
0.500000 
0.500000 
2.000000 
2.000000 
3.041381 
3.041381 
1.000000 
1.000000 
0.500000 
0.500000 
3.640055 
3.640055 
1.000000 
1.000000 
3.535534 
3.535534 
0.500000 
0.500000 
0.707107 
0.707107 
3.162278 
3.162278 
0.707107 
0.707107 
2.000000 
2.000000 
3.162278 
3.162278 
0.500000 
0.500000 
1.000000 
1.000000 
3.640055 
3.640055 
0.500000 
0.500000 
3.000000 
3.000000 
3.162278 
3.162278 
3.535534 
3.535534 
0.500000 
0.500000 
3.640055 
3.640055 
1.000000 
1.000000 
3.535534 
3.535534 
0.500000 
0.500000 
0.000000 
0.000000 
3.162278 
3.162278 
0.707107 
0.707107 
1.581139 
1.581139 
3.162278 
3.162278 
0.000000 
0.000000 
0.707107 
0.707107 
3.640055 
3.640055 
0.707107 
0.707107 
3.041381 
3.041381 
2.828427 
2.828427 
2.061553 
2.061553 
0.500000 
0.500000 
3.640055 
3.640055 
1.000000 
1.000000 
3.535534 
3.535534 
0.500000 
0.500000 
0.000000 
0.000000 
3.162278 
3.162278 
0.707107 
0.707107 
0.707107 
0.707107 
3.162278 
3.162278 
0.000000 
0.000000 
0.000000 
0.000000 
3.640055 
3.640055 
0.000000 
0.000000 
0.707107 
0.707107 
3.041381 
3.041381 
5.024938 
5.024938 
1.118034 
1.118034 
0.500000 
0.500000 
3.640055 
3.640055 
1.000000 
1.000000 
3.535534 
3.535534 
0.500000 
0.500000 
2.549510 
2.549510 
3.162278 
3.162278 
0.707107 
0.707107 
0.707107 
0.707107 
3.162278 
3.162278 
0.707107 
0.707107 
1.118034 
1.118034 
3.640055 
3.640055 
2.692582 
2.692582 
0.500000 
0.500000 
3.041381 
3.041381 
2.061553 
2.061553 
4.031129 
4.031129 
0.500000 
0.500000 
3.640055 
3.640055 
1.000000 
1.000000 
3.535534 
3.535534 
0.500000 
0.500000 
0.500000 
0.500000 
3.162278 
3.162278 
0.707107 
0.707107 
1.581139 
1.581139 
3.162278 
3.162278 
0.000000 
0.000000 
0.500000 
0.500000 
3.640055 
3.640055 
0.000000 
0.000000 
3.000000 
3.000000 
0.500000 
0.500000 
3.041381 
3.041381 
2.549510 
2.549510 
1.581139 
1.581139 
0.500000 
0.500000 
3.640055 
3.640055 
1.000000 
1.000000 
3.535534 
3.535534 
0.500000 
0.500000 
0.500000 
0.500000 
3.162278 
3.162278 
0.707107 
0.707107 
1.581139 
1.581139 
3.162278 
3.162278 
0.000000 
0.000000 
0.707107 
0.707107 
3.640055 
3.640055 
0.707107 
0.707107 
4.301163 
4.301163 
0.500000 
0.500000 
3.041381 
3.041381 
2.500000 
2.500000 
1.581139 
1.581139 
0.500000 
0.500000 
3.640055 
3.640055 
1.000000 
1.000000 
3.535534 
3.535534 
0.500000 
0.500000 
0.500000 
0.500000 
3.162278 
3.162278 
0.707107 
0.707107 
1.581139 
1.581139 
3.162278 
3.162278 
0.707107 
0.707107 
0.707107 
0.707107 
0.707107 
0.707107 
1.581139 
1.581139 
0.500000 
0.500000 
3.041381 
3.041381 
2.121320 
2.121320 
4.609772 
4.609772 
0.500000 
0.500000 
3.640055 
3.640055 
1.000000 
1.000000 
3.535534 
3.535534 
0.500000 
0.500000 
0.500000 
0.500000 
3.162278 
3.162278 
2.549510 
2.549510 
1.581139 
1.581139 
0.707107 
0.707107 
0.500000 
0.500000 
0.000000 
0.000000 
0.000000 
0.000000 
0.707107 
0.707107 
1.581139 
1.581139 
0.500000 
0.500000 
3.041381 
3.041381 
1.802776 
1.802776 
2.000000 
2.000000 
0.500000 
0.500000 
3.640055 
3.640055 
1.000000 
1.000000 
3.535534 
3.535534 
0.500000 
0.500000 
0.500000 
0.500000 
3.162278 
3.162278 
0.707107 
0.707107 
1.581139 
1.581139 
0.000000 
0.000000 
1.802776 
1.802776 
0.000000 
0.000000 
1.118034 
1.118034 
3.041381 
3.041381 
0.707107 
0.707107 
1.581139 
1.581139 
0.500000 
0.500000 
3.041381 
3.041381 
1.802776 
1.802776 
1.581139 
1.581139 
0.500000 
0.500000 
3.640055 
3.640055 
1.000000 
1.000000 
3.535534 
3.535534 
0.500000 
0.500000 
3.162278 
3.162278 
0.000000 
0.000000 
1.581139 
1.581139 
0.500000 
0.500000 
1.118034 
1.118034 
2.000000 
2.000000 
2.236068 
2.236068 
3.000000 
3.000000 
0.707107 
0.707107 
1.581139 
1.581139 
0.500000 
0.500000 
3.041381 
3.041381 
1.802776 
1.802776 
1.581139 
1.581139 
0.500000 
0.500000 
3.640055 
3.640055 
3.535534 
3.535534 
0.500000 
0.500000 
0.000000 
0.000000 
1.581139 
1.581139 
1.000000 
1.000000 
1.802776 
1.802776 
0.000000 
0.000000 
2.000000 
2.000000 
1.414214 
1.414214 
5.590170 
5.590170 
0.707107 
0.707107 
1.581139 
1.581139 
0.500000 
0.500000 
3.041381 
3.041381 
1.802776 
1.802776 
2.000000 
2.000000 
0.500000 
0.500000 
3.640055 
3.640055 
3.535534 
3.535534 
0.500000 
0.500000 
0.000000 
0.000000 
1.581139 
1.581139 
0.000000 
0.000000 
1.118034 
1.118034 
0.000000 
0.000000 
0.000000 
0.000000 
1.000000 
1.000000 
2.000000 
2.000000 
8.246211 
8.246211 
2.549510 
2.549510 
0.707107 
0.707107 
1.581139 
1.581139 
0.500000 
0.500000 
3.041381 
3.041381 
1.802776 
1.802776 
1.118034 
1.118034 
0.500000 
0.500000 
3.640055 
3.640055 
3.535534 
3.535534 
0.500000 
0.500000 
0.000000 
0.000000 
1.581139 
1.581139 
3.605551 
3.605551 
1.000000 
1.000000 
1.500000 
1.500000 
2.061553 
2.061553 
0.000000 
0.000000 
2.000000 
2.000000 
1.000000 
1.000000 
3.535534 
3.535534 
0.707107 
0.707107 
1.581139 
1.581139 
0.500000 
0.500000 
3.041381 
3.041381 
1.802776 
1.802776 
0.707107 
0.707107 
0.500000 
0.500000 
0.500000 
0.500000 
0.000000 
0.000000 
1.581139 
1.581139 
0.500000 
0.500000 
1.118034 
1.118034 
0.000000 
0.000000 
2.000000 
2.000000 
3.535534 
3.535534 
1.000000 
1.000000 
2.000000 
2.000000 
1.000000 
1.000000 
2.549510 
2.549510 
0.707107 
0.707107 
1.581139 
1.581139 
0.500000 
0.500000 
3.041381 
3.041381 
1.802776 
1.802776 
1.802776 
1.802776 
0.500000 
0.500000 
0.000000 
0.000000 
1.581139 
1.581139 
0.500000 
0.500000 
1.000000 
1.000000 
1.000000 
1.000000 
1.500000 
1.500000 
1.118034 
1.118034 
0.500000 
0.500000 
2.000000 
2.000000 
0.707107 
0.707107 
6.082763 
6.082763 
0.707107 
0.707107 
1.581139 
1.581139 
0.500000 
0.500000 
3.041381 
3.041381 
1.802776 
1.802776 
1.802776 
1.802776 
0.500000 
0.500000 
0.000000 
0.000000 
1.581139 
1.581139 
0.500000 
0.500000 
3.354102 
3.354102 
0.707107 
0.707107 
1.500000 
1.500000 
2.061553 
2.061553 
0.500000 
0.500000 
2.000000 
2.000000 
0.707107 
0.707107 
2.549510 
2.549510 
0.707107 
0.707107 
1.581139 
1.581139 
0.500000 
0.500000 
3.041381 
3.041381 
1.802776 
1.802776 
1.118034 
1.118034 
0.500000 
0.500000 
0.000000 
0.000000 
1.581139 
1.581139 
0.500000 
0.500000 
1.118034 
1.118034 
0.000000 
0.000000 
0.500000 
0.500000 
1.500000 
1.500000 
4.123106 
4.123106 
0.500000 
0.500000 
2.000000 
2.000000 
0.000000 
0.000000 
3.041381 
3.041381 
0.707107 
0.707107 
1.581139 
1.581139 
0.500000 
0.500000 
1.802776 
1.802776 
0.707107 
0.707107 
0.500000 
0.500000 
0.000000 
0.000000 
1.581139 
1.581139 
0.500000 
0.500000 
2.061553 
2.061553 
2.121320 
2.121320 
0.707107 
0.707107 
1.500000 
1.500000 
1.581139 
1.581139 
0.500000 
0.500000 
2.000000 
2.000000 
0.000000 
0.000000 
2.549510 
2.549510 
0.707107 
0.707107 
1.581139 
1.581139 
0.500000 
0.500000 
1.802776 
1.802776 
0.500000 
0.500000 
0.500000 
0.500000 
0.000000 
0.000000 
1.581139 
1.581139 
0.500000 
0.500000 
2.061553 
2.061553 
0.000000 
0.000000 
2.236068 
2.236068 
1.118034 
1.118034 
1.500000 
1.500000 
1.581139 
1.581139 
0.500000 
0.500000 
2.000000 
2.000000 
4.500000 
4.500000 
6.020797 
6.020797 
0.707107 
0.707107 
1.581139 
1.581139 
1.802776 
1.802776 
0.707107 
0.707107 
0.000000 
0.000000 
1.581139 
1.581139 
0.500000 
0.500000 
2.549510 
2.549510 
0.000000 
0.000000 
1.581139 
1.581139 
3.041381 
3.041381 
0.500000 
0.500000 
1.500000 
1.500000 
2.549510 
2.549510 
0.500000 
0.500000 
2.000000 
2.000000 
1.118034 
1.118034 
2.236068 
2.236068 
0.707107 
0.707107 
1.581139 
1.581139 
1.802776 
1.802776 
0.707107 
0.707107 
0.000000 
0.000000 
0.500000 
0.500000 
2.000000 
2.000000 
0.000000 
0.000000 
1.802776 
1.802776 
2.061553 
2.061553 
0.500000 
0.500000 
1.500000 
1.500000 
1.500000 
1.500000 
0.500000 
0.500000 
2.000000 
2.000000 
1.118034 
1.118034 
3.535534 
3.535534 
1.581139 
1.581139 
1.802776 
1.802776 
1.118034 
1.118034 
0.000000 
0.000000 
0.500000 
0.500000 
0.500000 
0.500000 
0.500000 
0.500000 
1.000000 
1.000000 
5.024938 
5.024938 
0.500000 
0.500000 
1.500000 
1.500000 
3.605551 
3.605551 
0.500000 
0.500000 
2.000000 
2.000000 
1.000000 
1.000000 
2.061553 
2.061553 
1.802776 
1.802776 
1.118034 
1.118034 
0.000000 
0.000000 
0.500000 
0.500000 
5.522681 
5.522681 
0.000000 
0.000000 
0.500000 
0.500000 
1.500000 
1.500000 
2.500000 
2.500000 
0.500000 
0.500000 
1.500000 
1.500000 
1.414214 
1.414214 
0.500000 
0.500000 
2.000000 
2.000000 
1.118034 
1.118034 
2.061553 
2.061553 
1.118034 
1.118034 
0.000000 
0.000000 
0.500000 
0.500000 
3.000000 
3.000000 
