0.000000 
0.000000 
0.000000 
0.000000 
0.000000 
0.000000 
0.000000 
0.000000 
0.000000 
0.000000 
0.000000 
0.000000 
0.000000 
0.000000 
1.000000 
1.000000 
3.605551 
3.605551 
1.118034 
1.118034 
2.061553 
2.061553 
1.500000 
1.500000 
1.118034 
1.118034 
1.581139 
1.581139 
0.000000 
0.000000 
1.000000 
1.000000 
2.915476 
2.915476 
4.609772 
4.609772 
2.692582 
2.692582 
1.500000 
1.500000 
1.581139 
1.581139 
1.118034 
1.118034 
1.414214 
1.414214 
0.707107 
0.707107 
2.000000 
2.000000 
1.118034 
1.118034 
1.581139 
1.581139 
1.500000 
1.500000 
1.581139 
1.581139 
1.118034 
1.118034 
0.000000 
0.000000 
1.802776 
1.802776 
0.500000 
0.500000 
1.414214 
1.414214 
0.500000 
0.500000 
1.581139 
1.581139 
1.500000 
1.500000 
1.802776 
1.802776 
0.500000 
0.500000 
1.581139 
1.581139 
2.061553 
2.061553 
0.000000 
0.000000 
4.000000 
4.000000 
0.500000 
0.500000 
1.581139 
1.581139 
1.500000 
1.500000 
1.581139 
1.581139 
1.000000 
1.000000 
2.500000 
2.500000 
4.301163 
4.301163 
0.000000 
0.000000 
1.500000 
1.500000 
1.118034 
1.118034 
1.581139 
1.581139 
1.500000 
1.500000 
1.000000 
1.000000 
0.000000 
0.000000 
2.549510 
2.549510 
2.061553 
2.061553 
0.707107 
0.707107 
2.000000 
2.000000 
0.000000 
0.000000 
1.581139 
1.581139 
1.500000 
1.500000 
1.000000 
1.000000 
0.500000 
0.500000 
0.000000 
0.000000 
2.549510 
2.549510 
4.123106 
4.123106 
1.000000 
1.000000 
4.000000 
4.000000 
0.000000 
0.000000 
1.581139 
1.581139 
1.500000 
1.500000 
3.500000 
3.500000 
0.500000 
0.500000 
2.061553 
2.061553 
2.549510 
2.549510 
1.581139 
1.581139 
0.500000 
0.500000 
1.500000 
1.500000 
0.500000 
0.500000 
1.581139 
1.581139 
1.500000 
1.500000 
1.118034 
1.118034 
0.500000 
0.500000 
2.000000 
2.000000 
2.549510 
2.549510 
2.236068 
2.236068 
0.707107 
0.707107 
4.031129 
4.031129 
1.118034 
1.118034 
1.581139 
1.581139 
1.500000 
1.500000 
0.500000 
0.500000 
0.500000 
0.500000 
0.000000 
0.000000 
2.500000 
2.500000 
2.549510 
2.549510 
2.000000 
2.000000 
0.500000 
0.500000 
1.500000 
1.500000 
0.500000 
0.500000 
1.581139 
1.581139 
1.500000 
1.500000 
1.118034 
1.118034 
0.500000 
0.500000 
0.000000 
0.000000 
2.061553 
2.061553 
2.549510 
2.549510 
1.581139 
1.581139 
4.031129 
4.031129 
0.707107 
0.707107 
0.707107 
0.707107 
1.581139 
1.581139 
1.500000 
1.500000 
1.000000 
1.000000 
0.500000 
0.500000 
0.000000 
0.000000 
0.707107 
0.707107 
1.000000 
1.000000 
2.549510 
2.549510 
1.802776 
1.802776 
0.500000 
0.500000 
1.581139 
1.581139 
0.500000 
0.500000 
1.581139 
1.581139 
1.500000 
1.500000 
1.118034 
1.118034 
0.500000 
0.500000 
1.000000 
1.000000 
1.000000 
1.000000 
5.000000 
5.000000 
2.549510 
2.549510 
2.236068 
2.236068 
0.000000 
0.000000 
2.061553 
2.061553 
0.500000 
0.500000 
1.581139 
1.581139 
1.500000 
1.500000 
0.500000 
0.500000 
0.500000 
0.500000 
0.000000 
0.000000 
0.707107 
0.707107 
1.118034 
1.118034 
2.549510 
2.549510 
2.549510 
2.549510 
4.031129 
4.031129 
0.707107 
0.707107 
3.162278 
3.162278 
0.500000 
0.500000 
1.581139 
1.581139 
1.500000 
1.500000 
1.000000 
1.000000 
0.500000 
0.500000 
2.915476 
2.915476 
1.414214 
1.414214 
3.041381 
3.041381 
2.061553 
2.061553 
2.549510 
2.549510 
2.000000 
2.000000 
1.000000 
1.000000 
1.118034 
1.118034 
0.500000 
0.500000 
1.581139 
1.581139 
1.118034 
1.118034 
0.500000 
0.500000 
0.000000 
0.000000 
1.118034 
1.118034 
0.500000 
0.500000 
2.061553 
2.061553 
2.549510 
2.549510 
2.500000 
2.500000 
1.118034 
1.118034 
1.581139 
1.581139 
0.500000 
0.500000 
1.581139 
1.581139 
1.118034 
1.118034 
0.500000 
0.500000 
0.500000 
0.500000 
0.500000 
0.500000 
0.707107 
0.707107 
2.061553 
2.061553 
2.549510 
2.549510 
3.041381 
3.041381 
1.500000 
1.500000 
4.031129 
4.031129 
0.500000 
0.500000 
0.500000 
0.500000 
0.500000 
0.500000 
0.000000 
0.000000 
0.000000 
0.000000 
2.500000 
2.500000 
0.500000 
0.500000 
0.707107 
0.707107 
4.527693 
4.527693 
2.549510 
2.549510 
2.061553 
2.061553 
1.414214 
1.414214 
0.707107 
0.707107 
0.500000 
0.500000 
1.118034 
1.118034 
0.500000 
0.500000 
0.000000 
0.000000 
1.118034 
1.118034 
0.500000 
0.500000 
1.000000 
1.000000 
0.500000 
0.500000 
0.707107 
0.707107 
1.118034 
1.118034 
2.549510 
2.549510 
4.000000 
4.000000 
1.414214 
1.414214 
1.118034 
1.118034 
0.500000 
0.500000 
0.707107 
0.707107 
0.500000 
0.500000 
0.500000 
0.500000 
0.707107 
0.707107 
1.000000 
1.000000 
0.707107 
0.707107 
0.500000 
0.500000 
0.707107 
0.707107 
1.581139 
1.581139 
2.549510 
2.549510 
2.236068 
2.236068 
1.414214 
1.414214 
1.414214 
1.414214 
0.500000 
0.500000 
0.500000 
0.500000 
0.500000 
0.500000 
1.118034 
1.118034 
1.000000 
1.000000 
1.000000 
1.000000 
1.581139 
1.581139 
0.500000 
0.500000 
0.707107 
0.707107 
1.500000 
1.500000 
2.500000 
2.500000 
1.414214 
1.414214 
1.000000 
1.000000 
0.500000 
0.500000 
0.500000 
0.500000 
1.000000 
1.000000 
2.000000 
2.000000 
3.500000 
3.500000 
1.118034 
1.118034 
0.500000 
0.500000 
0.707107 
0.707107 
2.000000 
2.000000 
2.236068 
2.236068 
1.414214 
1.414214 
2.061553 
2.061553 
0.500000 
0.500000 
0.500000 
0.500000 
1.118034 
1.118034 
1.118034 
1.118034 
0.707107 
0.707107 
0.500000 
0.500000 
0.500000 
0.500000 
0.707107 
0.707107 
2.000000 
2.000000 
1.500000 
1.500000 
1.414214 
1.414214 
2.000000 
2.000000 
0.500000 
0.500000 
3.041381 
3.041381 
3.041381 
3.041381 
0.000000 
0.000000 
0.707107 
0.707107 
2.000000 
2.000000 
0.500000 
0.500000 
0.707107 
0.707107 
2.061553 
2.061553 
1.500000 
1.500000 
1.414214 
1.414214 
1.581139 
1.581139 
0.500000 
0.500000 
0.500000 
0.500000 
0.000000 
0.000000 
1.000000 
1.000000 
1.414214 
1.414214 
0.707107 
0.707107 
1.118034 
1.118034 
0.500000 
0.500000 
0.707107 
0.707107 
1.000000 
1.000000 
1.118034 
1.118034 
1.414214 
1.414214 
5.024938 
5.024938 
0.500000 
0.500000 
0.707107 
0.707107 
0.500000 
0.500000 
2.061553 
2.061553 
0.000000 
0.000000 
0.707107 
0.707107 
0.500000 
0.500000 
0.500000 
0.500000 
0.707107 
0.707107 
4.000000 
4.000000 
5.024938 
5.024938 
1.414214 
1.414214 
2.061553 
2.061553 
0.500000 
0.500000 
0.707107 
0.707107 
0.707107 
0.707107 
0.707107 
0.707107 
3.535534 
3.535534 
0.707107 
0.707107 
2.000000 
2.000000 
0.500000 
0.500000 
0.707107 
0.707107 
2.236068 
2.236068 
2.000000 
2.000000 
1.414214 
1.414214 
2.549510 
2.549510 
0.500000 
0.500000 
1.500000 
1.500000 
1.118034 
1.118034 
4.500000 
4.500000 
0.500000 
0.500000 
0.707107 
0.707107 
1.118034 
1.118034 
0.500000 
0.500000 
0.707107 
0.707107 
3.162278 
3.162278 
2.061553 
2.061553 
1.414214 
1.414214 
4.123106 
4.123106 
2.236068 
2.236068 
0.707107 
0.707107 
1.500000 
1.500000 
0.000000 
0.000000 
0.707107 
0.707107 
1.118034 
1.118034 
0.500000 
0.500000 
0.707107 
0.707107 
2.061553 
2.061553 
2.692582 
2.692582 
1.414214 
1.414214 
0.500000 
0.500000 
1.118034 
1.118034 
0.000000 
0.000000 
0.000000 
0.000000 
3.535534 
3.535534 
1.500000 
1.500000 
0.707107 
0.707107 
0.707107 
0.707107 
1.414214 
1.414214 
0.500000 
0.500000 
0.707107 
0.707107 
2.061553 
2.061553 
1.802776 
1.802776 
1.414214 
1.414214 
0.500000 
0.500000 
2.061553 
2.061553 
0.000000 
0.000000 
2.061553 
2.061553 
3.000000 
3.000000 
0.707107 
0.707107 
1.500000 
1.500000 
0.707107 
0.707107 
0.707107 
0.707107 
1.118034 
1.118034 
0.500000 
0.500000 
0.707107 
0.707107 
5.099020 
5.099020 
1.802776 
1.802776 
1.414214 
1.414214 
0.500000 
0.500000 
1.500000 
1.500000 
0.000000 
0.000000 
0.000000 
0.000000 
4.123106 
4.123106 
2.549510 
2.549510 
1.414214 
1.414214 
1.500000 
1.500000 
0.707107 
0.707107 
0.707107 
0.707107 
0.500000 
0.500000 
1.802776 
1.802776 
1.802776 
1.802776 
1.414214 
1.414214 
0.500000 
0.500000 
1.000000 
1.000000 
0.000000 
0.000000 
0.000000 
0.000000 
0.000000 
0.000000 
0.000000 
0.000000 
2.500000 
2.500000 
2.549510 
2.549510 
0.707107 
0.707107 
1.500000 
1.500000 
0.707107 
0.707107 
0.707107 
0.707107 
0.707107 
0.707107 
2.061553 
2.061553 
1.802776 
1.802776 
0.500000 
0.500000 
3.535534 
3.535534 
0.000000 
0.000000 
2.000000 
2.000000 
0.000000 
0.000000 
0.000000 
0.000000 
0.000000 
0.000000 
1.581139 
1.581139 
2.549510 
2.549510 
0.707107 
0.707107 
1.500000 
1.500000 
1.000000 
1.000000 
0.707107 
0.707107 
3.535534 
3.535534 
2.061553 
2.061553 
1.802776 
1.802776 
0.500000 
0.500000 
0.707107 
0.707107 
0.000000 
0.000000 
2.549510 
2.549510 
1.118034 
1.118034 
0.000000 
0.000000 
0.000000 
0.000000 
0.000000 
0.000000 
1.581139 
1.581139 
2.549510 
2.549510 
0.707107 
0.707107 
1.500000 
1.500000 
0.000000 
0.000000 
0.707107 
0.707107 
0.500000 
0.500000 
2.549510 
2.549510 
1.802776 
1.802776 
0.500000 
0.500000 
1.500000 
1.500000 
4.949747 
4.949747 
2.500000 
2.500000 
1.118034 
1.118034 
0.000000 
0.000000 
0.000000 
0.000000 
0.000000 
0.000000 
1.581139 
1.581139 
2.549510 
2.549510 
0.707107 
0.707107 
1.500000 
1.500000 
0.000000 
0.000000 
0.707107 
0.707107 
3.041381 
3.041381 
2.692582 
2.692582 
1.802776 
1.802776 
0.500000 
0.500000 
1.118034 
1.118034 
0.000000 
0.000000 
3.162278 
3.162278 
3.640055 
3.640055 
1.118034 
1.118034 
0.000000 
0.000000 
0.000000 
0.000000 
0.000000 
0.000000 
1.581139 
1.581139 
2.549510 
2.549510 
3.000000 
3.000000 
1.500000 
1.500000 
0.500000 
0.500000 
0.707107 
0.707107 
1.581139 
1.581139 
4.472136 
4.472136 
1.802776 
1.802776 
0.500000 
0.500000 
2.061553 
2.061553 
