0.000000 
0.000000 
0.000000 
0.000000 
0.000000 
0.000000 
0.000000 
0.000000 
0.000000 
0.000000 
3.041381 
3.041381 
0.000000 
0.000000 
0.000000 
0.000000 
3.201562 
3.201562 
0.000000 
0.000000 
1.581139 
1.581139 
1.414214 
1.414214 
0.000000 
0.000000 
0.000000 
0.000000 
2.121320 
2.121320 
0.000000 
0.000000 
1.118034 
1.118034 
2.000000 
2.000000 
5.024938 
5.024938 
0.000000 
0.000000 
0.000000 
0.000000 
2.121320 
2.121320 
0.000000 
0.000000 
0.000000 
0.000000 
1.581139 
1.581139 
2.061553 
2.061553 
2.000000 
2.000000 
2.236068 
2.236068 
0.000000 
0.000000 
0.000000 
0.000000 
2.121320 
2.121320 
1.118034 
1.118034 
2.061553 
2.061553 
2.121320 
2.121320 
1.802776 
1.802776 
2.000000 
2.000000 
1.118034 
1.118034 
0.000000 
0.000000 
0.000000 
0.000000 
2.121320 
2.121320 
0.000000 
0.000000 
1.118034 
1.118034 
2.061553 
2.061553 
2.121320 
2.121320 
1.802776 
1.802776 
2.000000 
2.000000 
3.535534 
3.535534 
0.000000 
0.000000 
0.000000 
0.000000 
2.121320 
2.121320 
0.000000 
0.000000 
1.118034 
1.118034 
2.061553 
2.061553 
4.031129 
4.031129 
4.301163 
4.301163 
2.000000 
2.000000 
1.118034 
1.118034 
0.000000 
0.000000 
0.000000 
0.000000 
2.121320 
2.121320 
0.000000 
0.000000 
0.000000 
0.000000 
1.118034 
1.118034 
2.061553 
2.061553 
2.061553 
2.061553 
5.024938 
5.024938 
2.000000 
2.000000 
1.581139 
1.581139 
0.000000 
0.000000 
0.000000 
0.000000 
2.121320 
2.121320 
0.000000 
0.000000 
0.000000 
0.000000 
1.118034 
1.118034 
2.061553 
2.061553 
1.118034 
1.118034 
0.707107 
0.707107 
2.000000 
2.000000 
1.118034 
1.118034 
0.000000 
0.000000 
0.000000 
0.000000 
2.121320 
2.121320 
0.000000 
0.000000 
0.000000 
0.000000 
0.000000 
0.000000 
0.000000 
0.000000 
0.000000 
0.000000 
1.118034 
1.118034 
2.061553 
2.061553 
1.118034 
1.118034 
0.707107 
0.707107 
2.000000 
2.000000 
1.118034 
1.118034 
0.000000 
0.000000 
0.000000 
0.000000 
2.121320 
2.121320 
0.000000 
0.000000 
0.000000 
0.000000 
0.000000 
0.000000 
0.000000 
0.000000 
0.000000 
0.000000 
0.000000 
0.000000 
1.118034 
1.118034 
2.061553 
2.061553 
1.118034 
1.118034 
0.707107 
0.707107 
2.000000 
2.000000 
1.118034 
1.118034 
0.000000 
0.000000 
0.000000 
0.000000 
2.121320 
2.121320 
0.000000 
0.000000 
1.581139 
1.581139 
0.000000 
0.000000 
0.000000 
0.000000 
0.000000 
0.000000 
0.000000 
0.000000 
0.000000 
0.000000 
1.118034 
1.118034 
2.061553 
2.061553 
1.118034 
1.118034 
0.707107 
0.707107 
2.000000 
2.000000 
1.118034 
1.118034 
0.000000 
0.000000 
0.000000 
0.000000 
2.121320 
2.121320 
0.500000 
0.500000 
1.802776 
1.802776 
0.000000 
0.000000 
0.000000 
0.000000 
0.000000 
0.000000 
0.000000 
0.000000 
0.000000 
0.000000 
1.118034 
1.118034 
2.061553 
2.061553 
1.118034 
1.118034 
0.707107 
0.707107 
2.000000 
2.000000 
1.118034 
1.118034 
0.000000 
0.000000 
0.000000 
0.000000 
2.121320 
2.121320 
0.000000 
0.000000 
0.500000 
0.500000 
1.802776 
1.802776 
0.000000 
0.000000 
0.000000 
0.000000 
0.000000 
0.000000 
0.000000 
0.000000 
0.000000 
0.000000 
1.118034 
1.118034 
2.061553 
2.061553 
1.118034 
1.118034 
0.707107 
0.707107 
2.000000 
2.000000 
1.118034 
1.118034 
0.000000 
0.000000 
0.000000 
0.000000 
2.121320 
2.121320 
3.000000 
3.000000 
0.500000 
0.500000 
1.802776 
1.802776 
0.000000 
0.000000 
0.000000 
0.000000 
0.000000 
0.000000 
0.000000 
0.000000 
0.000000 
0.000000 
1.118034 
1.118034 
2.061553 
2.061553 
1.118034 
1.118034 
0.707107 
0.707107 
2.000000 
2.000000 
1.118034 
1.118034 
2.121320 
2.121320 
3.162278 
3.162278 
0.500000 
0.500000 
1.802776 
1.802776 
0.000000 
0.000000 
0.000000 
0.000000 
0.000000 
0.000000 
0.000000 
0.000000 
0.000000 
0.000000 
1.118034 
1.118034 
2.061553 
2.061553 
1.118034 
1.118034 
0.707107 
0.707107 
2.000000 
2.000000 
1.118034 
1.118034 
2.121320 
2.121320 
0.000000 
0.000000 
3.162278 
3.162278 
0.500000 
0.500000 
1.802776 
1.802776 
0.000000 
0.000000 
0.000000 
0.000000 
0.000000 
0.000000 
0.000000 
0.000000 
0.000000 
0.000000 
1.118034 
1.118034 
2.061553 
2.061553 
1.118034 
1.118034 
0.707107 
0.707107 
2.000000 
2.000000 
1.118034 
1.118034 
0.000000 
0.000000 
3.500000 
3.500000 
3.162278 
3.162278 
0.500000 
0.500000 
1.802776 
1.802776 
0.000000 
0.000000 
0.000000 
0.000000 
0.000000 
0.000000 
0.000000 
0.000000 
0.000000 
0.000000 
1.118034 
1.118034 
2.061553 
2.061553 
1.118034 
1.118034 
0.707107 
0.707107 
1.118034 
1.118034 
0.000000 
0.000000 
1.500000 
1.500000 
3.500000 
3.500000 
3.162278 
3.162278 
0.500000 
0.500000 
1.802776 
1.802776 
0.000000 
0.000000 
0.000000 
0.000000 
0.000000 
0.000000 
0.000000 
0.000000 
0.000000 
0.000000 
1.118034 
1.118034 
2.061553 
2.061553 
1.118034 
1.118034 
0.707107 
0.707107 
1.118034 
1.118034 
4.000000 
4.000000 
1.500000 
1.500000 
3.500000 
3.500000 
3.162278 
3.162278 
0.500000 
0.500000 
1.802776 
1.802776 
0.000000 
0.000000 
0.000000 
0.000000 
0.000000 
0.000000 
0.000000 
0.000000 
0.000000 
0.000000 
1.118034 
1.118034 
0.707107 
0.707107 
1.118034 
1.118034 
4.000000 
4.000000 
1.500000 
1.500000 
3.500000 
3.500000 
3.162278 
3.162278 
0.500000 
0.500000 
1.802776 
1.802776 
0.000000 
0.000000 
0.000000 
0.000000 
0.000000 
0.000000 
0.000000 
0.000000 
1.118034 
1.118034 
0.707107 
0.707107 
1.118034 
1.118034 
4.000000 
4.000000 
1.500000 
1.500000 
3.500000 
3.500000 
3.162278 
3.162278 
0.500000 
0.500000 
1.802776 
1.802776 
0.000000 
0.000000 
0.000000 
0.000000 
0.000000 
0.000000 
0.000000 
0.000000 
1.118034 
1.118034 
0.707107 
0.707107 
1.118034 
1.118034 
4.000000 
4.000000 
1.500000 
1.500000 
3.500000 
3.500000 
3.162278 
3.162278 
0.500000 
0.500000 
1.802776 
1.802776 
0.000000 
0.000000 
0.000000 
0.000000 
0.000000 
0.000000 
1.118034 
1.118034 
0.707107 
0.707107 
1.118034 
1.118034 
0.000000 
0.000000 
0.000000 
0.000000 
4.000000 
4.000000 
1.500000 
1.500000 
3.500000 
3.500000 
3.162278 
3.162278 
0.500000 
0.500000 
1.802776 
1.802776 
0.000000 
0.000000 
0.000000 
0.000000 
0.000000 
0.000000 
0.000000 
0.000000 
4.272002 
4.272002 
4.000000 
4.000000 
1.500000 
1.500000 
3.500000 
3.500000 
3.162278 
3.162278 
0.500000 
0.500000 
1.802776 
1.802776 
0.000000 
0.000000 
4.272002 
4.272002 
4.000000 
4.000000 
1.500000 
1.500000 
3.500000 
3.500000 
3.162278 
3.162278 
0.500000 
0.500000 
1.802776 
1.802776 
0.000000 
0.000000 
4.272002 
4.272002 
4.000000 
4.000000 
1.500000 
1.500000 
3.500000 
3.500000 
3.162278 
3.162278 
0.500000 
0.500000 
1.802776 
1.802776 
0.000000 
0.000000 
0.000000 
0.000000 
4.272002 
4.272002 
4.000000 
4.000000 
1.500000 
1.500000 
3.500000 
3.500000 
3.162278 
3.162278 
2.121320 
2.121320 
0.000000 
0.000000 
4.272002 
4.272002 
4.000000 
4.000000 
1.500000 
1.500000 
3.500000 
3.500000 
3.162278 
3.162278 
0.000000 
0.000000 
2.121320 
2.121320 
0.000000 
0.000000 
4.272002 
4.272002 
4.000000 
4.000000 
1.500000 
1.500000 
3.500000 
3.500000 
3.162278 
3.162278 
0.000000 
0.000000 
2.121320 
2.121320 
0.000000 
0.000000 
4.272002 
4.272002 
4.000000 
4.000000 
1.500000 
1.500000 
3.500000 
3.500000 
0.000000 
0.000000 
2.121320 
2.121320 
0.000000 
0.000000 
4.272002 
4.272002 
4.000000 
4.000000 
1.500000 
1.500000 
3.500000 
3.500000 
0.000000 
0.000000 
2.121320 
2.121320 
0.000000 
0.000000 
4.272002 
4.272002 
4.000000 
4.000000 
1.500000 
1.500000 
0.000000 
0.000000 
2.121320 
2.121320 
0.000000 
0.000000 
4.272002 
4.272002 
4.000000 
4.000000 
0.000000 
0.000000 
2.121320 
2.121320 
0.000000 
0.000000 
4.272002 
4.272002 
0.000000 
0.000000 
2.121320 
2.121320 
0.000000 
0.000000 
4.272002 
4.272002 
0.000000 
0.000000 
0.000000 
0.000000 
2.121320 
2.121320 
0.000000 
0.000000 
4.272002 
4.272002 
1.000000 
1.000000 
0.000000 
0.000000 
2.121320 
2.121320 
0.000000 
0.000000 
4.272002 
4.272002 
