0.000000 
0.000000 
0.000000 
0.000000 
0.000000 
0.000000 
0.000000 
0.000000 
0.000000 
0.000000 
0.000000 
0.000000 
0.000000 
0.000000 
0.000000 
0.000000 
0.000000 
0.000000 
0.000000 
0.000000 
0.000000 
0.000000 
0.000000 
0.000000 
2.915476 
2.915476 
0.000000 
0.000000 
0.500000 
0.500000 
1.802776 
1.802776 
3.162278 
3.162278 
2.549510 
2.549510 
1.000000 
1.000000 
0.000000 
0.000000 
0.000000 
0.000000 
0.000000 
0.000000 
2.061553 
2.061553 
0.000000 
0.000000 
1.581139 
1.581139 
0.000000 
0.000000 
0.500000 
0.500000 
1.118034 
1.118034 
2.236068 
2.236068 
0.707107 
0.707107 
1.118034 
1.118034 
0.000000 
0.000000 
0.000000 
0.000000 
1.500000 
1.500000 
0.000000 
0.000000 
1.581139 
1.581139 
0.000000 
0.000000 
1.500000 
1.500000 
0.000000 
0.000000 
0.500000 
0.500000 
1.118034 
1.118034 
2.236068 
2.236068 
1.414214 
1.414214 
0.707107 
0.707107 
0.000000 
0.000000 
0.000000 
0.000000 
0.000000 
0.000000 
0.000000 
0.000000 
1.000000 
1.000000 
1.414214 
1.414214 
0.000000 
0.000000 
1.581139 
1.581139 
0.000000 
0.000000 
1.118034 
1.118034 
0.000000 
0.000000 
0.500000 
0.500000 
1.118034 
1.118034 
2.236068 
2.236068 
1.414214 
1.414214 
0.707107 
0.707107 
0.000000 
0.000000 
0.000000 
0.000000 
0.000000 
0.000000 
1.118034 
1.118034 
0.707107 
0.707107 
1.581139 
1.581139 
1.581139 
1.581139 
1.414214 
1.414214 
0.000000 
0.000000 
1.581139 
1.581139 
0.000000 
0.000000 
1.118034 
1.118034 
0.000000 
0.000000 
0.500000 
0.500000 
1.118034 
1.118034 
2.236068 
2.236068 
1.414214 
1.414214 
0.500000 
0.500000 
0.000000 
0.000000 
0.000000 
0.000000 
0.000000 
0.000000 
1.000000 
1.000000 
0.500000 
0.500000 
5.522681 
5.522681 
1.581139 
1.581139 
1.414214 
1.414214 
1.414214 
1.414214 
0.000000 
0.000000 
1.581139 
1.581139 
0.000000 
0.000000 
1.118034 
1.118034 
0.000000 
0.000000 
1.000000 
1.000000 
1.118034 
1.118034 
2.236068 
2.236068 
1.414214 
1.414214 
0.707107 
0.707107 
0.000000 
0.000000 
0.000000 
0.000000 
0.000000 
0.000000 
2.000000 
2.000000 
0.000000 
0.000000 
2.061553 
2.061553 
1.118034 
1.118034 
0.707107 
0.707107 
1.581139 
1.581139 
1.414214 
1.414214 
1.414214 
1.414214 
0.000000 
0.000000 
1.581139 
1.581139 
0.000000 
0.000000 
1.118034 
1.118034 
0.000000 
0.000000 
1.000000 
1.000000 
1.118034 
1.118034 
2.236068 
2.236068 
1.414214 
1.414214 
0.500000 
0.500000 
0.000000 
0.000000 
0.000000 
0.000000 
1.118034 
1.118034 
3.162278 
3.162278 
2.000000 
2.000000 
0.000000 
0.000000 
0.707107 
0.707107 
4.609772 
4.609772 
1.118034 
1.118034 
1.581139 
1.581139 
1.414214 
1.414214 
1.414214 
1.414214 
0.000000 
0.000000 
1.581139 
1.581139 
0.000000 
0.000000 
1.118034 
1.118034 
0.000000 
0.000000 
1.000000 
1.000000 
1.118034 
1.118034 
2.236068 
2.236068 
1.414214 
1.414214 
0.707107 
0.707107 
0.000000 
0.000000 
0.000000 
0.000000 
0.000000 
0.000000 
2.549510 
2.549510 
1.118034 
1.118034 
1.581139 
1.581139 
2.000000 
2.000000 
0.000000 
0.000000 
0.707107 
0.707107 
4.609772 
4.609772 
0.500000 
0.500000 
1.581139 
1.581139 
1.414214 
1.414214 
1.414214 
1.414214 
0.000000 
0.000000 
1.581139 
1.581139 
0.000000 
0.000000 
1.118034 
1.118034 
0.000000 
0.000000 
1.000000 
1.000000 
1.118034 
1.118034 
2.236068 
2.236068 
1.414214 
1.414214 
1.000000 
1.000000 
0.000000 
0.000000 
1.118034 
1.118034 
1.581139 
1.581139 
3.000000 
3.000000 
1.118034 
1.118034 
1.118034 
1.118034 
2.000000 
2.000000 
0.000000 
0.000000 
0.707107 
0.707107 
4.609772 
4.609772 
0.500000 
0.500000 
1.581139 
1.581139 
1.414214 
1.414214 
1.414214 
1.414214 
0.000000 
0.000000 
1.581139 
1.581139 
0.000000 
0.000000 
1.118034 
1.118034 
0.000000 
0.000000 
1.000000 
1.000000 
1.118034 
1.118034 
2.236068 
2.236068 
1.414214 
1.414214 
0.500000 
0.500000 
0.000000 
0.000000 
0.000000 
0.000000 
0.000000 
0.000000 
0.000000 
0.000000 
0.000000 
0.000000 
0.000000 
0.000000 
1.118034 
1.118034 
1.118034 
1.118034 
2.000000 
2.000000 
1.118034 
1.118034 
1.118034 
1.118034 
2.000000 
2.000000 
0.000000 
0.000000 
0.707107 
0.707107 
4.609772 
4.609772 
0.500000 
0.500000 
1.581139 
1.581139 
1.414214 
1.414214 
1.414214 
1.414214 
0.000000 
0.000000 
1.581139 
1.581139 
0.000000 
0.000000 
1.118034 
1.118034 
0.000000 
0.000000 
1.581139 
1.581139 
1.118034 
1.118034 
2.236068 
2.236068 
1.414214 
1.414214 
0.500000 
0.500000 
0.000000 
0.000000 
0.000000 
0.000000 
0.000000 
0.000000 
2.061553 
2.061553 
0.707107 
0.707107 
0.000000 
0.000000 
0.707107 
0.707107 
2.061553 
2.061553 
1.118034 
1.118034 
1.118034 
1.118034 
2.000000 
2.000000 
1.118034 
1.118034 
1.118034 
1.118034 
2.000000 
2.000000 
0.000000 
0.000000 
0.707107 
0.707107 
4.609772 
4.609772 
0.500000 
0.500000 
1.581139 
1.581139 
1.414214 
1.414214 
1.414214 
1.414214 
0.000000 
0.000000 
1.581139 
1.581139 
0.000000 
0.000000 
1.118034 
1.118034 
0.000000 
0.000000 
0.500000 
0.500000 
1.118034 
1.118034 
2.236068 
2.236068 
1.414214 
1.414214 
0.500000 
0.500000 
0.000000 
0.000000 
2.549510 
2.549510 
3.041381 
3.041381 
1.581139 
1.581139 
0.500000 
0.500000 
0.000000 
0.000000 
1.000000 
1.000000 
1.581139 
1.581139 
1.118034 
1.118034 
1.118034 
1.118034 
2.000000 
2.000000 
1.118034 
1.118034 
1.118034 
1.118034 
2.000000 
2.000000 
0.000000 
0.000000 
0.707107 
0.707107 
4.609772 
4.609772 
0.500000 
0.500000 
1.581139 
1.581139 
1.414214 
1.414214 
1.414214 
1.414214 
0.000000 
0.000000 
1.581139 
1.581139 
0.000000 
0.000000 
1.118034 
1.118034 
0.000000 
0.000000 
0.500000 
0.500000 
1.118034 
1.118034 
2.236068 
2.236068 
1.414214 
1.414214 
0.500000 
0.500000 
0.000000 
0.000000 
0.000000 
0.000000 
0.000000 
0.000000 
0.000000 
0.000000 
3.500000 
3.500000 
1.414214 
1.414214 
1.414214 
1.414214 
8.015610 
8.015610 
0.000000 
0.000000 
1.000000 
1.000000 
1.581139 
1.581139 
1.118034 
1.118034 
1.118034 
1.118034 
2.000000 
2.000000 
4.500000 
4.500000 
1.118034 
1.118034 
2.000000 
2.000000 
0.000000 
0.000000 
0.707107 
0.707107 
4.609772 
4.609772 
0.500000 
0.500000 
1.581139 
1.581139 
1.414214 
1.414214 
1.414214 
1.414214 
0.000000 
0.000000 
1.581139 
1.581139 
0.000000 
0.000000 
1.118034 
1.118034 
0.000000 
0.000000 
0.500000 
0.500000 
1.118034 
1.118034 
2.236068 
2.236068 
1.414214 
1.414214 
0.500000 
0.500000 
0.000000 
0.000000 
1.000000 
1.000000 
1.000000 
1.000000 
1.802776 
1.802776 
2.000000 
2.000000 
1.414214 
1.414214 
4.031129 
4.031129 
0.000000 
0.000000 
0.000000 
0.000000 
1.500000 
1.500000 
1.581139 
1.581139 
1.118034 
1.118034 
1.118034 
1.118034 
2.000000 
2.000000 
1.000000 
1.000000 
1.118034 
1.118034 
2.000000 
2.000000 
0.000000 
0.000000 
0.707107 
0.707107 
4.609772 
4.609772 
0.500000 
0.500000 
1.581139 
1.581139 
1.414214 
1.414214 
1.414214 
1.414214 
0.000000 
0.000000 
1.581139 
1.581139 
1.118034 
1.118034 
0.500000 
0.500000 
1.118034 
1.118034 
2.236068 
2.236068 
1.414214 
1.414214 
0.500000 
0.500000 
0.000000 
0.000000 
4.000000 
4.000000 
1.118034 
1.118034 
1.581139 
1.581139 
2.000000 
2.000000 
3.000000 
3.000000 
4.031129 
4.031129 
0.000000 
0.000000 
0.000000 
0.000000 
1.581139 
1.581139 
1.581139 
1.581139 
1.118034 
1.118034 
1.118034 
1.118034 
2.000000 
2.000000 
0.707107 
0.707107 
1.118034 
1.118034 
2.000000 
2.000000 
0.000000 
0.000000 
0.707107 
0.707107 
4.609772 
4.609772 
0.500000 
0.500000 
1.581139 
1.581139 
1.414214 
1.414214 
1.414214 
1.414214 
1.581139 
1.581139 
1.118034 
1.118034 
0.500000 
0.500000 
1.118034 
1.118034 
2.236068 
2.236068 
1.414214 
1.414214 
0.500000 
0.500000 
0.000000 
0.000000 
0.000000 
0.000000 
6.500000 
6.500000 
0.000000 
0.000000 
1.802776 
1.802776 
1.581139 
1.581139 
2.000000 
2.000000 
1.581139 
1.581139 
4.031129 
4.031129 
0.500000 
0.500000 
0.000000 
0.000000 
5.500000 
5.500000 
1.581139 
1.581139 
1.118034 
1.118034 
1.118034 
1.118034 
2.000000 
2.000000 
0.707107 
0.707107 
1.118034 
1.118034 
2.000000 
2.000000 
0.000000 
0.000000 
0.707107 
0.707107 
4.609772 
4.609772 
0.500000 
0.500000 
1.581139 
1.581139 
1.414214 
1.414214 
1.414214 
1.414214 
1.581139 
1.581139 
1.118034 
1.118034 
0.500000 
0.500000 
1.414214 
1.414214 
0.500000 
0.500000 
1.118034 
1.118034 
3.500000 
3.500000 
3.000000 
3.000000 
0.707107 
0.707107 
1.118034 
1.118034 
1.581139 
1.581139 
2.000000 
2.000000 
1.000000 
1.000000 
4.031129 
4.031129 
0.500000 
0.500000 
0.000000 
0.000000 
1.118034 
1.118034 
1.581139 
1.581139 
1.118034 
1.118034 
1.118034 
1.118034 
2.000000 
2.000000 
0.707107 
0.707107 
1.118034 
1.118034 
2.000000 
2.000000 
0.000000 
0.000000 
0.707107 
0.707107 
4.609772 
4.609772 
0.500000 
0.500000 
1.581139 
1.581139 
1.414214 
1.414214 
1.414214 
1.414214 
1.118034 
1.118034 
0.500000 
0.500000 
0.500000 
0.500000 
0.000000 
0.000000 
0.000000 
0.000000 
0.000000 
0.000000 
1.118034 
1.118034 
2.500000 
2.500000 
1.500000 
1.500000 
0.707107 
0.707107 
1.118034 
1.118034 
1.581139 
1.581139 
2.000000 
2.000000 
1.500000 
1.500000 
4.031129 
4.031129 
0.500000 
0.500000 
0.000000 
0.000000 
1.118034 
1.118034 
1.581139 
1.581139 
1.118034 
1.118034 
1.118034 
1.118034 
2.000000 
2.000000 
0.707107 
0.707107 
1.118034 
1.118034 
2.000000 
2.000000 
0.000000 
0.000000 
0.707107 
0.707107 
4.609772 
4.609772 
0.500000 
0.500000 
1.581139 
1.581139 
1.414214 
1.414214 
0.500000 
0.500000 
0.500000 
0.500000 
0.000000 
0.000000 
0.000000 
0.000000 
0.000000 
0.000000 
1.000000 
1.000000 
0.000000 
0.000000 
1.118034 
1.118034 
2.500000 
2.500000 
1.500000 
1.500000 
0.707107 
0.707107 
1.118034 
1.118034 
1.581139 
1.581139 
2.000000 
2.000000 
1.802776 
1.802776 
4.031129 
4.031129 
0.500000 
0.500000 
0.000000 
0.000000 
1.118034 
1.118034 
1.581139 
1.581139 
1.118034 
1.118034 
1.118034 
1.118034 
2.000000 
2.000000 
0.707107 
0.707107 
1.118034 
1.118034 
2.000000 
2.000000 
0.707107 
0.707107 
4.609772 
4.609772 
0.500000 
0.500000 
1.414214 
1.414214 
0.500000 
0.500000 
0.500000 
0.500000 
0.000000 
0.000000 
3.535534 
3.535534 
0.000000 
0.000000 
0.500000 
0.500000 
0.707107 
0.707107 
1.118034 
1.118034 
2.500000 
2.500000 
1.500000 
1.500000 
0.707107 
0.707107 
1.118034 
1.118034 
1.581139 
1.581139 
2.000000 
2.000000 
4.743416 
4.743416 
4.031129 
4.031129 
0.500000 
0.500000 
0.000000 
0.000000 
1.118034 
1.118034 
1.581139 
1.581139 
1.118034 
1.118034 
1.118034 
1.118034 
2.000000 
2.000000 
0.707107 
0.707107 
1.118034 
1.118034 
2.000000 
2.000000 
0.707107 
0.707107 
4.609772 
4.609772 
0.500000 
0.500000 
0.500000 
0.500000 
0.500000 
0.500000 
0.000000 
0.000000 
3.000000 
3.000000 
0.000000 
0.000000 
0.707107 
0.707107 
0.707107 
0.707107 
1.118034 
1.118034 
2.500000 
2.500000 
1.500000 
1.500000 
0.707107 
0.707107 
1.118034 
1.118034 
1.581139 
1.581139 
2.000000 
2.000000 
1.581139 
1.581139 
4.031129 
4.031129 
0.500000 
0.500000 
0.000000 
0.000000 
1.118034 
1.118034 
1.581139 
1.581139 
1.118034 
1.118034 
1.118034 
1.118034 
2.000000 
2.000000 
2.236068 
2.236068 
1.118034 
1.118034 
0.707107 
0.707107 
4.609772 
4.609772 
0.500000 
0.500000 
0.500000 
0.500000 
0.500000 
0.500000 
0.000000 
0.000000 
0.000000 
0.000000 
0.000000 
0.000000 
0.000000 
0.000000 
0.000000 
0.000000 
3.000000 
3.000000 
0.000000 
0.000000 
1.000000 
1.000000 
0.707107 
0.707107 
1.118034 
1.118034 
2.500000 
2.500000 
1.500000 
1.500000 
0.707107 
0.707107 
1.118034 
1.118034 
1.581139 
1.581139 
2.000000 
2.000000 
1.581139 
1.581139 
4.031129 
4.031129 
0.500000 
0.500000 
0.000000 
0.000000 
1.118034 
1.118034 
1.581139 
1.581139 
1.118034 
1.118034 
1.118034 
1.118034 
2.000000 
2.000000 
2.000000 
2.000000 
1.118034 
1.118034 
0.500000 
0.500000 
0.500000 
0.500000 
0.500000 
0.500000 
1.802776 
1.802776 
2.061553 
2.061553 
4.527693 
4.527693 
0.500000 
0.500000 
0.000000 
0.000000 
3.000000 
3.000000 
0.000000 
0.000000 
1.000000 
1.000000 
0.707107 
0.707107 
1.118034 
1.118034 
2.500000 
2.500000 
1.500000 
1.500000 
0.707107 
0.707107 
1.118034 
1.118034 
1.581139 
1.581139 
2.000000 
2.000000 
1.802776 
1.802776 
4.031129 
4.031129 
0.500000 
0.500000 
0.000000 
0.000000 
1.118034 
1.118034 
1.581139 
1.581139 
1.118034 
1.118034 
1.118034 
1.118034 
2.000000 
2.000000 
1.581139 
1.581139 
1.118034 
1.118034 
0.500000 
0.500000 
0.500000 
0.500000 
0.000000 
0.000000 
0.000000 
0.000000 
1.802776 
1.802776 
4.000000 
4.000000 
4.527693 
4.527693 
0.500000 
0.500000 
0.000000 
0.000000 
3.000000 
3.000000 
0.000000 
0.000000 
0.500000 
0.500000 
0.707107 
0.707107 
1.118034 
1.118034 
2.500000 
2.500000 
1.500000 
1.500000 
0.707107 
0.707107 
1.118034 
1.118034 
1.581139 
1.581139 
2.000000 
2.000000 
4.272002 
4.272002 
4.031129 
4.031129 
0.500000 
0.500000 
0.000000 
0.000000 
1.118034 
1.118034 
1.581139 
1.581139 
1.118034 
1.118034 
2.000000 
2.000000 
5.000000 
5.000000 
0.500000 
0.500000 
0.000000 
0.000000 
2.000000 
2.000000 
4.123106 
4.123106 
1.802776 
1.802776 
4.000000 
4.000000 
4.527693 
4.527693 
2.828427 
2.828427 
0.000000 
0.000000 
3.000000 
3.000000 
0.000000 
0.000000 
1.581139 
1.581139 
0.707107 
0.707107 
1.118034 
1.118034 
2.500000 
2.500000 
1.500000 
1.500000 
0.707107 
0.707107 
1.118034 
1.118034 
1.581139 
1.581139 
2.000000 
2.000000 
2.915476 
2.915476 
4.031129 
4.031129 
0.500000 
0.500000 
1.118034 
1.118034 
1.581139 
1.581139 
2.236068 
2.236068 
0.500000 
0.500000 
1.500000 
1.500000 
1.500000 
1.500000 
3.000000 
3.000000 
1.802776 
1.802776 
4.000000 
4.000000 
4.527693 
4.527693 
2.692582 
2.692582 
0.000000 
0.000000 
3.000000 
3.000000 
0.000000 
0.000000 
1.118034 
1.118034 
0.707107 
0.707107 
1.118034 
1.118034 
2.500000 
2.500000 
1.500000 
1.500000 
0.707107 
0.707107 
1.118034 
1.118034 
1.581139 
1.581139 
2.000000 
2.000000 
2.121320 
2.121320 
4.031129 
4.031129 
0.500000 
0.500000 
1.118034 
1.118034 
1.581139 
1.581139 
3.535534 
3.535534 
0.000000 
0.000000 
0.000000 
0.000000 
0.000000 
0.000000 
3.535534 
3.535534 
2.061553 
2.061553 
3.000000 
3.000000 
1.802776 
1.802776 
4.000000 
4.000000 
4.527693 
4.527693 
2.692582 
2.692582 
0.000000 
0.000000 
3.000000 
3.000000 
0.000000 
0.000000 
6.082763 
6.082763 
0.707107 
0.707107 
1.118034 
1.118034 
2.500000 
2.500000 
1.500000 
1.500000 
0.707107 
0.707107 
1.118034 
1.118034 
1.581139 
1.581139 
2.000000 
2.000000 
5.590170 
5.590170 
4.031129 
4.031129 
0.500000 
0.500000 
1.118034 
1.118034 
2.549510 
2.549510 
2.061553 
2.061553 
7.648529 
7.648529 
3.640055 
3.640055 
1.118034 
1.118034 
1.118034 
1.118034 
3.000000 
3.000000 
1.802776 
1.802776 
4.000000 
4.000000 
4.527693 
4.527693 
2.692582 
2.692582 
0.000000 
0.000000 
3.000000 
3.000000 
0.000000 
0.000000 
2.000000 
2.000000 
0.707107 
0.707107 
1.118034 
1.118034 
2.500000 
2.500000 
1.500000 
1.500000 
0.707107 
0.707107 
1.118034 
1.118034 
1.581139 
1.581139 
2.000000 
2.000000 
2.121320 
2.121320 
4.031129 
4.031129 
0.500000 
0.500000 
1.118034 
1.118034 
1.118034 
1.118034 
0.000000 
0.000000 
2.236068 
2.236068 
1.414214 
1.414214 
3.640055 
3.640055 
1.581139 
1.581139 
1.118034 
1.118034 
3.000000 
3.000000 
1.802776 
1.802776 
4.000000 
4.000000 
4.527693 
4.527693 
2.692582 
2.692582 
0.000000 
0.000000 
3.000000 
3.000000 
0.000000 
0.000000 
1.500000 
1.500000 
0.707107 
0.707107 
1.118034 
1.118034 
2.500000 
2.500000 
1.500000 
1.500000 
0.707107 
0.707107 
1.118034 
1.118034 
1.581139 
1.581139 
2.915476 
2.915476 
0.500000 
0.500000 
1.118034 
1.118034 
7.280110 
7.280110 
0.000000 
0.000000 
2.000000 
2.000000 
11.045361 
11.045361 
1.414214 
1.414214 
3.640055 
3.640055 
2.692582 
2.692582 
1.118034 
1.118034 
3.000000 
3.000000 
1.802776 
1.802776 
4.000000 
4.000000 
4.527693 
4.527693 
2.692582 
2.692582 
0.000000 
0.000000 
3.000000 
3.000000 
0.000000 
0.000000 
2.236068 
2.236068 
0.707107 
0.707107 
1.118034 
1.118034 
2.500000 
2.500000 
1.500000 
1.500000 
0.707107 
0.707107 
1.118034 
1.118034 
2.692582 
2.692582 
0.500000 
0.500000 
1.118034 
1.118034 
3.807887 
3.807887 
9.124144 
9.124144 
2.000000 
2.000000 
6.184658 
6.184658 
1.414214 
1.414214 
3.640055 
3.640055 
2.828427 
2.828427 
1.118034 
1.118034 
3.000000 
3.000000 
1.802776 
1.802776 
4.000000 
4.000000 
4.527693 
4.527693 
2.692582 
2.692582 
0.000000 
0.000000 
3.000000 
3.000000 
0.000000 
0.000000 
1.500000 
1.500000 
0.707107 
0.707107 
1.118034 
1.118034 
2.500000 
2.500000 
1.500000 
1.500000 
0.707107 
0.707107 
1.118034 
1.118034 
8.015610 
8.015610 
1.118034 
1.118034 
6.264982 
6.264982 
3.640055 
3.640055 
2.000000 
2.000000 
1.802776 
1.802776 
1.414214 
1.414214 
3.640055 
3.640055 
2.828427 
2.828427 
1.118034 
1.118034 
3.000000 
3.000000 
1.802776 
1.802776 
4.000000 
4.000000 
4.527693 
4.527693 
2.692582 
2.692582 
0.000000 
0.000000 
3.000000 
3.000000 
0.000000 
0.000000 
1.581139 
1.581139 
0.707107 
0.707107 
2.500000 
2.500000 
1.500000 
1.500000 
6.000000 
6.000000 
7.071068 
7.071068 
0.000000 
0.000000 
8.558621 
8.558621 
2.000000 
2.000000 
4.031129 
4.031129 
1.414214 
1.414214 
3.640055 
3.640055 
2.828427 
2.828427 
1.118034 
1.118034 
3.000000 
3.000000 
1.802776 
1.802776 
4.000000 
4.000000 
4.527693 
4.527693 
2.692582 
2.692582 
0.000000 
0.000000 
3.000000 
3.000000 
5.590170 
5.590170 
0.707107 
0.707107 
1.581139 
1.581139 
3.640055 
3.640055 
0.707107 
0.707107 
2.121320 
2.121320 
2.000000 
2.000000 
2.915476 
2.915476 
1.414214 
1.414214 
3.640055 
3.640055 
2.828427 
2.828427 
1.118034 
1.118034 
3.000000 
3.000000 
1.802776 
1.802776 
4.000000 
4.000000 
4.527693 
4.527693 
2.692582 
2.692582 
3.000000 
3.000000 
1.000000 
1.000000 
0.707107 
0.707107 
1.414214 
1.414214 
2.500000 
2.500000 
0.000000 
0.000000 
1.581139 
1.581139 
1.500000 
1.500000 
2.000000 
2.000000 
2.915476 
2.915476 
1.414214 
1.414214 
3.640055 
3.640055 
2.828427 
2.828427 
1.118034 
1.118034 
3.000000 
3.000000 
1.802776 
1.802776 
4.000000 
4.000000 
4.527693 
4.527693 
2.692582 
2.692582 
3.000000 
3.000000 
5.024938 
5.024938 
1.802776 
1.802776 
2.500000 
2.500000 
0.000000 
0.000000 
8.015610 
8.015610 
1.581139 
1.581139 
0.707107 
0.707107 
2.000000 
2.000000 
2.915476 
2.915476 
1.414214 
1.414214 
3.640055 
3.640055 
2.828427 
2.828427 
1.118034 
1.118034 
3.000000 
3.000000 
1.802776 
1.802776 
4.000000 
4.000000 
4.527693 
4.527693 
2.692582 
2.692582 
1.581139 
1.581139 
1.802776 
1.802776 
1.118034 
1.118034 
0.500000 
0.500000 
3.201562 
3.201562 
1.581139 
1.581139 
0.707107 
0.707107 
2.000000 
2.000000 
2.915476 
2.915476 
1.414214 
1.414214 
3.640055 
3.640055 
2.828427 
2.828427 
1.118034 
1.118034 
3.000000 
3.000000 
1.802776 
1.802776 
4.000000 
4.000000 
4.527693 
4.527693 
2.692582 
2.692582 
2.061553 
2.061553 
1.802776 
1.802776 
0.707107 
0.707107 
