0.000000 
0.000000 
0.000000 
0.000000 
0.000000 
0.000000 
0.000000 
0.000000 
0.000000 
0.000000 
1.000000 
1.000000 
0.000000 
0.000000 
0.000000 
0.000000 
0.000000 
0.000000 
1.581139 
1.581139 
1.500000 
1.500000 
1.000000 
1.000000 
0.000000 
0.000000 
0.000000 
0.000000 
0.000000 
0.000000 
0.000000 
0.000000 
0.000000 
0.000000 
1.802776 
1.802776 
4.500000 
4.500000 
1.000000 
1.000000 
0.000000 
0.000000 
0.000000 
0.000000 
1.802776 
1.802776 
2.549510 
2.549510 
0.000000 
0.000000 
3.041381 
3.041381 
1.000000 
1.000000 
1.000000 
1.000000 
0.000000 
0.000000 
0.000000 
0.000000 
0.000000 
0.000000 
3.354102 
3.354102 
2.549510 
2.549510 
0.000000 
0.000000 
0.500000 
0.500000 
2.061553 
2.061553 
1.000000 
1.000000 
0.000000 
0.000000 
0.000000 
0.000000 
2.061553 
2.061553 
3.500000 
3.500000 
2.549510 
2.549510 
0.000000 
0.000000 
0.707107 
0.707107 
3.640055 
3.640055 
1.000000 
1.000000 
0.000000 
0.000000 
0.000000 
0.000000 
2.061553 
2.061553 
1.000000 
1.000000 
2.549510 
2.549510 
0.000000 
0.000000 
1.118034 
1.118034 
1.414214 
1.414214 
1.000000 
1.000000 
0.000000 
0.000000 
0.000000 
0.000000 
0.000000 
0.000000 
2.061553 
2.061553 
1.000000 
1.000000 
2.549510 
2.549510 
0.000000 
0.000000 
1.118034 
1.118034 
1.414214 
1.414214 
1.000000 
1.000000 
0.000000 
0.000000 
0.000000 
0.000000 
0.000000 
0.000000 
1.118034 
1.118034 
2.061553 
2.061553 
0.500000 
0.500000 
2.549510 
2.549510 
0.000000 
0.000000 
1.118034 
1.118034 
0.500000 
0.500000 
1.000000 
1.000000 
0.000000 
0.000000 
0.000000 
0.000000 
3.354102 
3.354102 
1.118034 
1.118034 
2.061553 
2.061553 
1.118034 
1.118034 
2.549510 
2.549510 
0.000000 
0.000000 
1.118034 
1.118034 
2.500000 
2.500000 
1.000000 
1.000000 
0.000000 
0.000000 
0.000000 
0.000000 
0.000000 
0.000000 
3.354102 
3.354102 
1.118034 
1.118034 
2.061553 
2.061553 
4.031129 
4.031129 
2.549510 
2.549510 
0.000000 
0.000000 
1.118034 
1.118034 
0.000000 
0.000000 
1.000000 
1.000000 
0.000000 
0.000000 
0.000000 
0.000000 
1.000000 
1.000000 
3.354102 
3.354102 
1.118034 
1.118034 
2.061553 
2.061553 
1.581139 
1.581139 
2.549510 
2.549510 
0.000000 
0.000000 
1.118034 
1.118034 
1.000000 
1.000000 
1.000000 
1.000000 
0.000000 
0.000000 
0.000000 
0.000000 
0.707107 
0.707107 
3.354102 
3.354102 
1.118034 
1.118034 
2.061553 
2.061553 
1.581139 
1.581139 
2.549510 
2.549510 
0.000000 
0.000000 
1.118034 
1.118034 
1.118034 
1.118034 
1.000000 
1.000000 
0.000000 
0.000000 
0.000000 
0.000000 
0.707107 
0.707107 
2.549510 
2.549510 
1.118034 
1.118034 
2.061553 
2.061553 
1.581139 
1.581139 
2.549510 
2.549510 
0.000000 
0.000000 
1.118034 
1.118034 
4.527693 
4.527693 
1.000000 
1.000000 
0.000000 
0.000000 
0.000000 
0.000000 
0.707107 
0.707107 
1.000000 
1.000000 
1.118034 
1.118034 
2.061553 
2.061553 
1.581139 
1.581139 
2.549510 
2.549510 
0.000000 
0.000000 
1.118034 
1.118034 
1.581139 
1.581139 
1.000000 
1.000000 
0.707107 
0.707107 
1.000000 
1.000000 
1.118034 
1.118034 
2.061553 
2.061553 
1.581139 
1.581139 
2.549510 
2.549510 
0.000000 
0.000000 
1.118034 
1.118034 
2.236068 
2.236068 
0.707107 
0.707107 
1.000000 
1.000000 
1.118034 
1.118034 
2.061553 
2.061553 
1.581139 
1.581139 
2.549510 
2.549510 
1.118034 
1.118034 
5.000000 
5.000000 
0.707107 
0.707107 
1.000000 
1.000000 
1.118034 
1.118034 
2.061553 
2.061553 
1.581139 
1.581139 
2.549510 
2.549510 
1.118034 
1.118034 
1.581139 
1.581139 
0.000000 
0.000000 
0.707107 
0.707107 
1.000000 
1.000000 
1.118034 
1.118034 
2.061553 
2.061553 
1.581139 
1.581139 
1.118034 
1.118034 
1.581139 
1.581139 
1.581139 
1.581139 
0.707107 
0.707107 
1.000000 
1.000000 
1.118034 
1.118034 
2.061553 
2.061553 
1.581139 
1.581139 
1.118034 
1.118034 
1.581139 
1.581139 
0.000000 
0.000000 
1.581139 
1.581139 
0.707107 
0.707107 
1.000000 
1.000000 
1.118034 
1.118034 
1.581139 
1.581139 
1.118034 
1.118034 
1.581139 
1.581139 
2.061553 
2.061553 
1.581139 
1.581139 
0.707107 
0.707107 
1.000000 
1.000000 
1.118034 
1.118034 
1.581139 
1.581139 
1.581139 
1.581139 
0.000000 
0.000000 
0.000000 
0.000000 
2.061553 
2.061553 
1.581139 
1.581139 
0.707107 
0.707107 
1.000000 
1.000000 
1.118034 
1.118034 
1.581139 
1.581139 
1.581139 
1.581139 
1.118034 
1.118034 
2.236068 
2.236068 
2.061553 
2.061553 
1.581139 
1.581139 
0.707107 
0.707107 
1.000000 
1.000000 
1.118034 
1.118034 
1.581139 
1.581139 
1.581139 
1.581139 
1.581139 
1.581139 
0.707107 
0.707107 
2.061553 
2.061553 
1.581139 
1.581139 
0.707107 
0.707107 
1.000000 
1.000000 
1.581139 
1.581139 
1.581139 
1.581139 
3.535534 
3.535534 
1.118034 
1.118034 
2.061553 
2.061553 
1.581139 
1.581139 
0.707107 
0.707107 
1.000000 
1.000000 
1.581139 
1.581139 
1.581139 
1.581139 
2.121320 
2.121320 
1.118034 
1.118034 
2.061553 
2.061553 
1.581139 
1.581139 
0.707107 
0.707107 
1.000000 
1.000000 
1.581139 
1.581139 
3.640055 
3.640055 
3.500000 
3.500000 
2.061553 
2.061553 
1.581139 
1.581139 
1.000000 
1.000000 
1.581139 
1.581139 
0.000000 
0.000000 
0.000000 
0.000000 
1.118034 
1.118034 
1.118034 
1.118034 
2.061553 
2.061553 
1.581139 
1.581139 
1.000000 
1.000000 
1.581139 
1.581139 
0.000000 
0.000000 
1.500000 
1.500000 
2.549510 
2.549510 
1.118034 
1.118034 
2.061553 
2.061553 
1.581139 
1.581139 
1.581139 
1.581139 
0.000000 
0.000000 
0.000000 
0.000000 
1.500000 
1.500000 
1.802776 
1.802776 
2.000000 
2.000000 
2.061553 
2.061553 
1.581139 
1.581139 
1.581139 
1.581139 
0.000000 
0.000000 
1.802776 
1.802776 
0.000000 
0.000000 
1.500000 
1.500000 
1.118034 
1.118034 
2.000000 
2.000000 
2.061553 
2.061553 
1.581139 
1.581139 
1.581139 
1.581139 
0.000000 
0.000000 
1.500000 
1.500000 
1.802776 
1.802776 
0.000000 
0.000000 
1.500000 
1.500000 
1.118034 
1.118034 
2.000000 
2.000000 
2.061553 
2.061553 
1.581139 
1.581139 
1.802776 
1.802776 
1.581139 
1.581139 
1.802776 
1.802776 
0.000000 
0.000000 
1.500000 
1.500000 
1.118034 
1.118034 
2.000000 
2.000000 
2.061553 
2.061553 
1.581139 
1.581139 
0.000000 
0.000000 
1.802776 
1.802776 
1.581139 
1.581139 
1.802776 
1.802776 
0.000000 
0.000000 
1.500000 
1.500000 
1.118034 
1.118034 
2.000000 
2.000000 
2.061553 
2.061553 
0.000000 
0.000000 
1.802776 
1.802776 
1.581139 
1.581139 
1.802776 
1.802776 
0.000000 
0.000000 
1.500000 
1.500000 
1.118034 
1.118034 
2.000000 
2.000000 
2.061553 
2.061553 
0.000000 
0.000000 
1.802776 
1.802776 
1.581139 
1.581139 
1.802776 
1.802776 
0.000000 
0.000000 
1.500000 
1.500000 
1.118034 
1.118034 
2.000000 
2.000000 
0.000000 
0.000000 
1.802776 
1.802776 
1.581139 
1.581139 
1.802776 
1.802776 
0.000000 
0.000000 
1.500000 
1.500000 
1.118034 
1.118034 
2.000000 
2.000000 
