0.000000 
0.000000 
0.000000 
0.000000 
0.000000 
0.000000 
0.000000 
0.000000 
0.000000 
0.000000 
0.000000 
0.000000 
0.000000 
0.000000 
7.648529 
7.648529 
1.118034 
1.118034 
5.700877 
5.700877 
1.000000 
1.000000 
0.500000 
0.500000 
0.000000 
0.000000 
7.648529 
7.648529 
1.000000 
1.000000 
6.082763 
6.082763 
0.500000 
0.500000 
2.915476 
2.915476 
0.000000 
0.000000 
7.648529 
7.648529 
2.061553 
2.061553 
1.802776 
1.802776 
6.576473 
6.576473 
5.522681 
5.522681 
0.000000 
0.000000 
0.000000 
0.000000 
7.648529 
7.648529 
2.061553 
2.061553 
2.236068 
2.236068 
1.802776 
1.802776 
1.802776 
1.802776 
3.354102 
3.354102 
0.000000 
0.000000 
7.648529 
7.648529 
2.061553 
2.061553 
2.236068 
2.236068 
2.236068 
2.236068 
1.802776 
1.802776 
4.031129 
4.031129 
0.000000 
0.000000 
7.648529 
7.648529 
2.061553 
2.061553 
0.500000 
0.500000 
1.802776 
1.802776 
12.589678 
12.589678 
0.000000 
0.000000 
0.000000 
0.000000 
4.031129 
4.031129 
0.000000 
0.000000 
7.648529 
7.648529 
2.061553 
2.061553 
1.500000 
1.500000 
1.118034 
1.118034 
1.581139 
1.581139 
1.500000 
1.500000 
2.121320 
2.121320 
4.031129 
4.031129 
0.000000 
0.000000 
7.648529 
7.648529 
2.061553 
2.061553 
0.707107 
0.707107 
0.707107 
0.707107 
2.236068 
2.236068 
0.000000 
0.000000 
1.500000 
1.500000 
6.946222 
6.946222 
4.031129 
4.031129 
0.000000 
0.000000 
7.648529 
7.648529 
2.061553 
2.061553 
1.000000 
1.000000 
8.015610 
8.015610 
1.802776 
1.802776 
0.500000 
0.500000 
1.500000 
1.500000 
3.354102 
3.354102 
4.031129 
4.031129 
0.000000 
0.000000 
7.648529 
7.648529 
2.061553 
2.061553 
1.000000 
1.000000 
0.500000 
0.500000 
1.581139 
1.581139 
0.000000 
0.000000 
1.500000 
1.500000 
1.500000 
1.500000 
3.354102 
3.354102 
4.031129 
4.031129 
0.000000 
0.000000 
7.648529 
7.648529 
2.061553 
2.061553 
1.118034 
1.118034 
0.000000 
0.000000 
5.024938 
5.024938 
0.000000 
0.000000 
4.031129 
4.031129 
1.118034 
1.118034 
1.500000 
1.500000 
3.354102 
3.354102 
4.031129 
4.031129 
0.000000 
0.000000 
7.648529 
7.648529 
2.061553 
2.061553 
1.581139 
1.581139 
1.000000 
1.000000 
2.549510 
2.549510 
3.162278 
3.162278 
3.162278 
3.162278 
0.500000 
0.500000 
1.500000 
1.500000 
3.354102 
3.354102 
4.031129 
4.031129 
0.000000 
0.000000 
7.648529 
7.648529 
2.061553 
2.061553 
1.500000 
1.500000 
1.000000 
1.000000 
5.315073 
5.315073 
0.000000 
0.000000 
3.000000 
3.000000 
3.162278 
3.162278 
2.061553 
2.061553 
1.500000 
1.500000 
3.354102 
3.354102 
4.031129 
4.031129 
0.000000 
0.000000 
7.648529 
7.648529 
2.061553 
2.061553 
1.000000 
1.000000 
1.802776 
1.802776 
2.236068 
2.236068 
3.535534 
3.535534 
7.648529 
7.648529 
3.162278 
3.162278 
1.118034 
1.118034 
1.500000 
1.500000 
3.354102 
3.354102 
4.031129 
4.031129 
7.648529 
7.648529 
2.061553 
2.061553 
1.000000 
1.000000 
1.000000 
1.000000 
7.280110 
7.280110 
3.000000 
3.000000 
3.041381 
3.041381 
3.162278 
3.162278 
1.118034 
1.118034 
1.500000 
1.500000 
3.354102 
3.354102 
4.031129 
4.031129 
2.061553 
2.061553 
1.000000 
1.000000 
1.118034 
1.118034 
1.581139 
1.581139 
0.000000 
0.000000 
3.000000 
3.000000 
2.236068 
2.236068 
3.162278 
3.162278 
1.118034 
1.118034 
1.500000 
1.500000 
3.354102 
3.354102 
4.031129 
4.031129 
2.061553 
2.061553 
1.000000 
1.000000 
0.707107 
0.707107 
1.118034 
1.118034 
2.500000 
2.500000 
3.000000 
3.000000 
6.576473 
6.576473 
3.162278 
3.162278 
1.118034 
1.118034 
1.500000 
1.500000 
3.354102 
3.354102 
4.031129 
4.031129 
1.000000 
1.000000 
0.707107 
0.707107 
1.118034 
1.118034 
2.500000 
2.500000 
3.000000 
3.000000 
2.000000 
2.000000 
3.162278 
3.162278 
1.118034 
1.118034 
1.500000 
1.500000 
3.354102 
3.354102 
4.031129 
4.031129 
1.000000 
1.000000 
0.500000 
0.500000 
1.118034 
1.118034 
2.500000 
2.500000 
3.000000 
3.000000 
2.000000 
2.000000 
3.162278 
3.162278 
1.118034 
1.118034 
1.500000 
1.500000 
3.354102 
3.354102 
4.031129 
4.031129 
1.000000 
1.000000 
0.000000 
0.000000 
1.118034 
1.118034 
2.500000 
2.500000 
3.000000 
3.000000 
2.000000 
2.000000 
3.162278 
3.162278 
1.118034 
1.118034 
1.500000 
1.500000 
3.354102 
3.354102 
1.000000 
1.000000 
6.000000 
6.000000 
1.118034 
1.118034 
2.500000 
2.500000 
3.000000 
3.000000 
2.000000 
2.000000 
3.162278 
3.162278 
1.118034 
1.118034 
1.500000 
1.500000 
3.354102 
3.354102 
1.000000 
1.000000 
0.500000 
0.500000 
1.118034 
1.118034 
0.000000 
0.000000 
2.500000 
2.500000 
3.000000 
3.000000 
2.000000 
2.000000 
3.162278 
3.162278 
1.118034 
1.118034 
3.354102 
3.354102 
1.000000 
1.000000 
0.500000 
0.500000 
11.280514 
11.280514 
0.000000 
0.000000 
9.340771 
9.340771 
2.500000 
2.500000 
3.000000 
3.000000 
2.000000 
2.000000 
3.162278 
3.162278 
1.118034 
1.118034 
3.354102 
3.354102 
1.000000 
1.000000 
0.500000 
0.500000 
3.162278 
3.162278 
0.000000 
0.000000 
0.500000 
0.500000 
0.707107 
0.707107 
2.500000 
2.500000 
3.000000 
3.000000 
2.000000 
2.000000 
3.162278 
3.162278 
1.118034 
1.118034 
1.000000 
1.000000 
0.707107 
0.707107 
3.162278 
3.162278 
6.082763 
6.082763 
1.118034 
1.118034 
0.707107 
0.707107 
2.500000 
2.500000 
3.000000 
3.000000 
2.000000 
2.000000 
3.162278 
3.162278 
1.118034 
1.118034 
1.000000 
1.000000 
0.707107 
0.707107 
3.162278 
3.162278 
0.000000 
0.000000 
6.082763 
6.082763 
1.118034 
1.118034 
0.707107 
0.707107 
2.500000 
2.500000 
3.000000 
3.000000 
2.000000 
2.000000 
3.162278 
3.162278 
1.118034 
1.118034 
1.000000 
1.000000 
1.118034 
1.118034 
3.162278 
3.162278 
3.000000 
3.000000 
6.082763 
6.082763 
1.118034 
1.118034 
0.707107 
0.707107 
2.500000 
2.500000 
3.000000 
3.000000 
2.000000 
2.000000 
1.118034 
1.118034 
1.000000 
1.000000 
1.000000 
1.000000 
3.162278 
3.162278 
11.510864 
11.510864 
6.082763 
6.082763 
13.583078 
13.583078 
0.707107 
0.707107 
2.500000 
2.500000 
3.000000 
3.000000 
2.000000 
2.000000 
1.118034 
1.118034 
1.118034 
1.118034 
3.162278 
3.162278 
3.640055 
3.640055 
6.082763 
6.082763 
0.500000 
0.500000 
10.012492 
10.012492 
2.500000 
2.500000 
3.000000 
3.000000 
2.000000 
2.000000 
1.118034 
1.118034 
3.162278 
3.162278 
0.000000 
0.000000 
3.640055 
3.640055 
6.082763 
6.082763 
1.581139 
1.581139 
10.012492 
10.012492 
2.500000 
2.500000 
2.000000 
2.000000 
1.118034 
1.118034 
3.162278 
3.162278 
0.000000 
0.000000 
3.640055 
3.640055 
6.082763 
6.082763 
0.500000 
0.500000 
10.012492 
10.012492 
2.500000 
2.500000 
2.000000 
2.000000 
1.500000 
1.500000 
3.162278 
3.162278 
0.000000 
0.000000 
3.640055 
3.640055 
6.082763 
6.082763 
0.500000 
0.500000 
10.012492 
10.012492 
2.000000 
2.000000 
1.000000 
1.000000 
3.162278 
3.162278 
0.000000 
0.000000 
3.640055 
3.640055 
6.082763 
6.082763 
0.500000 
0.500000 
10.012492 
10.012492 
0.500000 
0.500000 
3.162278 
3.162278 
0.000000 
0.000000 
3.640055 
3.640055 
6.082763 
6.082763 
2.500000 
2.500000 
10.012492 
10.012492 
1.414214 
1.414214 
3.162278 
3.162278 
0.000000 
0.000000 
3.640055 
3.640055 
6.082763 
6.082763 
8.514693 
8.514693 
10.012492 
10.012492 
3.354102 
3.354102 
3.162278 
3.162278 
0.000000 
0.000000 
3.640055 
3.640055 
6.082763 
6.082763 
1.802776 
1.802776 
10.012492 
10.012492 
1.500000 
1.500000 
3.162278 
3.162278 
0.000000 
0.000000 
3.640055 
3.640055 
6.082763 
6.082763 
1.118034 
1.118034 
10.012492 
10.012492 
0.500000 
0.500000 
3.162278 
3.162278 
