0.000000 
0.000000 
0.000000 
0.000000 
0.000000 
0.000000 
0.000000 
0.000000 
0.000000 
0.000000 
0.000000 
0.000000 
3.535534 
3.535534 
0.000000 
0.000000 
0.707107 
0.707107 
0.000000 
0.000000 
0.500000 
0.500000 
0.707107 
0.707107 
1.118034 
1.118034 
0.500000 
0.500000 
0.000000 
0.000000 
1.500000 
1.500000 
0.500000 
0.500000 
0.500000 
0.500000 
0.707107 
0.707107 
0.500000 
0.500000 
0.500000 
0.500000 
0.707107 
0.707107 
0.707107 
0.707107 
0.500000 
0.500000 
0.500000 
0.500000 
3.354102 
3.354102 
0.000000 
0.000000 
0.500000 
0.500000 
0.000000 
0.000000 
1.000000 
1.000000 
0.000000 
0.000000 
0.000000 
0.000000 
0.000000 
0.000000 
0.707107 
0.707107 
0.500000 
0.500000 
0.500000 
0.500000 
0.000000 
0.000000 
0.000000 
0.000000 
0.000000 
0.000000 
0.500000 
0.500000 
0.000000 
0.000000 
0.500000 
0.500000 
0.500000 
0.500000 
0.707107 
0.707107 
0.707107 
0.707107 
0.000000 
0.000000 
1.000000 
1.000000 
0.000000 
0.000000 
0.500000 
0.500000 
0.707107 
0.707107 
0.500000 
0.500000 
0.500000 
0.500000 
0.707107 
0.707107 
1.000000 
1.000000 
0.500000 
0.500000 
0.707107 
0.707107 
8.631338 
8.631338 
0.000000 
0.000000 
1.118034 
1.118034 
0.500000 
0.500000 
0.000000 
0.000000 
0.500000 
0.500000 
1.581139 
1.581139 
0.500000 
0.500000 
0.707107 
0.707107 
0.500000 
0.500000 
0.707107 
0.707107 
0.000000 
0.000000 
0.707107 
0.707107 
0.500000 
0.500000 
1.000000 
1.000000 
0.707107 
0.707107 
6.020797 
6.020797 
0.500000 
0.500000 
0.000000 
0.000000 
0.500000 
0.500000 
0.707107 
0.707107 
0.000000 
0.000000 
1.000000 
1.000000 
0.500000 
0.500000 
1.000000 
1.000000 
0.707107 
0.707107 
0.000000 
0.000000 
1.118034 
1.118034 
0.707107 
0.707107 
1.118034 
1.118034 
0.000000 
0.000000 
0.000000 
0.000000 
0.707107 
0.707107 
0.500000 
0.500000 
1.000000 
1.000000 
0.707107 
0.707107 
0.500000 
0.500000 
0.000000 
0.000000 
1.118034 
1.118034 
1.500000 
1.500000 
0.500000 
0.500000 
0.000000 
0.000000 
0.707107 
0.707107 
0.707107 
0.707107 
1.000000 
1.000000 
0.707107 
0.707107 
5.500000 
5.500000 
0.707107 
0.707107 
1.118034 
1.118034 
0.000000 
0.000000 
1.500000 
1.500000 
0.500000 
0.500000 
0.000000 
0.000000 
0.707107 
0.707107 
1.000000 
1.000000 
3.041381 
3.041381 
1.000000 
1.000000 
1.414214 
1.414214 
1.118034 
1.118034 
0.500000 
0.500000 
0.000000 
0.000000 
0.000000 
0.000000 
1.500000 
1.500000 
0.500000 
0.500000 
0.000000 
0.000000 
0.707107 
0.707107 
5.024938 
5.024938 
0.000000 
0.000000 
0.500000 
0.500000 
1.414214 
1.414214 
0.500000 
0.500000 
1.802776 
1.802776 
1.000000 
1.000000 
0.000000 
0.000000 
1.500000 
1.500000 
0.500000 
0.500000 
0.000000 
0.000000 
0.707107 
0.707107 
2.000000 
2.000000 
0.500000 
0.500000 
1.000000 
1.000000 
1.414214 
1.414214 
1.000000 
1.000000 
7.500000 
7.500000 
0.500000 
0.500000 
0.000000 
0.000000 
1.500000 
1.500000 
0.500000 
0.500000 
0.000000 
0.000000 
0.707107 
0.707107 
2.549510 
2.549510 
0.500000 
0.500000 
1.802776 
1.802776 
1.414214 
1.414214 
0.707107 
0.707107 
0.000000 
0.000000 
0.500000 
0.500000 
0.500000 
0.500000 
1.500000 
1.500000 
0.500000 
0.500000 
0.000000 
0.000000 
0.707107 
0.707107 
2.121320 
2.121320 
0.500000 
0.500000 
7.017834 
7.017834 
1.414214 
1.414214 
5.024938 
5.024938 
0.000000 
0.000000 
1.118034 
1.118034 
0.000000 
0.000000 
1.500000 
1.500000 
0.500000 
0.500000 
0.000000 
0.000000 
0.707107 
0.707107 
1.581139 
1.581139 
0.500000 
0.500000 
1.581139 
1.581139 
1.414214 
1.414214 
3.640055 
3.640055 
0.707107 
0.707107 
6.800735 
6.800735 
0.500000 
0.500000 
1.500000 
1.500000 
0.500000 
0.500000 
0.000000 
0.000000 
0.707107 
0.707107 
1.500000 
1.500000 
0.500000 
0.500000 
1.000000 
1.000000 
1.414214 
1.414214 
0.707107 
0.707107 
1.414214 
1.414214 
6.800735 
6.800735 
0.707107 
0.707107 
1.500000 
1.500000 
0.500000 
0.500000 
0.000000 
0.000000 
0.707107 
0.707107 
1.500000 
1.500000 
0.500000 
0.500000 
2.000000 
2.000000 
1.414214 
1.414214 
1.500000 
1.500000 
13.009612 
13.009612 
0.000000 
0.000000 
6.800735 
6.800735 
0.707107 
0.707107 
1.500000 
1.500000 
0.500000 
0.500000 
0.707107 
0.707107 
1.500000 
1.500000 
0.500000 
0.500000 
2.000000 
2.000000 
1.414214 
1.414214 
2.236068 
2.236068 
1.500000 
1.500000 
1.000000 
1.000000 
6.800735 
6.800735 
0.500000 
0.500000 
1.500000 
1.500000 
0.500000 
0.500000 
0.707107 
0.707107 
1.500000 
1.500000 
0.500000 
0.500000 
2.000000 
2.000000 
1.414214 
1.414214 
2.692582 
2.692582 
1.414214 
1.414214 
0.707107 
0.707107 
6.800735 
6.800735 
0.500000 
0.500000 
1.500000 
1.500000 
0.500000 
0.500000 
0.707107 
0.707107 
1.500000 
1.500000 
0.500000 
0.500000 
2.000000 
2.000000 
1.414214 
1.414214 
3.354102 
3.354102 
2.236068 
2.236068 
2.236068 
2.236068 
6.800735 
6.800735 
0.500000 
0.500000 
1.500000 
1.500000 
0.500000 
0.500000 
0.707107 
0.707107 
1.500000 
1.500000 
0.500000 
0.500000 
2.000000 
2.000000 
1.414214 
1.414214 
0.500000 
0.500000 
5.220153 
5.220153 
10.500000 
10.500000 
6.800735 
6.800735 
0.500000 
0.500000 
1.500000 
1.500000 
0.500000 
0.500000 
0.707107 
0.707107 
1.500000 
1.500000 
0.500000 
0.500000 
2.000000 
2.000000 
1.414214 
1.414214 
0.500000 
0.500000 
4.609772 
4.609772 
10.500000 
10.500000 
6.800735 
6.800735 
0.500000 
0.500000 
1.500000 
1.500000 
0.500000 
0.500000 
1.500000 
1.500000 
0.500000 
0.500000 
2.000000 
2.000000 
1.414214 
1.414214 
0.500000 
0.500000 
4.609772 
4.609772 
10.500000 
10.500000 
6.800735 
6.800735 
0.500000 
0.500000 
1.500000 
1.500000 
0.500000 
0.500000 
2.000000 
2.000000 
1.414214 
1.414214 
0.500000 
0.500000 
4.609772 
4.609772 
10.500000 
10.500000 
6.800735 
6.800735 
0.500000 
0.500000 
1.500000 
1.500000 
0.500000 
0.500000 
2.000000 
2.000000 
0.500000 
0.500000 
4.609772 
4.609772 
10.500000 
10.500000 
6.800735 
6.800735 
0.500000 
0.500000 
1.500000 
1.500000 
0.500000 
0.500000 
2.000000 
2.000000 
0.500000 
0.500000 
4.609772 
4.609772 
10.500000 
10.500000 
6.800735 
6.800735 
0.500000 
0.500000 
1.500000 
1.500000 
0.500000 
0.500000 
2.000000 
2.000000 
0.500000 
0.500000 
4.609772 
4.609772 
10.500000 
10.500000 
6.800735 
6.800735 
0.500000 
0.500000 
1.500000 
1.500000 
0.500000 
0.500000 
2.000000 
2.000000 
0.500000 
0.500000 
4.609772 
4.609772 
10.500000 
10.500000 
6.800735 
6.800735 
0.500000 
0.500000 
1.500000 
1.500000 
2.000000 
2.000000 
0.500000 
0.500000 
4.609772 
4.609772 
0.000000 
0.000000 
10.500000 
10.500000 
6.800735 
6.800735 
0.500000 
0.500000 
1.500000 
1.500000 
2.000000 
2.000000 
0.500000 
0.500000 
4.609772 
4.609772 
0.000000 
0.000000 
2.236068 
2.236068 
10.500000 
10.500000 
0.500000 
0.500000 
2.000000 
2.000000 
0.500000 
0.500000 
4.609772 
4.609772 
0.000000 
0.000000 
2.061553 
2.061553 
2.236068 
2.236068 
10.500000 
10.500000 
0.500000 
0.500000 
0.500000 
0.500000 
4.609772 
4.609772 
1.500000 
1.500000 
1.581139 
1.581139 
2.236068 
2.236068 
10.500000 
10.500000 
0.500000 
0.500000 
0.500000 
0.500000 
4.609772 
4.609772 
5.700877 
5.700877 
1.581139 
1.581139 
2.236068 
2.236068 
10.500000 
10.500000 
0.500000 
0.500000 
4.609772 
4.609772 
0.000000 
0.000000 
0.000000 
0.000000 
5.700877 
5.700877 
1.581139 
1.581139 
2.236068 
2.236068 
10.500000 
10.500000 
0.500000 
0.500000 
4.609772 
4.609772 
