0.000000 
0.000000 
1.414214 
1.414214 
0.500000 
0.500000 
0.500000 
0.500000 
1.500000 
1.500000 
3.041381 
3.041381 
0.500000 
0.500000 
0.707107 
0.707107 
0.500000 
0.500000 
0.500000 
0.500000 
0.500000 
0.500000 
0.500000 
0.500000 
0.500000 
0.500000 
0.500000 
0.500000 
0.500000 
0.500000 
0.000000 
0.000000 
0.500000 
0.500000 
1.000000 
1.000000 
0.500000 
0.500000 
1.000000 
1.000000 
0.500000 
0.500000 
1.000000 
1.000000 
0.500000 
0.500000 
1.000000 
1.000000 
0.500000 
0.500000 
1.000000 
1.000000 
0.500000 
0.500000 
1.000000 
1.000000 
0.500000 
0.500000 
1.000000 
1.000000 
0.500000 
0.500000 
1.000000 
1.000000 
1.000000 
1.000000 
0.000000 
0.000000 
1.000000 
1.000000 
1.000000 
1.000000 
1.000000 
1.000000 
1.000000 
1.000000 
1.000000 
1.000000 
1.000000 
1.000000 
1.000000 
1.000000 
0.000000 
0.000000 
1.000000 
1.000000 
1.000000 
1.000000 
0.000000 
0.000000 
1.000000 
1.000000 
1.000000 
1.000000 
0.000000 
0.000000 
1.000000 
1.000000 
0.000000 
0.000000 
1.000000 
1.000000 
