0.000000 
0.000000 
0.000000 
0.000000 
0.000000 
0.000000 
0.000000 
0.000000 
0.000000 
0.000000 
0.000000 
0.000000 
0.000000 
0.000000 
0.000000 
0.000000 
1.802776 
1.802776 
4.716991 
4.716991 
0.500000 
0.500000 
1.581139 
1.581139 
0.000000 
0.000000 
0.000000 
0.000000 
0.000000 
0.000000 
0.000000 
0.000000 
1.802776 
1.802776 
4.716991 
4.716991 
1.118034 
1.118034 
1.500000 
1.500000 
2.061553 
2.061553 
3.605551 
3.605551 
0.000000 
0.000000 
0.000000 
0.000000 
1.802776 
1.802776 
4.716991 
4.716991 
1.581139 
1.581139 
1.500000 
1.500000 
0.000000 
0.000000 
3.041381 
3.041381 
3.041381 
3.041381 
0.000000 
0.000000 
0.000000 
0.000000 
1.802776 
1.802776 
4.716991 
4.716991 
1.118034 
1.118034 
1.500000 
1.500000 
0.000000 
0.000000 
2.549510 
2.549510 
3.041381 
3.041381 
3.041381 
3.041381 
0.000000 
0.000000 
0.000000 
0.000000 
1.802776 
1.802776 
4.716991 
4.716991 
1.581139 
1.581139 
1.802776 
1.802776 
2.500000 
2.500000 
2.549510 
2.549510 
3.041381 
3.041381 
3.041381 
3.041381 
0.000000 
0.000000 
0.000000 
0.000000 
1.802776 
1.802776 
4.716991 
4.716991 
2.061553 
2.061553 
3.640055 
3.640055 
0.000000 
0.000000 
3.000000 
3.000000 
2.549510 
2.549510 
3.041381 
3.041381 
3.041381 
3.041381 
0.000000 
0.000000 
0.000000 
0.000000 
1.802776 
1.802776 
4.716991 
4.716991 
1.802776 
1.802776 
1.500000 
1.500000 
0.000000 
0.000000 
0.000000 
0.000000 
3.000000 
3.000000 
3.000000 
3.000000 
2.549510 
2.549510 
3.041381 
3.041381 
3.041381 
3.041381 
0.000000 
0.000000 
0.000000 
0.000000 
1.802776 
1.802776 
4.716991 
4.716991 
4.031129 
4.031129 
1.802776 
1.802776 
1.118034 
1.118034 
2.061553 
2.061553 
3.162278 
3.162278 
3.000000 
3.000000 
2.549510 
2.549510 
3.041381 
3.041381 
3.041381 
3.041381 
0.000000 
0.000000 
0.000000 
0.000000 
1.802776 
1.802776 
4.716991 
4.716991 
1.414214 
1.414214 
3.605551 
3.605551 
2.500000 
2.500000 
4.031129 
4.031129 
1.802776 
1.802776 
3.000000 
3.000000 
2.549510 
2.549510 
3.041381 
3.041381 
3.041381 
3.041381 
0.000000 
0.000000 
0.000000 
0.000000 
1.802776 
1.802776 
4.716991 
4.716991 
2.121320 
2.121320 
1.581139 
1.581139 
0.000000 
0.000000 
2.500000 
2.500000 
4.031129 
4.031129 
6.082763 
6.082763 
3.000000 
3.000000 
2.549510 
2.549510 
3.041381 
3.041381 
3.041381 
3.041381 
0.000000 
0.000000 
0.000000 
0.000000 
1.802776 
1.802776 
4.716991 
4.716991 
4.123106 
4.123106 
1.000000 
1.000000 
3.000000 
3.000000 
2.500000 
2.500000 
4.031129 
4.031129 
3.500000 
3.500000 
3.000000 
3.000000 
2.549510 
2.549510 
3.041381 
3.041381 
3.041381 
3.041381 
0.000000 
0.000000 
0.000000 
0.000000 
1.802776 
1.802776 
4.716991 
4.716991 
1.414214 
1.414214 
1.414214 
1.414214 
0.000000 
0.000000 
0.000000 
0.000000 
3.041381 
3.041381 
2.500000 
2.500000 
4.031129 
4.031129 
2.000000 
2.000000 
3.000000 
3.000000 
2.549510 
2.549510 
3.041381 
3.041381 
3.041381 
3.041381 
0.000000 
0.000000 
0.000000 
0.000000 
1.802776 
1.802776 
4.716991 
4.716991 
1.414214 
1.414214 
1.118034 
1.118034 
0.000000 
0.000000 
1.581139 
1.581139 
4.527693 
4.527693 
3.041381 
3.041381 
2.500000 
2.500000 
4.031129 
4.031129 
1.581139 
1.581139 
3.000000 
3.000000 
2.549510 
2.549510 
3.041381 
3.041381 
3.041381 
3.041381 
0.000000 
0.000000 
0.000000 
0.000000 
1.802776 
1.802776 
4.716991 
4.716991 
1.414214 
1.414214 
1.118034 
1.118034 
3.041381 
3.041381 
1.000000 
1.000000 
4.527693 
4.527693 
3.041381 
3.041381 
2.500000 
2.500000 
4.031129 
4.031129 
1.414214 
1.414214 
3.000000 
3.000000 
2.549510 
2.549510 
3.041381 
3.041381 
3.041381 
3.041381 
1.802776 
1.802776 
4.716991 
4.716991 
1.581139 
1.581139 
5.099020 
5.099020 
3.640055 
3.640055 
1.000000 
1.000000 
4.527693 
4.527693 
3.041381 
3.041381 
2.500000 
2.500000 
4.031129 
4.031129 
1.414214 
1.414214 
3.000000 
3.000000 
2.549510 
2.549510 
3.041381 
3.041381 
3.041381 
3.041381 
1.414214 
1.414214 
1.802776 
1.802776 
0.000000 
0.000000 
3.640055 
3.640055 
1.802776 
1.802776 
4.527693 
4.527693 
3.041381 
3.041381 
2.500000 
2.500000 
4.031129 
4.031129 
1.414214 
1.414214 
3.000000 
3.000000 
2.549510 
2.549510 
3.041381 
3.041381 
3.041381 
3.041381 
1.802776 
1.802776 
1.802776 
1.802776 
2.549510 
2.549510 
3.640055 
3.640055 
1.118034 
1.118034 
4.527693 
4.527693 
3.041381 
3.041381 
2.500000 
2.500000 
4.031129 
4.031129 
1.414214 
1.414214 
3.000000 
3.000000 
2.549510 
2.549510 
3.041381 
3.041381 
3.041381 
3.041381 
5.852350 
5.852350 
2.828427 
2.828427 
3.041381 
3.041381 
3.640055 
3.640055 
2.500000 
2.500000 
4.527693 
4.527693 
3.041381 
3.041381 
2.500000 
2.500000 
4.031129 
4.031129 
4.949747 
4.949747 
3.000000 
3.000000 
2.549510 
2.549510 
1.581139 
1.581139 
2.236068 
2.236068 
0.000000 
0.000000 
0.000000 
0.000000 
3.041381 
3.041381 
3.640055 
3.640055 
1.118034 
1.118034 
4.527693 
4.527693 
3.041381 
3.041381 
2.500000 
2.500000 
4.031129 
4.031129 
0.500000 
0.500000 
3.000000 
3.000000 
2.000000 
2.000000 
5.220153 
5.220153 
0.000000 
0.000000 
2.500000 
2.500000 
3.041381 
3.041381 
3.640055 
3.640055 
5.024938 
5.024938 
4.527693 
4.527693 
3.041381 
3.041381 
2.500000 
2.500000 
4.031129 
4.031129 
0.707107 
0.707107 
3.000000 
3.000000 
2.000000 
2.000000 
5.220153 
5.220153 
0.000000 
0.000000 
3.535534 
3.535534 
3.041381 
3.041381 
3.640055 
3.640055 
0.500000 
0.500000 
4.527693 
4.527693 
3.041381 
3.041381 
2.500000 
2.500000 
4.031129 
4.031129 
0.000000 
0.000000 
2.549510 
2.549510 
1.581139 
1.581139 
0.000000 
0.000000 
0.000000 
0.000000 
0.000000 
0.000000 
3.535534 
3.535534 
3.041381 
3.041381 
3.640055 
3.640055 
0.500000 
0.500000 
4.527693 
4.527693 
3.041381 
3.041381 
2.500000 
2.500000 
4.031129 
4.031129 
0.000000 
0.000000 
1.500000 
1.500000 
1.500000 
1.500000 
0.000000 
0.000000 
1.581139 
1.581139 
3.162278 
3.162278 
0.000000 
0.000000 
3.535534 
3.535534 
3.041381 
3.041381 
3.640055 
3.640055 
1.118034 
1.118034 
4.527693 
4.527693 
3.041381 
3.041381 
2.500000 
2.500000 
4.031129 
4.031129 
0.000000 
0.000000 
4.527693 
4.527693 
2.549510 
2.549510 
2.061553 
2.061553 
3.041381 
3.041381 
3.162278 
3.162278 
0.000000 
0.000000 
3.535534 
3.535534 
3.041381 
3.041381 
3.640055 
3.640055 
0.000000 
0.000000 
4.527693 
4.527693 
3.041381 
3.041381 
0.000000 
0.000000 
1.000000 
1.000000 
2.000000 
2.000000 
0.000000 
0.000000 
1.000000 
1.000000 
3.000000 
3.000000 
3.162278 
3.162278 
0.000000 
0.000000 
3.535534 
3.535534 
3.041381 
3.041381 
3.640055 
3.640055 
0.000000 
0.000000 
4.527693 
4.527693 
3.041381 
3.041381 
0.000000 
0.000000 
1.000000 
1.000000 
1.500000 
1.500000 
3.000000 
3.000000 
1.000000 
1.000000 
3.000000 
3.000000 
3.162278 
3.162278 
0.000000 
0.000000 
3.535534 
3.535534 
3.041381 
3.041381 
3.640055 
3.640055 
0.000000 
0.000000 
4.527693 
4.527693 
3.041381 
3.041381 
0.000000 
0.000000 
1.500000 
1.500000 
5.700877 
5.700877 
0.000000 
0.000000 
2.061553 
2.061553 
0.500000 
0.500000 
3.000000 
3.000000 
3.162278 
3.162278 
0.000000 
0.000000 
3.535534 
3.535534 
3.041381 
3.041381 
3.640055 
3.640055 
0.000000 
0.000000 
4.527693 
4.527693 
0.000000 
0.000000 
3.905125 
3.905125 
1.802776 
1.802776 
0.000000 
0.000000 
0.000000 
0.000000 
3.041381 
3.041381 
2.061553 
2.061553 
1.000000 
1.000000 
3.000000 
3.000000 
3.162278 
3.162278 
0.000000 
0.000000 
3.535534 
3.535534 
3.041381 
3.041381 
3.640055 
3.640055 
0.000000 
0.000000 
0.000000 
0.000000 
2.061553 
2.061553 
2.549510 
2.549510 
1.118034 
1.118034 
3.162278 
3.162278 
2.500000 
2.500000 
2.061553 
2.061553 
0.500000 
0.500000 
3.000000 
3.000000 
3.162278 
3.162278 
0.000000 
0.000000 
3.535534 
3.535534 
3.041381 
3.041381 
3.640055 
3.640055 
0.000000 
0.000000 
0.000000 
0.000000 
2.000000 
2.000000 
1.581139 
1.581139 
0.000000 
0.000000 
0.000000 
0.000000 
1.118034 
1.118034 
3.000000 
3.000000 
2.915476 
2.915476 
2.061553 
2.061553 
0.707107 
0.707107 
3.000000 
3.000000 
3.162278 
3.162278 
0.000000 
0.000000 
3.535534 
3.535534 
3.041381 
3.041381 
0.000000 
0.000000 
0.000000 
0.000000 
3.500000 
3.500000 
2.000000 
2.000000 
0.000000 
0.000000 
0.500000 
0.500000 
1.118034 
1.118034 
2.061553 
2.061553 
4.743416 
4.743416 
2.061553 
2.061553 
0.707107 
0.707107 
3.000000 
3.000000 
3.162278 
3.162278 
0.000000 
0.000000 
3.535534 
3.535534 
3.041381 
3.041381 
5.590170 
5.590170 
0.000000 
0.000000 
1.118034 
1.118034 
5.220153 
5.220153 
0.000000 
0.000000 
0.000000 
0.000000 
0.000000 
0.000000 
6.519202 
6.519202 
1.118034 
1.118034 
2.061553 
2.061553 
1.414214 
1.414214 
2.061553 
2.061553 
0.500000 
0.500000 
3.000000 
3.000000 
3.162278 
3.162278 
0.000000 
0.000000 
3.535534 
3.535534 
3.041381 
3.041381 
0.707107 
0.707107 
0.000000 
0.000000 
2.000000 
2.000000 
1.802776 
1.802776 
0.000000 
0.000000 
2.692582 
2.692582 
1.500000 
1.500000 
0.000000 
0.000000 
1.414214 
1.414214 
1.118034 
1.118034 
2.061553 
2.061553 
2.549510 
2.549510 
2.061553 
2.061553 
0.500000 
0.500000 
3.000000 
3.000000 
3.162278 
3.162278 
0.000000 
0.000000 
3.535534 
3.535534 
0.500000 
0.500000 
0.000000 
0.000000 
2.549510 
2.549510 
2.000000 
2.000000 
0.000000 
0.000000 
2.500000 
2.500000 
2.549510 
2.549510 
0.000000 
0.000000 
1.414214 
1.414214 
1.118034 
1.118034 
2.061553 
2.061553 
1.802776 
1.802776 
2.061553 
2.061553 
1.118034 
1.118034 
3.000000 
3.000000 
3.162278 
3.162278 
3.535534 
3.535534 
0.000000 
0.000000 
0.000000 
0.000000 
3.807887 
3.807887 
1.802776 
1.802776 
0.000000 
0.000000 
0.000000 
0.000000 
0.000000 
0.000000 
2.500000 
2.500000 
3.535534 
3.535534 
0.000000 
0.000000 
1.414214 
1.414214 
1.118034 
1.118034 
2.061553 
2.061553 
2.061553 
2.061553 
2.061553 
2.061553 
3.041381 
3.041381 
3.000000 
3.000000 
3.162278 
3.162278 
3.535534 
3.535534 
1.000000 
1.000000 
0.000000 
0.000000 
3.807887 
3.807887 
2.061553 
2.061553 
0.000000 
0.000000 
1.802776 
1.802776 
0.000000 
0.000000 
0.000000 
0.000000 
2.500000 
2.500000 
3.535534 
3.535534 
0.000000 
0.000000 
1.414214 
1.414214 
1.118034 
1.118034 
2.061553 
2.061553 
1.581139 
1.581139 
2.061553 
2.061553 
0.000000 
0.000000 
3.000000 
3.000000 
3.162278 
3.162278 
0.707107 
0.707107 
3.807887 
3.807887 
2.236068 
2.236068 
0.000000 
0.000000 
0.000000 
0.000000 
1.118034 
1.118034 
2.000000 
2.000000 
0.000000 
0.000000 
0.000000 
0.000000 
2.500000 
2.500000 
3.535534 
3.535534 
0.000000 
0.000000 
1.414214 
1.414214 
1.118034 
1.118034 
2.061553 
2.061553 
4.527693 
4.527693 
2.061553 
2.061553 
1.118034 
1.118034 
3.000000 
3.000000 
3.162278 
3.162278 
2.500000 
2.500000 
3.807887 
3.807887 
2.236068 
2.236068 
