0.000000 
0.000000 
0.707107 
0.707107 
1.000000 
1.000000 
1.000000 
1.000000 
1.000000 
1.000000 
0.000000 
0.000000 
0.000000 
0.000000 
1.000000 
1.000000 
1.500000 
1.500000 
2.061553 
2.061553 
1.000000 
1.000000 
0.000000 
0.000000 
1.500000 
1.500000 
2.061553 
2.061553 
1.000000 
1.000000 
2.000000 
2.000000 
1.500000 
1.500000 
2.061553 
2.061553 
1.000000 
1.000000 
2.000000 
2.000000 
1.500000 
1.500000 
2.061553 
2.061553 
1.000000 
1.000000 
0.000000 
0.000000 
2.000000 
2.000000 
1.500000 
1.500000 
2.061553 
2.061553 
1.000000 
1.000000 
0.000000 
0.000000 
2.000000 
2.000000 
1.500000 
1.500000 
2.061553 
2.061553 
1.000000 
1.000000 
2.500000 
2.500000 
2.000000 
2.000000 
1.500000 
1.500000 
2.061553 
2.061553 
1.000000 
1.000000 
0.000000 
0.000000 
1.118034 
1.118034 
2.000000 
2.000000 
1.500000 
1.500000 
2.061553 
2.061553 
1.000000 
1.000000 
2.061553 
2.061553 
2.500000 
2.500000 
2.000000 
2.000000 
1.500000 
1.500000 
2.061553 
2.061553 
1.000000 
1.000000 
2.236068 
2.236068 
0.707107 
0.707107 
2.000000 
2.000000 
1.500000 
1.500000 
2.061553 
2.061553 
1.000000 
1.000000 
