0.000000 
0.000000 
0.000000 
0.000000 
2.061553 
2.061553 
0.000000 
0.000000 
1.500000 
1.500000 
0.000000 
0.000000 
0.000000 
0.000000 
0.000000 
0.000000 
1.500000 
1.500000 
0.000000 
0.000000 
3.041381 
3.041381 
2.061553 
2.061553 
1.500000 
1.500000 
0.000000 
0.000000 
0.000000 
0.000000 
3.041381 
3.041381 
2.061553 
2.061553 
1.500000 
1.500000 
0.000000 
0.000000 
1.500000 
1.500000 
3.041381 
3.041381 
2.061553 
2.061553 
1.500000 
1.500000 
0.000000 
0.000000 
2.915476 
2.915476 
3.041381 
3.041381 
2.061553 
2.061553 
1.500000 
1.500000 
0.000000 
0.000000 
0.000000 
0.000000 
2.915476 
2.915476 
3.041381 
3.041381 
2.061553 
2.061553 
1.500000 
1.500000 
0.000000 
0.000000 
2.692582 
2.692582 
2.915476 
2.915476 
3.041381 
3.041381 
2.061553 
2.061553 
1.500000 
1.500000 
0.000000 
0.000000 
1.000000 
1.000000 
2.915476 
2.915476 
3.041381 
3.041381 
2.061553 
2.061553 
1.500000 
1.500000 
0.000000 
0.000000 
0.000000 
0.000000 
2.915476 
2.915476 
3.041381 
3.041381 
2.061553 
2.061553 
1.500000 
1.500000 
0.000000 
0.000000 
2.061553 
2.061553 
2.915476 
2.915476 
3.041381 
3.041381 
2.061553 
2.061553 
1.500000 
1.500000 
0.000000 
0.000000 
1.500000 
1.500000 
2.915476 
2.915476 
3.041381 
3.041381 
2.061553 
2.061553 
1.500000 
1.500000 
0.000000 
0.000000 
0.707107 
0.707107 
2.915476 
2.915476 
3.041381 
3.041381 
2.061553 
2.061553 
1.500000 
1.500000 
0.000000 
0.000000 
1.000000 
1.000000 
2.915476 
2.915476 
3.041381 
3.041381 
2.061553 
2.061553 
1.500000 
1.500000 
3.000000 
3.000000 
2.915476 
2.915476 
3.041381 
3.041381 
2.061553 
2.061553 
1.500000 
1.500000 
0.707107 
0.707107 
2.915476 
2.915476 
3.041381 
3.041381 
2.061553 
2.061553 
1.118034 
1.118034 
2.915476 
2.915476 
3.041381 
3.041381 
2.061553 
2.061553 
0.707107 
0.707107 
2.915476 
2.915476 
0.000000 
0.000000 
2.915476 
2.915476 
0.000000 
0.000000 
0.000000 
0.000000 
2.915476 
2.915476 
0.707107 
0.707107 
0.000000 
0.000000 
0.500000 
0.500000 
0.000000 
0.000000 
1.581139 
1.581139 
0.000000 
0.000000 
4.527693 
4.527693 
0.000000 
0.000000 
1.500000 
1.500000 
0.000000 
0.000000 
1.414214 
1.414214 
0.000000 
0.000000 
0.707107 
0.707107 
0.000000 
0.000000 
0.000000 
0.000000 
0.707107 
0.707107 
0.000000 
0.000000 
2.061553 
2.061553 
0.500000 
0.500000 
0.000000 
0.000000 
0.000000 
0.000000 
5.500000 
5.500000 
0.707107 
0.707107 
0.000000 
0.000000 
0.500000 
0.500000 
2.061553 
2.061553 
1.000000 
1.000000 
0.000000 
0.000000 
1.500000 
1.500000 
2.061553 
2.061553 
0.500000 
0.500000 
0.000000 
0.000000 
0.707107 
0.707107 
2.236068 
2.236068 
0.500000 
0.500000 
0.000000 
0.000000 
0.500000 
0.500000 
1.500000 
1.500000 
1.118034 
1.118034 
0.500000 
0.500000 
5.000000 
5.000000 
0.707107 
0.707107 
0.500000 
0.500000 
0.500000 
0.500000 
1.118034 
1.118034 
0.500000 
0.500000 
0.707107 
0.707107 
0.500000 
0.500000 
