0.000000 
0.000000 
2.500000 
2.500000 
3.041381 
3.041381 
3.000000 
3.000000 
2.000000 
2.000000 
0.000000 
0.000000 
1.000000 
1.000000 
3.041381 
3.041381 
6.000000 
6.000000 
2.000000 
2.000000 
1.118034 
1.118034 
1.000000 
1.000000 
3.500000 
3.500000 
1.118034 
1.118034 
6.184658 
6.184658 
2.000000 
2.000000 
1.500000 
1.500000 
1.802776 
1.802776 
1.118034 
1.118034 
12.165525 
12.165525 
6.020797 
6.020797 
2.500000 
2.500000 
0.000000 
0.000000 
0.000000 
0.000000 
2.692582 
2.692582 
0.000000 
0.000000 
5.315073 
5.315073 
4.031129 
4.031129 
0.707107 
0.707107 
6.500000 
6.500000 
2.000000 
2.000000 
6.020797 
6.020797 
0.000000 
0.000000 
21.148286 
21.148286 
1.414214 
1.414214 
0.500000 
0.500000 
1.118034 
1.118034 
6.324555 
6.324555 
1.118034 
1.118034 
0.000000 
0.000000 
1.118034 
1.118034 
6.576473 
6.576473 
1.118034 
1.118034 
0.500000 
0.500000 
1.118034 
1.118034 
11.500000 
11.500000 
0.500000 
0.500000 
7.778175 
7.778175 
1.118034 
1.118034 
2.500000 
2.500000 
6.519202 
6.519202 
1.581139 
1.581139 
1.118034 
1.118034 
4.743416 
4.743416 
0.500000 
0.500000 
0.707107 
0.707107 
1.118034 
1.118034 
5.000000 
5.000000 
0.707107 
0.707107 
1.118034 
1.118034 
1.118034 
1.118034 
5.000000 
5.000000 
1.118034 
1.118034 
1.118034 
1.118034 
1.118034 
1.118034 
12.257651 
12.257651 
0.707107 
0.707107 
1.000000 
1.000000 
0.000000 
0.000000 
1.118034 
1.118034 
2.828427 
2.828427 
0.707107 
0.707107 
0.707107 
0.707107 
0.707107 
0.707107 
1.118034 
1.118034 
3.640055 
3.640055 
8.732125 
8.732125 
1.000000 
1.000000 
0.500000 
0.500000 
1.118034 
1.118034 
5.852350 
5.852350 
1.118034 
1.118034 
2.061553 
2.061553 
0.000000 
0.000000 
1.118034 
1.118034 
2.500000 
2.500000 
0.707107 
0.707107 
1.118034 
1.118034 
0.000000 
0.000000 
1.118034 
1.118034 
6.519202 
6.519202 
0.500000 
0.500000 
1.802776 
1.802776 
0.500000 
0.500000 
1.118034 
1.118034 
2.236068 
2.236068 
0.707107 
0.707107 
0.500000 
0.500000 
2.121320 
2.121320 
1.118034 
1.118034 
2.915476 
2.915476 
9.013878 
9.013878 
0.500000 
0.500000 
0.000000 
0.000000 
1.118034 
1.118034 
2.500000 
2.500000 
1.581139 
1.581139 
0.500000 
0.500000 
0.000000 
0.000000 
0.500000 
0.500000 
2.121320 
2.121320 
0.707107 
0.707107 
0.500000 
0.500000 
6.946222 
6.946222 
0.500000 
0.500000 
7.433034 
7.433034 
1.000000 
1.000000 
0.500000 
0.500000 
18.006943 
18.006943 
0.500000 
0.500000 
0.707107 
0.707107 
1.000000 
1.000000 
0.500000 
0.500000 
6.500000 
6.500000 
0.500000 
0.500000 
1.118034 
1.118034 
1.500000 
1.500000 
0.500000 
0.500000 
5.024938 
5.024938 
0.500000 
0.500000 
0.707107 
0.707107 
0.500000 
0.500000 
0.500000 
0.500000 
