0.000000 
0.000000 
0.000000 
0.000000 
0.000000 
0.000000 
10.049876 
10.049876 
2.549510 
2.549510 
5.700877 
5.700877 
6.800735 
6.800735 
1.118034 
1.118034 
2.121320 
2.121320 
3.041381 
3.041381 
2.236068 
2.236068 
3.354102 
3.354102 
7.071068 
7.071068 
1.414214 
1.414214 
2.915476 
2.915476 
6.020797 
6.020797 
1.500000 
1.500000 
0.500000 
0.500000 
0.707107 
0.707107 
6.500000 
6.500000 
7.648529 
7.648529 
0.000000 
0.000000 
2.061553 
2.061553 
1.581139 
1.581139 
1.118034 
1.118034 
1.581139 
1.581139 
1.500000 
1.500000 
0.500000 
0.500000 
2.061553 
2.061553 
1.414214 
1.414214 
0.500000 
0.500000 
3.354102 
3.354102 
1.118034 
1.118034 
0.000000 
0.000000 
0.707107 
0.707107 
3.201562 
3.201562 
0.707107 
0.707107 
1.000000 
1.000000 
2.692582 
2.692582 
7.106335 
7.106335 
0.500000 
0.500000 
2.061553 
2.061553 
7.106335 
7.106335 
1.802776 
1.802776 
1.581139 
1.581139 
7.106335 
7.106335 
1.414214 
1.414214 
1.500000 
1.500000 
0.000000 
0.000000 
7.106335 
7.106335 
1.118034 
1.118034 
1.500000 
1.500000 
2.692582 
2.692582 
7.106335 
7.106335 
1.118034 
1.118034 
1.118034 
1.118034 
2.692582 
2.692582 
7.106335 
7.106335 
3.041381 
3.041381 
0.707107 
0.707107 
2.692582 
2.692582 
7.106335 
7.106335 
3.041381 
3.041381 
2.692582 
2.692582 
2.692582 
2.692582 
7.106335 
7.106335 
2.915476 
2.915476 
1.414214 
1.414214 
2.692582 
2.692582 
11.597414 
11.597414 
2.915476 
2.915476 
1.118034 
1.118034 
0.000000 
0.000000 
2.692582 
2.692582 
2.915476 
2.915476 
2.915476 
2.915476 
0.500000 
0.500000 
2.500000 
2.500000 
2.692582 
2.692582 
2.915476 
2.915476 
2.915476 
2.915476 
0.000000 
0.000000 
4.123106 
4.123106 
2.692582 
2.692582 
3.640055 
3.640055 
2.915476 
2.915476 
0.500000 
0.500000 
3.605551 
3.605551 
2.692582 
2.692582 
2.061553 
2.061553 
2.915476 
2.915476 
6.964194 
6.964194 
11.510864 
11.510864 
2.692582 
2.692582 
2.692582 
2.692582 
2.915476 
2.915476 
6.184658 
6.184658 
4.472136 
4.472136 
2.692582 
2.692582 
1.118034 
1.118034 
2.915476 
2.915476 
6.184658 
6.184658 
5.024938 
5.024938 
2.692582 
2.692582 
1.118034 
1.118034 
2.915476 
2.915476 
6.184658 
6.184658 
3.807887 
3.807887 
2.692582 
2.692582 
14.221463 
14.221463 
2.915476 
2.915476 
6.184658 
6.184658 
4.272002 
4.272002 
2.692582 
2.692582 
2.549510 
2.549510 
2.915476 
2.915476 
6.184658 
6.184658 
8.514693 
8.514693 
2.692582 
2.692582 
2.236068 
2.236068 
2.915476 
2.915476 
6.184658 
6.184658 
3.041381 
3.041381 
1.581139 
1.581139 
2.915476 
2.915476 
6.184658 
6.184658 
2.236068 
2.236068 
2.500000 
2.500000 
2.915476 
2.915476 
6.184658 
6.184658 
8.062258 
8.062258 
2.500000 
2.500000 
2.915476 
2.915476 
6.184658 
6.184658 
2.692582 
2.692582 
3.354102 
3.354102 
6.184658 
6.184658 
0.000000 
0.000000 
6.800735 
6.800735 
3.354102 
3.354102 
6.184658 
6.184658 
1.581139 
1.581139 
2.500000 
2.500000 
3.354102 
3.354102 
6.184658 
6.184658 
1.581139 
1.581139 
7.762087 
7.762087 
14.142136 
14.142136 
6.184658 
6.184658 
