0.000000 
0.000000 
0.000000 
0.000000 
0.000000 
0.000000 
2.061553 
2.061553 
0.707107 
0.707107 
0.707107 
0.707107 
1.118034 
1.118034 
0.707107 
0.707107 
1.581139 
1.581139 
1.118034 
1.118034 
0.707107 
0.707107 
4.242641 
4.242641 
1.118034 
1.118034 
0.707107 
0.707107 
0.000000 
0.000000 
1.118034 
1.118034 
0.707107 
0.707107 
1.000000 
1.000000 
0.000000 
0.000000 
1.118034 
1.118034 
0.707107 
0.707107 
1.414214 
1.414214 
6.184658 
6.184658 
1.118034 
1.118034 
0.707107 
0.707107 
0.500000 
0.500000 
11.926860 
11.926860 
1.118034 
1.118034 
0.707107 
0.707107 
13.509256 
13.509256 
0.707107 
0.707107 
1.118034 
1.118034 
0.707107 
0.707107 
2.000000 
2.000000 
9.708244 
9.708244 
1.118034 
1.118034 
0.707107 
0.707107 
0.500000 
0.500000 
0.000000 
0.000000 
9.708244 
9.708244 
1.118034 
1.118034 
0.707107 
0.707107 
2.500000 
2.500000 
0.000000 
0.000000 
9.708244 
9.708244 
1.118034 
1.118034 
0.707107 
0.707107 
2.500000 
2.500000 
0.000000 
0.000000 
0.000000 
0.000000 
8.321658 
8.321658 
9.708244 
9.708244 
1.118034 
1.118034 
0.707107 
0.707107 
1.802776 
1.802776 
14.008926 
14.008926 
1.581139 
1.581139 
1.118034 
1.118034 
9.708244 
9.708244 
1.118034 
1.118034 
0.707107 
0.707107 
0.500000 
0.500000 
2.000000 
2.000000 
2.236068 
2.236068 
1.118034 
1.118034 
9.708244 
9.708244 
1.118034 
1.118034 
0.707107 
0.707107 
2.549510 
2.549510 
2.692582 
2.692582 
2.236068 
2.236068 
1.118034 
1.118034 
9.708244 
9.708244 
1.118034 
1.118034 
2.549510 
2.549510 
9.055385 
9.055385 
2.236068 
2.236068 
1.118034 
1.118034 
9.708244 
9.708244 
1.118034 
1.118034 
1.581139 
1.581139 
1.000000 
1.000000 
2.236068 
2.236068 
1.118034 
1.118034 
9.708244 
9.708244 
0.500000 
0.500000 
1.802776 
1.802776 
2.236068 
2.236068 
1.118034 
1.118034 
9.708244 
9.708244 
1.000000 
1.000000 
1.802776 
1.802776 
2.236068 
2.236068 
1.118034 
1.118034 
9.708244 
9.708244 
0.500000 
0.500000 
0.000000 
0.000000 
1.802776 
1.802776 
2.236068 
2.236068 
1.118034 
1.118034 
9.708244 
9.708244 
0.500000 
0.500000 
3.807887 
3.807887 
1.802776 
1.802776 
2.236068 
2.236068 
1.118034 
1.118034 
9.708244 
9.708244 
0.000000 
0.000000 
3.807887 
3.807887 
1.802776 
1.802776 
2.236068 
2.236068 
1.118034 
1.118034 
9.708244 
9.708244 
1.000000 
1.000000 
3.807887 
3.807887 
1.802776 
1.802776 
2.236068 
2.236068 
1.118034 
1.118034 
9.708244 
9.708244 
0.707107 
0.707107 
0.000000 
0.000000 
0.000000 
0.000000 
3.807887 
3.807887 
1.802776 
1.802776 
2.236068 
2.236068 
1.118034 
1.118034 
0.500000 
0.500000 
0.707107 
0.707107 
1.500000 
1.500000 
3.807887 
3.807887 
1.802776 
1.802776 
2.236068 
2.236068 
1.118034 
1.118034 
0.500000 
0.500000 
1.581139 
1.581139 
0.500000 
0.500000 
3.807887 
3.807887 
1.802776 
1.802776 
2.236068 
2.236068 
1.118034 
1.118034 
8.139410 
8.139410 
1.118034 
1.118034 
4.527693 
4.527693 
3.807887 
3.807887 
1.802776 
1.802776 
2.236068 
2.236068 
1.118034 
1.118034 
6.184658 
6.184658 
12.206556 
12.206556 
4.527693 
4.527693 
3.807887 
3.807887 
1.802776 
1.802776 
2.236068 
2.236068 
1.581139 
1.581139 
1.118034 
1.118034 
4.527693 
4.527693 
3.807887 
3.807887 
1.802776 
1.802776 
2.500000 
2.500000 
3.640055 
3.640055 
4.527693 
4.527693 
3.807887 
3.807887 
1.802776 
1.802776 
1.802776 
1.802776 
0.500000 
0.500000 
4.527693 
4.527693 
3.807887 
3.807887 
1.802776 
1.802776 
2.000000 
2.000000 
0.500000 
0.500000 
4.527693 
4.527693 
3.807887 
3.807887 
1.802776 
1.802776 
2.061553 
2.061553 
0.000000 
0.000000 
9.708244 
9.708244 
4.527693 
4.527693 
3.807887 
3.807887 
2.236068 
2.236068 
0.000000 
0.000000 
12.165525 
12.165525 
4.527693 
4.527693 
3.807887 
3.807887 
2.549510 
2.549510 
0.000000 
0.000000 
11.768602 
11.768602 
4.527693 
4.527693 
3.807887 
3.807887 
1.581139 
1.581139 
0.000000 
0.000000 
13.009612 
13.009612 
4.527693 
4.527693 
0.707107 
0.707107 
0.000000 
0.000000 
2.121320 
2.121320 
4.527693 
4.527693 
17.182840 
17.182840 
