0.000000 
0.000000 
0.000000 
0.000000 
0.000000 
0.000000 
0.000000 
0.000000 
0.000000 
0.000000 
3.162278 
3.162278 
0.500000 
0.500000 
2.236068 
2.236068 
0.000000 
0.000000 
3.807887 
3.807887 
0.500000 
0.500000 
2.549510 
2.549510 
0.000000 
0.000000 
2.236068 
2.236068 
0.707107 
0.707107 
5.522681 
5.522681 
0.000000 
0.000000 
2.236068 
2.236068 
0.500000 
0.500000 
1.802776 
1.802776 
0.000000 
0.000000 
0.000000 
0.000000 
0.000000 
0.000000 
2.236068 
2.236068 
1.414214 
1.414214 
2.500000 
2.500000 
1.000000 
1.000000 
2.000000 
2.000000 
0.000000 
0.000000 
2.236068 
2.236068 
2.549510 
2.549510 
3.162278 
3.162278 
1.000000 
1.000000 
2.000000 
2.000000 
0.000000 
0.000000 
2.236068 
2.236068 
2.549510 
2.549510 
2.500000 
2.500000 
1.000000 
1.000000 
0.707107 
0.707107 
0.000000 
0.000000 
2.236068 
2.236068 
3.041381 
3.041381 
7.000000 
7.000000 
0.707107 
0.707107 
1.414214 
1.414214 
0.000000 
0.000000 
2.236068 
2.236068 
3.041381 
3.041381 
2.500000 
2.500000 
0.707107 
0.707107 
0.500000 
0.500000 
0.000000 
0.000000 
2.236068 
2.236068 
3.041381 
3.041381 
4.272002 
4.272002 
0.707107 
0.707107 
1.500000 
1.500000 
0.000000 
0.000000 
2.236068 
2.236068 
3.041381 
3.041381 
2.000000 
2.000000 
0.500000 
0.500000 
1.500000 
1.500000 
0.000000 
0.000000 
2.236068 
2.236068 
3.041381 
3.041381 
1.802776 
1.802776 
0.000000 
0.000000 
0.500000 
0.500000 
1.500000 
1.500000 
0.000000 
0.000000 
2.236068 
2.236068 
3.041381 
3.041381 
1.118034 
1.118034 
1.118034 
1.118034 
0.500000 
0.500000 
1.500000 
1.500000 
0.000000 
0.000000 
2.236068 
2.236068 
3.041381 
3.041381 
1.581139 
1.581139 
1.118034 
1.118034 
0.500000 
0.500000 
1.500000 
1.500000 
2.236068 
2.236068 
3.041381 
3.041381 
1.581139 
1.581139 
0.000000 
0.000000 
1.118034 
1.118034 
0.500000 
0.500000 
1.500000 
1.500000 
2.236068 
2.236068 
3.041381 
3.041381 
1.500000 
1.500000 
1.118034 
1.118034 
1.118034 
1.118034 
0.500000 
0.500000 
1.500000 
1.500000 
2.236068 
2.236068 
3.041381 
3.041381 
1.581139 
1.581139 
0.500000 
0.500000 
1.118034 
1.118034 
0.500000 
0.500000 
1.500000 
1.500000 
3.041381 
3.041381 
1.000000 
1.000000 
1.000000 
1.000000 
1.118034 
1.118034 
0.500000 
0.500000 
1.500000 
1.500000 
3.041381 
3.041381 
4.031129 
4.031129 
1.118034 
1.118034 
1.118034 
1.118034 
0.500000 
0.500000 
1.500000 
1.500000 
3.041381 
3.041381 
1.414214 
1.414214 
0.000000 
0.000000 
1.118034 
1.118034 
1.118034 
1.118034 
0.500000 
0.500000 
1.500000 
1.500000 
3.041381 
3.041381 
2.500000 
2.500000 
2.061553 
2.061553 
1.118034 
1.118034 
1.118034 
1.118034 
0.500000 
0.500000 
1.500000 
1.500000 
3.041381 
3.041381 
1.118034 
1.118034 
1.581139 
1.581139 
1.118034 
1.118034 
1.118034 
1.118034 
0.500000 
0.500000 
1.500000 
1.500000 
1.802776 
1.802776 
1.000000 
1.000000 
1.118034 
1.118034 
1.118034 
1.118034 
0.500000 
0.500000 
1.500000 
1.500000 
2.500000 
2.500000 
1.000000 
1.000000 
1.118034 
1.118034 
1.118034 
1.118034 
0.500000 
0.500000 
1.500000 
1.500000 
2.236068 
2.236068 
1.000000 
1.000000 
1.118034 
1.118034 
1.118034 
1.118034 
0.500000 
0.500000 
1.118034 
1.118034 
1.000000 
1.000000 
1.118034 
1.118034 
1.118034 
1.118034 
1.581139 
1.581139 
1.000000 
1.000000 
1.118034 
1.118034 
1.118034 
1.118034 
0.000000 
0.000000 
0.000000 
0.000000 
1.000000 
1.000000 
1.118034 
1.118034 
3.162278 
3.162278 
0.000000 
0.000000 
1.500000 
1.500000 
1.000000 
1.000000 
1.118034 
1.118034 
0.500000 
0.500000 
0.000000 
0.000000 
1.500000 
1.500000 
1.000000 
1.000000 
1.118034 
1.118034 
2.000000 
2.000000 
0.000000 
0.000000 
1.500000 
1.500000 
1.000000 
1.000000 
1.118034 
1.118034 
1.118034 
1.118034 
0.000000 
0.000000 
1.500000 
1.500000 
1.000000 
1.000000 
1.118034 
1.118034 
1.000000 
1.000000 
0.000000 
0.000000 
1.500000 
1.500000 
1.000000 
1.000000 
1.118034 
1.118034 
1.000000 
1.000000 
0.000000 
0.000000 
1.500000 
1.500000 
1.000000 
1.000000 
1.118034 
1.118034 
0.000000 
0.000000 
1.500000 
1.500000 
1.000000 
1.000000 
3.162278 
3.162278 
0.000000 
0.000000 
1.500000 
1.500000 
1.000000 
1.000000 
2.915476 
2.915476 
0.000000 
0.000000 
0.000000 
0.000000 
1.500000 
1.500000 
1.000000 
1.000000 
2.915476 
2.915476 
