0.000000 
0.000000 
0.000000 
0.000000 
0.000000 
0.000000 
0.000000 
0.000000 
0.000000 
0.000000 
0.000000 
0.000000 
0.000000 
0.000000 
0.000000 
0.000000 
0.000000 
0.000000 
0.707107 
0.707107 
0.000000 
0.000000 
2.121320 
2.121320 
3.535534 
3.535534 
1.000000 
1.000000 
5.000000 
5.000000 
3.354102 
3.354102 
0.500000 
0.500000 
1.118034 
1.118034 
0.500000 
0.500000 
0.000000 
0.000000 
1.118034 
1.118034 
2.061553 
2.061553 
1.000000 
1.000000 
2.061553 
2.061553 
1.000000 
1.000000 
6.576473 
6.576473 
0.707107 
0.707107 
0.500000 
0.500000 
0.000000 
0.000000 
6.184658 
6.184658 
7.000000 
7.000000 
1.000000 
1.000000 
3.640055 
3.640055 
6.800735 
6.800735 
1.000000 
1.000000 
1.000000 
1.000000 
0.500000 
0.500000 
0.000000 
0.000000 
0.707107 
0.707107 
3.535534 
3.535534 
0.000000 
0.000000 
2.061553 
2.061553 
1.414214 
1.414214 
1.118034 
1.118034 
0.500000 
0.500000 
0.500000 
0.500000 
0.000000 
0.000000 
1.500000 
1.500000 
3.041381 
3.041381 
0.000000 
0.000000 
1.500000 
1.500000 
2.061553 
2.061553 
1.000000 
1.000000 
1.000000 
1.000000 
0.500000 
0.500000 
0.000000 
0.000000 
2.000000 
2.000000 
5.522681 
5.522681 
0.000000 
0.000000 
4.031129 
4.031129 
2.500000 
2.500000 
1.802776 
1.802776 
1.118034 
1.118034 
0.500000 
0.500000 
0.000000 
0.000000 
2.549510 
2.549510 
2.500000 
2.500000 
0.500000 
0.500000 
1.802776 
1.802776 
1.581139 
1.581139 
1.414214 
1.414214 
1.118034 
1.118034 
0.000000 
0.000000 
0.500000 
0.500000 
0.000000 
0.000000 
1.118034 
1.118034 
2.549510 
2.549510 
0.500000 
0.500000 
2.549510 
2.549510 
1.581139 
1.581139 
1.118034 
1.118034 
1.118034 
1.118034 
5.000000 
5.000000 
0.500000 
0.500000 
0.000000 
0.000000 
5.220153 
5.220153 
2.500000 
2.500000 
0.000000 
0.000000 
3.000000 
3.000000 
1.581139 
1.581139 
7.516648 
7.516648 
4.500000 
4.500000 
4.123106 
4.123106 
0.500000 
0.500000 
0.000000 
0.000000 
0.707107 
0.707107 
6.576473 
6.576473 
1.000000 
1.000000 
2.000000 
2.000000 
1.581139 
1.581139 
0.500000 
0.500000 
0.707107 
0.707107 
0.000000 
0.000000 
0.707107 
0.707107 
0.500000 
0.500000 
0.000000 
0.000000 
1.118034 
1.118034 
1.581139 
1.581139 
0.500000 
0.500000 
1.581139 
1.581139 
1.581139 
1.581139 
0.500000 
0.500000 
1.118034 
1.118034 
1.118034 
1.118034 
1.118034 
1.118034 
0.500000 
0.500000 
0.000000 
0.000000 
2.061553 
2.061553 
1.500000 
1.500000 
0.500000 
0.500000 
0.707107 
0.707107 
1.581139 
1.581139 
0.000000 
0.000000 
1.000000 
1.000000 
0.500000 
0.500000 
0.500000 
0.500000 
0.500000 
0.500000 
0.000000 
0.000000 
2.061553 
2.061553 
2.236068 
2.236068 
0.500000 
0.500000 
0.000000 
0.000000 
1.581139 
1.581139 
0.000000 
0.000000 
3.605551 
3.605551 
0.500000 
0.500000 
1.802776 
1.802776 
0.500000 
0.500000 
0.000000 
0.000000 
2.000000 
2.000000 
2.061553 
2.061553 
0.500000 
0.500000 
8.514693 
8.514693 
1.581139 
1.581139 
1.118034 
1.118034 
2.061553 
2.061553 
0.500000 
0.500000 
1.000000 
1.000000 
0.500000 
0.500000 
0.000000 
0.000000 
1.500000 
1.500000 
1.581139 
1.581139 
0.500000 
0.500000 
2.000000 
2.000000 
1.581139 
1.581139 
0.500000 
0.500000 
2.061553 
2.061553 
0.500000 
0.500000 
1.414214 
1.414214 
0.500000 
0.500000 
5.500000 
5.500000 
1.414214 
1.414214 
0.500000 
0.500000 
1.581139 
1.581139 
1.581139 
1.581139 
0.500000 
0.500000 
6.082763 
6.082763 
0.500000 
0.500000 
0.500000 
0.500000 
0.000000 
0.000000 
1.118034 
1.118034 
0.500000 
0.500000 
1.500000 
1.500000 
1.581139 
1.581139 
1.118034 
1.118034 
1.118034 
1.118034 
0.500000 
0.500000 
0.707107 
0.707107 
0.707107 
0.707107 
3.000000 
3.000000 
0.500000 
0.500000 
4.031129 
4.031129 
1.581139 
1.581139 
0.500000 
0.500000 
2.692582 
2.692582 
0.500000 
0.500000 
0.500000 
0.500000 
1.118034 
1.118034 
7.071068 
7.071068 
0.500000 
0.500000 
1.414214 
1.414214 
1.581139 
1.581139 
0.707107 
0.707107 
1.802776 
1.802776 
5.147815 
5.147815 
0.500000 
0.500000 
1.118034 
1.118034 
1.000000 
1.000000 
0.500000 
0.500000 
1.414214 
1.414214 
1.581139 
1.581139 
1.500000 
1.500000 
2.236068 
2.236068 
1.118034 
1.118034 
0.500000 
0.500000 
1.000000 
1.000000 
1.000000 
1.000000 
0.500000 
0.500000 
1.414214 
1.414214 
1.581139 
1.581139 
1.500000 
1.500000 
1.802776 
1.802776 
0.000000 
0.000000 
0.500000 
0.500000 
0.500000 
0.500000 
1.000000 
1.000000 
0.500000 
0.500000 
1.414214 
1.414214 
1.581139 
1.581139 
6.576473 
6.576473 
0.500000 
0.500000 
0.500000 
0.500000 
0.707107 
0.707107 
1.000000 
1.000000 
0.500000 
0.500000 
1.414214 
1.414214 
4.500000 
4.500000 
1.118034 
1.118034 
0.000000 
0.000000 
0.707107 
0.707107 
0.500000 
0.500000 
0.500000 
0.500000 
1.000000 
1.000000 
0.500000 
0.500000 
1.414214 
1.414214 
1.581139 
1.581139 
2.549510 
2.549510 
0.707107 
0.707107 
0.707107 
0.707107 
0.500000 
0.500000 
1.000000 
1.000000 
1.000000 
1.000000 
0.500000 
0.500000 
1.414214 
1.414214 
2.061553 
2.061553 
1.118034 
1.118034 
0.500000 
0.500000 
0.500000 
0.500000 
0.500000 
0.500000 
1.000000 
1.000000 
1.000000 
1.000000 
0.500000 
0.500000 
1.414214 
1.414214 
1.802776 
1.802776 
1.000000 
1.000000 
0.707107 
0.707107 
0.500000 
0.500000 
0.500000 
0.500000 
0.500000 
0.500000 
1.000000 
1.000000 
0.500000 
0.500000 
1.414214 
1.414214 
0.500000 
0.500000 
1.581139 
1.581139 
0.000000 
0.000000 
0.707107 
0.707107 
0.500000 
0.500000 
0.500000 
0.500000 
0.500000 
0.500000 
1.000000 
1.000000 
1.414214 
1.414214 
10.062306 
10.062306 
7.071068 
7.071068 
2.121320 
2.121320 
0.707107 
0.707107 
0.000000 
0.000000 
0.500000 
0.500000 
0.707107 
0.707107 
1.000000 
1.000000 
1.414214 
1.414214 
0.707107 
0.707107 
1.000000 
1.000000 
0.000000 
0.000000 
2.549510 
2.549510 
1.000000 
1.000000 
0.000000 
0.000000 
0.500000 
0.500000 
0.000000 
0.000000 
1.000000 
1.000000 
1.414214 
1.414214 
0.707107 
0.707107 
0.500000 
0.500000 
0.707107 
0.707107 
4.527693 
4.527693 
1.500000 
1.500000 
0.000000 
0.000000 
0.500000 
0.500000 
1.000000 
1.000000 
1.000000 
1.000000 
1.414214 
1.414214 
1.581139 
1.581139 
0.000000 
0.000000 
1.000000 
1.000000 
0.707107 
0.707107 
1.581139 
1.581139 
0.000000 
0.000000 
0.500000 
0.500000 
1.118034 
1.118034 
1.000000 
1.000000 
1.414214 
1.414214 
0.500000 
0.500000 
0.000000 
0.000000 
2.000000 
2.000000 
1.118034 
1.118034 
1.118034 
1.118034 
0.000000 
0.000000 
0.500000 
0.500000 
1.500000 
1.500000 
1.000000 
1.000000 
1.414214 
1.414214 
1.000000 
1.000000 
0.500000 
0.500000 
2.692582 
2.692582 
1.500000 
1.500000 
7.017834 
7.017834 
0.000000 
0.000000 
1.414214 
1.414214 
1.000000 
1.000000 
1.500000 
1.500000 
0.500000 
0.500000 
0.500000 
0.500000 
1.802776 
1.802776 
4.031129 
4.031129 
0.000000 
0.000000 
1.500000 
1.500000 
4.031129 
4.031129 
0.000000 
0.000000 
6.500000 
6.500000 
1.118034 
1.118034 
2.061553 
2.061553 
0.000000 
0.000000 
5.000000 
5.000000 
0.707107 
0.707107 
3.041381 
3.041381 
1.500000 
1.500000 
1.500000 
1.500000 
2.061553 
2.061553 
0.000000 
0.000000 
0.707107 
0.707107 
2.500000 
2.500000 
1.118034 
1.118034 
2.000000 
2.000000 
0.500000 
0.500000 
2.061553 
2.061553 
0.000000 
0.000000 
0.707107 
0.707107 
2.500000 
2.500000 
1.118034 
1.118034 
