0.000000 
0.000000 
0.000000 
0.000000 
0.000000 
0.000000 
0.000000 
0.000000 
0.000000 
0.000000 
1.118034 
1.118034 
1.118034 
1.118034 
0.000000 
0.000000 
0.500000 
0.500000 
1.414214 
1.414214 
0.000000 
0.000000 
1.000000 
1.000000 
2.236068 
2.236068 
1.118034 
1.118034 
0.707107 
0.707107 
1.414214 
1.414214 
0.000000 
0.000000 
1.414214 
1.414214 
0.500000 
0.500000 
1.000000 
1.000000 
2.692582 
2.692582 
0.707107 
0.707107 
3.041381 
3.041381 
0.707107 
0.707107 
3.605551 
3.605551 
0.500000 
0.500000 
1.414214 
1.414214 
0.707107 
0.707107 
0.500000 
0.500000 
2.549510 
2.549510 
1.118034 
1.118034 
3.041381 
3.041381 
0.500000 
0.500000 
1.414214 
1.414214 
1.118034 
1.118034 
2.236068 
2.236068 
1.581139 
1.581139 
0.000000 
0.000000 
2.500000 
2.500000 
2.236068 
2.236068 
4.609772 
4.609772 
1.414214 
1.414214 
1.118034 
1.118034 
2.121320 
2.121320 
1.118034 
1.118034 
1.802776 
1.802776 
1.802776 
1.802776 
1.414214 
1.414214 
1.581139 
1.581139 
1.414214 
1.414214 
2.549510 
2.549510 
2.236068 
2.236068 
5.024938 
5.024938 
1.802776 
1.802776 
1.581139 
1.581139 
1.414214 
1.414214 
1.581139 
1.581139 
1.414214 
1.414214 
4.242641 
4.242641 
0.707107 
0.707107 
1.581139 
1.581139 
1.802776 
1.802776 
1.000000 
1.000000 
1.414214 
1.414214 
0.707107 
0.707107 
1.414214 
1.414214 
1.500000 
1.500000 
5.024938 
5.024938 
2.236068 
2.236068 
1.802776 
1.802776 
4.123106 
4.123106 
1.414214 
1.414214 
0.707107 
0.707107 
1.414214 
1.414214 
1.500000 
1.500000 
2.061553 
2.061553 
3.535534 
3.535534 
0.000000 
0.000000 
1.802776 
1.802776 
4.123106 
4.123106 
1.414214 
1.414214 
0.707107 
0.707107 
1.414214 
1.414214 
1.500000 
1.500000 
2.061553 
2.061553 
3.162278 
3.162278 
2.549510 
2.549510 
1.802776 
1.802776 
4.123106 
4.123106 
1.414214 
1.414214 
0.707107 
0.707107 
1.414214 
1.414214 
1.500000 
1.500000 
2.061553 
2.061553 
1.118034 
1.118034 
2.549510 
2.549510 
1.802776 
1.802776 
4.123106 
4.123106 
1.414214 
1.414214 
0.707107 
0.707107 
1.414214 
1.414214 
1.500000 
1.500000 
2.061553 
2.061553 
1.118034 
1.118034 
0.000000 
0.000000 
2.549510 
2.549510 
1.802776 
1.802776 
4.123106 
4.123106 
1.414214 
1.414214 
0.707107 
0.707107 
1.414214 
1.414214 
1.500000 
1.500000 
2.061553 
2.061553 
4.123106 
4.123106 
0.000000 
0.000000 
0.500000 
0.500000 
2.549510 
2.549510 
1.802776 
1.802776 
4.123106 
4.123106 
1.414214 
1.414214 
0.707107 
0.707107 
1.414214 
1.414214 
1.500000 
1.500000 
2.061553 
2.061553 
1.118034 
1.118034 
3.041381 
3.041381 
0.500000 
0.500000 
2.549510 
2.549510 
1.802776 
1.802776 
4.123106 
4.123106 
1.414214 
1.414214 
0.707107 
0.707107 
1.414214 
1.414214 
1.500000 
1.500000 
2.061553 
2.061553 
2.549510 
2.549510 
3.041381 
3.041381 
2.061553 
2.061553 
2.549510 
2.549510 
1.802776 
1.802776 
4.123106 
4.123106 
1.414214 
1.414214 
0.707107 
0.707107 
1.414214 
1.414214 
1.500000 
1.500000 
2.061553 
2.061553 
2.121320 
2.121320 
3.041381 
3.041381 
2.061553 
2.061553 
2.549510 
2.549510 
1.802776 
1.802776 
4.123106 
4.123106 
1.414214 
1.414214 
0.707107 
0.707107 
1.414214 
1.414214 
1.500000 
1.500000 
2.061553 
2.061553 
2.500000 
2.500000 
3.041381 
3.041381 
2.061553 
2.061553 
2.549510 
2.549510 
1.802776 
1.802776 
4.123106 
4.123106 
1.414214 
1.414214 
0.707107 
0.707107 
1.500000 
1.500000 
2.061553 
2.061553 
1.802776 
1.802776 
3.041381 
3.041381 
2.061553 
2.061553 
2.549510 
2.549510 
1.802776 
1.802776 
4.123106 
4.123106 
1.414214 
1.414214 
0.707107 
0.707107 
1.500000 
1.500000 
2.061553 
2.061553 
5.099020 
5.099020 
3.041381 
3.041381 
2.061553 
2.061553 
2.549510 
2.549510 
1.802776 
1.802776 
4.123106 
4.123106 
1.414214 
1.414214 
0.707107 
0.707107 
1.500000 
1.500000 
2.061553 
2.061553 
1.414214 
1.414214 
3.041381 
3.041381 
2.061553 
2.061553 
2.549510 
2.549510 
4.123106 
4.123106 
0.707107 
0.707107 
1.500000 
1.500000 
2.061553 
2.061553 
2.500000 
2.500000 
3.041381 
3.041381 
2.061553 
2.061553 
2.549510 
2.549510 
4.123106 
4.123106 
0.707107 
0.707107 
1.500000 
1.500000 
2.061553 
2.061553 
4.472136 
4.472136 
3.041381 
3.041381 
2.061553 
2.061553 
2.549510 
2.549510 
4.123106 
4.123106 
2.061553 
2.061553 
1.581139 
1.581139 
3.041381 
3.041381 
2.061553 
2.061553 
2.549510 
2.549510 
2.236068 
2.236068 
3.041381 
3.041381 
2.061553 
2.061553 
2.549510 
2.549510 
2.236068 
2.236068 
3.041381 
3.041381 
2.061553 
2.061553 
2.236068 
2.236068 
3.041381 
3.041381 
2.061553 
2.061553 
2.236068 
2.236068 
0.000000 
0.000000 
3.041381 
3.041381 
2.061553 
2.061553 
2.236068 
2.236068 
2.549510 
2.549510 
3.041381 
3.041381 
2.061553 
2.061553 
2.236068 
2.236068 
2.500000 
2.500000 
2.061553 
2.061553 
2.236068 
2.236068 
2.500000 
2.500000 
2.236068 
2.236068 
2.500000 
2.500000 
2.236068 
2.236068 
2.500000 
2.500000 
2.236068 
2.236068 
2.500000 
2.500000 
2.236068 
2.236068 
2.500000 
2.500000 
2.236068 
2.236068 
2.500000 
2.500000 
2.236068 
2.236068 
2.500000 
2.500000 
2.236068 
2.236068 
